2017-09-01	0.000305	0.004878	0.005732	-0.002256	0.050003	16552800.000000
2016-09-01	0.005938000000000001	0.018022999999999997	0.024353	0.013036	0.619095	26701500.0
2016-08-31	0.0009429999999999999	0.014375	0.023112	0.014183000000000001	0.09826599999999999	29662400.0
2016-08-30	-0.007677	0.007922	0.014591	0.005064	-0.805793	24863900.0
2016-08-29	-0.0011220000000000002	0.014594	0.022397	0.011454	-0.11792000000000001	24970300.0
2016-08-26	-0.005857	0.016125999999999998	0.021234	0.00572	-0.61908	27766300.0
2016-08-25	-0.004258	0.011611	0.016225999999999997	0.004922999999999999	-0.45202600000000004	25086200.0
2016-08-24	-0.007533	0.015022	0.016705	0.006701	-0.805779	23675100.0
2016-08-23	0.003133	0.01839	0.025236	0.017827000000000003	0.334099	21257700.0
2016-08-22	-0.007772	0.012987	0.01522	0.003588	-0.835266	25820200.0
2016-08-19	0.0025670000000000003	0.014747	0.02333	0.010922	0.27513899999999997	25368100.0
2016-08-18	-0.001282	0.017733000000000002	0.02118	0.015776	-0.137573	21984700.0
2016-08-17	-0.001463	0.015034	0.017547	0.007964	-0.157212	25356000.0
2016-08-16	-0.0009130000000000001	0.019034	0.024611	0.015130000000000001	-0.098274	33794400.0
2016-08-15	0.012017	0.017263	0.030432999999999998	0.016699000000000002	1.277466	25868200.0
2016-08-12	0.002316	0.016225	0.022448	0.016225	0.245666	18660400.0
2016-08-11	-0.000648	0.022539	0.026402	0.016225999999999997	-0.068786	27484500.0
2016-08-10	-0.007444	0.016704	0.018481	0.007819	-0.79596	24008500.0
2016-08-09	0.00406	0.016325	0.022992	0.014259	0.43237299999999995	26315200.0
2016-08-08	0.008281	0.018018	0.026066000000000002	0.01461	0.8745809999999999	28037200.0
2016-08-05	0.015207	0.021484	0.034749	0.020619	1.582077	40553400.0
2016-08-04	0.006178	0.021121	0.025183	0.01822	0.63874	27408700.0
2016-08-03	0.012537999999999999	0.026383999999999998	0.036469999999999995	0.025992	1.2803579999999999	30202600.0
2016-08-02	-0.014804	0.023152000000000002	0.023344999999999998	0.0033740000000000003	-1.53447	33816600.0
2016-08-01	0.017657	0.025116	0.0422	0.025116	1.7983630000000002	38167900.0
2016-07-29	-0.0012460000000000001	0.021681	0.025212000000000002	0.01668	-0.127053	27733700.0
2016-07-28	0.013502000000000002	0.02196	0.038060000000000004	0.02186	1.358536	39869800.0
2016-07-27	0.06496299999999999	0.10359000000000002	0.10443699999999999	0.087503	6.137894	92344800.0
2016-07-26	-0.006883	0.017687	0.029774000000000002	0.013482	-0.654831	56239800.0
2016-07-25	-0.013378999999999999	0.0189	0.025019	0.005108	-1.290138	40382900.0
2016-07-22	-0.007744	0.021403	0.021814	0.011627	-0.752579	28313700.0
2016-07-21	-0.005302	0.021822	0.033797	0.014657	-0.518005	32702000.0
2016-07-20	0.000901	0.024484	0.029197000000000004	0.02182	0.08796699999999999	26276000.0
2016-07-19	0.000401	0.020385	0.024895	0.01813	0.039093	23779900.0
2016-07-18	0.01063	0.022324	0.037135	0.021287999999999998	1.026237	36493900.0
2016-07-15	-0.000101	0.024498	0.028433999999999997	0.020149	-0.009781	30137000.0
2016-07-14	0.019819999999999997	0.028644	0.045544	0.027905000000000003	1.876557	38919000.0
2016-07-13	-0.005646	0.023047	0.025778	0.017061	-0.5375449999999999	25892200.0
2016-07-12	0.004536999999999999	0.025157	0.030748	0.024628999999999998	0.430046	24167500.0
2016-07-11	0.0031030000000000003	0.023893	0.033418	0.023681	0.293206	23794900.0
2016-07-08	0.007712999999999999	0.029018000000000002	0.033283	0.024325	0.723251	28912100.0
2016-07-07	0.004292	0.024973	0.033541	0.024116	0.400726	25139600.0
2016-07-06	0.005685	0.018952	0.030369	0.016474000000000003	0.527794	30949100.0
2016-07-05	-0.009386	0.017817	0.017924000000000002	0.007894	-0.8796459999999999	27705200.0
2016-07-01	0.0030329999999999997	0.021975	0.032463	0.020263	0.28344	26026500.0
2016-06-30	0.012712000000000001	0.023586000000000003	0.038001	0.022068	1.172844	35836400.0
2016-06-29	0.008655	0.027306999999999998	0.033647	0.023589	0.791671	36531000.0
2016-06-28	0.01684	0.032712	0.041161	0.024263999999999997	1.514923	40444900.0
2016-06-27	-0.014561000000000001	0.01877	0.019318000000000002	0.002339	-1.329223	45489600.0
2016-06-24	-0.028096	-0.010811	0.007821	-0.013578999999999999	-2.6389009999999997	75311400.0
2016-06-23	0.005756	0.027327999999999998	0.031076	0.01994	0.5375439999999999	32240200.0
2016-06-22	-0.0037530000000000003	0.026779	0.033607	0.017178	-0.351852	29219100.0
2016-06-21	0.008517	0.021431	0.036601	0.018634	0.791679	35546400.0
2016-06-20	-0.0024129999999999998	0.030343000000000002	0.036461	0.019932	-0.22479200000000002	34411900.0
2016-06-17	-0.022758	0.013397999999999998	0.013713	-0.00044699999999999997	-2.169777	61008200.0
2016-06-16	0.004221	0.015885	0.029577	0.011881999999999998	0.400726	31326800.0
2016-06-15	-0.003283	0.026931999999999998	0.033125999999999996	0.018638	-0.312759	29445200.0
2016-06-14	0.001233	0.022941999999999997	0.035135	0.016951	0.11729400000000001	31931900.0
2016-06-13	-0.015075999999999999	0.021703	0.026155	0.005242	-1.456284	38020500.0
2016-06-10	-0.008229	0.011653	0.020072	0.011139	-0.801445	31712900.0
2016-06-09	0.007176	0.018602	0.034010000000000006	0.018188	0.693924	26601400.0
2016-06-08	-0.000909	0.023049	0.028627999999999997	0.019536	-0.087951	20848100.0
2016-06-07	0.004056000000000001	0.029584	0.036016	0.026576	0.390945	22409500.0
2016-06-06	0.0072510000000000005	0.023884	0.064634	0.019286	0.6939390000000001	23292500.0
2016-06-03	0.0020469999999999998	0.023885	0.028911000000000003	0.020325	0.195465	28062900.0
2016-06-02	-0.007515999999999999	0.014215	0.016709	0.004136	-0.723266	40191600.0
2016-06-01	-0.01402	0.014546000000000002	0.019874	0.007476000000000001	-1.368309	29173300.0
2016-05-31	-0.004883	0.015505000000000001	0.023662	0.007553	-0.478905	42307200.0
2016-05-27	-0.000598	0.013268	0.023763	0.011332	-0.058662	36229500.0
2016-05-26	0.00793	0.023769	0.034553	0.013087	0.7721399999999999	56331200.0
2016-05-25	0.017569	0.031199	0.042381999999999996	0.025347	1.681069	38168800.0
2016-05-24	0.015244	0.031534	0.040764999999999996	0.027502999999999996	1.436752	35140200.0
2016-05-23	0.012707	0.030137	0.04432	0.027987	1.1826020000000002	38018600.0
2016-05-20	0.010828	0.027931	0.036512	0.026628	0.996933	32026000.0
2016-05-19	-0.003807	0.024018	0.024018	0.012440000000000001	-0.35186	30442100.0
2016-05-18	0.011445	0.030485	0.041976	0.027530000000000002	1.045791	42062400.0
2016-05-17	-0.004154	0.030454000000000002	0.032089	0.013671	-0.381179	46916900.0
2016-05-16	0.037119	0.044289	0.06689500000000001	0.035925	3.2839730000000005	61259800.0
2016-05-13	0.0019920000000000003	0.019302	0.038215	0.019302	0.175927	44392800.0
2016-05-12	-0.023457	0.025475	0.026137999999999998	-0.01047	-2.1209029999999998	76314700.0
2016-05-11	-0.009741	0.023809	0.024794999999999998	0.012638	-0.8893969999999999	28719100.0
2016-05-10	0.006789	0.029107	0.031752999999999997	0.015653999999999998	0.615738	33686800.0
2016-05-09	0.000755	0.026242	0.034739	0.021718	0.06842000000000001	32936400.0
2016-05-06	-0.005577	0.024579	0.025457	0.007899	-0.5082399999999999	43458200.0
2016-05-05	-0.004059	0.027305	0.028069999999999998	0.012879	-0.371406	35890500.0
2016-05-04	-0.010401	0.029598000000000003	0.037169	0.014672999999999999	-0.9617389999999999	41025500.0
2016-05-03	0.016446000000000002	0.035538	0.05246699999999999	0.029820999999999997	1.496041	56831300.0
2016-05-02	-0.001067	0.031907	0.033115	0.014667	-0.097153	48160100.0
2016-04-29	-0.011493999999999999	0.020263	0.028188	0.0041979999999999995	-1.058876	68531500.0
2016-04-28	-0.030566000000000003	0.027172	0.030012999999999998	-0.008186	-2.904663	82242700.0
2016-04-27	-0.062578	-0.052989	-0.026255	-0.05614500000000001	-6.343598	114602100.0
2016-04-26	-0.006947	0.01792	0.031537	0.01792	-0.709175	56016200.0
2016-04-25	-0.005677000000000001	0.022758	0.029089	0.017985	-0.58287	28031600.0
2016-04-22	-0.0027370000000000003	0.020056	0.034336	0.016268	-0.281731	33683100.0
2016-04-21	-0.010828	0.027460000000000002	0.027460000000000002	0.013912	-1.1268770000000001	31552500.0
2016-04-20	0.002058	0.026782	0.040743	0.021197	0.213707	30611000.0
2016-04-19	-0.005303	0.033213	0.034362000000000004	0.01741	-0.553718	32384900.0
2016-04-18	-0.021575	0.020386	0.020947999999999998	0.002113	-2.302353	60834000.0
2016-04-15	-0.020071000000000002	0.029474	0.031218	0.007619	-2.1857759999999997	46939000.0
2016-04-14	0.000535	0.025523	0.032597	0.022858	0.05828099999999999	25473900.0
2016-04-13	0.014487	0.032737	0.047091	0.032737	1.554329	33257300.0
2016-04-12	0.013025	0.032402999999999994	0.043356	0.025983	1.379478	27232300.0
2016-04-11	0.0033130000000000004	0.032318	0.047855	0.030992000000000002	0.349717	29407500.0
2016-04-08	0.001105	0.032891000000000004	0.041047	0.025872000000000003	0.11656099999999998	23581700.0
2016-04-07	-0.02181	0.020012000000000002	0.024372	0.003035	-2.350914	31801900.0
2016-04-06	0.010473	0.033319	0.04035	0.023663	1.1171879999999998	26404100.0
2016-04-05	-0.011789	0.014466999999999999	0.025769	0.013633000000000001	-1.272621	26578700.0
2016-04-04	0.010274	0.033406	0.049970999999999995	0.032001999999999996	1.097755	37356200.0
2016-04-01	0.009175	0.027398000000000002	0.038921	0.02192	0.9714510000000001	25874000.0
2016-03-31	-0.005203	0.030885000000000003	0.032576	0.022993	-0.5537340000000001	25888400.0
2016-03-30	0.017459	0.038654	0.055575	0.038176	1.82634	45601100.0
2016-03-29	0.023671	0.026445999999999997	0.054825	0.026348000000000003	2.41893	31190100.0
2016-03-28	-0.004542	0.032596	0.034447000000000005	0.023438999999999998	-0.466293	19411400.0
2016-03-24	-0.004334	0.02298	0.030545999999999997	0.017355000000000002	-0.446877	26133000.0
2016-03-23	-0.005528	0.027067	0.032757999999999995	0.021472	-0.5731510000000001	25703500.0
2016-03-22	0.007648	0.022966999999999998	0.042794	0.022578	0.7868729999999999	32444400.0
2016-03-21	-9.4e-05	0.029479	0.046195	0.021800999999999997	-0.00972	35502700.0
2016-03-18	0.001134	0.034636	0.036192	0.023447	0.116585	44205200.0
2016-03-17	-0.001604	0.02501	0.034239	0.019571	-0.165161	34420700.0
2016-03-16	0.013290999999999999	0.029677	0.04641	0.029480000000000003	1.350327	38303500.0
2016-03-15	0.020094	0.04384	0.05609	0.042736	2.001205	40067700.0
2016-03-14	0.002543	0.025858999999999997	0.035925	0.02455	0.25258600000000003	25076100.0
2016-03-11	0.010773999999999999	0.040269	0.040676	0.032739	1.058892	27408200.0
2016-03-10	0.0004940000000000001	0.032333999999999995	0.040783	0.019507	0.048561	33513600.0
2016-03-09	0.000891	0.032235	0.034986	0.021638	0.08744	27201700.0
2016-03-08	-0.008246	0.018366999999999998	0.02827	0.014528	-0.816024	31561900.0
2016-03-07	-0.011067	0.023186000000000002	0.027583	0.008896	-1.1074680000000001	35828900.0
2016-03-04	0.014877000000000001	0.038205	0.0522	0.028063	1.466904	46055100.0
2016-03-03	0.007444	0.027645	0.039189999999999996	0.026316000000000003	0.728584	36955700.0
2016-03-02	0.002189	0.029176999999999998	0.033068	0.020269	0.21373699999999998	33169600.0
2016-03-01	0.039714	0.039602	0.072818	0.037153	3.730378	50407100.0
2016-02-29	-0.00227	0.02885	0.043403	0.026619999999999998	-0.213723	35216300.0
2016-02-26	0.00155	0.034062	0.042786000000000005	0.027467000000000002	0.145722	28991100.0
2016-02-25	0.006868000000000001	0.028845999999999997	0.036451	0.020277	0.641166	27582700.0
2016-02-24	0.014891	0.021662999999999998	0.047754000000000005	0.014488	1.369751	36255700.0
2016-02-23	-0.022605	0.024281999999999998	0.025344	0.004625	-2.127487	31942600.0
2016-02-22	0.008745999999999999	0.032275	0.038599	0.028095	0.816017	34280800.0
2016-02-19	-0.002285	0.026601	0.034727999999999995	0.024462	-0.21372199999999997	35374200.0
2016-02-18	-0.018956	0.036935	0.03746	0.008085	-1.8069	39021000.0
2016-02-17	0.015315	0.029700999999999998	0.046105	0.024162	1.4377520000000001	44863200.0
2016-02-16	0.028194	0.040662000000000004	0.060703999999999994	0.036172	2.5743560000000003	49057900.0
2016-02-12	0.003095	0.034765	0.038169999999999996	0.021800999999999997	0.281723	40351400.0
2016-02-11	-0.006046	0.02414	0.034295	0.011037	-0.553726	50074700.0
2016-02-10	-0.00758	0.03946	0.04412	0.019737	-0.69944	42343600.0
2016-02-09	-0.00021099999999999998	0.021581	0.039458	0.01768	-0.01944	44331200.0
2016-02-08	0.01053	0.019637	0.047775	0.018652000000000002	0.9617459999999999	54021400.0
2016-02-05	-0.026708	0.028529000000000002	0.032792	-0.001628	-2.506355	46418100.0
2016-02-04	0.008034999999999999	0.029704	0.045494	0.022507	0.748009	46471700.0
2016-02-03	0.019793	0.040664	0.060820000000000006	0.030586000000000002	1.8068240000000002	45964300.0
2016-02-02	-0.020222	0.024127000000000003	0.030781	0.011892	-1.884118	37357200.0
2016-02-01	-0.009349	0.025717	0.028269	0.01434	-0.879242	40943500.0
2016-01-29	0.034541	0.042667000000000004	0.070716	0.037827	3.1401830000000004	64416500.0
2016-01-28	0.0071719999999999996	0.039066000000000004	0.047154	0.023556	0.647362	55678800.0
2016-01-27	-0.065706	-0.005918	0.00018899999999999999	-0.033865	-6.348015	133369700.0
2016-01-26	0.005531	0.040067	0.049955	0.020708	0.5314180000000001	75077000.0
2016-01-25	-0.019523	0.035988	0.03609	0.012415	-1.913101	51794500.0
2016-01-22	0.053167	0.060009	0.090423	0.057214	4.947006	65800500.0
2016-01-21	-0.005063000000000001	0.037854	0.046623000000000005	0.015184999999999999	-0.47345	52161500.0
2016-01-20	0.0013449999999999998	0.018264	0.051349	0.000276	0.12561	72334400.0
2016-01-19	-0.004839	0.048606	0.051164	0.017599	-0.45411599999999996	53087700.0
2016-01-15	-0.024015	0.00044100000000000004	0.016144	-0.008295	-2.3092349999999997	79010000.0
2016-01-14	0.021871	0.041025	0.06780499999999999	0.017433	2.058014	63170100.0
2016-01-13	-0.025710000000000004	0.038695	0.047702999999999995	0.007426	-2.483162	62439600.0
2016-01-12	0.014513	0.056186	0.05765599999999999	0.038224	1.381683	49154200.0
2016-01-11	0.016191999999999998	0.056422	0.057383	0.039023	1.516953	49739400.0
2016-01-08	0.005288	0.057502	0.063511	0.038294	0.492782	70798000.0
2016-01-07	-0.042205	0.014206	0.029108999999999996	-0.008919	-4.106422	81094400.0
2016-01-06	-0.01957	0.013303	0.031541	0.00635	-1.9420849999999998	68457400.0
2016-01-05	-0.025059	0.038897	0.039879000000000005	0.006085	-2.5508040000000003	55791000.0
2016-01-04	0.0008550000000000001	0.008911	0.036049	0.002913	0.086952	67649400.0
2015-12-31	-0.019195	0.031978	0.032171	0.010858	-1.9904099999999998	40635300.0
2015-12-30	-0.013059000000000001	0.033444999999999996	0.034587	0.02012	-1.372009	25213800.0
2015-12-29	0.017974	0.036324	0.060254999999999996	0.035355000000000004	1.855117	30931200.0
2015-12-28	-0.011201000000000001	0.030751999999999998	0.03171	0.017244	-1.1691129999999998	26704200.0
2015-12-24	-0.00534	0.038683999999999996	0.038683999999999996	0.028678	-0.560394	13570400.0
2015-12-23	0.012869	0.035352999999999996	0.050602999999999995	0.034678	1.333351	32657400.0
2015-12-22	-0.000932	0.035642	0.038728	0.026481	-0.096611	32789400.0
2015-12-21	0.012261	0.047169	0.048047	0.030476999999999997	1.2560959999999999	47590600.0
2015-12-18	-0.027069	0.034302	0.040096	0.004862	-2.850349	96453300.0
2015-12-17	-0.021196	0.041288	0.043426	0.013030000000000002	-2.280251	44772800.0
2015-12-16	0.007693000000000001	0.0404	0.049018	0.019137	0.8212809999999999	56238500.0
2015-12-15	-0.017692	0.029999	0.037912	0.015368000000000001	-1.922782	53323100.0
2015-12-14	-0.006185	0.025823000000000002	0.030395	0.003968	-0.676354	64318700.0
2015-12-11	-0.025738	0.026236000000000002	0.028018	0.005389	-2.888962	46886200.0
2015-12-10	0.004757	0.038727	0.046783	0.033983	0.531411	29104200.0
2015-12-09	-0.022076	0.029802999999999996	0.030239999999999996	0.007393	-2.5218130000000003	46361400.0
2015-12-08	-0.00042300000000000004	0.028317000000000002	0.037767	0.022542	-0.048309	34309500.0
2015-12-07	-0.006301	0.034533	0.042184	0.024359	-0.7246630000000001	32084200.0
2015-12-04	0.033247000000000006	0.035776	0.071353	0.034158999999999995	3.7006	57777000.0
2015-12-03	-0.009288	0.037370999999999995	0.039507	0.016632	-1.043511	41569500.0
2015-12-02	-0.009034	0.034967000000000005	0.041759	0.023854	-1.0241850000000001	33386600.0
2015-12-01	-0.008115	0.038904	0.039429	0.022369	-0.927566	34852400.0
2015-11-30	0.004159	0.036549	0.049023000000000004	0.03444	0.47344200000000003	39180300.0
2015-11-27	-0.001864	0.037247	0.038299	0.031197000000000003	-0.212571	13046400.0
2015-11-25	-0.00715	0.03784	0.038014	0.02661	-0.8212729999999999	21388300.0
2015-11-24	0.009597	0.031276	0.049031	0.02943	1.091819	42803200.0
2015-11-23	-0.012993000000000001	0.034707	0.038698	0.017963999999999997	-1.497642	32482500.0
2015-11-20	0.004378	0.038627	0.0449	0.035577	0.502434	34287100.0
2015-11-19	0.012704	0.038056	0.056674	0.030291000000000002	1.439666	43295800.0
2015-11-18	0.031665	0.053811000000000005	0.06956	0.051444000000000004	3.478363	46674700.0
2015-11-17	-0.004291	0.041675	0.042852999999999995	0.027172	-0.47344200000000003	27616900.0
2015-11-16	0.016378999999999998	0.026123	0.052472000000000005	0.022622	1.7778479999999999	38106700.0
2015-11-13	-0.029209	0.030317	0.033625999999999996	0.004111	-3.265816	45812400.0
2015-11-12	-0.0033590000000000004	0.036304	0.041296	0.030867000000000002	-0.376824	32525600.0
2015-11-11	-0.005652	0.031422000000000005	0.040728	0.021141	-0.637695	45218000.0
2015-11-10	-0.031517	0.003464	0.013507	-0.003746	-3.671615	59127900.0
2015-11-09	-0.0040479999999999995	0.034112	0.041379	0.026333	-0.473443	33871400.0
2015-11-06	0.001158	0.036594	0.042585000000000005	0.0324	0.13527	33042300.0
2015-11-05	-0.00461	0.03812	0.045276	0.023892	-0.541092	39552700.0
2015-11-04	-0.00465	0.044146	0.049997	0.031341	-0.548401	44886100.0
2015-11-03	0.011470999999999999	0.036052	0.059211	0.03528	1.337326	45519000.0
2015-11-02	0.014058000000000001	0.050705	0.055576	0.040354	1.6163100000000001	32203300.0
2015-10-30	-0.008546	0.043364	0.045348	0.030083999999999996	-0.990952	49365300.0
2015-10-29	0.010564	0.03443	0.051772000000000006	0.030683	1.21225	51227300.0
2015-10-28	0.041205	0.06099299999999999	0.082498	0.053099	4.541085	85551400.0
2015-10-27	-0.006332	0.040479	0.050758	0.027766000000000002	-0.70234	69884400.0
2015-10-26	-0.031911	0.030669	0.031105	0.003087	-3.65596	66333800.0
2015-10-23	0.030996	0.050196	0.072964	0.046867	3.4442980000000003	59366900.0
2015-10-22	0.015295	0.044605	0.055295000000000004	0.042504	1.674057	41654100.0
2015-10-21	-8.8e-05	0.041499	0.055934000000000005	0.038758	-0.009613	41795200.0
2015-10-20	0.018258	0.035769	0.062096000000000005	0.030931999999999998	1.962677	48778800.0
2015-10-19	0.006214	0.037150999999999997	0.046044	0.030692	0.663841	29759200.0
2015-10-16	-0.007331	0.038654	0.040698000000000005	0.027038999999999997	-0.788933	39232600.0
2015-10-15	0.014972	0.046188	0.057222	0.042038	1.5874709999999999	37673500.0
2015-10-14	-0.014134	0.034749	0.036887	0.018663	-1.520118	44462400.0
2015-10-13	0.001703	0.032133	0.047314	0.030829000000000002	0.182808	33049300.0
2015-10-12	-0.004638000000000001	0.045052999999999996	0.045238	0.033094	-0.50029	30467200.0
2015-10-09	0.023927	0.044144	0.065786	0.039303	2.520683	52766100.0
2015-10-08	-0.011554	0.033862	0.033862	0.015284	-1.2314829999999999	61979600.0
2015-10-07	-0.004761	0.043413	0.043693	0.021656	-0.509903	46765600.0
2015-10-06	0.004784	0.037989999999999996	0.048405000000000004	0.029921	0.509903	48196800.0
2015-10-05	0.003624	0.034689	0.04872	0.027062	0.384842	52064700.0
2015-10-02	0.007301	0.024506	0.052961	0.020142	0.769676	58019800.0
2015-10-01	-0.006528	0.027807	0.03299	0.011222	-0.692719	63929100.0
2015-09-30	0.01137	0.049976	0.063033	0.036252	1.193001	66473000.0
2015-09-29	-0.030060000000000003	0.043003	0.049289	-0.00294	-3.251884	73365400.0
2015-09-28	-0.019788999999999998	0.031605	0.038129	0.018829	-2.183953	52109000.0
2015-09-25	-0.002522	0.052413	0.054672000000000005	0.030539999999999998	-0.279007	56151900.0
2015-09-24	0.005947999999999999	0.029669	0.050126	0.021668	0.654221	50219500.0
2015-09-23	0.008112999999999999	0.041506	0.05149600000000001	0.038481	0.8851389999999999	35756700.0
2015-09-22	-0.01571	0.022888	0.030105	0.015128999999999998	-1.7413939999999999	50346200.0
2015-09-21	0.015512999999999999	0.041413	0.056988	0.041321	1.693283	50222000.0
2015-09-18	-0.0041259999999999995	0.023796	0.042865	0.020694	-0.452179	74285300.0
2015-09-17	-0.02139	0.032701	0.040112	0.015378999999999999	-2.395629	64112600.0
2015-09-16	0.001118	0.039129000000000004	0.041722	0.031889	0.125083	37173500.0
2015-09-15	0.008412000000000001	0.044986	0.050395	0.031375	0.9332360000000001	43341200.0
2015-09-14	0.009631	0.060966	0.063788	0.045313	1.058303	58363400.0
2015-09-11	0.014569	0.032195999999999995	0.05454	0.031919	1.577843	49915500.0
2015-09-10	0.02197	0.040530000000000004	0.06893300000000001	0.037038	2.328262	62892800.0
2015-09-09	-0.019232	0.052816999999999996	0.055223	0.015891	-2.078125	85010800.0
2015-09-08	0.027821	0.062988	0.07069299999999999	0.049385000000000005	2.9247669999999997	54843600.0
2015-09-04	-0.009966	0.026213	0.040151	0.021881	-1.0583040000000001	49996300.0
2015-09-03	-0.017536000000000003	0.040785	0.043469	0.018116999999999998	-1.895317	53233900.0
2015-09-02	0.042889	0.06361699999999999	0.083976	0.053002999999999995	4.44487	61888800.0
2015-09-01	-0.044697	0.015338999999999998	0.031286	-0.010379000000000001	-4.848968	76845900.0
2015-08-31	-0.004678	0.027837	0.050774	0.027562	-0.509903	56229300.0
2015-08-28	0.0032770000000000004	0.032494	0.042987	0.026695	0.35597199999999996	53164400.0
2015-08-27	0.029447000000000004	0.063466	0.073036	0.042524	3.107567	84616100.0
2015-08-26	0.057354999999999996	0.072962	0.101016	0.052523	5.724479	96774600.0
2015-08-25	0.006012	0.119933	0.119933	0.043227999999999996	0.596482	103601600.0
2015-08-24	-0.024962	-0.067628	0.069274	-0.095834	-2.539925	162206300.0
2015-08-21	-0.061163	0.018914	0.032477	-0.02519	-6.628837	128275500.0
2015-08-20	-0.02052	0.030993	0.033433	0.008851000000000001	-2.270546	68501600.0
2015-08-19	-0.012790000000000001	0.035829	0.039576	0.02316	-1.43351	47445700.0
2015-08-18	-0.005634	0.032921	0.041881	0.029195	-0.6350100000000001	34560700.0
2015-08-17	0.010348999999999999	0.040115	0.054546000000000004	0.035274	1.154533	40884700.0
2015-08-14	0.007034	0.031905	0.049868	0.029107	0.7792899999999999	42929500.0
2015-08-13	-0.000781	0.046613	0.04986	0.033083999999999995	-0.086579	48535800.0
2015-08-12	0.01542	0.030605	0.057073	0.004046	1.68367	101217500.0
2015-08-11	-0.052038	0.022815000000000002	0.026026999999999998	-0.01608	-5.993866000000001	97082800.0
2015-08-10	0.036357	0.048485	0.07961599999999999	0.048485	4.040795	54951600.0
2015-08-07	0.0033880000000000004	0.034432	0.049509	0.033710000000000004	0.375229	38670400.0
2015-08-06	0.002176	0.049259	0.054055	0.032521	0.24051599999999998	52903000.0
2015-08-05	0.00663	0.028710000000000003	0.069604	0.020968999999999998	0.727906	99312600.0
2015-08-04	-0.032083999999999994	0.035111	0.037579	-0.00165	-3.6394889999999998	124138600.0
2015-08-03	-0.023578	0.045824000000000004	0.055034000000000007	0.011566	-2.7391959999999997	69976000.0
2015-07-31	-0.008744	0.046064999999999995	0.046406	0.031645	-1.0248110000000001	42885000.0
2015-07-30	-0.0050409999999999995	0.038414	0.040537000000000004	0.033236	-0.593804	33628300.0
2015-07-29	-0.0031609999999999997	0.042156	0.045118	0.034709	-0.373535	37011700.0
2015-07-28	0.0049689999999999995	0.04929	0.053798	0.042231	0.584244	33618100.0
2015-07-27	-0.013896	0.032277	0.036638	0.024143	-1.6569369999999999	44455500.0
2015-07-24	-0.005273	0.045437	0.048941000000000005	0.033591	-0.6321100000000001	42162300.0
2015-07-23	-0.000479	0.052274	0.059695000000000005	0.042768	-0.057473	50999500.0
2015-07-22	-0.042294	-0.025851	0.002179	-0.025851	-5.296409	115450600.0
2015-07-21	-0.009995	0.050269	0.050822000000000006	0.030267000000000002	-1.264275	76756400.0
2015-07-20	0.018902000000000002	0.054977	0.071087	0.052801999999999995	2.346543	58900200.0
2015-07-17	0.008637	0.048733	0.053121	0.042477	1.063102	46164700.0
2015-07-16	0.013326	0.051677	0.05851	0.048466	1.618622	36222400.0
2015-07-15	0.009633	0.045017	0.056902999999999995	0.043852999999999996	1.158898	33649200.0
2015-07-14	-0.000398	0.04726	0.050002	0.038951	-0.047898	31768100.0
2015-07-13	0.019306	0.058924000000000004	0.065106	0.052910000000000006	2.279473	41440500.0
2015-07-10	0.026733999999999997	0.060363	0.076972	0.054015	3.074409	61354500.0
2015-07-09	-0.020397	0.05500599999999999	0.056795000000000005	0.015566	-2.394401	77821600.0
2015-07-08	-0.024822999999999998	0.034051	0.03538	0.017935	-2.988213	60761600.0
2015-07-07	-0.00246	0.043191	0.045344999999999996	0.025623000000000003	-0.296906	46946800.0
2015-07-06	-0.0034799999999999996	0.031716	0.042368	0.030973	-0.42140200000000005	28060400.0
2015-07-02	-0.0012640000000000001	0.0427	0.044844999999999996	0.037257	-0.153251	27211000.0
2015-07-01	0.009328	0.056339	0.056672	0.048764	1.120582	30238800.0
2015-06-30	0.007227	0.052822	0.057434000000000006	0.046869	0.861992	44370700.0
2015-06-29	-0.017515	0.033476	0.041796	0.025403	-2.126236	49161400.0
2015-06-26	-0.005882	0.045494	0.048115	0.035995	-0.718322	44066800.0
2015-06-25	-0.004762	0.050214999999999996	0.052986	0.039131	-0.584237	31938100.0
2015-06-24	0.008502	0.045582	0.06687	0.044842	1.034386	55280900.0
2015-06-23	-0.004545	0.043039	0.044101999999999995	0.038129	-0.555504	30268900.0
2015-06-22	0.007978	0.051441999999999995	0.056143	0.048061	0.967339	34039300.0
2015-06-19	-0.010009	0.042714	0.043613	0.032019	-1.225922	54716900.0
2015-06-18	0.004556	0.043528	0.052386	0.043446	0.555489	35407200.0
2015-06-17	-0.0023510000000000002	0.045084	0.046393000000000004	0.037065	-0.287331	32918100.0
2015-06-16	0.005358	0.045007	0.051753	0.039577999999999995	0.6512760000000001	31494100.0
2015-06-15	-0.001966	0.035317	0.044677	0.032115	-0.239441	43988900.0
2015-06-12	-0.011043	0.040855	0.041991	0.032085	-1.360001	36886200.0
2015-06-11	-0.00225	0.046533	0.054634	0.040862	-0.277771	35390900.0
2015-06-10	0.011458	0.048199	0.059835	0.047626	1.398339	39087300.0
2015-06-09	-0.002973	0.035115	0.04639	0.026292000000000003	-0.363953	56075400.0
2015-06-08	-0.006606999999999999	0.046131	0.048647	0.029331	-0.814102	52674800.0
2015-06-05	-0.005489	0.045232	0.046766	0.036031	-0.680008	35626800.0
2015-06-04	-0.005841	0.039769	0.047793	0.034393	-0.7278899999999999	38450100.0
2015-06-03	0.001231	0.049726	0.051976	0.04362	0.153221	30889400.0
2015-06-02	-0.004443	0.038663	0.045062	0.034344	-0.555481	33667600.0
2015-06-01	0.001996	0.044101999999999995	0.052998	0.042259	0.249016	32112800.0
2015-05-29	-0.011382999999999999	0.039744999999999996	0.041488	0.029207	-1.4366299999999999	50884500.0
2015-05-28	-0.0019690000000000003	0.042679	0.043391000000000006	0.036669	-0.249032	30733300.0
2015-05-27	0.01867	0.049901999999999995	0.065368	0.047566000000000004	2.317788	45833200.0
2015-05-26	-0.022031	0.044575	0.047017	0.017161000000000003	-2.796654	70697600.0
2015-05-22	0.008752	0.045771	0.05665800000000001	0.044182	1.10141	45596000.0
2015-05-21	0.010226	0.044183	0.05670599999999999	0.042256	1.2738260000000001	39730400.0
2015-05-20	-7.7e-05	0.043539999999999995	0.05140700000000001	0.038242	-0.009574	36454900.0
2015-05-19	-0.0009220000000000001	0.048112	0.049636	0.039691000000000004	-0.114953	44633200.0
2015-05-18	0.011028	0.04094	0.059913	0.040777999999999995	1.360032	50882900.0
2015-05-15	-0.001396	0.045074	0.048475	0.038111	-0.172394	38208000.0
2015-05-14	0.023331	0.055702	0.068463	0.05363099999999999	2.815811	45203500.0
2015-05-13	0.001112	0.046425	0.055052	0.044101999999999995	0.13408699999999998	34694200.0
2015-05-12	-0.0035619999999999996	0.038151	0.048731000000000003	0.031704	-0.43097700000000005	48160000.0
2015-05-11	-0.010187	0.04222	0.043611000000000004	0.027821	-1.245118	42035800.0
2015-05-08	0.018841	0.055938999999999996	0.063774	0.051187	2.260338	55550400.0
2015-05-07	0.006185	0.046451	0.057438	0.04016	0.73748	43940900.0
2015-05-06	-0.00628	0.054798	0.056380999999999994	0.028127999999999997	-0.753486	72141000.0
2015-05-05	-0.022533	0.043983	0.046426999999999996	0.024676	-2.765961	49271400.0
2015-05-04	-0.001939	0.052936000000000004	0.061636	0.042852999999999995	-0.238434	50988300.0
2015-05-01	0.030364	0.056422	0.090184	0.04972	3.6243519999999996	58512600.0
2015-04-30	-0.02713	0.048464	0.048464	0.015373	-3.32869	83195400.0
2015-04-29	-0.014706	0.045251	0.056735	0.030314999999999998	-1.8312529999999998	63386100.0
2015-04-28	-0.015756	0.06277	0.063402	0.024118999999999998	-1.9933779999999999	118924000.0
2015-04-27	0.018192	0.064801	0.0714	0.055465	2.2604599999999997	96954200.0
2015-04-24	0.004704	0.055094000000000004	0.056226	0.044906	0.581788	44525900.0
2015-04-23	0.008164	0.045855	0.063136	0.044551	1.001457	45770900.0
2015-04-22	0.013474000000000002	0.049124	0.06465599999999999	0.043588999999999996	1.630951	37654500.0
2015-04-21	-0.005407	0.052572	0.053394000000000004	0.040822000000000004	-0.658089	32435100.0
2015-04-20	0.022846	0.055354999999999994	0.076787	0.051993	2.7182619999999997	47054300.0
2015-04-17	-0.011255	0.043311	0.048214	0.034254	-1.354363	51957000.0
2015-04-16	-0.004811	0.044329	0.05111	0.042923	-0.581802	28369000.0
2015-04-15	0.0038	0.049377	0.055353999999999993	0.046056	0.45780200000000004	28970400.0
2015-04-14	-0.004336	0.049703	0.0521	0.040694	-0.524575	25524600.0
2015-04-13	-0.001967	0.05894	0.06059	0.044420999999999995	-0.238441	36365100.0
2015-04-10	0.004267	0.043410000000000004	0.053848	0.037694	0.515045	40188000.0
2015-04-09	0.0076430000000000005	0.05055	0.05664400000000001	0.040617	0.9156190000000001	32484000.0
2015-04-08	-0.003254	0.047132	0.051708000000000004	0.039810000000000005	-0.39105999999999996	37329200.0
2015-04-07	-0.010522	0.050851	0.054803	0.037185	-1.278038	35012300.0
2015-04-06	0.016198	0.041352	0.066786	0.040181	1.936157	37194000.0
2015-04-02	0.008612	0.055045000000000004	0.059517999999999995	0.047957	1.0205389999999999	32220100.0
2015-04-01	-0.0014470000000000002	0.05175	0.054278	0.037257	-0.17166900000000002	40621400.0
2015-03-31	-0.015352000000000001	0.04614	0.049458999999999996	0.031787	-1.850342	42090600.0
2015-03-30	0.025314	0.055269000000000006	0.07526000000000001	0.054844000000000004	2.975784	47099700.0
2015-03-27	-0.007968000000000001	0.051248	0.052345	0.037239999999999995	-0.9442440000000001	39546200.0
2015-03-26	0.0069700000000000005	0.043195	0.06121	0.041835000000000004	0.8202510000000001	47572900.0
2015-03-25	-0.026126999999999997	0.047222	0.049539	0.021071	-3.156997	51655200.0
2015-03-24	-0.0040880000000000005	0.048628	0.055304	0.043106	-0.495957	32842300.0
2015-03-23	0.010405	0.058623	0.064703	0.053627	1.249436	37709700.0
2015-03-20	-0.012549	0.05463099999999999	0.055864	0.029220999999999997	-1.52604	68695100.0
2015-03-19	-0.00755	0.050749	0.054828999999999996	0.039731	-0.925155	45809500.0
2015-03-18	0.011256	0.048133999999999996	0.06596	0.042934	1.363907	65270900.0
2015-03-17	0.016727000000000002	0.056435	0.06835	0.054337	1.993393	51023100.0
2015-03-16	0.011004	0.050924000000000004	0.060001	0.042356	1.297134	35874300.0
2015-03-13	-0.0069099999999999995	0.048042	0.056466999999999996	0.032708999999999995	-0.8202360000000001	51827300.0
2015-03-12	0.018078999999999998	0.049063999999999997	0.071279	0.043232	2.107841	48362700.0
2015-03-11	-0.018231999999999998	0.050485	0.050653	0.028254	-2.165085	68939000.0
2015-03-10	-0.020686000000000003	0.042444	0.049123	0.020919999999999998	-2.5084299999999997	68856600.0
2015-03-09	0.004265	0.059726999999999995	0.07306	0.035710000000000006	0.515045	88528500.0
2015-03-06	0.001503	0.064969	0.073014	0.047219	0.181198	72842100.0
2015-03-05	-0.016571000000000002	0.04879	0.050177	0.025788	-2.031524	56517100.0
2015-03-04	-0.006339	0.046356	0.050085000000000005	0.040034	-0.782105	31666300.0
2015-03-03	0.002092	0.047408	0.051955999999999995	0.040342	0.257523	37816300.0
2015-03-02	0.0049039999999999995	0.054911	0.063318	0.047158	0.6008600000000001	48096700.0
2015-02-27	-0.015028	0.045087	0.04967	0.030938	-1.8693849999999999	62014800.0
2015-02-26	0.012656	0.048463	0.06539600000000001	0.030716000000000004	1.554642	91287500.0
2015-02-25	-0.025573	0.043625	0.043942	0.016574000000000002	-3.223755	74711700.0
2015-02-24	-0.006241	0.047991000000000006	0.053194000000000005	0.034037	-0.791626	69228100.0
2015-02-23	0.027027	0.052674	0.0768	0.049759	3.338196	70974100.0
2015-02-20	0.008175	0.049851	0.057034	0.045199	1.001488	48948400.0
2015-02-19	-0.002098	0.046508999999999995	0.050989	0.045287	-0.257538	37362400.0
2015-02-18	0.006963	0.046823000000000004	0.056255999999999994	0.045347000000000005	0.848885	44891700.0
2015-02-17	0.005902	0.051846	0.063314	0.047143	0.715316	63152400.0
2015-02-13	0.004903	0.055262	0.055262	0.041748	0.5913390000000001	54272200.0
2015-02-12	0.012652	0.058371000000000006	0.070293	0.05425700000000001	1.506981	74474500.0
2015-02-11	0.023438999999999998	0.054908000000000005	0.073382	0.052588	2.727799	73561800.0
2015-02-10	0.019212	0.05240499999999999	0.069745	0.052316999999999995	2.1936869999999997	62008500.0
2015-02-09	0.0066430000000000005	0.045114	0.056486	0.044056	0.753487	38889800.0
2015-02-06	-0.008421	0.049163	0.051173	0.035439	-0.963326	43706600.0
2015-02-05	0.007137	0.056651	0.0585	0.049872	0.810708	42246200.0
2015-02-04	0.007670000000000001	0.051271000000000004	0.069103	0.049585000000000004	0.86454	70149700.0
2015-02-03	0.000169	0.051448	0.056683000000000004	0.043551	0.018997	51915700.0
2015-02-02	0.012546999999999999	0.060598	0.07066	0.042898	1.3965379999999998	62739100.0
2015-01-30	-0.014634000000000001	0.048175	0.062339	0.034453	-1.6530610000000001	83745500.0
2015-01-29	0.031134	0.061821	0.08802	0.054884	3.4106059999999996	84436400.0
2015-01-28	0.05653300000000001	0.134483	0.139209	0.112108	5.861672	146477100.0
2015-01-27	-0.035013	0.046273	0.046831	0.014722999999999998	-3.762108	95568700.0
2015-01-26	0.001062	0.059682000000000006	0.065458	0.050924000000000004	0.11399000000000001	55615000.0
2015-01-23	0.0051600000000000005	0.051664999999999996	0.06524400000000001	0.044454	0.551026	46464800.0
2015-01-22	0.026014999999999996	0.059423000000000004	0.08065800000000001	0.054235000000000005	2.707573	53796400.0
2015-01-21	0.007634	0.054827999999999995	0.075257	0.048244999999999996	0.788528	48575900.0
2015-01-20	0.025757	0.070974	0.082196	0.057665999999999995	2.593575	49899900.0
2015-01-16	-0.00777	0.054671000000000004	0.060091	0.036638	-0.788521	78513300.0
2015-01-15	-0.027139999999999997	0.054519000000000005	0.055094000000000004	0.0225	-2.831085	60014000.0
2015-01-14	-0.003811	0.041332	0.05517999999999999	0.036175	-0.39901	48337000.0
2015-01-13	0.008879000000000001	0.07360499999999999	0.086805	0.049326	0.921524	67091900.0
2015-01-12	-0.024641	0.058146	0.058427999999999994	0.022436	-2.6220779999999997	49650800.0
2015-01-09	0.001073	0.059939	0.06539600000000001	0.036797	0.114021	53699500.0
2015-01-08	0.038422000000000005	0.06705900000000001	0.095585	0.061882000000000006	3.9330910000000006	59364500.0
2015-01-07	0.014022	0.061913	0.07181900000000001	0.056960000000000004	1.41555	40105900.0
2015-01-06	9.4e-05	0.055474	0.064291	0.036552	0.009498000000000001	65797100.0
2015-01-05	-0.028172000000000003	0.042589	0.046055	0.014861000000000001	-2.926078	64285500.0
2015-01-02	-0.009512999999999999	0.062233000000000004	0.06271	0.023707	-0.9975209999999999	53204600.0
2014-12-31	-0.019019	0.055408000000000006	0.058308000000000006	0.030992000000000002	-2.03305	41403400.0
2014-12-30	-0.012203	0.050106	0.052694000000000005	0.035968	-1.320557	29881500.0
2014-12-29	-0.0007019999999999999	0.050755	0.059803999999999996	0.049924	-0.07599600000000001	27598900.0
2014-12-26	0.017677000000000002	0.053447	0.07618899999999999	0.052601	1.8810419999999999	33721000.0
2014-12-24	-0.0047090000000000005	0.052976	0.054190999999999996	0.047644	-0.503517	14479600.0
2014-12-23	-0.003542	0.055304	0.056236	0.048128	-0.379997	26028400.0
2014-12-22	0.010378	0.056179999999999994	0.068704	0.054390999999999995	1.102035	45167500.0
2014-12-19	-0.007723000000000001	0.048957	0.058114	0.043351	-0.8265299999999999	88429800.0
2014-12-18	0.029613	0.07626799999999999	0.083773	0.064627	3.078087	59006200.0
2014-12-17	0.024918	0.05625	0.08307	0.053292	2.5270759999999997	53411800.0
2014-12-16	-0.013675	0.034512	0.071372	0.033442	-1.406051	60790700.0
2014-12-15	-0.013669999999999998	0.061905999999999996	0.07053999999999999	0.020178	-1.425041	67218100.0
2014-12-12	-0.016932	0.041662	0.054959	0.033364	-1.7955560000000002	56028100.0
2014-12-11	-0.002948	0.055515999999999996	0.069996	0.046866000000000005	-0.31349099999999996	41401700.0
2014-12-10	-0.019015	0.055276	0.059335	0.028804000000000003	-2.06157	44565300.0
2014-12-09	0.015303	0.031905	0.070395	0.024038999999999998	1.634049	60208000.0
2014-12-08	-0.022609	0.044364	0.049398000000000004	0.021664	-2.47007	57664900.0
2014-12-05	-0.004243	0.057159	0.057978999999999996	0.044854000000000005	-0.46551499999999996	38318900.0
2014-12-04	-0.003795	0.051149	0.06413200000000001	0.04679	-0.41801499999999997	42044500.0
2014-12-03	0.011341	0.062886	0.06839500000000001	0.057009000000000004	1.235039	43063400.0
2014-12-02	-0.003824	0.038239999999999996	0.058822	0.031379000000000004	-0.41799200000000003	59348900.0
2014-12-01	-0.032456	0.051539	0.055434000000000004	-0.015194	-3.6671139999999998	83814000.0
2014-11-28	-0.000588	0.05499	0.056139999999999995	0.044198	-0.066513	24814400.0
2014-11-26	0.011904999999999999	0.05564500000000001	0.066028	0.05466	1.330048	40768300.0
2014-11-25	-0.008681999999999999	0.056505999999999994	0.062539	0.042131	-0.9785309999999999	68840400.0
2014-11-24	0.018546	0.056036	0.073388	0.053957000000000005	2.0520549999999997	47450800.0
2014-11-21	0.001376	0.063461	0.06400399999999999	0.050067	0.152001	57179300.0
2014-11-20	0.014302	0.054804	0.07270399999999999	0.054254	1.558036	43395500.0
2014-11-19	-0.006928	0.052328	0.055063	0.037377999999999995	-0.7600020000000001	41869200.0
2014-11-18	0.012984	0.05214	0.0683	0.051677999999999995	1.406037	44224000.0
2014-11-17	-0.0016640000000000001	0.05343099999999999	0.08118	0.044489	-0.180527	46746700.0
2014-11-14	0.012055	0.05567999999999999	0.06538300000000001	0.03758	1.292045	44063600.0
2014-11-13	0.014112000000000001	0.057804999999999995	0.073417	0.055913	1.491555	59522900.0
2014-11-12	0.014130000000000002	0.049531	0.069201	0.049435	1.4725489999999999	46942400.0
2014-11-11	0.007994	0.05134400000000001	0.0615	0.048443	0.826515	27442300.0
2014-11-10	-0.0016510000000000001	0.052698	0.055691	0.049318	-0.171005	27195500.0
2014-11-07	0.002852	0.053086	0.058605	0.051149	0.29451	33691500.0
2014-11-06	0.00286	0.054640999999999995	0.056486	0.046872000000000004	0.294502	34968500.0
2014-11-05	0.0023940000000000003	0.062033000000000005	0.06398	0.05259	0.245941	37435900.0
2014-11-04	-0.007312999999999999	0.056778999999999996	0.058035	0.040931	-0.756736	41574400.0
2014-11-03	0.012962999999999999	0.059319000000000004	0.079679	0.057263999999999995	1.324295	52282600.0
2014-10-31	0.009534	0.067344	0.06763999999999999	0.059438	0.964836	44639300.0
2014-10-30	-0.0033539999999999998	0.053423000000000005	0.057263999999999995	0.042983999999999994	-0.340515	40654800.0
2014-10-29	0.005621	0.056274	0.06340499999999999	0.053402	0.56755	52687900.0
2014-10-28	0.015508000000000001	0.060083000000000004	0.07356	0.059579999999999994	1.541855	48060900.0
2014-10-27	-0.001045	0.053448	0.059778	0.051940999999999994	-0.10403399999999999	34187700.0
2014-10-24	0.00372	0.060695000000000006	0.063821	0.05414	0.368881	47053900.0
2014-10-23	0.017866	0.068354	0.078311	0.063735	1.740509	71074700.0
2014-10-22	0.005075	0.060983	0.074085	0.058507	0.49189799999999995	68263100.0
2014-10-21	0.027164999999999998	0.091712	0.091712	0.073167	2.563438	94623900.0
2014-10-20	0.021399	0.064201	0.081952	0.06311900000000001	1.9769970000000001	77517300.0
2014-10-17	0.014648	0.070784	0.087257	0.063206	1.333741	68179700.0
2014-10-16	-0.013123	0.035598000000000005	0.059116999999999996	0.03408	-1.2107780000000001	72154500.0
2014-10-15	-0.012253	0.048815	0.061448	0.018947	-1.144569	100933600.0
2014-10-14	-0.010620000000000001	0.063309	0.06468600000000001	0.044032	-1.002686	63688600.0
2014-10-13	-0.009133	0.063463	0.068186	0.047510000000000004	-0.870239	53583400.0
2014-10-10	-0.0028710000000000003	0.053713	0.067735	0.049631	-0.274307	66331600.0
2014-10-09	0.002182	0.064927	0.073737	0.055173	0.20809899999999998	77376500.0
2014-10-08	0.020759	0.057273000000000004	0.08243099999999999	0.052454999999999995	1.9391330000000002	57404700.0
2014-10-07	-0.008733	0.055149000000000004	0.062472	0.047721	-0.82296	42094200.0
2014-10-06	0.0	0.06066799999999999	0.068096	0.055042999999999995	0.0	37051200.0
2014-10-03	-0.002803	0.052298000000000004	0.06044600000000001	0.048065	-0.264854	43469600.0
2014-10-02	0.007259999999999999	0.058125	0.06825099999999999	0.045015	0.681076	47757800.0
2014-10-01	-0.015583000000000001	0.055487	0.056536	0.035655	-1.485115	51491300.0
2014-09-30	0.006393	0.064558	0.072267	0.061600999999999996	0.6054	55264100.0
2014-09-29	-0.006352	0.035131	0.053913	0.034921	-0.6054	49766300.0
2014-09-26	0.029427	0.064295	0.088275	0.062891	2.7242580000000003	62370500.0
2014-09-25	-0.038133	0.044282	0.046360000000000005	0.015295	-3.670181	100092000.0
2014-09-24	-0.008671	0.052222000000000005	0.059329	0.042334	-0.841858	60171800.0
2014-09-23	0.015634000000000002	0.052354	0.07683200000000001	0.051726	1.494545	63402200.0
2014-09-22	0.000991	0.065962	0.069522	0.053187	0.094597	52788400.0
2014-09-19	-0.008154	0.062359000000000005	0.06298200000000001	0.043768	-0.785126	70902400.0
2014-09-18	0.0020670000000000003	0.060808	0.065179	0.056958	0.198654	37299400.0
2014-09-17	0.007139	0.061463	0.067018	0.054336	0.6810689999999999	60926500.0
2014-09-16	-0.007576	0.038130000000000004	0.053316999999999996	0.028664	-0.728356	66908100.0
2014-09-15	-0.000295	0.069125	0.07162	0.054877999999999996	-0.028395999999999998	61316500.0
2014-09-12	0.002268	0.054873000000000005	0.065087	0.053517999999999996	0.217559	62626100.0
2014-09-11	0.004257	0.05099	0.061771000000000006	0.042720999999999995	0.406754	62353100.0
2014-09-10	0.030717	0.057380999999999995	0.090826	0.054684	2.847229	100869600.0
2014-09-09	-0.0037619999999999997	0.06490399999999999	0.107896	0.033305	-0.349983	189846300.0
2014-09-08	-0.006163	0.060690999999999995	0.060798000000000005	0.047339	-0.5770109999999999	46356700.0
2014-09-05	0.008662999999999999	0.064492	0.070849	0.059213	0.8040390000000001	58457000.0
2014-09-04	-0.008288	0.056204	0.069453	0.044877999999999994	-0.775666	85718000.0
2014-09-03	-0.042207	0.05511900000000001	0.056142	0.008860999999999999	-4.124251999999999	125421000.0
2014-09-02	0.0078049999999999994	0.062942	0.06995499999999999	0.059435	0.756767	53564000.0
2014-08-29	0.002445	0.063473	0.063886	0.056649	0.236481	44595000.0
2014-08-28	0.001175	0.051576	0.063894	0.051265	0.113495	68460000.0
2014-08-27	0.012291	0.058528	0.074769	0.055175	1.172951	52369000.0
2014-08-26	-0.006402	0.055915999999999993	0.056749	0.050086	-0.614861	33152000.0
2014-08-25	0.002172	0.06207000000000001	0.066035	0.056748	0.20812199999999997	40270000.0
2014-08-22	0.007356999999999999	0.05411799999999999	0.06652000000000001	0.053066999999999996	0.699982	44184000.0
2014-08-21	9.9e-05	0.057165999999999995	0.061055	0.052329999999999995	0.009453	33478000.0
2014-08-20	0.000398	0.056219000000000005	0.063055	0.051066	0.037842	52699000.0
2014-08-19	0.013816	0.059830999999999995	0.073371	0.05887100000000001	1.295906	69399000.0
2014-08-18	0.012043	0.062669	0.072163	0.057165999999999995	1.116211	47572000.0
2014-08-15	0.004922999999999999	0.061502999999999995	0.064647	0.050226	0.454033	48951000.0
2014-08-14	0.0026739999999999997	0.05814400000000001	0.060752999999999995	0.052382000000000005	0.245948	28116000.0
2014-08-13	0.013233000000000002	0.059148	0.071155	0.057937	1.20131	31916000.0
2014-08-12	-0.00020800000000000001	0.057717	0.066968	0.05298099999999999	-0.018890999999999998	33795000.0
2014-08-11	0.013193999999999999	0.06308	0.072118	0.05828099999999999	1.182381	36585000.0
2014-08-08	0.002752	0.054703999999999996	0.06097	0.043739	0.24594899999999997	41865000.0
2014-08-07	-0.000106	0.062089	0.073501	0.052801999999999995	-0.009446	46711000.0
2014-08-06	-0.0016820000000000001	0.058292	0.066445	0.05784500000000001	-0.150611	38558000.0
2014-08-05	-0.004917	0.059868	0.063424	0.048753	-0.442391	55933000.0
2014-08-04	-0.0056170000000000005	0.065077	0.067397	0.051814	-0.50827	39958000.0
2014-08-01	0.0055439999999999994	0.054645000000000006	0.07376	0.053645000000000005	0.498871	48511000.0
2014-07-31	-0.025981	0.051708000000000004	0.054847	0.031899000000000004	-2.400185	56843000.0
2014-07-30	-0.002338	0.063072	0.06588	0.05475700000000001	-0.216469	33010000.0
2014-07-29	-0.006462999999999999	0.06575	0.06693099999999999	0.054163	-0.6024010000000001	43143000.0
2014-07-28	0.013822	0.06405599999999999	0.079502	0.06111900000000001	1.270683	55318000.0
2014-07-25	0.006595999999999999	0.060453	0.071293	0.058154	0.602371	43469000.0
2014-07-24	-0.0016460000000000001	0.060784000000000005	0.063845	0.054007000000000006	-0.150589	45729000.0
2014-07-23	0.026077	0.070276	0.097868	0.067471	2.324867	92918000.0
2014-07-22	0.008303	0.070793	0.073168	0.06446	0.734169	55197000.0
2014-07-21	-0.005189	0.068725	0.068837	0.054436	-0.461204	39079000.0
2014-07-18	0.014394999999999998	0.068473	0.081255	0.061625	1.261276	49988000.0
2014-07-17	-0.017831	0.06522599999999999	0.06802899999999999	0.037651	-1.590706	57298000.0
2014-07-16	-0.005665	0.080815	0.082264	0.055959	-0.508278	53396300.0
2014-07-15	-0.011715999999999999	0.06627999999999999	0.06683	0.046782	-1.063598	45477900.0
2014-07-14	0.012916999999999998	0.069565	0.081057	0.067222	1.15773	42810000.0
2014-07-11	0.001894	0.066001	0.071926	0.060412	0.169433	34018000.0
2014-07-10	-0.003669	0.04427	0.064206	0.041597	-0.329445	39686000.0
2014-07-09	0.00042	0.063427	0.06911	0.05585	0.037652	36436000.0
2014-07-08	-0.00646	0.065745	0.071613	0.03973	-0.58358	65222000.0
2014-07-07	0.020632	0.063667	0.08457	0.063215	1.8260189999999998	56468000.0
2014-07-03	0.005884	0.064583	0.06947	0.059241999999999996	0.517677	22891800.0
2014-07-02	-0.00042800000000000005	0.0664	0.06855900000000001	0.057539	-0.037636	28465000.0
2014-07-01	0.0063490000000000005	0.06916900000000001	0.07545700000000001	0.064711	0.555321	38223000.0
2014-06-30	0.010328	0.06381	0.082638	0.063695	0.89418	49482300.0
2014-06-27	0.011881000000000001	0.061489	0.075281	0.060904999999999994	1.016548	64029000.0
2014-06-26	0.0059759999999999995	0.062542	0.070537	0.05584	0.508271	32629000.0
2014-06-25	0.000886	0.0616	0.067367	0.05501	0.075302	36869000.0
2014-06-24	-0.006055	0.061489	0.073068	0.054938	-0.51767	39036000.0
2014-06-23	-0.00088	0.067216	0.07072200000000001	0.058801	-0.075317	43694000.0
2014-06-20	-0.010342	0.062309	0.070405	0.051321000000000006	-0.894173	100898000.0
2014-06-19	-0.003472	0.063692	0.063807	0.052743	-0.301201	35528000.0
2014-06-18	0.001086	0.06461599999999999	0.064847	0.054001	0.09411599999999999	33514000.0
2014-06-17	-0.001301	0.063692	0.068186	0.057815	-0.112945	29726000.0
2014-06-16	0.010079000000000001	0.06510099999999999	0.07953400000000001	0.064403	0.865959	35561000.0
2014-06-13	-0.010944	0.061388	0.064151	0.046192000000000004	-0.9506680000000001	54525000.0
2014-06-12	-0.016727000000000002	0.064462	0.065367	0.040238	-1.477753	54749000.0
2014-06-11	-0.004138	0.061072	0.068173	0.053632000000000006	-0.36706500000000003	45681000.0
2014-06-10	0.00587	0.074103	0.077731	0.06095	0.517662	62777000.0
2014-06-09	0.016000999999999998	0.06790399999999999	0.081498	0.056960000000000004	1.3890069999999999	75415000.0
2014-06-06	-0.00275	0.066609	0.068841	0.057698	-0.23933400000000002	87484600.0
2014-06-05	0.003924	0.064698	0.069921	0.058783	0.34018699999999996	75951400.0
2014-06-04	0.011419	0.06225700000000001	0.079672	0.060041	0.9788819999999999	83870500.0
2014-06-03	0.014141999999999998	0.062103	0.079476	0.061748000000000004	1.195389	73177300.0
2014-06-02	-0.006872	0.06403500000000001	0.065495	0.044801	-0.5849310000000001	92337700.0
2014-05-30	-0.003746	0.066772	0.077122	0.051588999999999996	-0.320015	141005200.0
2014-05-29	0.018221	0.068962	0.084319	0.068826	1.5288549999999999	94118500.0
2014-05-28	-0.002589	0.063086	0.06955700000000001	0.059283	-0.217827	78870400.0
2014-05-27	0.018726	0.065451	0.082717	0.06501900000000001	1.546318	87216500.0
2014-05-23	0.011297	0.062389	0.075475	0.061025	0.922424	58052400.0
2014-05-22	0.001583	0.062932	0.068627	0.058552	0.12909	50190000.0
2014-05-21	0.002646	0.060877999999999995	0.06592	0.05776799999999999	0.215126	49214900.0
2014-05-20	0.000199	0.062284000000000006	0.065605	0.055640999999999996	0.016144	58709000.0
2014-05-19	0.011849	0.063029	0.079885	0.062104	0.951995	79438800.0
2014-05-16	0.014759	0.062081	0.07814	0.056253	1.168503	69064100.0
2014-05-15	-0.008504000000000001	0.06390900000000001	0.067308	0.051994000000000005	-0.6790390000000001	57711500.0
2014-05-14	0.000185	0.06004400000000001	0.068937	0.05881	0.014786	41601000.0
2014-05-13	0.0015689999999999999	0.060937	0.065489	0.058607000000000006	0.125053	39934300.0
2014-05-12	0.01245	0.065962	0.077157	0.065799	0.980225	53302200.0
2014-05-09	-0.0041670000000000006	0.05619	0.05927999999999999	0.048583	-0.32943	72899400.0
2014-05-08	-0.001782	0.060999	0.07211000000000001	0.057663	-0.141166	57574300.0
2014-05-07	-0.0035	0.069868	0.073534	0.056352	-0.27816	70716100.0
2014-05-06	-0.010898999999999999	0.069851	0.074491	0.056714	-0.87584	93641100.0
2014-05-05	0.014141999999999998	0.063959	0.083538	0.063707	1.120552	71766800.0
2014-05-02	0.00186	0.069911	0.073271	0.065161	0.14708	47878600.0
2014-05-01	0.002356	0.07181599999999999	0.076886	0.06160499999999999	0.185882	61012000.0
2014-04-30	-0.003782	0.068918	0.081164	0.063795	-0.299514	114160200.0
2014-04-29	-0.002963	0.067729	0.071757	0.060122	-0.235344	84344400.0
2014-04-28	0.038728	0.069965	0.11283399999999999	0.069498	2.961807	167371400.0
2014-04-25	0.007344	0.062261000000000004	0.076299	0.061189	0.5575869999999999	97568800.0
2014-04-24	0.081982	0.15684	0.160484	0.141611	5.752495	189977900.0
2014-04-23	-0.013071000000000001	0.063053	0.067213	0.05379	-0.9293370000000001	98735000.0
2014-04-22	0.000998	0.062606	0.069685	0.058965	0.070862	50640800.0
2014-04-21	0.011868	0.069172	0.083011	0.06636399999999999	0.833061	45637200.0
2014-04-17	0.011426	0.070396	0.08637	0.068749	0.792946	71083600.0
2014-04-16	0.002027	0.06854400000000001	0.074814	0.060479	0.140404	53691400.0
2014-04-15	-0.007131	0.065471	0.068276	0.047162	-0.497429	66622500.0
2014-04-14	0.0039840000000000006	0.07306599999999999	0.073601	0.06342300000000001	0.276787	51418500.0
2014-04-11	-0.007393	0.059215	0.067031	0.055419	-0.517487	67929400.0
2014-04-10	-0.012898	0.069083	0.072226	0.053953999999999995	-0.9146200000000001	59913000.0
2014-04-09	0.013144	0.066725	0.082747	0.06546	0.919976	51542400.0
2014-04-08	-5.7999999999999994e-05	0.071868	0.073766	0.058623	-0.004029	60972100.0
2014-04-07	-0.015701	0.060724	0.06651	0.04841	-1.116523	72462600.0
2014-04-04	-0.012936000000000001	0.070381	0.070757	0.05207899999999999	-0.931992	68812800.0
2014-04-03	-0.0069299999999999995	0.06607400000000001	0.06826	0.05869	-0.502777	40586000.0
2014-04-02	0.001662	0.069798	0.07196799999999999	0.065617	0.120361	45105200.0
2014-04-01	0.009148	0.070389	0.078569	0.06841799999999999	0.6565479999999999	50190000.0
2014-03-31	-0.00022400000000000002	0.073075	0.07621900000000001	0.06650700000000001	-0.016059999999999998	42167300.0
2014-03-28	-0.001116	0.07006699999999999	0.0713	0.061977	-0.080238	50141000.0
2014-03-27	-0.004298	0.068833	0.071762	0.059135	-0.310219	55507900.0
2014-03-26	-0.009559999999999999	0.071358	0.07621900000000001	0.056341999999999996	-0.6966479999999999	74942000.0
2014-03-25	0.010757	0.072935	0.081356	0.069151	0.775543	70573300.0
2014-03-24	0.011859999999999999	0.079486	0.083656	0.072749	0.845101	88925200.0
2014-03-21	0.007887	0.07488500000000001	0.078563	0.063569	0.5575939999999999	93511600.0
2014-03-20	-0.0048189999999999995	0.065603	0.07119400000000001	0.06049500000000001	-0.342316	52099600.0
2014-03-19	-0.000263	0.070087	0.07808899999999999	0.063533	-0.018706999999999998	56189000.0
2014-03-18	0.008846	0.06665399999999999	0.078966	0.065234	0.623085	52411800.0
2014-03-17	0.003907	0.074487	0.079109	0.07072	0.27413200000000004	49886200.0
2014-03-14	-0.011231	0.064613	0.068841	0.052955999999999996	-0.796944	59299800.0
2014-03-13	-0.011106999999999999	0.070011	0.074431	0.053526	-0.7969510000000001	64435700.0
2014-03-12	0.0009699999999999999	0.06521	0.070869	0.060207000000000004	0.06954199999999999	49831600.0
2014-03-11	0.009738	0.077474	0.084094	0.071719	0.691307	69806100.0
2014-03-10	0.0009050000000000001	0.064169	0.074179	0.06412799999999999	0.064171	44646000.0
2014-03-07	-0.000584	0.06904199999999999	0.07083400000000001	0.058897000000000005	-0.041451	55182400.0
2014-03-06	-0.0030239999999999998	0.069221	0.072532	0.059809	-0.215286	46372200.0
2014-03-05	0.0021079999999999996	0.067715	0.075417	0.06411499999999999	0.149773	50015700.0
2014-03-04	0.006594	0.074917	0.078237	0.068378	0.46533199999999997	64785000.0
2014-03-03	0.002888	0.06263300000000001	0.077311	0.061395000000000005	0.203254	59695300.0
2014-02-28	-0.00271	0.071213	0.07864299999999999	0.057121000000000005	-0.191223	92992200.0
2014-02-27	0.019948	0.067925	0.091962	0.065674	1.379959	75470500.0
2014-02-26	-0.009022	0.07153	0.074374	0.055138	-0.629821	69054300.0
2014-02-25	-0.010406	0.072064	0.072449	0.055094000000000004	-0.734085	57988000.0
2014-02-24	0.004379	0.064087	0.07785700000000001	0.062602	0.307556	72227400.0
2014-02-21	-0.011108	0.071657	0.075237	0.055184000000000004	-0.788925	69696200.0
2014-02-20	-0.011575	0.05965	0.067622	0.051717	-0.831742	76464500.0
2014-02-19	-0.015788	0.065932	0.070119	0.045582	-1.152641	78442000.0
2014-02-18	0.003677	0.072306	0.082498	0.07153999999999999	0.267441	65062900.0
2014-02-14	-0.000808	0.064512	0.0714	0.06204	-0.058808000000000006	68231100.0
2014-02-13	0.015879	0.065846	0.08616	0.064929	1.137909	76849500.0
2014-02-12	-7.5e-05	0.070332	0.075534	0.062936	-0.0053560000000000005	77025200.0
2014-02-11	0.013175999999999998	0.07163	0.08605	0.069388	0.9320229999999999	70564200.0
2014-02-10	0.017915	0.066261	0.093665	0.06490499999999999	1.244896	86389800.0
2014-02-07	0.01399	0.08684800000000001	0.09007899999999999	0.07851	0.9587469999999999	92570100.0
2014-02-06	0.005828	0.069448	0.076661	0.064731	0.39711799999999997	64441300.0
2014-02-05	0.007469	0.070042	0.088462	0.069388	0.505104	82086200.0
2014-02-04	0.014476	0.084011	0.09174700000000001	0.077389	0.9650190000000001	94170300.0
2014-02-03	0.0018579999999999998	0.079068	0.090061	0.071962	0.12361199999999999	100366000.0
2014-01-31	0.001641	0.064861	0.078516	0.061355999999999994	0.10898599999999999	116199300.0
2014-01-30	-0.0019370000000000001	0.078595	0.087094	0.066061	-0.12893	169625400.0
2014-01-29	-0.011352	0.069342	0.076599	0.05803200000000001	-0.764289	125702500.0
2014-01-28	-0.079927	-0.006737000000000001	0.005446	-0.019798	-5.848511	266380800.0
2014-01-27	0.008112000000000001	0.082626	0.091935	0.07412300000000001	0.588821	138719700.0
2014-01-24	-0.018178	0.07053999999999999	0.073671	0.052666	-1.343826	107338700.0
2014-01-23	0.008468	0.07169400000000001	0.084477	0.061696	0.620743	100809800.0
2014-01-22	0.004444	0.078355	0.090843	0.072287	0.324333	94996300.0
2014-01-21	0.015536000000000001	0.075389	0.093438	0.07425599999999999	1.116524	82131700.0
2014-01-17	-0.024501	0.069382	0.070526	0.046926999999999996	-1.805046	106684900.0
2014-01-16	-0.00558	0.070009	0.07377	0.0638	-0.41340699999999997	57319500.0
2014-01-15	0.020077	0.088778	0.101917	0.085119	1.458145	97909700.0
2014-01-14	0.019898	0.079748	0.096821	0.078625	1.416939	83140400.0
2014-01-13	0.005235	0.068642	0.094032	0.068582	0.37083499999999997	94623200.0
2014-01-10	-0.006672	0.08138300000000001	0.083327	0.063916	-0.475846	76244000.0
2014-01-09	-0.01277	0.081358	0.081477	0.058714999999999996	-0.9224620000000001	69787200.0
2014-01-08	0.006333	0.072305	0.085738	0.07206599999999999	0.454582	64632400.0
2014-01-07	-0.007151	0.07552400000000001	0.078764	0.062878	-0.5170359999999999	79302300.0
2014-01-06	0.005453	0.06774	0.086315	0.060091	0.39208899999999997	103152700.0
2014-01-03	-0.021966	0.07422899999999999	0.075861	0.050076999999999997	-1.614975	98116900.0
2014-01-02	-0.014063999999999998	0.064523	0.067109	0.057512	-1.048751	58671200.0
2013-12-31	0.011722	0.074075	0.08785499999999999	0.073745	0.863983	55771100.0
2013-12-30	-0.009945	0.06970599999999999	0.074753	0.05984299999999999	-0.740372	63407400.0
2013-12-27	-0.006756	0.074601	0.075725	0.066367	-0.506424	56471100.0
2013-12-26	-0.006640999999999999	0.075567	0.078218	0.066631	-0.501099	51002000.0
2013-12-24	-0.0042450000000000005	0.074376	0.078128	0.067099	-0.321685	41888700.0
2013-12-23	0.038377	0.111908	0.11723199999999999	0.10165	2.800636	125326600.0
2013-12-20	0.008375	0.076668	0.088867	0.075464	0.606125	109103400.0
2013-12-19	-0.011457	0.072275	0.07325	0.061015	-0.8387450000000001	80077200.0
2013-12-18	-0.007603	0.064509	0.067898	0.043401	-0.560906	141465800.0
2013-12-17	-0.004502	0.071495	0.078493	0.06681000000000001	-0.33364099999999997	57475600.0
2013-12-16	0.005536999999999999	0.075897	0.090668	0.075877	0.408066	70648200.0
2013-12-13	-0.0109	0.079182	0.07923999999999999	0.061581	-0.812134	83205500.0
2013-12-12	-0.0014609999999999998	0.07624600000000001	0.082373	0.07220700000000001	-0.109001	65572500.0
2013-12-11	-0.007409000000000001	0.07750900000000001	0.085053	0.06361699999999999	-0.556938	89929700.0
2013-12-10	-0.0015539999999999998	0.069345	0.07750399999999999	0.064829	-0.116974	69567400.0
2013-12-09	0.011446	0.076442	0.0931	0.076442	0.8520280000000001	80123400.0
2013-12-06	-0.013876	0.07076	0.072577	0.058988	-1.047424	86088100.0
2013-12-05	0.0051329999999999995	0.089305	0.094041	0.077435	0.385467	111895000.0
2013-12-04	-0.0023309999999999997	0.073197	0.0802	0.064315	-0.17544500000000002	94452400.0
2013-12-03	0.027375	0.088538	0.10429200000000001	0.08732899999999999	2.005775	112742000.0
2013-12-02	-0.008704	0.078483	0.090718	0.064606	-0.6433409999999999	118136200.0
2013-11-29	0.018518	0.081682	0.099104	0.078395	1.343826	79531900.0
2013-11-27	0.023547	0.080616	0.100141	0.074753	1.6694950000000002	90862100.0
2013-11-26	0.018444	0.075533	0.100199	0.075287	1.284019	100345700.0
2013-11-25	0.00758	0.077276	0.08730299999999999	0.077234	0.523705	57327900.0
2013-11-22	-0.002571	0.071412	0.07685700000000001	0.069371	-0.178101	55931400.0
2013-11-21	0.011922	0.080179	0.087713	0.071978	0.816132	65506700.0
2013-11-20	-0.008758	0.07409099999999999	0.076553	0.063955	-0.6047899999999999	48479200.0
2013-11-19	0.0017739999999999998	0.07558200000000001	0.084596	0.073385	0.122276	52234700.0
2013-11-18	-0.012115	0.074753	0.07925700000000001	0.060851999999999996	-0.845398	61236000.0
2013-11-15	-0.006002	0.071538	0.076645	0.067285	-0.42134799999999994	79480100.0
2013-11-14	0.014464	0.079253	0.09261	0.07731299999999999	1.000915	70604800.0
2013-11-13	0.001192	0.070599	0.07938300000000001	0.068449	0.082398	49305200.0
2013-11-12	0.00185	0.071896	0.084837	0.070508	0.127602	51069200.0
2013-11-11	-0.0029010000000000004	0.073576	0.077045	0.06205599999999999	-0.200715	56863100.0
2013-11-08	0.015747	0.079136	0.092872	0.074963	1.0726930000000001	69829200.0
2013-11-07	-0.016183000000000003	0.071988	0.079436	0.057133	-1.120544	65655100.0
2013-11-06	-0.002833	0.07835299999999999	0.079814	0.066112	-0.196724	55843900.0
2013-11-05	-0.002468	0.076575	0.08542000000000001	0.07333200000000001	-0.171776	66303300.0
2013-11-04	0.012922	0.08325199999999999	0.09514299999999999	0.07849199999999999	0.888023	61156900.0
2013-11-01	-0.005108	0.083758	0.085371	0.06684	-0.352829	68722500.0
2013-10-31	-0.004190999999999999	0.081234	0.086362	0.07355199999999999	-0.290733	68924100.0
2013-10-30	0.015909	0.087158	0.103708	0.08173899999999999	1.086266	88540900.0
2013-10-29	-0.024911000000000003	0.094064	0.10014400000000001	0.049732	-1.744362	158951800.0
2013-10-28	0.007453	0.087358	0.091387	0.075376	0.51802	137610200.0
2013-10-25	-0.011186	0.079828	0.08371	0.067208	-0.786308	84448000.0
2013-10-24	0.013238999999999999	0.08111	0.096493	0.07585900000000001	0.91845	96191200.0
2013-10-23	0.009791	0.07921900000000001	0.093088	0.07921900000000001	0.6726449999999999	78430800.0
2013-10-22	-0.002858	0.091499	0.095729	0.053389	-0.196884	133515900.0
2013-10-21	0.024503999999999998	0.087146	0.11376300000000002	0.086615	1.6478810000000002	99526700.0
2013-10-18	0.008702	0.084221	0.091228	0.083621	0.580154	72635500.0
2013-10-17	0.006765	0.07859	0.08894500000000001	0.077943	0.447975	63398300.0
2013-10-16	0.004873	0.085602	0.089374	0.08222	0.321129	62775300.0
2013-10-15	0.0053219999999999995	0.084232	0.09401699999999999	0.07989500000000001	0.348869	80018400.0
2013-10-14	0.006554000000000001	0.074491	0.091491	0.073438	0.42685	65474500.0
2013-10-11	0.006474	0.075177	0.09030099999999999	0.071137	0.418907	66934700.0
2013-10-10	0.006268	0.091536	0.093891	0.082028	0.403053	69650700.0
2013-10-09	0.011748	0.08934500000000001	0.096425	0.075049	0.7466510000000001	75431300.0
2013-10-08	-0.013962	0.085882	0.08743300000000001	0.06504800000000001	-0.899948	72729300.0
2013-10-07	0.009772	0.088928	0.102557	0.08622	0.623737	78073100.0
2013-10-04	-0.000786	0.08203400000000001	0.083689	0.070272	-0.050200999999999996	64717100.0
2013-10-03	-0.012562	0.083126	0.087189	0.061551999999999996	-0.81271	80688300.0
2013-10-02	0.003279	0.075866	0.089535	0.071701	0.211418	72296000.0
2013-10-01	0.023514	0.084883	0.109122	0.08472400000000001	1.481407	88470900.0
2013-09-30	-0.012429	0.068712	0.078587	0.062352	-0.7929039999999999	65039100.0
2013-09-27	-0.007137	0.075603	0.077582	0.0688	-0.458553	57010100.0
2013-09-26	0.00974	0.091063	0.09681000000000001	0.08634800000000001	0.6197779999999999	59305400.0
2013-09-25	-0.015478	0.081249	0.082221	0.064075	-1.000378	79239300.0
2013-09-24	-0.003139	0.09037	0.09167	0.074814	-0.203507	91086100.0
2013-09-23	0.049699	0.14738199999999999	0.149256	0.116159	3.069832	190526700.0
2013-09-20	-0.010353	0.094074	0.095333	0.066608	-0.6461979999999999	174825700.0
2013-09-19	0.016398	0.095033	0.106967	0.091659	1.006969	101135300.0
2013-09-18	0.020557	0.099689	0.107215	0.093706	1.236912	114215500.0
2013-09-17	0.011553	0.07584	0.10405999999999999	0.074736	0.687184	99845200.0
2013-09-16	-0.031792	0.07195900000000001	0.073378	0.039917	-1.9531669999999999	135926700.0
2013-09-13	-0.01648	0.073366	0.079061	0.06275499999999999	-1.02945	74708900.0
2013-09-12	0.010648000000000001	0.082854	0.098802	0.077099	0.658116	101012800.0
2013-09-11	-0.054444000000000006	0.020643	0.035242	0.015835	-3.558785	224674100.0
2013-09-10	-0.022779	0.081092	0.083762	0.045426	-1.523674	185798900.0
2013-09-09	0.015957	0.095739	0.102075	0.092441	1.050591	85171800.0
2013-09-06	0.005956	0.087947	0.08999800000000001	0.06941599999999999	0.389808	89881400.0
2013-09-05	-0.0068579999999999995	0.084409	0.085341	0.07008099999999999	-0.45195	59091900.0
2013-09-04	0.020693	0.105322	0.111252	0.098065	1.3360450000000001	86258200.0
2013-09-03	0.002791	0.094074	0.11071500000000001	0.081316	0.17971800000000002	82982200.0
2013-08-30	-0.009111	0.081687	0.083776	0.069595	-0.592026	68074300.0
2013-08-29	0.0016300000000000002	0.08267999999999999	0.09336	0.08153400000000001	0.105728	59914400.0
2013-08-28	0.004728	0.075297	0.09698	0.075297	0.30526	76902000.0
2013-08-27	-0.028589999999999997	0.070346	0.080039	0.045199	-1.900322	106047200.0
2013-08-26	0.003892	0.080445	0.10083500000000001	0.07990599999999999	0.257705	82741400.0
2013-08-23	-0.003857	0.081694	0.081866	0.073269	-0.256378	55682900.0
2013-08-22	0.001194	0.08666599999999999	0.087978	0.072076	0.079292	61051900.0
2013-08-21	0.002575	0.086465	0.094145	0.081308	0.170487	83969900.0
2013-08-20	-0.013137000000000001	0.085222	0.08705299999999999	0.066294	-0.8814549999999999	89672100.0
2013-08-19	0.01077	0.085353	0.105582	0.084621	0.71492	127629600.0
2013-08-16	0.008878	0.085891	0.091949	0.083091	0.58413	90576500.0
2013-08-15	-0.001184	0.076517	0.08948500000000001	0.0606	-0.077988	122573500.0
2013-08-14	0.018241	0.099377	0.113443	0.08948500000000001	1.180107	189093100.0
2013-08-13	0.047522	0.089309	0.144174	0.082624	2.935032	220485300.0
2013-08-12	0.028408	0.086761	0.11480599999999999	0.086214	1.7060549999999999	91108500.0
2013-08-09	-0.014230000000000001	0.07547000000000001	0.079738	0.063769	-0.8669129999999999	66716300.0
2013-08-08	-0.0019920000000000003	0.08554400000000001	0.08610599999999999	0.071713	-0.121582	63944300.0
2013-08-07	-0.00058	0.084774	0.09225900000000001	0.080026	-0.035431	74714500.0
2013-08-06	-0.008947	0.084851	0.093821	0.071291	-0.551392	83714400.0
2013-08-05	0.014939	0.093224	0.10729200000000001	0.087248	0.907158	79713900.0
2013-08-02	0.012832	0.091335	0.10286700000000001	0.088118	0.7693220000000001	68695900.0
2013-08-01	0.009170999999999999	0.09590800000000001	0.098433	0.089921	0.5448149999999999	51562700.0
2013-07-31	-0.001743	0.092174	0.097815	0.078828	-0.10372200000000001	80739400.0
2013-07-30	0.01235	0.093439	0.110911	0.091665	0.7259939999999999	77355600.0
2013-07-29	0.01542	0.087697	0.110373	0.086216	0.8927229999999999	62014400.0
2013-07-26	0.005679	0.080225	0.09446900000000001	0.077842	0.326905	50038100.0
2013-07-25	-0.004563	0.088635	0.090364	0.076555	-0.263882	57373400.0
2013-07-24	0.051362	0.139952	0.154652	0.130421	2.825207	147984200.0
2013-07-23	-0.017171000000000002	0.08737400000000001	0.089825	0.068766	-0.9609989999999999	92348900.0
2013-07-22	0.003201	0.099714	0.100457	0.08949700000000001	0.178555	51949100.0
2013-07-19	-0.015773	0.091543	0.093761	0.06949	-0.8940389999999999	67180400.0
2013-07-18	0.00337	0.095929	0.09969700000000001	0.088924	0.190353	54719700.0
2013-07-17	0.000256	0.086901	0.093275	0.08315700000000001	0.014441999999999998	49747600.0
2013-07-16	0.006456999999999999	0.085824	0.09648999999999999	0.079841	0.36235500000000004	54134500.0
2013-07-15	0.00218	0.084338	0.10079400000000001	0.083803	0.12207799999999999	60479300.0
2013-07-12	-0.001825	0.08908200000000001	0.094532	0.078284	-0.102398	69890800.0
2013-07-11	0.015591999999999998	0.093907	0.107615	0.089303	0.86121	81573100.0
2013-07-10	-0.003836	0.08108	0.09447799999999999	0.077602	-0.21266999999999997	70351400.0
2013-07-09	0.017588	0.084364	0.110319	0.075922	0.958359	88146100.0
2013-07-08	-0.005678	0.095178	0.097498	0.070517	-0.311134	74534600.0
2013-07-05	-0.008032	0.087105	0.094605	0.074072	-0.443737	68506200.0
2013-07-03	0.005520000000000001	0.094328	0.09984	0.085461	0.30326	60232200.0
2013-07-02	0.022653	0.090133	0.12116500000000001	0.08882999999999999	1.216992	117466300.0
2013-07-01	0.032003	0.10507000000000001	0.131359	0.101036	1.6659700000000002	97763400.0
2013-06-28	0.006984000000000001	0.081478	0.1061	0.074598	0.36104200000000003	144629100.0
2013-06-27	-0.010777	0.091391	0.097241	0.075782	-0.563214	84311500.0
2013-06-26	-0.011325	0.091598	0.094003	0.069328	-0.59864	91931000.0
2013-06-25	0.000223	0.096708	0.102358	0.078136	0.011806	78540700.0
2013-06-24	-0.026505	0.072113	0.075429	0.047507	-1.438858	120186500.0
2013-06-21	-0.008013	0.092473	0.096415	0.06535	-0.43848400000000004	120279600.0
2013-06-20	-0.014563	0.07864700000000001	0.095832	0.068023	-0.808696	89327700.0
2013-06-19	-0.020312	0.087233	0.087888	0.066063	-1.1513520000000002	77735000.0
2013-06-18	-0.000533	0.08705700000000001	0.09547	0.08365700000000001	-0.030201	48756400.0
2013-06-17	0.004534000000000001	0.091683	0.10246199999999998	0.08895	0.256008	64853600.0
2013-06-14	-0.013556	0.086768	0.088989	0.06954500000000001	-0.775875	67966500.0
2013-06-13	0.008723	0.088946	0.100629	0.07950399999999999	0.49493000000000004	71458100.0
2013-06-12	-0.012362999999999999	0.09289	0.097242	0.072997	-0.710236	66306800.0
2013-06-11	-0.002939	0.080355	0.097761	0.07435499999999999	-0.16936099999999998	71528100.0
2013-06-10	-0.006609	0.09535700000000001	0.106071	0.075826	-0.383346	112538300.0
2013-06-07	0.007640999999999999	0.083301	0.10002799999999999	0.074044	0.439804	101133900.0
2013-06-06	-0.01494	0.089046	0.09278600000000001	0.061127	-0.87302	104233500.0
2013-06-05	-0.009348	0.079302	0.09158	0.074603	-0.551396	72647400.0
2013-06-04	-0.003128	0.094201	0.097122	0.080126	-0.185116	73182200.0
2013-06-03	0.0022010000000000003	0.090585	0.094529	0.070623	0.129967	93088100.0
2013-05-31	-0.004097	0.090382	0.101467	0.08315299999999999	-0.242866	96075700.0
2013-05-30	0.014901	0.089877	0.11152100000000001	0.087089	0.870403	88379900.0
2013-05-29	0.007951	0.084616	0.103104	0.083137	0.460804	82644100.0
2013-05-28	-0.008334000000000001	0.099777	0.10273499999999999	0.077654	-0.48705299999999996	96536300.0
2013-05-24	0.006808	0.084991	0.096829	0.083785	0.39515700000000004	69041700.0
2013-05-23	0.00179	0.074852	0.100025	0.07445700000000001	0.10371	88255300.0
2013-05-22	0.0038439999999999998	0.099031	0.109673	0.084601	0.221867	110759600.0
2013-05-21	-0.007383	0.076422	0.09443	0.066718	-0.429299	114005500.0
2013-05-20	0.022319	0.084775	0.11966099999999999	0.080229	1.269509	112894600.0
2013-05-17	-0.003038	0.099358	0.101962	0.079226	-0.173302	106976100.0
2013-05-16	0.013361000000000001	0.073931	0.111002	0.062918	0.752258	150801000.0
2013-05-15	-0.033817	0.07664299999999999	0.08115399999999999	0.035456	-1.970562	185403400.0
2013-05-14	-0.023926	0.086036	0.089266	0.058038	-1.428348	111779500.0
2013-05-13	0.003908	0.08465800000000001	0.100009	0.084634	0.23237199999999997	79237200.0
2013-05-10	-0.008319	0.09102400000000001	0.09517	0.073181	-0.498871	83713000.0
2013-05-09	-0.008723999999999999	0.085851	0.09338400000000001	0.075862	-0.527759	99621900.0
2013-05-08	0.011294	0.096275	0.111393	0.088562	0.675563	118149500.0
2013-05-07	-0.004449	0.10549700000000001	0.107351	0.078701	-0.267349	120938300.0
2013-05-06	0.023846	0.10931600000000001	0.125115	0.10590799999999999	1.399399	124160400.0
2013-05-03	0.010011	0.109604	0.114324	0.10429300000000001	0.581669	90325200.0
2013-05-02	0.014182	0.101577	0.118558	0.09871	0.812519	105457100.0
2013-05-01	-0.007882	0.099524	0.100687	0.074613	-0.45516999999999996	126727300.0
2013-04-30	0.029434	0.108051	0.133899	0.100334	1.651112	172884600.0
2013-04-29	0.030968	0.103901	0.138479	0.10272	1.685013	160081600.0
2013-04-26	0.021598	0.099204	0.12323699999999999	0.095019	1.150302	191024400.0
2013-04-25	0.007201999999999999	0.110956	0.118277	0.09952899999999999	0.380825	96209400.0
2013-04-24	-0.00165	0.061412	0.119966	0.058607000000000006	-0.087383	242412800.0
2013-04-23	0.018712	0.10998499999999999	0.122047	0.09575299999999999	0.9729200000000001	166059600.0
2013-04-22	0.020844	0.101286	0.1281	0.097444	1.061618	107480100.0
2013-04-19	-0.0038770000000000002	0.083969	0.11646199999999998	0.07595	-0.19823	152318600.0
2013-04-18	-0.026688	0.101323	0.10349900000000001	0.059852999999999996	-1.402024	166574800.0
2013-04-17	-0.054992	0.080026	0.080874	0.023078	-3.0570180000000002	236264000.0
2013-04-16	0.01522	0.099855	0.113005	0.097247	0.8333780000000001	76442800.0
2013-04-15	-0.02315	0.088232	0.0905	0.069245	-1.297676	79380000.0
2013-04-12	-0.01043	0.094914	0.094914	0.082153	-0.5907899999999999	59653300.0
2013-04-11	-0.003121	0.090415	0.101151	0.08408	-0.177368	82091100.0
2013-04-10	0.020399	0.098241	0.121227	0.09287999999999999	1.135948	93982000.0
2013-04-09	0.001807	0.09575399999999999	0.101253	0.086476	0.100418	76653500.0
2013-04-08	0.007112	0.099639	0.106498	0.09353	0.392563	75207300.0
2013-04-05	-0.010568000000000001	0.087122	0.088274	0.074778	-0.589489	95923800.0
2013-04-04	-0.009885	0.099856	0.103	0.078278	-0.556892	89611900.0
2013-04-03	0.005118999999999999	0.09939500000000001	0.11445699999999999	0.096694	0.286926	90804000.0
2013-04-02	0.002052	0.092022	0.11894	0.08895800000000001	0.11476099999999999	132379800.0
2013-04-01	-0.031062	0.093487	0.097942	0.058448	-1.793266	97433000.0
2013-03-28	-0.020837	0.089892	0.094738	0.070024	-1.2285540000000001	110709900.0
2013-03-27	-0.019647	0.08425099999999999	0.08505900000000001	0.07064	-1.181606	82809300.0
2013-03-26	-0.005263	0.099763	0.100708	0.088161	-0.318214	73573500.0
2013-03-25	0.0036149999999999997	0.10196000000000001	0.114434	0.09506	0.217792	125283900.0
2013-03-22	0.020277	0.099844	0.118038	0.096288	1.197262	98776300.0
2013-03-21	0.001438	0.090861	0.10966300000000001	0.090571	0.084766	95813900.0
2013-03-20	-0.005303	0.10243	0.10293599999999999	0.08355800000000001	-0.314308	77165200.0
2013-03-19	-0.002699	0.10445399999999999	0.10798699999999999	0.078014	-0.160419	131693800.0
2013-03-18	0.027183	0.089912	0.129439	0.08929400000000001	1.572857	151549300.0
2013-03-15	0.025804	0.10912000000000001	0.125076	0.10739800000000001	1.455486	160990200.0
2013-03-14	0.009687999999999999	0.106824	0.111453	0.100738	0.541244	75968900.0
2013-03-13	-0.00018700000000000002	0.095419	0.11088699999999999	0.087519	-0.010433	101387300.0
2013-03-12	-0.021559000000000002	0.08968999999999999	0.09789500000000001	0.069602	-1.2311590000000001	116477900.0
2013-03-11	0.014244999999999999	0.09037	0.113864	0.078673	0.802074	118559000.0
2013-03-08	0.002648	0.09338400000000001	0.107706	0.090357	0.148678	97870500.0
2013-03-07	0.011559	0.092383	0.11170899999999999	0.083531	0.64167	117118400.0
2013-03-06	-0.012711	0.10393	0.10580999999999999	0.07832	-0.7147020000000001	115062500.0
2013-03-05	0.026402	0.099097	0.134849	0.097194	1.44635	159608400.0
2013-03-04	-0.024206000000000002	0.088574	0.08959199999999999	0.066182	-1.358978	145688900.0
2013-03-01	-0.024762	0.086931	0.087377	0.06702799999999999	-1.4254799999999999	138112100.0
2013-02-28	-0.00713	0.094087	0.10349900000000001	0.08755800000000001	-0.41343	80628800.0
2013-02-27	-0.0098	0.094051	0.103834	0.07506900000000001	-0.5738479999999999	146837600.0
2013-02-26	0.013934	0.09789099999999999	0.11698800000000001	0.08265299999999999	0.804687	125374900.0
2013-02-25	-0.017768	0.102755	0.105841	0.075347	-1.044643	93144800.0
2013-02-22	0.010648999999999999	0.103202	0.108972	0.096694	0.619488	82663700.0
2013-02-21	-0.006215999999999999	0.088413	0.096149	0.080652	-0.363877	111795600.0
2013-02-20	-0.024218	0.089891	0.089891	0.068721	-1.4528809999999999	119075600.0
2013-02-19	-0.00036899999999999997	0.097606	0.101486	0.080348	-0.022163	108945900.0
2013-02-15	-0.013781	0.100674	0.103749	0.07971	-0.838593	97936300.0
2013-02-14	-0.0008990000000000001	0.089528	0.106228	0.08835499999999999	-0.054775	88818800.0
2013-02-13	-0.001902	0.093753	0.108806	0.084412	-0.116077	118801900.0
2013-02-12	-0.025065999999999998	0.094409	0.10096000000000001	0.06754600000000001	-1.568951	152263300.0
2013-02-11	0.010421	0.098873	0.11833699999999998	0.091378	0.645573	129372600.0
2013-02-08	0.014438	0.10889000000000001	0.120143	0.095438	0.881641	158289600.0
2013-02-07	0.029733999999999997	0.11596500000000001	0.132226	0.093971	1.7632720000000002	176145200.0
2013-02-06	-0.00107	0.098455	0.122591	0.089094	-0.06353400000000001	148426600.0
2013-02-05	0.035088	0.10606099999999999	0.14514200000000002	0.101503	2.0123860000000002	143336900.0
2013-02-04	-0.024911000000000003	0.10245599999999999	0.107386	0.073529	-1.465214	119279300.0
2013-02-01	-0.004105	0.110508	0.111403	0.084482	-0.24245799999999998	134871100.0
2013-01-31	-0.002933	0.102114	0.10766099999999999	0.097291	-0.173733	79833600.0
2013-01-30	-0.0031420000000000003	0.098699	0.11216199999999998	0.09268799999999999	-0.186729	104288800.0
2013-01-29	0.018763	0.12298699999999999	0.127151	0.10736099999999998	1.09436	142789500.0
2013-01-28	0.022619999999999998	0.096617	0.135139	0.091683	1.290157	196379400.0
2013-01-25	-0.023574	0.10466199999999999	0.115765	0.063845	-1.37704	302006600.0
2013-01-24	-0.12355799999999999	-0.014015999999999999	-0.001734	-0.034914	-8.23494	365213100.0
2013-01-23	0.018306	0.11057	0.12405899999999999	0.101752	1.198105	215377400.0
2013-01-22	0.00954	0.1118	0.11911500000000001	0.094326	0.618484	115386600.0
2013-01-18	-0.005331	0.09263400000000001	0.100744	0.087988	-0.347488	118230700.0
2013-01-17	-0.006737999999999999	0.11093900000000001	0.11189600000000001	0.092913	-0.442169	113419600.0
2013-01-16	0.041509	0.121523	0.15508	0.116671	2.615314	172701200.0
2013-01-15	-0.031549	0.094176	0.095691	0.061415	-2.0525700000000002	219193100.0
2013-01-14	-0.035651999999999996	0.064441	0.074647	0.055611	-2.4052580000000003	183551900.0
2013-01-11	-0.006132	0.096469	0.10556099999999999	0.092302	-0.41622200000000004	87626700.0
2013-01-10	0.012395999999999999	0.126148	0.12650999999999998	0.098386	0.8311620000000001	150286500.0
2013-01-09	-0.015629	0.095858	0.101123	0.082205	-1.064545	101901100.0
2013-01-08	0.002691	0.112919	0.118555	0.096179	0.182831	114676800.0
2013-01-07	-0.005882	0.091299	0.10655999999999999	0.077083	-0.401963	121039100.0
2013-01-04	-0.027855	0.091326	0.0947	0.068685	-1.9579229999999999	148583400.0
2013-01-03	-0.012622	0.099444	0.10303599999999999	0.085638	-0.898568	88241300.0
2013-01-02	0.031682	0.146574	0.149017	0.12133699999999999	2.1861349999999997	140129500.0
2012-12-31	0.04431	0.10378399999999999	0.157554	0.100476	2.927803	164873100.0
2012-12-28	-0.010620000000000001	0.091548	0.100511	0.086907	-0.709275	88569600.0
2012-12-27	0.004016	0.10291099999999999	0.108732	0.08384	0.267106	113780100.0
2012-12-26	-0.013784000000000001	0.099274	0.100248	0.082584	-0.929673	75609100.0
2012-12-24	0.0016170000000000002	0.10391600000000001	0.11218900000000001	0.100436	0.108902	43938300.0
2012-12-21	-0.0046	0.082197	0.097401	0.077488	-0.311203	149067100.0
2012-12-20	-0.008702	0.109476	0.109895	0.086198	-0.593849	120422400.0
2012-12-19	-0.014216	0.096737	0.101339	0.08441799999999999	-0.984146	112342300.0
2012-12-18	0.029046	0.114854	0.135877	0.10476700000000001	1.954048	156421300.0
2012-12-17	0.017731999999999998	0.099893	0.12381700000000001	0.08325199999999999	1.172135	189401800.0
2012-12-14	-0.037569	0.070677	0.077707	0.051602999999999996	-2.580292	252394800.0
2012-12-13	-0.017273	0.08570599999999999	0.098972	0.07477	-1.207184	156314900.0
2012-12-12	-0.004415	0.11473499999999999	0.115203	0.09133200000000001	-0.309898	121786000.0
2012-12-11	0.021838	0.12244300000000001	0.142801	0.117452	1.5002280000000001	148086400.0
2012-12-10	-0.006431999999999999	0.084707	0.11262	0.07764	-0.444747	157621100.0
2012-12-07	-0.025565	0.11415399999999999	0.117778	0.06704299999999999	-1.813996	196760200.0
2012-12-06	0.015683000000000002	0.08161	0.131443	0.060527	1.095665	294303100.0
2012-12-05	-0.06435700000000001	0.088474	0.089124	0.030808	-4.805343	261159500.0
2012-12-04	-0.017639	0.093501	0.093501	0.075326	-1.340722	139267100.0
2012-12-03	0.0015550000000000002	0.11750799999999999	0.119277	0.10216599999999999	0.11798900000000001	91070000.0
2012-11-30	-0.006923	0.096947	0.099957	0.089264	-0.529022	97829900.0
2012-11-29	0.011013	0.11551099999999999	0.123128	0.106118	0.832435	128674700.0
2012-11-28	-0.003147	0.087602	0.103673	0.078163	-0.23858600000000002	130216100.0
2012-11-27	-0.008057	0.101789	0.103415	0.084128	-0.615891	133332500.0
2012-11-26	0.031549	0.110234	0.137417	0.106012	2.337838	157644900.0
2012-11-23	0.017447	0.112481	0.121955	0.10351700000000001	1.270691	68206600.0
2012-11-21	0.0014089999999999999	0.10831199999999999	0.11444100000000001	0.09328600000000001	0.10245499999999999	93250500.0
2012-11-20	-0.00852	0.11378800000000001	0.11386500000000001	0.080038	-0.624977	160688500.0
2012-11-19	0.072108	0.128958	0.184893	0.127225	4.9337	205829400.0
2012-11-16	0.003919	0.100872	0.11093299999999999	0.060103	0.267113	316723400.0
2012-11-15	-0.020973	0.10308599999999998	0.107128	0.072488	-1.460037	197477700.0
2012-11-14	-0.011089	0.107028	0.11098499999999999	0.088114	-0.780579	119292600.0
2012-11-13	0.000129	0.093795	0.117278	0.08862	0.009071	133237300.0
2012-11-12	-0.007731999999999999	0.116031	0.11673599999999999	0.084814	-0.548461	128950500.0
2012-11-09	0.017313	0.107222	0.136848	0.09349500000000001	1.207183	232478400.0
2012-11-08	-0.036291000000000004	0.106945	0.110104	0.056912	-2.625709	264036500.0
2012-11-07	-0.038263	0.089675	0.091004	0.055323000000000004	-2.878525	198412200.0
2012-11-06	-0.0030280000000000003	0.117405	0.11837	0.098208	-0.22845500000000002	93729300.0
2012-11-05	0.013558	0.119679	0.127834	0.108319	1.009362	132283900.0
2012-11-02	-0.033091	0.10557799999999999	0.107545	0.066356	-2.547936	149843400.0
2012-11-01	0.002049	0.112175	0.12106199999999999	0.104646	0.15746300000000002	90324500.0
2012-10-31	-0.014371	0.090072	0.103046	0.076916	-1.1203459999999998	127500800.0
2012-10-26	-0.009089	0.106584	0.114883	0.07312	-0.715065	254608200.0
2012-10-25	-0.011819	0.112472	0.11606	0.08654400000000001	-0.9409709999999999	164081400.0
2012-10-24	0.005658	0.12136400000000001	0.13058499999999998	0.101876	0.44791400000000003	139631800.0
2012-10-23	-0.032601	0.101495	0.106557	0.067804	-2.667969	176786400.0
2012-10-22	0.039666	0.11146600000000001	0.153136	0.108454	3.122284	136682700.0
2012-10-19	-0.036039999999999996	0.104002	0.105262	0.066511	-2.942901	186021500.0
2012-10-18	-0.018569	0.098165	0.102406	0.08169900000000001	-1.544991	119156100.0
2012-10-17	-0.007972	0.105217	0.11189400000000001	0.09692200000000001	-0.66861	97259400.0
2012-10-16	0.023678	0.107847	0.13388	0.100228	1.939972	137442900.0
2012-10-15	0.008020000000000001	0.111424	0.11631	0.096484	0.651841	108125500.0
2012-10-12	0.0025629999999999997	0.109357	0.11961199999999998	0.10185	0.207817	115003700.0
2012-10-11	-0.019987	0.11643699999999998	0.117646	0.084662	-1.65345	136520300.0
2012-10-10	0.007958	0.11355499999999999	0.122676	0.108786	0.653129	127589000.0
2012-10-09	-0.003636	0.107616	0.11080799999999999	0.081428	-0.299476	209649300.0
2012-10-08	-0.022096	0.0971	0.098253	0.078834	-1.8612369999999998	159498500.0
2012-10-05	-0.021311	0.104128	0.105456	0.081023	-1.834152	148501500.0
2012-10-04	-0.006925	0.106454	0.111399	0.097059	-0.600205	92681400.0
2012-10-03	0.015333000000000001	0.112725	0.12444100000000001	0.108993	1.308815	106070300.0
2012-10-02	0.002912	0.110846	0.118466	0.092114	0.24784099999999998	156998100.0
2012-10-01	-0.011558	0.11352000000000001	0.122794	0.089197	-0.995186	135898700.0
2012-09-28	-0.020871	0.10260899999999999	0.10644300000000001	0.083116	-1.835403	133777700.0
2012-09-27	0.024263999999999997	0.105303	0.135053	0.098747	2.0832439999999997	148522500.0
2012-09-26	-0.012412000000000001	0.098897	0.105387	0.086507	-1.079048	144125800.0
2012-09-25	-0.024971	0.10273099999999999	0.109973	0.07828099999999999	-2.226524	129697400.0
2012-09-24	-0.013284	0.085869	0.098927	0.079766	-1.200379	159941600.0
2012-09-21	0.001989	0.11266099999999998	0.116874	0.107829	0.179367	142897300.0
2012-09-20	-0.004843	0.102149	0.10356800000000001	0.093416	-0.438842	84142100.0
2012-09-19	0.000271	0.104182	0.11006400000000001	0.103094	0.024528	81718700.0
2012-09-18	0.0030440000000000003	0.10694200000000001	0.11081700000000001	0.10147	0.274925	93375800.0
2012-09-17	0.012296	0.11970499999999999	0.120425	0.11211600000000001	1.097138	99507800.0
2012-09-14	0.012152	0.118095	0.129471	0.11474100000000001	1.071304	150118500.0
2012-09-13	0.019693000000000002	0.119309	0.132744	0.115013	1.7024990000000002	149590000.0
2012-09-12	0.013927000000000002	0.117272	0.12238199999999999	0.099094	1.18747	178058300.0
2012-09-11	-0.003244	0.11074200000000001	0.119075	0.096363	-0.277496	125995800.0
2012-09-10	-0.026012999999999998	0.1068	0.11142	0.076953	-2.284607	121999500.0
2012-09-07	0.006166	0.109697	0.11694700000000001	0.105966	0.538215	82416600.0
2012-09-06	0.009012000000000001	0.11163900000000002	0.120094	0.107725	0.779618	97799100.0
2012-09-05	-0.007022	0.107768	0.109047	0.097979	-0.6118020000000001	84093800.0
