2017-09-01	0.003451	0.010785	0.011648	0.003451.1	0.080000	1111400.000000
2016-09-01	0.018459	0.032739	0.054692	0.030352999999999998	0.386782	2812300.0
2016-08-31	-0.004136	0.032269	0.034645999999999996	0.026566000000000003	-0.087027	940800.0
2016-08-30	-0.006846	0.032755	0.034171	0.024730000000000002	-0.145042	987200.0
2016-08-29	0.0032049999999999995	0.03275	0.038906	0.032276	0.067686	931000.0
2016-08-26	-0.0045579999999999996	0.038413	0.049254	0.025686	-0.096697	1455400.0
2016-08-25	-0.002274	0.031349	0.034641000000000005	0.031349	-0.048345	643600.0
2016-08-24	-0.003625	0.033233	0.034638999999999996	0.029016000000000004	-0.07735700000000001	585700.0
2016-08-23	0.0054670000000000005	0.042651	0.045478	0.039353	0.116034	846100.0
2016-08-22	-0.004986	0.027607	0.031827	0.025263999999999998	-0.10636500000000002	1089500.0
2016-08-19	-0.013416999999999998	0.017058	0.021683	0.012894999999999998	-0.290089	1240600.0
2016-08-18	0.013599000000000002	0.04214	0.048235	0.041203	0.290089	1122200.0
2016-08-17	0.000454	0.034171	0.036516	0.027605	0.00967	1413300.0
2016-08-16	-0.0036149999999999997	0.031367	0.035573	0.029498000000000003	-0.077356	1156700.0
2016-08-15	0.002719	0.033233	0.038388	0.033233	0.058017	1253900.0
2016-08-12	0.002271	0.038867	0.040276	0.034171	0.048346	1067900.0
2016-08-11	0.007319	0.04174	0.044579	0.038428	0.15471400000000002	1074100.0
2016-08-10	0.013915	0.05	0.052398	0.047601	0.290089	1715100.0
2016-08-09	0.007948	0.041906	0.046258	0.040456	0.164383	862900.0
2016-08-08	0.004225	0.035627	0.039512	0.035142	0.087027	1067500.0
2016-08-05	0.003297	0.032222	0.038555	0.032222	0.067686	1034600.0
2016-08-04	0.010952	0.043035000000000004	0.048944	0.041065	0.2224	898200.0
2016-08-03	-0.003795	0.027793	0.031226999999999998	0.027302	-0.07735800000000001	1250300.0
2016-08-02	0.000475	0.041042	0.041042	0.030735000000000002	0.00967	1542900.0
2016-08-01	-0.008471	0.022977	0.029791	0.019571	-0.17405299999999999	1180800.0
2016-07-29	0.008543	0.042515	0.049386	0.039079	0.17405299999999999	1697200.0
2016-07-28	0.006208	0.039109	0.04306	0.036146	0.125704	1853500.0
2016-07-27	-0.001431	0.031212	0.035157	0.025787	-0.029006999999999998	1601800.0
2016-07-26	0.0062380000000000005	0.034171	0.041614	0.031193000000000002	0.125704	1391600.0
2016-07-25	-0.003348	0.031698000000000004	0.032687	0.026257	-0.067688	1120100.0
2016-07-22	0.010145	0.046661	0.04716	0.036169	0.203062	2299600.0
2016-07-21	0.022727	0.05512	0.06585	0.053076	0.444801	2994700.0
2016-07-20	0.006464	0.038799	0.046513	0.034171	0.125704	1843100.0
2016-07-19	0.009032	0.037802999999999996	0.047143	0.035209	0.17405299999999999	2072700.0
2016-07-18	-0.0035	0.032619	0.036756	0.029	-0.067688	1567000.0
2016-07-15	0.002506	0.034171	0.037799	0.030024000000000002	0.048348	1588100.0
2016-07-14	0.016302	0.053663999999999996	0.058405	0.048922	0.309429	3024600.0
2016-07-13	0.00512	0.042643	0.044232	0.035759	0.096693	1352200.0
2016-07-12	0.008781	0.042183	0.046457	0.041115	0.164383	2246400.0
2016-07-11	0.024339	0.059888	0.064813	0.058247	0.44480299999999995	1746100.0
2016-07-08	0.015691999999999998	0.042062	0.052065999999999994	0.040395	0.28234899999999996	1528000.0
2016-07-07	0.001551	0.082086	0.08820900000000001	0.073737	0.02787	1740100.0
2016-07-06	0.0015539999999999998	0.06815800000000001	0.079308	0.060353	0.027868	2143800.0
2016-07-05	-0.030136000000000003	0.054352	0.056514	0.041375	-0.5573520000000001	1575400.0
2016-07-01	0.004034	0.078149	0.083035	0.07706299999999999	0.074313	1714600.0
2016-06-30	0.020062	0.078181	0.09867100000000001	0.077074	0.36227800000000004	2444400.0
2016-06-29	0.005691	0.072622	0.08543099999999999	0.070951	0.10218200000000001	2341700.0
2016-06-28	0.002074	0.077636	0.082659	0.068149	0.037155	2701300.0
2016-06-27	-0.029677999999999996	0.05756699999999999	0.05756699999999999	0.033199	-0.548059	2879100.0
2016-06-24	-0.080481	-0.004144	0.015275	-0.012111	-1.616322	4213000.0
2016-06-23	0.016933	0.090698	0.095762	0.083103	0.334412	1349100.0
2016-06-22	-0.0014089999999999999	0.08006	0.083093	0.073992	-0.027867000000000003	1328500.0
2016-06-21	0.016229	0.089366	0.097588	0.082686	0.315831	1651100.0
2016-06-20	0.019465	0.09904600000000001	0.10428399999999999	0.095903	0.37156999999999996	1066500.0
2016-06-17	0.011817	0.086591	0.091891	0.08076	0.22294099999999997	2582600.0
2016-06-16	-0.000984	0.064871	0.077579	0.053221000000000004	-0.018580000000000003	2029800.0
2016-06-15	0.0074329999999999995	0.088256	0.09625800000000001	0.08292200000000001	0.13933800000000002	2056700.0
2016-06-14	-0.0044399999999999995	0.072271	0.074927	0.065898	-0.083603	2289300.0
2016-06-13	-0.019826	0.054136000000000004	0.062465	0.053095	-0.380858	2563500.0
2016-06-10	-0.021759999999999998	0.058188	0.061752	0.048512	-0.42730100000000004	1662000.0
2016-06-09	-0.015369999999999998	0.054458000000000006	0.060976	0.054458000000000006	-0.306544	1805600.0
2016-06-08	0.0	0.08002999999999999	0.08153400000000001	0.074514	0.0	1293100.0
2016-06-07	0.011781	0.090725	0.093769	0.08920299999999999	0.23223200000000002	1773200.0
2016-06-06	0.012888	0.089366	0.095019	0.085256	0.250805	1671400.0
2016-06-03	0.005278	0.081686	0.08426900000000001	0.07652	0.10218200000000001	1162600.0
2016-06-02	-0.001916	0.070333	0.075489	0.067755	-0.037157	1491700.0
2016-06-01	0.0048119999999999994	0.07393	0.081701	0.07082100000000001	0.092892	1130500.0
2016-05-31	-0.010005	0.070366	0.07652	0.061647	-0.195073	2493200.0
2016-05-27	0.003346	0.082695	0.085268	0.078578	0.065024	1070400.0
2016-05-26	0.011116	0.094211	0.096292	0.087447	0.21365100000000004	1232900.0
2016-05-25	0.0073030000000000005	0.083333	0.08805	0.082285	0.13933800000000002	1475400.0
2016-05-24	0.0019510000000000003	0.07231900000000001	0.081246	0.07231900000000001	0.037157	1613600.0
2016-05-23	0.007866	0.082871	0.088693	0.08075399999999999	0.148628	1802500.0
2016-05-20	0.005437	0.085034	0.088227	0.081309	0.102181	1143600.0
2016-05-19	-0.006385	0.066474	0.071233	0.062773	-0.12075999999999999	1591200.0
2016-05-18	0.0019690000000000003	0.078109	0.08870499999999999	0.072282	0.037157	2298500.0
2016-05-17	-0.000983	0.08128300000000001	0.08816399999999999	0.07281499999999999	-0.018578	1704300.0
2016-05-16	0.0069310000000000005	0.080251	0.08931	0.079185	0.130047	2002000.0
2016-05-13	-0.024626	0.056248	0.064045	0.046370999999999996	-0.47374700000000003	1943400.0
2016-05-12	0.00048300000000000003	0.086921	0.08744099999999999	0.070279	0.009289	1616800.0
2016-05-11	0.00048300000000000003	0.07964199999999999	0.084845	0.074959	0.009288	1316400.0
2016-05-10	0.014216	0.07915900000000001	0.092879	0.07915900000000001	0.269387	1673600.0
2016-05-09	-0.009709	0.072862	0.073907	0.06554600000000001	-0.185784	2850300.0
2016-05-06	0.002921	0.074424	0.081237	0.073375	0.055735	2595500.0
2016-05-05	-0.00725	0.081203	0.081203	0.065594	-0.13933800000000002	1223600.0
2016-05-04	-0.015699	0.069862	0.071911	0.056546000000000006	-0.306543	1865900.0
2016-05-03	-0.009892	0.072463	0.07297100000000001	0.063336	-0.195072	2401600.0
2016-05-02	0.005684000000000001	0.08009	0.083659	0.0755	0.111469	2071200.0
2016-04-29	0.009082	0.086812	0.091958	0.081151	0.176495	2951900.0
2016-04-28	-0.00759	0.069371	0.078563	0.06579600000000001	-0.148627	1368100.0
2016-04-27	0.00813	0.080124	0.08784600000000001	0.07600499999999999	0.157917	1226900.0
2016-04-26	0.015541	0.091682	0.095342	0.089068	0.29725300000000004	1818600.0
2016-04-25	-0.009143	0.068231	0.07134	0.064087	-0.176494	1589600.0
2016-04-22	0.00435	0.079122	0.082764	0.07652	0.083602	1295000.0
2016-04-21	-0.0091	0.06724	0.07445800000000001	0.063115	-0.176494	2702000.0
2016-04-20	0.030601999999999997	0.10787000000000001	0.117434	0.105744	0.575929	3170300.0
2016-04-19	0.013507	0.092137	0.096984	0.08782899999999999	0.250809	1827900.0
2016-04-18	0.010106	0.0738	0.089031	0.0738	0.185784	1586600.0
2016-04-15	-0.003023	0.072724	0.07923200000000001	0.071639	-0.055737	1523000.0
2016-04-14	0.003539	0.08141799999999999	0.083595	0.07760800000000001	0.065025	905700.0
2016-04-13	0.0035520000000000005	0.079797	0.08089	0.074335	0.065026	1087000.0
2016-04-12	0.016503	0.084848	0.097062	0.080962	0.297254	1523500.0
2016-04-11	0.001032	0.081522	0.087635	0.07763099999999999	0.018576	1307900.0
2016-04-08	0.020548	0.091267	0.103745	0.0907	0.362282	1218600.0
2016-04-07	-0.011458	0.067549	0.072595	0.06138099999999999	-0.20436500000000002	1570300.0
2016-04-06	0.005762	0.072573	0.083851	0.069189	0.10218200000000001	2760500.0
2016-04-05	-0.015472	0.05764299999999999	0.064861	0.055423	-0.278675	1675100.0
2016-04-04	0.006227	0.09160399999999999	0.093838	0.079872	0.11147	1822400.0
2016-04-01	-0.007723999999999999	0.054347	0.069314	0.05379199999999999	-0.13933800000000002	1691500.0
2016-03-31	-0.008172	0.069922	0.07322100000000001	0.065524	-0.148626	1552000.0
2016-03-30	0.021387	0.09842100000000001	0.104598	0.095613	0.380855	1827200.0
2016-03-29	0.010011	0.07141499999999999	0.088431	0.06858	0.17649700000000001	959900.0
2016-03-28	0.002641	0.077657	0.082776	0.07652	0.046444	606400.0
2016-03-24	-0.008381	0.060166	0.068061	0.059039	-0.148627	1313100.0
2016-03-23	-0.007795999999999999	0.074282	0.074282	0.067008	-0.139337	1305800.0
2016-03-22	0.0	0.07204400000000001	0.079877	0.06980599999999999	0.0	1251700.0
2016-03-21	-0.010797	0.063236	0.071539	0.06213	-0.195074	2730400.0
2016-03-18	0.001545	0.079846	0.082618	0.074303	0.027868	2104100.0
2016-03-17	0.026969999999999997	0.088475	0.10896900000000001	0.08505900000000001	0.473749	1923800.0
2016-03-16	0.030518	0.08532000000000001	0.11172	0.08532000000000001	0.520195	1800500.0
2016-03-15	-0.008108	0.071283	0.071283	0.0643	-0.139337	1169600.0
2016-03-14	-0.009106	0.064988	0.069601	0.061528	-0.157917	1151900.0
2016-03-11	0.023575	0.093636	0.10307899999999999	0.091275	0.399435	1912000.0
2016-03-10	0.0016469999999999998	0.083023	0.091299	0.069426	0.027868	2440300.0
2016-03-09	-0.000549	0.074748	0.08065599999999999	0.071202	-0.009289	1220300.0
2016-03-08	-0.013000999999999999	0.073021	0.074188	0.061358	-0.22294	1689500.0
2016-03-07	0.0038060000000000004	0.067739	0.082374	0.06715399999999999	0.065023	1246400.0
2016-03-04	-0.006483	0.063725	0.07535700000000001	0.060236000000000005	-0.111471	2423900.0
2016-03-03	0.015916999999999997	0.08479199999999999	0.093655	0.08479199999999999	0.269388	1271500.0
2016-03-02	0.001099	0.065873	0.078886	0.062916	0.018576	1934100.0
2016-03-01	0.022472	0.086801	0.101921	0.08377799999999999	0.37156999999999996	1371600.0
2016-02-29	0.0	0.079544	0.088616	0.07652	0.0	1572500.0
2016-02-26	-0.000562	0.080147	0.083169	0.07228899999999999	-0.009290000000000001	1155100.0
2016-02-25	0.006783	0.074086	0.08443099999999999	0.071652	0.111469	1502300.0
2016-02-24	0.0022660000000000002	0.058222	0.08018	0.052733	0.037157	1547900.0
2016-02-23	-0.013415	0.070503	0.075317	0.060273	-0.22294	1461600.0
2016-02-22	0.00168	0.07350599999999999	0.080739	0.072903	0.027868	1664500.0
2016-02-19	-0.00056	0.07109800000000001	0.078327	0.067484	-0.009290999999999999	1485000.0
2016-02-18	0.00056	0.08315	0.08315	0.074712	0.009290999999999999	2096000.0
2016-02-17	0.021738999999999998	0.091301	0.104234	0.088837	0.352989	2620200.0
2016-02-16	0.026424	0.10054099999999999	0.10686199999999998	0.089163	0.41801400000000005	2383800.0
2016-02-12	0.021596	0.084915	0.10170599999999999	0.07910299999999999	0.334411	2286700.0
2016-02-11	-0.014193	0.062515	0.070154	0.051691999999999995	-0.22294	2685900.0
2016-02-10	-0.004123	0.08286	0.086664	0.070814	-0.065025	2087400.0
2016-02-09	-0.009913	0.057061	0.071498	0.053923	-0.157916	6043300.0
2016-02-08	-0.025568	0.053277	0.056335	0.038597	-0.41801499999999997	6445400.0
2016-02-05	-0.001702	0.080795	0.088122	0.072246	-0.027866000000000002	5023100.0
2016-02-04	0.023215	0.075895	0.10338599999999999	0.074646	0.371568	5710700.0
2016-02-03	0.028043000000000002	0.09514700000000001	0.10992	0.08165900000000001	0.43659	7229800.0
2016-02-02	-0.026713	0.053389	0.062141999999999996	0.045262000000000004	-0.42730100000000004	5517100.0
2016-02-01	-0.0046240000000000005	0.06283	0.075276	0.057852	-0.074312	2385400.0
2016-01-29	0.021854	0.084786	0.10068300000000001	0.082243	0.343696	2117600.0
2016-01-28	0.001775	0.090534	0.093082	0.072061	0.027870999999999996	2863100.0
2016-01-27	0.013797	0.075874	0.10816300000000001	0.075874	0.21365	3393200.0
2016-01-26	0.021446	0.089053	0.100927	0.087074	0.325121	2392100.0
2016-01-25	-0.013300999999999999	0.064805	0.073917	0.060249000000000004	-0.20436300000000002	2857600.0
2016-01-22	0.027968	0.11198	0.116664	0.093916	0.41801499999999997	2119200.0
2016-01-21	0.0	0.06782200000000001	0.08388	0.059125	0.0	3170000.0
2016-01-20	-0.010454999999999999	0.067251	0.071224	0.042093	-0.157917	3981000.0
2016-01-19	0.012453	0.09797	0.103332	0.081212	0.185784	3243200.0
2016-01-15	-0.040048	0.037912	0.047563999999999995	0.028260000000000004	-0.622375	3139700.0
2016-01-14	0.02638	0.09435199999999999	0.11086300000000002	0.083785	0.399436	3928500.0
2016-01-13	-0.021609	0.079751	0.08492000000000001	0.050673	-0.334411	2607100.0
2016-01-12	0.021459	0.095001	0.101602	0.085101	0.325121	4156200.0
2016-01-11	0.0	0.087741	0.089061	0.06926	0.0	2848600.0
2016-01-08	-0.01747	0.073277	0.07587200000000001	0.05511900000000001	-0.269387	3517700.0
2016-01-07	-0.018913	0.059342	0.068249	0.054252	-0.297255	2422400.0
2016-01-06	-0.016850999999999998	0.060882000000000006	0.065886	0.05275	-0.269385	2570100.0
2016-01-05	-0.017694	0.058700999999999996	0.06361599999999999	0.050099	-0.287966	2477800.0
2016-01-04	-0.011844	0.058304999999999996	0.064377	0.044947	-0.195072	2313200.0
2015-12-31	-0.019358	0.065207	0.065802	0.05567999999999999	-0.325123	989400.0
2015-12-30	-0.008228000000000001	0.06943400000000001	0.074749	0.067072	-0.139336	1290200.0
2015-12-29	0.003855	0.07652	0.084819	0.07652	0.065024	1414900.0
2015-12-28	0.001655	0.084833	0.084833	0.074145	0.027866000000000002	1849600.0
2015-12-24	0.003321	0.074137	0.08307300000000001	0.074137	0.055737	528400.0
2015-12-23	0.018602	0.08805	0.097152	0.084409	0.306543	1790300.0
2015-12-22	0.010826	0.078974	0.090628	0.075907	0.176495	1684300.0
2015-12-21	0.004004	0.085142	0.08699	0.075288	0.065023	2414200.0
2015-12-18	-0.012987	0.069226	0.072265	0.057676	-0.21365	2845400.0
2015-12-17	-0.020465	0.071161	0.071757	0.054488999999999996	-0.343702	2658300.0
2015-12-16	0.009492	0.08192999999999999	0.089143	0.07111	0.157917	4163100.0
2015-12-15	0.002238	0.082544	0.087966	0.07652	0.037155	3933100.0
2015-12-14	0.005062	0.08923500000000001	0.092262	0.07652	0.083605	5580800.0
2015-12-11	-0.014412000000000001	0.06816599999999999	0.07293999999999999	0.060408	-0.24151999999999998	3384200.0
2015-12-10	-0.010965	0.072389	0.074159	0.062946	-0.185783	2625500.0
2015-12-09	0.001098	0.075929	0.091882	0.071202	0.018579	2715400.0
2015-12-08	-0.014603	0.0608	0.067205	0.053814	-0.25081	2855800.0
2015-12-07	-0.012813999999999999	0.068473	0.068473	0.059276999999999996	-0.22294099999999997	1911100.0
2015-12-04	0.006989	0.072469	0.085202	0.071311	0.12075999999999999	2273400.0
2015-12-03	0.004862	0.095131	0.095131	0.075938	0.083603	3705300.0
2015-12-02	-0.004839	0.06841699999999999	0.075941	0.067838	-0.083603	1552600.0
2015-12-01	-0.01169	0.07194400000000001	0.074232	0.057072000000000005	-0.204361	2627800.0
2015-11-30	0.007495	0.085164	0.096114	0.08228300000000001	0.130047	2879300.0
2015-11-27	-0.004264	0.072503	0.075946	0.067913	-0.074312	970300.0
2015-11-25	0.003208	0.082852	0.08630700000000001	0.077671	0.055734000000000006	1229200.0
2015-11-24	0.012453	0.083514	0.092257	0.0806	0.21365399999999998	2110400.0
2015-11-23	-0.016507	0.066202	0.070215	0.055884	-0.287966	1872500.0
2015-11-20	-0.0026550000000000002	0.084524	0.085096	0.07309	-0.046446	1222800.0
2015-11-19	0.004267	0.072501	0.081687	0.071927	0.074312	1630500.0
2015-11-18	0.012419	0.085239	0.091052	0.080589	0.213652	1619900.0
2015-11-17	0.0010810000000000001	0.08466699999999999	0.08874	0.07535599999999999	0.018580000000000003	2021400.0
2015-11-16	0.011482	0.07652	0.090057	0.074166	0.19507	2433900.0
2015-11-13	-0.011351	0.06721	0.071865	0.061973	-0.19507	1608700.0
2015-11-12	-0.017003	0.059932000000000006	0.0708	0.05764400000000001	-0.297255	1367000.0
2015-11-11	0.001064	0.083964	0.085109	0.07652	0.018578	1009500.0
2015-11-10	-0.006343	0.065709	0.07196799999999999	0.061157	-0.111472	1409700.0
2015-11-09	-0.01201	0.077644	0.07989299999999999	0.060217999999999994	-0.21364899999999998	2534500.0
2015-11-06	0.003143	0.078776	0.083287	0.07144500000000001	0.055734000000000006	2341600.0
2015-11-05	-0.002612	0.07877	0.07989500000000001	0.069771	-0.046444	1716000.0
2015-11-04	0.004724	0.088952	0.088952	0.07765	0.083601	1950300.0
2015-11-03	-0.002618	0.07032000000000001	0.078775	0.066939	-0.046445	1151300.0
2015-11-02	0.011653	0.089635	0.091915	0.08393300000000001	0.204362	1595600.0
2015-10-30	0.008546999999999999	0.085146	0.091472	0.081696	0.148627	2124200.0
2015-10-29	-0.002132	0.07192899999999999	0.07709400000000001	0.070208	-0.037157	1815400.0
2015-10-28	0.023459	0.096488	0.112345	0.09120299999999999	0.399435	3563700.0
2015-10-27	-0.00758	0.079434	0.082349	0.067777	-0.130047	3663300.0
2015-10-26	-0.006989	0.082886	0.084623	0.067838	-0.120762	1656900.0
2015-10-23	0.024229	0.10556700000000001	0.106753	0.09489700000000001	0.40872600000000003	4806600.0
2015-10-22	0.007209999999999999	0.068758	0.09085	0.066967	0.12075799999999999	4407200.0
2015-10-21	-0.006064	0.086609	0.088389	0.06880499999999999	-0.10217899999999999	2948700.0
2015-10-20	0.015109000000000001	0.080737	0.097605	0.080134	0.250805	3401400.0
2015-10-19	-0.021358000000000002	0.056475	0.060013	0.051169	-0.36227600000000004	3600400.0
2015-10-16	-0.021436	0.051136	0.055751	0.041328	-0.371569	2202100.0
2015-10-15	0.0059299999999999995	0.06955599999999999	0.083484	0.067815	0.10218300000000001	1711600.0
2015-10-14	0.0032450000000000005	0.080013	0.084089	0.07652	0.055733000000000005	1531600.0
2015-10-13	-0.013340000000000001	0.059861000000000004	0.069627	0.059287	-0.23222800000000002	1232500.0
2015-10-12	-0.011603	0.065164	0.06857100000000001	0.06175800000000001	-0.20436300000000002	981500.0
2015-10-09	0.013362	0.093206	0.10011	0.085726	0.232231	1874900.0
2015-10-08	0.014091999999999999	0.07477	0.094024	0.074186	0.241517	1769700.0
2015-10-07	0.008748	0.090646	0.095943	0.077697	0.148626	1890100.0
2015-10-06	0.004393	0.074155	0.085388	0.073564	0.074316	2200000.0
2015-10-05	0.019025999999999998	0.080737	0.099412	0.079532	0.31583	2800800.0
2015-10-02	0.018813999999999997	0.078975	0.097388	0.07406499999999999	0.30654499999999996	1886000.0
2015-10-01	-0.007356999999999999	0.079566	0.082612	0.06068	-0.12075999999999999	1833800.0
2015-09-30	0.017271	0.095113	0.099451	0.08519700000000001	0.27867600000000003	1755500.0
2015-09-29	0.013419	0.094734	0.09661900000000001	0.085313	0.213653	2700300.0
2015-09-28	-0.007528	0.08213	0.084	0.06779299999999999	-0.120762	3004700.0
2015-09-25	-0.005184	0.080861	0.082101	0.067218	-0.083603	2572800.0
2015-09-24	0.0	0.065358	0.08024099999999999	0.063498	0.0	3827100.0
2015-09-23	-0.019209	0.072263	0.072263	0.052191999999999995	-0.315832	1853000.0
2015-09-22	-0.023718	0.053956	0.055738	0.042675	-0.399435	2851700.0
2015-09-21	-0.0022010000000000003	0.072965	0.080075	0.070595	-0.037157	3917300.0
2015-09-18	-0.026781	0.057491999999999994	0.061528	0.04596	-0.464458	3953100.0
2015-09-17	-0.00797	0.05936	0.079952	0.05936	-0.13933800000000002	2931500.0
2015-09-16	0.010740999999999999	0.08114500000000001	0.088661	0.080567	0.185783	1981900.0
2015-09-15	0.005943	0.07419400000000001	0.084662	0.071867	0.102181	1935800.0
2015-09-14	-0.015425999999999999	0.065068	0.065068	0.054188	-0.269386	2276200.0
2015-09-11	0.006963	0.07133099999999999	0.084016	0.070177	0.12075999999999999	1378600.0
2015-09-10	-0.003204	0.070772	0.078819	0.062726	-0.055737	1744800.0
2015-09-09	-0.015765	0.081611	0.082743	0.057852	-0.278675	1745200.0
2015-09-08	0.038189	0.118218	0.121155	0.108821	0.6502439999999999	2417300.0
2015-09-04	-0.02707	0.046236	0.051378	0.041093	-0.473749	1906100.0
2015-09-03	0.0015949999999999998	0.077665	0.087394	0.073659	0.027868	1954000.0
2015-09-02	-0.005288	0.077089	0.07822799999999999	0.059441999999999995	-0.092892	1800000.0
2015-09-01	-0.020715	0.06425499999999999	0.0676	0.049760000000000006	-0.371567	2976400.0
2015-08-31	-0.001035	0.064825	0.078748	0.06204	-0.018579	1276600.0
2015-08-28	0.000518	0.067605	0.078749	0.06649	0.009289	2185800.0
2015-08-27	0.01311	0.077085	0.096278	0.073698	0.232231	3823700.0
2015-08-26	0.024166999999999998	0.101381	0.10311500000000001	0.079989	0.418012	2864600.0
2015-08-25	-0.00481	0.10471300000000001	0.106439	0.070766	-0.083601	3287600.0
2015-08-24	-0.014745	0.058947	0.089558	0.044206999999999996	-0.26009899999999997	5190100.0
2015-08-21	-0.015552000000000002	0.082101	0.083775	0.058662	-0.278677	2646500.0
2015-08-20	-0.020812	0.073788	0.074334	0.054114999999999996	-0.380856	2135300.0
2015-08-19	-0.009054000000000001	0.062440999999999997	0.073813	0.060275	-0.167203	2374900.0
2015-08-18	-0.009467	0.06847400000000001	0.071156	0.064183	-0.17649700000000001	885500.0
2015-08-17	0.0024980000000000002	0.07329400000000001	0.079209	0.07006699999999999	0.046446	818800.0
2015-08-14	-0.0014960000000000002	0.07276200000000001	0.077057	0.069003	-0.027866000000000002	1182100.0
2015-08-13	-0.013287	0.06804400000000001	0.069103	0.061686000000000005	-0.250809	1982600.0
2015-08-12	-0.001474	0.063824	0.075462	0.06065	-0.027868	2639700.0
2015-08-11	-0.022105	0.06307	0.06307	0.050655	-0.42730200000000007	2053100.0
2015-08-10	0.015122	0.07599500000000001	0.093324	0.07599500000000001	0.287964	2130100.0
2015-08-07	0.0053950000000000005	0.07810399999999999	0.086551	0.07652	0.10218200000000001	1460300.0
2015-08-06	0.000982	0.07863400000000001	0.080748	0.074406	0.018578	1327600.0
2015-08-05	0.016467	0.092098	0.10391600000000001	0.09102400000000001	0.306541	2868100.0
2015-08-04	-0.0029850000000000002	0.08026900000000001	0.085089	0.07223500000000001	-0.055732000000000004	1422700.0
2015-08-03	-0.008876	0.073866	0.073866	0.06377999999999999	-0.167208	1398300.0
2015-07-31	0.011976	0.095321	0.09639600000000001	0.087801	0.22294	1517100.0
2015-07-30	0.0050149999999999995	0.081919	0.084078	0.07706	0.092894	1218400.0
2015-07-29	0.0035229999999999997	0.073269	0.086814	0.072727	0.065023	1413400.0
2015-07-28	0.009654000000000001	0.07816100000000001	0.088554	0.075973	0.176495	1868700.0
2015-07-27	-0.016	0.070599	0.070599	0.05714299999999999	-0.29725300000000004	2211000.0
2015-07-24	-0.022959999999999998	0.070735	0.071787	0.050225	-0.436592	2708600.0
2015-07-23	0.012751	0.12273599999999998	0.12433399999999999	0.096106	0.23941500000000002	4017200.0
2015-07-22	-0.012112000000000001	0.063888	0.079672	0.063362	-0.230206	2991600.0
2015-07-21	-0.0033799999999999998	0.087559	0.09122999999999999	0.08126699999999999	-0.064457	1600900.0
2015-07-20	0.002905	0.089142	0.093349	0.086512	0.055248	1135900.0
2015-07-17	-0.005778	0.081803	0.082326	0.077098	-0.1105	1311300.0
2015-07-16	0.012183	0.103451	0.10556800000000001	0.097629	0.23020700000000002	1559400.0
2015-07-15	-0.017241	0.065182	0.070383	0.062061	-0.331497	1500200.0
2015-07-14	0.0057799999999999995	0.095402	0.098541	0.089125	0.110499	1699700.0
2015-07-13	0.008256	0.094953	0.099172	0.092315	0.15654	1447400.0
2015-07-10	0.028985000000000004	0.126148	0.126148	0.11258	0.534076	1866000.0
2015-07-09	-0.005961	0.091921	0.095157	0.078973	-0.110498	2577200.0
2015-07-08	-0.016128999999999998	0.075901	0.079086	0.067409	-0.303871	2786100.0
2015-07-07	-0.002924	0.06693400000000001	0.085457	0.056349	-0.055249	5526000.0
2015-07-06	-0.013461	0.065102	0.076588	0.063014	-0.257829	2277800.0
2015-07-02	-0.0033539999999999998	0.087027	0.089108	0.078701	-0.064459	1748800.0
2015-07-01	-0.000479	0.09690900000000001	0.10211	0.080785	-0.009209	1930700.0
2015-06-30	-0.019258	0.085986	0.088027	0.058950999999999996	-0.377537	4374500.0
2015-06-29	-0.02652	0.067613	0.07456499999999999	0.055199	-0.5340779999999999	2864700.0
2015-06-26	0.015792	0.088508	0.10313599999999999	0.088508	0.31308	4590600.0
2015-06-25	-0.009204	0.081488	0.08498700000000001	0.074492	-0.184162	2337300.0
2015-06-24	-0.024686000000000003	0.063565	0.070389	0.05869	-0.5064529999999999	2124100.0
2015-06-23	-0.006687	0.07824	0.082113	0.073882	-0.138123	1709700.0
2015-06-22	0.005379	0.100589	0.101076	0.09085399999999999	0.110499	1152600.0
2015-06-19	0.007678	0.102664	0.103645	0.09187200000000001	0.156538	2128300.0
2015-06-18	-0.0062840000000000005	0.071363	0.087449	0.070876	-0.128914	2360600.0
2015-06-17	-0.013722999999999999	0.09175499999999999	0.093678	0.061949000000000004	-0.285454	3969300.0
2015-06-16	0.003554	0.09032799999999999	0.09274	0.08405599999999999	0.073664	1960100.0
2015-06-15	-0.011419	0.066432	0.07454	0.065001	-0.239414	1264100.0
2015-06-12	0.003084	0.0879	0.093641	0.084551	0.064459	1271100.0
2015-06-11	-0.010462	0.07651799999999999	0.07746499999999999	0.067997	-0.22099699999999997	1275500.0
2015-06-10	0.014594999999999999	0.100876	0.1076	0.098955	0.303871	1464700.0
2015-06-09	-0.002647	0.087902	0.090298	0.083112	-0.055248	1183600.0
2015-06-08	-0.0057020000000000005	0.079318	0.083605	0.07598400000000001	-0.119709	1578300.0
2015-06-05	-0.014693000000000001	0.085986	0.085986	0.058297	-0.313078	3635400.0
2015-06-04	0.03581	0.146751	0.150154	0.121473	0.736658	7951300.0
2015-06-03	0.014072	0.096338	0.10669100000000001	0.09535199999999999	0.285454	1657900.0
2015-06-02	0.016613	0.103025	0.10903900000000001	0.101522	0.331495	1426300.0
2015-06-01	-0.007784	0.08698099999999999	0.087975	0.075047	-0.15654	1420200.0
2015-05-29	-0.006369	0.08401	0.090927	0.074128	-0.128914	1931300.0
2015-05-28	0.003653	0.08549	0.090449	0.084003	0.073666	1571300.0
2015-05-27	0.015299	0.09605599999999999	0.105118	0.095552	0.303871	2052500.0
2015-05-26	-0.005074	0.089994	0.090495	0.077972	-0.10128999999999999	1075500.0
2015-05-22	-0.0114	0.07360599999999999	0.077568	0.07212	-0.23020700000000002	892800.0
2015-05-21	0.00735	0.091972	0.096961	0.090476	0.147333	970100.0
2015-05-20	0.00045999999999999996	0.079498	0.08898099999999999	0.079498	0.009208	1234400.0
2015-05-19	-0.017606999999999998	0.07421900000000001	0.07471	0.06392300000000001	-0.359121	2926300.0
2015-05-18	-0.0027010000000000003	0.089409	0.089898	0.08011900000000001	-0.055248	1587700.0
2015-05-15	0.000901	0.081092	0.08794400000000001	0.07815599999999999	0.018415	979800.0
2015-05-14	0.008636	0.096352	0.099314	0.090923	0.174956	1845100.0
2015-05-13	0.01196	0.098475	0.107466	0.097476	0.239414	1553000.0
2015-05-12	-0.0036659999999999996	0.083	0.087977	0.081009	-0.073666	1594800.0
2015-05-11	-0.003198	0.08549	0.089459	0.081025	-0.064457	1706500.0
2015-05-08	0.025293	0.113454	0.118032	0.111419	0.49724399999999996	1907700.0
2015-05-07	-0.005589	0.085986	0.087504	0.078399	-0.110498	1307100.0
2015-05-06	0.006092	0.101253	0.104307	0.08904	0.11970499999999999	1953100.0
2015-05-05	-0.002804	0.094613	0.097151	0.08243400000000001	-0.055248	1642100.0
2015-05-04	0.00253	0.083137	0.089751	0.082629	0.049724000000000004	2025500.0
2015-05-01	0.007809	0.12953699999999999	0.12953699999999999	0.117744	0.1523	1507300.0
2015-04-30	-0.019369	0.085536	0.10062	0.085033	-0.385231	3701500.0
2015-04-29	0.006346	0.120254	0.128856	0.11317	0.125425	3005100.0
2015-04-28	0.004096	0.10858499999999999	0.122303	0.106553	0.08063	3142100.0
2015-04-27	0.012909	0.12701300000000001	0.139879	0.123926	0.250849	2134300.0
2015-04-24	-0.006412999999999999	0.10751400000000001	0.11109300000000001	0.10291199999999999	-0.125426	1459000.0
2015-04-23	-0.000915	0.100881	0.119271	0.099348	-0.017917	1468600.0
2015-04-22	-0.009968000000000001	0.106091	0.10811400000000002	0.101539	-0.19709400000000002	1165600.0
2015-04-21	0.010531	0.129495	0.13409400000000002	0.122339	0.206054	1694600.0
2015-04-20	0.002755	0.12235599999999999	0.12850599999999998	0.118256	0.053751	590500.0
2015-04-17	-0.008648000000000001	0.106045	0.10756900000000001	0.100965	-0.170217	1185800.0
2015-04-16	-0.004982	0.11469000000000001	0.115195	0.10609600000000001	-0.09854700000000001	1586900.0
2015-04-15	0.012844	0.12183900000000002	0.133103	0.11979100000000001	0.250849	1997600.0
2015-04-14	0.014898	0.129717	0.134914	0.127639	0.286686	1598900.0
2015-04-13	-0.002786	0.11517000000000001	0.119316	0.110506	-0.053755	814400.0
2015-04-10	-0.001391	0.11258399999999999	0.11517100000000001	0.108444	-0.026879000000000004	647400.0
2015-04-09	0.0027890000000000002	0.12035799999999999	0.126585	0.112055	0.053755	1239000.0
2015-04-08	-0.0037049999999999995	0.12344400000000001	0.12396099999999999	0.10793399999999999	-0.071672	1118000.0
2015-04-07	-0.003232	0.12136	0.12393599999999999	0.111053	-0.06271	1144200.0
2015-04-06	0.007911	0.11568699999999998	0.132827	0.114129	0.152302	1395200.0
2015-04-02	0.005145	0.121427	0.12925799999999998	0.119861	0.098549	1599600.0
2015-04-01	0.00992	0.127279	0.129915	0.11937	0.188135	1684300.0
2015-03-31	-0.009359000000000001	0.104715	0.110983	0.10367	-0.17918	1230500.0
2015-03-30	0.002816	0.12144400000000001	0.125635	0.119349	0.053753999999999996	937800.0
2015-03-27	0.0018809999999999999	0.117256	0.11882999999999999	0.11305799999999999	0.035836	919700.0
2015-03-26	-0.006075	0.113598	0.11620599999999999	0.105775	-0.11646500000000001	1213000.0
2015-03-25	-0.011091	0.11723800000000001	0.119301	0.10331099999999999	-0.215013	1240600.0
2015-03-24	0.004176	0.129673	0.130191	0.119314	0.080627	1815000.0
2015-03-23	0.006539	0.127676	0.129761	0.12194100000000001	0.125425	1958400.0
2015-03-20	0.029327	0.14518499999999998	0.152698	0.139282	0.5464979999999999	3797000.0
2015-03-19	-0.011406999999999999	0.108779	0.10930899999999999	0.098169	-0.215018	1637300.0
2015-03-18	0.031879000000000005	0.124418	0.15671600000000002	0.121681	0.582333	2354100.0
2015-03-17	0.0	0.115659	0.116754	0.110732	0.0	1550000.0
2015-03-16	0.011409	0.121743	0.130048	0.121189	0.20605500000000002	1400500.0
2015-03-13	-0.00198	0.10847000000000001	0.115101	0.101287	-0.035837	1585200.0
2015-03-12	0.0014869999999999998	0.11620599999999999	0.119527	0.110672	0.026877999999999996	1615500.0
2015-03-11	-0.001485	0.115101	0.119522	0.11068099999999999	-0.026877999999999996	1371400.0
2015-03-10	-0.026506000000000002	0.087158	0.091999	0.08554400000000001	-0.492741	1239100.0
2015-03-09	0.0	0.119434	0.11997200000000001	0.10813699999999998	0.0	2009200.0
2015-03-06	-0.014252	0.11355499999999999	0.11461500000000001	0.098707	-0.268768	1356400.0
2015-03-05	-0.004257	0.114622	0.11779	0.10775799999999999	-0.08062799999999999	966600.0
2015-03-04	-0.00236	0.107778	0.113572	0.097243	-0.044798000000000004	1321400.0
2015-03-03	-0.012121	0.103717	0.10996199999999999	0.099034	-0.232931	1014000.0
2015-03-02	0.002805	0.116728	0.12246800000000001	0.11516300000000002	0.053752999999999995	1476400.0
2015-02-27	0.000468	0.12455999999999999	0.126126	0.115684	0.008962999999999999	1881300.0
2015-02-26	-0.000468	0.11620599999999999	0.120903	0.113597	-0.008962999999999999	968100.0
2015-02-25	-0.001401	0.11308	0.117249	0.10943199999999999	-0.026876	1034400.0
2015-02-24	0.001871	0.115684	0.12247100000000001	0.11464	0.035838999999999996	1139800.0
2015-02-23	-0.008809	0.10947899999999999	0.11051400000000002	0.10378699999999999	-0.17022400000000001	1061700.0
2015-02-20	0.017453	0.121998	0.13832	0.11673299999999999	0.33148	1979300.0
2015-02-19	-0.005628	0.11411199999999999	0.11673	0.108877	-0.107503	1387700.0
2015-02-18	0.003766	0.11935899999999999	0.12356400000000001	0.11620599999999999	0.07167000000000001	1297700.0
2015-02-17	-0.004686	0.11620599999999999	0.117253	0.106268	-0.089588	1842500.0
2015-02-13	0.012813999999999999	0.132629	0.13686700000000002	0.126801	0.24188800000000002	1579000.0
2015-02-12	0.014933000000000002	0.124271	0.13556300000000002	0.123734	0.277729	1415700.0
2015-02-11	-0.003839	0.113528	0.114599	0.105494	-0.071672	2038900.0
2015-02-10	0.003854	0.116744	0.12050799999999999	0.11083	0.071672	2504500.0
2015-02-09	0.021151	0.12828499999999998	0.14256	0.12828499999999998	0.385231	5050600.0
2015-02-06	-0.0014730000000000001	0.12497799999999999	0.12826700000000002	0.111272	-0.026876	2135400.0
2015-02-05	0.02621	0.135897	0.149963	0.13421	0.46586400000000006	2581800.0
2015-02-04	-0.005514	0.11061099999999999	0.12236099999999998	0.104457	-0.098551	3511000.0
2015-02-03	0.020461	0.12876700000000002	0.143612	0.12876700000000002	0.35836	2623600.0
2015-02-02	0.021421	0.12787	0.14245	0.12437100000000001	0.367317	2604300.0
2015-01-30	-0.012893	0.10642	0.113328	0.101815	-0.223976	2333200.0
2015-01-29	0.000516	0.11620599999999999	0.11966199999999999	0.10871900000000001	0.008961	2257700.0
2015-01-28	-0.015244	0.10713199999999999	0.11620599999999999	0.098057	-0.268766	2810500.0
2015-01-27	-0.008065000000000001	0.10382899999999999	0.111705	0.101579	-0.143345	1485900.0
2015-01-26	0.00202	0.114515	0.122971	0.11225999999999998	0.035837	1988500.0
2015-01-23	-0.010495	0.107281	0.11285899999999999	0.103376	-0.188139	1923200.0
2015-01-22	0.011628	0.128621	0.132571	0.12241400000000001	0.20605500000000002	2188000.0
2015-01-21	0.008669	0.126452	0.132713	0.115068	0.152301	6499400.0
2015-01-20	-0.014573	0.10498800000000001	0.107793	0.091526	-0.259805	2807600.0
2015-01-16	-0.010935	0.10566600000000001	0.112323	0.085694	-0.1971	4130000.0
2015-01-15	0.031795	0.149979	0.15684800000000002	0.127655	0.555454	6556800.0
2015-01-14	-0.007634	0.104277	0.108254	0.094053	-0.134384	1562000.0
2015-01-13	-0.0070739999999999996	0.11902599999999999	0.12410299999999999	0.100414	-0.125425	2107900.0
2015-01-12	-0.014933000000000002	0.11898399999999999	0.11898399999999999	0.094538	-0.26876700000000003	2597400.0
2015-01-09	-0.010832	0.101368	0.10796199999999999	0.095872	-0.197097	1626500.0
2015-01-08	0.012968	0.116763	0.135691	0.11620599999999999	0.232935	2050000.0
2015-01-07	-0.0024879999999999998	0.115651	0.119538	0.10620999999999998	-0.044798000000000004	2439200.0
2015-01-06	-0.013739	0.111277	0.118397	0.097585	-0.250847	1772000.0
2015-01-05	-0.033207	0.089201	0.09079	0.07649299999999999	-0.627125	1566400.0
2015-01-02	-0.00331	0.11620599999999999	0.119373	0.106707	-0.06271399999999999	1255500.0
2014-12-31	-0.011682	0.11829300000000001	0.11829300000000001	0.102645	-0.22397199999999998	849400.0
2014-12-30	-0.007421	0.1131	0.11361800000000001	0.107405	-0.143343	628100.0
2014-12-29	-0.005535	0.108484	0.115691	0.106939	-0.10750599999999999	935200.0
2014-12-26	0.003704	0.10948800000000002	0.122924	0.10948800000000002	0.071671	719900.0
2014-12-24	0.001391	0.11517100000000001	0.12086300000000001	0.11517100000000001	0.026874000000000002	401200.0
2014-12-23	0.006533	0.11881099999999999	0.126103	0.11829	0.125426	1121900.0
2014-12-22	0.0009339999999999999	0.11985599999999999	0.11985599999999999	0.113599	0.017917	1036000.0
2014-12-19	0.008954	0.11620599999999999	0.127779	0.114102	0.170222	2999600.0
2014-12-18	0.017746	0.127984	0.13601400000000002	0.12423599999999999	0.331478	5047100.0
2014-12-17	0.005789	0.11943699999999999	0.132898	0.114053	0.10750799999999999	3043800.0
2014-12-16	0.01122	0.120018	0.145609	0.11892899999999999	0.206056	2138300.0
2014-12-15	-0.010618	0.12320999999999999	0.125364	0.100584	-0.197096	2229400.0
2014-12-12	-0.017078	0.113559	0.11726500000000001	0.096614	-0.322521	2006700.0
2014-12-11	-0.005661	0.11567999999999999	0.121998	0.10830799999999999	-0.10751	1682400.0
2014-12-10	-0.018973	0.104843	0.106392	0.089864	-0.367315	1652400.0
2014-12-09	0.0023190000000000003	0.108958	0.120348	0.10844000000000001	0.044795999999999996	1697300.0
2014-12-08	-0.00828	0.113126	0.11620599999999999	0.10388399999999999	-0.16126	1671600.0
2014-12-05	-0.013163999999999999	0.096953	0.106073	0.095939	-0.25981	1712000.0
2014-12-04	-0.003167	0.109135	0.11873199999999999	0.10711500000000002	-0.062712	1596100.0
2014-12-03	0.005917	0.113158	0.12382699999999999	0.11265	0.116467	2155200.0
2014-12-02	-0.007678	0.109652	0.110661	0.10209	-0.152302	1849400.0
2014-12-01	-0.012489	0.10326199999999999	0.10425799999999999	0.09479800000000001	-0.250849	1644500.0
2014-11-28	-0.020533000000000003	0.09621299999999999	0.097676	0.093287	-0.42106800000000005	703300.0
2014-11-26	-0.005647	0.112327	0.11329700000000001	0.10796300000000002	-0.116468	611600.0
2014-11-25	0.00305	0.11572	0.121556	0.114747	0.062713	758200.0
2014-11-24	0.008348000000000001	0.122582	0.126996	0.12062	0.17022	1125300.0
2014-11-21	0.007526000000000001	0.127077	0.129053	0.118677	0.152303	1431400.0
2014-11-20	0.0	0.112748	0.118183	0.111265	0.0	1153100.0
2014-11-19	-0.001768	0.11817899999999999	0.11965899999999999	0.109794	-0.035835000000000006	1175500.0
2014-11-18	0.015709	0.131236	0.135745	0.12873099999999998	0.31355700000000003	1550900.0
2014-11-17	-0.0013449999999999998	0.11720699999999999	0.118208	0.113204	-0.026875	828800.0
2014-11-14	0.010875	0.118735	0.131379	0.118229	0.21501599999999998	1464000.0
2014-11-13	-0.009426	0.11871099999999998	0.127228	0.098672	-0.188141	2820700.0
2014-11-12	-0.005357	0.107735	0.11222	0.10624000000000001	-0.107504	1041900.0
2014-11-11	0.00044699999999999997	0.109725	0.117702	0.10822999999999999	0.008959	1001100.0
2014-11-10	0.010835	0.128804	0.13082	0.125781	0.215011	1206600.0
2014-11-07	-0.0018030000000000001	0.112685	0.116709	0.11017	-0.035835000000000006	1316800.0
2014-11-06	0.003618	0.127313	0.128322	0.119235	0.071671	1699000.0
2014-11-05	0.019834	0.135771	0.14091900000000002	0.13062200000000002	0.385236	2673600.0
2014-11-04	-0.005961	0.1116	0.11467100000000001	0.106994	-0.11646600000000001	1096000.0
2014-11-03	-0.005925	0.11417100000000001	0.11518900000000001	0.10247	-0.116467	791100.0
2014-10-31	0.009664	0.126993	0.128021	0.121857	0.188137	650600.0
2014-10-30	0.007418000000000001	0.11517100000000001	0.127073	0.11258399999999999	0.143341	1342800.0
2014-10-29	-0.009187	0.12389700000000001	0.125435	0.10185	-0.179178	1542600.0
2014-10-28	0.024471	0.13406600000000002	0.144046	0.13249	0.465866	1234400.0
2014-10-27	-0.0084	0.10630999999999999	0.11203900000000001	0.101622	-0.161262	945100.0
2014-10-24	0.00187	0.11203099999999999	0.120903	0.108379	0.035835000000000006	1597600.0
2014-10-23	0.014225	0.128379	0.140023	0.12785	0.268768	1895600.0
2014-10-22	0.005723	0.132707	0.139095	0.1194	0.10751	3944700.0
2014-10-21	0.015988	0.12431800000000001	0.13459300000000002	0.122696	0.295643	1915500.0
2014-10-20	0.009785	0.12549000000000002	0.12876600000000002	0.11839100000000001	0.179178	2037000.0
2014-10-17	0.003436	0.123878	0.129905	0.116754	0.062712	1668700.0
2014-10-16	-0.0048850000000000005	0.087306	0.118933	0.086215	-0.08959	2330900.0
2014-10-15	-0.003408	0.104251	0.114576	0.092295	-0.062712	2659000.0
2014-10-14	0.006370000000000001	0.127144	0.137535	0.12003499999999999	0.116468	2039700.0
2014-10-13	0.00049	0.136451	0.13864	0.116754	0.008959	2492400.0
2014-10-10	-0.023456	0.100711	0.10552	0.08949	-0.438988	2235200.0
2014-10-09	-0.033764999999999996	0.103299	0.10536400000000001	0.075936	-0.654001	3527100.0
2014-10-08	0.005581	0.109457	0.12451300000000001	0.09855499999999999	0.10750799999999999	5912200.0
2014-10-07	-0.020501	0.09891699999999999	0.102985	0.093323	-0.403154	3305700.0
2014-10-06	0.014794	0.129623	0.1353	0.12291500000000001	0.286686	3812900.0
2014-10-03	-0.01278	0.098885	0.10448900000000001	0.098375	-0.25085100000000005	1967800.0
2014-10-02	-0.009493999999999999	0.112674	0.11418800000000001	0.095012	-0.188137	1758400.0
2014-10-01	-0.012941	0.111724	0.11272	0.098275	-0.259806	1788000.0
2014-09-30	-0.0048850000000000005	0.108771	0.11620599999999999	0.105797	-0.098551	1869800.0
2014-09-29	-0.007492	0.10833499999999999	0.11227100000000001	0.1044	-0.1523	1089500.0
2014-09-26	0.005762	0.126102	0.12758599999999998	0.11818499999999998	0.116467	1277600.0
2014-09-25	-0.010526	0.118654	0.119144	0.102009	-0.21501399999999998	2161700.0
2014-09-24	-0.0074010000000000005	0.103572	0.110375	0.101628	-0.152301	1297000.0
2014-09-23	-0.001738	0.115721	0.119602	0.11087000000000001	-0.035838	4285000.0
2014-09-22	0.00043499999999999995	0.124457	0.124457	0.11086800000000001	0.008961	1985100.0
2014-09-19	-0.0034659999999999995	0.120075	0.12055899999999999	0.10943599999999999	-0.071672	1359000.0
2014-09-18	0.002606	0.115721	0.122025	0.11475199999999999	0.053752999999999995	1132100.0
2014-09-17	-0.003032	0.111856	0.12200699999999999	0.11040499999999999	-0.062712	3013000.0
2014-09-16	0.012719	0.122081	0.13480999999999999	0.11963299999999999	0.259809	2017900.0
2014-09-15	-0.003932	0.116694	0.116694	0.10937899999999999	-0.08062899999999999	1150900.0
2014-09-12	-0.001309	0.114258	0.118154	0.11279700000000001	-0.026877999999999996	962200.0
2014-09-11	-0.003478	0.10601500000000001	0.11475	0.10455899999999999	-0.071671	2828200.0
2014-09-10	-0.0034659999999999995	0.107017	0.11330499999999999	0.105083	-0.071672	1782000.0
2014-09-09	0.00742	0.136182	0.137157	0.12107799999999999	0.152302	1379400.0
2014-09-08	-0.008225	0.111374	0.117173	0.105093	-0.170222	1315200.0
2014-09-05	-0.000433	0.11524000000000001	0.117172	0.109444	-0.008957	685900.0
2014-09-04	-0.009004999999999999	0.115728	0.11764200000000001	0.10184700000000001	-0.188137	1220800.0
2014-09-03	0.015237	0.139532	0.141961	0.13078499999999998	0.31356300000000004	1858500.0
2014-09-02	0.008783	0.12355899999999999	0.12748099999999998	0.120618	0.179178	2527300.0
2014-08-29	-0.0017530000000000002	0.115228	0.115228	0.11033399999999999	-0.035833	732100.0
2014-08-28	-0.0030600000000000002	0.108401	0.115231	0.10791300000000001	-0.062716	562300.0
2014-08-27	-0.003918	0.11863599999999999	0.119122	0.110375	-0.08062899999999999	821100.0
2014-08-26	0.004372	0.11913499999999999	0.12303900000000001	0.11815899999999999	0.089588	1271400.0
2014-08-25	0.006159	0.12013499999999999	0.12700999999999998	0.119153	0.125425	1145700.0
2014-08-22	-0.007423999999999999	0.109382	0.111332	0.10207100000000001	-0.152302	2656000.0
2014-08-21	0.0097	0.124081	0.13047899999999998	0.123589	0.197096	1324100.0
2014-08-20	-0.0048270000000000006	0.10347200000000001	0.112778	0.10347200000000001	-0.09854700000000001	1309900.0
2014-08-19	0.007961	0.12065	0.12608	0.11916800000000001	0.161261	1476700.0
2014-08-18	-0.000442	0.113245	0.11620599999999999	0.110778	-0.008961	979800.0
2014-08-15	-0.001324	0.123106	0.125077	0.10388599999999999	-0.026876	1246000.0
2014-08-14	0.0057729999999999995	0.12413699999999998	0.12463199999999999	0.12066700000000001	0.11646400000000001	674300.0
2014-08-13	0.003118	0.12267	0.124162	0.118692	0.062716	1120700.0
2014-08-12	-0.003551	0.111252	0.11521500000000001	0.11026099999999998	-0.071673	688700.0
2014-08-11	0.00267	0.121671	0.124154	0.118193	0.053755	765000.0
2014-08-08	0.008981	0.11871199999999998	0.12673199999999998	0.112698	0.179177	1126900.0
2014-08-07	-0.011979	0.111749	0.114225	0.100855	-0.241892	1337500.0
2014-08-06	0.0	0.10729200000000001	0.12016800000000001	0.106302	0.0	978300.0
2014-08-05	-0.012702	0.107895	0.110828	0.09665	-0.259806	1631900.0
2014-08-04	0.0	0.117184	0.11865099999999999	0.108384	0.0	1190700.0
2014-08-01	-0.007391	0.11086800000000001	0.118148	0.103103	-0.152302	1340700.0
2014-07-31	-0.020026	0.101939	0.10621900000000001	0.092902	-0.42107	1392100.0
2014-07-30	-0.004243	0.111944	0.11667999999999999	0.105314	-0.08959	2188400.0
2014-07-29	-0.017917	0.10876500000000001	0.11109000000000001	0.095742	-0.385233	1916800.0
2014-07-28	0.006711	0.12135699999999999	0.12650699999999998	0.11807899999999999	0.143343	1593500.0
2014-07-25	-0.0070799999999999995	0.11248699999999999	0.113417	0.10551400000000001	-0.152302	1325400.0
2014-07-24	0.009248000000000001	0.132159	0.133097	0.12418199999999999	0.197096	2229000.0
2014-07-23	0.015365	0.11763599999999999	0.135739	0.114301	0.322523	4451600.0
2014-07-22	0.027632	0.13432	0.15096500000000002	0.132851	0.564411	6845900.0
2014-07-21	0.000439	0.10787999999999999	0.12110399999999999	0.10739000000000001	0.008959	1938300.0
2014-07-18	0.0	0.110329	0.117676	0.109839	0.0	1287500.0
2014-07-17	-0.006539	0.11717899999999999	0.122045	0.10793499999999999	-0.134384	2287800.0
2014-07-16	0.0074659999999999995	0.12454000000000001	0.128462	0.120618	0.152302	1082200.0
2014-07-15	-0.004372999999999999	0.112302	0.117182	0.10839700000000001	-0.08959	1001100.0
2014-07-14	0.00351	0.127961	0.128451	0.11963499999999999	0.071672	1255800.0
2014-07-11	0.0	0.11326800000000001	0.11718599999999998	0.109839	0.0	863900.0
2014-07-10	-0.009991	0.09826599999999999	0.10602400000000001	0.09729600000000001	-0.206056	2008300.0
2014-07-09	0.00744	0.11669500000000001	0.124999	0.115718	0.152301	1679600.0
2014-07-08	-0.003489	0.121074	0.12156099999999999	0.109878	-0.07167000000000001	1818800.0
2014-07-07	-0.00391	0.106993	0.11523699999999999	0.106993	-0.080631	2309400.0
2014-07-03	0.003925	0.116693	0.122048	0.111338	0.080631	2098000.0
2014-07-02	-0.0034770000000000005	0.11329600000000001	0.11620599999999999	0.10893	-0.071673	1637400.0
2014-07-01	-0.000434	0.113782	0.12057000000000001	0.112812	-0.008958	1070200.0
2014-06-30	0.00305	0.116693	0.12107000000000001	0.114747	0.062713	1087700.0
2014-06-27	0.006579000000000001	0.115227	0.125998	0.114738	0.134384	1297300.0
2014-06-26	-0.0017510000000000002	0.108876	0.11620599999999999	0.1035	-0.035837	1162000.0
2014-06-25	-0.004359	0.108421	0.11572	0.108421	-0.089588	1525500.0
2014-06-24	-0.006065999999999999	0.112821	0.117657	0.107501	-0.125425	1512000.0
2014-06-23	-0.006029	0.106592	0.109476	0.103227	-0.125426	1000200.0
2014-06-20	-0.002577	0.11093199999999999	0.11428800000000001	0.10853499999999999	-0.053752	1505600.0
2014-06-19	-0.0029980000000000002	0.11764000000000001	0.11764000000000001	0.111426	-0.062712	849000.0
2014-06-18	0.003438	0.121003	0.12244200000000001	0.11188900000000002	0.07167000000000001	999900.0
2014-06-17	0.0	0.109011	0.118125	0.109011	0.0	903400.0
2014-06-16	0.0	0.113328	0.118125	0.11188900000000002	0.0	1301300.0
2014-06-13	-0.001287	0.11333199999999999	0.115248	0.109021	-0.026874000000000002	2489200.0
2014-06-12	-0.0034219999999999997	0.112864	0.11716099999999999	0.11	-0.071675	2641600.0
2014-06-11	-0.014749000000000002	0.102565	0.10491700000000001	0.09739099999999999	-0.313562	1263300.0
2014-06-10	0.001689	0.116678	0.12186	0.113379	0.035837	1340800.0
2014-06-09	-0.0033659999999999996	0.107754	0.11573699999999999	0.107754	-0.071672	1607800.0
2014-06-06	0.006776999999999999	0.11384200000000001	0.124243	0.11384200000000001	0.143343	1007300.0
2014-06-05	0.008543	0.11811400000000001	0.126219	0.116683	0.17918	1725900.0
2014-06-04	-0.0029809999999999997	0.111452	0.11478	0.111452	-0.06271399999999999	1153400.0
2014-06-03	0.0	0.12286199999999999	0.12286199999999999	0.110026	0.0	3693300.0
2014-06-02	-0.010952	0.113855	0.114326	0.10351099999999999	-0.232933	2700600.0
2014-05-30	-0.0012619999999999999	0.11526700000000001	0.11620599999999999	0.11104100000000001	-0.026876	1407600.0
2014-05-29	0.000842	0.117146	0.11902599999999999	0.11197599999999999	0.017917	744800.0
2014-05-28	-0.005027	0.108724	0.11386800000000001	0.10778900000000001	-0.10750499999999999	937000.0
2014-05-27	0.000839	0.11995	0.12135399999999999	0.111526	0.017917	1841200.0
2014-05-23	0.009737	0.121877	0.128965	0.120459	0.20605300000000001	4992400.0
2014-05-22	0.0	0.11526099999999999	0.118096	0.111481	0.0	1337000.0
2014-05-21	0.001696	0.11383900000000001	0.12094	0.111946	0.035837	1484300.0
2014-05-20	-0.000848	0.127557	0.12803	0.11147699999999999	-0.017919	2557000.0
2014-05-19	0.000848	0.11431300000000001	0.1181	0.11336600000000001	0.017919	875900.0
2014-05-16	0.000424	0.11620599999999999	0.118574	0.111471	0.008959	1411700.0
2014-05-15	-0.006743000000000001	0.111502	0.113854	0.104447	-0.143343	2665600.0
2014-05-14	0.005935	0.123304	0.12756199999999998	0.12188399999999999	0.125425	1799500.0
2014-05-13	-0.00924	0.11105	0.11198699999999999	0.10401800000000001	-0.19709400000000002	2612600.0
2014-05-12	0.023646	0.14068	0.144519	0.137801	0.49273900000000004	2859500.0
2014-05-09	0.004752	0.121028	0.124885	0.11475999999999999	0.098551	2290500.0
2014-05-08	-0.008140999999999999	0.116684	0.118119	0.10425	-0.170223	4824600.0
2014-05-07	0.0	0.119076	0.121467	0.107598	0.0	3862900.0
2014-05-06	-0.001284	0.11955	0.12098199999999999	0.112863	-0.026876999999999998	4029000.0
2014-05-05	0.000557	0.11395999999999999	0.11873900000000001	0.108703	0.011648	3381400.0
2014-05-02	0.008354	0.156998	0.170009	0.15603399999999998	0.17336500000000002	5687100.0
2014-05-01	0.0008359999999999999	0.155554	0.15748299999999998	0.13771	0.017338	3735100.0
2014-04-30	-0.008292	0.160321	0.160799	0.138798	-0.173369	3024700.0
2014-04-29	-0.081493	0.070156	0.075428	0.05829500000000001	-1.8550220000000002	6843700.0
2014-04-28	0.01	0.160724	0.169155	0.15185	0.22537800000000002	4937800.0
2014-04-25	-0.001536	0.153625	0.156283	0.149195	-0.034674	889300.0
2014-04-24	0.003082	0.157625	0.163846	0.151403	0.06935	997500.0
2014-04-23	-0.002306	0.155842	0.155842	0.148305	-0.052012	1299200.0
2014-04-22	0.0042450000000000005	0.16208499999999998	0.166537	0.158077	0.09535	1448400.0
2014-04-21	0.000386	0.157634	0.15897	0.150507	0.008669	967200.0
2014-04-17	0.010535	0.159026	0.17027899999999999	0.158126	0.23404699999999998	1617500.0
2014-04-16	0.005492	0.15453	0.160866	0.148194	0.12135499999999999	1567500.0
2014-04-15	-0.001176	0.148653	0.154529	0.138255	-0.026004000000000003	1803200.0
2014-04-14	0.000392	0.153625	0.159504	0.143676	0.008666	1323600.0
2014-04-11	-0.002736	0.149566	0.15903699999999998	0.14776199999999998	-0.060676	1684600.0
2014-04-10	-0.021422999999999998	0.14921199999999998	0.149653	0.12758699999999998	-0.485426	1876800.0
2014-04-09	0.008877	0.158523	0.165201	0.150508	0.19936900000000002	1022900.0
2014-04-08	0.006996	0.156763	0.163937	0.151832	0.156031	1933700.0
2014-04-07	-0.004257	0.161215	0.162554	0.144696	-0.09535	1987500.0
2014-04-04	-0.005389	0.15850999999999998	0.16206199999999998	0.144744	-0.12135699999999999	1093800.0
2014-04-03	-0.003834	0.15583699999999998	0.157606	0.144778	-0.086685	766400.0
2014-04-02	0.000384	0.155395	0.157165	0.150085	0.008669	1093800.0
2014-04-01	0.010856999999999999	0.169281	0.17241199999999998	0.162124	0.24271199999999998	1575800.0
2014-03-31	0.00821	0.165802	0.167606	0.16129200000000002	0.18203699999999998	1097400.0
2014-03-28	0.015078999999999999	0.166901	0.174683	0.16507	0.329393	1227300.0
2014-03-27	0.0039840000000000006	0.153165	0.164196	0.151327	0.086685	2545500.0
2014-03-26	0.0011970000000000001	0.16328900000000002	0.16697	0.153625	0.026007	1546200.0
2014-03-25	0.006423000000000001	0.151773	0.16288699999999998	0.144826	0.138693	2962300.0
2014-03-24	-0.003201	0.151779	0.154548	0.137468	-0.069347	1277900.0
2014-03-21	-0.002793	0.16007000000000002	0.16237200000000002	0.14902200000000002	-0.060679	1240800.0
2014-03-20	0.003604	0.146233	0.161017	0.142999	0.078016	855700.0
2014-03-19	-0.012653	0.15773	0.15773	0.129449	-0.277389	1504200.0
2014-03-18	0.012815	0.158707	0.170719	0.157783	0.277389	1093100.0
2014-03-17	0.014628	0.167688	0.177532	0.167688	0.312058	1488500.0
2014-03-14	-0.008461	0.143399	0.151766	0.14247	-0.182035	1587000.0
2014-03-13	-0.024753999999999998	0.149999	0.153625	0.12098800000000001	-0.5461010000000001	1265900.0
2014-03-12	0.010320999999999999	0.151793	0.166448	0.149045	0.225372	2692700.0
2014-03-11	-0.005919	0.15499100000000002	0.159999	0.142244	-0.130024	1679200.0
2014-03-10	-0.006664	0.14865	0.14865	0.138249	-0.147362	1910900.0
2014-03-07	-0.016197	0.147841	0.148286	0.1296	-0.364068	2392200.0
2014-03-06	0.007381	0.163037	0.165278	0.159451	0.164695	847200.0
2014-03-05	0.010204000000000001	0.16358599999999998	0.166755	0.160869	0.22538200000000003	1067100.0
2014-03-04	0.021242	0.184142	0.185529	0.176744	0.45941899999999997	1606200.0
2014-03-03	-0.020801	0.13460899999999998	0.138231	0.124196	-0.45941899999999997	1458400.0
2014-02-28	0.005922	0.158179	0.16728800000000002	0.155447	0.130024	1311800.0
2014-02-27	0.002771	0.148601	0.15956199999999998	0.147231	0.060676999999999995	1658500.0
2014-02-26	0.001189	0.155911	0.160026	0.14951	0.026003	2432500.0
2014-02-25	0.005179	0.15914	0.16189800000000001	0.150867	0.11268900000000001	2702100.0
2014-02-24	0.002797	0.156851	0.163304	0.15592899999999998	0.060676999999999995	2136300.0
2014-02-21	-0.000399	0.153625	0.15823199999999998	0.150861	-0.008667	1174900.0
2014-02-20	-0.010668	0.139951	0.15089	0.137216	-0.23404299999999997	3781700.0
2014-02-19	0.0	0.155448	0.16684300000000002	0.152258	0.0	3044800.0
2014-02-18	-0.003935	0.141821	0.150447	0.139551	-0.08668300000000001	2282800.0
2014-02-14	0.010338	0.158212	0.16601	0.15729500000000002	0.22537600000000002	1181900.0
2014-02-13	-0.020257	0.121717	0.132952	0.121268	-0.450754	3330800.0
2014-02-12	-0.001167	0.147789	0.164398	0.144198	-0.026007	5580700.0
2014-02-11	0.016614	0.164577	0.17735499999999998	0.163208	0.364073	3747100.0
2014-02-10	-0.002761	0.150895	0.15225999999999998	0.146799	-0.060679	1412500.0
2014-02-07	0.00996	0.156842	0.166035	0.154085	0.216707	1770500.0
2014-02-06	0.013732	0.16480699999999998	0.169466	0.163409	0.294722	1574100.0
2014-02-05	0.0102	0.169628	0.172923	0.160685	0.21671100000000001	2757100.0
2014-02-04	0.008227	0.155049	0.16501400000000002	0.152676	0.17336500000000002	1013200.0
2014-02-03	-0.021337000000000002	0.150374	0.152696	0.12668900000000002	-0.459421	1975800.0
2014-01-31	-0.011933	0.133893	0.14949500000000002	0.133893	-0.260048	1980700.0
2014-01-30	-0.000398	0.156836	0.158212	0.147662	-0.008669	1787800.0
2014-01-29	-0.011011	0.14682	0.151357	0.139562	-0.24271199999999998	1824800.0
2014-01-28	0.016793000000000002	0.16838599999999998	0.175766	0.167924	0.36406900000000003	1494400.0
2014-01-27	-0.007540000000000001	0.15270899999999998	0.154998	0.140349	-0.164702	2086800.0
2014-01-24	-0.031514	0.13101400000000002	0.13234400000000002	0.11726900000000001	-0.7108	2487200.0
2014-01-23	0.016803	0.172559	0.17391199999999998	0.16128900000000002	0.372738	3087400.0
2014-01-22	-0.040855	0.105629	0.119466	0.1039	-0.9448469999999999	2763800.0
2014-01-21	-0.015135	0.140424	0.141275	0.13020299999999999	-0.355402	1487800.0
2014-01-17	0.012709999999999999	0.16225	0.175188	0.16009400000000001	0.294723	1774700.0
2014-01-16	0.016724	0.153625	0.173795	0.151871	0.381409	2727200.0
2014-01-15	-0.004164	0.141836	0.152315	0.140526	-0.095354	1784400.0
2014-01-14	0.013037	0.16158699999999998	0.169107	0.157164	0.294722	1159500.0
2014-01-13	-0.008365000000000001	0.150555	0.153625	0.14222100000000001	-0.190699	1059600.0
2014-01-10	0.013878	0.160741	0.16963499999999998	0.159406	0.312056	1297500.0
2014-01-09	0.00387	0.157643	0.162554	0.1505	0.086685	1778300.0
2014-01-08	-0.00116	0.150503	0.155409	0.14693599999999998	-0.026007	1151200.0
2014-01-07	0.00505	0.15228	0.161244	0.150936	0.112686	896200.0
2014-01-06	-0.015302000000000001	0.135972	0.138179	0.132883	-0.346729	2434900.0
2014-01-03	0.008099	0.161633	0.166527	0.15896400000000002	0.182034	1084900.0
2014-01-02	-0.023719999999999998	0.136685	0.136685	0.119746	-0.546107	2720400.0
2013-12-31	0.005299	0.154935	0.162795	0.150569	0.121359	863800.0
2013-12-30	-0.0007559999999999999	0.15188	0.156243	0.144899	-0.017338	779900.0
2013-12-27	0.0060880000000000005	0.16328199999999998	0.165916	0.157137	0.138693	952900.0
2013-12-26	0.002671	0.154505	0.160227	0.154065	0.060679	528100.0
2013-12-24	0.004215	0.156277	0.160697	0.154067	0.09535199999999999	535600.0
2013-12-23	0.013199	0.16079000000000002	0.172434	0.16079000000000002	0.294723	2289500.0
2013-12-20	0.0066430000000000005	0.152273	0.164444	0.15092	0.147362	3149400.0
2013-12-19	0.010265	0.156813	0.16956500000000002	0.156813	0.22537800000000002	2382500.0
2013-12-18	0.020137000000000002	0.172209	0.18103699999999998	0.157806	0.433413	1804200.0
2013-12-17	-0.002811	0.154552	0.15501500000000001	0.14713900000000002	-0.060675	888000.0
2013-12-16	0.011373000000000001	0.166745	0.171899	0.162528	0.24270999999999998	869700.0
2013-12-13	0.00040599999999999995	0.155031	0.1555	0.14893699999999999	0.008669	1276600.0
2013-12-12	-0.010454000000000001	0.14388399999999998	0.145739	0.135534	-0.225374	1150600.0
2013-12-11	-0.009951999999999999	0.155003	0.155462	0.139848	-0.21671100000000001	579000.0
2013-12-10	-0.009464	0.14998599999999998	0.151805	0.139978	-0.20803899999999997	760000.0
2013-12-09	0.0	0.151805	0.15453499999999998	0.14998599999999998	0.0	835300.0
2013-12-06	0.01684	0.167502	0.17305299999999998	0.16426400000000002	0.364071	525000.0
2013-12-05	0.003622	0.161517	0.16708800000000001	0.15641	0.078015	874800.0
2013-12-04	-0.0032090000000000005	0.138354	0.15223699999999998	0.136966	-0.069348	1271100.0
2013-12-03	-0.013064	0.144034	0.145404	0.1349	-0.286054	963600.0
2013-12-02	-0.01135	0.148207	0.150013	0.14007999999999998	-0.251381	783400.0
2013-11-29	0.0007830000000000001	0.158144	0.163114	0.152721	0.017334	559100.0
2013-11-27	0.006704000000000001	0.165452	0.167727	0.158174	0.14736300000000002	627300.0
2013-11-26	0.002372	0.157729	0.16000899999999998	0.153625	0.05201	924800.0
2013-11-25	-0.007064	0.14955	0.153625	0.14321199999999998	-0.156027	788400.0
2013-11-22	0.018385	0.169302	0.176218	0.166535	0.398741	1298600.0
2013-11-21	-0.000799	0.15454600000000002	0.15454600000000002	0.147175	-0.017338	816600.0
2013-11-20	-0.008709	0.152712	0.155908	0.13855399999999998	-0.190702	1068000.0
2013-11-19	-0.006684999999999999	0.149996	0.154079	0.141377	-0.14736	807600.0
2013-11-18	0.0035520000000000005	0.164096	0.165462	0.15499100000000002	0.078012	1136500.0
2013-11-15	0.003167	0.149515	0.157735	0.148601	0.069348	1844100.0
2013-11-14	0.006776000000000001	0.153165	0.161442	0.15178599999999998	0.147361	1400800.0
2013-11-13	0.0015970000000000001	0.14027	0.156388	0.138428	0.034674	1172900.0
2013-11-12	-0.006741	0.146764	0.151338	0.138987	-0.147362	1101300.0
2013-11-11	-0.001584	0.149971	0.152712	0.145404	-0.034673	851200.0
2013-11-08	0.004374	0.144451	0.159129	0.143534	0.09535199999999999	1715800.0
2013-11-07	-0.012950999999999999	0.146834	0.148645	0.137326	-0.286053	989500.0
2013-11-06	0.015544	0.168798	0.172017	0.16558	0.338062	1264300.0
2013-11-05	-0.008692	0.141774	0.146788	0.137216	-0.190702	1159600.0
2013-11-04	0.003967	0.150422	0.159574	0.149049	0.086681	864000.0
2013-11-01	-0.010208	0.13958399999999999	0.145472	0.13233699999999998	-0.22537600000000002	1669900.0
2013-10-31	-0.008178	0.149582	0.151828	0.144191	-0.182035	1280700.0
2013-10-30	0.003125	0.161736	0.17165	0.155878	0.069347	1077300.0
2013-10-29	-0.007751999999999999	0.146918	0.148259	0.138422	-0.17336300000000002	2287100.0
2013-10-28	-0.0015480000000000001	0.147375	0.155411	0.144696	-0.034675	1755600.0
2013-10-25	0.002327	0.15631	0.159442	0.152282	0.052007000000000005	2264000.0
2013-10-24	0.047968000000000004	0.208024	0.215527	0.206148	1.022866	3120000.0
2013-10-23	0.005724	0.157398	0.164001	0.154097	0.12135499999999999	1752100.0
2013-10-22	0.017894	0.16706700000000002	0.178109	0.16658699999999999	0.372738	1890800.0
2013-10-21	0.014780000000000001	0.166291	0.175061	0.165804	0.30339	2146400.0
2013-10-18	0.011534	0.156089	0.16939400000000002	0.151161	0.23404499999999998	1493000.0
2013-10-17	0.007749	0.153128	0.164054	0.15163900000000002	0.156031	1163200.0
2013-10-16	-0.002576	0.144709	0.152139	0.144214	-0.052012	1325200.0
2013-10-15	-0.0055509999999999995	0.14919200000000002	0.150669	0.143773	-0.11268800000000001	2257900.0
2013-10-14	0.0017109999999999998	0.14277	0.158559	0.14277	0.034676	1043900.0
2013-10-11	0.004296	0.155112	0.160563	0.153625	0.08668300000000001	712600.0
2013-10-10	0.022397999999999998	0.170344	0.180477	0.16933099999999998	0.44208500000000006	1358600.0
2013-10-09	-0.01	0.141086	0.14710499999999999	0.136571	-0.199373	1690700.0
2013-10-08	-0.010327	0.160078	0.16156700000000002	0.141711	-0.20804	2446100.0
2013-10-07	-0.003003	0.151645	0.158574	0.150161	-0.060676999999999995	1740900.0
2013-10-04	-0.0025670000000000003	0.15165	0.159055	0.14918199999999998	-0.052011	1084500.0
2013-10-03	-0.009746	0.15118099999999998	0.152647	0.139449	-0.199371	1655000.0
2013-10-02	-0.004639	0.14632699999999998	0.148273	0.139515	-0.095351	696800.0
2013-10-01	0.0050869999999999995	0.155581	0.16096	0.149713	0.104019	1095100.0
2013-09-30	-0.00924	0.13763599999999998	0.14878	0.136183	-0.19070399999999998	1160200.0
2013-09-27	0.002949	0.154597	0.15897	0.14973699999999998	0.060679	966900.0
2013-09-26	-0.0025210000000000002	0.15411	0.158957	0.14441500000000002	-0.05201	1107800.0
2013-09-25	0.001684	0.15168299999999998	0.159937	0.15071199999999998	0.034674	1054900.0
2013-09-24	0.003378	0.160445	0.16775299999999999	0.15313800000000002	0.069345	1505700.0
2013-09-23	-0.0042049999999999995	0.15799100000000002	0.158961	0.145378	-0.08668300000000001	1925400.0
2013-09-20	-0.010404	0.141623	0.148824	0.140183	-0.216707	1461300.0
2013-09-19	0.0041789999999999996	0.15651800000000002	0.160856	0.151697	0.086685	1382300.0
2013-09-18	0.029689999999999998	0.156603	0.188373	0.155611	0.598112	1464800.0
2013-09-17	0.004756	0.156618	0.15961	0.154124	0.095354	589700.0
2013-09-16	0.009603	0.172256	0.172256	0.1642	0.190701	800600.0
2013-09-13	-0.005642	0.14110699999999998	0.149619	0.135099	-0.11268800000000001	712200.0
2013-09-12	-0.000434	0.150122	0.15863	0.14862	-0.008666	842500.0
2013-09-11	0.010079000000000001	0.160197	0.166769	0.158175	0.19937	1039000.0
2013-09-10	0.009288	0.156686	0.16535999999999998	0.155666	0.182035	1448400.0
2013-09-09	0.017093999999999998	0.16037200000000001	0.17386400000000002	0.159334	0.329398	1845600.0
2013-09-06	0.010914	0.164117	0.17146199999999998	0.157297	0.208038	1453200.0
2013-09-05	-0.000455	0.151003	0.158344	0.147332	-0.008669	1290700.0
2013-09-04	0.019463	0.168059	0.17875	0.16538599999999998	0.364071	1312800.0
2013-09-03	0.007940000000000001	0.163863	0.168173	0.158474	0.14736	1307100.0
2013-08-30	-0.009255	0.142414	0.145084	0.13760999999999998	-0.17336500000000002	1129800.0
2013-08-29	-0.013241999999999999	0.133081	0.140983	0.132554	-0.251381	2296600.0
2013-08-28	-0.005901	0.14001	0.153101	0.137915	-0.11269000000000001	1241600.0
2013-08-27	-0.021324	0.137738	0.14183800000000002	0.128	-0.41607799999999995	906900.0
2013-08-26	-0.00837	0.148543	0.150068	0.14092000000000002	-0.1647	675200.0
2013-08-23	0.007098	0.153625	0.162326	0.150554	0.138693	825500.0
2013-08-22	0.019448	0.17240899999999998	0.176583	0.1698	0.37274	775700.0
2013-08-21	-0.016021	0.145924	0.149004	0.130522	-0.31206	1077900.0
2013-08-20	0.0058189999999999995	0.15620699999999998	0.164469	0.154658	0.11268800000000001	751400.0
2013-08-19	-0.007552	0.15055	0.152088	0.1444	-0.147361	557200.0
2013-08-16	-0.0008880000000000001	0.153625	0.158745	0.148505	-0.017338	600600.0
2013-08-15	-0.003979	0.139345	0.151075	0.130675	-0.078015	1002200.0
2013-08-14	0.004441	0.152601	0.16028499999999998	0.151064	0.086684	947100.0
2013-08-13	0.006705	0.158782	0.164455	0.154656	0.130024	690400.0
2013-08-12	-0.00445	0.148491	0.154652	0.146951	-0.08668200000000001	1070000.0
2013-08-09	-0.0022199999999999998	0.151064	0.158748	0.148502	-0.043342	1001700.0
2013-08-08	0.018083000000000002	0.16301300000000002	0.17761500000000002	0.162491	0.346733	1705300.0
2013-08-07	-0.0031550000000000003	0.146346	0.151545	0.144787	-0.06068099999999999	718300.0
2013-08-06	-0.00135	0.16348900000000002	0.164009	0.146876	-0.026004000000000003	1306900.0
2013-08-05	-0.002693	0.145341	0.150518	0.142234	-0.052008000000000006	709700.0
2013-08-02	0.006778	0.15101900000000001	0.161966	0.14737	0.130026	1125300.0
2013-08-01	0.004083	0.159383	0.16357	0.155195	0.078012	1242000.0
2013-07-31	0.0041	0.150471	0.16886600000000002	0.14942	0.078015	1181900.0
2013-07-30	-0.000455	0.163081	0.164132	0.1531	-0.008665	753100.0
2013-07-29	-0.00813	0.14841500000000002	0.152062	0.14216199999999998	-0.156031	889300.0
2013-07-26	-0.012489	0.137159	0.141276	0.13047	-0.24271399999999999	1199400.0
2013-07-25	-0.023518999999999998	0.10438499999999999	0.128	0.10438499999999999	-0.46808599999999995	2301000.0
2013-07-24	0.003496	0.158163	0.158667	0.14707	0.069343	1492200.0
2013-07-23	-0.00305	0.14658800000000002	0.15262	0.141058	-0.06068	1338300.0
2013-07-22	0.0039369999999999995	0.153625	0.159681	0.152616	0.078014	1421200.0
2013-07-19	0.0043939999999999995	0.153625	0.161735	0.151091	0.086684	1023900.0
2013-07-18	0.003085	0.1521	0.158709	0.150066	0.06068	1329900.0
2013-07-17	-0.00132	0.156164	0.156164	0.146009	-0.026005	1207500.0
2013-07-16	0.007539	0.158229	0.16488	0.155672	0.14736400000000002	962200.0
2013-07-15	0.0008880000000000001	0.153625	0.157721	0.148505	0.017334	968700.0
2013-07-12	0.001779	0.151573	0.155677	0.14644400000000002	0.034675	815400.0
2013-07-11	0.029762	0.177395	0.192185	0.17211300000000002	0.563439	1928600.0
2013-07-10	0.006915999999999999	0.154157	0.16958099999999998	0.153093	0.130026	933500.0
2013-07-09	-0.001381	0.154156	0.155219	0.146189	-0.026003	1309500.0
2013-07-08	0.004625	0.160028	0.16056199999999998	0.15095699999999998	0.086681	1051500.0
2013-07-05	0.0060490000000000006	0.155772	0.160604	0.148257	0.11268800000000001	657000.0
2013-07-03	0.001398	0.144486	0.155775	0.142874	0.026007	724800.0
2013-07-02	-0.018298	0.132516	0.142015	0.1246	-0.34673699999999996	1587500.0
2013-07-01	0.009234000000000001	0.157886	0.16853800000000002	0.15682100000000002	0.173368	1132200.0
2013-06-28	-0.0013830000000000001	0.153093	0.15628399999999998	0.146179	-0.026004000000000003	1386800.0
2013-06-27	0.016401	0.163356	0.17416700000000002	0.16281500000000002	0.30339	2143500.0
2013-06-26	0.008029999999999999	0.16234400000000002	0.169973	0.159074	0.147362	1295900.0
2013-06-25	0.013404	0.162461	0.171849	0.150864	0.24271399999999999	2453600.0
2013-06-24	-0.016478	0.12266600000000001	0.14113299999999998	0.12158	-0.30339099999999997	3910100.0
2013-06-21	-0.012093000000000001	0.148259	0.15094200000000002	0.13001600000000002	-0.22537800000000002	2232500.0
2013-06-20	-0.033273000000000004	0.134433	0.134951	0.110572	-0.641456	2475000.0
2013-06-19	-0.008912999999999999	0.16647699999999999	0.169562	0.140773	-0.17336700000000002	1870400.0
2013-06-18	0.006278	0.16035	0.168627	0.158798	0.121359	2125100.0
2013-06-17	0.021998	0.190634	0.192749	0.174773	0.416079	2791400.0
2013-06-14	-0.004562	0.15046700000000002	0.15573	0.143625	-0.086686	761300.0
2013-06-13	0.010138	0.15043499999999999	0.167979	0.147777	0.19070499999999999	1532800.0
2013-06-12	0.001847	0.166408	0.16694	0.153092	0.034673	1517100.0
2013-06-11	-0.014559	0.138404	0.145752	0.135255	-0.277387	3042000.0
2013-06-10	0.00595	0.162073	0.162073	0.151513	0.11268800000000001	1843800.0
2013-06-07	0.004136	0.159987	0.165819	0.153095	0.07801799999999999	1803700.0
2013-06-06	0.0074069999999999995	0.157364	0.16323900000000002	0.152557	0.138691	2313100.0
2013-06-05	-0.021296000000000002	0.14369300000000002	0.148398	0.12748900000000002	-0.40741	2949500.0
2013-06-04	-0.002711	0.15518900000000002	0.157795	0.142678	-0.05200900000000001	1742300.0
2013-06-03	0.015603	0.159978	0.173214	0.155743	0.294721	2163200.0
2013-05-31	-0.022869999999999998	0.14586500000000002	0.1469	0.12620699999999999	-0.442083	2970000.0
2013-05-30	0.00905	0.162499	0.168241	0.160411	0.17336700000000002	1518800.0
2013-05-29	0.001359	0.157807	0.162511	0.15101199999999998	0.026004000000000003	1686300.0
2013-05-28	-0.00809	0.160365	0.162439	0.142737	-0.15603	1647800.0
2013-05-24	0.007698999999999999	0.164075	0.165642	0.15885	0.14736300000000002	2106300.0
2013-05-23	-0.006301	0.143761	0.14791400000000002	0.13908800000000002	-0.12136	3835100.0
2013-05-22	-0.016814	0.151583	0.160261	0.127592	-0.329394	3533000.0
2013-05-21	0.011637999999999999	0.160338	0.171699	0.15620699999999998	0.22537600000000002	1712200.0
2013-05-20	0.0008960000000000001	0.156209	0.15930999999999998	0.153108	0.017336	1206000.0
2013-05-17	0.013163999999999999	0.15886199999999998	0.168811	0.15729100000000001	0.251381	1519700.0
2013-05-16	-0.016079	0.140744	0.151049	0.134046	-0.31206100000000003	2521900.0
2013-05-15	0.013581000000000001	0.159892	0.16981400000000002	0.15884700000000002	0.260052	2525600.0
2013-05-14	-0.0036079999999999997	0.16039	0.16403199999999998	0.145299	-0.069346	3132200.0
2013-05-13	-0.019894	0.13781500000000002	0.13781500000000002	0.127615	-0.39007600000000003	2555100.0
2013-05-10	-0.0052770000000000004	0.134854	0.148044	0.13181099999999998	-0.104021	3376700.0
2013-05-09	-0.014731000000000001	0.151126	0.151126	0.133632	-0.294721	1282200.0
2013-05-08	0.01406	0.164776	0.17339300000000002	0.162749	0.277384	913800.0
2013-05-07	0.002643	0.16074000000000002	0.162773	0.150068	0.052011	1532300.0
2013-05-06	0.0017649999999999999	0.15667999999999999	0.158207	0.152098	0.034674	802700.0
2013-05-03	0.016144	0.171731	0.18363	0.171214	0.31206100000000003	1111500.0
2013-05-02	-0.001791	0.14536300000000002	0.15620699999999998	0.14536300000000002	-0.034674	2661600.0
2013-05-01	-0.010191	0.153625	0.153625	0.13318	-0.199373	2691300.0
2013-04-30	0.003468	0.15198399999999998	0.163268	0.15198399999999998	0.067614	2040700.0
2013-04-29	0.014411000000000002	0.202924	0.21228899999999998	0.202404	0.276968	1158500.0
2013-04-26	0.003066	0.191477	0.198784	0.183649	0.05875	1960500.0
2013-04-25	0.017833	0.20369500000000001	0.2191	0.199445	0.33571799999999996	1790500.0
2013-04-24	0.032688999999999996	0.221648	0.237008	0.21835700000000002	0.5959	1812600.0
2013-04-23	0.024045	0.213948	0.230238	0.21170100000000003	0.42803900000000006	2181000.0
2013-04-22	-0.009804	0.188696	0.191477	0.16867100000000002	-0.176252	2169400.0
2013-04-19	-0.002329	0.19203199999999998	0.19536199999999998	0.184263	-0.041964	1289000.0
2013-04-18	-0.0023239999999999997	0.199782	0.20089	0.182619	-0.041967000000000004	2129800.0
2013-04-17	-0.04398	0.161307	0.16183599999999998	0.12848900000000002	-0.8309	3171500.0
2013-04-16	0.022716999999999998	0.21204800000000001	0.22125100000000003	0.204469	0.419645	1013700.0
2013-04-15	-0.031675999999999996	0.176276	0.177324	0.151115	-0.60429	1369600.0
2013-04-12	0.003089	0.185168	0.19621	0.183065	0.058752	998300.0
2013-04-11	0.003988	0.19886800000000002	0.204675	0.19253299999999998	0.075537	1550200.0
2013-04-10	0.019422	0.20815999999999998	0.22	0.20762199999999997	0.36089699999999997	1034200.0
2013-04-09	0.006821	0.19472799999999998	0.206107	0.18551700000000002	0.125892	1199200.0
2013-04-08	-0.007670999999999999	0.177498	0.186101	0.171046	-0.142679	2139400.0
2013-04-05	-0.010714	0.174988	0.17924400000000001	0.164882	-0.201431	1878400.0
2013-04-04	-0.004444	0.171355	0.18724100000000002	0.168707	-0.08392899999999999	2190400.0
2013-04-03	-0.014022999999999999	0.19460999999999998	0.198265	0.17111500000000002	-0.26857600000000004	1506800.0
2013-04-02	0.013322	0.20258800000000002	0.210524	0.20153	0.251789	2095600.0
2013-04-01	-0.010545	0.191477	0.192524	0.17210799999999998	-0.201433	1124300.0
2013-03-28	0.005745	0.19253	0.198849	0.18673900000000002	0.10911199999999999	1705500.0
2013-03-27	-0.012653	0.169124	0.176402	0.165485	-0.24339699999999997	2129100.0
2013-03-26	0.018213999999999998	0.197829	0.213179	0.196241	0.344111	1870000.0
2013-03-25	-0.005303	0.198322	0.201481	0.178841	-0.100714	1435800.0
2013-03-22	0.009817	0.199984	0.205301	0.195731	0.184643	1146400.0
2013-03-21	-0.024380000000000002	0.163986	0.173841	0.160355	-0.47000299999999995	1354600.0
2013-03-20	0.015024000000000001	0.201481	0.21306399999999998	0.201481	0.28536	1091900.0
2013-03-19	-0.001324	0.197261	0.19883900000000002	0.18043599999999999	-0.025179	1257300.0
2013-03-18	-0.022011000000000003	0.166794	0.179136	0.162166	-0.428043	1610000.0
2013-03-15	0.009586	0.20393699999999998	0.20601399999999997	0.197707	0.184646	1214200.0
2013-03-14	0.002621	0.182108	0.19512100000000002	0.181588	0.05036	1221500.0
2013-03-13	0.005712	0.19933	0.200377	0.18886	0.10910399999999999	1713400.0
2013-03-12	-0.0052450000000000005	0.190957	0.19355999999999998	0.181062	-0.100712	916400.0
2013-03-11	0.0021899999999999997	0.18573699999999999	0.19408699999999998	0.183649	0.041964	971300.0
2013-03-08	-0.006527	0.181108	0.185774	0.17332999999999998	-0.125893	1550900.0
2013-03-07	0.0056890000000000005	0.200863	0.205035	0.194606	0.109106	984700.0
2013-03-06	-0.0013109999999999999	0.197206	0.197206	0.187832	-0.025177	955100.0
2013-03-05	0.009709	0.2062	0.209355	0.201994	0.184645	1480100.0
2013-03-04	0.00044100000000000004	0.178326	0.193581	0.17517	0.00839	2233300.0
2013-03-01	-0.003081	0.185184	0.191477	0.180989	-0.058748	1879100.0
2013-02-28	-0.004382	0.196699	0.202442	0.18573399999999998	-0.08393099999999999	2336800.0
2013-02-27	0.017841	0.197323	0.21804899999999997	0.19626	0.33571799999999996	1569600.0
2013-02-26	0.012647	0.212466	0.21623299999999998	0.197397	0.23500500000000002	2604700.0
2013-02-25	-0.040728	0.186831	0.18838	0.14243499999999998	-0.7889390000000001	3017900.0
2013-02-22	0.014952000000000002	0.20562399999999997	0.21034	0.201957	0.28536100000000003	1544900.0
2013-02-21	-0.008286	0.18836	0.192517	0.17485	-0.159468	3100100.0
2013-02-20	-0.003043	0.209091	0.21064499999999997	0.187851	-0.058748	2101200.0
2013-02-19	0.010989	0.19881	0.204571	0.19881	0.209823	1387800.0
2013-02-15	0.0048590000000000005	0.193056	0.198845	0.191477	0.092322	1413100.0
2013-02-14	0.047663	0.226764	0.250472	0.224559	0.8644729999999999	3537200.0
2013-02-13	0.023684999999999998	0.211796	0.219698	0.210103	0.419645	2087400.0
2013-02-12	0.001423	0.182999	0.19826	0.181869	0.025181	1732400.0
2013-02-11	0.0	0.191477	0.191477	0.182999	0.0	1177800.0
2013-02-08	0.007167	0.19717	0.200016	0.194324	0.125893	1298500.0
2013-02-07	-0.017832	0.18365	0.185327	0.165199	-0.318932	1490800.0
2013-02-06	0.003296	0.183624	0.196526	0.182502	0.058752	1175800.0
2013-02-05	0.009986	0.19884300000000002	0.20677399999999999	0.197143	0.176251	1134800.0
2013-02-04	-0.038848	0.15825999999999998	0.162072	0.143557	-0.713398	1892800.0
2013-02-01	0.021952	0.208729	0.21985900000000003	0.207616	0.394466	1651200.0
2013-01-31	-0.010171	0.185969	0.188172	0.177155	-0.184645	1527300.0
2013-01-30	0.005579	0.195909	0.204218	0.193139	0.100716	2390500.0
2013-01-29	0.010333	0.19651400000000002	0.20602800000000002	0.195954	0.184643	1657800.0
2013-01-28	-0.001875	0.19427	0.194829	0.189243	-0.033568	1582800.0
2013-01-25	0.011859	0.19939	0.207304	0.197695	0.20982199999999998	1639700.0
2013-01-24	0.005246	0.190341	0.200568	0.190341	0.092323	1963800.0
2013-01-23	-0.0038009999999999997	0.180723	0.191477	0.179591	-0.067146	4093900.0
2013-01-22	-0.004257	0.177387	0.187532	0.172878	-0.075535	2685900.0
2013-01-18	0.0	0.183023	0.193168	0.18245999999999998	0.0	1844500.0
2013-01-17	0.0037990000000000003	0.205621	0.20901599999999998	0.190912	0.06714500000000001	2914500.0
2013-01-16	0.001426	0.18751099999999998	0.19884300000000002	0.18581199999999998	0.025177	1817400.0
2013-01-15	-0.007081999999999999	0.172913	0.186414	0.172351	-0.125895	1812800.0
2013-01-14	-0.016713	0.176542	0.179308	0.169905	-0.302145	1305600.0
2013-01-11	0.0	0.18926500000000002	0.19313699999999998	0.18484	0.0	1056100.0
2013-01-10	0.014124000000000001	0.199331	0.20998899999999998	0.195404	0.251789	1222700.0
2013-01-09	0.017728999999999998	0.198328	0.21431399999999998	0.197757	0.31053800000000004	1416300.0
2013-01-08	-0.005717	0.186369	0.189207	0.180125	-0.100714	992200.0
2013-01-07	-0.004268999999999999	0.177347	0.18639	0.174521	-0.075537	1362800.0
2013-01-04	0.009578	0.18748299999999998	0.204031	0.186342	0.167856	1355200.0
2013-01-03	-0.014629	0.173485	0.184168	0.171798	-0.260177	1640300.0
2013-01-02	0.01924	0.215547	0.221852	0.20695100000000002	0.335714	2097200.0
2012-12-31	0.014641	0.193803	0.21241100000000002	0.190314	0.251791	1548700.0
2012-12-28	-0.014430000000000002	0.178296	0.182881	0.172565	-0.251791	1844900.0
2012-12-27	0.007268000000000001	0.20186800000000002	0.203023	0.18801400000000001	0.125897	1308600.0
2012-12-26	0.003403	0.194374	0.20364100000000002	0.191477	0.05875	888300.0
2012-12-24	-0.012482	0.182897	0.186329	0.173745	-0.218216	648300.0
2012-12-21	0.001442	0.182312	0.193769	0.180594	0.025179	1730500.0
2012-12-20	0.005803	0.19551	0.200696	0.18859700000000001	0.100713	1400800.0
2012-12-19	-0.00193	0.195503	0.197803	0.187452	-0.033569	1661600.0
2012-12-18	0.011225	0.196129	0.204852	0.194385	0.193037	1503900.0
2012-12-17	0.006385	0.191478	0.19908499999999998	0.191478	0.109108	1725200.0
2012-12-14	0.00842	0.195608	0.206231	0.194428	0.142679	1621200.0
2012-12-13	0.004978	0.196222	0.202746	0.190884	0.08392899999999999	1420900.0
2012-12-12	0.002996	0.193857	0.20456400000000002	0.193857	0.05036	1269700.0
2012-12-11	0.009576000000000001	0.196882	0.20589000000000002	0.19628199999999998	0.15946400000000002	1489000.0
2012-12-10	-0.002514	0.180096	0.192076	0.179497	-0.041964	1385600.0
2012-12-07	0.000503	0.18848099999999998	0.192676	0.183686	0.008395	1025500.0
2012-12-06	0.000503	0.190278	0.192077	0.184881	0.00839	1293800.0
2012-12-05	0.010681999999999999	0.196932	0.208447	0.192689	0.176252	1700900.0
2012-12-04	0.011837	0.206195	0.209261	0.200676	0.193037	1737000.0
2012-12-03	0.000515	0.20804299999999998	0.20926999999999998	0.191477	0.008395	1500800.0
2012-11-30	0.001547	0.199466	0.20253800000000002	0.18902	0.025179	1701400.0
2012-11-29	0.010948999999999999	0.204523	0.209492	0.195205	0.17625	1874600.0
2012-11-28	0.016967	0.18831900000000001	0.213588	0.185792	0.268574	1841300.0
2012-11-27	-0.00053	0.19021500000000002	0.198423	0.18579500000000002	-0.008393000000000001	2167800.0
2012-11-26	0.0031899999999999997	0.18704300000000001	0.195911	0.18641	0.050358999999999994	1517600.0
2012-11-23	0.028993	0.224719	0.228629	0.21885300000000002	0.44482299999999997	1439800.0
2012-11-21	0.015556	0.20935	0.211335	0.202068	0.235004	2982800.0
2012-11-20	-0.00277	0.196758	0.197418	0.18487699999999999	-0.041964	3151700.0
2012-11-19	0.02035	0.21101	0.219092	0.21101	0.302145	2878700.0
2012-11-16	-0.0033799999999999998	0.184765	0.190806	0.174025	-0.050358	2698200.0
2012-11-15	-0.002809	0.19951	0.203526	0.184784	-0.041963	2668400.0
2012-11-14	-0.010561	0.1981	0.19876300000000002	0.174258	-0.159466	3181000.0
2012-11-13	-0.012624	0.170551	0.188208	0.169243	-0.19303900000000002	3002500.0
2012-11-12	0.0016489999999999999	0.193442	0.199992	0.190822	0.025177	960000.0
2012-11-09	-0.004922999999999999	0.182352	0.197995	0.182352	-0.075536	1729900.0
2012-11-08	-0.003815	0.197321	0.20381400000000002	0.18303599999999998	-0.058748	2512100.0
2012-11-07	-0.011847	0.183137	0.18442	0.17030399999999998	-0.184643	1643200.0
2012-11-06	0.018092	0.210421	0.21956599999999998	0.207808	0.276965	1316100.0
2012-11-05	0.0033	0.190167	0.19672	0.18623399999999998	0.050357	1265300.0
2012-11-02	-0.0065569999999999995	0.20449900000000001	0.20515	0.182362	-0.100715	1278400.0
2012-11-01	0.013288999999999999	0.198735	0.20929	0.195436	0.201434	1872900.0
2012-10-31	-0.007147	0.197372	0.198027	0.177722	-0.10911400000000002	2117700.0
2012-10-26	-0.016756999999999998	0.172156	0.177953	0.168292	-0.260178	1950400.0
2012-10-25	-0.014385	0.184495	0.187669	0.16989500000000002	-0.22660999999999998	3161100.0
2012-10-24	-0.007403	0.191477	0.192107	0.180766	-0.117501	1558300.0
2012-10-23	-0.033725	0.158601	0.158601	0.145206	-0.553934	2371700.0
2012-10-22	0.01294	0.20504499999999998	0.211829	0.197028	0.20982399999999998	2439300.0
2012-10-19	-0.021772	0.184238	0.184238	0.16252	-0.36089899999999997	1388100.0
2012-10-18	0.009714	0.197569	0.209752	0.195741	0.159467	1826300.0
2012-10-17	0.014523	0.205073	0.21310700000000002	0.202601	0.23500300000000002	1512200.0
2012-10-16	0.013137000000000001	0.200869	0.208382	0.198991	0.209823	1141400.0
2012-10-15	0.007412	0.194001	0.201569	0.185801	0.117504	1268600.0
2012-10-12	0.004253	0.204146	0.20984699999999998	0.193378	0.067142	1519000.0
2012-10-11	0.01347	0.217156	0.22229200000000002	0.20624299999999998	0.20982399999999998	1352700.0
2012-10-10	-0.012241	0.18323399999999998	0.184502	0.170552	-0.19304100000000002	1442000.0
2012-10-09	-0.021863	0.182174	0.18465499999999999	0.165428	-0.3525	1465700.0
2012-10-08	-0.009794	0.181651	0.184722	0.177352	-0.159468	1754300.0
2012-10-05	0.002066	0.201324	0.204401	0.18901600000000002	0.033572000000000005	1921000.0
2012-10-04	0.018411	0.20025199999999999	0.217175	0.199625	0.29375300000000004	1705100.0
2012-10-03	-0.004712	0.19522	0.196468	0.181496	-0.075537	2025000.0
2012-10-02	0.008448	0.21475300000000003	0.216011	0.194623	0.134286	2374000.0
2012-10-01	0.012834	0.211866	0.22078699999999998	0.202309	0.201433	2218600.0
2012-09-28	-0.025026	0.179674	0.180917	0.159796	-0.402862	2118900.0
2012-09-27	0.01589	0.20031300000000002	0.21104099999999998	0.192108	0.251789	1914500.0
2012-09-26	-0.007882	0.183338	0.187095	0.172068	-0.125895	1501000.0
2012-09-25	-0.01806	0.191477	0.193937	0.16996	-0.293752	1467400.0
2012-09-24	-0.006154	0.179257	0.189644	0.175591	-0.10071799999999999	1614100.0
2012-09-21	0.001027	0.204934	0.20554499999999998	0.191478	0.016793000000000002	1532400.0
2012-09-20	-0.015166999999999998	0.16678099999999998	0.17641800000000002	0.163166	-0.251793	1553200.0
2012-09-19	0.008669	0.192692	0.20666700000000002	0.186617	0.142677	1928400.0
2012-09-18	-0.014077000000000001	0.174705	0.180096	0.172308	-0.23499899999999999	2106300.0
2012-09-17	-0.006989	0.18315	0.186719	0.17660599999999999	-0.1175	2673500.0
2012-09-14	0.028762	0.23003099999999999	0.24288200000000001	0.21656799999999998	0.47000299999999995	3728100.0
2012-09-13	0.021511000000000002	0.200854	0.223358	0.194603	0.34410999999999997	4038700.0
2012-09-12	0.008466	0.204086	0.21101999999999999	0.197151	0.13428800000000002	2232900.0
2012-09-11	0.019417	0.203045	0.21782600000000002	0.202402	0.302146	3160100.0
2012-09-10	-0.005898	0.198505	0.19914400000000002	0.182533	-0.092324	1920300.0
2012-09-07	0.041318	0.23605	0.244033	0.231393	0.621079	3005200.0
2012-09-06	0.034065	0.21693099999999998	0.235504	0.216243	0.495184	3082300.0
2012-09-05	0.00464	0.19009500000000001	0.201844	0.185949	0.067143	3186600.0
