2017-09-01	0.005288	0.002081	0.011025	-0.002644	0.940003	2431900.000000
2016-09-01	0.000412	0.030875	0.030935	0.019209	0.0681	1876100.0
2016-08-31	-0.004099	0.027732	0.031705000000000004	0.022255	-0.680984	2936400.0
2016-08-30	-0.004372999999999999	0.025814999999999998	0.030489999999999996	0.019582	-0.729615	1803100.0
2016-08-29	-0.002675	0.030304	0.031081	0.022831999999999998	-0.447525	2512200.0
2016-08-26	0.010221	0.031355	0.044579	0.025135	1.692749	2925300.0
2016-08-25	-0.003571	0.022378	0.031643	0.015397999999999998	-0.593429	2623800.0
2016-08-24	-0.020413	0.025555	0.030683	0.0036299999999999995	-3.463333	3055000.0
2016-08-23	0.00028700000000000004	0.028444	0.037582	0.023844999999999998	0.048645	2375700.0
2016-08-22	0.0042049999999999995	0.028623000000000003	0.037149	0.025544999999999998	0.710174	2603700.0
2016-08-19	-0.0064659999999999995	0.02409	0.029148	0.013266	-1.099304	2696400.0
2016-08-18	0.0025239999999999998	0.028620999999999997	0.041652999999999996	0.023549	0.42804	3422400.0
2016-08-17	0.012487999999999999	0.027017000000000003	0.041884	0.025047	2.091613	2580900.0
2016-08-16	-0.013862000000000001	0.027677999999999998	0.029856	0.013134	-2.354263	2622800.0
2016-08-15	0.014882	0.024686000000000003	0.044047	0.024686000000000003	2.490463	2784300.0
2016-08-12	0.0034219999999999997	0.026753	0.038206	0.023396	0.5706939999999999	1863200.0
2016-08-11	0.0070079999999999995	0.039987	0.043248	0.032802	1.16066	2142800.0
2016-08-10	-0.00494	0.032747000000000005	0.034609	0.025657	-0.822174	2476600.0
2016-08-09	-0.001509	0.035808	0.039648	0.029929	-0.251465	2094200.0
2016-08-08	-0.007601	0.031805	0.036864999999999995	0.022993	-1.276748	2706500.0
2016-08-05	0.005733	0.03796	0.044966000000000006	0.03293	0.95755	2228300.0
2016-08-04	-0.004382	0.033114	0.035319	0.025602	-0.7350770000000001	2122200.0
2016-08-03	-0.0041340000000000005	0.031454	0.035313	0.022787	-0.696396	3911800.0
2016-08-02	-5.7999999999999994e-05	0.039172000000000005	0.04778	0.028011	-0.00969	6589000.0
2016-08-01	0.012381999999999999	0.039177	0.051618	0.035391000000000006	2.060196	3571900.0
2016-07-29	0.004379	0.035639	0.039804	0.029361	0.725418	3121600.0
2016-07-28	0.003515	0.023288	0.040673	0.008629000000000001	0.580353	5192500.0
2016-07-27	0.017952000000000003	0.032532	0.054977	0.03247	2.911331	4200200.0
2016-07-26	0.006664	0.02973	0.043137	0.028985000000000004	1.0735940000000002	2883600.0
2016-07-25	0.005372	0.034076	0.041877	0.023903999999999998	0.8608549999999999	2704900.0
2016-07-22	0.009014	0.037604000000000005	0.047363999999999996	0.032692	1.4314719999999999	2500400.0
2016-07-21	0.005758	0.034775	0.040285	0.030469	0.9091799999999999	1971800.0
2016-07-20	0.004677000000000001	0.033634	0.041269	0.029626	0.735108	2161400.0
2016-07-19	-0.0027010000000000003	0.035601999999999995	0.045183999999999995	0.027606	-0.425583	2249500.0
2016-07-18	-0.002144	0.037308	0.038448	0.030786	-0.338532	1815600.0
2016-07-15	0.0033179999999999998	0.038399	0.045515	0.026392000000000002	0.522293	3179700.0
2016-07-14	0.01383	0.043421	0.049797	0.035305	2.147232	2444800.0
2016-07-13	-0.008891	0.038229	0.038357	0.023356000000000002	-1.392791	2691800.0
2016-07-12	0.011113	0.036729000000000005	0.047443	0.036019	1.7216790000000002	2407200.0
2016-07-11	-0.005711	0.035557	0.041718	0.026829000000000002	-0.889877	2464700.0
2016-07-08	0.028801	0.040688999999999996	0.06373200000000001	0.031314	4.362183	3741500.0
2016-07-07	0.00346	0.03263	0.038592	0.028588	0.522293	2437100.0
2016-07-06	0.011538	0.028326	0.050977999999999996	0.025042	1.7216490000000002	3834000.0
2016-07-05	-6.500000000000001e-05	0.033955	0.038311000000000005	0.027857	-0.009659000000000001	2349100.0
2016-07-01	0.013999000000000001	0.035791	0.052915	0.034568	2.060181	2758100.0
2016-06-30	0.013658000000000002	0.038917	0.049937	0.032029	1.9828029999999999	3480700.0
2016-06-29	0.011319	0.038695	0.050119	0.035351	1.624939	3771100.0
2016-06-28	0.026560000000000004	0.043256	0.061348	0.041183	3.714142	4348000.0
2016-06-27	-0.012768999999999999	0.031841	0.038266	0.015322	-1.808716	4176700.0
2016-06-24	-0.038222000000000006	-0.000536	0.013722999999999999	-0.00848	-5.629242	4919200.0
2016-06-23	0.016421	0.043551	0.051762999999999997	0.039548	2.379395	3000400.0
2016-06-22	0.0026100000000000003	0.031536	0.052986	0.030982	0.377212	4470100.0
2016-06-21	-0.008165	0.037251	0.039516	0.019133	-1.189697	2622200.0
2016-06-20	0.006884	0.048884	0.055103	0.039070999999999995	0.9962610000000001	3250500.0
2016-06-17	-0.017597	0.035993	0.037011	0.01522	-2.592163	4681500.0
2016-06-16	0.002633	0.032391	0.040695	0.025720999999999997	0.386872	2321700.0
2016-06-15	-0.007125	0.034835000000000005	0.041255	0.025981999999999998	-1.054276	2443700.0
2016-06-14	-0.000588	0.031592	0.03659	0.024163	-0.087051	2115200.0
2016-06-13	-0.010983	0.035759	0.042839	0.021932	-1.6442720000000002	2340300.0
2016-06-10	-0.012757	0.023865	0.030855	0.013182	-1.934448	2626100.0
2016-06-09	-0.0077209999999999996	0.032318	0.040301	0.020801	-1.180008	2383200.0
2016-06-08	-0.005601	0.031221	0.034214	0.025103999999999998	-0.860825	2476000.0
2016-06-07	-0.008115	0.027047	0.030338999999999998	0.021561	-1.2574	1896700.0
2016-06-06	0.006282	0.036420999999999995	0.04402	0.031939999999999996	0.967239	1897600.0
2016-06-03	-0.004254	0.033824	0.034664999999999994	0.014163999999999998	-0.65773	2138600.0
2016-06-02	0.011515000000000001	0.035066	0.045794	0.033234	1.760345	2386300.0
2016-06-01	0.000633	0.031663	0.039714	0.025509999999999998	0.096741	1716400.0
2016-05-31	0.00772	0.038374	0.045036	0.03468	1.170334	3204400.0
2016-05-27	0.00765	0.038209	0.042729	0.030964	1.151001	1364000.0
2016-05-26	-0.000129	0.029568999999999998	0.038607	0.027110000000000002	-0.019379	1808600.0
2016-05-25	0.018662	0.039439999999999996	0.05501	0.036799	2.756607	3053100.0
2016-05-24	0.022907	0.043653	0.059095	0.041437	3.307892	2581000.0
2016-05-23	-0.0058590000000000005	0.032925	0.037813	0.026798000000000002	-0.8511350000000001	1543400.0
2016-05-20	0.010157	0.035627	0.055028999999999995	0.033749	1.460495	3075800.0
2016-05-19	-0.014321	0.024429	0.029776	0.008458	-2.089203	3023600.0
2016-05-18	0.004796	0.032511	0.042980000000000004	0.02769	0.696396	3234500.0
2016-05-17	-0.020617	0.028357	0.03146	0.008053	-3.056412	4486500.0
2016-05-16	0.006039	0.033888999999999996	0.044136	0.029477999999999997	0.889862	2415100.0
2016-05-13	0.0029620000000000002	0.02926	0.048726	0.02926	0.43522700000000003	2451200.0
2016-05-12	-0.008302	0.04407	0.04623	0.025778	-1.2299200000000001	2981600.0
2016-05-11	-0.019461000000000003	0.043938	0.047379000000000004	0.019846000000000003	-2.940384	2741800.0
2016-05-10	0.011775	0.044311	0.054689999999999996	0.037614	1.7584540000000002	2585000.0
2016-05-09	0.014491999999999998	0.044159	0.060328	0.03954	2.133178	2990100.0
2016-05-06	-0.006872	0.035567	0.042044	0.021197	-1.018524	3003400.0
2016-05-05	0.000454	0.040358	0.054397	0.035160000000000004	0.067276	2325400.0
2016-05-04	-0.013878999999999999	0.033573	0.037433	0.021924000000000003	-2.0851740000000003	3048400.0
2016-05-03	-0.016605	0.036636	0.037226	0.021123	-2.5367740000000003	2862900.0
2016-05-02	0.004359	0.042799000000000004	0.048058	0.033529	0.66304	2433700.0
2016-04-29	-0.014075999999999998	0.033111	0.049510000000000005	0.013602000000000001	-2.171631	5386600.0
2016-04-28	-0.0027329999999999998	0.035653	0.05801799999999999	0.030094	-0.42278999999999994	3354100.0
2016-04-27	-0.011359999999999999	0.039864	0.041014	0.025677	-1.777695	2729500.0
2016-04-26	-0.003732	0.040249	0.04356	0.031527	-0.586136	2156600.0
2016-04-25	0.001655	0.04044	0.044266	0.034636	0.259445	1596300.0
2016-04-22	-0.007058	0.041770999999999996	0.042911000000000005	0.026954000000000002	-1.114624	2757200.0
2016-04-21	0.009769	0.038649	0.052076	0.036026999999999997	1.527832	2348400.0
2016-04-20	0.004071	0.046601	0.051865999999999995	0.038769	0.634171	2374300.0
2016-04-19	0.0024739999999999996	0.034902999999999997	0.045844	0.031942	0.384384	2693000.0
2016-04-18	0.009804	0.036536	0.053498000000000004	0.035951	1.508591	2078200.0
2016-04-15	6.3e-05	0.040889999999999996	0.04245	0.029906	0.009628	2824300.0
2016-04-14	0.000375	0.03907	0.045311000000000004	0.036209	0.057663	2406800.0
2016-04-13	0.009205	0.043451	0.05572100000000001	0.038267	1.402863	3860600.0
2016-04-12	0.014131999999999999	0.039031	0.059394	0.038832	2.123611	2763400.0
2016-04-11	-0.00044699999999999997	0.040296	0.049275	0.032846	-0.067276	2732800.0
2016-04-08	-0.0058460000000000005	0.046382	0.05140700000000001	0.027733999999999998	-0.884033	2522100.0
2016-04-07	-0.014280000000000001	0.036719	0.042781	0.020554	-2.190842	3363900.0
2016-04-06	0.043871	0.049472	0.087644	0.044573	6.447632	4067000.0
2016-04-05	-0.011056	0.034101	0.044059	0.026968000000000002	-1.643127	2604600.0
2016-04-04	0.003243	0.039615	0.052846000000000004	0.037589	0.480407	2314200.0
2016-04-01	0.028213	0.041319999999999996	0.072	0.034934	4.064637	3972200.0
2016-03-31	0.00301	0.03965	0.050999	0.038258	0.43237299999999995	2799600.0
2016-03-30	-6.7e-05	0.041530000000000004	0.050372	0.032411	-0.009598	2324500.0
2016-03-29	0.007548999999999999	0.041326	0.049954000000000005	0.029682999999999998	1.076217	2735700.0
2016-03-28	-0.00583	0.041253	0.048505	0.027306	-0.8360129999999999	2111000.0
2016-03-24	0.0032270000000000003	0.040695	0.056015999999999996	0.03258	0.461258	3025800.0
2016-03-23	-0.012348999999999999	0.038553	0.049608	0.02356	-1.787262	3107600.0
2016-03-22	0.024556	0.040978	0.06887	0.039421	3.4688410000000003	4213900.0
2016-03-21	0.010309	0.039193	0.058146	0.037191	1.441345	3176800.0
2016-03-18	0.009575	0.04676	0.057085000000000004	0.028998000000000003	1.32602	6802600.0
2016-03-17	0.001042	0.038816	0.05385	0.025227	0.14416500000000002	4899700.0
2016-03-16	0.005377000000000001	0.039169	0.068237	0.031393	0.7398680000000001	6104700.0
2016-03-15	-0.00975	0.042277999999999996	0.045588	0.027598	-1.354843	3034200.0
2016-03-14	0.000346	0.035584	0.046022	0.030761	0.048019	3013800.0
2016-03-11	0.025101	0.054863	0.06991699999999999	0.049107	3.4015660000000003	4861700.0
2016-03-10	0.000923	0.049263	0.059751	0.026808999999999996	0.12493900000000001	4572900.0
2016-03-09	-0.025789999999999997	0.036162	0.036737	0.006731999999999999	-3.584168	6075400.0
2016-03-08	-0.018193	0.037728	0.038505000000000005	0.019572	-2.575195	3064100.0
2016-03-07	0.009111	0.033566000000000006	0.05416900000000001	0.031997000000000005	1.277985	3278800.0
2016-03-04	0.0009599999999999999	0.049187	0.051113	0.031418	0.134552	3471400.0
2016-03-03	-0.011187	0.03879	0.039284	0.025383000000000003	-1.5855110000000001	2988900.0
2016-03-02	-0.006065	0.03796	0.042378	0.025406	-0.864792	3689900.0
2016-03-01	0.042943	0.055470000000000005	0.085825	0.040695	5.871064	4477700.0
2016-02-29	-0.036043	0.036182	0.041188	0.002762	-5.111969	5193800.0
2016-02-26	0.005792	0.053176	0.060197	0.042113	0.816772	3411500.0
2016-02-25	-0.002447	0.042463	0.04975	0.027607	-0.345932	3446800.0
2016-02-24	-0.001018	0.028257	0.040766000000000004	0.01702	-0.144119	3316100.0
2016-02-23	-0.008751	0.037823	0.048820999999999996	0.028786000000000003	-1.249161	3315200.0
2016-02-22	-0.010392	0.030989999999999997	0.038269	0.01865	-1.498993	4603300.0
2016-02-19	0.005492	0.038464	0.057842	0.033446	0.787918	2796800.0
2016-02-18	-0.011715999999999999	0.038766	0.049581	0.026986000000000003	-1.7007900000000002	2892100.0
2016-02-17	0.026639999999999997	0.048827999999999996	0.071601	0.042463	3.766739	3811100.0
2016-02-16	0.016791	0.0563	0.06471299999999999	0.047598	2.334961	3371300.0
2016-02-12	0.023045	0.05298099999999999	0.06651699999999999	0.038341	3.1325220000000003	3218000.0
2016-02-11	-0.016341	0.018623	0.038379	0.013413	-2.2580869999999997	4374400.0
2016-02-10	0.011525	0.062938	0.07699199999999999	0.053788	1.574509	4273500.0
2016-02-09	0.001119	0.033422	0.067205	0.031956	0.152679	4211100.0
2016-02-08	-0.014065000000000001	0.036805000000000004	0.044536	0.012673	-1.9466700000000001	4627300.0
2016-02-05	-0.032486	0.041081	0.044297	0.004451	-4.647248	6451900.0
2016-02-04	-0.005176	0.046610000000000006	0.056763	0.034788	-0.7443390000000001	3685200.0
2016-02-03	0.0038640000000000002	0.050654000000000005	0.055401	0.026708999999999997	0.553467	4530600.0
2016-02-02	-0.017283	0.032359	0.039288	0.018638	-2.519211	3881400.0
2016-02-01	0.000131	0.038188	0.054724	0.024672	0.019043	4602200.0
2016-01-29	0.029525	0.055349	0.08077899999999999	0.026032999999999997	4.179673	7174400.0
2016-01-28	-0.014088999999999999	0.052319000000000004	0.056567	0.012761	-2.023041	4246500.0
2016-01-27	-0.021524	0.055496000000000004	0.055496000000000004	0.014472	-3.158585	3752300.0
2016-01-26	0.002281	0.043492	0.060225	0.031949	0.333969	3645500.0
2016-01-25	-0.016978	0.048603	0.060822	0.027252	-2.528793	4765100.0
2016-01-22	0.0216	0.073104	0.07660299999999999	0.057946000000000004	3.149063	4577300.0
2016-01-21	-0.01445	0.046106	0.047932	0.015619	-2.137543	4674000.0
2016-01-20	0.024587	0.032001	0.08630299999999999	0.025421	3.5498510000000003	7338600.0
2016-01-19	0.0	0.062823	0.070926	0.026668	0.0	4382200.0
2016-01-15	-0.012144	0.010505	0.042047	0.010505	-1.774948	6175800.0
2016-01-14	0.052936000000000004	0.051966	0.11882100000000001	0.04152	7.347839	5649000.0
2016-01-13	-0.035347	0.050364	0.062109000000000004	0.009639	-5.086227	3982100.0
2016-01-12	0.02099	0.05318200000000001	0.073121	0.042468	2.958236	4410600.0
2016-01-11	-0.020038999999999998	0.052242	0.05405	0.002457	-2.881897	4747400.0
2016-01-08	-0.014837999999999999	0.048891000000000004	0.06081	0.030669	-2.166137	4179600.0
2016-01-07	-0.023864	0.023458	0.046126	0.022322	-3.5689550000000003	4162500.0
2016-01-06	-0.009167	0.026994999999999998	0.046341	0.026266	-1.383697	3826900.0
2016-01-05	-0.001073	0.0523	0.06030800000000001	0.040718	-0.162201	2678900.0
2016-01-04	-0.02458	0.026435000000000004	0.027855	0.0076489999999999995	-3.807495	5083200.0
2015-12-31	-0.005879	0.040616	0.053194000000000005	0.039974	-0.916077	1751700.0
2015-12-30	-0.006993999999999999	0.049142	0.049907	0.038181	-1.097412	1493000.0
2015-12-29	0.016756	0.055642	0.06886	0.050005	2.586044	2171100.0
2015-12-28	-0.011128	0.043831	0.045239999999999995	0.02903	-1.7367549999999998	1513000.0
2015-12-24	0.005101	0.05424299999999999	0.058492999999999996	0.044712	0.792053	943000.0
2015-12-23	0.002588	0.052645000000000004	0.05567999999999999	0.043735	0.400787	2202100.0
2015-12-22	0.01896	0.055958	0.07484	0.05293200000000001	2.881852	3125500.0
2015-12-21	0.003023	0.055059000000000004	0.05835800000000001	0.038561	0.458053	3818900.0
2015-12-18	-0.016291999999999997	0.041894	0.050463	0.029689999999999998	-2.50972	6227000.0
2015-12-17	-0.01914	0.047931	0.050542000000000004	0.017559	-3.005935	3699400.0
2015-12-16	0.012053	0.058822	0.06475	0.044581	1.8703610000000002	3923600.0
2015-12-15	0.028524	0.071394	0.089952	0.070797	4.3036959999999995	5365600.0
2015-12-14	0.019079	0.053538	0.069478	0.036314	2.824646	2780600.0
2015-12-11	-0.028308999999999997	0.035789999999999995	0.042089999999999995	0.015903	-4.3132790000000005	3005700.0
2015-12-10	0.011274	0.0551	0.067577	0.042025	1.698609	2808200.0
2015-12-09	-0.009163	0.041355	0.050956	0.02669	-1.393265	2995600.0
2015-12-08	0.006633	0.036744	0.063621	0.03297	1.001984	2249200.0
2015-12-07	-0.019389	0.057539	0.057928999999999994	0.022678999999999998	-2.986817	3566700.0
2015-12-04	0.043841000000000005	0.050032	0.097398	0.049964	6.46991	3920900.0
2015-12-03	-0.036569	0.046299	0.047932	0.0034729999999999995	-5.601532	4468600.0
2015-12-02	-0.009013	0.045603	0.050584	0.035769	-1.393204	2871600.0
2015-12-01	0.005462	0.058404	0.063088	0.044159	0.839707	2429000.0
2015-11-30	-0.014799000000000001	0.047739	0.051008	0.02768	-2.309281	2982600.0
2015-11-27	-0.002623	0.053109	0.054643	0.042754	-0.410354	1052400.0
2015-11-25	0.007188	0.04967	0.059584000000000005	0.047481	1.116516	2134200.0
2015-11-24	0.0019079999999999998	0.038514	0.05354299999999999	0.03845	0.29579099999999997	3687000.0
2015-11-23	0.016009	0.046097000000000006	0.06903300000000001	0.046097000000000006	2.442917	4168400.0
2015-11-20	0.002634	0.05614500000000001	0.060087	0.048326	0.400818	2728000.0
2015-11-19	-0.008887	0.041224000000000004	0.051838999999999996	0.034321	-1.364624	2041000.0
2015-11-18	0.021066	0.051322	0.071337	0.039619999999999995	3.1681209999999997	2975800.0
2015-11-17	0.020065	0.050713	0.079336	0.042505	2.958252	3644300.0
2015-11-16	0.019465	0.051181	0.070266	0.04482	2.815049	2443200.0
2015-11-13	0.003775	0.045849	0.06556100000000001	0.027248	0.54393	3855000.0
2015-11-12	-0.032612999999999996	0.047059	0.058876	0.012681	-4.8571480000000005	4767200.0
2015-11-11	-0.009535	0.05915499999999999	0.061216999999999994	0.042529000000000004	-1.4337	1920400.0
2015-11-10	-0.007893	0.057326999999999996	0.06339700000000001	0.042811	-1.196335	2871300.0
2015-11-09	-0.005173	0.048575	0.054220000000000004	0.039189	-0.7880550000000001	2722200.0
2015-11-06	-0.004714	0.050949	0.050949	0.024622	-0.7215729999999999	3344000.0
2015-11-05	-0.004077	0.05531799999999999	0.057139999999999996	0.033326999999999996	-0.626648	2202400.0
2015-11-04	-0.0035700000000000003	0.055764999999999995	0.06315499999999999	0.04228	-0.5506439999999999	3059500.0
2015-11-03	0.000924	0.044541000000000004	0.058687	0.041491	0.14238	2411500.0
2015-11-02	0.02611	0.058762	0.083665	0.054501	3.921264	3222500.0
2015-10-30	-0.014946000000000001	0.056384000000000004	0.06255	0.037167	-2.278686	4589700.0
2015-10-29	-0.012847999999999998	0.068257	0.06832200000000001	0.029085000000000003	-1.98436	4870200.0
2015-10-28	0.00426	0.058048	0.059023	0.032104	0.6551359999999999	4878900.0
2015-10-27	0.02144	0.053236	0.07674700000000001	0.048255	3.228134	3877200.0
2015-10-26	0.01817	0.054927	0.081367	0.045797000000000004	2.6869509999999996	4346600.0
2015-10-23	0.022586000000000002	0.062226	0.080136	0.050124	3.2661290000000003	3657300.0
2015-10-22	0.014791	0.067341	0.073236	0.04257	2.107803	4079800.0
2015-10-21	-0.002393	0.066677	0.069337	0.031183999999999996	-0.341812	3832600.0
2015-10-20	-0.026024000000000002	0.051327	0.05685	0.019144	-3.816788	3351200.0
2015-10-19	0.012188	0.053236	0.077598	0.052201	1.765945	3271700.0
2015-10-16	0.000459	0.057724	0.06414500000000001	0.039702999999999995	0.066483	4793100.0
2015-10-15	0.032001	0.050671	0.08865	0.047251	4.490921	3269600.0
2015-10-14	0.001558	0.058945000000000004	0.077144	0.050025	0.218369	3197400.0
2015-10-13	-0.035614	0.042981	0.052891999999999995	0.014763	-5.17453	4143900.0
2015-10-12	0.022996	0.075696	0.092172	0.067599	3.2661130000000003	5473000.0
2015-10-09	-0.002068	0.048669	0.059208000000000004	0.039956	-0.29431199999999996	3080900.0
2015-10-08	0.012496	0.050604	0.074151	0.031751999999999996	1.7565009999999999	6638500.0
2015-10-07	0.048364	0.063901	0.10611400000000001	0.045926999999999996	6.484771	8002400.0
2015-10-06	-0.017942	0.040931	0.050086	0.011193999999999999	-2.449615	4759700.0
2015-10-05	0.009335	0.06454700000000001	0.071274	0.051387999999999996	1.262787	4367100.0
2015-10-02	0.015974000000000002	0.038439999999999995	0.070586	0.018762	2.126785	4803500.0
2015-10-01	0.013809	0.054987	0.07090199999999999	0.040139	1.813461	4675900.0
2015-09-30	0.033627	0.075588	0.095973	0.06929199999999999	4.272522	6209500.0
2015-09-29	0.011948	0.051324	0.099112	0.046784	1.500138	6251500.0
2015-09-28	-0.045405	0.049131	0.050651	-0.010933	-5.972046	7514700.0
2015-09-25	-0.034700999999999996	0.071951	0.077015	0.0036969999999999998	-4.728287	5243700.0
2015-09-24	-0.015165999999999999	0.046008	0.052586	0.021723	-2.0982819999999998	3519200.0
2015-09-23	-0.001439	0.054319000000000006	0.061247	0.039523	-0.199402	2785400.0
2015-09-22	-0.007886	0.038271	0.051016000000000006	0.022661	-1.101364	4518000.0
2015-09-21	-0.023242	0.062888	0.06869299999999999	0.023371	-3.3231050000000004	4702600.0
2015-09-18	-0.021571	0.034144	0.049541	0.019841	-3.15216	6487300.0
2015-09-17	0.018058	0.056859	0.089185	0.05198200000000001	2.5919950000000003	3519500.0
2015-09-16	-0.0063100000000000005	0.052059	0.058359	0.027829000000000003	-0.9114690000000001	4004200.0
2015-09-15	0.00755	0.060351	0.065721	0.047935000000000005	1.082367	2560200.0
2015-09-14	-0.014425	0.05791	0.05791	0.031513	-2.098327	2896200.0
2015-09-11	0.00045700000000000005	0.045739	0.055367999999999994	0.038036	0.066482	2422700.0
2015-09-10	0.013635	0.051563	0.075823	0.049611	1.955856	3477900.0
2015-09-09	-0.022515	0.064343	0.068228	0.026387	-3.304092	2987600.0
2015-09-08	0.051286	0.086047	0.10796800000000001	0.081749	7.158936	4508400.0
2015-09-04	-0.01481	0.040955	0.051329999999999994	0.028675	-2.098328	3362800.0
2015-09-03	-0.020093	0.055933000000000004	0.06589199999999999	0.029998	-2.90535	2868400.0
2015-09-02	0.032755	0.064735	0.088163	0.051736000000000004	4.585877	4339100.0
2015-09-01	-0.028462	0.035541	0.047754000000000005	0.019719	-4.101639	5523000.0
2015-08-31	-0.026364999999999996	0.049451999999999996	0.056344000000000005	0.022225	-3.902252	4354500.0
2015-08-28	0.001092	0.0577	0.06865700000000001	0.039641	0.161407	4649300.0
2015-08-27	0.0113	0.05939199999999999	0.074577	0.035315	1.6520540000000001	4910500.0
2015-08-26	0.060541	0.097051	0.117943	0.06730900000000001	8.345688	5251300.0
2015-08-25	-0.016594	0.087906	0.097751	0.033547	-2.326172	6701100.0
2015-08-24	-0.04865	-0.013681	0.048010000000000004	-0.049855000000000003	-7.16835	8697500.0
2015-08-21	-0.036983999999999996	0.038988	0.07134	0.014283	-5.658722	6208400.0
2015-08-20	-0.032539	0.039072	0.04647	0.018206	-5.146103	3491800.0
2015-08-19	-0.006856999999999999	0.047583999999999994	0.053236	0.032701	-1.091858	3062300.0
2015-08-18	-0.012192	0.054601	0.056027	0.036549	-1.9653779999999998	2273400.0
2015-08-17	0.012342	0.049029	0.066863	0.042435	1.9653779999999998	1988800.0
2015-08-14	-0.005101	0.050175	0.059796	0.04124	-0.8165279999999999	2704500.0
2015-08-13	-0.007359999999999999	0.057391	0.06043	0.042073	-1.186798	1897000.0
2015-08-12	0.012221	0.052674	0.074645	0.033402	1.946823	4486400.0
2015-08-11	-0.011958	0.052367	0.052739	0.035124	-1.927948	2924900.0
2015-08-10	-0.009923999999999999	0.061759	0.072751	0.046713	-1.616028	2729600.0
2015-08-07	0.015619	0.058198	0.075661	0.037802999999999996	2.504394	4156000.0
2015-08-06	-0.038426999999999996	0.061134	0.061253999999999996	0.009019	-6.407501	3775400.0
2015-08-05	0.009382	0.062554	0.074601	0.061646000000000006	1.5498809999999998	2146700.0
2015-08-04	-0.004499	0.05934	0.06193200000000001	0.046264	-0.7465970000000001	2474200.0
2015-08-03	-0.0056630000000000005	0.059394	0.060891999999999995	0.042736	-0.945023	2922600.0
2015-07-31	0.02854	0.093943	0.120505	0.084698	4.6307529999999995	7289400.0
2015-07-30	0.001283	0.049618999999999996	0.064368	0.038018	0.207931	4044100.0
2015-07-29	-0.007352	0.059238	0.06389299999999999	0.03596	-1.200256	5112300.0
2015-07-28	0.043494	0.061842999999999995	0.117326	0.061842999999999995	6.804459	8553600.0
2015-07-27	0.043824	0.06334	0.107176	0.061939	6.568161	5757200.0
2015-07-24	-0.033576999999999996	0.045304000000000004	0.055749	0.013708000000000001	-5.207291000000001	4410700.0
2015-07-23	-0.0009130000000000001	0.062967	0.06373999999999999	0.04873	-0.141739	1716300.0
2015-07-22	0.00336	0.043720999999999996	0.06447	0.043720999999999996	0.51976	2106900.0
2015-07-21	-0.003894	0.060582000000000004	0.064445	0.045451	-0.604812	2690000.0
2015-07-20	0.006553	0.060015	0.07194	0.055673	1.0112	2692400.0
2015-07-17	0.001411	0.0582	0.061121	0.0423	0.217376	3248500.0
2015-07-16	0.016142	0.066577	0.079898	0.062224	2.447678	2487500.0
2015-07-15	0.007093	0.065707	0.079588	0.059862	1.067917	2618600.0
2015-07-14	0.022856	0.062075	0.089045	0.058135	3.36441	3624800.0
2015-07-13	0.010772	0.066238	0.075027	0.063766	1.5687870000000002	1803400.0
2015-07-10	0.018438999999999997	0.076877	0.080653	0.066387	2.636734	3976600.0
2015-07-09	-0.006566	0.059038	0.06918099999999999	0.049312	-0.945069	4078900.0
2015-07-08	-0.019821000000000002	0.049419	0.054458000000000006	0.034574	-2.910781	2393500.0
2015-07-07	0.00576	0.06327200000000001	0.066354	0.042246	0.841095	2253200.0
2015-07-06	0.008091	0.050401999999999995	0.07753600000000001	0.048676	1.171859	2773500.0
2015-07-02	-0.011162	0.059227999999999996	0.062095000000000004	0.044618	-1.634933	2119800.0
2015-07-01	0.009575	0.067923	0.073505	0.057515	1.3892209999999998	2299100.0
2015-06-30	0.012665000000000001	0.069582	0.076422	0.057507	1.814529	3893300.0
2015-06-29	-0.040628	0.048827999999999996	0.057734	0.014006999999999999	-6.067276000000001	4784800.0
2015-06-26	-0.004661	0.062467999999999996	0.065	0.047938	-0.69934	3537900.0
2015-06-25	-0.007067	0.06429	0.06442200000000001	0.04576	-1.067917	2411400.0
2015-06-24	-0.011133	0.057088	0.059116999999999996	0.042364	-1.701126	2522600.0
2015-06-23	-0.0032670000000000004	0.06615800000000001	0.066484	0.050438	-0.500885	2451800.0
2015-06-22	0.009333	0.064061	0.07485800000000001	0.062941	1.417617	1926600.0
2015-06-19	0.003747	0.058202	0.07207899999999999	0.055823000000000005	0.567048	5182000.0
2015-06-18	0.028718	0.06275800000000001	0.092942	0.062622	4.224426	3454500.0
2015-06-17	-0.003713	0.062402	0.063215	0.048992	-0.548142	3008600.0
2015-06-16	0.0008320000000000001	0.056169000000000004	0.062948	0.051289	0.122803	1723300.0
2015-06-15	-0.000128	0.04885	0.059829999999999994	0.040852	-0.018875	2585200.0
2015-06-12	-0.011649	0.05324500000000001	0.056662	0.038374	-1.738907	2398100.0
2015-06-11	0.015493	0.074189	0.0814	0.06419	2.277588	3633400.0
2015-06-10	0.004845	0.048566000000000005	0.06551799999999999	0.031135000000000003	0.708801	5972800.0
2015-06-09	-0.010673	0.058676	0.062463	0.040823000000000005	-1.578262	2766000.0
2015-06-08	-0.00496	0.058472	0.066345	0.047234	-0.737122	2081700.0
2015-06-05	-0.005314	0.060878999999999996	0.066903	0.044347000000000004	-0.7938689999999999	3431100.0
2015-06-04	0.00611	0.054565999999999996	0.067159	0.052546	0.907273	3917700.0
2015-06-03	0.004411	0.064967	0.06774	0.057865	0.652084	2160500.0
2015-06-02	-0.003757	0.057124	0.064469	0.043108999999999995	-0.557602	2497200.0
2015-06-01	0.004928	0.067142	0.069918	0.052989	0.727722	2849800.0
2015-05-29	-0.006927	0.05437	0.06230499999999999	0.046232999999999996	-1.0301049999999998	4414300.0
2015-05-28	-0.01926	0.052595	0.052595	0.027731	-2.920258	4205300.0
2015-05-27	0.008993000000000001	0.064457	0.071378	0.059932000000000006	1.351441	3336300.0
2015-05-26	-0.027937	0.039182	0.05089	0.02204	-4.318924	4078300.0
2015-05-22	-0.0015869999999999999	0.05645599999999999	0.06285	0.052904	-0.24571300000000001	1636000.0
2015-05-21	-0.0008539999999999999	0.055166999999999994	0.062975	0.05065	-0.132293	2156600.0
2015-05-20	0.002568	0.060788	0.071268	0.050631	0.396926	2027300.0
2015-05-19	0.000734	0.060854	0.062538	0.051791	0.113389	1746600.0
2015-05-18	0.006652	0.053834	0.068172	0.051032	1.0206600000000001	2153900.0
2015-05-15	0.002346	0.066562	0.068914	0.056176	0.359131	2384600.0
2015-05-14	0.022666	0.068223	0.083321	0.056799	3.392761	2717500.0
2015-05-13	0.0009480000000000001	0.06816599999999999	0.078196	0.054189999999999995	0.141739	2727000.0
2015-05-12	-0.012604	0.049816	0.051533	0.028093	-1.908997	4359700.0
2015-05-11	-0.007946	0.06315499999999999	0.067609	0.054574	-1.21315	2723800.0
2015-05-08	0.028118999999999998	0.076012	0.09675399999999999	0.071635	4.175492	4664200.0
2015-05-07	-0.006606	0.065291	0.06917100000000001	0.051644	-0.9874729999999999	4374000.0
2015-05-06	-0.003073	0.067086	0.069687	0.044744	-0.4608	3762700.0
2015-05-05	-0.01647	0.058103999999999996	0.063876	0.044525999999999996	-2.510925	3086000.0
2015-05-04	0.010912999999999999	0.070911	0.087223	0.070579	1.645721	3496200.0
2015-05-01	0.015515000000000001	0.074058	0.088805	0.068334	2.304031	3259800.0
2015-04-30	-0.019071	0.055821	0.068173	0.033561	-2.887084	4444300.0
2015-04-29	-0.009293000000000001	0.055433	0.069699	0.043981	-1.420029	3281800.0
2015-04-28	0.000678	0.061845000000000004	0.082473	0.051891999999999994	0.10347	4262800.0
2015-04-27	-0.032935	0.067024	0.068481	0.023074	-5.200577	4386200.0
2015-04-24	-0.007448000000000001	0.05694	0.063854	0.043802999999999995	-1.184921	2548300.0
2015-04-23	0.000414	0.056057	0.06618099999999999	0.047505	0.065841	3668100.0
2015-04-22	0.0037990000000000003	0.092261	0.095796	0.054199000000000004	0.601853	5352200.0
2015-04-21	0.015003	0.07052699999999999	0.081995	0.070399	2.341675	3794800.0
2015-04-20	0.014611	0.070242	0.079408	0.059971000000000003	2.247604	2760900.0
2015-04-17	-0.019716	0.051435	0.054621	0.030534	-3.093994	4249700.0
2015-04-16	0.008461	0.069328	0.077296	0.060780999999999995	1.316589	3085600.0
2015-04-15	0.017838	0.066949	0.085198	0.065248	2.727219	3659300.0
2015-04-14	0.000492	0.063417	0.069765	0.050720999999999995	0.075241	2099400.0
2015-04-13	-0.005447	0.059707	0.072073	0.056583	-0.83696	1767700.0
2015-04-10	0.011703	0.06401	0.077837	0.05558099999999999	1.7773740000000002	2407200.0
2015-04-09	0.007234999999999999	0.06932100000000001	0.073101	0.054995	1.090927	2860600.0
2015-04-08	0.019392	0.06605499999999999	0.088434	0.06592	2.868241	3031200.0
2015-04-07	0.01288	0.06568	0.092044	0.063351	1.880859	2942600.0
2015-04-06	-0.003849	0.055984000000000006	0.07283300000000001	0.05462	-0.564239	3185700.0
2015-04-02	-0.0077659999999999995	0.063487	0.070661	0.049339999999999995	-1.147324	3015200.0
2015-04-01	-0.017204	0.060158	0.060291	0.028693	-2.586182	5135000.0
2015-03-31	-0.027144	0.056945	0.061928	0.033647	-4.194259	3111000.0
2015-03-30	0.010579	0.075908	0.084476	0.06636	1.617523	2388100.0
2015-03-27	0.012706	0.06805399999999999	0.08255900000000001	0.066332	1.918457	2438900.0
2015-03-26	-0.000436	0.051566999999999995	0.077055	0.041769	-0.065826	3146500.0
2015-03-25	-0.032468000000000004	0.063287	0.068348	0.028506	-5.0688629999999995	4010100.0
2015-03-24	-0.003182	0.060287	0.07427	0.056073000000000005	-0.498429	2555600.0
2015-03-23	-0.020929	0.05585	0.057788	0.035845	-3.347915	3879900.0
2015-03-20	0.005854	0.071463	0.083787	0.05957899999999999	0.9310149999999999	9040600.0
2015-03-19	0.015432	0.070566	0.08046299999999999	0.066097	2.4169	3756600.0
2015-03-18	0.021279	0.062699	0.092891	0.055265999999999996	3.26326	3690100.0
2015-03-17	0.000245	0.058263999999999996	0.06811299999999999	0.054937	0.037613	2620800.0
2015-03-16	0.056852	0.087271	0.124977	0.080447	8.247513	5201600.0
2015-03-13	6.500000000000001e-05	0.056664	0.066798	0.051838999999999996	0.009399	2737900.0
2015-03-12	0.010151	0.074215	0.077766	0.065092	1.4576719999999999	1889400.0
2015-03-11	-0.00573	0.06709	0.068129	0.05532	-0.827575	2487100.0
2015-03-10	-0.009225	0.048671	0.067604	0.044692	-1.344818	3509600.0
2015-03-09	0.000839	0.063145	0.069256	0.048934	0.122268	2135000.0
2015-03-06	-0.029574	0.056022	0.065483	0.026041	-4.438827	4091400.0
2015-03-05	0.002576	0.068762	0.078648	0.061147	0.38558899999999996	2470900.0
2015-03-04	0.003973	0.05993099999999999	0.071265	0.051615	0.592484	3098600.0
2015-03-03	-0.006703	0.061819000000000006	0.061819000000000006	0.049229	-1.006241	2334900.0
2015-03-02	0.01211	0.073936	0.07804900000000001	0.062677	1.7961880000000001	3483500.0
2015-02-27	-0.007863	0.064221	0.065157	0.051512	-1.1755209999999998	2472000.0
2015-02-26	0.00563	0.06604199999999999	0.07222999999999999	0.04936	0.836959	3379800.0
2015-02-25	0.0045119999999999995	0.065987	0.072879	0.052338	0.667725	3262800.0
2015-02-24	-0.006628	0.06724400000000001	0.067983	0.048786	-0.9874729999999999	2060500.0
2015-02-23	0.004821	0.066117	0.073738	0.064363	0.7147220000000001	3094300.0
2015-02-20	0.010317	0.065941	0.074935	0.056604999999999996	1.514084	4411100.0
2015-02-19	0.0017329999999999997	0.064648	0.06772	0.0583	0.253922	3913900.0
2015-02-18	0.009984	0.06321399999999999	0.077071	0.059215	1.448257	3297900.0
2015-02-17	0.004952000000000001	0.06362899999999999	0.07284299999999999	0.060025999999999996	0.714737	3895600.0
2015-02-13	0.0019579999999999997	0.06640599999999999	0.067725	0.042733999999999994	0.282089	3591400.0
2015-02-12	0.00045700000000000005	0.075297	0.075297	0.049531	0.065857	2935800.0
2015-02-11	0.003539	0.068439	0.08196	0.061190999999999995	0.507813	3998700.0
2015-02-10	0.02245	0.072473	0.08765099999999999	0.06214	3.150405	4108600.0
2015-02-09	-0.009181	0.059096	0.072017	0.053447	-1.300308	3236400.0
2015-02-06	-0.01278	0.075673	0.07874	0.049743	-1.833496	3242700.0
2015-02-05	0.012612	0.07491	0.086274	0.065946	1.786774	3564400.0
2015-02-04	-0.005124	0.054234000000000004	0.075441	0.035204	-0.7297060000000001	5827100.0
2015-02-03	-0.001771	0.077813	0.077813	0.043536	-0.252579	4298400.0
2015-02-02	0.001576	0.077055	0.080986	0.048901	0.224518	3832500.0
2015-01-30	-0.026284	0.063375	0.072399	0.035894	-3.8447720000000003	5318200.0
2015-01-29	0.011187	0.07070900000000001	0.084189	0.062898	1.6183319999999999	3435500.0
2015-01-28	-0.026748	0.06514600000000001	0.082571	0.039513	-3.9757239999999996	4927100.0
2015-01-27	-0.005259000000000001	0.06095	0.07574	0.059276999999999996	-0.7857970000000001	2876300.0
2015-01-26	-0.0005009999999999999	0.06771	0.080152	0.054666	-0.07485900000000001	3149600.0
2015-01-23	0.001504	0.070522	0.07192799999999999	0.060138	0.224517	2249400.0
2015-01-22	0.013915	0.074347	0.08528200000000001	0.04677	2.048676	3783100.0
2015-01-21	-0.001396	0.053923	0.073525	0.053923	-0.20578000000000002	2804900.0
2015-01-20	-0.005239	0.074244	0.077752	0.043476	-0.776443	3664400.0
2015-01-16	0.042852	0.07257000000000001	0.11485899999999999	0.069755	6.089919999999999	3513200.0
2015-01-15	-0.020881999999999998	0.075801	0.086756	0.043972000000000004	-3.030961	2894000.0
2015-01-14	0.000129	0.05334	0.071737	0.051273	0.018754	3425400.0
2015-01-13	-0.006913	0.087251	0.10141599999999999	0.049753	-1.010315	4570400.0
2015-01-12	0.003146	0.072344	0.084494	0.063901	0.458374	2700700.0
2015-01-09	-0.012304	0.07637100000000001	0.07637100000000001	0.048369999999999996	-1.81482	3949100.0
2015-01-08	-0.003602	0.078168	0.09951499999999999	0.048107	-0.5332180000000001	4560200.0
2015-01-07	0.034925	0.077301	0.10869200000000001	0.06975	4.9954220000000005	3502400.0
2015-01-06	-0.032217	0.074326	0.075003	0.030685000000000004	-4.761535	5075800.0
2015-01-05	-0.011883	0.052534000000000004	0.06704199999999999	0.03134	-1.777405	4080300.0
2015-01-02	0.0037670000000000004	0.07481900000000001	0.091127	0.06435	0.561279	2605400.0
2014-12-31	-0.008342	0.075902	0.086617	0.059864	-1.253525	2691900.0
2014-12-30	-0.013632	0.06793099999999999	0.06819299999999999	0.051454	-2.076751	2019800.0
2014-12-29	-0.003732	0.07140099999999999	0.072839	0.056294000000000004	-0.570649	1727600.0
2014-12-26	0.017365000000000002	0.078894	0.09213400000000001	0.07683200000000001	2.609971	1707500.0
2014-12-24	0.019997	0.062262	0.107324	0.06185499999999999	2.946731	2222800.0
2014-12-23	-0.042606	0.07145	0.07197	0.002905	-6.5576479999999995	7091700.0
2014-12-22	-0.033143	0.057297	0.061882000000000006	0.029657	-5.276046	4061500.0
2014-12-19	0.010031	0.07170900000000001	0.089602	0.062127999999999996	1.580948	7856300.0
2014-12-18	0.030585	0.086113	0.102395	0.076174	4.677352	3511800.0
2014-12-17	0.025338999999999997	0.069115	0.099621	0.063349	3.7793129999999997	3417900.0
2014-12-16	-0.001003	0.056121000000000004	0.09818400000000001	0.054915	-0.149704	4492800.0
2014-12-15	-0.029963999999999998	0.07053999999999999	0.07197	0.03565	-4.611863	4428300.0
2014-12-12	-0.009333	0.050057	0.079472	0.044650999999999996	-1.449981	3366700.0
2014-12-11	0.0041719999999999995	0.077448	0.09645	0.070338	0.645492	3173600.0
2014-12-10	-0.023614	0.06652000000000001	0.071253	0.041277	-3.741882	3490200.0
2014-12-09	-0.013109	0.06076	0.064435	0.042823	-2.104813	3712300.0
2014-12-08	0.014181000000000001	0.069928	0.093615	0.067465	2.245117	3953700.0
2014-12-05	0.016151	0.069815	0.087337	0.06615700000000001	2.516404	2548700.0
2014-12-04	-0.009044	0.06561	0.073369	0.058677	-1.421906	3357800.0
2014-12-03	-0.007148000000000001	0.068981	0.07030700000000001	0.051426	-1.131897	2369100.0
2014-12-02	0.017247	0.076625	0.087738	0.07148600000000001	2.6847990000000004	3290200.0
2014-12-01	0.006654	0.06775199999999999	0.082302	0.061609000000000004	1.029007	2514200.0
2014-11-28	0.003582	0.070798	0.086049	0.06768300000000001	0.5519109999999999	1794800.0
2014-11-26	0.015286000000000001	0.072341	0.086112	0.070496	2.319977	2118000.0
2014-11-25	-0.011816	0.0682	0.070479	0.046323	-1.814789	3564900.0
2014-11-24	0.008414	0.070228	0.087825	0.0699	1.281555	2193300.0
2014-11-21	0.0008	0.088037	0.088037	0.060766999999999995	0.121674	3717000.0
2014-11-20	0.000246	0.064183	0.083375	0.06313099999999999	0.037384	3208900.0
2014-11-19	0.0024649999999999997	0.06265599999999999	0.075833	0.05666	0.374176	2422900.0
2014-11-18	0.01948	0.067436	0.090812	0.063809	2.899963	3135600.0
2014-11-17	0.009259	0.063761	0.086065	0.062065999999999996	1.365799	2662400.0
2014-11-14	-0.019708	0.070642	0.071839	0.040869	-2.9654540000000003	4505700.0
2014-11-13	-0.006669	0.07016900000000001	0.071754	0.053466999999999994	-1.0103	3636900.0
2014-11-12	-0.003017	0.064703	0.073259	0.059898	-0.45838900000000005	3528900.0
2014-11-11	-0.004108	0.068915	0.074028	0.05869	-0.6267699999999999	3015700.0
2014-11-10	0.021611000000000002	0.078155	0.092819	0.07474	3.2273709999999998	3160900.0
2014-11-07	-0.000624	0.084576	0.08578	0.05948099999999999	-0.09320099999999999	3633300.0
2014-11-06	0.008872	0.08002000000000001	0.08656900000000001	0.076644	1.314026	3310900.0
2014-11-05	-0.009164	0.079086	0.079086	0.062362	-1.369903	4062900.0
2014-11-04	-0.007118000000000001	0.067287	0.075922	0.057191	-1.071732	3719000.0
2014-11-03	-0.0038229999999999996	0.072404	0.074587	0.056326	-0.577774	5823800.0
2014-10-31	0.003713	0.092856	0.093453	0.072003	0.559128	7971100.0
2014-10-30	0.016994	0.07144400000000001	0.091301	0.068203	2.516159	3864500.0
2014-10-29	0.010751	0.077981	0.090337	0.071154	1.5749360000000001	7069800.0
2014-10-28	0.060661	0.09877000000000001	0.138593	0.096742	8.377853	11623200.0
2014-10-27	0.006384	0.068985	0.081883	0.06468600000000001	0.8760379999999999	4172500.0
2014-10-24	6.8e-05	0.070151	0.074888	0.060459000000000006	0.009323	5318400.0
2014-10-23	0.025131999999999998	0.089949	0.10668299999999999	0.085018	3.3641660000000004	4710700.0
2014-10-22	-0.003123	0.07098099999999999	0.075449	0.055044	-0.41932700000000006	5222100.0
2014-10-21	0.047851	0.080713	0.135338	0.069164	6.131958	8951400.0
2014-10-20	0.028574000000000002	0.069775	0.104048	0.067608	3.5598910000000004	6623800.0
2014-10-17	0.024837	0.07964600000000001	0.15038900000000002	0.065251	3.019364	7351500.0
2014-10-16	-0.003438	0.050522000000000004	0.072902	0.046587	-0.419342	7906000.0
2014-10-15	-0.009834	0.063488	0.066329	0.043845	-1.21148	4700100.0
2014-10-14	-0.010183	0.087688	0.08809	0.05997	-1.2674020000000001	3736400.0
2014-10-13	-0.027877	0.07041	0.076346	0.042839	-3.569229	6866700.0
2014-10-10	-0.001381	0.066826	0.09771200000000001	0.066826	-0.177048	5750400.0
2014-10-09	-0.017777	0.069235	0.07398500000000001	0.0497	-2.32045	2750500.0
2014-10-08	0.029699	0.069753	0.10738099999999999	0.068254	3.7649230000000005	3621000.0
2014-10-07	-0.011482	0.069401	0.07252	0.06035499999999999	-1.4724270000000002	2679500.0
2014-10-06	-0.011067	0.064737	0.083862	0.05633099999999999	-1.43515	3190200.0
2014-10-03	0.014213	0.07987000000000001	0.092697	0.078541	1.817237	3429000.0
2014-10-02	-0.01167	0.07430199999999999	0.08040900000000001	0.053741	-1.5096969999999998	3060900.0
2014-10-01	-0.011676	0.072531	0.07551000000000001	0.055647	-1.52835	3752200.0
2014-09-30	0.002784	0.074904	0.084634	0.065022	0.363464	2646800.0
2014-09-29	-0.007018000000000001	0.064698	0.076413	0.05990499999999999	-0.922592	2218700.0
2014-09-26	0.008652	0.074293	0.083347	0.066006	1.127594	2296200.0
2014-09-25	-0.016803	0.071859	0.079025	0.05164	-2.227265	2676400.0
2014-09-24	0.011089	0.073599	0.08679500000000001	0.068031	1.453766	3227600.0
2014-09-23	-0.01055	0.0705	0.074726	0.060915	-1.397842	2320900.0
2014-09-22	-0.012707	0.067701	0.07314	0.051308000000000006	-1.705383	3082800.0
2014-09-19	0.014012	0.08039500000000001	0.091502	0.07510599999999999	1.8544770000000002	6703300.0
2014-09-18	0.009309999999999999	0.074514	0.084123	0.06727000000000001	1.2207940000000002	2160400.0
2014-09-17	0.009904999999999999	0.078226	0.090317	0.067597	1.286041	3940900.0
2014-09-16	0.009857	0.06801	0.085354	0.06513300000000001	1.267411	2398900.0
2014-09-15	0.00058	0.070576	0.074389	0.06528400000000001	0.07456900000000001	2174500.0
2014-09-12	-0.0077	0.069591	0.073297	0.05654	-0.9971610000000001	2329700.0
2014-09-11	-0.0016530000000000002	0.067977	0.07877	0.058879999999999995	-0.214356	3620000.0
2014-09-10	0.013101	0.07306599999999999	0.091264	0.072128	1.677445	2330500.0
2014-09-09	-0.013499	0.068365	0.07083099999999999	0.056115	-1.752015	3122500.0
2014-09-08	0.010081	0.073999	0.084584	0.071353	1.29535	2512900.0
2014-09-05	-0.000942	0.074699	0.075554	0.054561	-0.12109400000000001	3357100.0
2014-09-04	-0.004113	0.074304	0.080189	0.064935	-0.53122	2975400.0
2014-09-03	0.004494	0.077499	0.079988	0.068243	0.577805	2729300.0
2014-09-02	-0.010188	0.074913	0.0773	0.056282000000000006	-1.3233190000000001	3287800.0
2014-08-29	0.004975	0.078945	0.081112	0.070125	0.642975	2362500.0
2014-08-28	0.00624	0.071664	0.085133	0.068861	0.801483	3899700.0
2014-08-27	0.004079	0.078303	0.083228	0.06853200000000001	0.521859	2693200.0
2014-08-26	0.018399000000000002	0.074021	0.095993	0.07394099999999999	2.311142	3891200.0
2014-08-25	0.014832	0.07758999999999999	0.090112	0.07758999999999999	1.8358459999999999	2997500.0
2014-08-22	0.002188	0.07679	0.080596	0.072175	0.270286	2017800.0
2014-08-21	-0.001131	0.07533	0.075735	0.06788999999999999	-0.139793	1774300.0
2014-08-20	-0.0025559999999999997	0.064595	0.07508200000000001	0.063627	-0.316864	1748900.0
2014-08-19	-0.001501	0.074193	0.076851	0.061627999999999995	-0.186364	1878900.0
2014-08-18	0.0031620000000000003	0.07751	0.0826	0.069591	0.391373	3156700.0
2014-08-15	0.007129000000000001	0.084865	0.084865	0.057928999999999994	0.876007	4347800.0
2014-08-14	0.035496	0.055032000000000005	0.11671600000000001	0.051746	4.212235	6408400.0
2014-08-13	0.008075	0.075869	0.085638	0.072896	0.9505610000000001	2537300.0
2014-08-12	-0.003078	0.06891599999999999	0.074675	0.061972	-0.36345700000000003	2324500.0
2014-08-11	0.002915	0.08596000000000001	0.087149	0.075089	0.34315500000000004	2529200.0
2014-08-08	0.009543000000000001	0.073687	0.09246499999999999	0.073001	1.112931	2206800.0
2014-08-07	-0.010544	0.080946	0.093503	0.064827	-1.242768	3065200.0
2014-08-06	-0.006178	0.073004	0.08582000000000001	0.066849	-0.7326729999999999	2579000.0
2014-08-05	-0.005985	0.068677	0.081165	0.061217999999999995	-0.714134	3749100.0
2014-08-04	0.024691	0.10786	0.11120999999999999	0.086562	2.875061	6403700.0
2014-08-01	-0.014444	0.067905	0.07747000000000001	0.05597100000000001	-1.7064979999999998	4542700.0
2014-07-31	-0.020152	0.064796	0.072675	0.0536	-2.429886	4839300.0
2014-07-30	0.054335	0.12475	0.147572	0.12475	6.213868	8465700.0
2014-07-29	0.005381	0.077089	0.093528	0.074715	0.612106	3988100.0
2014-07-28	-0.001547	0.076388	0.080075	0.067874	-0.176208	2432000.0
2014-07-25	0.004744	0.075674	0.083699	0.073028	0.537925	3028900.0
2014-07-24	0.002049	0.07946900000000001	0.081325	0.072134	0.23185799999999998	3219700.0
2014-07-23	0.007431	0.080635	0.089627	0.077252	0.834693	3527500.0
2014-07-22	0.017475	0.083304	0.098522	0.08113	1.929085	2806100.0
2014-07-21	0.006171	0.072125	0.08771	0.06820599999999999	0.677033	3076700.0
2014-07-18	0.025219	0.084959	0.108974	0.073933	2.698867	3477600.0
2014-07-17	-0.019709	0.069255	0.073285	0.05533099999999999	-2.151657	2688000.0
2014-07-16	0.007273999999999999	0.087366	0.087366	0.072788	0.788323	4087100.0
2014-07-15	-0.017818	0.076056	0.08267200000000001	0.056391	-1.966202	3963000.0
2014-07-14	-0.006595999999999999	0.087864	0.08804400000000001	0.069589	-0.732658	2149600.0
2014-07-11	0.006894	0.091647	0.095001	0.079682	0.760498	2733200.0
2014-07-10	-0.005185	0.07228	0.074895	0.06299199999999999	-0.575028	2642500.0
2014-07-09	-0.003251	0.082636	0.084164	0.068884	-0.361694	2647600.0
2014-07-08	-0.0016640000000000001	0.076706	0.08559	0.06872	-0.185494	2455400.0
2014-07-07	-0.021897	0.06945499999999999	0.080514	0.053569000000000006	-2.4948189999999997	3075700.0
2014-07-03	0.015038	0.081973	0.094445	0.07547000000000001	1.6879419999999998	1963400.0
2014-07-02	0.005984000000000001	0.07617	0.086387	0.075632	0.667755	1447000.0
2014-07-01	0.016388999999999997	0.087523	0.097634	0.084426	1.799263	2072500.0
2014-06-30	-0.001855	0.081596	0.083505	0.074686	-0.204048	2422700.0
2014-06-27	-0.0046170000000000004	0.081218	0.08148899999999999	0.063389	-0.510109	3331900.0
2014-06-26	-0.002344	0.083107	0.08319700000000001	0.060715	-0.259666	2311400.0
2014-06-25	0.005303	0.077414	0.0923	0.073602	0.584274	2666800.0
2014-06-24	-0.0028539999999999998	0.081218	0.08845900000000001	0.07108099999999999	-0.315315	2003100.0
2014-06-23	-0.015211	0.075647	0.077162	0.056215999999999995	-1.7065130000000002	2317200.0
2014-06-20	0.026474	0.084453	0.107051	0.078048	2.893631	6247400.0
2014-06-19	0.003064	0.084013	0.084013	0.075387	0.333893	2206300.0
2014-06-18	0.011363	0.080737	0.091133	0.072013	1.224213	2549100.0
2014-06-17	8.6e-05	0.083708	0.084636	0.073683	0.009293000000000001	2106100.0
2014-06-16	0.00112	0.077953	0.086409	0.07544400000000001	0.12053599999999999	2159600.0
2014-06-13	-0.001463	0.082593	0.082871	0.06988	-0.157631	1457000.0
2014-06-12	-0.0012029999999999999	0.076378	0.080827	0.071466	-0.12984400000000001	1802900.0
2014-06-11	-0.006490000000000001	0.076942	0.082099	0.06442	-0.704872	2178400.0
2014-06-10	0.006014	0.07230299999999999	0.08517899999999999	0.071747	0.649215	1912800.0
2014-06-09	-0.012052	0.075028	0.077957	0.061942	-1.316986	2900100.0
2014-06-06	0.0006799999999999999	0.088122	0.088214	0.071638	0.07421900000000001	2551800.0
2014-06-05	-0.011834	0.079951	0.079951	0.064205	-1.3076940000000001	3116000.0
2014-06-04	0.017333	0.08173	0.099038	0.079152	1.8827060000000002	3047900.0
2014-06-03	0.005754	0.07823200000000001	0.089991	0.075917	0.6213989999999999	2474100.0
2014-06-02	0.003966	0.085017	0.08817799999999999	0.076744	0.426598	2741200.0
2014-05-30	-8.6e-05	0.08353	0.08353	0.069215	-0.00927	2251900.0
2014-05-29	0.002853	0.079164	0.085969	0.076647	0.306068	2123100.0
2014-05-28	-0.0018989999999999999	0.080185	0.08279	0.0733	-0.204055	2261700.0
2014-05-27	0.013645	0.091435	0.093227	0.08191	1.4468299999999998	2513900.0
2014-05-23	-0.004614	0.079452	0.08067200000000001	0.066028	-0.491554	2812200.0
2014-05-22	0.012072	0.075286	0.098183	0.073671	1.270599	2582700.0
2014-05-21	0.011317	0.076887	0.093797	0.07573400000000001	1.177872	2805100.0
2014-05-20	0.0012490000000000001	0.085158	0.08563899999999999	0.076404	0.129822	3234200.0
2014-05-19	0.001251	0.071489	0.08333600000000001	0.068406	0.12983699999999998	3652400.0
2014-05-16	0.014961000000000002	0.08380399999999999	0.095242	0.081164	1.530304	4193600.0
2014-05-15	-0.015883	0.077558	0.080637	0.05754600000000001	-1.650856	2785400.0
2014-05-14	0.011371	0.081443	0.09448200000000001	0.07541	1.168587	2991500.0
2014-05-13	-0.00279	0.083471	0.088517	0.074738	-0.287522	3676800.0
2014-05-12	0.0022429999999999998	0.08706799999999999	0.096307	0.083275	0.230591	3554700.0
2014-05-09	0.006319	0.08141	0.091882	0.070743	0.6456609999999999	3487800.0
2014-05-08	-0.017646000000000002	0.080593	0.093284	0.063	-1.8355259999999998	4161900.0
2014-05-07	0.004364	0.078743	0.089558	0.06966699999999999	0.45196499999999995	2823900.0
2014-05-06	-0.007951999999999999	0.078212	0.088844	0.074763	-0.830139	3760900.0
2014-05-05	0.0067599999999999995	0.07421699999999999	0.09302300000000001	0.069106	0.701012	2544500.0
2014-05-02	-0.003015	0.08770800000000001	0.09338099999999999	0.07367	-0.31362199999999996	4319200.0
2014-05-01	0.009038	0.08056100000000001	0.098315	0.075031	0.9316030000000001	3642700.0
2014-04-30	-0.00134	0.08327899999999999	0.08773500000000001	0.069715	-0.138344	4464900.0
2014-04-29	0.0037670000000000004	0.092125	0.093584	0.07627300000000001	0.38739	4116200.0
2014-04-28	0.000628	0.087751	0.0932	0.052913	0.064552	6113900.0
2014-04-25	-0.020313	0.08319700000000001	0.08319700000000001	0.061078999999999994	-2.130676	4512500.0
2014-04-24	0.0035299999999999997	0.091709	0.09544	0.069513	0.36895	6112300.0
2014-04-23	-0.050126	0.054798	0.058251	0.013358000000000002	-5.515846	10965800.0
2014-04-22	0.019484	0.086189	0.109073	0.08442899999999999	2.103042	4277500.0
2014-04-21	0.013511000000000002	0.09354	0.09945599999999999	0.076451	1.4388969999999999	2657900.0
2014-04-17	-0.000692	0.08480700000000001	0.099633	0.07927100000000001	-0.073777	3237500.0
2014-04-16	0.004696	0.094992	0.09584	0.07217799999999999	0.49807799999999997	3451000.0
2014-04-15	0.014825	0.089699	0.109695	0.06578200000000001	1.549606	4750200.0
2014-04-14	0.012328	0.094417	0.112625	0.078824	1.272881	5428500.0
2014-04-11	-0.019017	0.07617	0.10296199999999998	0.063153	-2.001564	7262400.0
2014-04-10	-0.049083	0.082976	0.083699	0.024522	-5.432831	6201000.0
2014-04-09	0.017122	0.08378300000000001	0.104459	0.07973999999999999	1.8632279999999999	3441800.0
2014-04-08	-0.00707	0.096468	0.09920599999999999	0.073658	-0.774804	4181300.0
2014-04-07	-0.002435	0.075776	0.089885	0.06094	-0.267509	4813100.0
2014-04-04	-0.040441000000000005	0.092361	0.095068	0.039258	-4.630325	5017400.0
2014-04-03	-0.014685	0.085699	0.09508	0.059624	-1.706436	3036300.0
2014-04-02	-0.000714	0.083721	0.092922	0.07512100000000001	-0.083001	2892900.0
2014-04-01	0.022134	0.087051	0.109553	0.085645	2.518105	3163600.0
2014-03-31	0.023144	0.101688	0.11994400000000001	0.0989	2.573433	4761200.0
2014-03-28	-0.014228	0.083973	0.100374	0.067218	-1.604943	3246000.0
2014-03-27	0.01815	0.09498200000000001	0.119083	0.087671	2.0108189999999997	4553400.0
2014-03-26	-0.004311	0.089543	0.10446199999999999	0.078938	-0.47966000000000003	3843800.0
2014-03-25	-0.00536	0.08826200000000001	0.108018	0.06966900000000001	-0.5995560000000001	3863700.0
2014-03-24	-0.013422	0.087149	0.089178	0.045610000000000005	-1.521919	4448100.0
2014-03-21	-0.032428	0.08415	0.100449	0.045068000000000004	-3.800217	7101100.0
2014-03-20	0.003713	0.080553	0.088604	0.072673	0.433525	2311200.0
2014-03-19	-0.0069819999999999995	0.088573	0.088573	0.069267	-0.820915	2599500.0
2014-03-18	0.029146	0.089753	0.115837	0.088089	3.329796	3255600.0
2014-03-17	0.010772	0.089282	0.10865799999999999	0.084239	1.217544	2574100.0
2014-03-14	-0.011455	0.079253	0.092459	0.07015700000000001	-1.309784	2213600.0
2014-03-13	-0.016034	0.085785	0.08733400000000001	0.061173000000000005	-1.863227	2436800.0
2014-03-12	0.013761	0.072896	0.099243	0.072896	1.577293	2761100.0
2014-03-11	-0.009011	0.084583	0.08588	0.069799	-1.042305	2655200.0
2014-03-10	0.025682999999999997	0.084151	0.118202	0.084062	2.8962939999999997	3786300.0
2014-03-07	-0.015541	0.093928	0.099079	0.049843	-1.780198	7124700.0
2014-03-06	-0.015849000000000002	0.088446	0.094718	0.066366	-1.8447639999999998	3067500.0
2014-03-05	0.001508	0.085699	0.094046	0.078902	0.175255	2478200.0
2014-03-04	0.018675999999999998	0.098438	0.104924	0.091338	2.130691	2557800.0
2014-03-03	-0.0026609999999999997	0.074272	0.085549	0.071038	-0.30438200000000004	2503900.0
2014-02-28	0.0076370000000000006	0.094544	0.11823900000000001	0.08494299999999999	0.8670190000000001	4853600.0
2014-02-27	0.010012	0.08530700000000001	0.1023	0.08335	1.125313	3772900.0
2014-02-26	-0.020103	0.08014	0.083017	0.06131	-2.305939	3895700.0
2014-02-25	-0.011368000000000001	0.080272	0.087857	0.068895	-1.319007	2416300.0
2014-02-24	0.015663999999999997	0.088878	0.108136	0.087214	1.7894130000000001	2772600.0
2014-02-21	0.002915	0.08643300000000001	0.101797	0.082131	0.332054	3395000.0
2014-02-20	0.001135	0.08415	0.092588	0.080195	0.129135	3020000.0
2014-02-19	-0.012726000000000001	0.083369	0.083803	0.068444	-1.466591	2779400.0
2014-02-18	0.008883	0.092905	0.10586199999999998	0.090541	1.014634	3082100.0
2014-02-14	-0.002497	0.078824	0.085461	0.06991699999999999	-0.285927	2677100.0
2014-02-13	0.015874	0.079183	0.101449	0.07536799999999999	1.789406	2530100.0
2014-02-12	0.008001000000000001	0.08137799999999999	0.095775	0.080842	0.894706	2187500.0
2014-02-11	0.01295	0.08695800000000001	0.098281	0.076542	1.4296879999999998	2502700.0
2014-02-10	0.011775	0.09682400000000001	0.103056	0.080511	1.2847899999999999	3352500.0
2014-02-07	0.024382	0.09315	0.117559	0.08723500000000001	2.597114	2837900.0
2014-02-06	0.00869	0.09488400000000001	0.106248	0.089771	0.917695	2737000.0
2014-02-05	-0.006132	0.086382	0.100593	0.078288	-0.651574	4332200.0
2014-02-04	-0.008308	0.098449	0.09882300000000001	0.07996900000000001	-0.8901819999999999	5093000.0
2014-02-03	-0.018494999999999998	0.096363	0.103875	0.066957	-2.018936	5046200.0
2014-01-31	-0.016048	0.068584	0.083547	0.064527	-1.7803419999999999	4934900.0
2014-01-30	0.014433000000000001	0.09790499999999999	0.11537	0.093151	1.578445	3321100.0
2014-01-29	-0.012676	0.056273000000000004	0.093829	0.056273000000000004	-1.404068	5730400.0
2014-01-28	0.018393	0.08848099999999999	0.120476	0.087745	2.000588	4348600.0
2014-01-27	-0.006455	0.089311	0.094609	0.072594	-0.706635	4125400.0
2014-01-24	-0.034871	0.080948	0.080948	0.049033999999999994	-3.955307	4992900.0
2014-01-23	-0.0061909999999999995	0.077673	0.088362	0.06540599999999999	-0.706642	3534800.0
2014-01-22	0.042935	0.094976	0.137284	0.092691	4.698646	5086200.0
2014-01-21	0.000839	0.097084	0.09745	0.084372	0.091782	3072700.0
2014-01-17	0.001008	0.088577	0.094436	0.083084	0.110107	4010000.0
2014-01-16	0.004388	0.092526	0.100526	0.086918	0.47722700000000007	2553200.0
2014-01-15	0.006711	0.09615499999999999	0.101061	0.086714	0.7249680000000001	3064600.0
2014-01-14	0.011340000000000001	0.093795	0.104093	0.087991	1.211372	2541200.0
2014-01-13	-0.013475999999999998	0.092723	0.09651	0.070743	-1.45916	3703900.0
2014-01-10	-0.00757	0.090684	0.090684	0.06502100000000001	-0.8259200000000001	3053100.0
2014-01-09	0.025975	0.09588200000000001	0.11863900000000001	0.092873	2.762299	3400000.0
2014-01-08	-0.004724	0.091641	0.094075	0.079568	-0.504761	2481800.0
2014-01-07	0.025996	0.08986799999999999	0.12145999999999998	0.08766	2.707252	3632400.0
2014-01-06	-0.008648999999999999	0.089676	0.09396	0.076825	-0.908531	2838100.0
2014-01-03	-0.011484999999999999	0.08873500000000001	0.091276	0.073303	-1.22055	2075800.0
2014-01-02	0.015077000000000002	0.09235	0.10983	0.08948500000000001	1.578437	2528800.0
2013-12-31	-0.012209000000000001	0.093639	0.094016	0.072504	-1.293952	2362700.0
2013-12-30	0.003214	0.091948	0.093462	0.08276599999999999	0.339538	1534000.0
2013-12-27	0.006645999999999999	0.094726	0.10044299999999999	0.089676	0.697479	2038700.0
2013-12-26	0.018797	0.09326799999999999	0.111324	0.09161699999999999	1.936348	1558500.0
2013-12-24	-0.008392	0.09102400000000001	0.091697	0.08005	-0.871818	1013500.0
2013-12-23	-0.007279000000000001	0.095792	0.09627000000000001	0.07524600000000001	-0.761704	2156800.0
2013-12-20	0.0127	0.087741	0.11270799999999999	0.084063	1.31234	5285600.0
2013-12-19	-0.001153	0.087936	0.089289	0.07218	-0.119324	2802600.0
2013-12-18	0.015586000000000001	0.09262100000000001	0.10685499999999999	0.077012	1.587632	4045700.0
2013-12-17	-0.009989	0.09502100000000001	0.097451	0.068489	-1.027825	3987600.0
2013-12-16	-0.000357	0.095214	0.10794100000000001	0.08880199999999999	-0.036705	2078600.0
2013-12-13	-0.0036420000000000003	0.09374099999999999	0.096742	0.07747899999999999	-0.376274	2645700.0
2013-12-12	-0.004246	0.08822999999999999	0.097483	0.082832	-0.440483	3327500.0
2013-12-11	-0.009202	0.093019	0.093019	0.079075	-0.963585	3660400.0
2013-12-10	0.001053	0.081454	0.092257	0.081454	0.110107	3459800.0
2013-12-09	-0.001227	0.090249	0.091586	0.083851	-0.128471	2452600.0
2013-12-06	0.006793	0.10621099999999999	0.10621099999999999	0.088138	0.706642	3243900.0
2013-12-05	0.0024760000000000003	0.08745900000000001	0.093916	0.080328	0.25695100000000004	3638200.0
2013-12-04	-0.0033490000000000004	0.082856	0.09054	0.076133	-0.348725	2433500.0
2013-12-03	-0.008911	0.08939	0.089676	0.075302	-0.936058	2582300.0
2013-12-02	0.003418	0.091682	0.097222	0.08681	0.357887	2185500.0
2013-11-29	0.002284	0.093218	0.095707	0.088336	0.238617	1828300.0
2013-11-27	0.00132	0.097249	0.101275	0.081528	0.137658	2848200.0
2013-11-26	-0.002545	0.090728	0.097039	0.08566	-0.266137	2737700.0
2013-11-25	0.008228000000000001	0.092761	0.099413	0.08418099999999999	0.8534700000000001	3305000.0
2013-11-22	0.0069489999999999994	0.097054	0.10181	0.089482	0.715805	4520400.0
2013-11-21	-0.028643000000000002	0.092033	0.09740800000000001	0.04432	-3.037605	7457200.0
2013-11-20	0.000866	0.088732	0.101378	0.08429600000000001	0.09175900000000001	2269300.0
2013-11-19	-0.004913	0.086671	0.090991	0.07671599999999999	-0.523094	2152200.0
2013-11-18	0.009132	0.10408099999999999	0.11564300000000001	0.096973	0.963592	2879800.0
2013-11-15	-0.0037259999999999997	0.08580499999999999	0.091753	0.07353	-0.3946	2910500.0
2013-11-14	0.016559	0.09437899999999999	0.120678	0.09054	1.725273	4040300.0
2013-11-13	0.007275	0.078461	0.101858	0.07169400000000001	0.752533	3220900.0
2013-11-12	8.9e-05	0.084551	0.092093	0.07758999999999999	0.009178	2413500.0
2013-11-11	-0.00035299999999999996	0.092191	0.101663	0.079336	-0.03656	2294800.0
2013-11-08	0.019634	0.097965	0.12319400000000001	0.096585	1.9922790000000001	3060000.0
2013-11-07	-0.020295	0.102234	0.112758	0.068344	-2.1019509999999997	3827400.0
2013-11-06	-0.015719999999999998	0.104769	0.105149	0.074738	-1.6541439999999998	3494200.0
2013-11-05	-0.018247	0.085357	0.090395	0.071548	-1.9557419999999999	3299300.0
2013-11-04	-0.01188	0.09458899999999999	0.103532	0.077626	-1.288575	2248700.0
2013-11-01	0.021956	0.10298199999999999	0.11880999999999999	0.098177	2.330407	2632300.0
2013-10-31	-0.006331	0.096374	0.10142899999999999	0.084952	-0.676262	2648600.0
2013-10-30	-0.011753	0.094683	0.096348	0.07849199999999999	-1.2702870000000002	2527800.0
2013-10-29	-0.0005070000000000001	0.093943	0.094683	0.07914700000000001	-0.054854999999999994	2655600.0
2013-10-28	0.01728	0.091116	0.119055	0.08932899999999999	1.8369369999999998	3322000.0
2013-10-25	0.001033	0.098175	0.098458	0.084521	0.10966500000000001	2002200.0
2013-10-24	0.004582	0.099991	0.11181600000000001	0.09497699999999999	0.48434399999999994	3234200.0
2013-10-23	-0.004647	0.082262	0.093655	0.074353	-0.49348400000000003	3365200.0
2013-10-22	0.022615	0.101346	0.123107	0.091909	2.348694	3665700.0
2013-10-21	-0.011138	0.094601	0.099457	0.073654	-1.169785	2683400.0
2013-10-18	-0.008027	0.095165	0.095637	0.074669	-0.849899	2694000.0
2013-10-17	0.013738	0.08838	0.110402	0.08809199999999999	1.434791	2656400.0
2013-10-16	0.025485	0.103843	0.127703	0.103155	2.595459	3541600.0
2013-10-15	-0.001255	0.094613	0.099516	0.08745399999999999	-0.127952	1968900.0
2013-10-14	0.006222	0.085635	0.102114	0.08139199999999999	0.630592	2211100.0
2013-10-11	0.008825	0.09501699999999999	0.110048	0.091632	0.886475	2431300.0
2013-10-10	0.034249	0.10338299999999999	0.132417	0.10153	3.326576	3096600.0
2013-10-09	-0.013734	0.097977	0.100922	0.073912	-1.35257	5440700.0
2013-10-08	-0.022319	0.093724	0.099978	0.061360000000000005	-2.248169	4244200.0
2013-10-07	-0.023824	0.080265	0.082591	0.066794	-2.458381	2662300.0
2013-10-04	0.016109000000000002	0.090478	0.117558	0.084275	1.635872	3088000.0
2013-10-03	-0.017159	0.093543	0.09422	0.065282	-1.772957	3058800.0
2013-10-02	-0.013266	0.087535	0.087535	0.073402	-1.389122	2472000.0
2013-10-01	0.023767	0.09490499999999999	0.12052	0.09246	2.4309689999999997	2822600.0
2013-09-30	-0.01122	0.08349	0.09499400000000001	0.07788300000000001	-1.1606450000000001	3041300.0
2013-09-27	0.003013	0.090148	0.10798900000000002	0.087627	0.310715	1940200.0
2013-09-26	0.00329	0.10540799999999999	0.109785	0.094901	0.33815	3534600.0
2013-09-25	-0.020038	0.094411	0.094411	0.071531	-2.101959	3651700.0
2013-09-24	-0.0023469999999999997	0.095552	0.107821	0.08984500000000001	-0.24675	2225700.0
2013-09-23	-0.015404	0.085231	0.090943	0.077177	-1.644989	2518800.0
2013-09-20	-0.002816	0.09394	0.098236	0.083855	-0.301598	5324700.0
2013-09-19	-0.002893	0.09729299999999999	0.09729299999999999	0.076902	-0.310737	3030400.0
2013-09-18	0.015466999999999998	0.09289700000000001	0.11483199999999999	0.087413	1.635895	2609400.0
2013-09-17	-0.012374	0.095341	0.095341	0.076945	-1.325158	3145200.0
2013-09-16	0.018425	0.105157	0.114381	0.097549	1.937439	4710700.0
2013-09-13	0.014102000000000002	0.099139	0.111194	0.092388	1.462235	3297100.0
2013-09-12	0.013307	0.096663	0.11093099999999999	0.094123	1.361709	2685800.0
2013-09-11	0.007287	0.104753	0.11125	0.096386	0.740242	3196200.0
2013-09-10	-0.004567	0.100589	0.103333	0.081972	-0.466079	3139700.0
2013-09-09	0.005945000000000001	0.097473	0.103584	0.088799	0.603164	2826800.0
2013-09-06	-0.017002	0.095286	0.095286	0.065734	-1.7546689999999998	3028400.0
2013-09-05	-0.000796	0.092962	0.096738	0.082506	-0.082237	2710500.0
2013-09-04	0.018106	0.097276	0.11570799999999999	0.08623600000000001	1.8369060000000001	2955800.0
2013-09-03	0.019001	0.11019100000000001	0.12475499999999999	0.104968	1.8917700000000002	3309800.0
2013-08-30	0.000735	0.097939	0.10397	0.08577699999999999	0.073112	2655000.0
2013-08-29	-0.003113	0.089711	0.11726700000000001	0.08720599999999999	-0.310714	2739600.0
2013-08-28	0.000641	0.088906	0.103946	0.085898	0.063972	3043100.0
2013-08-27	-0.040616	0.0745	0.08354299999999999	0.044487	-4.222198000000001	5315300.0
2013-08-26	0.077178	0.147792	0.204575	0.147584	7.448227	11554700.0
2013-08-23	-0.006492	0.093088	0.09638200000000001	0.07939600000000001	-0.6305850000000001	1572300.0
2013-08-22	0.015671	0.10833599999999999	0.122556	0.09610199999999999	1.498787	2115100.0
2013-08-21	-0.008995999999999999	0.093599	0.10023	0.07639800000000001	-0.868202	2341300.0
2013-08-20	0.010816	0.090554	0.11255	0.090554	1.032692	1855500.0
2013-08-19	-0.004194	0.09630599999999999	0.107571	0.088379	-0.402115	1723100.0
2013-08-16	-0.008037	0.09422	0.10497999999999999	0.084702	-0.776802	2525400.0
2013-08-15	-0.008251999999999999	0.087038	0.11351099999999999	0.073185	-0.8042229999999999	3267800.0
2013-08-14	-0.006984000000000001	0.090552	0.102677	0.085356	-0.685417	2170500.0
2013-08-13	-0.003235	0.103275	0.10622000000000001	0.087025	-0.318474	2683300.0
2013-08-12	-0.012953000000000001	0.090488	0.09690399999999999	0.084173	-1.292083	1854200.0
2013-08-09	-0.006795000000000001	0.08457200000000001	0.10896600000000001	0.07889700000000001	-0.682419	2825300.0
2013-08-08	-0.017972	0.092556	0.09412000000000001	0.069187	-1.83802	4758700.0
2013-08-07	0.068238	0.092429	0.18340399999999998	0.079059	6.533149	9915200.0
2013-08-06	-0.020571000000000002	0.09461	0.098702	0.069752	-2.010887	3633400.0
2013-08-05	-0.014946000000000001	0.097397	0.098102	0.08087000000000001	-1.483169	1839700.0
2013-08-02	-0.003017	0.10443499999999999	0.10503699999999999	0.08705399999999999	-0.300248	2103200.0
2013-08-01	0.010158	0.112304	0.115146	0.100329	1.000893	2396200.0
2013-07-31	-0.026169	0.066197	0.082702	0.051965	-2.6478349999999997	4432400.0
2013-07-30	0.016732	0.10453599999999999	0.118403	0.099311	1.665116	3982200.0
2013-07-29	-0.002098	0.09880900000000001	0.101015	0.087177	-0.209275	2027600.0
2013-07-26	0.000822	0.094092	0.10272200000000001	0.08797	0.081887	2516500.0
2013-07-25	0.027298000000000003	0.09808099999999999	0.13076300000000002	0.086225	2.647842	3355500.0
2013-07-24	-0.00018700000000000002	0.10746199999999999	0.107977	0.091382	-0.018188	1860200.0
2013-07-23	-0.021386000000000002	0.101632	0.101632	0.07368999999999999	-2.120079	2560600.0
2013-07-22	-0.0040219999999999995	0.087556	0.096096	0.083236	-0.400361	2857100.0
2013-07-19	0.044095999999999996	0.104149	0.150514	0.091666	4.203766000000001	5448700.0
2013-07-18	0.00441	0.101538	0.116815	0.098588	0.41855600000000004	2296700.0
2013-07-17	0.002499	0.103762	0.10851500000000001	0.097319	0.23658800000000002	2184200.0
2013-07-16	-0.0038299999999999996	0.09711499999999999	0.103744	0.089434	-0.36396	1895700.0
2013-07-15	0.001726	0.098799	0.10301500000000001	0.084886	0.16378	2532900.0
2013-07-12	0.009781	0.102202	0.109759	0.088153	0.918999	3710500.0
2013-07-11	0.011758	0.116023	0.116131	0.089426	1.091903	3567100.0
2013-07-10	0.037933999999999996	0.097109	0.143716	0.095544	3.393967	4175500.0
2013-07-09	0.0015279999999999998	0.106957	0.1158	0.097778	0.136498	2085600.0
2013-07-08	0.005529999999999999	0.10823900000000002	0.11679300000000001	0.101936	0.491333	2464300.0
2013-07-05	0.0191	0.11174200000000001	0.122983	0.11013599999999998	1.665138	2233500.0
2013-07-03	-0.002602	0.089285	0.10404300000000001	0.08745399999999999	-0.227471	2132600.0
2013-07-02	-0.014668	0.09111799999999999	0.09664199999999999	0.075449	-1.3011780000000002	4006100.0
2013-07-01	-0.011859	0.116164	0.133096	0.083637	-1.06459	4898700.0
2013-06-28	-0.003334	0.096234	0.10889000000000001	0.085576	-0.30027	5269700.0
2013-06-27	-0.006125	0.10871900000000001	0.11026400000000001	0.085216	-0.5550609999999999	2998200.0
2013-06-26	0.03341	0.10984200000000001	0.142226	0.10893	2.9299310000000003	2975900.0
2013-06-25	0.002496	0.116156	0.12884500000000002	0.093293	0.218361	3068900.0
2013-06-24	-0.021774	0.081676	0.087268	0.066916	-1.9472049999999999	3745400.0
2013-06-21	0.020773	0.10814100000000001	0.131427	0.085083	1.819832	6938000.0
2013-06-20	-0.02924	0.091696	0.092361	0.062775	-2.6387400000000003	3875100.0
2013-06-19	-0.022857	0.10106699999999999	0.104423	0.073564	-2.110977	3825500.0
2013-06-18	0.024425	0.099453	0.134615	0.098898	2.2019729999999997	3329000.0
2013-06-17	0.017039	0.113675	0.12913	0.111193	1.510429	3082500.0
2013-06-14	-0.011065	0.095885	0.10336	0.08127100000000001	-0.991798	3126400.0
2013-06-13	0.022206	0.099123	0.125581	0.094106	1.9472189999999998	2958100.0
2013-06-12	-0.01593	0.11068099999999999	0.116629	0.077013	-1.419456	2579600.0
2013-06-11	-0.003865	0.087271	0.10683499999999999	0.080117	-0.34577199999999997	2064500.0
2013-06-10	-0.00506	0.100566	0.10601600000000001	0.088554	-0.454956	2901300.0
2013-06-07	0.01354	0.11343900000000001	0.130236	0.108366	1.20108	3576300.0
2013-06-06	0.03055	0.103772	0.133048	0.09378099999999999	2.629639	4670200.0
2013-06-05	-0.027649	0.095733	0.110757	0.068284	-2.447647	4995200.0
2013-06-04	-0.018562000000000002	0.097901	0.11264600000000001	0.076725	-1.674248	3164700.0
2013-06-03	-0.013926	0.099884	0.10687999999999999	0.062824	-1.27388	5009900.0
2013-05-31	-0.044573	0.09044400000000001	0.097025	0.04856	-4.267479	6097100.0
2013-05-30	0.007951	0.100062	0.114275	0.09690399999999999	0.755219	2351700.0
2013-05-29	-0.017043	0.094973	0.09642200000000001	0.077795	-1.646927	2909900.0
2013-05-28	0.002738	0.10783	0.12100799999999999	0.094236	0.263885	3164400.0
2013-05-24	0.002746	0.093599	0.10473199999999999	0.086003	0.263878	2411000.0
2013-05-23	0.010426999999999999	0.08397400000000001	0.117934	0.082923	0.991783	3169500.0
2013-05-22	0.002782	0.09922	0.132325	0.09236699999999999	0.263886	3535200.0
2013-05-21	0.02016	0.101913	0.125898	0.101913	1.8744049999999999	3490400.0
2013-05-20	-0.032661	0.095888	0.09765700000000001	0.053438	-3.139176	3905000.0
2013-05-17	0.006287	0.108641	0.11031600000000001	0.092308	0.60051	3038000.0
2013-05-16	-0.022807	0.095019	0.095019	0.059927	-2.2292400000000003	3915400.0
2013-05-15	-0.004818	0.100435	0.11143099999999999	0.083839	-0.473175	2561900.0
2013-05-14	0.014283	0.10004199999999999	0.131436	0.10004199999999999	1.3830719999999999	3756400.0
2013-05-13	0.001593	0.09827799999999999	0.11286199999999999	0.092485	0.154006	2547000.0
2013-05-10	0.020658000000000003	0.10386300000000001	0.12698299999999998	0.102174	1.956757	2905100.0
2013-05-09	-0.004854	0.101132	0.111007	0.093988	-0.46199799999999996	2460800.0
2013-05-08	0.0058390000000000004	0.10576500000000001	0.11495899999999999	0.101327	0.552574	3224200.0
2013-05-07	-0.0035299999999999997	0.105653	0.11155	0.097018	-0.33519	2957100.0
2013-05-06	-0.015496000000000001	0.099716	0.100234	0.085202	-1.494751	2624100.0
2013-05-03	0.008429	0.11546700000000001	0.12456199999999999	0.10961300000000002	0.8062600000000001	2620500.0
2013-05-02	0.010043999999999999	0.110304	0.128994	0.102385	0.95121	2919800.0
2013-05-01	0.003167	0.11276099999999999	0.132145	0.104922	0.29895	3744500.0
2013-04-30	-0.023062	0.10375899999999999	0.10375899999999999	0.07468	-2.2285310000000003	5477200.0
2013-04-29	-0.015778	0.10152	0.10386300000000001	0.082983	-1.549118	4293900.0
2013-04-26	-0.002577	0.107723	0.114327	0.085983	-0.253632	2933600.0
2013-04-25	0.035547	0.10975399999999999	0.149204	0.10680899999999999	3.379036	8120000.0
2013-04-24	-0.069439	0.044245	0.060887000000000004	0.018303	-7.093269	7490500.0
2013-04-23	-0.0058189999999999995	0.10668499999999999	0.118754	0.090043	-0.597893	4793700.0
2013-04-22	0.018316	0.110107	0.12953199999999998	0.098412	1.8480450000000002	4305600.0
2013-04-19	0.036479000000000004	0.100884	0.146493	0.100884	3.551163	6032500.0
2013-04-18	-0.018092	0.105779	0.108503	0.07219099999999999	-1.7937009999999998	3889300.0
2013-04-17	-0.01272	0.094801	0.09928200000000001	0.071997	-1.277328	3546600.0
2013-04-16	0.021847	0.11241099999999998	0.128895	0.10620299999999999	2.1470029999999998	4627700.0
2013-04-15	-0.027696	0.10129099999999999	0.102577	0.07052	-2.799256	4458900.0
2013-04-12	0.030955	0.10671900000000001	0.143439	0.103353	3.034783	5726500.0
2013-04-11	-0.000277	0.107126	0.11518199999999999	0.097439	-0.027161	4273000.0
2013-04-10	0.037870999999999995	0.106297	0.145879	0.10597999999999999	3.578331	4641500.0
2013-04-09	-0.007612000000000001	0.10785399999999999	0.10785399999999999	0.089999	-0.724716	2881600.0
2013-04-08	0.010188	0.104394	0.115534	0.093041	0.960274	3133300.0
2013-04-05	-0.017378	0.086452	0.090727	0.078737	-1.666886	4015900.0
2013-04-04	0.010209000000000001	0.107865	0.122084	0.103126	0.9693379999999999	2850300.0
2013-04-03	-0.014943999999999999	0.106768	0.10790899999999999	0.078237	-1.4404299999999999	5306700.0
2013-04-02	0.039977	0.104726	0.150257	0.104726	3.7051849999999997	4970500.0
2013-04-01	-0.0019510000000000003	0.105047	0.11883099999999999	0.09514	-0.18119000000000002	4099700.0
2013-03-28	0.023565	0.10044600000000001	0.131088	0.099895	2.1379770000000002	5506800.0
2013-03-27	0.015102	0.09715	0.12243599999999999	0.096702	1.3498	3478300.0
2013-03-26	0.019109	0.10933599999999999	0.12609800000000002	0.10682799999999999	1.675919	3127000.0
2013-03-25	0.002589	0.10797799999999999	0.114837	0.097575	0.226471	5042200.0
2013-03-22	0.023858	0.10831099999999999	0.130666	0.101405	2.0382990000000003	4724700.0
2013-03-21	0.002764	0.09916799999999999	0.10691400000000001	0.097055	0.235535	3674000.0
2013-03-20	0.017856999999999998	0.110075	0.13360999999999998	0.109597	1.494766	4157700.0
2013-03-19	0.022237	0.107404	0.129875	0.10569500000000001	1.820862	4010900.0
2013-03-18	-0.015466999999999998	0.09737	0.098453	0.086309	-1.286377	3605900.0
2013-03-15	-0.004014	0.09979199999999999	0.10362400000000001	0.092846	-0.33517399999999997	10172700.0
2013-03-14	0.006991	0.105189	0.112907	0.09916	0.579757	3436800.0
2013-03-13	-0.0022890000000000002	0.10205800000000001	0.104344	0.090869	-0.19023900000000002	2606100.0
2013-03-12	0.00339	0.105553	0.10833	0.099034	0.280831	4997500.0
2013-03-11	-0.016774	0.099827	0.108136	0.078581	-1.413224	5699600.0
2013-03-08	0.000538	0.10956300000000001	0.114908	0.102675	0.045304000000000004	3084900.0
2013-03-07	-0.003431	0.10575699999999999	0.11108299999999999	0.098537	-0.289879	2980100.0
2013-03-06	-0.00182	0.108352	0.11390399999999999	0.099728	-0.154022	3716300.0
2013-03-05	0.007657	0.10838699999999998	0.116124	0.101839	0.643203	3570200.0
2013-03-04	0.00162	0.098259	0.10589000000000001	0.090986	0.135872	3186700.0
2013-03-01	0.011251	0.099161	0.118453	0.091323	0.933098	4317700.0
2013-02-28	0.005712	0.10349900000000001	0.132845	0.101923	0.471054	6528600.0
2013-02-27	0.017436	0.099915	0.126441	0.09880499999999999	1.413254	3549800.0
2013-02-26	-0.000893	0.104849	0.111999	0.092892	-0.072479	4805200.0
2013-02-25	0.031444	0.13539500000000002	0.160188	0.13539500000000002	2.473137	11422400.0
2013-02-22	0.019852	0.103085	0.126555	0.103085	1.530975	4920400.0
2013-02-21	0.0056700000000000006	0.10308099999999999	0.1126	0.097343	0.434837	4094200.0
2013-02-20	0.006181	0.107012	0.11973900000000001	0.105306	0.471054	6388300.0
2013-02-19	0.006220000000000001	0.10254300000000001	0.112577	0.094753	0.47109300000000004	5944300.0
2013-02-15	-0.013102	0.097609	0.10386300000000001	0.085622	-1.005562	5622200.0
2013-02-14	-0.00259	0.117638	0.12283699999999999	0.099574	-0.199311	6189100.0
2013-02-13	0.004732	0.109347	0.11156700000000001	0.10268800000000002	0.362381	7943200.0
2013-02-12	-0.004475	0.104903	0.107893	0.095544	-0.344238	4656000.0
2013-02-11	-0.015991	0.093374	0.09977000000000001	0.08199	-1.250168	7538400.0
2013-02-08	0.018188	0.114954	0.135271	0.11208900000000001	1.396569	8354900.0
2013-02-07	-0.015822	0.11513	0.11513	0.090008	-1.2343600000000001	7639700.0
2013-02-06	0.0006929999999999999	0.108977	0.121932	0.103077	0.054054	5549100.0
2013-02-05	0.009214	0.114276	0.120878	0.105733	0.711785	4577900.0
2013-02-04	-0.006489	0.098814	0.10910299999999999	0.098814	-0.504586	3907500.0
2013-02-01	0.009829000000000001	0.11909600000000001	0.128966	0.107147	0.756851	3379500.0
2013-01-31	0.0009369999999999999	0.10610499999999999	0.119494	0.105455	0.072068	4269700.0
2013-01-30	-0.013973	0.110003	0.112823	0.092059	-1.090172	4963100.0
2013-01-29	0.011683	0.102224	0.1397	0.102224	0.9009860000000001	21502900.0
2013-01-28	0.026012999999999998	0.107081	0.145531	0.101892	1.955169	9426900.0
2013-01-25	0.009683	0.11135199999999999	0.12075599999999999	0.102755	0.72078	7235200.0
2013-01-24	-0.005417	0.113482	0.12123199999999999	0.097182	-0.40541900000000003	8071300.0
2013-01-23	-0.0026420000000000003	0.10680999999999999	0.125865	0.104278	-0.198242	7670400.0
2013-01-22	0.014741999999999998	0.108793	0.127859	0.102843	1.090225	9394900.0
2013-01-18	-0.022159	0.10815599999999999	0.108949	0.07867	-1.675872	14408700.0
2013-01-17	-0.0045060000000000005	0.10697899999999999	0.111849	0.104083	-0.34237	6268400.0
2013-01-16	-0.008933	0.109223	0.113266	0.09930800000000001	-0.684768	7753800.0
2013-01-15	-0.021169	0.105278	0.109109	0.085358	-1.657852	6277900.0
2013-01-14	-0.00045999999999999996	0.112555	0.113576	0.104004	-0.036042000000000005	4401000.0
2013-01-11	-0.00968	0.11164400000000001	0.112908	0.097993	-0.765861	4681700.0
2013-01-10	-0.009699	0.105494	0.114005	0.092351	-0.774841	5861200.0
2013-01-09	0.005899000000000001	0.112267	0.11956900000000001	0.11062999999999999	0.468505	3372500.0
2013-01-08	-0.004292	0.108747	0.111756	0.09621	-0.342353	5170700.0
2013-01-07	-0.005058	0.10376300000000001	0.107629	0.094657	-0.405488	2573300.0
2013-01-04	0.004403	0.109875	0.118519	0.10774500000000001	0.351418	3280500.0
2013-01-03	-0.006282	0.114605	0.115228	0.09979	-0.504578	3871300.0
2013-01-02	0.034223	0.12480999999999999	0.149016	0.12390899999999999	2.657959	5772800.0
2012-12-31	0.011262000000000001	0.10675	0.130187	0.101021	0.864975	3896700.0
2012-12-28	-0.010563	0.102789	0.10974600000000001	0.097249	-0.819931	2418700.0
2012-12-27	-0.008516	0.107448	0.118305	0.089054	-0.666732	3122600.0
2012-12-26	-0.005835	0.108605	0.111398	0.09336599999999999	-0.45951899999999996	2720400.0
2012-12-24	0.002754	0.107583	0.11573199999999999	0.10669100000000001	0.21624000000000002	1596900.0
2012-12-21	-0.014138999999999999	0.104351	0.104351	0.083888	-1.1262510000000001	7247000.0
2012-12-20	-0.000904	0.109875	0.114014	0.103729	-0.07208300000000001	2887800.0
2012-12-19	-0.008959	0.11260899999999999	0.11348	0.098439	-0.720787	4916500.0
2012-12-18	-0.0023469999999999997	0.115951	0.116075	0.10355	-0.189224	5514200.0
2012-12-17	0.003363	0.110497	0.11534900000000001	0.107759	0.270309	3049800.0
2012-12-14	0.0005610000000000001	0.10862999999999999	0.122075	0.106887	0.045044	3398500.0
2012-12-13	-0.011312000000000001	0.108521	0.11209000000000001	0.091781	-0.9190139999999999	2713300.0
2012-12-12	0.0024460000000000003	0.110492	0.120486	0.10679000000000001	0.198235	3571700.0
2012-12-11	0.00234	0.111606	0.116182	0.10839100000000002	0.189201	4286300.0
2012-12-10	0.016078	0.105351	0.128599	0.102461	1.279435	4492600.0
2012-12-07	-0.0024850000000000002	0.112883	0.113134	0.098468	-0.198235	3526400.0
2012-12-06	-0.00528	0.110374	0.111496	0.099775	-0.42347700000000005	3975500.0
2012-12-05	0.007698	0.11263900000000002	0.123571	0.10283800000000001	0.612686	3425400.0
2012-12-04	-0.000792	0.113139	0.11565	0.106359	-0.06308	2745500.0
2012-12-03	-0.004504	0.111375	0.119749	0.101251	-0.36039	3712100.0
2012-11-30	0.002144	0.113257	0.11576199999999999	0.10787100000000001	0.171204	4408000.0
2012-11-29	0.018037	0.115103	0.13321	0.11153199999999999	1.414558	4391500.0
2012-11-28	0.0006900000000000001	0.107195	0.112937	0.09047899999999999	0.054055	4704900.0
2012-11-27	-0.003551	0.111273	0.112926	0.10466099999999999	-0.27931999999999996	3568700.0
2012-11-26	-0.003539	0.10468	0.107341	0.098725	-0.279289	4925300.0
2012-11-23	0.010964	0.11435799999999999	0.122555	0.10859400000000001	0.855949	2267200.0
2012-11-21	0.000924	0.110516	0.11308	0.103208	0.07208300000000001	2624000.0
2012-11-20	0.0137	0.10753499999999999	0.12508	0.105976	1.054168	4215200.0
2012-11-19	0.010173	0.122216	0.12470999999999999	0.11066199999999998	0.7748649999999999	3796400.0
2012-11-16	0.004635	0.11158900000000001	0.12095399999999999	0.100642	0.351387	6370800.0
2012-11-15	0.001547	0.107761	0.114102	0.09534400000000001	0.11713399999999999	3569700.0
2012-11-14	-0.020403	0.109099	0.11233399999999999	0.08283	-1.576737	4280800.0
2012-11-13	0.007162999999999999	0.107399	0.12225599999999999	0.103619	0.5495909999999999	4890100.0
2012-11-12	0.004109000000000001	0.117315	0.12725999999999998	0.10920099999999999	0.314019	3207800.0
2012-11-09	0.005074	0.10904200000000001	0.12864	0.108253	0.385795	4030600.0
2012-11-08	-0.007031	0.11091	0.11691700000000001	0.10464100000000001	-0.5383220000000001	4603100.0
2012-11-07	-0.022338999999999998	0.107671	0.10958699999999999	0.074601	-1.7495580000000002	7163900.0
2012-11-06	0.010886	0.120504	0.134444	0.117148	0.843384	3586100.0
2012-11-05	-0.001157	0.11160199999999999	0.132359	0.099225	-0.089706	5033300.0
2012-11-02	-0.008715	0.11648399999999999	0.11993399999999999	0.102426	-0.6818850000000001	3238100.0
2012-11-01	0.008325	0.120753	0.13209300000000002	0.11443800000000001	0.646003	4154100.0
2012-10-31	-0.013009999999999999	0.11558399999999999	0.12181600000000001	0.096124	-1.022842	3800400.0
2012-10-26	-0.00477	0.107984	0.11595899999999999	0.103301	-0.37683099999999997	4187900.0
2012-10-25	0.006286	0.1217	0.12717699999999998	0.117751	0.49346899999999994	5483100.0
2012-10-24	0.002061	0.130011	0.137797	0.11660899999999999	0.161492	6540500.0
2012-10-23	-0.0054670000000000005	0.106696	0.118375	0.09324	-0.430649	4261200.0
2012-10-22	0.007343000000000001	0.11175299999999999	0.149604	0.10523099999999999	0.574196	4656300.0
2012-10-19	-0.029289999999999997	0.11493900000000001	0.11493900000000001	0.07621	-2.35965	5489600.0
2012-10-18	0.006614	0.112567	0.123938	0.10632	0.52935	6010800.0
2012-10-17	0.013175999999999998	0.11393299999999999	0.134822	0.110768	1.040757	4383200.0
2012-10-16	0.021109	0.11922	0.140033	0.115601	1.632926	3567000.0
2012-10-15	0.026429	0.121201	0.146146	0.11788399999999999	1.991814	3413800.0
2012-10-12	-0.007209	0.11799200000000001	0.12247100000000001	0.106268	-0.547287	3150300.0
2012-10-11	-0.00047300000000000006	0.122072	0.12628499999999998	0.11404	-0.035896	2074500.0
2012-10-10	-0.00913	0.11287	0.11456600000000002	0.10008500000000001	-0.699837	3141600.0
2012-10-09	-0.007090000000000001	0.11003299999999999	0.114567	0.10303699999999999	-0.547294	3131900.0
2012-10-08	-0.010352	0.110464	0.11520799999999999	0.100337	-0.80748	2107800.0
2012-10-05	0.006367	0.120501	0.126565	0.11779200000000001	0.49346899999999994	3230800.0
2012-10-04	-0.004724	0.116878	0.12291300000000001	0.108018	-0.367874	2787300.0
2012-10-03	0.005211	0.111856	0.120762	0.111856	0.40375500000000003	4388700.0
2012-10-02	0.014927000000000001	0.119675	0.134348	0.115352	1.139442	3758500.0
2012-10-01	0.009372	0.117343	0.128451	0.11549200000000001	0.708802	4146000.0
2012-09-28	0.000594	0.111259	0.118404	0.10623099999999999	0.044876	3629800.0
2012-09-27	0.009346	0.11563499999999999	0.12925599999999998	0.109358	0.699806	3570800.0
2012-09-26	-0.004176	0.11829	0.129328	0.105923	-0.31401100000000004	5420600.0
2012-09-25	0.010855	0.11590999999999999	0.13943599999999998	0.11564200000000001	0.807457	6532100.0
2012-09-24	0.010728	0.11510999999999999	0.128697	0.113751	0.789566	3261400.0
2012-09-21	-0.003281	0.116869	0.121202	0.10373199999999999	-0.242256	6789200.0
2012-09-20	0.007220999999999999	0.111293	0.123024	0.110338	0.529373	3979200.0
2012-09-19	-0.0040219999999999995	0.117148	0.11864200000000001	0.10763800000000001	-0.296074	3968200.0
2012-09-18	-0.000609	0.11673900000000001	0.124071	0.10696300000000002	-0.044868	4608200.0
2012-09-17	0.008971999999999999	0.110731	0.12456700000000001	0.104155	0.654953	6972100.0
2012-09-14	-0.023524	0.11817799999999999	0.11817799999999999	0.084602	-1.7585220000000001	7436000.0
2012-09-13	0.0020440000000000002	0.111349	0.122073	0.101162	0.152504	4315300.0
2012-09-12	-0.009411	0.10208500000000001	0.115098	0.101156	-0.708771	3276200.0
2012-09-11	-0.001309	0.11191500000000001	0.116954	0.11098599999999999	-0.098686	4184000.0
2012-09-10	0.001072	0.125054	0.125718	0.11390299999999999	0.080734	5113200.0
2012-09-07	-0.010022	0.11706400000000002	0.120744	0.100899	-0.762604	4806100.0
2012-09-06	0.008681999999999999	0.120399	0.125967	0.11933900000000001	0.654953	5789900.0
2012-09-05	-0.0029649999999999998	0.115227	0.119853	0.109676	-0.22431900000000002	4264200.0
