2017-09-01	-0.002396	0.003671	0.003977	-0.003794	-2.349976	2532200.000000
2016-09-01	0.001898	0.002262	0.003744	-0.003133	1.460022	1792300.0
2016-08-31	0.002058	-0.001277	0.002684	-0.004664	1.579956	1633800.0
2016-08-30	-0.00481	-0.00031099999999999997	0.000713	-0.007429000000000001	-3.709961	1709200.0
2016-08-29	0.002978	-0.000364	0.007776000000000001	-0.0005200000000000001	2.289978	2198600.0
2016-08-26	0.012882	0.001093	0.014199000000000002	0.0007639999999999999	9.780028999999999	2776800.0
2016-08-25	0.002601	-0.0016510000000000001	0.004371	-0.003315	1.969971	1623000.0
2016-08-24	-0.0068200000000000005	0.000721	0.001259	-0.009299	-5.200012	1744100.0
2016-08-23	0.0039109999999999995	0.005043	0.006873000000000001	0.002001	2.970032	1524100.0
2016-08-22	0.002865	0.000251	0.0033539999999999998	-0.00688	2.169982	1679300.0
2016-08-19	-0.009353	-0.0033490000000000004	-0.002577	-0.009902	-7.150024	2343200.0
2016-08-18	-0.00022200000000000003	-0.000824	0.0007059999999999999	-0.0052710000000000005	-0.169983	1458800.0
2016-08-17	0.000772	0.000484	0.001544	-0.006335	0.5900270000000001	1891100.0
2016-08-16	-0.005790999999999999	0.000169	0.000312	-0.006077	-4.450012	1604600.0
2016-08-15	-0.005268	-0.0008539999999999999	-0.0006730000000000001	-0.006278	-4.0700080000000005	2118500.0
2016-08-12	0.0017120000000000002	-0.0036049999999999997	0.002477	-0.0036560000000000004	1.320008	1563300.0
2016-08-11	0.0034869999999999996	0.001796	0.006753	0.000729	2.679992	2019700.0
2016-08-10	0.000325	0.001939	0.004933	-0.002759	0.25	1604300.0
2016-08-09	0.002283	0.001083	0.007879	0.00044400000000000006	1.75	1876100.0
2016-08-08	0.0007570000000000001	0.001084	0.001332	-0.006475	0.580018	1986300.0
2016-08-05	0.006848000000000001	0.0053100000000000005	0.010121	0.00305	5.20996	2704400.0
2016-08-04	0.008123	-0.0012460000000000001	0.013728	-0.005685	6.130005000000001	3178200.0
2016-08-03	-0.007809999999999999	-0.004628	-0.002222	-0.010952	-5.940002	3581500.0
2016-08-02	-0.009326000000000001	-0.005118999999999999	-0.003556	-0.013963	-7.159973	3603300.0
2016-08-01	0.011768	0.001397	0.015406	-0.002306	8.929992	3578200.0
2016-07-29	0.008237999999999999	0.016463	0.017791	0.003176	6.200012999999999	6777100.0
2016-07-28	0.021638	0.012638	0.022656	0.004113	15.940002	7617600.0
2016-07-27	0.001468	0.003235	0.007273000000000001	-0.002352	1.079956	2913100.0
2016-07-26	-0.005435	0.004190999999999999	0.004759	-0.009275	-4.019958	2529700.0
2016-07-25	-0.0070480000000000004	0.002269	0.004887	-0.012768	-5.25	2679300.0
2016-07-22	0.0005780000000000001	0.004514	0.009202	-0.001209	0.429992	2277700.0
2016-07-21	-0.00173	0.0023870000000000002	0.004881	-0.003929	-1.289978	2317100.0
2016-07-20	0.007798	0.005473	0.008514	0.0010140000000000001	5.769959	2214000.0
2016-07-19	0.0052710000000000005	-0.00485	0.009863	-0.005108	3.880005	2216800.0
2016-07-18	0.000857	6.8e-05	0.008376	-0.009137000000000001	0.630005	2954900.0
2016-07-15	-0.007770999999999999	0.0072180000000000005	0.0072180000000000005	-0.009647	-5.76001	3121400.0
2016-07-14	-0.0019260000000000002	0.008389	0.008631	-0.004861	-1.429993	2390500.0
2016-07-13	-0.007458	-0.0019379999999999998	0.011574	-0.009302	-5.580017	4142300.0
2016-07-12	-0.007389	0.004086	0.004723	-0.017843	-5.570007	5623700.0
2016-07-11	0.010686	0.005618	0.013529	0.001596	7.970031	3195300.0
2016-07-08	0.012545	0.004847	0.012938	0.001941	9.239991	3429200.0
2016-07-07	-0.00141	0.002332	0.00263	-0.008107	-1.039978	2945800.0
2016-07-06	0.013061000000000001	-0.003282	0.013281	-0.007581	9.510009	3938200.0
2016-07-05	0.0033350000000000003	-0.0039689999999999994	0.005347	-0.008365000000000001	2.419983	2431400.0
2016-07-01	0.014058000000000001	0.002376	0.0173	0.001286	10.059998	2920400.0
2016-06-30	2.8000000000000003e-05	0.002236	0.005268	-0.004275999999999999	0.020019	2855100.0
2016-06-29	0.010806	0.011018	0.016315	0.007896	7.649964	3070100.0
2016-06-28	0.023996	0.012497	0.024069	0.00985	16.590027	4037000.0
2016-06-27	-0.010873	-0.009943	-0.003062	-0.024093	-7.6000369999999995	5568000.0
2016-06-24	-0.032019	-0.040273	-0.013226	-0.04138	-23.119995	7632500.0
2016-06-23	0.016155000000000003	0.006895999999999999	0.016212	0.0026739999999999997	11.480041	2825000.0
2016-06-22	-0.007292	0.001062	0.001648	-0.011525	-5.220031	2260500.0
2016-06-21	0.002535	0.002395	0.006148	-0.001807	1.809997	2137500.0
2016-06-20	0.010787	0.010065000000000001	0.021121	0.006257	7.619994999999999	3677200.0
2016-06-17	-0.015498	0.0009480000000000001	0.000962	-0.025547	-11.119995	5897800.0
2016-06-16	0.00455	-0.003094	0.005236	-0.012544	3.25	3098000.0
2016-06-15	-0.007006999999999999	0.003754	0.0045320000000000004	-0.008272	-5.039978	2709400.0
2016-06-14	0.005676	-0.004069	0.007788	-0.004152	4.059998	2506900.0
2016-06-13	-0.0037189999999999996	-0.005432	0.005683	-0.009401999999999999	-2.669983	3352200.0
2016-06-10	-0.013386000000000002	-0.0072840000000000005	-0.003669	-0.01847	-9.740051	3425700.0
2016-06-09	0.00139	-0.004872	0.003124	-0.005973	1.010009	2170300.0
2016-06-08	0.004007	0.003675	0.007848	-0.002957	2.900025	2223400.0
2016-06-07	-0.0041140000000000005	0.0043479999999999994	0.0045	-0.008504000000000001	-2.98999	2732500.0
2016-06-06	0.00164	0.001323	0.008215	-0.001544	1.190002	2704800.0
2016-06-03	-0.003708	-0.00206	-0.001703	-0.013471	-2.700012	3367300.0
2016-06-02	0.012232	0.002127	0.012287000000000001	-0.005476	8.799988	3026600.0
2016-06-01	-0.004635	-0.0026149999999999997	0.005036	-0.006323	-3.3499760000000003	3263100.0
2016-05-31	0.014812	0.000126	0.016834000000000002	-0.001292	10.549988	3618300.0
2016-05-27	-0.003735	0.000126	0.002364	-0.0053289999999999995	-2.669983	2246400.0
2016-05-26	0.009261	-2.8000000000000003e-05	0.009387999999999999	-0.0014960000000000002	6.559997	2446700.0
2016-05-25	0.005893	0.005396	0.009458	0.0018739999999999998	4.149964	3267700.0
2016-05-24	0.010693000000000001	0.001808	0.015429	0.001794	7.450011999999999	3033800.0
2016-05-23	-0.008608	0.0020629999999999997	0.004553	-0.009078	-6.049988	2595100.0
2016-05-20	0.0061270000000000005	0.003622	0.012483	0.0021190000000000002	4.279968	2916200.0
2016-05-19	0.001534	-0.007986	0.002796	-0.011313	1.070008	3025600.0
2016-05-18	0.003135	-0.008213	0.010456	-0.009363	2.179992	4283200.0
2016-05-17	-0.021656	-0.0010689999999999999	0.005361	-0.023569999999999997	-15.389953	5121400.0
2016-05-16	0.001042	0.000296	0.004691	-0.013578999999999999	0.7399899999999999	5432900.0
2016-05-13	-0.011156999999999999	-0.004582999999999999	0.0018390000000000001	-0.015907	-8.010010000000001	4763400.0
2016-05-12	0.00659	0.0058189999999999995	0.012927000000000001	-0.002412	4.700012999999999	5048200.0
2016-05-11	0.014450999999999999	0.0038689999999999996	0.022658	-0.00202	10.159972999999999	7338200.0
2016-05-10	0.034307	0.020964	0.036483999999999996	0.020228	23.320007	6105600.0
2016-05-09	0.008606	0.0	0.019334	-0.0037689999999999998	5.799988	3982200.0
2016-05-06	0.022546	-0.004612	0.027098	-0.004673	14.859985	4347200.0
2016-05-05	-0.017603	0.003592	0.008331999999999999	-0.022209	-11.809997000000001	4884100.0
2016-05-04	-0.0006259999999999999	-0.013004	0.003992	-0.013675	-0.419983	4635500.0
2016-05-03	-0.018323	-0.00949	-0.0051909999999999994	-0.019624000000000003	-12.529969	4923400.0
2016-05-02	0.03678	0.0065650000000000005	0.039282	0.003699	24.259949	6578500.0
2016-04-29	0.095664	0.10631199999999999	0.112924	0.086379	57.590027	10310700.0
2016-04-28	-0.007534000000000001	0.014787999999999999	0.033351	-0.01215	-4.570007	7872600.0
2016-04-27	-0.016713	-0.008235	-0.001508	-0.025289	-10.309998	4068800.0
2016-04-26	-0.014883	-4.8e-05	0.000878	-0.018077	-9.320007	2521400.0
2016-04-25	0.009186	-0.006268999999999999	0.010443000000000001	-0.006848999999999999	5.700012	2682900.0
2016-04-22	-0.016640000000000002	-0.010348999999999999	-0.004358	-0.030808	-10.5	5083900.0
2016-04-21	-0.003144	-0.003144	0.00763	-0.007093	-1.9899900000000001	2596300.0
2016-04-20	0.008106	0.0033439999999999998	0.013775999999999998	-0.007804000000000001	5.089966	2609400.0
2016-04-19	-0.011726	0.002817	0.004187	-0.022900999999999998	-7.449952000000001	4055900.0
2016-04-18	0.015113999999999999	-0.000863	0.018772999999999998	-0.001486	9.459961	4336400.0
2016-04-15	0.00828	0.0018850000000000002	0.009698	-0.004253	5.140015	2887700.0
2016-04-14	0.009645	0.000407	0.015549	0.000407	5.929993	3512100.0
2016-04-13	0.019315	0.007476999999999999	0.022614	0.003515	11.650024	4228300.0
2016-04-12	0.012149	0.004145	0.013643	-0.006075	7.23999	2641100.0
2016-04-11	0.0022370000000000003	0.00259	0.015809	0.000521	1.330017	2704300.0
2016-04-08	0.00536	0.004886	0.010872	-0.004109000000000001	3.169983	2591900.0
2016-04-07	-0.017689	-0.005514	-0.004118999999999999	-0.021592	-10.650024	3189000.0
2016-04-06	0.027195	0.0023539999999999998	0.027724000000000002	0.00232	15.940002	2849900.0
2016-04-05	-0.011885	-0.004079999999999999	0.000472	-0.013385	-7.049987	2308900.0
2016-04-04	-0.008872	0.0008349999999999999	0.0016710000000000002	-0.013283000000000001	-5.309998	2470800.0
2016-04-01	0.008187	-0.005306	0.00908	-0.008995	4.859985	2917400.0
2016-03-31	-0.008435	0.000986	0.0034409999999999996	-0.010824	-5.049987000000001	2681800.0
2016-03-30	0.008133	0.004799	0.015795	0.0019199999999999998	4.830017	3890500.0
2016-03-29	0.024125999999999998	0.00048300000000000003	0.027558	-0.0058119999999999995	13.989989999999999	4392600.0
2016-03-28	-0.0052840000000000005	0.002487	0.003088	-0.012676999999999999	-3.080017	3121500.0
2016-03-24	0.023384000000000002	-0.004424	0.024437	-0.004477	13.320007	5185500.0
2016-03-23	0.016325	0.0009279999999999999	0.02141	-0.004246	9.150025	3983700.0
2016-03-22	0.011733	-0.016011	0.015849000000000002	-0.01612	6.5	4000600.0
2016-03-21	0.0034409999999999996	-0.005742000000000001	0.005724	-0.024453	1.899963	5155700.0
2016-03-18	-0.013156000000000001	0.002681	0.005166	-0.023863	-7.359985000000001	7296900.0
2016-03-17	-0.025824	-0.008289	-0.004998	-0.033538	-14.830017999999999	5928100.0
2016-03-16	-0.004765999999999999	-0.000659	0.007451999999999999	-0.010190000000000001	-2.75	3537700.0
2016-03-15	0.006365999999999999	-0.0041329999999999995	0.014214	-0.01111	3.650025	3876800.0
2016-03-14	0.006601	-0.004582	0.012781	-0.011517	3.76001	3454200.0
2016-03-11	0.019108	0.014349	0.019913	0.0067989999999999995	10.679992	3771300.0
2016-03-10	-0.000965	0.012994	0.013459	-0.02068	-0.539978	3919900.0
2016-03-09	-0.00141	-0.0012490000000000001	0.000161	-0.018081	-0.790039	4377300.0
2016-03-08	-0.0045130000000000005	-0.008759999999999999	0.015191999999999999	-0.014321	-2.539978	4730000.0
2016-03-07	-0.021456	-0.002782	-0.002625	-0.034061	-12.340027000000001	4926900.0
2016-03-04	-0.004069	0.0061990000000000005	0.006770999999999999	-0.011117	-2.349975	3416500.0
2016-03-03	-0.004688	-0.003878	-0.000586	-0.012237	-2.720032	2741300.0
2016-03-02	0.0020210000000000002	0.00468	0.010293	-0.009222	1.170044	4582200.0
2016-03-01	0.047998	0.006823	0.048378	0.006298	26.519958000000003	5038500.0
2016-02-29	-0.004881	-0.002215	0.017254	-0.004899000000000001	-2.7099599999999997	4145400.0
2016-02-26	0.000144	0.008952	0.01324	-0.0035670000000000003	0.079956	4877000.0
2016-02-25	0.0020039999999999997	0.002671	0.009656	-0.015793	1.1100459999999999	4525500.0
2016-02-24	0.001989	-0.013003	0.002405	-0.035789999999999995	1.099976	6231700.0
2016-02-23	-0.011725	-0.0070599999999999994	-0.004629	-0.025325999999999998	-6.559997999999999	4050800.0
2016-02-22	0.045989999999999996	0.013647	0.048139999999999995	0.011554	24.599976	5566600.0
2016-02-19	0.018857	-0.008171	0.020857	-0.018381	9.900024	4974700.0
2016-02-18	-0.017038	0.013275	0.013293000000000001	-0.019416	-9.099976	4735000.0
2016-02-17	0.024947	0.014661000000000002	0.031434	-0.003281	13.0	4824000.0
2016-02-16	0.027648000000000002	0.024454	0.034255	0.009032	14.019989	5118500.0
2016-02-12	0.006470999999999999	0.013656	0.025664	-0.004625	3.25998	5384800.0
2016-02-11	0.027198000000000003	0.001407	0.038370999999999995	-0.013212	13.339996	7397400.0
2016-02-10	0.017446	0.020101	0.04686	0.008152	8.410003999999999	6786200.0
2016-02-09	-0.012354	-0.020672	0.021061	-0.028888	-6.029999	7077900.0
2016-02-08	-0.027941000000000004	-0.031187	-0.017187	-0.053612	-14.029998999999998	9825500.0
2016-02-05	-0.06364500000000001	-0.013016	-0.012699	-0.069127	-34.130005	9708900.0
2016-02-04	0.009773	-0.01143	0.014913	-0.022313999999999997	5.190003	6199100.0
2016-02-03	-0.038091	0.002536	0.007064	-0.0547	-21.029969	10048700.0
2016-02-02	-0.039508999999999996	-0.008368	-0.005654	-0.043005	-22.710022	6312000.0
2016-02-01	-0.020766999999999997	-0.015077000000000002	-0.008859	-0.028433	-12.190002	6355100.0
2016-01-29	-0.0761	-0.09974	-0.06665599999999999	-0.10285699999999999	-48.349976	14677600.0
2016-01-28	0.08914	0.04289	0.09378600000000001	0.024342	52.0	14015200.0
2016-01-27	-0.029771	0.001231	0.0035590000000000005	-0.037372	-17.900024	5152900.0
2016-01-26	0.007912	0.0116	0.013361000000000001	-0.01031	4.719971	3765700.0
2016-01-25	0.000252	0.0027	0.020322999999999997	-0.003052	0.150024	4396100.0
2016-01-22	0.037147	0.023843	0.043616	0.015808000000000003	21.359985	5120100.0
2016-01-21	0.005684000000000001	0.003166	0.029802	-0.006209	3.25	4952200.0
2016-01-20	-0.004717	-0.017616	0.006911	-0.047521	-2.7099599999999997	7966400.0
2016-01-19	0.007541	0.012119	0.024238	-0.006542	4.299987000000001	4807200.0
2016-01-15	-0.038482	-0.035008	-0.014131999999999999	-0.046712000000000004	-22.820007	7754500.0
2016-01-14	0.019233	-0.002681	0.035132	-0.020505000000000002	11.190002	7238000.0
2016-01-13	-0.05839199999999999	0.004839	0.004839	-0.062681	-36.080017	7655200.0
2016-01-12	0.00024300000000000002	0.012157	0.013355	-0.008903	0.150025	4724100.0
2016-01-11	0.01761	0.008945	0.021086	-0.013969	10.690002	4891600.0
2016-01-08	-0.001464	0.019278	0.026647000000000004	-0.003191	-0.890014	5512900.0
2016-01-07	-0.039057999999999995	-0.01715	-0.004189	-0.043373	-24.710022	7074900.0
2016-01-06	-0.0017989999999999998	-0.018602	0.009467	-0.021269	-1.1399540000000001	5329200.0
2016-01-05	-0.005024	0.015494999999999998	0.015572999999999998	-0.014662999999999999	-3.200012	5822600.0
2016-01-04	-0.057553999999999994	-0.028999	-0.026882999999999997	-0.07157999999999999	-38.900025	9314500.0
2015-12-31	-0.019127	-0.004339	-0.001916	-0.019127	-13.179992000000002	3718200.0
2015-12-30	-0.007061	-0.002997	0.0021899999999999997	-0.010937	-4.899964	3519000.0
2015-12-29	0.027799	0.004117	0.031457	0.0039840000000000006	18.769959	5735000.0
2015-12-28	0.018724	0.0041789999999999996	0.019177	0.004089	12.410034	3783600.0
2015-12-24	-0.001371	-0.0005269999999999999	0.001477	-0.004671	-0.910034	1091200.0
2015-12-23	0.0008289999999999999	0.005052	0.005202	-0.009831999999999999	0.549988	2722900.0
2015-12-22	-0.0020469999999999998	0.0034909999999999997	0.005989	-0.007901	-1.3599860000000001	2667800.0
2015-12-21	0.000557	0.0065650000000000005	0.008673	-0.007845	0.36999499999999996	3250900.0
2015-12-18	-0.009706999999999999	-0.002982	0.00923	-0.009722	-6.510008999999999	6841300.0
2015-12-17	-0.0075769999999999995	0.006259000000000001	0.009959	-0.0075769999999999995	-5.1199959999999995	3681600.0
2015-12-16	0.026008	0.00747	0.028406999999999998	0.001032	17.130005	3964500.0
2015-12-15	0.0011099999999999999	0.010822	0.020656	-0.000851	0.730042	4753400.0
2015-12-14	0.027743	0.002499	0.028806000000000002	-0.0076230000000000004	17.759949	4329700.0
2015-12-11	-0.033473	-0.016744	-0.006704000000000001	-0.034273000000000005	-22.169983	5474400.0
2015-12-10	-0.003715	0.0012029999999999999	0.005626	-0.007867	-2.4699709999999997	3440200.0
2015-12-09	-0.018514	0.000989	0.002466	-0.031964	-12.540039	5158200.0
2015-12-08	0.011197	-0.010003	0.015168000000000001	-0.014988999999999999	7.5	3651900.0
2015-12-07	-0.004178	0.0031219999999999998	0.004192	-0.018047999999999998	-2.8099979999999998	3732800.0
2015-12-04	0.009590999999999999	-0.000375	0.012803	-0.00728	6.390015	4534800.0
2015-12-03	-0.014438	0.005074	0.010029000000000001	-0.021494	-9.760010000000001	5064700.0
2015-12-02	-0.004490999999999999	0.002857	0.008482	-0.007083	-3.049988	4273500.0
2015-12-01	0.02145	0.013463	0.024368	0.004603	14.260010000000001	4751200.0
2015-11-30	-0.012565999999999999	0.003921	0.011927	-0.012863	-8.460022	5693200.0
2015-11-27	-0.0030800000000000003	0.008085	0.008366	-0.004797999999999999	-2.080017	1966800.0
2015-11-25	0.006243	0.005736	0.012739	0.000134	4.190003	2697900.0
2015-11-24	-0.011547	-0.007143000000000001	-0.004698	-0.026186	-7.839966	4543400.0
2015-11-23	0.015768	0.004563	0.021422999999999998	0.0024980000000000002	10.539978	4385100.0
2015-11-20	0.010858	0.010087	0.011493000000000001	-0.005595	7.1799919999999995	3896100.0
2015-11-19	-0.003421	0.0021850000000000003	0.014046000000000001	-0.006842	-2.2699580000000004	4705200.0
2015-11-18	0.031463	0.00499	0.033546	0.004772	20.23999	4469800.0
2015-11-17	-0.006962	0.004384000000000001	0.008398000000000001	-0.010512	-4.51001	4320200.0
2015-11-16	0.0085	-0.002226	0.011894	-0.031229000000000003	5.460022	7435900.0
2015-11-13	-0.034931	-0.00305	0.0021030000000000003	-0.037785	-23.25	6261100.0
2015-11-12	-0.011363	-0.000371	0.00355	-0.013413	-7.650024	4284700.0
2015-11-11	0.020571000000000002	0.005412	0.024679	0.005412	13.570007	5387300.0
2015-11-10	0.006392	-0.006834999999999999	0.00688	-0.012555	4.190003	3489500.0
2015-11-09	-0.005884	-0.001092	0.003928	-0.017471	-3.880005	4048800.0
2015-11-06	0.005674	-0.000991	0.010081999999999999	-0.005567	3.7199709999999997	4092200.0
2015-11-05	0.022935	0.009595000000000001	0.025041	0.003339	14.700012	4723800.0
2015-11-04	0.025012	0.003918	0.032976	0.0032619999999999997	15.640014	4840500.0
2015-11-03	-0.004838	0.0018780000000000001	0.002451	-0.010106	-3.039978	3246900.0
2015-11-02	0.003914	0.0019649999999999997	0.0043619999999999996	-0.008771	2.449952	2816500.0
2015-10-30	-0.001037	-0.0008619999999999999	0.0066549999999999995	-0.002027	-0.649964	3874400.0
2015-10-29	0.015314	0.0009720000000000001	0.016918	-0.002771	9.450012	3896000.0
2015-10-28	0.009967	0.002111	0.01018	-0.002471	6.089966	3926200.0
2015-10-27	0.003943	-1.6e-05	0.010023	-0.0050609999999999995	2.400025	3787100.0
2015-10-26	0.015992	0.005459	0.018062	-0.004574	9.579956	4269700.0
2015-10-23	0.062279999999999995	0.09535199999999999	0.098491	0.055771	35.120056	10692700.0
2015-10-22	0.014646000000000001	0.012469	0.024075	0.0016190000000000002	8.139953	7779400.0
2015-10-21	-0.009111	0.005331	0.007790999999999999	-0.014905000000000002	-5.109985	3343600.0
2015-10-20	-0.021408	-0.002006	-0.000262	-0.031179000000000002	-12.270019	4327900.0
2015-10-19	0.004187	0.0	0.014437	-0.005922	2.390014	4375400.0
2015-10-16	0.014793	0.005032	0.015113	-0.0037869999999999996	8.320008	4315800.0
2015-10-15	0.032322000000000004	0.005359	0.03335	0.0039829999999999996	17.609985	4937000.0
2015-10-14	-0.007415000000000001	0.004445	0.006103	-0.016797	-4.070007	3582100.0
2015-10-13	-0.002345	-0.007143000000000001	0.005471	-0.012887000000000001	-1.289978	2938000.0
2015-10-12	0.019247999999999998	0.000296	0.020415	0.0	10.390014	2776100.0
2015-10-09	0.012454	0.0024760000000000003	0.016187	-0.00542	6.640014999999999	3537400.0
2015-10-08	-0.016201	-0.00965	-0.004705	-0.040687	-8.780028999999999	4676400.0
2015-10-07	0.008298	0.008019	0.008409999999999999	-0.015777	4.460022	3812100.0
2015-10-06	-0.011404000000000001	0.003348	0.014383000000000002	-0.019037000000000002	-6.200012999999999	4502800.0
2015-10-05	0.020919	0.008356	0.025106	0.006497	11.140015	3391400.0
2015-10-02	0.022699	-0.014844999999999999	0.022815000000000002	-0.024236	11.820007	4597800.0
2015-10-01	0.01725	-0.001739	0.017406	-0.011506	8.829956	3768500.0
2015-09-30	0.031891	0.018888	0.033725	0.011289	15.820007999999998	4004700.0
2015-09-29	-0.015851	0.003849	0.014719999999999999	-0.026902	-7.989991000000001	4457500.0
2015-09-28	-0.038512	-0.008069	-0.007573000000000001	-0.057072000000000005	-20.190002	5434500.0
2015-09-25	-0.017799000000000002	0.016525	0.016955	-0.023138	-9.5	4031000.0
2015-09-24	-0.004328	-0.010297	-0.002817	-0.024624	-2.320007	3501000.0
2015-09-23	-0.004328	-0.00018600000000000002	0.005219	-0.008172	-2.330017	2237600.0
2015-09-22	-0.018216999999999997	-0.015828000000000002	-0.008826	-0.028683999999999998	-9.989991	3841700.0
2015-09-21	0.015047999999999999	0.007533	0.017621	-0.00124	8.130005	3283300.0
2015-09-18	0.002579	-0.007887	0.013677000000000002	-0.013955	1.390015	6160100.0
2015-09-17	0.021768	-0.0007769999999999999	0.037126	-0.0015550000000000002	11.47998	4169500.0
2015-09-16	0.009609999999999999	-0.0007469999999999999	0.011352	-0.007370000000000001	5.02002	2252800.0
2015-09-15	0.0018989999999999999	0.003587	0.012544	-0.008017	0.9899899999999999	2865900.0
2015-09-14	-0.015224000000000001	0.0	0.005685	-0.020512	-8.059997000000001	3130200.0
2015-09-11	0.013787	-0.00224	0.013787	-0.003121	7.200011999999999	3227900.0
2015-09-10	0.01035	-0.0033659999999999996	0.017876	-0.004082	5.349975	2576000.0
2015-09-09	-0.001256	0.012482	0.023979	-0.004792	-0.649963	4370700.0
2015-09-08	0.037154	0.019419	0.038778	0.019058000000000002	18.539978	3810700.0
2015-09-04	-0.011333	-0.014008000000000001	-0.0037049999999999995	-0.01799	-5.720001	2692500.0
2015-09-03	-0.011419	0.007737000000000001	0.010361	-0.01563	-5.829987	3149700.0
2015-09-02	0.028214999999999997	0.017218999999999998	0.028839999999999998	0.002376	14.009979000000001	3707100.0
2015-09-01	-0.031878	-0.026808999999999996	-0.005635	-0.037942000000000004	-16.350006	3864500.0
2015-08-31	-0.009884	-0.003031	0.002703	-0.017258000000000003	-5.119994999999999	3002300.0
2015-08-28	-0.0006940000000000001	-0.001678	0.006038	-0.010282	-0.359985	2746700.0
2015-08-27	0.035146	0.02584	0.043773	0.01296	17.600006	6114500.0
2015-08-26	0.07376100000000001	0.037845	0.080087	0.026567	34.399994	6358600.0
2015-08-25	0.006474	0.052052999999999995	0.056262	0.006215	3.0	5679300.0
2015-08-24	-0.06289600000000001	-0.062471000000000006	-0.036180000000000004	-0.087912	-31.100006	10097600.0
2015-08-21	-0.041316000000000005	-0.016325	-0.006689	-0.041316000000000005	-21.310028	6706500.0
2015-08-20	-0.032162	-0.0047469999999999995	0.0006190000000000001	-0.032181	-17.139954	4408000.0
2015-08-19	-0.003925	-0.002392	0.004168	-0.011252	-2.100037	2313500.0
2015-08-18	-0.00037400000000000004	-0.000336	0.007978	-0.004148	-0.199951	2071300.0
2015-08-17	0.006961	-0.000433	0.013584	-0.008278	3.699951	2581700.0
2015-08-14	0.003512	-0.0026620000000000003	0.008402	-0.0026620000000000003	1.860047	1994800.0
2015-08-13	0.00713	0.0027760000000000003	0.016638	-0.000799	3.75	2895200.0
2015-08-12	-0.002939	-0.007034	7.6e-05	-0.027301	-1.550049	3962300.0
2015-08-11	0.006603	-0.000668	0.009504	-0.003817	3.460022	2676600.0
2015-08-10	0.002641	0.011289	0.018484	0.000727	1.380005	2615900.0
2015-08-07	-0.012919	-0.000567	0.0	-0.021248	-6.840027	3969200.0
2015-08-06	-0.014059	0.004264	0.01067	-0.017672	-7.549988000000001	3820500.0
2015-08-05	0.009607	0.012972	0.013612	0.004174000000000001	5.109986	2889400.0
2015-08-04	-0.00585	-0.009981	0.003589	-0.010971	-3.130005	2934600.0
2015-08-03	-0.002089	0.002425	0.008001000000000001	-0.012664	-1.119995	3014200.0
2015-07-31	-0.0011359999999999999	0.004340999999999999	0.011327	-0.004173	-0.6099859999999999	3025600.0
2015-07-30	0.014669	-0.002552	0.019282	-0.008904	7.76001	3743100.0
2015-07-29	0.005646	0.009295999999999999	0.013193	-0.0019199999999999998	2.9699709999999997	3752600.0
2015-07-28	-0.010124	0.008637	0.009370999999999999	-0.0156	-5.379944	5273100.0
2015-07-27	0.003759	-0.003154	0.029334	-0.005327	1.9899900000000001	7491000.0
2015-07-24	0.097972	0.200776	0.204052	0.097827	47.23999	21909400.0
2015-07-23	-0.012473	0.006943	0.006943	-0.025744	-6.089996	9374400.0
2015-07-22	0.000553	-0.004118999999999999	0.009221	-0.006352	0.269989	3114900.0
2015-07-21	-0.000205	-0.00041	0.001598	-0.011371	-0.100006	3181800.0
2015-07-20	0.010537999999999999	0.019793	0.021097	0.004947999999999999	5.089996	4752500.0
2015-07-17	0.015837	0.0046689999999999995	0.020905	0.0037229999999999997	7.529999	4932200.0
2015-07-16	0.030985000000000002	0.009345000000000001	0.031852	0.007828	14.290009	4095600.0
2015-07-15	-0.009408	-0.0054340000000000005	-0.0018690000000000002	-0.011534	-4.380005000000001	2987400.0
2015-07-14	0.021951	0.014816999999999999	0.030797	0.005685	10.0	4736200.0
2015-07-13	0.027192	0.010778	0.032378	0.009087	12.059997000000001	3956800.0
2015-07-10	0.020995	0.014043	0.023780000000000003	0.010613	9.119995	2401000.0
2015-07-09	0.010915000000000001	0.012101	0.020991	0.010356	4.690003	2262900.0
2015-07-08	-0.016074	-0.005427	-0.0016719999999999999	-0.018067	-7.019989	2383100.0
2015-07-07	0.001559	-0.000826	0.0038759999999999997	-0.024012000000000002	0.679992	3454200.0
2015-07-06	-0.003815	-0.005666	0.004615	-0.009573	-1.669982	1903200.0
2015-07-02	0.000732	-0.000892	0.001852	-0.008939	0.31997600000000004	1343400.0
2015-07-01	0.007601999999999999	0.012117000000000001	0.013615	0.003432	3.3000190000000003	1987100.0
2015-06-30	0.00984	0.010095999999999999	0.013283000000000001	0.001396	4.230011	2596900.0
2015-06-29	-0.018809	-0.007122	-0.0025109999999999998	-0.020772	-8.240021	2753200.0
2015-06-26	-0.004543999999999999	0.0037719999999999997	0.007703	-0.011452	-2.0	2624500.0
2015-06-25	-0.001679	-0.0062829999999999995	0.005966	-0.010094	-0.7399899999999999	2237500.0
2015-06-24	-0.011547	-0.002287	0.001076	-0.012915000000000001	-5.149994	2620800.0
2015-06-23	0.022233000000000003	-0.001604	0.024640000000000002	-0.005959000000000001	9.699981	3245000.0
2015-06-22	0.00315	0.004782	0.009932999999999999	-0.001702	1.369996	1823600.0
2015-06-19	-0.010173	0.00198	0.012745000000000001	-0.013996999999999999	-4.470002	4495100.0
2015-06-18	0.027068000000000002	0.0058200000000000005	0.027863	0.00374	11.580017	3378400.0
2015-06-17	0.001287	0.002574	0.009573	-0.005875	0.549988	2185900.0
2015-06-16	0.008473999999999999	0.0011330000000000001	0.010149	-0.00236	3.5899970000000003	2296400.0
2015-06-15	-0.014537999999999999	-0.005257	-0.00435	-0.016933	-6.25	2051000.0
2015-06-12	-0.007044	-0.003973	-0.0014089999999999999	-0.010878	-3.049988	2054400.0
2015-06-11	0.005107	0.003529	0.01885	0.001625	2.200012	2922500.0
2015-06-10	0.012433	0.002303	0.015794	0.00042300000000000004	5.289978	2172300.0
2015-06-09	0.004675	-0.001275	0.009420999999999999	-0.010295	1.980011	2288700.0
2015-06-08	-0.008081	-0.0031149999999999997	-0.00035099999999999997	-0.012929	-3.450012	2172500.0
2015-06-05	-0.008891	-0.0026	4.6e-05	-0.009935	-3.8299870000000005	1907900.0
2015-06-04	-0.013308	-0.005016	0.000389	-0.016789	-5.809997	2510800.0
2015-06-03	0.012993000000000001	0.007912	0.017169999999999998	0.004084	5.600006	2720800.0
2015-06-02	0.000162	-0.001973	0.005361	-0.010837000000000001	0.069977	1668900.0
2015-06-01	0.0039369999999999995	0.002726	0.009156000000000001	-0.007059	1.690002	2253300.0
2015-05-29	0.006236	0.001547	0.013902000000000001	0.001547	2.6600040000000003	3016100.0
2015-05-28	-0.011242	-0.003964	-0.000162	-0.013791999999999999	-4.850006	1912400.0
2015-05-27	0.013985	0.004654	0.014995	-0.0010810000000000001	5.950012	2231100.0
2015-05-26	-0.005051	-0.0033439999999999998	-0.0014730000000000001	-0.013165999999999999	-2.1600040000000003	2244200.0
2015-05-22	-0.009267000000000001	-0.000185	0.001877	-0.009314	-4.0	2020600.0
2015-05-21	0.018331999999999998	0.009767	0.030764999999999997	0.009767	7.77002	4121400.0
2015-05-20	0.005098	-0.0026320000000000002	0.012781	-0.007944	2.149994	2196200.0
2015-05-19	-0.008301000000000001	-0.0008699999999999999	0.007055	-0.010841	-3.5299989999999997	2464200.0
2015-05-18	-0.001784	0.0	0.0029809999999999997	-0.010657	-0.7600100000000001	2390200.0
2015-05-15	-0.014528	-0.009901	-0.0043490000000000004	-0.01846	-6.279999	4240300.0
2015-05-14	0.012674	0.006044	0.01436	0.000328	5.410004	1888500.0
2015-05-13	-0.009628	-0.0024129999999999998	0.005823	-0.012111	-4.149994	1996300.0
2015-05-12	-0.004228	-0.004089	0.000924	-0.014185	-1.8300169999999998	1947800.0
2015-05-11	-0.0019370000000000001	-0.002721	0.012244	-0.0053490000000000005	-0.839996	2393700.0
2015-05-08	0.015953	0.009066	0.01949	0.0077069999999999994	6.809997	2908800.0
2015-05-07	0.018563999999999997	0.01205	0.022428999999999998	0.008948000000000001	7.779999	2766100.0
2015-05-06	-0.004961999999999999	0.00057	0.003633	-0.015765	-2.0899959999999997	2552500.0
2015-05-05	-0.004372999999999999	-0.000449	0.010565999999999999	-0.004775	-1.850007	2856400.0
2015-05-04	0.00040199999999999996	0.004564	0.016316999999999998	-0.001064	0.170014	2270400.0
2015-05-01	0.002584	0.004837	0.009152	-0.013704	1.089996	3565800.0
2015-04-30	-0.017677000000000002	-0.0052640000000000004	0.005543	-0.023593	-7.589996000000001	3647900.0
2015-04-29	0.00014	-0.005963	0.011484000000000001	-0.007640000000000001	0.059997	3621700.0
2015-04-28	-0.021092	-0.00011399999999999999	0.001003	-0.023988	-9.25	4140500.0
2015-04-27	-0.014693000000000001	-0.002786	0.004246	-0.017277	-6.540008	5430900.0
2015-04-24	0.141311	0.12567	0.160671	0.12567	55.110016	17176900.0
2015-04-23	0.000487	0.001052	0.005336	-0.009364	0.190002	7980000.0
2015-04-22	-0.0035280000000000003	0.001866	0.007925	-0.008129	-1.380005	3474700.0
2015-04-21	0.004287	0.004621	0.013068000000000001	-0.006958	1.6699830000000002	4643500.0
2015-04-20	0.037145	0.007961	0.043615	0.003834	13.950012	5016100.0
2015-04-17	-0.027147000000000004	-0.008833	-0.006423999999999999	-0.030151999999999998	-10.480011	3839700.0
2015-04-16	0.0067540000000000005	0.0006259999999999999	0.010431999999999999	0.000261	2.5899970000000003	2080400.0
2015-04-15	-0.0043100000000000005	-0.001194	0.0017399999999999998	-0.009009999999999999	-1.659973	1933200.0
2015-04-14	0.0071920000000000005	0.003008	0.014254	-0.003008	2.75	2583600.0
2015-04-13	-0.000758	0.0023	0.006873000000000001	-0.006559000000000001	-0.290009	1894500.0
2015-04-10	-0.002321	0.002008	0.009334	-0.005788000000000001	-0.890015	2573500.0
2015-04-09	0.006139	-0.001417	0.008447	-0.006296	2.3399970000000003	2392300.0
2015-04-08	0.018135	0.000668	0.01915	0.000641	6.790008	2636400.0
2015-04-07	-0.006975	-0.002361	0.006021	-0.007983	-2.630005	1954900.0
2015-04-06	0.012868000000000001	-0.005776	0.021357	-0.007764	4.7900089999999995	3050700.0
2015-04-02	0.005375	0.000648	0.008156	-0.003403	1.9899900000000001	1875300.0
2015-04-01	-0.004945000000000001	0.0	0.002849	-0.010105	-1.839996	2458100.0
2015-03-31	-0.006647	-0.003604	0.008302	-0.008222	-2.48999	2506100.0
2015-03-30	0.010875	0.003535	0.015004	0.002672	4.029998	1820900.0
2015-03-27	0.008738	-0.000653	0.015843	-0.002123	3.2099919999999997	2609800.0
2015-03-26	-0.009731	-0.003693	0.001186	-0.014313999999999999	-3.609985	2930000.0
2015-03-25	-0.008367	0.0028870000000000002	0.017135	-0.010158	-3.130005	3429500.0
2015-03-24	-0.002719	-0.002986	0.00034700000000000003	-0.007571	-1.019989	2228200.0
2015-03-23	-0.00893	-0.0011099999999999999	0.008666	-0.009379	-3.380005	2239300.0
2015-03-20	0.014066	0.008172	0.016424	0.00718	5.25	3763600.0
2015-03-19	-0.005065	-0.003385	0.005251	-0.007864	-1.900025	1915700.0
2015-03-18	0.008657999999999999	-0.005243	0.010943000000000001	-0.014034999999999999	3.220002	2654100.0
2015-03-17	-0.0038299999999999996	-0.006	0.0030800000000000003	-0.009937	-1.429993	2037000.0
2015-03-16	0.007475	-0.00054	0.009067	-0.010416	2.770019	2354100.0
2015-03-13	-0.00978	-0.007268000000000001	-0.000668	-0.020201	-3.6600029999999997	2611700.0
2015-03-12	0.021481	0.006687	0.024919999999999998	0.003139	7.869994999999999	2810000.0
2015-03-11	-0.008498	0.002977	0.010392	-0.008795	-3.140015	2495100.0
2015-03-10	-0.023906	-0.002932	-0.0020870000000000003	-0.024778	-9.049988	3121000.0
2015-03-09	-0.004025	-0.004446	-0.002	-0.012655	-1.529998	2311400.0
2015-03-06	-0.019957	-0.005956	-0.00214	-0.023077	-7.739991000000001	2627000.0
2015-03-05	0.013352000000000001	0.007551	0.014893	0.003057	5.109986	2693500.0
2015-03-04	-0.004914	0.00286	0.008554	-0.006292	-1.889984	2259100.0
2015-03-03	-0.002723	-0.0044340000000000004	0.001141	-0.010527	-1.050019	1946500.0
2015-03-02	0.014468	0.0018149999999999998	0.015099000000000001	-0.001789	5.5	2139200.0
2015-02-27	-0.012058	-0.002079	0.003093	-0.013019999999999999	-4.639983999999999	2532300.0
2015-02-26	-0.0014789999999999998	-0.0033729999999999997	0.01038	-0.005423	-0.5700069999999999	2687100.0
2015-02-25	0.017909	-0.0034869999999999996	0.024459	-0.005415	6.779999	3174500.0
2015-02-24	-0.004077	-0.00392	0.0008939999999999999	-0.01047	-1.550019	1920800.0
2015-02-23	-0.009175	-0.000573	0.002294	-0.014753	-3.519989	2177000.0
2015-02-20	0.012296	-0.001003	0.012401	-0.008338	4.660004	3258000.0
2015-02-19	0.015078999999999999	0.000321	0.022792	0.000161	5.630005000000001	2953800.0
2015-02-18	-0.005487	-0.0043950000000000005	0.003489	-0.006872	-2.0599979999999998	2650600.0
2015-02-17	-0.016761	-0.010764	-0.0048189999999999995	-0.02399	-6.399994	3673200.0
2015-02-13	0.012355	0.003288	0.015456999999999999	-0.000424	4.659974	3475100.0
2015-02-12	0.005411	-0.00010700000000000001	0.008983	-0.005305	2.029998	2791100.0
2015-02-11	0.005737	-0.004745	0.010992	-0.005094	2.140015	2786500.0
2015-02-10	0.006585	0.0017	0.010093000000000001	-0.0055320000000000005	2.4400020000000002	2287200.0
2015-02-09	-0.009939	-0.008763	0.00034700000000000003	-0.018916	-3.7200010000000003	2724600.0
2015-02-06	0.0010429999999999999	0.002621	0.0056170000000000005	-0.007703	0.389984	3892400.0
2015-02-05	0.025058	0.0034270000000000004	0.03852	0.003153	9.140015	7247600.0
2015-02-04	0.0033009999999999997	-0.014221000000000001	0.010865000000000001	-0.014633000000000002	1.200012	4169900.0
2015-02-03	-0.0025239999999999998	-0.011469	0.009191	-0.011687999999999999	-0.920013	6212600.0
2015-02-02	0.028037	-0.012636	0.029532	-0.012749	9.940002	10231900.0
2015-01-30	0.13711600000000002	0.11078299999999999	0.153057	0.092886	42.75	23856100.0
2015-01-29	0.025896	0.002698	0.029251999999999997	-0.015069999999999998	7.869994999999999	8656600.0
2015-01-28	-0.009258	0.009976	0.015518	-0.009617	-2.8399959999999997	3063800.0
2015-01-27	-0.009396999999999999	-0.010851000000000001	0.001873	-0.022702	-2.9100040000000003	2920300.0
2015-01-26	-0.008739	-0.001825	0.001953	-0.015590000000000001	-2.730011	3169700.0
2015-01-23	0.006670999999999999	-0.0072180000000000005	0.021301	-0.008378	2.070008	4496400.0
2015-01-22	0.04397	0.009251	0.050463	0.009251	13.070007	5362600.0
2015-01-21	0.026983	0.000691	0.057214	-0.007532	7.809997999999999	10065100.0
2015-01-20	-0.004471	0.006363000000000001	0.009011	-0.014962	-1.299988	3075100.0
2015-01-16	0.013208000000000001	-0.0023350000000000003	0.013382	-0.0059240000000000004	3.789978	3478200.0
2015-01-15	-0.02155	0.002489	0.009309	-0.021993000000000002	-6.319977	4419200.0
2015-01-14	-0.004987	-0.009534	0.0039700000000000004	-0.027957	-1.4700010000000001	5464600.0
2015-01-13	0.011427	0.02083	0.034625	0.006246	3.329986	4136400.0
2015-01-12	-0.01859	0.0021219999999999998	0.005321	-0.025764	-5.519989	3421400.0
2015-01-09	-0.011748999999999999	0.0033950000000000004	0.008020999999999999	-0.012581	-3.5299980000000004	2592400.0
2015-01-08	0.006836	0.006367	0.015816999999999998	-0.007741	2.039978	3088400.0
2015-01-07	0.0106	0.007484	0.020285	0.000135	3.130004	2640300.0
2015-01-06	-0.022833000000000003	0.000165	0.00268	-0.032463	-6.899992999999999	3519000.0
2015-01-05	-0.020516999999999997	-0.004894	-0.000454	-0.024861	-6.329987	2774200.0
2015-01-02	-0.0058969999999999995	0.0071849999999999995	0.014178	-0.010923	-1.8300169999999998	2783200.0
2014-12-31	0.000161	0.004028	0.008637	-0.000935	0.050018	2048000.0
2014-12-30	-0.005576	-0.0068260000000000005	0.006089	-0.008653000000000001	-1.7400209999999998	2093000.0
2014-12-29	0.009544	-0.004012	0.016759	-0.008121	2.950013	3009000.0
2014-12-26	0.019998	0.006501000000000001	0.025575	0.002574	6.059997	2893800.0
2014-12-24	-0.010643999999999999	0.000294	0.002318	-0.011133	-3.26001	1513800.0
2014-12-23	-0.000816	0.0014349999999999999	0.0030989999999999998	-0.010733	-0.25	2713700.0
2014-12-22	0.022141	0.006802	0.024875	0.006802	6.640014999999999	4003800.0
2014-12-19	0.007287999999999999	-0.002754	0.012797	-0.007423000000000001	2.169983	8709100.0
2014-12-18	-0.003848	0.017164	0.018803999999999998	-0.018837	-1.149994	7738100.0
2014-12-17	0.012947	0.0044399999999999995	0.015624	-0.00688	3.820007	4433500.0
2014-12-16	-0.035972000000000004	-0.00562	-0.005162	-0.036136	-11.010009	6501300.0
2014-12-15	-0.004067	0.005044	0.011519	-0.016822999999999998	-1.25	3841600.0
2014-12-12	-0.00013000000000000002	-0.010964	0.010672	-0.014153	-0.039978	3153500.0
2014-12-11	0.0049700000000000005	0.006703	0.022234	0.000556	1.519989	3262900.0
2014-12-10	-0.021312	-0.0016	0.002208	-0.025024	-6.660003999999999	3245900.0
2014-12-09	0.01911	-0.011903	0.022828	-0.017936	5.859985	4049500.0
2014-12-08	-0.01916	-0.0033909999999999995	0.012570999999999999	-0.024982	-5.98999	3639200.0
2014-12-05	-0.013568	-0.00041	0.0	-0.019216	-4.299988	3265200.0
2014-12-04	0.001359	-0.003065	0.006603	-0.009573	0.429993	3290300.0
2014-12-03	-0.030063	-0.001777	0.00141	-0.036622	-9.809998	5681000.0
2014-12-02	0.000951	0.004601	0.00592	-0.008436	0.309998	2790300.0
2014-12-01	-0.037326	-0.001536	0.005906000000000001	-0.037533	-12.640015	4944900.0
2014-11-28	0.015199	0.007375	0.023053999999999998	0.007375	5.0700080000000005	3051800.0
2014-11-26	-0.004388	-0.003761	-0.001164	-0.00982	-1.470002	1983600.0
2014-11-25	-0.0017879999999999999	-0.001102	0.0020559999999999997	-0.01299	-0.600006	2565000.0
2014-11-24	0.009049	0.006464	0.01431	0.002916	3.01001	2754200.0
2014-11-21	0.006323	0.014764	0.023566999999999998	0.002814	2.0899959999999997	4466600.0
2014-11-20	0.01225	-0.007779	0.018772999999999998	-0.00983	4.0	3436700.0
2014-11-19	0.004954999999999999	0.0071400000000000005	0.010679000000000001	-0.002801	1.610016	3281600.0
2014-11-18	0.0058200000000000005	0.0029100000000000003	0.020152	0.0006190000000000001	1.880005	3549500.0
2014-11-17	-0.014551	-0.00421	0.000549	-0.029863999999999998	-4.7700190000000005	4784900.0
2014-11-14	0.035832	0.002022	0.051820000000000005	-0.00025299999999999997	11.339996000000001	8877800.0
2014-11-13	0.015955	0.001573	0.020481	0.0	4.970001	3686400.0
2014-11-12	-0.001603	-0.004038	0.001827	-0.010320000000000001	-0.5	2183000.0
2014-11-11	0.022615	0.0027199999999999998	0.023828	-0.004785	6.900025	3803600.0
2014-11-10	0.017508000000000003	0.00046699999999999997	0.019809	0.00046699999999999997	5.25	2809100.0
2014-11-07	0.010855	0.003978	0.011293000000000001	-0.00118	3.21997	2647400.0
2014-11-06	0.000405	0.000573	0.0016190000000000002	-0.014265	0.120026	3758100.0
2014-11-05	-0.020772	0.000661	0.0039299999999999995	-0.028566	-6.2900089999999995	4674500.0
2014-11-04	-0.009519	-0.005659	-0.004808	-0.018154	-2.9100029999999997	3427400.0
2014-11-03	0.000851	0.002554	0.008348000000000001	-0.007268000000000001	0.26000999999999996	3242500.0
2014-10-31	0.021366	0.02033	0.022236000000000002	0.008125	6.389983999999999	4550700.0
2014-10-30	0.01683	-0.00047599999999999997	0.019108	-0.005984000000000001	4.950012	4055200.0
2014-10-29	-0.004973	0.011908	0.0136	-0.008525	-1.4700010000000001	4881900.0
2014-10-28	0.019381	-0.000724	0.027693000000000002	-0.000724	5.619994999999999	5572600.0
2014-10-27	0.010137	-0.004738	0.011705	-0.007107	2.9100029999999997	5950600.0
2014-10-24	-0.08340299999999999	-0.091896	-0.061849	-0.093173	-26.119995	19801100.0
2014-10-23	0.000671	0.001374	0.012237999999999999	-0.005016	0.209992	9038200.0
2014-10-22	-0.007484	0.000317	0.011575	-0.008531	-2.359986	3125900.0
2014-10-21	0.029782999999999997	0.012051000000000001	0.030795999999999997	0.002809	9.119996	3559300.0
2014-10-20	0.008464	-0.0022719999999999997	0.009518	-0.005335	2.569976	3234500.0
2014-10-17	0.002576	0.014165	0.020934	-0.000462	0.78003	4405100.0
2014-10-16	-0.010164	-0.039677	0.002778	-0.039677	-3.110016	4731300.0
2014-10-15	-0.00759	-0.012844	-0.00133	-0.029873	-2.3399970000000003	5343900.0
2014-10-14	0.006069	0.005058	0.018894	-0.002284	1.8599860000000001	3385800.0
2014-10-13	-0.015864	-0.004881	0.0058130000000000005	-0.025434000000000002	-4.940003	4363900.0
2014-10-10	-0.012620000000000001	-0.004281	0.00761	-0.012652	-3.9799800000000003	3681900.0
2014-10-09	-0.022715	-0.00375	-0.001333	-0.025349	-7.330017	3587900.0
2014-10-08	0.018045	-0.0012619999999999999	0.022493	-0.00896	5.720001	3452800.0
2014-10-07	-0.016201	-0.008597	-0.000621	-0.017163	-5.220001	2365400.0
2014-10-06	-0.001673	0.002355	0.004307	-0.009729	-0.539978	2290300.0
2014-10-03	0.013599000000000002	0.006124	0.021199000000000003	0.003517	4.329986	3037400.0
2014-10-02	0.002993	-0.0017010000000000003	0.0033710000000000003	-0.019372	0.9500129999999999	3553900.0
2014-10-01	-0.015444999999999999	-0.001241	-0.000837	-0.021368	-4.980011	3089100.0
2014-09-30	0.001927	-0.001429	0.0050030000000000005	-0.010284999999999999	0.619995	2636200.0
2014-09-29	-0.004301	-0.008385	0.0016710000000000002	-0.013026	-1.389984	1924600.0
2014-09-26	0.0039759999999999995	-0.004131	0.004877	-0.013326	1.279998	3638000.0
2014-09-25	-0.019134	-0.00067	0.001006	-0.020749	-6.279998	2928800.0
2014-09-24	0.014152000000000001	0.0016690000000000001	0.017953	-0.012576	4.579986	2642200.0
2014-09-23	-0.002681	-0.006287	0.009553	-0.010015000000000001	-0.8699950000000001	2352600.0
2014-09-22	-0.020584	-0.008542000000000001	-0.005522999999999999	-0.030967	-6.820007	3109700.0
2014-09-19	0.019446	0.008	0.023877000000000002	0.001754	6.320007	6886200.0
2014-09-18	0.0030859999999999998	0.004444	0.009568	-0.000895	1.0	2576900.0
2014-09-17	-0.011472	0.0	0.000732	-0.019038	-3.76001	4136000.0
2014-09-16	0.011948	-0.008707	0.017259	-0.011701999999999999	3.869995	3259900.0
2014-09-15	-0.022042	-0.0008449999999999999	0.00042300000000000004	-0.036807	-7.299987	4000400.0
2014-09-12	0.002027	-0.002904	0.007170999999999999	-0.005234	0.670013	3429300.0
2014-09-11	-0.002445	-0.004195	0.005071	-0.01491	-0.809998	2720200.0
2014-09-10	0.004790999999999999	0.013798	0.015861	-0.00282	1.579987	3797400.0
2014-09-09	-0.036775999999999996	-0.002132	-0.0016940000000000002	-0.038441	-12.589996000000001	4646800.0
2014-09-08	-0.011664	-0.005312	-0.0016460000000000001	-0.021190999999999998	-4.0400089999999995	2955300.0
2014-09-05	0.001243	0.0010119999999999999	0.0025440000000000003	-0.009973000000000001	0.429993	2107000.0
2014-09-04	0.020502	0.013835	0.030619	0.01351	6.950011999999999	3965600.0
2014-09-03	-0.009872	0.00046699999999999997	0.0025989999999999997	-0.014107	-3.380005	1993700.0
2014-09-02	0.009851	0.002773	0.010205	-0.0055450000000000004	3.3399959999999997	2326000.0
2014-08-29	-0.002882	0.005117	0.005294	-0.006881999999999999	-0.97998	1939500.0
2014-08-28	-0.009208	-0.009266	-0.00405	-0.012763	-3.1600040000000003	2252700.0
2014-08-27	0.003949	0.0007610000000000001	0.014159	-0.001433	1.350006	2961600.0
2014-08-26	0.023382	0.008922	0.030956	0.0015869999999999999	7.809997999999999	3654700.0
2014-08-25	0.007328	0.004886	0.015622	0.003378	2.429993	1957700.0
2014-08-22	-0.003965	0.00023999999999999998	0.003514	-0.006338	-1.320008	2211200.0
2014-08-21	-0.008546999999999999	0.002085	0.002382	-0.010572	-2.869995	1971100.0
2014-08-20	0.0019399999999999999	-0.001343	0.006057	-0.003312	0.649994	1810500.0
2014-08-19	0.001794	0.001016	0.003826	-0.004543999999999999	0.600006	1713800.0
2014-08-18	0.002698	0.0055450000000000004	0.012499	0.00042	0.8999940000000001	2485400.0
2014-08-15	0.001261	0.0023710000000000003	0.005372	-0.014675	0.42001400000000005	3896700.0
2014-08-14	0.021238999999999997	0.004659	0.023936000000000002	0.001318	6.9299919999999995	3420400.0
2014-08-13	0.021796	0.02593	0.038832	0.021358000000000002	6.959992	4939100.0
2014-08-12	0.0031100000000000004	0.001759	0.009361	-0.004335	0.9900200000000001	1915800.0
2014-08-11	0.00483	0.005303	0.011301	0.00025299999999999997	1.5299989999999999	2468600.0
2014-08-08	0.017178	0.001573	0.018847	-0.002537	5.349976	2705900.0
2014-08-07	-0.007773	0.0042049999999999995	0.00634	-0.013508000000000001	-2.440003	2935600.0
2014-08-06	0.005027	-0.004771	0.011078	-0.006788	1.570008	2296900.0
2014-08-05	-0.00424	-0.001116	0.002869	-0.011446	-1.329987	2852100.0
2014-08-04	0.021462000000000002	0.005797	0.029700999999999998	0.00469	6.589996000000001	4200900.0
2014-08-01	-0.018946	0.0022370000000000003	0.009073999999999999	-0.026838	-5.9299919999999995	7441500.0
2014-07-31	-0.029519	-0.007751999999999999	-0.005674	-0.033022	-9.52002	5192000.0
2014-07-30	0.007844	0.004531	0.008531	-0.004686999999999999	2.51001	3969000.0
2014-07-29	-0.00128	0.0049	0.007770999999999999	-0.0028399999999999996	-0.410004	2883800.0
2014-07-28	-0.011111	0.000741	0.0025	-0.023178	-3.6000059999999996	5932000.0
2014-07-25	-0.096484	-0.115195	-0.094085	-0.122278	-34.599975	17846500.0
2014-07-24	0.001312	0.005138	0.018736000000000003	0.0010609999999999999	0.46997	7088700.0
2014-07-23	-0.007481999999999999	-0.004961	-0.000582	-0.011695	-2.699981	2687300.0
2014-07-22	0.003002	-0.012536	0.008811	-0.012536	1.0799860000000001	2888900.0
2014-07-21	0.0030670000000000003	-0.0015609999999999999	0.008504000000000001	-0.005409000000000001	1.100006	2278400.0
2014-07-18	0.017619	0.005533	0.020513	-0.00105	6.209992	3407400.0
2014-07-17	-0.009694	-0.006912000000000001	0.002978	-0.0127	-3.449982	3636000.0
2014-07-16	0.004118999999999999	0.003329	0.013768	-0.004063000000000001	1.459992	3503600.0
2014-07-15	-0.002477	-0.004503	0.0007599999999999999	-0.016661000000000002	-0.8800049999999999	4170900.0
2014-07-14	0.026343000000000002	0.002397	0.027643	-0.002426	9.119995	5609900.0
2014-07-11	0.055745	0.020706	0.058185	0.020706	18.279999	8300800.0
2014-07-10	-0.006213000000000001	-0.017062	2.9999999999999997e-05	-0.022184	-2.049988	2665000.0
2014-07-09	0.019024	0.002779	0.019734	-0.002038	6.160003	3166100.0
2014-07-08	-0.029200999999999998	-0.001349	0.00057	-0.036426	-9.739989999999999	4271600.0
2014-07-07	-0.011674	2.9999999999999997e-05	0.000178	-0.014726	-3.940002	2128900.0
2014-07-03	0.013940000000000001	0.005949	0.016374	0.000691	4.639983999999999	1944300.0
2014-07-02	0.001384	0.002437	0.013147	-0.002196	0.459991	2681300.0
2014-07-01	0.023431	0.003325	0.025925	0.000985	7.610016000000001	3173600.0
2014-06-30	0.000647	0.001263	0.007425	-0.0071790000000000005	0.209992	2671300.0
2014-06-27	-0.003439	0.000583	0.002548	-0.00743	-1.119995	2416200.0
2014-06-26	-0.005344	0.003207	0.0036950000000000004	-0.016217	-1.75	2699500.0
2014-06-25	0.010118	0.000524	0.012309	-0.007465	3.2799980000000004	2327800.0
2014-06-24	-0.009412	0.000917	0.007609	-0.013751	-3.079986	2626600.0
2014-06-23	0.009377	-0.002684	0.010333	-0.008606	3.039978	2604800.0
2014-06-20	-0.008563	0.0023239999999999997	0.0037310000000000004	-0.020122	-2.799988	6054000.0
2014-06-19	-0.022071	0.0026320000000000002	0.013518	-0.025121	-7.380005000000001	5320600.0
2014-06-18	0.026902999999999996	0.007309	0.031110000000000002	-0.0019039999999999999	8.760010000000001	6401500.0
2014-06-17	-0.006104999999999999	-0.000244	0.011355	-0.007295	-2.0	2924100.0
2014-06-16	0.004138	-0.0043219999999999995	0.007417	-0.008429	1.350006	2449800.0
2014-06-13	0.001105	0.003498	0.010402	-0.0073030000000000005	0.359985	2764800.0
2014-06-12	-0.027714999999999997	0.001044	0.001044	-0.031444	-9.290008	4276300.0
2014-06-11	0.008393000000000001	0.0108	0.024999	0.004422	2.7900080000000003	4436800.0
2014-06-10	0.014991999999999998	0.000458	0.024427	0.0	4.910004	3663400.0
2014-06-09	-0.006581999999999999	0.005763	0.010101	-0.012194	-2.170013	3212200.0
2014-06-06	0.018852	0.004419	0.022591999999999998	0.004203	6.100006	5244000.0
2014-06-05	0.054729999999999994	0.004303	0.068975	0.000391	16.790008	7796700.0
2014-06-04	-0.001335	-0.0011070000000000001	0.007520000000000001	-0.010905	-0.41000299999999995	2107100.0
2014-06-03	-0.005343	-0.010005	-0.002979	-0.012206999999999999	-1.649994	2379200.0
2014-06-02	-0.01187	0.000128	0.00016	-0.017757	-3.7099919999999997	2203400.0
2014-05-30	-0.00392	0.002071	0.002773	-0.019791	-1.230011	4260200.0
2014-05-29	0.011670999999999999	0.0008380000000000001	0.015186000000000002	0.000129	3.619995	2365500.0
2014-05-28	-0.002123	-0.004247	0.009651999999999999	-0.010939	-0.660003	2726000.0
2014-05-27	-0.004548	0.00695	0.007654	-0.015565	-1.419983	4862100.0
2014-05-23	0.02404	0.0018039999999999998	0.024401	-3.3e-05	7.329986	3052900.0
2014-05-22	-0.000328	0.000131	0.011573	-0.0065569999999999995	-0.100006	2576800.0
2014-05-21	0.012683	0.003387	0.015837	0.0010960000000000002	3.820008	3408800.0
2014-05-20	0.014928	0.001146	0.025947	-3.4e-05	4.4299919999999995	4095700.0
2014-05-19	-0.0031579999999999998	-0.006517	0.004367	-0.013066999999999999	-0.940002	2284200.0
2014-05-16	0.008503	-0.008097	0.0125	-0.012331	2.51001	3636800.0
2014-05-15	-0.008165	0.001344	0.005309	-0.024326	-2.429993	4295100.0
2014-05-14	-0.023044	-0.007025	0.0	-0.026195	-7.02002	3323300.0
2014-05-13	0.005877	-0.000858	0.009047	-0.006967	1.78003	3509900.0
2014-05-12	0.03634	0.007049	0.037982999999999996	0.00657	10.619995	3729600.0
2014-05-09	0.013596	0.007804000000000001	0.01859	-0.013665	3.919983	4063000.0
2014-05-08	-0.014998	-0.006456999999999999	0.01083	-0.018722	-4.389983999999999	3848200.0
2014-05-07	-0.015704	-0.0061200000000000004	-0.003295	-0.035981	-4.670014	7015200.0
2014-05-06	-0.040864	-0.0016769999999999999	-0.0007740000000000001	-0.041961	-12.669983	4682300.0
2014-05-05	0.006623	-0.005325	0.007208	-0.009772	2.039978	2519900.0
2014-05-02	0.00039	0.008217	0.017539	-0.011628	0.119995	3995100.0
2014-05-01	0.012362999999999999	0.0	0.020878999999999998	-0.00042699999999999997	3.76001	4328600.0
2014-04-30	0.012484	-0.00759	0.013916	-0.00759	3.75	4088600.0
2014-04-29	0.012813	-0.000472	0.017736000000000002	-0.020669	3.800018	6509300.0
2014-04-28	-0.023862	0.00056	0.001843	-0.052101	-7.25	14479800.0
2014-04-25	-0.098828	-0.061989999999999996	-0.061278	-0.10215	-33.320007000000004	16180200.0
2014-04-24	0.038727	0.015681999999999998	0.039497000000000004	-0.0050219999999999996	12.570007	9293700.0
2014-04-23	-0.014393000000000001	0.011356999999999999	0.011569	-0.018007	-4.7400199999999995	3604600.0
2014-04-22	-0.004685	0.003415	0.020038	-0.005833	-1.549988	3711600.0
2014-04-21	0.018344	-0.002893	0.019205	-0.008002	5.9599910000000005	2999400.0
2014-04-17	0.0038	-0.012111	0.015386000000000002	-0.012111	1.230011	4299200.0
2014-04-16	0.024045	0.016104	0.025057	-0.004334	7.600006	4284900.0
2014-04-15	0.000538	0.002501	0.007502	-0.032951999999999995	0.169983	5398600.0
2014-04-14	0.013409	0.019055000000000002	0.028069	-0.001444	4.179993	4293500.0
2014-04-11	-0.016966	-0.009807	-0.001924	-0.023998	-5.379974	7287500.0
2014-04-10	-0.044302999999999995	-0.003647	-0.002441	-0.046141	-14.700013	6126700.0
2014-04-09	0.014491999999999998	0.00428	0.015624	-0.013973	4.739991000000001	5056600.0
2014-04-08	0.029299000000000002	0.012966	0.032226	0.00214	9.309997000000001	6577600.0
2014-04-07	-0.016222999999999998	-0.006222999999999999	0.006006	-0.030557	-5.23999	7077400.0
2014-04-04	-0.031833	0.004586	0.005455	-0.053984000000000004	-10.619995	12534600.0
2014-04-03	-0.024388999999999997	-0.00040899999999999997	0.0015789999999999999	-0.039478	-8.339996000000001	6399300.0
2014-04-02	-0.003003	0.008747	0.015481	-0.00761	-1.0299989999999999	4475500.0
2014-04-01	0.019681	0.005113	0.023962	0.0048460000000000005	6.619994999999999	3600100.0
2014-03-31	-0.005676	0.012149	0.023648	-0.012504000000000001	-1.9200139999999999	4297500.0
2014-03-28	-0.000532	0.004668	0.025202000000000002	-0.007061	-0.179992	3986800.0
2014-03-27	-0.014385	-0.0007570000000000001	0.001718	-0.036487	-4.940003	5766400.0
2014-03-26	-0.031856999999999996	0.006823	0.008148	-0.031885000000000004	-11.299987	4120700.0
2014-03-25	0.008128	0.006196	0.020236	-0.008555	2.859985	4445700.0
2014-03-24	-0.024319	-0.00147	0.00244	-0.033331	-8.769989	4873500.0
2014-03-21	-0.022631000000000002	0.005502	0.010489	-0.028647000000000002	-8.350006	5414100.0
2014-03-20	-0.011414	-0.006939	-0.000616	-0.018782	-4.26001	2558500.0
2014-03-19	-0.014625999999999998	0.0	0.000607	-0.024685	-5.539978	2646700.0
2014-03-18	0.009946	0.006079	0.010559	-0.00010700000000000001	3.7299800000000003	2483500.0
2014-03-17	0.003478	0.005298	0.013673	0.00305	1.300019	2303000.0
2014-03-14	0.006002	0.003472	0.019004	0.00010800000000000001	2.22998	4402200.0
2014-03-13	0.0023469999999999997	0.016134	0.033644	-0.006906999999999999	0.8699950000000001	6829000.0
2014-03-12	0.004935	-0.006562	0.006345	-0.014126	1.820008	2216600.0
2014-03-11	-0.004615	0.001241	0.0061259999999999995	-0.008771	-1.7099919999999997	2246100.0
2014-03-10	-0.004111999999999999	0.001693	0.001801	-0.0136	-1.5299989999999999	2105800.0
2014-03-07	-0.000269	0.006503	0.0076040000000000005	-0.007067	-0.100006	2279800.0
2014-03-06	-0.0005639999999999999	0.0045119999999999995	0.007949	-0.009319	-0.20999099999999998	2926600.0
2014-03-05	0.023275999999999998	0.0006320000000000001	0.024265000000000002	0.0	8.470001	3848300.0
2014-03-04	0.011451000000000001	0.011451000000000001	0.016399	0.007449	4.119994999999999	2704400.0
2014-03-03	-0.0064069999999999995	-0.009279	-0.003148	-0.021044	-2.320007	2798300.0
2014-02-28	0.00547	0.0013050000000000002	0.015939	-0.008468999999999999	1.970001	3882000.0
2014-02-27	0.000917	-0.007170999999999999	0.002196	-0.011951	0.330017	3104900.0
2014-02-26	0.00413	0.004298	0.017945	-0.0032090000000000005	1.479981	3622100.0
2014-02-25	0.018591	0.003468	0.026437000000000002	-0.0005690000000000001	6.540008	3736400.0
2014-02-24	0.014477	-0.004528	0.017995	-0.010006999999999999	5.019989	3644700.0
2014-02-21	-0.008690999999999999	0.007547	0.012407	-0.008719	-3.039978	4210000.0
2014-02-20	0.006966	0.0040880000000000005	0.008865999999999999	-0.008636	2.419983	3492800.0
2014-02-19	-0.017728999999999998	-0.002856	0.002517	-0.021349	-6.269989	4168100.0
2014-02-18	-0.010354	-0.0057929999999999995	-0.004533	-0.022106999999999998	-3.700012	4998000.0
2014-02-14	0.00042	0.005991	0.005991	-0.010778	0.14999400000000002	3520200.0
2014-02-13	0.022763	-0.004438	0.022763	-0.007873999999999999	7.950011999999999	4175000.0
2014-02-12	-0.034661000000000004	-0.014815	-0.011167	-0.04276	-12.540009	6587700.0
2014-02-11	0.002549	0.002688	0.007593000000000001	-0.012802000000000001	0.9200139999999999	3222100.0
2014-02-10	-0.000582	0.001468	0.010856000000000001	-0.004790999999999999	-0.209992	3449700.0
2014-02-07	0.018303	0.012381	0.020333	-0.005922	6.489991000000001	4330500.0
2014-02-06	0.023495	0.002742	0.024159	0.002742	8.139984	3335700.0
2014-02-05	-0.004311	-0.005604	0.004081	-0.029372000000000002	-1.5	4435400.0
2014-02-04	0.0052	0.009937999999999999	0.022678	-0.0061530000000000005	1.8000180000000001	4812900.0
2014-02-03	-0.034961	0.0008089999999999999	0.006022	-0.051827	-12.540008	10280800.0
2014-01-31	-0.109972	-0.077541	-0.068385	-0.11227999999999999	-44.320008	16154800.0
2014-01-30	0.048958999999999996	0.024909	0.057392	0.00911	18.809998	10473900.0
2014-01-29	-0.025936	-0.005755	-0.004006	-0.02837	-10.229981	3382300.0
2014-01-28	0.021099	0.0028989999999999997	0.021901	0.002175	8.149994	2894500.0
2014-01-27	-0.003406	0.007481999999999999	0.01677	-0.018344	-1.320007	3936800.0
2014-01-24	-0.030685000000000004	-0.004275999999999999	0.000825	-0.03151	-12.269989	4458400.0
2014-01-23	-0.011544	-0.008751	0.004029	-0.016686000000000003	-4.670014	3025400.0
2014-01-22	-0.006166	0.002334	0.0024809999999999997	-0.012406	-2.509979	2060500.0
2014-01-21	0.018618	0.008483	0.020495	0.00498	7.440003	3122100.0
2014-01-17	0.009626000000000001	-0.0038909999999999995	0.019429	-0.005407	3.809997	4505100.0
2014-01-16	-0.000177	-0.0055320000000000005	0.008639	-0.016318	-0.070007	2601200.0
2014-01-15	-0.004201	0.003522	0.004452	-0.012603	-1.6700139999999999	2678300.0
2014-01-14	0.016778	0.002941	0.019566	0.000793	6.559997999999999	2340100.0
2014-01-13	-0.016798	0.000805	0.005331	-0.02316	-6.679993	2844900.0
2014-01-10	-0.008354	0.00379	0.0068579999999999995	-0.01798	-3.3500059999999996	2679500.0
2014-01-09	-0.002264	0.004454	0.012366	-0.008657999999999999	-0.9100030000000001	2103000.0
2014-01-08	0.009773	0.001105	0.012486	-0.005	3.890014	2316500.0
2014-01-07	0.011178	0.003582	0.012296	0.0016769999999999999	4.399994	1916000.0
2014-01-06	-0.007088	-0.0014880000000000002	0.001413	-0.02023	-2.809997	3170600.0
2014-01-03	-0.0038450000000000003	0.0008039999999999999	0.011909999999999999	-0.004397	-1.5299989999999999	2210200.0
2014-01-02	-0.0020559999999999997	2.5e-05	0.001429	-0.011961	-0.820008	2137800.0
2013-12-31	0.013778	0.003076	0.013880000000000002	0.001093	5.420014	1996500.0
2013-12-30	-0.011831999999999999	0.003341	0.004622	-0.014143000000000001	-4.709992	2487100.0
2013-12-27	-0.015604	0.000643	0.003066	-0.020128999999999998	-6.310028	1986900.0
2013-12-26	0.013000999999999999	0.006488	0.013327	-0.005987	5.190003	1868500.0
2013-12-24	-0.009233	-0.000993	0.0019850000000000002	-0.016256	-3.7200010000000003	1380400.0
2013-12-23	0.00179	0.0037049999999999995	0.006962	-0.007459	0.720001	2659500.0
2013-12-20	0.017738	0.0034409999999999996	0.024115	0.001493	7.01001	5033900.0
2013-12-19	-0.001945	-0.004268	0.0033590000000000004	-0.008486	-0.769989	2427200.0
2013-12-18	0.021437	0.004076	0.022313999999999997	-0.011737000000000001	8.309997000000001	3489100.0
2013-12-17	-0.003394	0.004319	0.006144	-0.00635	-1.320007	2343900.0
2013-12-16	0.01231	0.0020559999999999997	0.019415	0.001978	4.730011	2251700.0
2013-12-13	0.007843000000000001	0.010675	0.02143	0.0066879999999999995	2.98999	3025000.0
2013-12-12	-0.00246	-0.002433	0.007352	-0.007037999999999999	-0.940002	2123700.0
2013-12-11	-0.014415	-0.001135	0.003095	-0.014905000000000002	-5.589997	2451300.0
2013-12-10	0.007509	-0.0029879999999999998	0.010834	-0.0048590000000000005	2.889984	2736800.0
2013-12-09	-0.005324000000000001	0.0029980000000000002	0.003256	-0.011319	-2.059997	2761800.0
2013-12-06	0.006398	0.010039	0.010039	-0.0017170000000000002	2.460022	1984700.0
2013-12-05	-0.0038090000000000003	0.0017879999999999999	0.0017879999999999999	-0.011892	-1.4700010000000001	1906500.0
2013-12-04	0.0033799999999999998	-0.003016	0.013075999999999999	-0.008241	1.299987	2355300.0
2013-12-03	-0.019475	-0.005582	-0.0034409999999999996	-0.023451	-7.639983999999999	3702900.0
2013-12-02	-0.0033539999999999998	0.013668000000000001	0.013668000000000001	-0.011483	-1.320007	4714000.0
2013-11-29	0.017869	0.00618	0.01911	0.004939	6.910003999999999	2406000.0
2013-11-27	0.014002	0.0055850000000000006	0.014763	0.003251	5.339996	2269700.0
2013-11-26	0.012558	0.002575	0.015559	-0.004832	4.72998	2724400.0
2013-11-25	0.01163	0.004056000000000001	0.014719	0.002337	4.330017	2972300.0
2013-11-22	0.009189	0.002927	0.015125	-0.007075	3.389985	2965500.0
2013-11-21	0.017514	0.004082	0.018424	0.002013	6.350006	1964600.0
2013-11-20	-0.006494	0.0071790000000000005	0.0071790000000000005	-0.012303	-2.369995	1771500.0
2013-11-19	-0.003386	-0.000983	0.0071	-0.01005	-1.239991	1904800.0
2013-11-18	-0.008099	0.003007	0.011701999999999999	-0.012190000000000001	-2.99002	2737400.0
2013-11-15	0.004818	0.0006259999999999999	0.014969999999999999	-0.005035	1.7700189999999998	4491600.0
2013-11-14	0.031385	0.003285	0.035708	0.00059	11.179993	4159800.0
2013-11-13	0.01914	-0.006094	0.01914	-0.011015	6.690002000000001	2773300.0
2013-11-12	-0.013686000000000002	-0.003922	0.003104	-0.020035	-4.850006	2343100.0
2013-11-11	0.011618	0.000799	0.014444	-0.006423000000000001	4.070007	2261700.0
2013-11-08	0.019647	0.006957	0.021800999999999997	0.001397	6.75	2656900.0
2013-11-07	-0.035432	-0.000898	0.004829	-0.040148	-12.619995	4246300.0
2013-11-06	-0.007551	0.004347	0.011090000000000001	-0.012232	-2.710022	2282300.0
2013-11-05	0.00041799999999999997	-0.005464	0.003986	-0.010870999999999999	0.150025	2007100.0
2013-11-04	-0.000724	0.00312	0.005571	-0.012813	-0.26000999999999996	1938400.0
2013-11-01	-0.013818	0.0043950000000000005	0.0047799999999999995	-0.021784	-5.029999	3331000.0
2013-10-31	0.00817	0.0018	0.013626	-0.00576	2.950012	2466800.0
2013-10-30	-0.0044670000000000005	-0.000221	0.006340999999999999	-0.011165999999999999	-1.620025	4502200.0
2013-10-29	0.012676	0.002234	0.013206	-0.005221	4.540008	2185400.0
2013-10-28	-0.014391999999999999	-0.009549	-0.001761	-0.017034	-5.230011	3635800.0
2013-10-25	0.093856	0.079438	0.10893699999999999	0.061437	31.180024	12036800.0
2013-10-24	0.016679	0.008783	0.018025	-3.1e-05	5.449981	5884700.0
2013-10-23	-0.017381	-0.005111999999999999	-0.002466	-0.025501	-5.779999	2818200.0
2013-10-22	0.018686	0.003921	0.032686	-0.002328	6.100007	3935500.0
2013-10-21	-0.00757	0.002919	0.0032530000000000002	-0.015596	-2.489991	2522300.0
2013-10-18	0.058436	0.027641000000000002	0.06796	0.019243	18.160004	5969800.0
2013-10-17	0.0009019999999999999	-0.011015	0.001643	-0.016909	0.279999	2648400.0
2013-10-16	0.013349000000000001	0.006462000000000001	0.01436	-0.002774	4.089996	2170700.0
2013-10-15	-0.01384	-0.002671	0.00029	-0.017509	-4.300018	2261100.0
2013-10-14	-0.000611	-0.005372	0.002445	-0.012513	-0.190003	1939100.0
2013-10-11	0.018744	-0.0013109999999999999	0.018875	-0.004358	5.720002	2163100.0
2013-10-10	0.023271	0.02146	0.028401	0.01462	6.940002000000001	2555100.0
2013-10-09	-0.016489	0.000627	0.0008900000000000001	-0.022194	-5.0	3247400.0
2013-10-08	-0.021933	0.0047409999999999996	0.004903	-0.031481	-6.799988000000001	3166200.0
2013-10-07	-0.028241000000000002	-0.011911	-0.011597	-0.02915	-9.010010000000001	2083200.0
2013-10-04	0.013597999999999999	0.001175	0.014106	-0.0067989999999999995	4.279999	1815000.0
2013-10-03	-0.01794	-0.00037400000000000004	0.007519	-0.023369	-5.75	2674800.0
2013-10-02	-0.001371	-0.009067	0.00243	-0.010687	-0.44000200000000006	2217400.0
2013-10-01	0.02658	0.005054	0.026739999999999996	0.00323	8.309997000000001	2396400.0
2013-09-30	-0.010664	-0.008228000000000001	-0.002215	-0.015663999999999997	-3.369995	1623600.0
2013-09-27	-0.006633	-0.0037719999999999997	-0.002861	-0.014994	-2.109985	1657500.0
2013-09-26	0.017496	0.003998	0.021494	0.0019510000000000003	5.470001	1989900.0
2013-09-25	-0.004711	0.001273	0.008213	-0.010759999999999999	-1.480011	2008600.0
2013-09-24	0.008475	0.003018	0.021156	-0.000674	2.640015	2033600.0
2013-09-23	-0.015332	-0.007365000000000001	-0.001391	-0.02393	-4.850006	1884900.0
2013-09-20	0.013715	0.001538	0.02727	0.0011220000000000002	4.279998	5302300.0
2013-09-19	9.6e-05	0.005576	0.008043999999999999	-0.003173	0.029999	2350900.0
2013-09-18	0.025841000000000003	-0.000362	0.028175	-0.004142	7.859986	2946400.0
2013-09-17	0.027393	0.005303	0.029013999999999998	-0.000169	8.110014999999999	2296500.0
2013-09-16	-0.006243	0.006378	0.010338	-0.008929000000000001	-1.8600150000000002	1808400.0
2013-09-13	-0.003145	0.0042829999999999995	0.0045509999999999995	-0.0089	-0.9399719999999999	1350600.0
2013-09-12	-0.0026030000000000003	-0.000834	0.007876000000000001	-0.006608	-0.78003	1606200.0
2013-09-11	-0.002397	-0.0048270000000000006	0.004994	-0.00839	-0.71997	1742600.0
2013-09-10	0.002169	0.002803	0.004304	-0.008308	0.649994	1778400.0
2013-09-09	0.013013	0.0045969999999999995	0.013858	0.002501	3.8500059999999996	1643600.0
2013-09-06	0.005984000000000001	0.004182	0.016253	-0.011221	1.7599790000000002	2292000.0
2013-09-05	0.001567	-3.4e-05	0.011443	-0.003167	0.459991	1816600.0
2013-09-04	0.016759	-0.001627	0.022265	-0.004224	4.840027	2438600.0
2013-09-03	0.027831	0.013346	0.037049	0.011353	7.819977000000001	2897600.0
2013-08-30	-0.010564	0.002148	0.003134	-0.014015000000000001	-3.0	1534700.0
2013-08-29	0.008523000000000001	-0.000462	0.015625999999999998	-0.005611	2.400024	1566400.0
2013-08-28	0.002314	-0.002029	0.007368	-0.005695	0.649994	1457100.0
2013-08-27	-0.018448	-0.008176000000000001	-0.003249	-0.022606	-5.279998	2476000.0
2013-08-26	-0.013103	0.001448	0.0035859999999999998	-0.015137000000000001	-3.8000190000000003	1711700.0
2013-08-23	0.0009660000000000001	0.005108	0.006109000000000001	-0.0063159999999999996	0.279999	1961900.0
2013-08-22	0.018133	0.000808	0.018625	0.000808	5.160004	1422600.0
2013-08-21	-0.008778	-0.006966	0.004911	-0.011355	-2.519989	1815300.0
2013-08-20	0.005323	0.001086	0.013797	0.000595	1.519989	1586300.0
2013-08-19	0.002633	0.001299	0.016641999999999997	-0.004705	0.75	2477400.0
2013-08-16	-0.00576	0.000279	0.0064930000000000005	-0.006876999999999999	-1.649994	2422500.0
2013-08-15	-0.016715999999999998	-0.008753	-0.0070019999999999995	-0.021247	-4.869994999999999	2261400.0
2013-08-14	-0.008947	0.0010890000000000001	0.0010890000000000001	-0.011668000000000001	-2.630005	1415000.0
2013-08-13	-0.009168	-0.0027300000000000002	-0.0010789999999999999	-0.020291	-2.720001	2349900.0
2013-08-12	-0.001918	-0.004945000000000001	0.006123	-0.0067280000000000005	-0.570008	1504500.0
2013-08-09	0.00514	-0.00020299999999999997	0.011936	-0.004869	1.5200200000000001	1950300.0
2013-08-08	-0.003941	0.005422	0.005422	-0.014685	-1.1700139999999999	2343400.0
2013-08-07	-0.012768	-0.001995	0.000798	-0.015295	-3.8399959999999997	1961000.0
2013-08-06	-0.000797	-0.0015949999999999998	0.0012289999999999998	-0.011529000000000001	-0.23999	1849000.0
2013-08-05	-0.010584999999999999	-0.002663	-0.001939	-0.019427	-3.220001	2233200.0
2013-08-02	-0.004451	-0.003076	-0.000785	-0.013319	-1.360016	2502600.0
2013-08-01	0.014440999999999999	0.006175	0.016566	-0.007702	4.350006	2971700.0
2013-07-31	-0.003935	0.00496	0.009061	-0.0046630000000000005	-1.1900030000000001	1891300.0
2013-07-30	-0.012055	0.005292	0.012022	-0.014799000000000001	-3.690002	3053400.0
2013-07-29	-0.018941999999999997	-0.003013	0.003173	-0.019583	-5.910004	3211800.0
2013-07-26	0.028377999999999997	-0.01269	0.033685	-0.025873	8.610016	8817500.0
2013-07-25	0.014919	0.00020099999999999998	0.018599	-0.007326000000000001	4.459992	5405800.0
2013-07-24	-0.0070420000000000005	0.006509999999999999	0.009234000000000001	-0.010031	-2.119996	2000500.0
2013-07-23	-0.007974	-0.0010539999999999998	0.0052060000000000006	-0.009622	-2.420013	1999600.0
2013-07-22	-0.005733	0.01317	0.01317	-0.010582	-1.75	2520700.0
2013-07-19	0.0036829999999999996	0.000921	0.005524	-0.007234	1.120026	2973100.0
2013-07-18	-0.014837000000000001	-0.00784	-0.007613	-0.022093	-4.580017	3063800.0
2013-07-17	0.0059310000000000005	0.00032599999999999996	0.006289	-0.0038450000000000003	1.820007	2029700.0
2013-07-16	0.0009789999999999998	0.002381	0.009198999999999999	-0.0034579999999999997	0.29998800000000003	2660200.0
2013-07-15	-0.003186	-0.00091	0.001431	-0.010405	-0.979981	2245600.0
2013-07-12	0.026330000000000003	-0.003237	0.026330000000000003	-0.003871	7.889983999999999	4539300.0
2013-07-11	0.025074000000000003	0.009099	0.028598000000000002	-0.000787	7.330017	4007300.0
2013-07-10	0.002744	-0.000412	0.006209	-0.007306	0.799988	1810200.0
2013-07-09	0.003235	0.001411	0.006814	-0.008878	0.940003	2775600.0
2013-07-08	0.016475	0.001889	0.020253	0.00091	4.7099910000000005	3046700.0
2013-07-05	0.006513	0.003415	0.008274	-0.006901000000000001	1.850006	1985400.0
2013-07-03	0.001057	-0.006097	0.005886	-0.006097	0.29998800000000003	1373000.0
2013-07-02	0.005778	-0.0037579999999999996	0.015881	-0.005353	1.630005	3238200.0
2013-07-01	0.015881	0.004717	0.020166	-0.0019089999999999999	4.410004	2888200.0
2013-06-28	0.000504	-0.0049	0.008215	-0.0049	0.140014	3193300.0
2013-06-27	-7.2e-05	0.0058	0.009475	-0.010916	-0.020019	2519500.0
2013-06-26	0.02014	0.006945999999999999	0.021647	0.005182	5.480011	3029500.0
2013-06-25	0.005469	0.0062450000000000006	0.010569	-0.005949	1.480011	2449600.0
2013-06-24	-0.01006	-0.007572	-0.000732	-0.030581999999999998	-2.75	3863800.0
2013-06-21	-0.000293	0.0041329999999999995	0.008777	-0.013347999999999999	-0.08001699999999999	4201000.0
2013-06-20	-0.016969	-0.010856999999999999	0.001582	-0.020743	-4.720002	2984000.0
2013-06-19	-0.012777	-0.001775	0.005608	-0.013806	-3.6000059999999996	2827500.0
2013-06-18	0.013307	0.003668	0.017442	0.00018	3.700012	2146100.0
2013-06-17	0.014855000000000002	0.008614	0.022665	0.006059	4.0700080000000005	2884000.0
2013-06-14	-0.006527	-0.002865	0.004640999999999999	-0.008520999999999999	-1.8000189999999998	2150800.0
2013-06-13	0.015165000000000001	-0.0006259999999999999	0.018883	-0.0050799999999999994	4.1199959999999995	2649800.0
2013-06-12	-0.011318	0.006624	0.007351000000000001	-0.015758	-3.109986	2238900.0
2013-06-11	-0.022379	-0.018038	-0.009464	-0.0243	-6.290008	3097800.0
2013-06-10	0.01517	-0.000686	0.020225999999999997	-0.005887	4.200012	3086500.0
2013-06-07	0.033753	0.007131	0.045813	0.004854	9.040008	4632600.0
2013-06-06	0.00247	0.002171	0.012464	-0.011079	0.659974	2476300.0
2013-06-05	0.005533	0.000414	0.022431	-0.002559	1.4700010000000001	3512300.0
2013-06-04	-0.0044210000000000005	0.00045	0.007494	-0.014463	-1.179993	2088600.0
2013-06-03	-0.008618	-0.000892	-0.000334	-0.023216999999999998	-2.320007	2543900.0
2013-05-31	0.008882	-0.003111	0.019038	-0.0033350000000000003	2.370025	3374300.0
2013-05-30	0.004896	0.000678	0.011448999999999999	0.000301	1.299988	1667500.0
2013-05-29	-0.006585	-0.006847	0.003592	-0.009165999999999999	-1.7600099999999999	1903400.0
2013-05-28	0.021204	0.01811	0.035761	0.016276	5.550019	3471000.0
2013-05-24	-0.000229	-0.007448000000000001	0.0004969999999999999	-0.013216	-0.059998	1696300.0
2013-05-23	-0.004411	-0.009393	0.000799	-0.012816	-1.1600030000000001	2000300.0
2013-05-22	-0.021943999999999998	-0.0054670000000000005	-0.004724	-0.029977999999999998	-5.899994	3332000.0
2013-05-21	0.004596	0.004147	0.011733	0.00011200000000000001	1.2299799999999999	1741200.0
2013-05-20	-0.008409999999999999	-0.0033350000000000003	0.0070030000000000005	-0.012597	-2.269989	2209000.0
2013-05-17	0.021884	0.006474	0.022187000000000002	0.003332	5.779999	2527300.0
2013-05-16	-0.009154	-0.002251	0.007015	-0.010167	-2.440003	1643500.0
2013-05-15	-0.006595999999999999	-0.004696	0.0026829999999999996	-0.01405	-1.769989	2720500.0
2013-05-14	0.014441999999999998	-3.8e-05	0.018487	-0.0018149999999999998	3.8199769999999997	2700000.0
2013-05-13	0.0033380000000000003	-0.0032619999999999997	0.008535	-0.006183	0.8800049999999999	2149500.0
2013-05-10	0.013338	0.002768	0.013415	0.000192	3.4700010000000003	3145300.0
2013-05-09	0.005721	0.000193	0.018826	-0.006958	1.480011	2769300.0
2013-05-08	0.003686	-0.0033369999999999997	0.009972	-0.009312	0.949982	2677000.0
2013-05-07	0.007859999999999999	0.002307	0.015719999999999998	-0.010989	2.01001	3133700.0
2013-05-06	-0.009029	0.000155	0.005619	-0.017942	-2.329987	2347800.0
2013-05-03	0.021778	0.014215	0.026529	0.008513	5.499985	3514000.0
2013-05-02	0.017403000000000002	0.00286	0.018934	-0.00987	4.320007	3936200.0
2013-05-01	-0.021985	0.00035499999999999996	0.001537	-0.031756	-5.5800019999999995	4391400.0
2013-04-30	0.016297	-0.001482	0.019781	-0.004725	4.069993	4248800.0
2013-04-29	-0.019897	0.00035299999999999996	0.008634000000000001	-0.022213	-5.069993	7117000.0
2013-04-26	-0.072406	-0.017218999999999998	-0.009756	-0.079687	-19.890014	14030000.0
2013-04-25	0.022025	0.010231	0.026118000000000002	0.006399	5.920013	6116500.0
2013-04-24	-0.000446	0.002231	0.009557	-0.007772	-0.119995	1852800.0
2013-04-23	0.0203	0.0036049999999999997	0.02398	0.0036049999999999997	5.350006	2270600.0
2013-04-22	0.012408	-0.0037259999999999997	0.016441	-0.008797	3.229981	2119100.0
2013-04-19	0.003469	-0.004857	0.013337	-0.0074010000000000005	0.8999940000000001	2602500.0
2013-04-18	-0.029843	-0.002206	-0.001533	-0.040389	-7.9799809999999995	3137600.0
2013-04-17	-0.018139	-0.0056549999999999994	-0.005471	-0.029706	-4.940002	3135100.0
2013-04-16	0.017256999999999998	0.005939	0.018975	0.0012699999999999999	4.619994999999999	2137200.0
2013-04-15	-0.018872999999999997	-0.00656	0.008246	-0.021146	-5.149994	3326000.0
2013-04-12	0.011191	0.001001	0.012674	-0.010487	3.019989	2866300.0
2013-04-11	0.019187	-0.000113	0.023417	-0.000113	5.080017	3090500.0
2013-04-10	0.0139	0.002451	0.018534000000000002	-0.0069689999999999995	3.629974	2322500.0
2013-04-09	0.008457	-0.000386	0.014134	-0.007529999999999999	2.190003	2156600.0
2013-04-08	0.013581999999999999	0.0017219999999999998	0.01644	0.000587	3.470016	2295600.0
2013-04-05	-0.013895	-0.012969	-0.011193	-0.020881999999999998	-3.599991	2557400.0
2013-04-04	0.000193	0.000772	0.005328	-0.011234000000000001	0.049988	1964400.0
2013-04-03	-0.016291999999999997	-0.004557	0.0013289999999999999	-0.021153	-4.290008	2413800.0
2013-04-02	0.006537	0.00302	0.01636	-0.004052	1.7100220000000002	2631100.0
2013-04-01	-0.018312000000000002	0.0018390000000000001	0.003415	-0.020564	-4.880005000000001	2524800.0
2013-03-28	0.004485	0.00196	0.00784	-0.004674	1.190002	2473700.0
2013-03-27	0.019169	-0.005993	0.02159	-0.009258	4.98999	2874900.0
2013-03-26	0.016756999999999998	0.004023	0.021327000000000002	0.001016	4.2900089999999995	2421000.0
2013-03-25	-0.006712	0.00322	0.006518	-0.012609	-1.730011	2513900.0
2013-03-22	0.017207	0.0045780000000000005	0.017286000000000003	-0.005209	4.3600010000000005	3124600.0
2013-03-21	-0.015119999999999998	-0.004548	-0.001088	-0.017879	-3.89	2806400.0
2013-03-20	0.003393	0.006396	0.013065	-0.007254000000000001	0.8699950000000001	2738900.0
2013-03-19	-0.005739	0.001978	0.006243	-0.020435	-1.480011	3738500.0
2013-03-18	-0.015009999999999999	-0.009625	-0.00126	-0.017950999999999998	-3.929992	2720200.0
2013-03-15	-0.014750999999999998	-0.00286	0.00572	-0.021412	-3.919983	4865900.0
2013-03-14	-0.034024	-0.019738	-0.018539	-0.042057	-9.360016	5226700.0
2013-03-13	0.0035380000000000003	0.0040490000000000005	0.008646	-0.005435	0.970001	1884200.0
2013-03-12	0.010655	-0.0008849999999999999	0.022711000000000002	-0.003244	2.890015	3246200.0
2013-03-11	-0.010759000000000001	-0.0027719999999999997	-0.000729	-0.013822999999999998	-2.950012	1904900.0
2013-03-08	0.001132	0.004089	0.005696	-0.00869	0.30999699999999997	1879800.0
2013-03-07	0.00032900000000000003	0.001132	0.003689	-0.007086	0.089996	1939000.0
2013-03-06	-0.006531	0.000617	0.003266	-0.013643	-1.799987	2050700.0
2013-03-05	0.009081	0.003259	0.013072	-0.011424	2.480011	3686200.0
2013-03-04	0.027733999999999998	-0.00143	0.028449000000000002	-0.006021	7.369994999999999	3453000.0
2013-03-01	0.005562	-0.0037840000000000005	0.008817	-0.012222	1.4700010000000001	2957000.0
2013-02-28	0.003875	-0.00547	0.014244999999999999	-0.009951999999999999	1.019989	2667200.0
2013-02-27	0.014999	0.000154	0.024946	-0.009639	3.890015	2908100.0
2013-02-26	-0.001963	0.003925	0.00835	-0.015931	-0.5100100000000001	3348600.0
2013-02-25	-0.020909999999999998	0.005727	0.012320000000000001	-0.021738999999999998	-5.550018	3032400.0
2013-02-22	-0.001955	0.0025570000000000002	0.004399	-0.016281999999999998	-0.519989	3124800.0
2013-02-21	-0.0017640000000000002	-0.004842	0.011524	-0.011861	-0.47000200000000003	3637400.0
2013-02-20	-0.012381999999999999	0.001668	0.016867	-0.01253	-3.3399959999999997	3528900.0
2013-02-19	0.017579	0.003093	0.018937	-0.002226	4.660004	2854200.0
2013-02-15	-0.015413999999999999	-0.00598	-0.001188	-0.022768	-4.149994	3979900.0
2013-02-14	-0.0008539999999999999	-0.0077930000000000004	0.004379	-0.015104	-0.23001100000000002	3463000.0
2013-02-13	0.041631	0.010939	0.043525	0.006185	10.769989	5293000.0
2013-02-12	0.0057929999999999995	0.007698	0.011469	-0.000816	1.4900209999999998	2943700.0
2013-02-11	-0.018095	0.004772	0.004963	-0.020424	-4.740021	3403700.0
2013-02-08	0.0066099999999999996	0.004496	0.019291	0.00123	1.720001	3879200.0
2013-02-07	-0.007589	0.00717	0.00717	-0.027114999999999997	-1.9899900000000001	3975700.0
2013-02-06	-0.017498	-0.006481999999999999	0.0	-0.021657	-4.670014	2770400.0
2013-02-05	0.026579000000000002	0.00777	0.030964	0.005693	6.910003999999999	4012900.0
2013-02-04	-0.018943	-0.008376999999999999	-0.001208	-0.022377	-5.019989	3723600.0
2013-02-01	-0.001883	0.012919	0.012919	-0.01017	-0.5	6115000.0
2013-01-31	-0.026617000000000002	-0.006306	0.011659000000000001	-0.033216	-7.26001	6772100.0
2013-01-30	0.047667	0.086998	0.09160700000000001	0.025965	12.410003999999999	13075400.0
2013-01-29	-0.056839999999999995	-0.0025	-0.002101	-0.064085	-15.690002999999999	10172600.0
2013-01-28	-0.027993999999999998	-0.000739	0.001725	-0.033769	-7.949981	4321400.0
2013-01-25	0.038507	0.005632	0.041176	0.003437	10.529999	4968100.0
2013-01-24	0.019955	0.0047	0.031853	0.0047	5.350006	3417000.0
2013-01-23	-0.007698	0.0014060000000000001	0.003331	-0.013102	-2.080017	2508900.0
2013-01-22	-0.007092	-0.001837	-7.3e-05	-0.010620000000000001	-1.929993	2137700.0
2013-01-18	0.006063000000000001	0.001294	0.014862	-0.0032530000000000002	1.639984	2942000.0
2013-01-17	0.005764	0.009556	0.011304	0.001041	1.5500180000000001	1884600.0
2013-01-16	-0.010923	-0.005039	-0.002427	-0.014969	-2.970001	2065600.0
2013-01-15	-0.003043	-0.007517	0.0	-0.012577	-0.830017	2326900.0
2013-01-14	0.017877	0.00022400000000000002	0.023587	-0.001493	4.7900089999999995	4275000.0
2013-01-11	0.009798999999999999	-0.000904	0.011645	-0.004636	2.600006	2413300.0
2013-01-10	-0.0037920000000000002	0.008222	0.008973	-0.015206	-1.01001	2863400.0
2013-01-09	-0.000113	0.00672	0.011713	-0.003679	-0.029999	2265600.0
2013-01-08	-0.0077480000000000005	-0.005178	0.0019370000000000001	-0.018215000000000002	-2.079986	3010700.0
2013-01-07	0.035925	0.014740999999999999	0.040826	0.013583000000000001	9.309997000000001	4910000.0
2013-01-04	0.002592	-0.003482	0.005107	-0.0070799999999999995	0.669983	1874200.0
2013-01-03	0.004547	-0.000155	0.013874000000000001	-0.003653	1.170013	2750900.0
2013-01-02	0.025671	0.020768000000000002	0.02882	0.009526999999999999	6.440003	3271000.0
2012-12-31	0.023207	-0.005832	0.029488999999999998	-0.009911	5.690002	3419000.0
2012-12-28	-0.012605	-0.009907	-0.0035039999999999997	-0.013129	-3.130005	1858700.0
2012-12-27	-0.001287	-0.001408	0.002896	-0.023207	-0.32000700000000004	3639300.0
2012-12-26	-0.038627999999999996	-0.005684000000000001	-0.00464	-0.040909	-9.989989999999999	4152700.0
2012-12-24	0.0066170000000000005	0.0014789999999999998	0.010042	0.000156	1.6999819999999999	984400.0
2012-12-21	-0.017514	-0.014072999999999999	-0.011931	-0.022027	-4.579987	4704600.0
2012-12-20	0.013605	0.001434	0.017133000000000002	-0.00562	3.51001	2584600.0
2012-12-19	-0.009255	0.0034560000000000003	0.004877	-0.010445	-2.4100040000000003	2300000.0
2012-12-18	0.025762	0.002797	0.036437	0.002797	6.539993	4961000.0
2012-12-17	0.018741	0.0024879999999999998	0.019303	0.000281	4.669999	2277000.0
2012-12-14	-0.008199	-0.004536999999999999	0.002587	-0.013771	-2.0599979999999998	2526900.0
2012-12-13	-0.002026	-0.002582	0.011042	-0.006911	-0.509995	2460200.0
2012-12-12	0.004268	0.001516	0.01464	-0.002513	1.069993	2628100.0
2012-12-11	0.011784999999999999	0.0029460000000000003	0.023046	-0.004520000000000001	2.919998	4185200.0
2012-12-10	-0.021716	-0.000671	0.005961999999999999	-0.023572	-5.5	3503800.0
2012-12-07	-0.000395	0.003039	0.007262	-0.005368	-0.099991	2170300.0
2012-12-06	-0.002323	-0.0037799999999999995	0.004764	-0.009647	-0.590012	3557900.0
2012-12-05	0.005822	-0.000198	0.012119	-0.008357	1.470002	2852200.0
2012-12-04	0.008629000000000001	-0.001558	0.010666	-0.006670999999999999	2.1600029999999997	3114700.0
2012-12-03	-0.006823999999999999	0.0019440000000000002	0.008371	-0.008133	-1.720001	2990600.0
2012-11-30	0.003104	-0.003542	0.005492	-0.011939	0.779999	3797400.0
2012-11-29	0.016835	0.003804	0.021731	0.001578	4.160003	5310500.0
2012-11-28	0.015241999999999999	-0.0039030000000000002	0.015735	-0.0078060000000000004	3.710007	2743400.0
2012-11-27	-0.0009029999999999999	-0.0016420000000000002	0.008415	-0.008537999999999999	-0.22000100000000003	3048500.0
2012-11-26	0.015590999999999999	0.0021260000000000003	0.018509	-0.007837	3.73999	4178300.0
2012-11-23	0.007772	0.007814	0.008276	-0.006512	1.850006	1776800.0
2012-11-21	0.018179	0.00025699999999999996	0.020916999999999998	-0.004406	4.25	2959300.0
2012-11-20	0.017718	0.0012619999999999999	0.017891999999999998	-0.0009140000000000001	4.069992	2771700.0
2012-11-19	0.019891	0.013719	0.032277999999999994	0.009857	4.480011	3591200.0
2012-11-16	0.020988	0.003218	0.025612	-0.008884999999999999	4.62999	4352800.0
2012-11-15	-0.01054	-0.002915	0.009913	-0.021394999999999997	-2.349991	3404700.0
2012-11-14	-0.016108	-0.00044100000000000004	0.003575	-0.018049000000000003	-3.650009	3034100.0
2012-11-13	0.0005740000000000001	-0.005961	0.006314	-0.007770999999999999	0.13000499999999998	2629800.0
2012-11-12	0.0007070000000000001	0.0012369999999999998	0.012858000000000001	-0.0039770000000000005	0.160003	2128800.0
2012-11-09	-0.004574	-0.004794	0.015923	-0.012095999999999999	-1.040008	3092500.0
2012-11-08	-0.020296	0.0006889999999999999	0.00599	-0.021374	-4.709992	2982400.0
2012-11-07	-0.023152000000000002	-0.00804	-0.007998	-0.034265	-5.5	3624200.0
2012-11-06	0.013784000000000001	0.004609	0.014594999999999999	0.000512	3.229996	2661300.0
2012-11-05	0.008218000000000001	-0.0016350000000000002	0.010369	-0.009939	1.910004	1846100.0
2012-11-02	0.001206	0.008055	0.022659000000000002	-0.000129	0.279999	3374700.0
2012-11-01	-0.00322	0.005754	0.007128	-0.0066560000000000005	-0.75	3905100.0
2012-10-31	-0.022456	-0.008059	0.0019309999999999998	-0.032488	-5.350006	4797600.0
2012-10-26	0.06872400000000001	0.025480000000000003	0.07083300000000001	0.016912	15.320007	11367500.0
2012-10-25	-0.024377	0.010634999999999999	0.010634999999999999	-0.024377	-5.570007	6741300.0
2012-10-24	-0.024839	0.006701	0.006957	-0.027144	-5.819993	3678700.0
2012-10-23	0.0022670000000000004	-0.011678000000000001	0.011635	-0.016125999999999998	0.529999	4430800.0
2012-10-22	-0.025917000000000003	-0.004958	-0.004375	-0.032	-6.220001	4500000.0
2012-10-19	-0.019808000000000003	0.001266	0.008046	-0.024137	-4.850006	4395300.0
2012-10-18	-0.010667	0.001131	0.013819	-0.019354	-2.639999	5305300.0
2012-10-17	0.014553	-0.002337	0.019923	-0.002624	3.550003	3302700.0
2012-10-16	-0.000983	0.002826	0.006512	-0.0086	-0.23999099999999998	2204100.0
2012-10-15	0.007509	0.002022	0.009984999999999999	-0.015885	1.8199919999999998	2959800.0
2012-10-12	-0.0076159999999999995	-0.004258	0.005077	-0.009459	-1.86	2203200.0
2012-10-11	-0.003143	0.012286	0.017593	-0.012654	-0.770004	3447300.0
2012-10-10	-0.023788999999999998	0.004144	0.0059770000000000005	-0.027694	-5.970002	3948300.0
2012-10-09	-0.031267	-0.001505	0.001119	-0.032155	-8.099991000000001	3494800.0
2012-10-08	0.002128	-0.003249	0.00499	-0.011412	0.549988	1762300.0
2012-10-05	-0.007525	0.002803	0.00549	-0.011441	-1.959991	2806500.0
2012-10-04	0.017779	0.000352	0.021882	-0.000195	4.550003	2700400.0
2012-10-03	0.021228999999999998	0.002434	0.021947	-0.00415	5.319992	2745600.0
2012-10-02	-0.005595	0.003135	0.004524	-0.011825	-1.409989	2195800.0
2012-10-01	-0.009082999999999999	0.004247	0.007234999999999999	-0.015059999999999999	-2.310012	2581200.0
2012-09-28	-0.008847	-0.001754	0.001598	-0.013212	-2.269989	2456600.0
2012-09-27	0.027717000000000002	0.0034850000000000003	0.030961000000000002	0.0034049999999999996	6.919998	3397400.0
2012-09-26	-0.011051	-0.00023799999999999998	0.008516	-0.016755000000000003	-2.790009	2920500.0
2012-09-25	-0.009184000000000001	0.006005	0.016287	-0.014796	-2.3399959999999997	4405800.0
2012-09-24	-0.01037	-0.008739	-0.0072629999999999995	-0.017361	-2.669998	2707900.0
2012-09-21	-0.012806	0.0035659999999999997	0.004563	-0.015605	-3.3399970000000003	6059300.0
2012-09-20	-0.003325	-0.006305	-0.003095	-0.014062999999999999	-0.8699950000000001	2913600.0
2012-09-19	0.011323999999999999	0.002705	0.015806999999999998	-0.00085	2.929993	2636800.0
2012-09-18	0.002907	0.001861	0.00969	-0.0038759999999999997	0.75	2215000.0
2012-09-17	-0.012516	-7.7e-05	-7.7e-05	-0.016343	-3.269989	2306300.0
2012-09-14	0.003958	0.004457	0.014871	-0.0018059999999999999	1.0299989999999999	3666200.0
2012-09-13	0.018034	-0.002699	0.024919	-0.007159	4.609985	3525600.0
2012-09-12	-0.000156	0.003246	0.008253	-0.008487	-0.039993	2273200.0
2012-09-11	-0.005522999999999999	0.001984	0.001984	-0.011008	-1.4199979999999999	2524800.0
2012-09-10	-0.007911	-0.00054	0.003319	-0.008953000000000001	-2.050019	2567200.0
2012-09-07	0.030869999999999998	0.009826	0.031983	0.008513	7.76001	5029500.0
2012-09-06	0.020957	0.008163	0.026318	0.00398	5.160004	5361400.0
2012-09-05	-0.006697	-0.0010890000000000001	0.002945	-0.010408	-1.660004	2652600.0
