2017-09-01	-0.004076	0.001456	0.003761	-0.006347	-0.700012	11140400.000000
2017-01-31	0.0028710000000000003	-0.0077209999999999996	0.010592	-0.009503	0.290001	7530000.0
2017-01-30	-0.010287000000000001	-0.008524	-0.0059759999999999995	-0.019398	-1.050003	8619800.0
2017-01-27	-0.006618000000000001	-0.004866	-0.000487	-0.014209000000000001	-0.68	8031000.0
2017-01-26	-0.012589	-0.0013449999999999998	0.004901	-0.018163	-1.309998	12504800.0
2017-01-25	0.025929	0.010154999999999999	0.028	0.004634	2.629998	23322800.0
2017-01-24	0.030688	0.048166	0.048572000000000004	0.015547	3.019996	37181500.0
2017-01-23	0.024464	0.004372	0.027170999999999997	0.002082	2.350006	14090300.0
2017-01-20	-0.001144	0.002912	0.010190000000000001	-0.005189	-0.11	9685800.0
2017-01-19	0.001771	0.004375	0.007292	-0.004375	0.169998	7090000.0
2017-01-18	-0.001248	0.00156	0.00156	-0.008947	-0.120003	6610700.0
2017-01-17	-0.001558	0.000519	0.003324	-0.013191999999999999	-0.14999400000000002	6342400.0
2017-01-13	0.003858	0.000521	0.015433	-0.00146	0.36999499999999996	10701100.0
2017-01-12	-0.010728	-0.0009279999999999999	-0.0009279999999999999	-0.022075	-1.04	8424700.0
2017-01-11	0.001964	0.001757	0.007234999999999999	-0.011886	0.190002	8735900.0
2017-01-10	0.021432	0.017736000000000002	0.033615	0.008763	2.029999	14780600.0
2017-01-09	0.00884	0.002876	0.018744999999999998	-0.006177	0.830002	10829500.0
2017-01-06	-0.005086	0.00031800000000000003	0.0013779999999999999	-0.014516999999999999	-0.480004	7639800.0
2017-01-05	0.042647000000000004	0.015468	0.047508999999999996	0.012485	3.860001	16821500.0
2017-01-04	0.021558	0.004345	0.025847000000000002	-0.000226	1.910004	11490200.0
2017-01-03	0.008997	0.013552000000000002	0.013552000000000002	0.003075	0.79	8789400.0
2016-12-30	0.005496	0.002748	0.008817	-0.001489	0.479996	7211100.0
2016-12-29	-0.000458	0.00515	0.0095	-0.002404	-0.040001	5467100.0
2016-12-28	-0.0019420000000000001	0.008681999999999999	0.013822	-0.003655	-0.169998	6421100.0
2016-12-27	0.008642	-0.000807	0.01325	-0.0009220000000000001	0.75	5228000.0
2016-12-23	-0.00011499999999999999	-0.002074	0.010138	-0.002074	-0.010001999999999999	6344000.0
2016-12-22	-0.027451	-0.015238	-0.011092	-0.036302	-2.449997	14404500.0
2016-12-21	-0.006567	0.001336	0.006567	-0.006567	-0.589996	9044900.0
2016-12-20	0.010232999999999999	0.002924	0.015518	0.00011200000000000001	0.9099959999999999	8434700.0
2016-12-19	0.002932	-0.000677	0.012969	-0.002932	0.260002	10226300.0
2016-12-16	-0.002026	0.0016879999999999998	0.014069	-0.003264	-0.18	11341500.0
2016-12-15	-0.025661	-0.01305	-0.00647	-0.026867000000000002	-2.340004	19215500.0
2016-12-14	-0.010525	-0.0035810000000000004	0.001085	-0.014431	-0.970002	9153700.0
2016-12-13	-0.0033520000000000004	0.0035689999999999997	0.013626	-0.006489	-0.30999699999999997	10491300.0
2016-12-12	-0.008684	-0.013186000000000002	-0.004181	-0.016937999999999998	-0.809998	9355900.0
2016-12-09	0.010508	0.002167	0.014408	-0.000325	0.970001	9177600.0
2016-12-08	0.013616	0.008015999999999999	0.022071	-0.000439	1.239998	10919500.0
2016-12-07	0.007411	0.001327	0.013827	-0.009956	0.669998	13240000.0
2016-12-06	-0.006484	0.0062640000000000005	0.010331	-0.01132	-0.589996	7787800.0
2016-12-05	0.005637	-0.004752	0.010168	-0.010058	0.509995	8902600.0
2016-12-02	0.0069	0.005787	0.020921000000000002	0.0010019999999999999	0.620002	11718800.0
2016-12-01	-0.044246	-0.000213	0.00037200000000000004	-0.051477999999999996	-4.159996	24030700.0
2016-11-30	-0.010212	0.003053	0.005158	-0.017791	-0.970001	11447700.0
2016-11-29	0.013119	-0.0009599999999999999	0.024477000000000002	-0.003946	1.2299959999999999	14146900.0
2016-11-28	0.008064	0.00010700000000000001	0.029362	-0.00010800000000000001	0.75	14340100.0
2016-11-25	-0.000215	0.0055899999999999995	0.007739	-0.0027949999999999997	-0.019997	4868500.0
2016-11-23	-0.0019309999999999998	-0.007295	0.002038	-0.018882	-0.18	11721700.0
2016-11-22	-0.002141	0.008884999999999999	0.010812	-0.002676	-0.200005	10403600.0
2016-11-21	0.00021400000000000002	0.007067	0.013599000000000002	-0.004176	0.020005000000000002	8960000.0
2016-11-18	-0.007229000000000001	0.008292	0.013075	-0.014883	-0.680001	10032600.0
2016-11-17	0.013030000000000002	0.019922	0.02283	0.0084	1.209999	10380200.0
2016-11-16	0.02044	0.004286	0.029450999999999998	0.003626	1.8600009999999998	14079700.0
2016-11-15	0.013702	0.013702	0.041439	0.010917	1.230003	16723000.0
2016-11-14	-0.034627	-0.005796	-0.004839	-0.054952	-3.220001	27356200.0
2016-11-11	-0.01431	-0.0050880000000000005	-0.00265	-0.034344	-1.349998	23664300.0
2016-11-10	-0.024103	0.017275	0.018930000000000002	-0.046033	-2.330002	27346700.0
2016-11-09	-0.031848	-0.024737000000000002	-0.012719	-0.040561	-3.18	20948000.0
2016-11-08	0.005033	0.00040300000000000004	0.006442	-0.009965	0.5	7956300.0
2016-11-07	0.018243000000000002	0.025623000000000003	0.03126	0.016296	1.779998	11198300.0
2016-11-04	-0.001841	-0.008695999999999999	0.010639000000000001	-0.011049	-0.18	9048500.0
2016-11-03	-0.0077150000000000005	-0.004771	0.008020000000000001	-0.02081	-0.7600020000000001	17412600.0
2016-11-02	-0.0261	0.026693	0.029164999999999996	-0.038062	-2.64	36939900.0
2016-11-01	-0.0053100000000000005	-0.012391	-0.004425	-0.024388	-0.54	21287300.0
2016-10-31	-0.002355	0.007064	0.012558	-0.0050030000000000005	-0.239998	15837900.0
2016-10-28	-0.0043950000000000005	-0.000293	0.0065439999999999995	-0.008107	-0.44999700000000004	8479500.0
2016-10-27	-0.003892	0.005838	0.01294	-0.009048	-0.400002	8807100.0
2016-10-26	-0.013817	-0.005181	-0.002111	-0.014584999999999999	-1.440002	7579800.0
2016-10-25	-0.002679	0.003445	0.006698999999999999	-0.004593	-0.279999	8985700.0
2016-10-24	0.005388	0.010006000000000001	0.013084	-0.003752	0.559998	10898800.0
2016-10-21	0.000867	-0.001444	0.000867	-0.010592	0.090004	8073100.0
2016-10-20	-0.0007700000000000001	0.002598	0.007794	-0.003464	-0.080002	7109800.0
2016-10-19	0.0057090000000000005	0.00958	0.014128	0.003	0.590004	8918900.0
2016-10-18	0.004862	0.01585	0.020906	0.00457	0.5	11107200.0
2016-10-17	0.00972	-0.003436	0.015906	-0.005695	0.9899979999999999	10351700.0
2016-10-14	-0.002937	0.020753999999999998	0.024963	-0.010964	-0.300004	12789500.0
2016-10-13	-0.014186	-0.015055	-0.010326	-0.044586	-1.4700010000000001	22390000.0
2016-10-12	-0.0153	-0.0017109999999999998	-0.00114	-0.032405	-1.61	18435000.0
2016-10-11	-0.029332999999999998	-0.004797	-0.004059	-0.033761	-3.180001	14916600.0
2016-10-10	0.022736000000000003	0.007453	0.028301999999999997	0.0052829999999999995	2.4100040000000003	11516600.0
2016-10-07	-0.010086	-0.0017739999999999998	0.004389	-0.014195	-1.0800020000000001	8954400.0
2016-10-06	0.0011220000000000002	0.003179	0.005142	-0.007245999999999999	0.120003	9885600.0
2016-10-05	0.01432	0.0039829999999999996	0.018966	0.0019920000000000003	1.510002	13176500.0
2016-10-04	0.000664	0.005219	0.008066	-0.0031309999999999997	0.07	11068800.0
2016-10-03	-0.0038759999999999997	-0.003214	0.004726	-0.007657	-0.410004	10849500.0
2016-09-30	0.002274	0.009	0.014685	0.002274	0.239998	15577500.0
2016-09-29	-0.029425	-0.020597999999999998	-0.018943	-0.038437	-3.199997	30236700.0
2016-09-28	0.004526	0.001663	0.014872	-0.010161	0.48999799999999993	16371600.0
2016-09-27	0.022382	0.00595	0.024554	0.004533	2.370003	17556700.0
2016-09-26	-0.016897	-0.011048	-0.006035	-0.022375	-1.82	16805300.0
2016-09-23	-0.015087999999999999	-0.01015	-0.008778	-0.024232	-1.650002	23083000.0
2016-09-22	0.031698000000000004	0.014811000000000001	0.035472000000000004	0.013962	3.360001	35627700.0
2016-09-21	0.045777	0.010851999999999999	0.047652	0.008386	4.6399989999999995	22997100.0
2016-09-20	-0.016209	-0.000874	0.006794	-0.020382	-1.6699979999999999	12863800.0
2016-09-19	-0.015386000000000002	0.0049689999999999995	0.008219	-0.023366	-1.61	15234600.0
2016-09-16	0.001819	-0.004308	0.009	-0.005649	0.190002	20363500.0
2016-09-15	0.020019	0.002148	0.020313	0.0012699999999999999	2.049995	20795900.0
2016-09-14	0.021141	-0.001994	0.023035	-0.002593	2.120003	19604700.0
2016-09-13	-0.005159	-0.0041670000000000006	0.006845	-0.019445	-0.520004	20004900.0
2016-09-12	0.011845	-0.022486000000000003	0.017667	-0.0263	1.18	17318200.0
2016-09-09	-0.028761000000000002	-0.007506999999999999	-0.00351	-0.034318	-2.949997	21250400.0
2016-09-08	0.002443	-0.003812	0.014269	-0.006744	0.25	15475500.0
2016-09-07	-0.014068	0.0005780000000000001	0.00212	-0.014646000000000001	-1.459999	15758800.0
2016-09-06	0.045642	0.012091	0.050882	0.012091	4.529999	32803800.0
2016-09-02	0.018785	0.005646	0.023045	0.005646	1.8300020000000001	17482600.0
2016-09-01	0.002366	0.001132	0.008334000000000001	-0.001852	0.229996	13387400.0
2016-08-31	0.012395999999999999	0.001458	0.0125	0.00010400000000000001	1.190002	28617000.0
2016-08-30	0.011804	0.004954	0.018971000000000002	0.003057	1.120003	13994200.0
2016-08-29	-0.001894	-0.004839	0.001052	-0.008942	-0.180001	8818300.0
2016-08-26	0.011922	0.002235	0.016074	0.00149	1.119996	14133900.0
2016-08-25	0.0006389999999999999	-0.001385	0.008628	-0.008095	0.060004999999999996	13039900.0
2016-08-24	-0.019939	-0.0011480000000000001	0.005324000000000001	-0.023280000000000002	-1.910004	12726600.0
2016-08-23	0.001464	-0.000627	0.008676999999999999	-0.002509	0.139999	9646800.0
2016-08-22	-0.012492	-0.004026	-0.002375	-0.021784	-1.209999	16222900.0
2016-08-19	-0.001443	-0.0009279999999999999	0.0024739999999999996	-0.006804000000000001	-0.139999	14267100.0
2016-08-18	0.0	0.002577	0.009691	-0.003917	0.0	15009000.0
2016-08-17	0.003517	-0.005069	0.006104	-0.006311	0.339996	14980900.0
2016-08-16	-0.005248	-0.010497	-0.000206	-0.021817	-0.509994	27514000.0
2016-08-15	-0.010992	0.000305	0.006209	-0.014555000000000002	-1.0800020000000001	33813400.0
2016-08-12	0.07061100000000001	0.013184999999999999	0.071701	0.012422	6.480003	71968300.0
2016-08-11	0.050842	0.055077999999999995	0.062636	0.045002	4.439995	54169200.0
2016-08-10	0.024519	0.009033	0.029212000000000002	0.009033	2.090004	28195900.0
2016-08-09	0.0028239999999999997	0.000588	0.007412	-0.002353	0.239998	15349200.0
2016-08-08	0.004847	0.004729	0.005083	-0.003428	0.410004	11528200.0
2016-08-05	-0.001888	0.003068	0.003894	-0.003658	-0.160004	9401700.0
2016-08-04	0.012908000000000001	0.000956	0.015657	0.000239	1.0800020000000001	10731600.0
2016-08-03	-0.001551	-0.005967	0.00047699999999999994	-0.007518	-0.13000499999999998	5365800.0
2016-08-02	-0.006403	0.0	0.0	-0.016955	-0.5399930000000001	7691600.0
2016-08-01	0.022550999999999998	0.0037579999999999996	0.028127999999999997	0.001334	1.859993	13401200.0
2016-07-29	-0.0077	0.003008	0.0036090000000000002	-0.014136000000000001	-0.64	8709300.0
2016-07-28	0.000241	0.004332	0.004693	-0.011793000000000001	0.020005000000000002	7476500.0
2016-07-27	-0.005862	0.00011999999999999999	0.000598	-0.007058	-0.48999799999999993	11629000.0
2016-07-26	0.004808	-0.003967	0.005289	-0.006731999999999999	0.399994	7714700.0
2016-07-25	-0.015386000000000002	-0.00023700000000000001	0.003551	-0.022251	-1.299996	13185900.0
2016-07-22	0.0036829999999999996	-0.0021379999999999997	0.0038009999999999997	-0.0043950000000000005	0.309998	5988400.0
2016-07-21	-0.002843	0.003435	0.00687	-0.009003	-0.239998	10163500.0
2016-07-20	0.019934999999999998	0.0060409999999999995	0.023318000000000002	0.005558	1.6500009999999998	13991000.0
2016-07-19	0.001452	-0.0020570000000000002	0.012583	-0.007259999999999999	0.119995	9799400.0
2016-07-18	0.017231	-0.008	0.018954	-0.008	1.400002	12113600.0
2016-07-15	-0.005995	0.000489	0.009175	-0.009481	-0.48999799999999993	8919900.0
2016-07-14	0.014522	0.007571	0.020727000000000002	0.003599	1.1699979999999999	9361500.0
2016-07-13	-0.014313999999999999	0.001101	0.001713	-0.01676	-1.1699979999999999	10739200.0
2016-07-12	0.003437	0.004051	0.017432	0.000614	0.279999	15294100.0
2016-07-11	0.03127	0.004304	0.03684	0.003165	2.470001	17417500.0
2016-07-08	-0.004536999999999999	-0.011468	0.0	-0.019534	-0.36	14029100.0
2016-07-07	0.009028	0.0045780000000000005	0.010809000000000001	0.0008900000000000001	0.7099989999999999	6819200.0
2016-07-06	-0.0041789999999999996	-0.006332	-0.0018989999999999999	-0.016335	-0.330002	7737600.0
2016-07-05	-0.008537000000000001	-0.007659	-0.001255	-0.016069999999999997	-0.680001	6845200.0
2016-07-01	0.001509	-0.005155	0.0065379999999999995	-0.005155	0.120003	7271300.0
2016-06-30	0.019093000000000002	0.00346	0.02204	0.003075	1.489998	12485300.0
2016-06-29	0.023073	0.009177	0.028841000000000002	0.008128	1.760002	11460000.0
2016-06-28	0.027617000000000003	0.017109	0.031928	0.017109	2.0499959999999997	11266200.0
2016-06-27	-0.027001999999999998	-0.006423000000000001	-0.004195	-0.039193	-2.0599979999999998	15131300.0
2016-06-24	-0.036012	-0.029189	-0.020723	-0.046879000000000004	-2.849998	18224800.0
2016-06-23	0.005208	0.005462	0.009272	-0.002286	0.409996	8279500.0
2016-06-22	0.001399	0.005342	0.00636	-0.005215	0.11	8170900.0
2016-06-21	0.006014	0.007678	0.0119	0.003199	0.470001	8881800.0
2016-06-20	0.014934999999999999	0.011687999999999999	0.023247	0.010909	1.150002	9625600.0
2016-06-17	-0.016225999999999997	0.0023	0.0023	-0.022869	-1.269997	15582600.0
2016-06-16	-0.001531	-0.007016	0.000128	-0.027937	-0.120002	13570700.0
2016-06-15	0.007972	0.006944	0.012846000000000002	-0.003343	0.620002	14734800.0
2016-06-14	0.030749000000000002	0.019086000000000002	0.039761000000000005	0.017230000000000002	2.32	22358900.0
2016-06-13	-0.0061909999999999995	-0.008825	0.007047	-0.014094	-0.470001	11300800.0
2016-06-10	-0.021144999999999997	-0.014569	-0.006575	-0.023208000000000003	-1.64	10421100.0
2016-06-09	-0.00103	-0.00322	0.005538	-0.011077	-0.080001	8994400.0
2016-06-08	-0.002569	0.0020559999999999997	0.008864	-0.005974	-0.199997	11614100.0
2016-06-07	-0.0028179999999999998	0.0016649999999999998	0.003971	-0.00948	-0.220002	12878000.0
2016-06-06	0.018793999999999998	0.0063950000000000005	0.022318	0.001044	1.4399950000000001	19166100.0
2016-06-03	-0.008797	-0.000776	0.006468000000000001	-0.020569	-0.68	23685700.0
2016-06-02	0.007954000000000001	-0.000522	0.013822	-0.001695	0.610001	45379500.0
2016-06-01	-0.064756	0.0	0.0	-0.066463	-5.309998	62531500.0
2016-05-31	0.012721	0.00037	0.013091	-0.00951	1.0299989999999999	78861400.0
2016-05-27	0.03344	0.0017870000000000002	0.033823	0.0005110000000000001	2.620003	24489300.0
2016-05-26	0.036513	0.0	0.043325999999999996	0.0	2.760002	26968600.0
2016-05-25	-0.06817100000000001	-0.031928	-0.023669	-0.086292	-5.530007	49606600.0
2016-05-24	0.026835	0.002152	0.02924	0.000886	2.120003	16707700.0
2016-05-23	0.002665	0.002031	0.009011	-0.002412	0.209999	7187500.0
2016-05-20	0.006000999999999999	0.0	0.014428	0.0	0.470001	11043900.0
2016-05-19	-0.008984	-0.004808	0.0029100000000000003	-0.018094	-0.7099989999999999	8317500.0
2016-05-18	-0.004033	-0.008066	0.008192	-0.011090000000000001	-0.319999	9085800.0
2016-05-17	0.0007570000000000001	0.006809999999999999	0.011477	0.000252	0.059997	10970700.0
2016-05-16	0.027605	0.009072	0.035899	0.005573	2.129997	11661000.0
2016-05-13	-0.025265	-0.004232	0.0	-0.027666000000000003	-2.0	10078000.0
2016-05-12	-0.008020000000000001	0.0026320000000000002	0.008145	-0.018546	-0.639999	8791400.0
2016-05-11	0.001004	-0.003638	0.009595999999999999	-0.003889	0.080002	11072500.0
2016-05-10	0.003904	0.004785	0.007178	-0.003274	0.30999699999999997	9319700.0
2016-05-09	0.002652	-0.003283	0.009849	-0.003914	0.21000700000000003	11795800.0
2016-05-06	0.004693999999999999	-0.006089	0.011290000000000001	-0.007358	0.36999499999999996	12617700.0
2016-05-05	0.039699	0.0488	0.054339	0.030070999999999997	3.010002	27950900.0
2016-05-04	-0.001186	-0.003557	0.0	-0.011856	-0.090004	14326600.0
2016-05-03	-0.009137000000000001	-0.008485	-0.004438	-0.015468	-0.699997	8019200.0
2016-05-02	-0.004289	-0.00065	0.00078	-0.012997	-0.33000100000000004	7718100.0
2016-04-29	0.0070680000000000005	0.005365999999999999	0.011518	-0.009686	0.54	10124300.0
2016-04-28	-0.016097999999999998	0.0	0.00322	-0.02009	-1.25	9959900.0
2016-04-27	-0.012212	-0.003943	0.000127	-0.025951	-0.9599989999999999	11491900.0
2016-04-26	-0.0029170000000000003	0.000127	0.009132	-0.013191	-0.22999499999999998	9632700.0
2016-04-25	-0.013143	-0.001126	-0.0006259999999999999	-0.015146000000000001	-1.050003	9207600.0
2016-04-22	-0.011018	-0.00817	0.00817	-0.020116	-0.89	8649300.0
2016-04-21	-0.005295	-0.0016010000000000002	0.007019	-0.012437	-0.43	8819000.0
2016-04-20	0.022024000000000002	-0.005789	0.028631	-0.005915	1.75	14911900.0
2016-04-19	0.005695	0.002405	0.018605	-0.006834999999999999	0.44999700000000004	14742000.0
2016-04-18	0.0005070000000000001	-0.005698	0.0018989999999999999	-0.015955	0.040001	7745200.0
2016-04-15	-0.008039	-0.00201	0.001759	-0.014445	-0.64	11709100.0
2016-04-14	-0.000377	-0.004144	0.0027370000000000003	-0.016072	-0.029998	12611500.0
2016-04-13	0.022862	0.011302	0.023888999999999997	0.00822	1.779998	14150900.0
2016-04-12	0.00193	0.003732	0.0068200000000000005	-0.010809000000000001	0.150002	7115400.0
2016-04-11	0.003098	0.007745	0.014444	-0.000516	0.239998	7896500.0
2016-04-08	-0.0018039999999999998	0.008504000000000001	0.014818000000000001	-0.012743	-0.14	8401200.0
2016-04-07	-0.013599000000000002	-0.013727000000000001	-0.001017	-0.019025999999999998	-1.069999	10937900.0
2016-04-06	0.017588999999999997	-0.000259	0.023668	-0.0016809999999999998	1.36	9071900.0
2016-04-05	-0.022256	-0.011128	-0.009863	-0.027441000000000004	-1.760002	9603900.0
2016-04-04	0.004446	-0.0050810000000000004	0.010415	-0.005208	0.349999	9817300.0
2016-04-01	-0.003796	-0.009996	-0.000127	-0.010502	-0.299996	9262200.0
2016-03-31	0.002156	-0.004565	0.012426999999999999	-0.005706	0.169998	11318500.0
2016-03-30	0.00999	0.011911	0.018827	0.0058909999999999995	0.779999	10696000.0
2016-03-29	0.020919999999999998	-0.011506	0.023012	-0.011899	1.599999	12535000.0
2016-03-28	0.008173	0.007776999999999999	0.013578	-0.012655	0.620002	6082100.0
2016-03-24	-0.009143	-0.018417	-0.0053549999999999995	-0.039577	-0.699997	8833400.0
2016-03-23	-0.020721	-0.000256	0.010232999999999999	-0.025966000000000003	-1.620002	10806800.0
2016-03-22	0.0008960000000000001	-0.014211000000000001	0.005633	-0.015388999999999998	0.069999	9148400.0
2016-03-21	0.024393	0.011016	0.044983999999999996	0.009049	1.8600009999999998	15493300.0
2016-03-18	0.026936	0.009696999999999999	0.027608999999999998	0.006195	2.0	13350100.0
2016-03-17	0.010204000000000001	0.0035369999999999998	0.011837	0.000136	0.75	9423900.0
2016-03-16	0.017583	-0.003046	0.019798	-0.005123	1.269997	7701200.0
2016-03-15	-0.015269	-0.009951999999999999	-0.006953	-0.021813	-1.119995	8373700.0
2016-03-14	-0.008918	0.0	0.00554	-0.015133	-0.660004	11069800.0
2016-03-11	0.028345	0.008476000000000001	0.028345	0.003474	2.0400009999999997	11219200.0
2016-03-10	-0.006351	0.0009660000000000001	0.00856	-0.025197	-0.459999	11247900.0
2016-03-09	0.019136	0.007317000000000001	0.021669	-0.005488	1.36	7283400.0
2016-03-08	-0.024968999999999998	-0.006722	-0.003293	-0.026477999999999998	-1.8199990000000001	8670700.0
2016-03-07	0.009276999999999999	-0.000277	0.02437	-0.003046	0.669998	11244500.0
2016-03-04	0.016897	-0.0008449999999999999	0.027316000000000003	-0.004224	1.200004	10763600.0
2016-03-03	-0.003228	0.000842	0.018807	-0.011087999999999999	-0.230003	11596400.0
2016-03-02	0.005504	0.016653	0.016653	-0.001552	0.389999	10503000.0
2016-03-01	0.029792000000000003	0.017585	0.044034	0.015259	2.050003	14007700.0
2016-02-29	0.028395999999999998	0.01091	0.05485	0.009714	1.899994	17984200.0
2016-02-26	0.00375	0.021452000000000002	0.032553	0.003	0.25	12084100.0
2016-02-25	-0.008478	-0.023204	-0.007586	-0.038227	-0.569999	14686100.0
2016-02-24	0.003882	-0.011946	0.010751	-0.02628	0.260002	10781500.0
2016-02-23	-0.027163999999999997	-0.004939	-0.0026149999999999997	-0.0345	-1.869995	12930600.0
2016-02-22	0.023187	0.015161	0.033442	0.010404	1.5599969999999999	13405400.0
2016-02-19	0.011425	0.004209	0.018491	-0.006464	0.7600020000000001	12334900.0
2016-02-18	0.002109	0.009340000000000001	0.031937	-0.0022600000000000003	0.14	14547800.0
2016-02-17	0.001358	0.015236000000000001	0.016594	-0.009202	0.089996	14457100.0
2016-02-16	0.088685	0.057973000000000004	0.098538	0.051733	5.400002	21735400.0
2016-02-12	0.0052829999999999995	0.011557	0.036487	-0.004788000000000001	0.319999	13669600.0
2016-02-11	-0.019586000000000003	-0.024765000000000002	-0.002428	-0.031239999999999997	-1.209999	15008500.0
2016-02-10	0.006353	0.008308	0.027692	-0.00847	0.39	8998600.0
2016-02-09	0.004746	-0.016203	0.018331	-0.030277999999999996	0.290001	12738300.0
2016-02-08	-0.024585	-0.027777999999999997	-0.009419	-0.034962	-1.540001	16157900.0
2016-02-05	-0.034227999999999995	-0.002313	0.0	-0.041319999999999996	-2.220002	12842800.0
2016-02-04	0.022383	0.014029	0.03594	-0.005359	1.420002	22911500.0
2016-02-03	-0.025349	0.007835	0.009833	-0.064833	-1.6499970000000002	31918600.0
2016-02-02	-0.028942000000000002	0.000298	0.010592	-0.035357	-1.940003	19150800.0
2016-02-01	0.0	-0.007906999999999999	0.009995	-0.025063	0.0	16213800.0
2016-01-29	0.001644	0.01584	0.030036	-0.022713999999999998	0.110001	25594700.0
2016-01-28	-0.037676	0.043283999999999996	0.051913	-0.041270999999999995	-2.620003	33165100.0
2016-01-27	-0.003296	0.002723	0.023649	-0.014691	-0.229996	18257600.0
2016-01-26	0.000717	-0.010184	0.006741	-0.012048	0.049996	11473300.0
2016-01-25	-0.009237	0.006111	0.006111	-0.019184	-0.6500020000000001	14782800.0
2016-01-22	-0.004949	0.025311	0.037047000000000004	-0.011736	-0.349998	15834700.0
2016-01-21	0.029252999999999998	0.001019	0.042789	-0.022791	2.010002	16576500.0
2016-01-20	-0.020248	-0.030016	-0.014516	-0.068302	-1.4199979999999999	19464400.0
2016-01-19	0.0077599999999999995	0.033769	0.039086	0.0031609999999999997	0.5400010000000001	17421700.0
2016-01-15	-0.036817	-0.049135000000000005	-0.017301	-0.065176	-2.6600040000000003	20610400.0
2016-01-14	0.027884	0.0	0.034571	-0.028738	1.9599990000000003	17719600.0
2016-01-13	-0.032884	0.0012380000000000002	0.007691	-0.033847	-2.389999	12480200.0
2016-01-12	0.039474	0.021882	0.040761	0.015446000000000001	2.760002	13456000.0
2016-01-11	-0.012429	0.006920999999999999	0.013136000000000002	-0.025141	-0.8800049999999999	16961400.0
2016-01-08	-0.026402999999999996	0.02214	0.026677999999999997	-0.028189999999999996	-1.9199979999999999	20814600.0
2016-01-07	-0.059614999999999994	-0.052244000000000006	-0.023665000000000002	-0.074874	-4.6100010000000005	27288100.0
2016-01-06	-0.016533000000000003	-0.019204	-0.0018440000000000002	-0.021111	-1.299995	11569300.0
2016-01-05	0.025297	0.016038999999999998	0.025949	0.0074329999999999995	1.9399950000000001	14258900.0
2016-01-04	-0.056354999999999995	-0.038021	-0.036422	-0.074935	-4.579994999999999	23066300.0
2015-12-31	-0.00502	-0.002449	0.005999	-0.0052640000000000004	-0.41000299999999995	6691200.0
2015-12-30	-0.018977	-0.0037229999999999997	-0.001802	-0.021138999999999998	-1.5800020000000001	6984300.0
2015-12-29	0.013635	0.004383	0.016679	0.0032869999999999996	1.120003	6942700.0
2015-12-28	-0.018755	-0.013738	-0.011468	-0.026162	-1.57	9319400.0
2015-12-24	-0.012853999999999999	-0.00283	0.0	-0.016391	-1.0900040000000002	3775300.0
2015-12-23	-0.000471	0.002475	0.002947	-0.013201	-0.039993	11238500.0
2015-12-22	0.023772	0.000241	0.026910000000000003	0.000241	1.969993	12778200.0
2015-12-21	0.0026620000000000003	0.00605	0.013066999999999999	-0.0026620000000000003	0.22000100000000003	8094600.0
2015-12-18	-0.01089	-0.004308	0.002274	-0.01831	-0.9099959999999999	12168700.0
2015-12-17	-0.012643000000000001	0.004372	0.008153	-0.021033	-1.069999	13003000.0
2015-12-16	0.025943	0.009819	0.031034	0.006122	2.139999	16575600.0
2015-12-15	0.02383	0.006082	0.035001	0.004096	1.9199979999999999	13054800.0
2015-12-14	0.010409	0.005142	0.012792	-0.009406	0.830002	12077700.0
2015-12-11	-0.054429	-0.01755	-0.015178	-0.0582	-4.590004	20793600.0
2015-12-10	0.010909	-0.000959	0.011029	-0.006833	0.910004	10417500.0
2015-12-09	-0.011377	-0.000118	0.009718000000000001	-0.01671	-0.9599989999999999	21919200.0
2015-12-08	-0.004483	-0.023478	-0.001062	-0.025366	-0.38000500000000004	14667400.0
2015-12-07	-0.0010609999999999999	-0.000589	0.0033	-0.007661	-0.089996	11875500.0
2015-12-04	0.027364	-0.000121	0.02918	-0.002058	2.260002	15555000.0
2015-12-03	-0.028352999999999996	0.000588	0.001176	-0.034118	-2.4100040000000003	23029200.0
2015-12-02	0.011904999999999999	0.003214	0.021667	0.0029760000000000003	1.0	36611500.0
2015-12-01	-0.000951	-0.0036869999999999997	0.0036869999999999997	-0.0068980000000000005	-0.080002	26235500.0
2015-11-30	0.033178	0.001475	0.03797	0.0	2.700005	97914100.0
2015-11-27	-0.004039	-0.013952	-0.0036710000000000002	-0.0298	-0.330002	12599900.0
2015-11-25	0.010512	0.000618	0.022446	-0.000495	0.8499979999999999	16330900.0
2015-11-24	-0.005534000000000001	-0.005657	-0.00246	-0.025089	-0.44999700000000004	15283600.0
2015-11-23	0.017011000000000002	0.006254	0.028018	0.00025	1.360001	18766400.0
2015-11-20	0.026711000000000002	0.00732	0.037433999999999995	0.006806	2.0799939999999997	21025800.0
2015-11-19	0.002317	0.004762	0.018793	-0.003694	0.180001	15692700.0
2015-11-18	-0.005632	0.001536	0.002304	-0.025342	-0.43999499999999997	16735400.0
2015-11-17	-0.002171	0.007663	0.010728	-0.0106	-0.170006	12471400.0
2015-11-16	0.032300999999999996	-0.000264	0.038232999999999996	-0.0010550000000000002	2.450005	17045500.0
2015-11-13	-0.036948	-0.020442	-0.00965	-0.039613999999999996	-2.9100040000000003	24235500.0
2015-11-12	-0.013651	-0.01077	0.008140000000000001	-0.017533	-1.089996	18839800.0
2015-11-11	-0.019403	0.010438	0.013016999999999999	-0.040648000000000004	-1.5800020000000001	29636600.0
2015-11-10	0.000614	-0.0034409999999999996	0.012902	-0.021627	0.050003	22004400.0
2015-11-09	-0.026670999999999997	-0.0020329999999999997	-0.001674	-0.040545	-2.230004	19091500.0
2015-11-06	-0.020731	0.001757	0.011361	-0.05399400000000001	-1.769996	38531000.0
2015-11-05	-0.000234	-0.0021079999999999996	0.011944	-0.014052	-0.020005000000000002	20657200.0
2015-11-04	0.02349	0.012104	0.025887	0.007070999999999999	1.96	23728500.0
2015-11-03	-0.010787999999999999	-0.004149	0.002845	-0.014464	-0.9099959999999999	11641300.0
2015-11-02	0.006203	-0.003698	0.011929	-0.012883000000000002	0.519996	13827400.0
2015-10-30	0.019582	0.005838	0.027001	0.004622	1.610001	20740500.0
2015-10-29	-0.0015789999999999999	-0.004614	0.002186	-0.018579	-0.129997	16431700.0
2015-10-28	0.036631	0.000504	0.039086	-0.0030210000000000002	2.909996	25027100.0
2015-10-27	0.040472	0.0	0.084348	0.0	3.090004	50815800.0
2015-10-26	0.009653	-0.00238	0.023803	-0.00648	0.729995	24819700.0
2015-10-23	0.065221	0.042119	0.06719299999999999	0.026060000000000003	4.630005000000001	22510800.0
2015-10-22	0.021733000000000002	0.009787	0.030944	0.008492	1.509995	10811400.0
2015-10-21	-0.032177	0.0	0.0	-0.040396	-2.3099979999999998	16800200.0
2015-10-20	-0.011838	0.00468	0.004818	-0.015141	-0.860001	10813700.0
2015-10-19	0.009168	-0.002639	0.01403	-0.006501000000000001	0.660004	10886900.0
2015-10-16	0.002926	0.010031	0.025913	-0.007941	0.209999	15953500.0
2015-10-15	0.047272	0.011672	0.056901	0.010505	3.239998	18203000.0
2015-10-14	-0.01636	-0.002583	0.00028700000000000004	-0.032362	-1.139999	12286100.0
2015-10-13	-0.008819	-0.011522	0.00028399999999999996	-0.027312	-0.620003	13052800.0
2015-10-12	0.023141	0.013535	0.025615	0.004221	1.5900040000000002	15549100.0
2015-10-09	0.014919	0.0	0.025849	-0.005761	1.010002	14762900.0
2015-10-08	0.021424000000000002	-0.003621	0.032136	-0.004828	1.4199979999999999	18667500.0
2015-10-07	0.036920999999999995	0.014393000000000001	0.042866	0.007195999999999999	2.360001	15770100.0
2015-10-06	-0.000156	-0.003285	0.012514	-0.010167	-0.010001999999999999	9620900.0
2015-10-05	0.011551	0.004272	0.024921000000000002	-0.015823	0.729999	13583500.0
2015-10-02	0.07355199999999999	-0.008662999999999999	0.07423099999999999	-0.011381	4.3300019999999995	22356300.0
2015-10-01	-0.001696	0.008988	0.014584	-0.012549	-0.100002	8147700.0
2015-09-30	0.019888999999999997	0.01816	0.039087000000000004	0.009165999999999999	1.150001	16767100.0
2015-09-29	0.0074930000000000005	-0.001568	0.021955000000000002	-0.003311	0.430001	16771000.0
2015-09-28	-0.031229000000000003	-0.007259000000000001	0.014855000000000002	-0.032494999999999996	-1.8500029999999998	20661600.0
2015-09-25	-0.011348	0.011849	0.015354	-0.016689	-0.679996	17009100.0
2015-09-24	-0.001333	-0.009667	0.005667	-0.029833	-0.080002	20645700.0
2015-09-23	-0.030695	0.0009689999999999999	0.006462000000000001	-0.035864	-1.900002	22684600.0
2015-09-22	-0.031299	-0.015024000000000001	-0.009859	-0.036307	-2.0	14897900.0
2015-09-21	-0.028137	-0.005627	0.009886	-0.042433	-1.849998	22355100.0
2015-09-18	-0.003788	-0.009091	-0.003788	-0.030151	-0.25	20127300.0
2015-09-17	-0.018295	-0.012197	-0.008627	-0.024245	-1.230003	16594600.0
2015-09-16	0.0367	0.011719	0.049807	0.0063219999999999995	2.380005	25801000.0
2015-09-15	0.035942	-0.018371000000000002	0.04409	-0.023802	2.25	29035000.0
2015-09-14	-0.03141	-0.032182999999999996	-0.021197999999999998	-0.048739	-2.029999	26763300.0
2015-09-11	0.012532999999999999	-0.007206999999999999	0.015040000000000001	-0.017703	0.799995	17747000.0
2015-09-10	-0.003279	-0.00812	0.003279	-0.010931	-0.209999	13281600.0
2015-09-09	0.051387	0.02988	0.06172999999999999	0.026597000000000003	3.130001	33147900.0
2015-09-08	-0.046941000000000004	0.02926	0.045376	-0.05726799999999999	-3.0	50328400.0
2015-09-04	-0.038514	-0.016022	-0.01354	-0.047089	-2.5600009999999997	18186400.0
2015-09-03	0.014190000000000001	0.004287	0.020597999999999998	-0.001983	0.93	15803200.0
2015-09-02	0.010952	0.013265	0.018047	0.002175	0.7099989999999999	13376300.0
2015-09-01	-0.01951	-0.026316000000000003	0.010889	-0.031307	-1.290001	23460900.0
2015-08-31	-0.056372000000000005	-0.012702	-0.010989	-0.057799	-3.949997	18479900.0
2015-08-28	-0.01087	-0.016375	-0.004799	-0.025338999999999997	-0.769996	10604600.0
2015-08-27	0.031751	0.031751	0.042674000000000004	0.019808000000000003	2.179992	18123800.0
2015-08-26	0.0013130000000000001	0.005542	0.012834	-0.041125999999999996	0.090004	26389200.0
2015-08-25	0.042097	0.0462	0.068845	0.025684	2.769997	29948400.0
2015-08-24	-0.034908	-0.146964	-0.034908	-0.149311	-2.379997	31376400.0
2015-08-21	-0.030432	-0.014221000000000001	0.004835	-0.030432	-2.14	29128600.0
2015-08-20	-0.038293	-0.015590999999999999	-0.00465	-0.042259	-2.800003	20995600.0
2015-08-19	-0.010287000000000001	-0.009881000000000001	-0.004331000000000001	-0.014483000000000001	-0.759994	18045900.0
2015-08-18	-0.017422999999999998	-0.015162	-0.000798	-0.019417	-1.3100049999999999	11155100.0
2015-08-17	0.005752	0.001204	0.00642	-0.008026	0.43	12677400.0
2015-08-14	-0.00466	-0.007722	0.005059	-0.008654	-0.349999	12367300.0
2015-08-13	0.023576	0.008449	0.045653	0.0038159999999999995	1.730004	23230700.0
2015-08-12	-0.051202	-0.06490800000000001	-0.045125	-0.081588	-3.959999	41093200.0
2015-08-11	-0.038897	-0.01229	-0.005841	-0.053685000000000004	-3.130005	22976600.0
2015-08-10	0.020934	0.013194999999999998	0.027531	0.008627	1.6500009999999998	11276700.0
2015-08-07	-0.001773	0.008739	0.015704	-0.0037990000000000003	-0.139999	8738800.0
2015-08-06	-0.010773999999999999	0.000376	0.011651	-0.014783000000000001	-0.860001	9297800.0
2015-08-05	0.012045	0.009129	0.019653	0.007734	0.949997	7502600.0
2015-08-04	0.011284	0.001026	0.017488999999999998	-0.002436	0.8800049999999999	8501200.0
2015-08-03	-0.004468	-0.0017870000000000002	0.002042	-0.015701	-0.349998	9277000.0
2015-07-31	-0.02026	-0.001376	-0.000688	-0.022011000000000003	-1.620003	12687000.0
2015-07-30	-0.0037380000000000004	-0.0018690000000000002	0.0047350000000000005	-0.010092	-0.300003	6934700.0
2015-07-29	-0.0037240000000000003	0.005214	0.010042	-0.006827	-0.299996	7177100.0
2015-07-28	-0.010319	-0.008968	-0.007370999999999999	-0.026413	-0.8400040000000001	12122800.0
2015-07-27	-0.019513	-0.026137999999999998	-0.0159	-0.040231	-1.619995	12185700.0
2015-07-24	-0.010253	0.015378999999999999	0.017883	-0.014663999999999998	-0.86	8759900.0
2015-07-23	-0.0032090000000000005	0.0060609999999999995	0.009744	-0.010695	-0.270005	7452300.0
2015-07-22	0.019506	-0.004604	0.026775	-0.006542	1.610001	11209200.0
2015-07-21	-0.001572	0.0053219999999999995	0.007016	-0.005443	-0.129997	5750700.0
2015-07-20	-0.008277	0.0023989999999999997	0.003839	-0.015715	-0.6900029999999999	8126100.0
2015-07-17	0.022446	0.005642	0.026616	0.0006129999999999999	1.8300020000000001	14505400.0
2015-07-16	0.009909999999999999	0.008175	0.015731000000000002	0.002106	0.799996	8604500.0
2015-07-15	-0.009448	-0.0073620000000000005	0.0	-0.015828000000000002	-0.769997	9514200.0
2015-07-14	-0.004398	-0.0034200000000000003	0.001955	-0.008918	-0.360001	7519300.0
2015-07-13	0.019427	0.0077209999999999996	0.023661	0.004981	1.559998	10350500.0
2015-07-10	0.015941	0.026442	0.027327999999999998	0.010121	1.260002	11224500.0
2015-07-09	0.014112999999999999	0.038363	0.041699	0.014112999999999999	1.099999	19737400.0
2015-07-08	-0.0211	-0.038181	-0.010425	-0.042703	-1.6800009999999999	22714900.0
2015-07-07	-0.007603	-0.009722	-0.005484	-0.050106	-0.61	34221700.0
2015-07-06	-0.02242	-0.018399000000000002	-0.006945000000000001	-0.02376	-1.839997	11864200.0
2015-07-02	-0.00473	-0.004123	-0.001698	-0.008246	-0.389999	6760200.0
2015-07-01	0.002309	0.004011	0.008873	-0.003403	0.190002	5950000.0
2015-06-30	0.014802000000000001	0.018626	0.032318	0.010978	1.199997	12551400.0
2015-06-29	-0.026537	0.0	0.0	-0.029779000000000003	-2.2099990000000003	15199800.0
2015-06-26	-0.022994	-0.007156	-0.006922	-0.02839	-1.9599990000000003	12668600.0
2015-06-25	0.000822	0.003522	0.0050490000000000005	-0.00317	0.07	8949800.0
2015-06-24	0.001058	0.000976	0.008579999999999999	-0.002703	0.089996	9434300.0
2015-06-23	-0.0070030000000000005	0.0035009999999999998	0.007703	-0.009921	-0.5999979999999999	11411300.0
2015-06-22	-0.0007	0.003849	0.007698	-0.001866	-0.059998	7154200.0
2015-06-19	-0.011643	-0.0027670000000000004	-0.0017289999999999999	-0.018213	-1.010002	10317000.0
2015-06-18	-0.000576	0.001959	0.009101	-0.005529999999999999	-0.050003	11737200.0
2015-06-17	0.008246999999999999	0.005692	0.019863	0.004529999999999999	0.7100069999999999	10241500.0
2015-06-16	-0.000348	-0.001359	0.006735	-0.005922	-0.030007	10974200.0
2015-06-15	-0.005887	-0.0038090000000000003	0.006233	-0.006695	-0.509994	10230400.0
2015-06-12	-0.006651000000000001	0.002408	0.006651000000000001	-0.008371	-0.580002	9977100.0
2015-06-11	-0.01901	0.001462	0.006523999999999999	-0.020248	-1.690003	13716200.0
2015-06-10	0.015072	0.00137	0.0161	-0.004339	1.32	12551300.0
2015-06-09	-0.008042	-0.002832	-0.0012460000000000001	-0.024578	-0.7099989999999999	16081800.0
2015-06-08	-0.026677999999999997	-0.000661	0.009811	-0.027197000000000002	-2.419998	15603000.0
2015-06-05	0.001325	-0.0014349999999999999	0.011149	-0.0014349999999999999	0.120003	11353900.0
2015-06-04	-0.002203	-0.0008810000000000001	0.006829000000000001	-0.0057280000000000005	-0.200005	8689000.0
2015-06-03	0.003094	0.0	0.005856	-0.00674	0.279999	9390800.0
2015-06-02	-0.0029739999999999996	-0.002534	0.008372	-0.006499	-0.269997	9865300.0
2015-06-01	0.016346	0.008621	0.018697	0.0019030000000000002	1.459999	9905900.0
2015-05-29	-0.017922	0.004398	0.006047	-0.017922	-1.629997	13893200.0
2015-05-28	-0.017819	-0.009826999999999999	-0.007234999999999999	-0.021814	-1.6500009999999998	14213000.0
2015-05-27	0.000865	-0.003242	0.0050799999999999994	-0.009944	0.080001	9519300.0
2015-05-26	-0.008041	0.004074	0.0069689999999999995	-0.018441	-0.75	15674900.0
2015-05-22	-0.006498	0.004261	0.012569	-0.00735	-0.61	22183300.0
2015-05-21	0.035061	0.007166	0.044873	0.002426	3.18	40729400.0
2015-05-20	0.028227999999999996	-0.000794	0.029362	-0.010316	2.489998	29812300.0
2015-05-19	0.012628	-0.0013779999999999999	0.019400999999999998	-0.007347	1.099998	20727700.0
2015-05-18	-0.015261000000000002	-0.009609	-0.005991	-0.020913	-1.349998	13490200.0
2015-05-15	0.000679	0.0012439999999999999	0.006335	-0.003959000000000001	0.059997	13424600.0
2015-05-14	0.009939	0.0023989999999999997	0.010853	0.0	0.8700030000000001	12087900.0
2015-05-13	0.008759000000000001	0.003573	0.019592	0.002651	0.7600020000000001	19015900.0
2015-05-12	0.0005769999999999999	0.003805	0.008994	-0.0066879999999999995	0.049996	16077800.0
2015-05-11	-0.0039049999999999996	-0.004135	0.007006999999999999	-0.011486	-0.339997	19776900.0
2015-05-08	0.012326	0.021163	0.026395	0.010348999999999999	1.059998	30140600.0
2015-05-07	0.075	0.110375	0.116125	0.061375	6.0	69448800.0
2015-05-06	0.005783	0.0013830000000000001	0.01647	-0.000377	0.459999	24953500.0
2015-05-05	-0.013028999999999999	-0.001861	0.0038469999999999997	-0.034992	-1.049995	32661900.0
2015-05-04	-0.007146	0.0	0.004804999999999999	-0.012936000000000001	-0.580002	21551500.0
2015-05-01	-0.0014759999999999999	-0.003198	0.01181	-0.014516	-0.120003	17910500.0
2015-04-30	-0.014069	-0.00279	0.002426	-0.024378	-1.1599959999999998	14209700.0
2015-04-29	-0.030912000000000002	-0.011989	-0.007992	-0.040433	-2.630005	21098000.0
2015-04-28	0.00212	0.0075379999999999996	0.007892	-0.012721	0.18	11110500.0
2015-04-27	0.0039020000000000005	0.011352	0.020102000000000002	0.0009460000000000001	0.330002	17434200.0
2015-04-24	0.027832	0.007292	0.032936	0.00632	2.2900009999999997	21058400.0
2015-04-23	0.002803	-0.002072	0.008531	-0.005241	0.229996	11483300.0
2015-04-22	-0.004489	0.004368	0.005096	-0.010920000000000001	-0.36999499999999996	13316900.0
2015-04-21	0.002676	0.008029000000000001	0.008759000000000001	-0.00073	0.22000100000000003	10056000.0
2015-04-20	0.0036630000000000005	0.004273	0.009646	-0.00464	0.29999499999999996	13471000.0
2015-04-17	-0.025695999999999997	-0.011658	-0.009636	-0.029146	-2.159996	22791800.0
2015-04-16	-0.007204	0.0056689999999999996	0.008622	-0.009212	-0.61	12048600.0
2015-04-15	-0.003882	0.000941	0.004235	-0.009882	-0.330002	12225800.0
2015-04-14	0.008543	0.0041530000000000004	0.010085	-0.008898999999999999	0.720001	11819000.0
2015-04-13	-0.003547	0.006856999999999999	0.013359999999999999	-0.008986	-0.300003	15797100.0
2015-04-10	-0.01811	0.006268999999999999	0.006385	-0.023102	-1.5599969999999999	18300300.0
2015-04-09	0.008783	0.019206	0.026935	-0.002225	0.75	27800400.0
2015-04-08	0.038681	0.013259	0.040506	0.010412000000000001	3.18	26161500.0
2015-04-07	0.004767	0.001467	0.013811000000000002	0.000733	0.389999	9443000.0
2015-04-06	-0.005591	-0.0027949999999999997	0.003768	-0.008094	-0.459999	12810500.0
2015-04-02	-0.0009710000000000001	0.006314	0.007770999999999999	-0.013477000000000001	-0.080002	19868200.0
2015-04-01	-0.010572	0.001562	0.005765999999999999	-0.012734	-0.8799969999999999	14896400.0
2015-03-31	-0.007867	-0.0030989999999999998	0.006555	-0.008343000000000001	-0.660004	11812900.0
2015-03-30	-0.00804	0.00532	0.006739	-0.009812999999999999	-0.68	10020500.0
2015-03-27	0.004871	0.007247	0.011643	-0.009861	0.410004	9703800.0
2015-03-26	0.0050149999999999995	-0.006567	0.014865999999999999	-0.009433	0.419998	12208000.0
2015-03-25	0.0014349999999999999	0.0037070000000000002	0.010164	-0.011479000000000001	0.120003	13507200.0
2015-03-24	-0.007359	0.001187	0.002967	-0.022077	-0.620003	14545100.0
2015-03-23	-0.01115	0.000587	0.0038729999999999997	-0.01162	-0.949997	11184000.0
2015-03-20	-0.006298	0.006881	0.012362999999999999	-0.007581	-0.5400010000000001	21181500.0
2015-03-19	0.013595	0.006147	0.028963	0.004847	1.150002	30454700.0
2015-03-18	0.001065	-0.007456	0.017159999999999998	-0.014200999999999998	0.089996	35663000.0
2015-03-17	0.005952000000000001	0.00011899999999999999	0.013094999999999999	-0.005833	0.5	17639000.0
2015-03-16	0.026142000000000002	0.001832	0.040801	0.000977	2.139999	16905700.0
2015-03-13	-0.000732	-0.001465	0.0	-0.014038	-0.059997	12663300.0
2015-03-12	-0.0008539999999999999	0.001342	0.011099	-0.00561	-0.07	11232000.0
2015-03-11	-0.011812000000000001	0.000362	0.004941	-0.021454	-0.9800030000000001	12768700.0
2015-03-10	0.005331	-0.017447999999999998	0.0075120000000000004	-0.02278	0.44000200000000006	13817000.0
2015-03-09	-0.022156	-0.000592	-0.000592	-0.034597	-1.8700029999999999	17616500.0
2015-03-06	-0.019744	-0.004181	-0.001161	-0.023809	-1.6999959999999998	10673700.0
2015-03-05	0.007135	0.003041	0.009124	-0.017312	0.61	18514800.0
2015-03-04	0.047928	-0.016058000000000003	0.052047	-0.017284	3.909996	36607200.0
2015-03-03	-0.028810000000000002	-0.0125	-0.008929000000000001	-0.047262	-2.419998	39246100.0
2015-03-02	-0.013158000000000001	-0.00141	-0.001175	-0.016094999999999998	-1.120003	11213400.0
2015-02-27	-0.002928	0.006794	0.013938999999999998	-0.004334	-0.25	8377200.0
2015-02-26	-0.009514	0.00847	0.011254	-0.011486	-0.819999	8763300.0
2015-02-25	0.017712000000000002	-0.00366	0.025269	-0.003897	1.5	13645700.0
2015-02-24	-0.009126	0.0007019999999999999	0.0007019999999999999	-0.018603	-0.779999	15846400.0
2015-02-23	-0.013503999999999999	-0.0015	0.000462	-0.016043	-1.1699979999999999	9367900.0
2015-02-20	-0.002877	0.004143	0.004604	-0.00587	-0.25	7821700.0
2015-02-19	0.0017289999999999999	0.000807	0.013027	-0.000346	0.150001	7604100.0
2015-02-18	-0.001267	0.002879	0.006678	-0.00403	-0.11	7422300.0
2015-02-17	-0.024705	-0.003032	-0.000674	-0.026389999999999997	-2.200005	15191700.0
2015-02-13	0.022387999999999998	0.012629000000000001	0.025258000000000003	0.006314999999999999	1.950005	14665200.0
2015-02-12	0.012791	-0.004651	0.026744	-0.005233	1.099998	15177800.0
2015-02-11	-0.01444	0.003667	0.0050420000000000005	-0.016502	-1.260002	12391900.0
2015-02-10	0.014650999999999999	0.011744	0.017093	0.006046	1.260002	12043300.0
2015-02-09	0.003735	0.0017510000000000002	0.012487999999999999	-0.002451	0.32	12109500.0
2015-02-06	-0.015172	0.0012640000000000001	0.004598	-0.018161	-1.32	17632100.0
2015-02-05	-0.033333	-0.004667	-0.001778	-0.043332999999999997	-3.0	28926200.0
2015-02-04	-0.006731999999999999	0.004194	0.014015999999999999	-0.012471	-0.610001	14643600.0
2015-02-03	0.005326	0.016865	0.016865	-0.002552	0.480004	13512300.0
2015-02-02	0.011787	0.023013	0.028963	-0.0052759999999999994	1.049995	18865300.0
2015-01-30	-0.008128	-0.002338	0.024385	-0.018928999999999998	-0.729996	36806900.0
2015-01-29	-0.08776	-0.080447	-0.078314	-0.11264600000000001	-8.639999000000001	76561400.0
2015-01-28	-0.043618000000000004	-0.025646	-0.014086000000000001	-0.050029000000000004	-4.490005	42144700.0
2015-01-27	-0.010097	-0.010578	-0.004039	-0.032792	-1.049996	15659900.0
2015-01-26	0.008535	0.012511	0.019591	0.002134	0.8799969999999999	10664900.0
2015-01-23	-0.008558	0.000192	0.011538	-0.009423	-0.889999	9873800.0
2015-01-22	0.006874	0.012683	0.015781	-0.0018399999999999998	0.7099989999999999	11433000.0
2015-01-21	0.032487	0.007097	0.038185000000000004	0.002799	3.25	15186900.0
2015-01-20	0.032511	0.014553	0.034266000000000005	0.007225	3.150002	12105600.0
2015-01-16	0.006022	-0.002284	0.015471	-0.008203	0.580001	13327900.0
2015-01-15	-0.032838	0.000904	0.0056240000000000005	-0.03575	-3.270004	18260100.0
2015-01-14	-0.011809	-0.014786	-0.005855	-0.026893	-1.1899950000000001	17765700.0
2015-01-13	-0.008365000000000001	0.009545	0.012104	-0.015843	-0.8500059999999999	11294400.0
2015-01-12	-0.013590000000000001	0.0017469999999999999	0.0033	-0.017569	-1.399994	7997200.0
2015-01-09	-0.019137	0.001999	0.002571	-0.020375	-2.010002	10222200.0
2015-01-08	0.028395	0.008029000000000001	0.031431	0.005385	2.900002	12942100.0
2015-01-07	-0.011518	0.012292	0.013744	-0.012485	-1.1900030000000001	11052200.0
2015-01-06	0.022969999999999997	0.002475	0.028218	-0.008812	2.32	15720400.0
2015-01-05	-0.025097	-0.008108	-0.005598	-0.035713999999999996	-2.599998	18337000.0
2015-01-02	-0.003271	0.002886	0.007504	-0.013662	-0.340004	12303400.0
2014-12-31	-0.017116	0.006714	0.006809	-0.01948	-1.809998	10221600.0
2014-12-30	-0.00217	-0.003208	0.006887999999999999	-0.008020000000000001	-0.230003	10205700.0
2014-12-29	0.000283	0.0	0.01614	-0.002926	0.030006	8068600.0
2014-12-26	0.0	0.00037799999999999997	0.009344	-0.004247	0.0	6529100.0
2014-12-24	0.004075	0.001516	0.016016	0.000758	0.43	5870400.0
2014-12-23	-0.02988	-0.004321	-0.002758	-0.044957	-3.25	19096300.0
2014-12-22	-0.016991	-0.000181	0.002982	-0.01916	-1.880005	13041200.0
2014-12-19	0.012815	0.006224	0.012815	-0.011076	1.400002	14857800.0
2014-12-18	0.0021100000000000003	0.014309	0.019996	-0.006971	0.230003	22788100.0
2014-12-17	0.030726999999999997	0.012669	0.032333999999999995	0.004822	3.25	17311100.0
2014-12-16	0.01022	-0.009073999999999999	0.028462	-0.009551	1.07	21700600.0
2014-12-15	-0.003901	0.012178	0.025307	-0.013415	-0.410004	16521800.0
2014-12-12	0.001334	-0.002572	0.023625999999999998	-0.007534999999999999	0.14	14537600.0
2014-12-11	0.010493	0.005391	0.028494	0.003947	1.0900040000000002	15684300.0
2014-12-10	-0.033495	-0.003629	-0.00093	-0.036937	-3.6000059999999996	18466700.0
2014-12-09	0.022937	-0.026649000000000003	0.027410000000000004	-0.036833	2.4100029999999997	24866800.0
2014-12-08	-0.026227999999999998	-0.017887	-0.004634	-0.034198	-2.830002	19217300.0
2014-12-05	-0.011633	0.003939	0.010809000000000001	-0.012916	-1.269996	12148100.0
2014-12-04	-0.013286000000000001	-0.004881	-0.001265	-0.015636	-1.4700010000000001	10779300.0
2014-12-03	0.006825	0.004640999999999999	0.016288999999999998	-0.009937	0.75	16221100.0
2014-12-02	0.036795999999999995	0.012831	0.037834	0.00585	3.900001	18785000.0
2014-12-01	-0.050608999999999994	-0.014511000000000001	-0.014242	-0.069366	-5.6500010000000005	38464200.0
2014-11-28	-0.009142	0.004171	0.0049700000000000005	-0.013846	-1.0299989999999999	8077800.0
2014-11-26	-0.00705	-0.001234	0.002379	-0.010047	-0.800003	11794700.0
2014-11-25	-0.00395	0.008954	0.010973	-0.013956999999999999	-0.44999700000000004	23485000.0
2014-11-24	0.028808999999999998	0.011469	0.028899	0.007405	3.189995	20646000.0
2014-11-21	0.008286	0.030869	0.033509	0.0056	0.9100030000000001	27432000.0
2014-11-20	0.009189	-0.009281000000000001	0.033266000000000004	-0.014336000000000002	1.0	36489000.0
2014-11-19	-0.017959	-0.008844	-0.001173	-0.032398	-1.989998	46841000.0
2014-11-18	-0.030108999999999997	0.0007	0.0011380000000000001	-0.03361	-3.440002	41098000.0
2014-11-17	-0.007384999999999999	0.002954	0.004605	-0.017116	-0.8499979999999999	22573000.0
2014-11-14	0.002264	0.001916	0.004789	-0.012975	0.260002	29849000.0
2014-11-13	-0.028426	0.009306	0.015228	-0.03088	-3.360001	62163000.0
2014-11-12	0.031954	0.004453	0.039549	-0.00454	3.659996	53908000.0
2014-11-11	-0.038691	-0.015946000000000002	-0.013428	-0.045825	-4.6100010000000005	70983600.0
2014-11-10	0.040066000000000004	0.023656	0.042685	0.005587	4.590004	75971000.0
2014-11-07	0.026799	0.012190000000000001	0.028682	0.0016129999999999999	2.989998	51457000.0
2014-11-06	0.026686	0.005797	0.027882999999999998	-0.013434999999999999	2.900002	33609000.0
2014-11-05	0.024512	0.022721	0.038370999999999995	0.003865	2.599998	48344000.0
2014-11-04	0.041944999999999996	-0.013507	0.044784	-0.022494999999999998	4.269997	67814000.0
2014-11-03	0.032454000000000004	0.010851999999999999	0.042595999999999995	0.004564	3.200005	40883700.0
2014-10-31	-0.001317	0.013876	0.015092	-0.006016	-0.13000499999999998	18128300.0
2014-10-30	0.004272	0.0017289999999999999	0.011493999999999999	-0.010274	0.420005	15484600.0
2014-10-29	-0.013744	0.002006	0.00321	-0.028692000000000002	-1.370002	28655400.0
2014-10-28	0.019327	0.020963	0.029450999999999998	0.008385	1.8899990000000002	32127600.0
2014-10-27	0.021199000000000003	0.012949	0.032268	0.005639	2.029999	28302400.0
2014-10-24	0.013869999999999999	0.006564	0.037586	0.0034939999999999997	1.3100049999999999	32132600.0
2014-10-23	0.030775999999999998	0.014078	0.033504	0.012987	2.82	20641000.0
2014-10-22	0.008031	0.014851	0.028602999999999996	0.00121	0.729995	20364500.0
2014-10-21	0.029912	0.009517	0.04804	0.002719	2.64	23243800.0
2014-10-20	0.003981	0.001024	0.018087	-0.0005690000000000001	0.349998	9891400.0
2014-10-17	-0.010579999999999999	0.017445	0.023073	-0.013281	-0.939994	17360700.0
2014-10-16	0.037967	-0.007243	0.041763999999999996	-0.018516	3.25	15232000.0
2014-10-15	0.007652	-0.010712000000000001	0.018128000000000002	-0.025190999999999998	0.650001	16824300.0
2014-10-14	-0.001997	0.008106	0.008929000000000001	-0.022321	-0.170006	15559200.0
2014-10-13	-0.008849	0.011295	0.011761	-0.011178	-0.759994	14845000.0
2014-10-10	-0.032774	-0.006082	-0.000563	-0.039982	-2.9100040000000003	15431400.0
2014-10-09	0.005549	0.002378	0.023216	-0.0033979999999999995	0.48999799999999993	21507000.0
2014-10-08	0.007186	0.003764	0.009467	-0.006958	0.630005	10252600.0
2014-10-07	-0.007247	-0.004077	0.01574	-0.014155000000000001	-0.64	12791700.0
2014-10-06	0.002384	0.011918000000000002	0.017594	-0.000454	0.21	9268400.0
2014-10-03	0.011946	0.011946	0.033081	0.006776999999999999	1.04	18485700.0
2014-10-02	0.01115	0.001974	0.024390000000000002	-0.005679	0.96	21469700.0
2014-10-01	-0.030951	-0.0016879999999999998	0.001013	-0.031626	-2.75	24029600.0
2014-09-30	0.001127	0.002817	0.024	-0.003268	0.099998	24419400.0
2014-09-29	-0.018903	-0.009285999999999999	-0.008402	-0.026973	-1.7099990000000003	25302000.0
2014-09-26	0.017319	0.009109	0.017319	-0.002924	1.540001	18340000.0
2014-09-25	-0.018218	0.005741	0.010268000000000001	-0.022855	-1.650002	28598000.0
2014-09-24	0.039004000000000004	0.014913	0.039004000000000004	0.0005740000000000001	3.4000019999999997	32088000.0
2014-09-23	-0.030258999999999998	-0.010568000000000001	0.006564	-0.036378	-2.720001	39009800.0
2014-09-22	-0.042602999999999995	-0.012674	-0.010012	-0.046757	-4.0	66657800.0
