2017-09-01	0.016260	0.010753	0.017834	0.004721	0.619999	1512300.000000
2016-09-01	0.014347	0.024174	0.040070999999999996	0.019007	0.360985	2496100.0
2016-08-31	-0.037327	0.0016309999999999999	0.004309	-0.015203999999999999	-0.9756379999999999	2437300.0
2016-08-30	-0.027308999999999996	0.026006	0.033448	0.004793	-0.7338180000000001	2126000.0
2016-08-29	0.0028829999999999997	0.028963	0.043146	0.021499	0.07724400000000001	1996500.0
2016-08-26	-0.004306	0.049059	0.073586	0.027134	-0.11586600000000001	2984600.0
2016-08-25	0.007592	0.033809	0.043919	0.031188	0.202767	1721700.0
2016-08-24	-0.023305000000000003	0.035681	0.038607	0.011179000000000001	-0.637262	1677400.0
2016-08-23	0.032823000000000005	0.066276	0.083651	0.065898	0.868993	2467500.0
2016-08-22	-0.008318	0.016204	0.027816000000000004	0.010211	-0.22207600000000002	1276100.0
2016-08-19	-0.025379	0.008302	0.015603	0.002461	-0.695194	1356100.0
2016-08-18	0.020137000000000002	0.055047000000000006	0.060633000000000006	0.047599	0.540708	1524600.0
2016-08-17	0.014962999999999999	0.037571	0.051179	0.026232	0.395872	2186300.0
2016-08-16	0.014438999999999999	0.072109	0.072492	0.050636	0.376564	1992100.0
2016-08-15	0.006334	0.035296	0.048029	0.035296	0.164143	1405000.0
2016-08-12	-0.021866	0.025868000000000002	0.029265	0.009637999999999999	-0.579329	1172600.0
2016-08-11	0.016673	0.039519	0.057553999999999994	0.034914	0.43449799999999994	1293100.0
2016-08-10	-0.008814	0.049374	0.051276	0.024271	-0.231731	1640900.0
2016-08-09	-0.005115	0.029249	0.040222	0.027357	-0.135178	1863800.0
2016-08-08	0.018229	0.050323	0.064964	0.050323	0.47312	1587900.0
2016-08-05	0.025954	0.048331	0.062562	0.038844	0.656572	2451100.0
2016-08-04	0.012365000000000001	0.034481	0.051689	0.028877999999999997	0.308975	2731000.0
2016-08-03	0.022925	0.038138	0.060243	0.030769	0.5600189999999999	2256900.0
2016-08-02	-0.002759	0.039355	0.043438	0.018127	-0.067591	2290800.0
2016-08-01	-0.0074329999999999995	0.040139	0.045811000000000004	0.026767000000000003	-0.183452	2918800.0
2016-07-29	0.00196	0.019036	0.039741000000000005	0.011322	0.048277	3783000.0
2016-07-28	-0.007779	0.032458999999999995	0.035279000000000005	0.019971	-0.19311	1898700.0
2016-07-27	0.013402	0.049969	0.063033	0.034048	0.328285	2620100.0
2016-07-26	0.045754	0.053185	0.085203	0.050196	1.071759	2841900.0
2016-07-25	-0.0102	0.039062	0.039062	0.017512	-0.241387	1705200.0
2016-07-22	-0.014871	0.028189	0.03027	0.011538	-0.357252	1438500.0
2016-07-21	0.019672	0.054782000000000004	0.07430700000000001	0.051811	0.463463	1795800.0
2016-07-20	-0.015335	0.013112	0.027322000000000003	0.0014089999999999999	-0.36690900000000004	2554700.0
2016-07-19	-0.053837	-0.0010949999999999998	0.005627	-0.024031	-1.361424	2512300.0
2016-07-18	-0.007954000000000001	0.021951	0.028227999999999996	0.009789	-0.202762	1764400.0
2016-07-15	-0.01566	0.03182	0.037612	0.013669999999999998	-0.405531	1610700.0
2016-07-14	0.0056240000000000005	0.046943	0.051602999999999996	0.035293	0.144831	1882700.0
2016-07-13	-0.000375	0.066348	0.067125	0.024036000000000002	-0.009654000000000001	2327800.0
2016-07-12	0.030912000000000002	0.05329	0.072499	0.05329	0.772438	2250500.0
2016-07-11	0.018897999999999998	0.046691	0.06463200000000001	0.04506	0.463463	1819500.0
2016-07-08	0.050455	0.066092	0.087937	0.066092	1.177967	3171300.0
2016-07-07	-0.028526	0.053158000000000004	0.057735	-0.0005200000000000001	-0.685539	3041700.0
2016-07-06	0.019663999999999997	0.021256	0.056047	0.017013	0.463463	2766400.0
2016-07-05	-0.034032	0.024616	0.029944	-0.003664	-0.83037	2812800.0
2016-07-01	-0.004334	0.016094	0.034865	0.013646	-0.106209	2706900.0
2016-06-30	0.040164	0.067091	0.077278	0.051811	0.9462360000000001	5010100.0
2016-06-29	0.021776	0.069077	0.075148	0.056499	0.502085	3746200.0
2016-06-28	0.051519	0.091775	0.103176	0.074901	1.129692	3143400.0
2016-06-27	-0.043789999999999996	-0.006182	0.005592	-0.023625	-1.0041719999999998	4601800.0
2016-06-24	-0.08934	-0.071937	-0.036197	-0.07233400000000001	-2.249725	3718800.0
2016-06-23	0.044453	0.065545	0.08421000000000001	0.050613	1.071758	2169600.0
2016-06-22	-0.0035909999999999996	0.052626	0.054278999999999994	0.031549	-0.0869	3611500.0
2016-06-21	0.003604	0.036926	0.046051	0.022824	0.0869	3169700.0
2016-06-20	0.031818	0.06777899999999999	0.084898	0.062215	0.743471	3265300.0
2016-06-17	0.039073000000000004	0.054803	0.084597	0.049912	0.878649	3827800.0
2016-06-16	-0.003423	0.011307	0.033908999999999995	-0.008634999999999999	-0.07724400000000001	3360100.0
2016-06-15	0.028609	0.050724	0.08673600000000001	0.050724	0.6276079999999999	4229000.0
2016-06-14	-0.033192	0.012764	0.024663	-0.012357	-0.75313	4139200.0
2016-06-13	0.0017050000000000001	0.029058999999999998	0.052016	0.026851999999999997	0.038624	3326700.0
2016-06-10	-0.056315	-0.005979	0.006936	-0.026808999999999996	-1.351769	5616500.0
2016-06-09	-0.06046900000000001	-0.00346	0.001628	-0.032033	-1.544874	5241700.0
2016-06-08	0.027174	0.067845	0.07829900000000001	0.059803999999999996	0.67588	2031400.0
2016-06-07	-0.014913999999999998	0.024196000000000002	0.036077	0.018650999999999997	-0.376562	1941600.0
2016-06-06	0.052737	0.06736900000000001	0.091968	0.064033	1.264866	2982000.0
2016-06-03	0.043698	0.064837	0.08224400000000001	0.055699	1.004171	2739000.0
2016-06-02	0.0016829999999999998	0.019553	0.04004	0.01781	0.03862	1972900.0
2016-06-01	-0.007519	0.007994	0.032221	0.000207	-0.173795	3077400.0
2016-05-31	-0.026434	0.017571	0.047053	0.004935	-0.6276079999999999	3380200.0
2016-05-27	-0.017579	0.03775	0.039819	0.010855	-0.42484099999999997	2571800.0
2016-05-26	-0.004771	0.06327200000000001	0.065331	0.028681	-0.11586500000000001	4084800.0
2016-05-25	0.044869	0.055474	0.086024	0.052462	1.042793	2843600.0
2016-05-24	0.012620999999999999	0.050496	0.058338	0.038296	0.289663	2284100.0
2016-05-23	-0.0008410000000000001	0.016526	0.043953	0.012173	-0.019312	2455700.0
2016-05-20	-0.018563999999999997	0.042089999999999995	0.053626	0.014318	-0.434496	2142300.0
2016-05-19	0.000826	0.011734999999999999	0.042950999999999996	0.0019	0.019312	3151900.0
2016-05-18	-0.035828	0.006821	0.031559	-0.006784999999999999	-0.868993	3517900.0
2016-05-17	0.031199	0.046310000000000004	0.083299	0.036532	0.7338140000000001	4167900.0
2016-05-16	0.038363	0.06835	0.097487	0.067909	0.8689959999999999	2701300.0
2016-05-13	-0.007194	0.030860000000000002	0.050145	0.025162	-0.164145	2600600.0
2016-05-12	-0.025567	0.036108999999999995	0.042515	-0.0027559999999999998	-0.598639	2637200.0
2016-05-11	0.0070599999999999994	0.052454999999999995	0.060627	0.029230000000000003	0.164143	2711000.0
2016-05-10	0.039275	0.051773	0.077699	0.046856	0.878649	2229100.0
2016-05-09	-0.055827	-0.004834000000000001	-0.004834000000000001	-0.031001	-1.322804	3802600.0
2016-05-06	0.014469	0.024121	0.065223	0.024121	0.337944	3280500.0
2016-05-05	0.001242	0.057973000000000004	0.070404	0.027107999999999997	0.028967000000000003	3548500.0
2016-05-04	-0.063929	-0.019293	-0.000433	-0.036146	-1.593153	4123700.0
2016-05-03	-0.063498	-0.010541	-0.010541	-0.039101	-1.6897080000000002	3770000.0
2016-05-02	-0.000363	0.0462	0.0462	0.022909	-0.009656999999999999	3164000.0
2016-04-29	0.0021809999999999998	0.038317000000000004	0.057517	0.029657999999999997	0.057933000000000005	2976100.0
2016-04-28	0.0025510000000000003	0.044739999999999995	0.06285700000000001	0.034172	0.067587	3721700.0
2016-04-27	-0.005797	0.006037	0.033055	0.0056619999999999995	-0.15448699999999999	4762600.0
2016-04-26	0.011359000000000001	0.044789999999999996	0.048585	0.028091	0.29932	2775600.0
2016-04-25	-0.040099	-0.001841	0.005445	-0.01787	-1.100725	4497700.0
2016-04-22	0.008156	0.051106	0.059921	0.034212	0.22207600000000002	3772600.0
2016-04-21	-0.031925999999999996	0.035681	0.041726	-0.002361	-0.8979590000000001	7869300.0
2016-04-20	0.041101	0.048637	0.089353	0.043084	1.1103809999999998	6238800.0
2016-04-19	0.05784500000000001	0.07209700000000001	0.097548	0.063874	1.477287	3173400.0
2016-04-18	0.030787000000000002	0.031645	0.071603	0.025591	0.762783	2411100.0
2016-04-15	0.003912	0.034061	0.049457999999999995	0.023931	0.09655599999999999	2380500.0
2016-04-14	0.017516	0.053822	0.06577899999999999	0.041041	0.42484099999999997	5070600.0
2016-04-13	0.073046	0.100273	0.11973900000000001	0.09496399999999999	1.651085	4160000.0
2016-04-12	0.047427	0.06765499999999999	0.091288	0.056534	1.0234809999999999	2386600.0
2016-04-11	0.038086	0.073203	0.087634	0.066468	0.79175	1746700.0
2016-04-08	0.041103	0.079252	0.091772	0.073242	0.820717	2218900.0
2016-04-07	-0.022684	0.01904	0.035192	0.01023	-0.463463	2201400.0
2016-04-06	0.008579999999999999	0.019391	0.045555	0.005075	0.173799	2712300.0
2016-04-05	-0.033625	-0.006299	0.008489	-0.009639	-0.704851	2511600.0
2016-04-04	-0.034253	0.033378	0.043052999999999994	-0.001176	-0.7434729999999999	3442700.0
2016-04-01	-0.010999	-0.0062380000000000005	0.025657	-0.008516	-0.24138600000000002	2863800.0
2016-03-31	-0.013455000000000002	0.031636000000000004	0.041076	0.017700999999999998	-0.29932	1885000.0
2016-03-30	0.028571	0.068509	0.085154	0.058337	0.61795	3114100.0
2016-03-29	-0.007532	-0.008829	0.030633999999999998	-0.019384000000000002	-0.164143	3474200.0
2016-03-28	0.00445	0.042595	0.051814	0.02001	0.09655599999999999	1552500.0
2016-03-24	0.003573	0.005615	0.040307	0.002839	0.07724400000000001	2047100.0
2016-03-23	-0.044388	0.021093999999999998	0.025072999999999998	-0.012941999999999999	-1.004171	2226500.0
2016-03-22	-0.013888999999999999	0.012579	0.024784	0.009964	-0.318633	1848100.0
2016-03-21	-0.016149	0.031393	0.04383	0.010808	-0.376562	2231700.0
2016-03-18	0.010038	0.069901	0.079864	0.038714	0.23173200000000002	2988200.0
2016-03-17	0.053767999999999996	0.08771699999999999	0.097302	0.069002	1.177969	2992200.0
2016-03-16	0.036073	0.030951999999999997	0.07446	0.023386	0.762783	3769300.0
2016-03-15	-0.068878	-0.032570999999999996	-0.032131	-0.045781999999999996	-1.564188	3096600.0
2016-03-14	-0.01218	0.026112	0.037856	0.009583	-0.280009	2024200.0
2016-03-11	0.031181999999999998	0.045101	0.068425	0.041512	0.695195	2561600.0
2016-03-10	-0.017029	0.004818	0.028627	-0.002236	-0.386219	3459900.0
2016-03-09	0.018206	0.046456	0.059026	0.009195	0.405531	3360100.0
2016-03-08	-0.09341100000000001	-0.010188	-0.009781	-0.054144000000000005	-2.295136	3075900.0
2016-03-07	0.052632000000000005	0.077037	0.109169	0.07446699999999999	1.228516	3595600.0
2016-03-04	0.067044	0.096675	0.152446	0.088447	1.4666	5027400.0
2016-03-03	0.025446	0.069267	0.077705	0.048172	0.542833	2284300.0
2016-03-02	0.07640599999999999	0.078304	0.130277	0.0778	1.514218	3039100.0
2016-03-01	0.035838999999999996	0.098656	0.10126900000000001	0.072522	0.685684	2360700.0
2016-02-29	0.014646000000000001	0.071791	0.088761	0.061714	0.27617800000000003	2135400.0
2016-02-26	-0.001513	0.052695000000000006	0.06964	0.042634	-0.028569999999999998	2776600.0
2016-02-25	-0.003017	0.036321	0.047408	0.015203999999999999	-0.057139999999999996	2675700.0
2016-02-24	-0.059129999999999995	-0.043335000000000005	-0.011545	-0.053269000000000004	-1.190424	4706800.0
2016-02-23	-0.062528	0.004879	0.013261000000000002	-0.02632	-1.3427950000000002	4463100.0
2016-02-22	0.062677	0.094583	0.127242	0.094583	1.26661	3056900.0
2016-02-19	-0.005157	0.029370999999999998	0.046109	0.024941	-0.10475999999999999	1807300.0
2016-02-18	-0.000468	0.061857	0.062349	0.040206	-0.009521	2962400.0
2016-02-17	0.050713999999999995	0.07538099999999999	0.11208800000000001	0.074347	0.980907	2606900.0
2016-02-16	0.001973	0.034506	0.053673	0.016893000000000002	0.038092	3331600.0
2016-02-12	0.088615	0.11264400000000001	0.152119	0.10700499999999999	1.57136	2649600.0
2016-02-11	-0.021544999999999998	0.02301	0.041219	0.010319	-0.390459	3329000.0
2016-02-10	-0.020587	0.025727999999999997	0.047345	0.019783000000000002	-0.380936	3207200.0
2016-02-09	-0.051733	-0.006324000000000001	0.009562000000000001	-0.015036	-1.009478	3564600.0
2016-02-08	0.0	0.033136	0.054659000000000006	0.028011	0.0	2601700.0
2016-02-05	-0.018678	0.017359	0.05055	0.015347	-0.37141199999999996	2734900.0
2016-02-04	0.07518	0.10465799999999999	0.157647	0.102495	1.390413	4175800.0
2016-02-03	0.062945	0.073611	0.11729200000000001	0.045449	1.0951879999999998	3944300.0
2016-02-02	-0.071174	-0.023622	-0.015080000000000001	-0.037501	-1.333272	3751300.0
2016-02-01	0.001018	0.037757	0.055925	0.021190999999999998	0.019048	2513800.0
2016-01-29	0.001019	0.020627	0.052722000000000005	0.017417	0.019045	3892100.0
2016-01-28	0.033701999999999996	0.110871	0.111977	0.068847	0.6094970000000001	3664300.0
2016-01-27	-0.019618	0.01481	0.058178999999999995	0.007220999999999999	-0.36189099999999996	3172700.0
2016-01-26	0.057315	0.079279	0.11424200000000001	0.062657	0.999958	2607000.0
2016-01-25	-0.020844	0.041629	0.048925	0.019740999999999998	-0.37141199999999996	2694000.0
2016-01-22	0.008625	0.09702999999999999	0.102691	0.051179	0.152374	4188600.0
2016-01-21	0.086702	0.084495	0.150315	0.07403799999999999	1.40946	3871200.0
2016-01-20	-0.037768	-0.009144	0.022819	-0.031636000000000004	-0.638065	4389900.0
2016-01-19	-0.007275	0.064737	0.072376	0.028893000000000002	-0.123806	2297900.0
2016-01-15	-0.074573	-0.041852	-0.024995	-0.045114999999999995	-1.371366	2467200.0
2016-01-14	0.081187	0.104137	0.14587999999999998	0.088851	1.38089	3478600.0
2016-01-13	-0.015434999999999999	0.07030700000000001	0.079569	0.026893	-0.266654	2625400.0
2016-01-12	-0.033049	0.046129	0.048368	-0.0008880000000000001	-0.59045	2777200.0
2016-01-11	-0.01107	0.074403	0.074403	0.025692000000000003	-0.199991	2761300.0
2016-01-08	-0.031154	0.054338	0.057554999999999995	0.016797	-0.580925	2837800.0
2016-01-07	-0.061811000000000005	-0.00731	0.009293000000000001	-0.016367	-1.228518	2731000.0
2016-01-06	-0.062022	-0.02263	-0.008	-0.026406	-1.3142260000000001	2689200.0
2016-01-05	0.00045	0.054769000000000005	0.055713	0.033522	0.009522	1911600.0
2016-01-04	-0.018102	0.011569	0.033358	0.005542	-0.390459	2625300.0
2015-12-31	-0.007449	0.037623000000000004	0.052808	0.037163	-0.161894	1307300.0
2015-12-30	-0.015106	0.031466	0.037811000000000004	0.022402000000000002	-0.333321	1349000.0
2015-12-29	0.009146	0.054621	0.068341	0.050962	0.199993	1651500.0
2015-12-28	-0.011623	0.044170999999999995	0.047787	0.028801999999999998	-0.257133	1312300.0
2015-12-24	0.0	0.048691000000000005	0.055471000000000006	0.041911000000000004	0.0	567300.0
2015-12-23	0.059279	0.11468800000000001	0.12187	0.099844	1.238039	2468200.0
2015-12-22	0.019525999999999998	0.052976	0.07592	0.048094	0.399982	2109000.0
2015-12-21	0.009859	0.076175	0.084063	0.054977	0.199994	2120900.0
2015-12-18	0.013803	0.06154199999999999	0.08253300000000001	0.06054299999999999	0.27617600000000003	4438400.0
2015-12-17	-0.030456999999999998	0.040841	0.041325	0.015643	-0.628542	3221300.0
2015-12-16	0.038332	0.082751	0.093317	0.06765700000000001	0.7618689999999999	2651500.0
2015-12-15	0.007239	0.050047	0.070825	0.050047	0.142851	3546200.0
2015-12-14	-0.020794	0.033175	0.040122000000000005	0.010348	-0.41902700000000004	4383100.0
2015-12-11	-0.0583	-0.0018239999999999999	0.0061200000000000004	-0.015844	-1.247564	5355800.0
2015-12-10	-0.008822	0.036614999999999995	0.051437000000000004	0.033372000000000006	-0.190468	4204400.0
2015-12-09	0.032332	0.089257	0.11173	0.07013	0.676161	4210200.0
2015-12-08	-0.050173	-0.011266	0.003721	-0.016715999999999998	-1.104716	3968500.0
2015-12-07	-0.044233	0.026607	0.027041000000000003	0.000128	-1.019001	2598500.0
2015-12-04	0.018955	0.056682	0.07039400000000001	0.05049	0.428555	2494400.0
2015-12-03	-0.025851999999999997	0.044876	0.049185	0.018162	-0.599978	1856500.0
2015-12-02	-0.01813	0.031432	0.049624	0.025509	-0.42854799999999993	2072800.0
2015-12-01	0.023505	0.060872	0.076894	0.05914	0.542833	1740600.0
2015-11-30	-0.013827	0.015031000000000001	0.037663	0.013323	-0.323797	3440700.0
2015-11-27	-0.036819	-0.0009539999999999999	0.013441	-0.0013650000000000001	-0.8951969999999999	2298800.0
2015-11-25	-0.041667	0.030338999999999998	0.031127	0.002748	-1.0570950000000001	2124600.0
2015-11-24	0.014085	0.052046	0.071632	0.051646000000000004	0.352366	1542200.0
2015-11-23	-0.02342	0.033262	0.045363	0.023112999999999998	-0.5999720000000001	1454000.0
2015-11-20	-0.014652000000000002	0.06350900000000001	0.064663	0.031969	-0.380938	1472200.0
2015-11-19	0.007379999999999999	0.057797	0.066321	0.054309	0.190468	1905100.0
2015-11-18	0.023028	0.067092	0.079777	0.054804	0.5809270000000001	1718400.0
2015-11-17	-0.02395	0.043082999999999996	0.04347	0.022964	-0.619019	1640500.0
2015-11-16	-0.000368	0.046566	0.059716	0.029162	-0.009525	1603500.0
2015-11-13	0.013059999999999999	0.070029	0.072772	0.048872000000000006	0.33331900000000003	2375300.0
2015-11-12	-0.042173	0.009892	0.027155000000000002	0.0005099999999999999	-1.123758	3202900.0
2015-11-11	-0.031499	0.044594999999999996	0.044959	0.015518	-0.866627	1468100.0
2015-11-10	-0.002073	0.039891	0.05041	0.033	-0.057142	3989800.0
2015-11-09	-0.024267	0.035537	0.041199	0.013594	-0.685685	3152200.0
2015-11-06	-0.059289999999999995	-0.0202	-0.006217	-0.027857	-1.780872	4905200.0
2015-11-05	-0.039586	0.024787	0.027025	0.002085	-1.238039	2325600.0
2015-11-04	-0.000304	0.072742	0.075619	0.043974	-0.009523	1578100.0
2015-11-03	0.026563	0.057594000000000006	0.085814	0.054969000000000004	0.809488	1136900.0
2015-11-02	-0.007751999999999999	0.033442	0.045163	0.031163	-0.238085	1107000.0
2015-10-30	0.009073999999999999	0.06351799999999999	0.067789	0.054647	0.27617800000000003	1442000.0
2015-10-29	-0.040816000000000005	0.005297	0.027042	0.005297	-1.295181	1520000.0
2015-10-28	-0.002096	0.022058	0.06357	0.022058	-0.066664	1287900.0
2015-10-27	-0.03105	0.021099	0.029936	0.013786000000000001	-1.018997	1693500.0
2015-10-26	-0.014865999999999999	0.056951	0.057252	0.034437	-0.49522	782600.0
2015-10-23	0.01627	0.072012	0.078724	0.058588999999999995	0.5333100000000001	1180800.0
2015-10-22	0.023490999999999998	0.06503400000000001	0.086891	0.06441000000000001	0.752346	1267300.0
2015-10-21	-0.002077	0.06437999999999999	0.06500299999999999	0.043504	-0.066666	987900.0
2015-10-20	-0.008823000000000001	0.025958	0.050664999999999995	0.025958	-0.285698	1292400.0
2015-10-19	-0.028571	0.031145999999999997	0.032646	0.015546	-0.9523389999999999	951500.0
2015-10-16	-0.022892	0.039494	0.041839	0.022491	-0.780918	915800.0
2015-10-15	-0.000558	0.041844	0.049461	0.034226	-0.019043	1032600.0
2015-10-14	0.02021	0.07097	0.076649	0.058714999999999996	0.6761550000000001	1693700.0
2015-10-13	-0.028216	0.018095	0.038138	0.015772	-0.971382	1201500.0
2015-10-12	-0.007958	0.05437	0.055234000000000005	0.037656	-0.27617600000000003	1538700.0
2015-10-09	0.021587000000000002	0.069476	0.079191	0.067121	0.7332989999999999	1577000.0
2015-10-08	0.037522	0.065013	0.092806	0.061042	1.228516	1121700.0
2015-10-07	0.051698	0.111078	0.12232	0.086023	1.6094549999999999	2989400.0
2015-10-06	0.001532	0.038144	0.054229	0.033318	0.047613	4002900.0
2015-10-05	0.011779000000000001	0.04191	0.069577	0.041259	0.36189099999999996	1786000.0
2015-10-02	0.03166	0.048032	0.08329099999999999	0.035608	0.9428120000000001	1899800.0
2015-10-01	0.019563	0.07846399999999999	0.086681	0.059976	0.571403	1499800.0
2015-09-30	0.029195	0.066608	0.082465	0.063085	0.828535	1222700.0
2015-09-29	0.012228	0.062174	0.068951	0.048264	0.342842	1948200.0
2015-09-28	-0.051546	0.008099	0.009114	-0.012536	-1.523742	2504600.0
2015-09-25	-0.018032	0.039749	0.045064	0.026794	-0.542832	1097700.0
2015-09-24	0.007972	0.041676	0.063106	0.038663	0.238083	1659000.0
2015-09-23	-0.011349	0.06064	0.062296000000000004	0.037799	-0.34284000000000003	2303400.0
2015-09-22	-0.048305	-0.00162	0.008776	-0.008551000000000001	-1.533266	1599600.0
2015-09-21	-0.013905	0.041349000000000004	0.048494	0.031407	-0.44759399999999994	1099900.0
2015-09-18	-0.023122	0.030017000000000002	0.046405	0.021519999999999997	-0.761875	1437800.0
2015-09-17	-0.0057469999999999995	0.045219	0.06543600000000001	0.036167000000000005	-0.190468	1743300.0
2015-09-16	0.044731	0.077473	0.102376	0.076212	1.418982	1912700.0
2015-09-15	0.003616	0.041188999999999996	0.060488	0.036443	0.114284	1825800.0
2015-09-14	0.00454	0.039559	0.056721	0.023669	0.142849	1512400.0
2015-09-11	0.007932	0.058696000000000005	0.060938	0.043	0.247608	1311400.0
2015-09-10	-0.001827	0.055483000000000005	0.060599	0.043651999999999996	-0.057139999999999996	1413400.0
2015-09-09	0.011395	0.10372999999999999	0.10664100000000001	0.059426	0.352369	1389600.0
2015-09-08	0.045595	0.132076	0.14391099999999998	0.12328499999999999	1.348437	1379900.0
2015-09-04	-0.044174	0.047485	0.054273	0.031972	-1.366783	1651000.0
2015-09-03	0.016576	0.10131799999999999	0.125631	0.100661	0.504514	1546500.0
2015-09-02	0.032358	0.140008	0.140008	0.100323	0.954001	1665400.0
2015-09-01	-0.083547	0.01399	0.028288999999999998	-0.00777	-2.687708	2066900.0
2015-08-31	0.007469	0.072297	0.10392699999999999	0.061649	0.2385	1293900.0
2015-08-28	0.012506999999999999	0.075244	0.110758	0.073976	0.394438	1059400.0
2015-08-27	0.075383	0.116404	0.175736	0.116404	2.210713	1715400.0
2015-08-26	0.024679	0.13417300000000001	0.134522	0.089099	0.706325	1463200.0
2015-08-25	0.022951	0.153412	0.156629	0.11481	0.642117	2295200.0
2015-08-24	-0.076317	0.009592	0.05053	-0.001634	-2.311615	2203800.0
2015-08-21	-0.029965	0.085024	0.09206900000000001	0.057161000000000003	-0.935652	1185100.0
2015-08-20	0.002356	0.10716099999999999	0.108445	0.091431	0.07338099999999999	1467200.0
2015-08-19	-0.032202999999999996	0.058148000000000005	0.072439	0.042615	-1.0365520000000001	2819500.0
2015-08-18	-0.014879	0.060766999999999995	0.075763	0.058317999999999995	-0.486176	1350800.0
2015-08-17	-0.018462	0.06851900000000001	0.07032100000000001	0.059807000000000006	-0.6145970000000001	927200.0
2015-08-14	0.004985	0.086525	0.100412	0.086525	0.16511199999999998	859300.0
2015-08-13	-0.011226	0.078804	0.08358	0.06776	-0.37608800000000003	1023400.0
2015-08-12	0.008561	0.07720199999999999	0.101287	0.067267	0.284367	1335000.0
2015-08-11	-0.050105000000000004	0.042102999999999995	0.042388999999999996	0.022657	-1.75206	1619100.0
2015-08-10	0.036433	0.082441	0.130161	0.078588	1.229191	1321100.0
2015-08-07	-0.004601	0.079821	0.097523	0.079526	-0.155945	905700.0
2015-08-06	-0.00458	0.06724	0.088973	0.058136	-0.155941	1344100.0
2015-08-05	0.027401	0.14385499999999998	0.14566600000000002	0.11850999999999999	0.9081309999999999	1086500.0
2015-08-04	0.021776	0.114811	0.128993	0.10957	0.706329	1756000.0
2015-08-03	-0.037823	0.058111	0.061077	0.043872	-1.2750549999999998	1450600.0
2015-07-31	0.0074010000000000005	0.115549	0.115549	0.096124	0.247673	807800.0
2015-07-30	-0.004639	0.090445	0.093717	0.07914199999999999	-0.155945	794100.0
2015-07-29	0.017490000000000002	0.084397	0.11496500000000001	0.084397	0.577908	1190000.0
2015-07-28	0.031205	0.11573900000000001	0.126039	0.107313	0.999863	1263400.0
2015-07-27	-0.003992	0.096054	0.10569	0.082998	-0.128422	1271200.0
2015-07-24	-0.03175	0.073895	0.074798	0.046806	-1.054905	1617200.0
2015-07-23	-0.018428	0.095465	0.098715	0.063263	-0.623776	913900.0
2015-07-22	-0.049458999999999996	0.044935	0.051955999999999995	0.031737	-1.7612259999999997	840900.0
2015-07-21	0.009886	0.091566	0.112268	0.090998	0.348583	1216200.0
2015-07-20	-0.009023	0.08593200000000001	0.090428	0.077501	-0.32106399999999996	687200.0
2015-07-17	-0.0033399999999999997	0.09547	0.09547	0.081465	-0.119244	778500.0
2015-07-16	0.015392	0.115175	0.11858800000000001	0.10351500000000001	0.541203	717800.0
2015-07-15	-0.0077659999999999995	0.09297000000000001	0.096074	0.071522	-0.275185	867200.0
2015-07-14	-0.010502	0.09238099999999999	0.09238099999999999	0.075627	-0.376098	665800.0
2015-07-13	0.026018	0.10361300000000001	0.12768	0.096164	0.908134	972100.0
2015-07-10	0.028377999999999997	0.130807	0.130807	0.11637	0.963173	959000.0
2015-07-09	0.017041999999999998	0.128803	0.133598	0.108127	0.568729	1055300.0
2015-07-08	-0.039599	0.06079299999999999	0.06511	0.040935	-1.3759569999999999	895700.0
2015-07-07	-0.01174	0.06	0.080193	0.038383999999999995	-0.412796	1177900.0
2015-07-06	-0.038625	0.046673	0.054328999999999995	0.037923	-1.412647	861900.0
2015-07-02	0.017351	0.110176	0.120746	0.10461199999999998	0.623771	764000.0
2015-07-01	-0.009353	0.087667	0.090423	0.077196	-0.339405	745400.0
2015-06-30	-0.026813999999999998	0.087734	0.08880700000000001	0.054479999999999994	-0.999862	929400.0
2015-06-29	-0.016453	0.075377	0.08962	0.071948	-0.623772	788700.0
2015-06-26	-0.015249	0.07716	0.07975800000000001	0.066511	-0.587074	623300.0
2015-06-25	-0.027121	0.07928099999999999	0.08079800000000001	0.058813	-1.0732540000000002	608400.0
2015-06-24	0.000696	0.095205	0.105573	0.089389	0.027523000000000002	1394200.0
2015-06-23	0.016505000000000002	0.090662	0.10814100000000001	0.090405	0.642113	519000.0
2015-06-22	0.009762	0.10624000000000001	0.110653	0.098713	0.37609499999999996	541900.0
2015-06-19	-0.011067	0.085784	0.089121	0.078083	-0.43113	604000.0
2015-06-18	0.021404	0.113482	0.118987	0.098275	0.816399	671300.0
2015-06-17	0.00678	0.092787	0.101762	0.079061	0.256851	795900.0
2015-06-16	0.001698	0.08433099999999999	0.09332	0.082215	0.064209	496700.0
2015-06-15	-0.013636	0.072674	0.081541	0.07084800000000001	-0.5228649999999999	545000.0
2015-06-12	-0.000478	0.093797	0.094318	0.08493400000000001	-0.018349	556100.0
2015-06-11	-0.002861	0.086509	0.08936799999999999	0.074552	-0.110073	1029700.0
2015-06-10	0.038633	0.131453	0.140092	0.125244	1.430996	1437800.0
2015-06-09	-0.001731	0.094729	0.09985	0.082062	-0.064213	701600.0
2015-06-08	-0.008578	0.082666	0.087476	0.070642	-0.32105300000000003	914500.0
2015-06-05	-0.001469	0.07574	0.097084	0.071471	-0.055041999999999994	634300.0
2015-06-04	-0.024588	0.076615	0.083121	0.057616999999999995	-0.944824	960500.0
2015-06-03	-0.01805	0.07660399999999999	0.085037	0.067915	-0.706329	628900.0
2015-06-02	0.026220999999999998	0.09749	0.124501	0.096704	0.999866	1019900.0
2015-06-01	-0.017490000000000002	0.090148	0.091693	0.063351	-0.678806	729900.0
2015-05-29	-0.001652	0.09400599999999999	0.09735	0.084746	-0.064213	1101100.0
2015-05-28	-0.005631000000000001	0.07659099999999999	0.085799	0.068406	-0.220154	925600.0
2015-05-27	0.001645	0.08015599999999999	0.094247	0.0758	0.064213	833500.0
2015-05-26	-0.026983999999999998	0.076437	0.076935	0.054748000000000005	-1.082417	890700.0
2015-05-22	-0.008615000000000001	0.089406	0.096079	0.079273	-0.348583	448700.0
2015-05-21	0.011696999999999999	0.103649	0.11115	0.096148	0.46782700000000005	450700.0
2015-05-20	0.0	0.096648	0.098649	0.085897	0.0	589300.0
2015-05-19	-0.047827	0.043009	0.045864999999999996	0.035151999999999996	-2.008903	885400.0
2015-05-18	-0.059174000000000004	0.032806999999999996	0.037062	0.023399	-2.641842	691000.0
2015-05-15	-0.0036850000000000003	0.078543	0.087693	0.07207100000000001	-0.165116	750000.0
2015-05-14	-0.006104	0.090147	0.099241	0.079057	-0.275196	517700.0
2015-05-13	-0.002435	0.088377	0.098777	0.08528	-0.110073	486300.0
2015-05-12	0.008185	0.08814	0.107101	0.084348	0.366921	681600.0
2015-05-11	0.014953	0.101694	0.11346700000000001	0.09965700000000001	0.660461	727100.0
2015-05-08	0.015823	0.102107	0.11314600000000001	0.088768	0.6879810000000001	705300.0
2015-05-07	-0.023486	0.065218	0.06679	0.046577	-1.045731	1008400.0
2015-05-06	-0.010801	0.09414600000000001	0.095924	0.07348500000000001	-0.48617200000000005	553200.0
2015-05-05	-0.002034	0.094803	0.101898	0.086378	-0.09173200000000001	703900.0
2015-05-04	-0.00040599999999999995	0.091921	0.09325	0.084164	-0.018341	491800.0
2015-05-01	0.018425999999999998	0.12016600000000001	0.121295	0.09579	0.816403	677000.0
2015-04-30	-0.005354	0.068372	0.088352	0.064106	-0.23850300000000002	706400.0
2015-04-29	-0.005733	0.0743	0.089031	0.068496	-0.256847	503500.0
2015-04-28	0.024114	0.119179	0.122607	0.110492	1.054905	701000.0
2015-04-27	-0.001256	0.082842	0.098367	0.08261399999999999	-0.055035	796300.0
2015-04-24	0.030205000000000003	0.126133	0.129661	0.11719600000000001	1.284229	715800.0
2015-04-23	0.033675	0.101088	0.131964	0.098414	1.3851280000000001	715200.0
2015-04-22	0.029620999999999998	0.109673	0.122439	0.10366500000000001	1.183331	941500.0
2015-04-21	-0.012695999999999999	0.082486	0.08742899999999999	0.070129	-0.513695	1157900.0
2015-04-20	0.014256	0.09791799999999999	0.11471300000000001	0.09491000000000001	0.5687260000000001	561800.0
2015-04-17	-0.012937	0.065653	0.07827100000000001	0.064663	-0.522858	1800800.0
2015-04-16	0.006856	0.108832	0.110575	0.090397	0.275192	789800.0
2015-04-15	0.012026	0.10325699999999999	0.108048	0.092164	0.476998	881300.0
2015-04-14	0.046467	0.131833	0.146871	0.127084	1.7612259999999997	958400.0
2015-04-13	-0.040409	0.060779999999999994	0.064831	0.043564	-1.596111	1000500.0
2015-04-10	-0.001392	0.081804	0.088883	0.07851799999999999	-0.055041999999999994	1142300.0
2015-04-09	-0.020222999999999998	0.07033099999999999	0.07801	0.06091799999999999	-0.816399	954600.0
2015-04-08	0.006633	0.119571	0.12131600000000001	0.092142	0.266018	677500.0
2015-04-07	-0.0034189999999999997	0.07647999999999999	0.095614	0.074244	-0.1376	1399300.0
2015-04-06	0.019758	0.097243	0.120049	0.094709	0.779717	813200.0
2015-04-02	-0.019599000000000002	0.063813	0.069279	0.055615	-0.788887	1262700.0
2015-04-01	-0.008586	0.07019700000000001	0.08399	0.06995	-0.348576	1042400.0
2015-03-31	-0.022525999999999997	0.057886	0.06775700000000001	0.054275	-0.93565	1339900.0
2015-03-30	0.007117	0.092087	0.10105900000000001	0.087238	0.293537	936600.0
2015-03-27	-0.020266	0.07185599999999999	0.073519	0.059265	-0.853096	825600.0
2015-03-26	-0.020909	0.083868	0.088752	0.062237	-0.89896	769900.0
2015-03-25	-0.009091	0.092913	0.098214	0.080237	-0.394443	832900.0
2015-03-24	-0.007137	0.098386	0.09907200000000001	0.07939299999999999	-0.311882	1518500.0
2015-03-23	0.037456	0.123859	0.135016	0.11816099999999999	1.577766	1491000.0
2015-03-20	0.046252	0.119953	0.148517	0.11448900000000001	1.8621330000000003	1626600.0
2015-03-19	-0.008136	0.092365	0.092365	0.07708999999999999	-0.330231	815400.0
2015-03-18	0.018881000000000002	0.079354	0.11374300000000001	0.071824	0.7521939999999999	968400.0
2015-03-17	0.020681	0.10603199999999999	0.119099	0.102189	0.807228	1114100.0
2015-03-16	0.021854	0.098264	0.113972	0.0891	0.834751	947100.0
2015-03-13	-0.030501	0.067558	0.067812	0.041922	-1.201675	1761400.0
2015-03-12	-0.003711	0.114677	0.115435	0.082308	-0.146767	1299700.0
2015-03-11	-0.007597	0.079608	0.085881	0.066307	-0.302708	1016500.0
2015-03-10	-0.046725	0.084664	0.090166	0.066243	-1.9531479999999999	1366300.0
2015-03-09	0.001924	0.123423	0.12582000000000002	0.115034	0.080262	580800.0
2015-03-06	-0.029662	0.096845	0.101729	0.081727	-1.275341	1486900.0
2015-03-05	-0.005979	0.123115	0.124271	0.11225	-0.258641	663300.0
2015-03-04	-0.016227000000000002	0.10670999999999999	0.10716500000000001	0.093519	-0.713478	889000.0
2015-03-03	-0.0020239999999999998	0.11559200000000001	0.127394	0.114003	-0.089187	1205600.0
2015-03-02	-0.015936000000000002	0.10183400000000001	0.103621	0.092453	-0.713478	1473600.0
2015-02-27	0.005609	0.127106	0.130475	0.123063	0.249717	938200.0
2015-02-26	-0.021943999999999998	0.11116	0.112478	0.093586	-0.9988739999999999	1120200.0
2015-02-25	-0.00176	0.12060799999999999	0.124117	0.110301	-0.080262	1156100.0
2015-02-24	0.066319	0.18487	0.204747	0.177621	2.836075	2025400.0
2015-02-23	-0.016006	0.105619	0.112062	0.094345	-0.695633	1049900.0
2015-02-20	0.0037070000000000002	0.120804	0.130504	0.11941800000000001	0.16053	936700.0
2015-02-19	-0.009184000000000001	0.10753599999999999	0.117376	0.098612	-0.401332	1971800.0
2015-02-18	-0.0012230000000000001	0.097954	0.13109400000000002	0.097954	-0.053513	1601600.0
2015-02-17	0.004915999999999999	0.12517	0.129075	0.116672	0.21403899999999998	1829100.0
2015-02-13	0.050797	0.153123	0.178705	0.153123	2.1047700000000003	1399000.0
2015-02-12	0.022897	0.14299	0.151384	0.134597	0.927525	1764700.0
2015-02-11	-0.008297	0.10486300000000001	0.113677	0.08895	-0.338905	984000.0
2015-02-10	-0.022621000000000002	0.10475599999999999	0.105234	0.085613	-0.945362	1027000.0
2015-02-09	0.020248	0.12980999999999998	0.153002	0.12980999999999998	0.8294219999999999	942400.0
2015-02-06	-0.026494	0.099401	0.10249100000000001	0.08656799999999999	-1.114815	1277500.0
2015-02-05	0.018566	0.118361	0.143294	0.11690899999999999	0.76699	1529500.0
2015-02-04	-0.028523000000000003	0.090459	0.098925	0.08457999999999999	-1.212909	1760100.0
2015-02-03	0.05791	0.165798	0.188686	0.162813	2.3277200000000002	2455900.0
2015-02-02	0.031586	0.140001	0.158479	0.13794800000000002	1.2307549999999998	1624400.0
2015-01-30	0.013924	0.130894	0.14989	0.123348	0.535111	1263600.0
2015-01-29	0.007245999999999999	0.135419	0.136206	0.11418900000000001	0.27647	1491600.0
2015-01-28	-0.014967	0.12178199999999999	0.123073	0.102677	-0.579701	1790100.0
2015-01-27	0.00022999999999999998	0.113777	0.125656	0.106805	0.008919	1461100.0
2015-01-26	0.015434999999999999	0.11235	0.14119500000000001	0.106057	0.588623	1667300.0
2015-01-23	-0.029725	0.093788	0.097859	0.085392	-1.168323	1656700.0
2015-01-22	0.014503	0.13856	0.142174	0.126687	0.561867	1254400.0
2015-01-21	0.027436000000000002	0.128161	0.15309	0.125774	1.034545	1291000.0
2015-01-20	-0.0044740000000000005	0.11809800000000001	0.12390599999999999	0.107537	-0.169452	1379300.0
2015-01-16	0.036106	0.148894	0.163118	0.144517	1.319931	1254600.0
2015-01-15	0.033535	0.161695	0.172721	0.152365	1.186161	1929200.0
2015-01-14	-0.029606	0.059537	0.088344	0.057343	-1.079136	2306300.0
2015-01-13	-0.009692000000000001	0.127243	0.12887300000000002	0.10143300000000001	-0.356739	1271700.0
2015-01-12	-0.016913	0.098563	0.106576	0.084941	-0.633217	1281500.0
2015-01-09	-0.00119	0.119398	0.12366700000000001	0.109794	-0.04459	1244100.0
2015-01-08	0.024872	0.13602999999999998	0.15434900000000001	0.132749	0.909691	1300500.0
2015-01-07	0.011843000000000001	0.125969	0.140078	0.12043599999999999	0.42808500000000005	1262700.0
2015-01-06	-0.005155	0.102826	0.128972	0.102826	-0.18729	1693000.0
2015-01-05	-0.046348	0.06982200000000001	0.07270900000000001	0.054599	-1.7658610000000001	2165400.0
2015-01-02	-0.006512	0.113443	0.120223	0.10197	-0.249718	1115600.0
2014-12-31	-0.008531	0.11971500000000002	0.123076	0.11066600000000001	-0.32998299999999997	739800.0
2014-12-30	-0.006642	0.11202000000000001	0.12357699999999999	0.11202000000000001	-0.25864000000000004	1046500.0
2014-12-29	0.006919	0.13109300000000002	0.13936800000000002	0.12617899999999999	0.267559	895000.0
2014-12-26	0.011666	0.129637	0.144288	0.126498	0.44591899999999995	718200.0
2014-12-24	-0.004413	0.11423399999999999	0.118922	0.10303399999999999	-0.169449	540300.0
2014-12-23	0.0044329999999999994	0.111848	0.134346	0.111325	0.169449	1300900.0
2014-12-22	-0.021684000000000002	0.11282	0.11461199999999999	0.09336900000000001	-0.847252	1603700.0
2014-12-19	0.035942	0.12391700000000001	0.162627	0.120736	1.35561	2275600.0
2014-12-18	0.012206999999999999	0.135758	0.14085699999999998	0.11402000000000001	0.454845	1758000.0
2014-12-17	0.024019	0.12731199999999998	0.166062	0.123464	0.874008	2144000.0
2014-12-16	0.023069	0.137292	0.17075	0.12801400000000002	0.8205040000000001	2503400.0
2014-12-15	-0.03718	0.10610599999999999	0.11395699999999999	0.07849400000000001	-1.373448	1752300.0
2014-12-12	-0.029294	0.102872	0.110229	0.08841900000000001	-1.1148069999999999	1845600.0
2014-12-11	-0.01614	0.09593	0.115837	0.094378	-0.6242979999999999	1849500.0
2014-12-10	-0.028232	0.10669400000000001	0.10669400000000001	0.085842	-1.123733	1575200.0
2014-12-09	-0.006456	0.096554	0.131999	0.094807	-0.258629	1392600.0
2014-12-08	-0.025384999999999998	0.099371	0.10326300000000001	0.089153	-1.043469	1143600.0
2014-12-05	-0.022067	0.101995	0.102709	0.088434	-0.927524	1302100.0
2014-12-04	-0.012778	0.10505999999999999	0.11327999999999999	0.099423	-0.54403	995500.0
2014-12-03	0.009729	0.121503	0.14213599999999998	0.120555	0.41025600000000007	1306000.0
2014-12-02	0.0021190000000000002	0.132673	0.13956500000000002	0.11888900000000001	0.08918	1119700.0
2014-12-01	-0.001482	0.118655	0.1253	0.102756	-0.06243200000000001	1243200.0
2014-11-28	-0.070613	0.060174	0.060836	0.040987	-3.2017279999999997	945500.0
2014-11-26	0.00773	0.128378	0.133268	0.12193299999999999	0.34781599999999996	648500.0
2014-11-25	-0.010784	0.10499700000000001	0.114231	0.0995	-0.490517	912800.0
2014-11-24	-0.022052000000000002	0.108796	0.10944100000000001	0.092455	-1.025623	939000.0
2014-11-21	0.039466	0.170658	0.18295	0.160824	1.7658619999999998	1206400.0
2014-11-20	-0.014728999999999999	0.089777	0.106733	0.089777	-0.668888	999200.0
2014-11-19	-0.022836000000000002	0.10728	0.10770999999999999	0.091142	-1.0613059999999999	1209400.0
2014-11-18	-0.008562	0.117853	0.11870599999999999	0.10547899999999999	-0.401329	682500.0
2014-11-17	0.000571	0.122333	0.126602	0.11358199999999999	0.026756	497400.0
2014-11-14	0.0067079999999999996	0.100852	0.129646	0.100852	0.312145	685800.0
2014-11-13	-0.0072299999999999994	0.111453	0.12083900000000002	0.107826	-0.338901	573400.0
2014-11-12	-0.0069900000000000006	0.113004	0.12169	0.10728399999999999	-0.329987	771900.0
2014-11-11	-0.001697	0.108154	0.121477	0.10730799999999999	-0.080261	580400.0
2014-11-10	-0.008231	0.131753	0.13196300000000002	0.10931099999999999	-0.392418	791100.0
2014-11-07	0.031847	0.150699	0.16108699999999998	0.14896800000000002	1.471554	700700.0
2014-11-06	0.002322	0.126038	0.130377	0.121049	0.107021	761100.0
2014-11-05	-0.001352	0.11866600000000001	0.128198	0.109785	-0.062428	895000.0
2014-11-04	-0.001158	0.124295	0.12472799999999999	0.11261099999999999	-0.053512	445400.0
2014-11-03	-0.004228	0.12772999999999998	0.127945	0.10941600000000001	-0.196209	827200.0
2014-10-31	0.002118	0.113925	0.12688	0.10809500000000001	0.09811	1594100.0
2014-10-30	-0.007075	0.10454300000000001	0.119122	0.095325	-0.32999	807000.0
2014-10-29	-0.017287	0.122741	0.12695399999999998	0.09472	-0.8205040000000001	625400.0
2014-10-28	0.016812999999999998	0.134548	0.141403	0.13026300000000002	0.784829	638900.0
2014-10-27	-0.009837	0.102599	0.11278099999999999	0.100478	-0.463757	1012000.0
2014-10-24	-0.008069	0.110114	0.11306	0.103171	-0.383499	1144800.0
2014-10-23	0.0009390000000000001	0.12337200000000001	0.126952	0.118528	0.04459	646200.0
2014-10-22	-0.028822000000000004	0.10183500000000001	0.102449	0.086086	-1.409119	1097800.0
2014-10-21	0.014809000000000001	0.138701	0.144513	0.13122899999999998	0.713478	857200.0
2014-10-20	-0.004973	0.112798	0.11837400000000001	0.107841	-0.24079899999999999	679100.0
2014-10-17	0.012684	0.131724	0.140508	0.12670399999999998	0.606457	820600.0
2014-10-16	-0.000932	0.09138500000000001	0.131296	0.09034	-0.04459	1820500.0
2014-10-15	-0.004453	0.104	0.119602	0.089022	-0.21404600000000001	1903700.0
2014-10-14	0.017749	0.139897	0.154506	0.134393	0.83834	1205500.0
2014-10-13	0.021211	0.153481	0.16623800000000002	0.144833	0.981034	1219100.0
2014-10-10	-0.027382	0.099606	0.10822799999999999	0.08782999999999999	-1.302098	1171200.0
2014-10-09	-0.027717000000000002	0.118199	0.11881300000000002	0.08753	-1.355609	1146700.0
2014-10-08	0.02543	0.125249	0.151667	0.114766	1.212913	1016100.0
2014-10-07	-0.01655	0.118173	0.11879200000000001	0.102296	-0.802666	1183300.0
2014-10-06	0.027783	0.145001	0.16915999999999998	0.13461700000000001	1.311016	1605700.0
2014-10-03	-0.033254	0.08971599999999999	0.090945	0.07435	-1.623161	1318900.0
2014-10-02	0.001464	0.12270199999999999	0.125575	0.103621	0.071346	1114800.0
2014-10-01	-0.015847	0.111574	0.11601600000000001	0.09966	-0.784824	1454000.0
2014-09-30	-0.006086	0.115245	0.12287200000000001	0.108622	-0.30323	833600.0
2014-09-29	-0.012025	0.10441199999999999	0.114723	0.102628	-0.6064649999999999	601300.0
2014-09-26	-0.0024690000000000003	0.11513499999999999	0.12146400000000002	0.11256300000000001	-0.124851	931400.0
2014-09-25	-0.033913	0.097954	0.09814500000000001	0.07922799999999999	-1.77478	1180400.0
2014-09-24	0.026592	0.14970899999999998	0.156575	0.137155	1.3556059999999999	1130200.0
2014-09-23	0.005807	0.12679	0.132709	0.123634	0.294315	707800.0
2014-09-22	-0.030701	0.101185	0.101377	0.08225199999999999	-1.6053309999999998	898800.0
2014-09-19	-0.01429	0.122209	0.122397	0.10298	-0.7580680000000001	802900.0
2014-09-18	0.003543	0.124293	0.130914	0.122023	0.18728599999999998	453300.0
2014-09-17	-0.022915	0.112578	0.112948	0.093724	-1.239673	1033300.0
2014-09-16	0.014041999999999999	0.11433099999999999	0.14413399999999998	0.11395599999999999	0.749153	804600.0
2014-09-15	-0.006312	0.119031	0.119217	0.11120799999999999	-0.338902	315600.0
2014-09-12	-0.0021550000000000002	0.120708	0.12349600000000001	0.11569000000000002	-0.11593599999999998	331800.0
2014-09-11	-0.006096	0.108705	0.11554	0.10593399999999999	-0.329987	569100.0
2014-09-10	0.0018149999999999998	0.11997100000000001	0.12404200000000001	0.111088	0.098103	406500.0
2014-09-09	-0.005417	0.117033	0.117401	0.10838199999999999	-0.294308	868100.0
2014-09-08	-0.019316999999999997	0.10484	0.10790899999999999	0.096718	-1.0702209999999999	449100.0
2014-09-05	0.001451	0.112951	0.124339	0.11204700000000001	0.08026900000000001	486700.0
2014-09-04	-0.0035340000000000002	0.128471	0.13045199999999998	0.113701	-0.196209	903900.0
2014-09-03	-0.0009630000000000001	0.127744	0.129004	0.119466	-0.053509	388300.0
2014-09-02	0.001103	0.149885	0.149885	0.138716	0.061211	538100.0
2014-08-29	0.00698	0.14485	0.152469	0.14231	0.384754	370500.0
2014-08-28	-0.027161	0.11728399999999999	0.11852	0.107049	-1.539032	734600.0
2014-08-27	0.005118999999999999	0.149788	0.15120699999999998	0.144644	0.288571	403100.0
2014-08-26	-0.002167	0.142872	0.14535	0.13933199999999998	-0.122422	433600.0
2014-08-25	-0.000155	0.14871199999999998	0.14871199999999998	0.140748	-0.008747	344100.0
2014-08-22	-0.014488	0.12823199999999998	0.13015	0.119512	-0.830723	594800.0
2014-08-21	-0.006816	0.13561199999999998	0.137517	0.131455	-0.393497	454800.0
2014-08-20	0.012265999999999999	0.153399	0.163043	0.152347	0.699554	723100.0
2014-08-19	-0.061853	0.082223	0.083209	0.07005	-3.7601199999999997	2177700.0
2014-08-18	0.0046240000000000005	0.142753	0.149529	0.137796	0.279823	536100.0
2014-08-15	0.021251	0.166364	0.171427	0.153875	1.259205	1338400.0
2014-08-14	-0.004554	0.138036	0.140724	0.13131600000000002	-0.27108000000000004	290600.0
2014-08-13	-0.005115	0.134888	0.139736	0.130877	-0.306053	245200.0
2014-08-12	-0.0032049999999999995	0.136915	0.141914	0.13275	-0.192383	311200.0
2014-08-11	0.014184	0.15523900000000002	0.16233499999999998	0.154563	0.83947	593200.0
2014-08-08	0.007443000000000001	0.14375	0.15226099999999998	0.137622	0.437225	343800.0
2014-08-07	-0.020271	0.134908	0.136575	0.11306	-1.2154770000000001	606300.0
2014-08-06	0.014199000000000002	0.141381	0.163708	0.141381	0.83947	507900.0
2014-08-05	-0.013569	0.136739	0.136739	0.121723	-0.813243	467700.0
2014-08-04	0.012258	0.145269	0.160131	0.142566	0.725788	409200.0
2014-08-01	-0.006601999999999999	0.134855	0.141398	0.130325	-0.393505	456100.0
2014-07-31	-0.020267	0.134703	0.136018	0.11908699999999998	-1.232968	681300.0
2014-07-30	-0.020416999999999998	0.12570599999999998	0.126672	0.11057	-1.267937	891500.0
2014-07-29	0.006377000000000001	0.14746900000000002	0.15767799999999998	0.14568599999999998	0.393498	624800.0
2014-07-28	0.000283	0.142769	0.147956	0.135961	0.017487	220900.0
2014-07-25	0.002131	0.146341	0.148615	0.142767	0.13116	264100.0
2014-07-24	0.003278	0.145861	0.15238	0.143743	0.20113	368200.0
2014-07-23	0.00014199999999999998	0.14113499999999998	0.149773	0.140809	0.008740000000000001	281000.0
2014-07-22	0.019027000000000002	0.163511	0.167498	0.160355	1.145527	306800.0
2014-07-21	0.002038	0.140085	0.14740799999999998	0.138254	0.122428	193600.0
2014-07-18	0.007183	0.14290899999999998	0.151794	0.142239	0.428479	281100.0
2014-07-17	-0.022076	0.123744	0.132432	0.115548	-1.346653	296900.0
2014-07-16	0.017058	0.156584	0.16425399999999998	0.155417	1.023105	282300.0
2014-07-15	0.008083	0.160219	0.161227	0.142235	0.480942	721800.0
2014-07-14	0.011146	0.160405	0.160405	0.153437	0.655838	780800.0
2014-07-11	0.008241	0.143751	0.155574	0.14357999999999999	0.48095299999999996	411100.0
2014-07-10	-0.01636	0.12453399999999999	0.130939	0.122849	-0.970642	475600.0
2014-07-09	0.001033	0.140543	0.147123	0.138518	0.061211	236100.0
2014-07-08	-0.00645	0.142574	0.142574	0.133187	-0.384754	473400.0
2014-07-07	-0.002194	0.138729	0.14608800000000002	0.13806	-0.131176	379700.0
2014-07-03	0.017108	0.15548800000000002	0.166036	0.151065	1.005623	393500.0
2014-07-02	0.012502	0.149781	0.161494	0.149608	0.725784	333800.0
2014-07-01	0.017783	0.15742899999999999	0.16794800000000001	0.156378	1.014358	413700.0
2014-06-30	0.001228	0.13708499999999998	0.145511	0.132697	0.069958	458600.0
2014-06-27	0.0047810000000000005	0.141992	0.150282	0.141287	0.271084	234300.0
2014-06-26	0.00496	0.140921	0.15013800000000002	0.136844	0.279823	391300.0
2014-06-25	-0.00309	0.13686500000000001	0.141989	0.13633499999999998	-0.17489200000000002	285100.0
2014-06-24	-0.020285	0.13613599999999998	0.136482	0.119171	-1.171761	423800.0
2014-06-23	0.020232	0.160888	0.167776	0.155589	1.145527	353300.0
2014-06-20	0.0	0.14181400000000002	0.14357999999999999	0.138458	0.0	421200.0
2014-06-19	0.009983	0.16195299999999999	0.16409300000000002	0.150358	0.559643	555500.0
2014-06-18	0.016651	0.1463	0.163528	0.144486	0.918167	465000.0
2014-06-17	-0.0037909999999999997	0.126236	0.139424	0.12153900000000001	-0.209862	584700.0
2014-06-16	0.008926	0.157432	0.16126	0.15196400000000002	0.48969300000000004	607600.0
2014-06-13	0.006255	0.145047	0.152017	0.14413	0.341034	265500.0
2014-06-12	-0.017337	0.129882	0.134027	0.12213199999999999	-0.9618950000000001	299200.0
2014-06-11	0.002211	0.143038	0.148818	0.14087	0.122425	301200.0
2014-06-10	-0.007679999999999999	0.13300399999999998	0.135872	0.127806	-0.42847799999999997	383100.0
2014-06-09	0.00346	0.146637	0.150594	0.145558	0.192375	272700.0
2014-06-06	0.008246	0.150833	0.154823	0.147569	0.454708	241900.0
2014-06-05	0.0038200000000000005	0.147038	0.150497	0.141031	0.209869	435600.0
2014-06-04	0.0014349999999999999	0.148502	0.150325	0.143033	0.078705	777200.0
2014-06-03	-0.009631	0.126608	0.13365	0.123358	-0.533417	553000.0
2014-06-02	0.011014	0.14996800000000002	0.157635	0.148508	0.603371	575100.0
2014-05-30	-0.033924	0.11166199999999998	0.112543	0.099847	-1.9237819999999999	723000.0
2014-05-29	0.013597999999999999	0.14965699999999998	0.16055999999999998	0.149299	0.7607689999999999	195800.0
2014-05-28	-0.021563	0.123293	0.12504200000000001	0.118396	-1.2329709999999998	550400.0
2014-05-27	-0.000611	0.145677	0.146551	0.139734	-0.034981	281700.0
2014-05-23	0.002605	0.140075	0.150589	0.1399	0.14865799999999998	220200.0
2014-05-22	0.012882	0.156004	0.16008599999999998	0.154229	0.725792	494900.0
2014-05-21	0.007663	0.153595	0.15449000000000002	0.145726	0.428475	770400.0
2014-05-20	-0.021575999999999998	0.12695599999999999	0.13133	0.116281	-1.232956	336100.0
2014-05-19	-0.004722	0.134	0.138354	0.13208399999999998	-0.271099	428900.0
2014-05-16	-0.016035	0.1249	0.126614	0.11941600000000001	-0.93565	338000.0
2014-05-15	0.001351	0.152675	0.152675	0.136716	0.078709	547600.0
2014-05-14	0.008322	0.150328	0.161921	0.148425	0.48093800000000003	406400.0
2014-05-13	0.004102000000000001	0.148097	0.15244100000000002	0.143059	0.236103	397500.0
2014-05-12	0.025553	0.169238	0.176009	0.167456	1.434097	610000.0
2014-05-09	-0.007884	0.145347	0.145701	0.12784600000000002	-0.44597600000000004	363200.0
2014-05-08	-0.005228	0.142876	0.144459	0.136194	-0.29730999999999996	287900.0
2014-05-07	0.0016940000000000002	0.135301	0.148336	0.133715	0.096195	386400.0
2014-05-06	0.002006	0.141991	0.150816	0.13969700000000002	0.113674	317400.0
2014-05-05	-0.002617	0.139355	0.140587	0.132665	-0.14865499999999998	366500.0
2014-05-02	0.01627	0.154314	0.168985	0.151452	0.909424	454300.0
2014-05-01	-0.012056	0.132975	0.13633299999999998	0.12413699999999998	-0.682068	373200.0
2014-04-30	0.003256	0.1489	0.15085	0.144644	0.183632	521700.0
2014-04-29	0.009075	0.148948	0.157	0.147516	0.5071869999999999	407400.0
2014-04-28	-0.010681	0.134906	0.135791	0.12463800000000001	-0.603375	485100.0
2014-04-25	-0.0009279999999999999	0.14357999999999999	0.14694000000000002	0.138451	-0.052474	337700.0
2014-04-24	0.001394	0.149247	0.149601	0.140569	0.078708	374000.0
2014-04-23	0.000465	0.142871	0.14588299999999998	0.135429	0.026233999999999997	353900.0
2014-04-22	0.006236	0.155882	0.15606	0.147324	0.349773	367900.0
2014-04-21	-0.003573	0.14713299999999999	0.150508	0.134874	-0.201122	274100.0
2014-04-17	-0.00031099999999999997	0.136476	0.14766500000000002	0.135943	-0.017487	334800.0
2014-04-16	0.015615	0.16053499999999998	0.162699	0.150975	0.8657040000000001	534600.0
2014-04-15	-0.021454	0.127871	0.127871	0.108455	-1.215481	1572300.0
2014-04-14	0.014403999999999998	0.150921	0.16381199999999999	0.14734	0.804489	408100.0
2014-04-11	-0.007613	0.130609	0.139493	0.130076	-0.428482	668900.0
2014-04-10	-0.018902000000000002	0.127019	0.132946	0.119348	-1.0843049999999999	762200.0
2014-04-09	0.0083	0.152193	0.154829	0.142349	0.472203	559000.0
2014-04-08	0.017675	0.144295	0.16808599999999999	0.14411600000000002	0.988117	687300.0
2014-04-07	-0.0052899999999999996	0.136818	0.143402	0.131302	-0.297306	795300.0
2014-04-04	0.004376	0.157698	0.164846	0.14769000000000002	0.244839	731000.0
2014-04-03	0.002193	0.139639	0.147162	0.132475	0.122425	534300.0
2014-04-02	0.015103	0.160124	0.16467	0.156306	0.8307260000000001	549200.0
2014-04-01	0.018458000000000002	0.164133	0.16654000000000002	0.15598599999999999	0.996865	484400.0
2014-03-31	0.000973	0.14691600000000002	0.148213	0.13560999999999998	0.052475	542300.0
2014-03-28	0.011807	0.157082	0.161583	0.15445699999999998	0.6296	468000.0
2014-03-27	0.009101	0.146797	0.155123	0.145472	0.480946	563000.0
2014-03-26	-0.010804000000000001	0.151816	0.15368800000000002	0.127855	-0.577137	857700.0
2014-03-25	0.024656	0.16161	0.174653	0.16161	1.285434	592100.0
2014-03-24	0.007435	0.158459	0.15923199999999998	0.141068	0.384755	397100.0
2014-03-21	0.007662	0.15974100000000002	0.165388	0.150979	0.39350100000000005	566400.0
2014-03-20	0.002048	0.13792100000000002	0.15684800000000002	0.13597	0.10493800000000002	619500.0
2014-03-19	-0.029314	0.132026	0.133352	0.1057	-1.547775	742400.0
2014-03-18	0.0048259999999999996	0.14396	0.154998	0.143009	0.25359	348700.0
2014-03-17	0.015205000000000002	0.167924	0.173333	0.15845599999999999	0.7870060000000001	730300.0
2014-03-14	0.0008449999999999999	0.14648	0.155569	0.14357999999999999	0.043724	343900.0
2014-03-13	-0.010043999999999999	0.155639	0.16004200000000002	0.12998800000000002	-0.524673	765600.0
2014-03-12	0.000167	0.134773	0.144728	0.133049	0.008747	536200.0
2014-03-11	-0.014356	0.142259	0.151694	0.125086	-0.7607689999999999	497100.0
2014-03-10	-0.019893	0.12046	0.12194	0.11158199999999999	-1.075569	379700.0
2014-03-07	-0.019972	0.130529	0.130891	0.114034	-1.101811	663700.0
2014-03-06	0.002065	0.14866500000000002	0.155386	0.144851	0.11368199999999999	448600.0
2014-03-05	-0.0006349999999999999	0.139586	0.147392	0.135956	-0.034977	490800.0
2014-03-04	0.015989	0.182335	0.189896	0.180122	0.8669549999999999	698100.0
2014-03-03	-0.015737	0.152837	0.15773800000000002	0.144306	-0.8669549999999999	529600.0
2014-02-28	0.000936	0.163727	0.174084	0.161365	0.051495000000000006	414900.0
2014-02-27	0.007701	0.168844	0.177449	0.166464	0.420604	383900.0
2014-02-26	-0.003445	0.16408699999999998	0.167006	0.157336	-0.188835	493400.0
2014-02-25	-0.0189	0.1539	0.155332	0.140475	-1.055801	595500.0
2014-02-24	-0.0023	0.155533	0.167499	0.15339	-0.128754	710100.0
2014-02-21	-0.008361	0.171729	0.174032	0.15455	-0.472091	854100.0
2014-02-20	0.01481	0.173267	0.18459	0.171469	0.8240280000000001	1048700.0
2014-02-19	-0.005981	0.158389	0.175182	0.15696	-0.33476300000000003	645600.0
2014-02-18	0.03213	0.200403	0.204459	0.193211	1.7424849999999998	976200.0
2014-02-14	0.014288	0.180896	0.186507	0.178465	0.763947	417600.0
2014-02-13	0.008418	0.155946	0.174806	0.153683	0.44635699999999995	459700.0
2014-02-12	0.009149	0.177371	0.178322	0.170709	0.48068999999999995	389300.0
2014-02-11	0.027703	0.173997	0.199425	0.173019	1.416302	585800.0
2014-02-10	-0.001006	0.161677	0.16753900000000002	0.159723	-0.051498	341100.0
2014-02-07	0.016019	0.16936700000000002	0.18525	0.164205	0.806869	477900.0
2014-02-06	0.017513	0.166009	0.185402	0.166009	0.8669549999999999	852100.0
2014-02-05	-0.002594	0.150291	0.164596	0.149082	-0.12875699999999998	629700.0
2014-02-04	0.010133	0.164185	0.177821	0.16153900000000002	0.497856	1044100.0
2014-02-03	-0.029172000000000003	0.158676	0.16085	0.130223	-1.476399	579900.0
2014-01-31	-0.012726000000000001	0.14198	0.153685	0.139639	-0.652359	536500.0
2014-01-30	0.010491	0.175841	0.181361	0.166971	0.532196	601200.0
2014-01-29	-0.012367	0.144362	0.164804	0.143973	-0.635204	575600.0
2014-01-28	0.015269999999999999	0.17844000000000002	0.183777	0.176266	0.772533	476200.0
2014-01-27	0.009937999999999999	0.190551	0.191549	0.168992	0.49786	680100.0
2014-01-24	-0.031369	0.155911	0.156685	0.127874	-1.622322	953500.0
2014-01-23	-0.006595	0.16711199999999998	0.16788	0.151553	-0.34334899999999996	957400.0
2014-01-22	-0.006064	0.159271	0.16156199999999998	0.154117	-0.31759699999999996	506500.0
2014-01-21	-0.011342	0.156694	0.156694	0.146312	-0.6008600000000001	555100.0
2014-01-17	0.009982	0.18044100000000002	0.184063	0.174531	0.523609	631200.0
2014-01-16	0.041589	0.20928000000000002	0.21384699999999998	0.204713	2.094429	792300.0
2014-01-15	0.003764	0.162009	0.171577	0.160216	0.188835	422900.0
2014-01-14	0.001371	0.168791	0.170987	0.163402	0.06866799999999999	533600.0
2014-01-13	-0.010678	0.153152	0.164604	0.150782	-0.540779	483300.0
2014-01-10	0.010620000000000001	0.174777	0.178569	0.168791	0.532193	1038800.0
2014-01-09	-0.016841	0.154601	0.154601	0.141848	-0.858368	1363600.0
2014-01-08	-0.006359	0.171237	0.171237	0.15681099999999998	-0.32618	1979200.0
2014-01-07	-0.0066489999999999995	0.165967	0.166548	0.155123	-0.34334899999999996	255300.0
2014-01-06	-0.011177	0.159638	0.159638	0.146999	-0.583691	297500.0
2014-01-03	0.0008230000000000001	0.167299	0.171323	0.16404100000000002	0.042919	352600.0
2014-01-02	-0.02141	0.150558	0.15093399999999998	0.13518	-1.141632	285200.0
2013-12-31	0.009589	0.164052	0.17617	0.164052	0.5064390000000001	264400.0
2013-12-30	-0.00016299999999999998	0.162917	0.169353	0.161402	-0.008587000000000001	316600.0
2013-12-27	0.015177000000000001	0.182488	0.184409	0.17768299999999998	0.789704	368300.0
2013-12-26	0.000825	0.16096	0.16692200000000001	0.159421	0.042914999999999995	243700.0
2013-12-24	0.010679000000000001	0.168304	0.178801	0.167915	0.549358	142100.0
2013-12-23	0.013016	0.177208	0.18390399999999998	0.176027	0.66095	434300.0
2013-12-20	0.001185	0.172294	0.17643399999999998	0.16361900000000001	0.060082	723200.0
2013-12-19	0.0008470000000000001	0.155528	0.167762	0.153752	0.042914999999999995	388700.0
2013-12-18	0.016878999999999998	0.17924600000000002	0.193091	0.16279200000000002	0.841209	1219700.0
2013-12-17	-0.0015480000000000001	0.164598	0.168004	0.159389	-0.07725499999999999	580500.0
2013-12-16	0.017498	0.18823800000000002	0.19577999999999998	0.184365	0.8583639999999999	762200.0
2013-12-13	-0.000699	0.166629	0.172536	0.162351	-0.034332	442800.0
2013-12-12	-0.014984	0.15576900000000002	0.156371	0.140921	-0.746777	473900.0
2013-12-11	-0.023052	0.164803	0.164803	0.13794700000000001	-1.175975	476600.0
2013-12-10	-0.016385	0.159407	0.162107	0.145332	-0.849785	944200.0
2013-12-09	-0.000992	0.157487	0.168274	0.15479	-0.051499	543400.0
2013-12-06	0.017154	0.19086199999999998	0.191645	0.180477	0.875531	686600.0
2013-12-05	-0.004353	0.16012200000000001	0.164804	0.153685	-0.22316799999999998	708300.0
2013-12-04	0.008954	0.16755799999999998	0.177202	0.166574	0.454933	273400.0
2013-12-03	-0.004875	0.157361	0.169504	0.154227	-0.24891999999999997	372800.0
2013-12-02	-0.019776	0.15098399999999998	0.15290399999999998	0.139848	-1.0300479999999999	394800.0
2013-11-29	0.012853	0.189501	0.19086199999999998	0.17841700000000002	0.660945	560100.0
2013-11-27	0.004527000000000001	0.173203	0.178282	0.167734	0.23175900000000002	297400.0
2013-11-26	-0.014541	0.145172	0.15248699999999998	0.142862	-0.755368	440300.0
2013-11-25	-0.007055	0.160029	0.160603	0.15334	-0.369095	416300.0
2013-11-22	-0.009265	0.150796	0.15572	0.148335	-0.48927600000000004	423500.0
2013-11-21	-0.006299	0.160295	0.163682	0.154838	-0.33476300000000003	384400.0
2013-11-20	-0.000484	0.1855	0.186629	0.16199000000000002	-0.025749	399100.0
2013-11-19	-0.0053	0.166122	0.166496	0.154148	-0.28326399999999996	202300.0
2013-11-18	-0.001923	0.168734	0.172095	0.160891	-0.103005	361200.0
2013-11-15	0.012825	0.180886	0.182588	0.175023	0.67812	234100.0
2013-11-14	0.0	0.154408	0.16783599999999999	0.15195	0.0	261000.0
2013-11-13	-0.002591	0.14028800000000002	0.16217	0.1401	-0.13734100000000002	389000.0
2013-11-12	-0.009145	0.156401	0.16256900000000002	0.14799	-0.48927299999999996	233600.0
2013-11-11	-0.015168000000000001	0.152298	0.15634800000000001	0.144751	-0.8240350000000001	330700.0
2013-11-08	0.008927	0.160728	0.175771	0.15478499999999998	0.48068999999999995	419200.0
2013-11-07	-0.016617	0.168104	0.168287	0.144179	-0.909874	891000.0
2013-11-06	0.007741	0.172913	0.17788199999999998	0.169416	0.4206	350400.0
2013-11-05	0.012476000000000001	0.183447	0.184192	0.17189400000000002	0.669529	353800.0
2013-11-04	0.01576	0.180331	0.184116	0.174652	0.832619	348600.0
2013-11-01	-0.00146	0.166889	0.17237	0.150824	-0.07725499999999999	1045900.0
2013-10-31	-0.012496	0.164999	0.16761199999999998	0.150255	-0.669525	550900.0
2013-10-30	-0.005417	0.169269	0.17205299999999998	0.154604	-0.29184699999999997	415300.0
2013-10-29	-0.003493	0.162409	0.163889	0.154455	-0.188843	434300.0
2013-10-28	-0.004111	0.155788	0.162604	0.152104	-0.223183	421300.0
2013-10-25	0.000633	0.16481500000000002	0.169792	0.162418	0.034336	408800.0
2013-10-24	0.016731	0.181867	0.185615	0.179618	0.8927120000000001	602600.0
2013-10-23	-0.014116	0.15188	0.152619	0.144304	-0.763954	389000.0
2013-10-22	0.034794	0.207828	0.21949200000000002	0.204769	1.8197400000000001	1655800.0
2013-10-21	0.011286	0.173507	0.179694	0.17060699999999998	0.5836979999999999	828300.0
2013-10-18	0.006179	0.17998	0.17998	0.17044700000000002	0.31759699999999996	552600.0
2013-10-17	0.010803	0.166179	0.177585	0.16558900000000001	0.54935	685000.0
2013-10-16	0.001352	0.167165	0.17208800000000002	0.160864	0.06867999999999999	345600.0
2013-10-15	0.0045850000000000005	0.167571	0.171329	0.162625	0.231754	766000.0
2013-10-14	0.006667	0.159025	0.17535499999999998	0.15723199999999998	0.334767	410800.0
2013-10-11	0.010537000000000001	0.15976700000000002	0.180092	0.15795599999999999	0.523609	965000.0
2013-10-10	0.018473	0.168278	0.188775	0.167664	0.901283	626700.0
2013-10-09	-0.0005269999999999999	0.160492	0.169916	0.152093	-0.025749	1062900.0
2013-10-08	-0.015238	0.152895	0.15390399999999999	0.14361600000000002	-0.755367	499900.0
2013-10-07	-0.011299	0.145253	0.16081099999999998	0.145054	-0.566525	831100.0
2013-10-04	0.0005139999999999999	0.152427	0.165797	0.15043199999999998	0.02575	489800.0
2013-10-03	-0.017502	0.15421600000000002	0.155	0.137747	-0.892701	343800.0
2013-10-02	0.011921	0.161031	0.18186300000000002	0.159642	0.600861	794500.0
2013-10-01	-0.002379	0.151936	0.162426	0.15015499999999998	-0.120174	520000.0
2013-09-30	-0.013409	0.14566700000000002	0.156212	0.14469100000000001	-0.686699	375200.0
2013-09-27	-0.011433	0.147239	0.153031	0.14318599999999998	-0.59227	378400.0
2013-09-26	0.008690999999999999	0.173177	0.182524	0.168699	0.446346	301200.0
2013-09-25	0.008938	0.178162	0.181305	0.172072	0.454937	521600.0
2013-09-24	-0.011502	0.161115	0.16130899999999998	0.149851	-0.592278	424700.0
2013-09-23	-0.000167	0.168882	0.172766	0.162863	-0.008583	372400.0
2013-09-20	-0.019608	0.153387	0.153387	0.139491	-1.030037	522800.0
2013-09-19	-0.025478	0.159434	0.159619	0.12956700000000002	-1.373394	610400.0
2013-09-18	0.036817	0.16096	0.210391	0.154228	1.914162	715600.0
2013-09-17	0.00033	0.16346	0.16653800000000002	0.159997	0.017169999999999998	252700.0
2013-09-16	0.006483	0.186107	0.18668800000000002	0.170809	0.33476300000000003	430800.0
2013-09-13	-0.008406	0.14560499999999998	0.15520599999999998	0.140228	-0.437767	831100.0
2013-09-12	-0.012372	0.150207	0.15551700000000002	0.14831	-0.652363	260600.0
2013-09-11	-0.000325	0.156468	0.16898	0.151159	-0.017166	423200.0
2013-09-10	0.013525	0.17268499999999998	0.1821	0.16961099999999998	0.703865	567800.0
2013-09-09	0.014728	0.169484	0.183327	0.164414	0.755363	531700.0
2013-09-06	0.004033	0.174591	0.178311	0.163629	0.20600500000000002	282700.0
2013-09-05	-0.000839	0.16108699999999998	0.167933	0.160305	-0.042919	234500.0
2013-09-04	0.005741	0.157327	0.173065	0.15654	0.291851	346400.0
2013-09-03	0.039945	0.242222	0.243654	0.22769699999999998	1.9525150000000002	385300.0
2013-08-30	0.003629	0.19704100000000002	0.199095	0.189855	0.176731	347700.0
2013-08-29	-0.003101	0.189645	0.198652	0.183095	-0.15148599999999998	461300.0
2013-08-28	0.005195	0.191299	0.20487800000000003	0.190682	0.25248400000000004	939900.0
2013-08-27	-0.021684000000000002	0.174726	0.181973	0.161642	-1.077252	614900.0
2013-08-26	-0.005224	0.18821300000000002	0.19381900000000002	0.179202	-0.260891	618800.0
2013-08-23	-0.002018	0.194208	0.19500699999999999	0.183816	-0.100997	486100.0
2013-08-22	0.021474	0.21270799999999998	0.221485	0.210871	1.0520049999999999	371100.0
2013-08-21	-0.028051999999999997	0.17214200000000002	0.175317	0.154088	-1.413894	590400.0
2013-08-20	-0.018197	0.173019	0.182174	0.165812	-0.934174	541400.0
2013-08-19	-0.012466	0.17820999999999998	0.18301900000000002	0.169746	-0.648033	474900.0
2013-08-16	-0.002584	0.190131	0.191666	0.18245699999999998	-0.134655	417100.0
2013-08-15	0.000808	0.17265899999999998	0.19301300000000002	0.16421	0.042083999999999996	518700.0
2013-08-14	0.006834000000000001	0.20135899999999998	0.208706	0.193046	0.353466	414000.0
2013-08-13	0.004084	0.196172	0.196172	0.183554	0.210403	682800.0
2013-08-12	-0.008584	0.171469	0.18898199999999998	0.171469	-0.44605200000000006	1177900.0
2013-08-09	0.030889999999999997	0.196744	0.228091	0.19476	1.556961	1358900.0
2013-08-08	0.046113999999999995	0.216439	0.24632600000000002	0.215817	2.221828	936900.0
2013-08-07	-0.001744	0.184069	0.193185	0.182411	-0.084164	461700.0
2013-08-06	-0.013249	0.180035	0.18126099999999998	0.167768	-0.648037	338100.0
2013-08-05	0.004494	0.19129300000000002	0.199918	0.187186	0.218823	331700.0
2013-08-02	-0.001898	0.183088	0.188007	0.177554	-0.092579	1822100.0
2013-08-01	0.014525999999999999	0.209215	0.211918	0.20006500000000002	0.6985279999999999	1110500.0
2013-07-31	-0.002444	0.18551600000000001	0.198792	0.17991500000000002	-0.11782000000000001	1910900.0
2013-07-30	-0.014283	0.18269200000000002	0.18310099999999999	0.167969	-0.698529	488100.0
2013-07-29	-0.006327	0.179882	0.186384	0.17541199999999998	-0.311397	532300.0
2013-07-26	0.006194	0.18350999999999998	0.195572	0.179421	0.30297399999999997	433400.0
2013-07-25	0.0008609999999999999	0.17041099999999998	0.189236	0.17041099999999998	0.042088	769300.0
2013-07-24	-0.015429	0.193249	0.193451	0.164642	-0.765854	896200.0
2013-07-23	0.020945	0.21104299999999998	0.21783000000000002	0.207958	1.018334	840500.0
2013-07-22	0.01654	0.200757	0.211002	0.196576	0.791099	831800.0
2013-07-19	-0.003682	0.187796	0.189046	0.180505	-0.176735	1681100.0
2013-07-18	0.0040490000000000005	0.192814	0.202435	0.190931	0.19356600000000002	464400.0
2013-07-17	0.015553	0.21964899999999998	0.22241	0.202444	0.7322	592200.0
2013-07-16	0.027364999999999997	0.213308	0.220727	0.20501599999999998	1.253983	641100.0
2013-07-15	0.0062829999999999995	0.20029	0.203145	0.19370199999999999	0.286144	551200.0
2013-07-12	-0.018680000000000002	0.1783	0.178946	0.16256900000000002	-0.866848	711900.0
2013-07-11	0.069641	0.254135	0.27211399999999997	0.24837199999999998	3.021347	1420700.0
2013-07-10	-0.006934999999999999	0.18043	0.191646	0.173334	-0.302978	549800.0
2013-07-09	0.027717000000000002	0.22396999999999997	0.224675	0.20444400000000001	1.178241	602300.0
2013-07-08	0.004375	0.19081199999999998	0.202153	0.187031	0.18515	432200.0
2013-07-05	-0.013922	0.171205	0.17516500000000002	0.15466300000000002	-0.597541	840400.0
2013-07-03	-0.013921000000000001	0.16432	0.17718499999999998	0.158117	-0.60595	332600.0
2013-07-02	-0.006531	0.19026700000000002	0.19505999999999998	0.170182	-0.28614	431300.0
2013-07-01	0.015409	0.20489899999999997	0.21556	0.201423	0.66486	657400.0
2013-06-28	-0.012709	0.170594	0.17906	0.16281500000000002	-0.555455	1032700.0
2013-06-27	0.008154	0.18959700000000002	0.205513	0.18959700000000002	0.353478	791700.0
2013-06-26	-0.02035	0.16403199999999998	0.171942	0.155897	-0.900517	1173700.0
2013-06-25	0.009989	0.191408	0.204646	0.185245	0.437634	738900.0
2013-06-24	-0.022897999999999998	0.16256600000000002	0.17394	0.146509	-1.026753	1252800.0
2013-06-21	0.0013160000000000001	0.184193	0.194912	0.16833800000000002	0.058918	1095900.0
2013-06-20	-0.03762	0.156192	0.158985	0.139429	-1.750534	1169700.0
2013-06-19	-0.026585	0.179008	0.191141	0.156624	-1.27082	1013700.0
2013-06-18	-0.004033	0.17571199999999998	0.19071300000000002	0.174045	-0.19356199999999998	768100.0
2013-06-17	0.009917	0.2021	0.20799099999999998	0.19221	0.47129099999999996	1283600.0
2013-06-14	-0.006509999999999999	0.19322999999999999	0.198665	0.178596	-0.311394	503500.0
2013-06-13	0.035149	0.21526199999999998	0.23214	0.210718	1.624298	734300.0
2013-06-12	-0.004352	0.20027799999999998	0.201355	0.181749	-0.201988	665500.0
2013-06-11	-0.019032	0.15334	0.172784	0.151437	-0.900517	809900.0
2013-06-10	-0.012124	0.175894	0.17923499999999998	0.170257	-0.5807	617600.0
2013-06-07	-0.003851	0.176149	0.185093	0.17095	-0.185157	802900.0
2013-06-06	0.010078	0.185271	0.200817	0.18107	0.479713	1007700.0
2013-06-05	-0.02213	0.164793	0.175065	0.16089	-1.077251	1254400.0
2013-06-04	-0.015824	0.174869	0.17911400000000002	0.164153	-0.7826890000000001	676900.0
2013-06-03	0.022799	0.201034	0.215509	0.192142	1.1025049999999998	586000.0
2013-05-31	-0.028406999999999998	0.184395	0.184395	0.15445899999999999	-1.413894	1690700.0
2013-05-30	0.013018	0.18821300000000002	0.208973	0.18393800000000002	0.639621	807100.0
2013-05-29	0.001888	0.19330999999999998	0.198408	0.183115	0.092575	705000.0
2013-05-28	0.000687	0.191885	0.19413	0.182499	0.033661	934800.0
2013-05-24	-0.009862000000000001	0.169827	0.180535	0.16922	-0.48812799999999995	573200.0
2013-05-23	-0.012426000000000001	0.164269	0.178635	0.15529	-0.622776	625900.0
2013-05-22	-0.008161	0.195931	0.218096	0.17416099999999998	-0.41238800000000003	1151700.0
2013-05-21	0.017282	0.20774099999999998	0.21881399999999998	0.199889	0.858432	798500.0
2013-05-20	0.006995	0.182333	0.197741	0.181117	0.345051	1199200.0
2013-05-17	0.010865999999999999	0.207067	0.21095999999999998	0.198049	0.530213	473600.0
2013-05-16	0.001036	0.189033	0.20277799999999999	0.18534	0.050495	930000.0
2013-05-15	-0.009576000000000001	0.180898	0.185571	0.17236400000000002	-0.47130200000000005	820300.0
2013-05-14	-0.003068	0.181123	0.19023800000000002	0.178085	-0.15148599999999998	635000.0
2013-05-13	-0.011293000000000001	0.181203	0.181804	0.17159000000000002	-0.563873	653000.0
2013-05-10	0.0010119999999999999	0.188212	0.190217	0.17538199999999998	0.050495	1084900.0
2013-05-09	-0.006370000000000001	0.19697699999999999	0.198372	0.176858	-0.319805	1322600.0
2013-05-08	0.021055	0.196552	0.21526399999999998	0.196145	1.035172	1234600.0
2013-05-07	0.0036079999999999997	0.19699	0.199848	0.185967	0.176738	813600.0
2013-05-06	0.01059	0.19192599999999999	0.202653	0.186975	0.513371	795800.0
2013-05-03	0.03709	0.237418	0.24105500000000002	0.228219	1.733696	906800.0
2013-05-02	-0.00072	0.170468	0.19248800000000002	0.170468	-0.033665	730000.0
2013-05-01	-0.016805	0.178964	0.178964	0.16656300000000002	-0.799515	866400.0
2013-04-30	-0.008246	0.163198	0.17904	0.152358	-0.39555300000000004	2665900.0
2013-04-29	0.014596000000000001	0.197942	0.207671	0.196461	0.690113	837900.0
2013-04-26	-0.004254	0.18737	0.188423	0.175155	-0.201985	600100.0
2013-04-25	0.01093	0.202477	0.22185100000000002	0.198219	0.513371	1375900.0
2013-04-24	0.026485	0.211159	0.221212	0.210504	1.211906	713600.0
2013-04-23	-0.000735	0.187121	0.193017	0.180569	-0.033664	862100.0
2013-04-22	-0.003297	0.180377	0.18603599999999998	0.164052	-0.15149	1400300.0
2013-04-19	0.007382	0.202246	0.202465	0.184924	0.336644	720000.0
2013-04-18	-0.0016579999999999998	0.18865	0.19609300000000002	0.176829	-0.075745	1046700.0
2013-04-17	-0.045877999999999995	0.148529	0.1502	0.123466	-2.196575	1411000.0
2013-04-16	0.031737	0.22398400000000002	0.226785	0.213856	1.472801	714200.0
2013-04-15	-0.056951999999999996	0.148382	0.148585	0.119322	-2.802532	1086600.0
2013-04-12	-0.015491	0.176609	0.17920899999999998	0.159202	-0.774269	596500.0
2013-04-11	-0.008514	0.180873	0.186229	0.175517	-0.42921899999999996	695700.0
2013-04-10	-0.004156	0.18801500000000002	0.189398	0.18011300000000002	-0.210403	593500.0
2013-04-09	0.039577999999999995	0.20443599999999998	0.239142	0.204025	1.927269	1360600.0
2013-04-08	-0.0029289999999999997	0.17388	0.185141	0.17183199999999998	-0.14307	838200.0
2013-04-05	0.002938	0.17116800000000001	0.192525	0.167677	0.14307	622000.0
2013-04-04	0.010302	0.195889	0.205225	0.19236199999999998	0.49654	611700.0
2013-04-03	-0.016993	0.183726	0.18392999999999998	0.163127	-0.8331790000000001	771200.0
2013-04-02	0.008656	0.21186999999999998	0.212075	0.195824	0.420799	577100.0
2013-04-01	-0.005167000000000001	0.191078	0.19128199999999998	0.17716099999999999	-0.25248000000000004	513800.0
2013-03-28	-0.018594	0.17636300000000002	0.180179	0.165718	-0.9257620000000001	1405800.0
2013-03-27	0.0018629999999999999	0.178554	0.19203599999999998	0.175334	0.092575	480500.0
2013-03-26	0.006992	0.190442	0.197533	0.188618	0.345062	578600.0
2013-03-25	-0.009627	0.180386	0.185002	0.166138	-0.479713	715200.0
2013-03-22	-0.000338	0.191824	0.192827	0.1842	-0.016834000000000002	424100.0
2013-03-21	-0.005874	0.180834	0.192401	0.18043499999999998	-0.29456	542900.0
2013-03-20	-0.004345	0.180667	0.186227	0.1761	-0.218822	621300.0
2013-03-19	-0.031872000000000004	0.160146	0.163991	0.139961	-1.657952	928200.0
2013-03-18	-0.010723	0.171287	0.186501	0.171097	-0.563861	589800.0
2013-03-15	-0.005571	0.192751	0.195777	0.178	-0.294564	794500.0
2013-03-14	0.001115	0.185941	0.195028	0.184426	0.05890700000000001	1188200.0
2013-03-13	-0.009313	0.179397	0.18371099999999999	0.171895	-0.49654	602600.0
2013-03-12	-0.002205	0.190084	0.19626	0.18316	-0.11782100000000001	521500.0
2013-03-11	0.013408000000000002	0.19409200000000001	0.207558	0.190868	0.70694	892500.0
2013-03-08	-0.006817	0.181996	0.184633	0.175215	-0.36189699999999997	339100.0
2013-03-07	0.001111	0.194247	0.198961	0.18727	0.058922	369400.0
2013-03-06	0.01629	0.205844	0.209677	0.19664500000000001	0.850018	531700.0
2013-03-05	0.017894999999999998	0.24302800000000002	0.2481	0.23015300000000002	0.917308	678500.0
2013-03-04	-0.004014	0.207146	0.207146	0.191019	-0.206604	395500.0
2013-03-01	-0.014400999999999999	0.18420799999999998	0.200102	0.183251	-0.752029	1008000.0
2013-02-28	-0.013734999999999999	0.191363	0.204583	0.191174	-0.727234	1121200.0
2013-02-27	0.008818000000000001	0.192722	0.223588	0.191579	0.462791	768000.0
2013-02-26	0.001261	0.210823	0.21673699999999999	0.200522	0.066105	520800.0
2013-02-25	-0.015673	0.211375	0.215694	0.190531	-0.834667	952600.0
2013-02-22	0.006875	0.219703	0.222728	0.206846	0.363621	498800.0
2013-02-21	-0.032063	0.176204	0.179498	0.16430799999999998	-1.7519759999999998	692700.0
2013-02-20	-0.043680000000000004	0.173307	0.17610699999999999	0.15563	-2.495747	677300.0
2013-02-19	-0.00028900000000000003	0.214784	0.216534	0.203062	-0.016533000000000003	586200.0
2013-02-15	-0.001011	0.213731	0.21600300000000003	0.203243	-0.057846	350600.0
2013-02-14	0.014656	0.21609	0.231165	0.215558	0.8264090000000001	763300.0
2013-02-13	0.015025	0.22734200000000002	0.239583	0.22446100000000002	0.834667	261000.0
2013-02-12	-0.00665	0.191821	0.20791500000000002	0.19056900000000002	-0.371872	336500.0
2013-02-11	-0.006022	0.202062	0.20366199999999998	0.194953	-0.338829	277000.0
2013-02-08	0.004871	0.21934800000000002	0.223456	0.213275	0.27270900000000003	204800.0
2013-02-07	-0.0076170000000000005	0.210238	0.21165599999999998	0.195349	-0.42972200000000005	260200.0
2013-02-06	0.004118	0.206857	0.218069	0.20561100000000002	0.23138000000000003	251300.0
2013-02-05	-0.0010279999999999998	0.212549	0.214327	0.202237	-0.057846	378300.0
2013-02-04	-0.024789	0.18752	0.192548	0.177464	-1.4296799999999998	378200.0
2013-02-01	0.016753999999999998	0.227161	0.23297800000000002	0.22028499999999998	0.950364	653700.0
2013-01-31	0.017794	0.23356500000000002	0.23679499999999998	0.22674699999999998	0.991684	596900.0
2013-01-30	-0.002809	0.213281	0.220259	0.20236700000000002	-0.15701700000000002	639600.0
2013-01-29	0.020522	0.22411999999999999	0.23927600000000002	0.223573	1.12392	502400.0
2013-01-28	-0.006595999999999999	0.204619	0.20625100000000002	0.19954000000000002	-0.36362	354800.0
2013-01-25	-0.0028399999999999996	0.206262	0.20806999999999998	0.197761	-0.157032	408000.0
2013-01-24	0.0	0.21150700000000003	0.22471100000000002	0.206804	0.0	399000.0
2013-01-23	0.0060149999999999995	0.22461799999999998	0.224981	0.214428	0.330577	626800.0
2013-01-22	0.011561	0.21779099999999998	0.226442	0.215214	0.6280600000000001	783300.0
2013-01-18	-0.009641	0.203316	0.20368	0.188368	-0.5288930000000001	1086700.0
2013-01-17	-0.000753	0.204414	0.2117	0.199495	-0.041324	884600.0
2013-01-16	-0.005092	0.193206	0.20698000000000003	0.193206	-0.280964	309000.0
2013-01-15	-0.002242	0.200296	0.208975	0.198126	-0.12397000000000001	399600.0
2013-01-14	-0.0007469999999999999	0.20825300000000002	0.21096399999999998	0.203736	-0.041325	701800.0
2013-01-11	-0.027023000000000002	0.176482	0.179822	0.170504	-1.537113	1020900.0
2013-01-10	-0.006925	0.207267	0.209362	0.195395	-0.396675	750800.0
2013-01-09	0.0049299999999999995	0.21900799999999998	0.223394	0.209885	0.280975	281600.0
2013-01-08	-0.01612	0.191245	0.194179	0.186066	-0.9338299999999999	361900.0
2013-01-07	-0.003128	0.196294	0.20765100000000003	0.194918	-0.181805	948400.0
2013-01-04	-0.0031190000000000002	0.197023	0.208688	0.195822	-0.181812	869700.0
2013-01-03	-0.021228999999999998	0.186219	0.194614	0.178999	-1.264397	667800.0
2013-01-02	0.024158000000000002	0.24307600000000001	0.244968	0.2276	1.404881	316200.0
2012-12-31	0.020151	0.21076199999999998	0.237777	0.20690300000000003	1.148701	366200.0
2012-12-28	-0.008908	0.205192	0.209191	0.19736900000000002	-0.512372	529700.0
2012-12-27	0.006653	0.227212	0.228787	0.20865999999999998	0.38015	491300.0
2012-12-26	0.0024649999999999997	0.21585	0.223394	0.21199	0.140484	246500.0
2012-12-24	-0.004187	0.20534299999999997	0.210934	0.201674	-0.239654	86000.0
2012-12-21	-0.013109	0.186611	0.196266	0.182818	-0.760292	364000.0
2012-12-20	0.009639	0.221898	0.222072	0.213716	0.5536840000000001	352100.0
2012-12-19	-0.008133	0.218176	0.218176	0.199355	-0.47104700000000005	283700.0
2012-12-18	0.018605	0.228352	0.23327699999999998	0.22114099999999998	1.057801	769300.0
2012-12-17	0.016999	0.221329	0.233492	0.220077	0.9503590000000001	564800.0
2012-12-14	0.018059	0.21789099999999997	0.23610100000000003	0.21698	0.991692	357800.0
2012-12-13	-0.002102	0.207698	0.217329	0.201701	-0.115693	602900.0
2012-12-12	0.003768	0.21498499999999998	0.225017	0.209878	0.20660100000000003	320300.0
2012-12-11	0.015149000000000001	0.224133	0.231354	0.22302199999999997	0.818138	466600.0
2012-12-10	0.007244	0.20856799999999998	0.220691	0.20763600000000001	0.388416	470900.0
2012-12-07	0.002472	0.212304	0.21398699999999998	0.202769	0.132217	416100.0
2012-12-06	0.005594	0.21739299999999998	0.21983699999999998	0.21118800000000001	0.297512	431800.0
2012-12-05	0.022886	0.234292	0.246216	0.228138	1.190022	747100.0
2012-12-04	0.00015900000000000002	0.21063800000000002	0.214292	0.20313599999999998	0.00827	356400.0
2012-12-03	-0.0034850000000000003	0.21868600000000002	0.219644	0.20488499999999998	-0.18182	366800.0
2012-11-30	-0.00015800000000000002	0.212743	0.21734299999999998	0.20469400000000001	-0.008258	384200.0
2012-11-29	0.013319999999999999	0.22948000000000002	0.23297600000000002	0.21977	0.685905	523300.0
2012-11-28	0.0076	0.198515	0.21964899999999998	0.193428	0.38842	440400.0
2012-11-27	-0.0156	0.202355	0.21025300000000002	0.18925699999999998	-0.809872	543400.0
2012-11-26	0.002074	0.201374	0.21256999999999998	0.19905799999999998	0.10743	475800.0
2012-11-23	0.019184	0.221667	0.233864	0.22068400000000002	0.9751549999999999	162400.0
2012-11-21	-0.0014609999999999998	0.206328	0.21163200000000001	0.202399	-0.07437200000000001	711200.0
2012-11-20	-0.006291	0.203228	0.211427	0.193078	-0.322303	403600.0
2012-11-19	0.027856	0.22952199999999998	0.24396900000000002	0.22952199999999998	1.388363	485500.0
2012-11-16	0.0034939999999999997	0.20261099999999999	0.218718	0.192745	0.173542	647500.0
2012-11-15	-0.001661	0.211869	0.21629099999999998	0.20081400000000002	-0.082642	360000.0
2012-11-14	-0.019863	0.210258	0.21183400000000002	0.183267	-1.008205	550000.0
2012-11-13	-0.010631999999999999	0.194857	0.21123000000000003	0.192128	-0.545433	635600.0
2012-11-12	0.001452	0.21455	0.215331	0.20693699999999998	0.074375	379300.0
2012-11-09	-0.0049759999999999995	0.197824	0.21880100000000002	0.19763	-0.256184	839300.0
2012-11-08	-0.008909	0.20563299999999998	0.21660500000000002	0.19581500000000002	-0.46279499999999996	682200.0
2012-11-07	-0.022699	0.192376	0.192941	0.172999	-1.206539	778700.0
2012-11-06	0.009415999999999999	0.21044000000000002	0.227152	0.208921	0.495834	811400.0
2012-11-05	-0.009328	0.203476	0.20554499999999998	0.192564	-0.495834	889200.0
2012-11-02	-0.010766	0.218435	0.218993	0.193869	-0.578488	590200.0
2012-11-01	0.016255000000000002	0.21894899999999998	0.23086500000000001	0.216491	0.8594629999999999	840800.0
2012-10-31	0.004711	0.232483	0.232483	0.21329099999999998	0.247921	663900.0
2012-10-26	-0.013019	0.198995	0.202933	0.18868	-0.694183	1034100.0
2012-10-25	0.015263999999999998	0.233862	0.235004	0.22053299999999998	0.801612	407800.0
2012-10-24	0.005220000000000001	0.227287	0.23034899999999997	0.21369699999999997	0.272717	524400.0
2012-10-23	-0.031111	0.173341	0.177421	0.16425399999999998	-1.677601	1053600.0
2012-10-22	0.008033	0.21585500000000002	0.224268	0.208565	0.42972200000000005	809300.0
2012-10-19	-0.012057	0.214308	0.214677	0.192885	-0.6528510000000001	620800.0
2012-10-18	0.003676	0.21117199999999997	0.228041	0.21098699999999998	0.19833399999999998	640400.0
2012-10-17	0.038994	0.23972	0.263216	0.23278600000000002	2.024692	811500.0
2012-10-16	0.007859999999999999	0.215495	0.221318	0.21180700000000002	0.404938	630100.0
2012-10-15	0.003542	0.21064499999999997	0.21590399999999998	0.197204	0.181812	292400.0
2012-10-12	-0.004007999999999999	0.213746	0.219373	0.201524	-0.20660799999999999	425600.0
2012-10-11	0.010041	0.228481	0.231616	0.219466	0.512375	382500.0
2012-10-10	-0.00048600000000000005	0.217112	0.217112	0.20183399999999999	-0.024791	800400.0
2012-10-09	0.000162	0.21476199999999998	0.22592800000000002	0.20712199999999997	0.008265999999999999	662200.0
2012-10-08	-0.002261	0.195206	0.211233	0.192274	-0.11569600000000001	818200.0
2012-10-05	-0.003701	0.21999200000000002	0.224665	0.200713	-0.190075	611200.0
2012-10-04	0.002096	0.203621	0.219817	0.20108399999999998	0.10743299999999999	653200.0
2012-10-03	-0.010373	0.21527399999999997	0.21566100000000002	0.192487	-0.537166	678900.0
2012-10-02	-0.008544	0.218676	0.2204	0.194935	-0.446255	515600.0
2012-10-01	0.011848000000000001	0.222072	0.241833	0.22090900000000002	0.611538	649900.0
2012-09-28	-0.009201	0.20487800000000003	0.20487800000000003	0.189905	-0.479321	592400.0
2012-09-27	0.016774	0.216306	0.23172399999999999	0.21415900000000002	0.859467	600000.0
2012-09-26	-0.000322	0.205183	0.21864499999999998	0.195037	-0.016521	1175900.0
2012-09-25	-0.013834	0.213524	0.223721	0.192744	-0.718979	559300.0
2012-09-24	-0.007418000000000001	0.196501	0.20585900000000001	0.1944	-0.388413	514400.0
2012-09-21	-0.005961999999999999	0.213477	0.21518600000000002	0.202846	-0.314033	927100.0
2012-09-20	-0.017419	0.17890899999999998	0.190661	0.175924	-0.933838	1482900.0
2012-09-19	-0.00246	0.207269	0.21043299999999998	0.20057	-0.132221	1135000.0
2012-09-18	-0.0038299999999999996	0.198197	0.209875	0.19449	-0.206604	673900.0
2012-09-17	-0.013748	0.20841500000000002	0.209877	0.189402	-0.75203	759100.0
2012-09-14	0.036811	0.248349	0.26332300000000003	0.24815900000000002	1.9420509999999997	1901300.0
2012-09-13	0.033679	0.211236	0.256888	0.203987	1.7189259999999997	919100.0
2012-09-12	0.003575	0.22323400000000002	0.22696999999999998	0.203375	0.181804	800700.0
2012-09-11	0.016686000000000003	0.21086	0.23425	0.21066	0.834675	836700.0
2012-09-10	-0.010948000000000001	0.214608	0.217178	0.195627	-0.553696	810000.0
2012-09-07	0.042767	0.25397600000000004	0.264285	0.252739	2.07428	1242000.0
2012-09-06	0.036193	0.231424	0.258343	0.23099699999999998	1.6941259999999998	1218900.0
2012-09-05	-0.002466	0.20771599999999998	0.211765	0.196847	-0.115692	724900.0
