2017-09-01	0.014740	0.001600	0.027194	0.001600.1	1.290001	23500.000000
2016-09-01	-0.000151	0.037239999999999995	0.04542	0.037239999999999995	-0.009623999999999999	42600.0
2016-08-31	-0.015068000000000002	0.041597	0.041597	0.020372	-0.972557	105200.0
2016-08-30	0.001344	0.042377	0.042377	0.033068	0.086654	33900.0
2016-08-29	-0.001641	0.035091000000000004	0.037259	0.030289	-0.10591800000000001	34800.0
2016-08-26	-0.011354000000000001	0.034211	0.04202	0.020888999999999998	-0.741456	32800.0
2016-08-25	0.002809	0.043873	0.043873	0.034506	0.18296099999999998	18500.0
2016-08-24	-0.001034	0.035584	0.037731	0.030215	-0.067406	81400.0
2016-08-23	0.0046	0.037882	0.051597000000000004	0.036802999999999995	0.298508	37200.0
2016-08-22	-0.003843	0.034506999999999996	0.040954000000000004	0.025602999999999997	-0.250366	36400.0
2016-08-19	-0.003095	0.040641000000000004	0.040641000000000004	0.030387	-0.20221	49400.0
2016-08-18	0.001328	0.038805	0.046007	0.036352999999999996	0.086663	43500.0
2016-08-17	-0.0077599999999999995	0.033937	0.037738	0.023141	-0.510354	44200.0
2016-08-16	-0.014430000000000002	0.034152999999999996	0.034152999999999996	0.016919	-0.9629280000000001	68500.0
2016-08-15	0.0017350000000000002	0.037598	0.048406	0.033094	0.11555499999999999	47600.0
2016-08-12	-0.001588	0.034451999999999997	0.042395	0.031454	-0.105927	36000.0
2016-08-11	0.016131	0.035757	0.056317	0.035757	1.0592190000000001	36000.0
2016-08-10	0.008579	0.037423000000000005	0.04925	0.034964999999999996	0.558503	23600.0
2016-08-09	0.0014810000000000001	0.035883	0.042805	0.035883	0.09629	25600.0
2016-08-08	0.005211	0.035406	0.044838	0.034323	0.337021	61000.0
2016-08-05	0.0008939999999999999	0.036795999999999995	0.039891	0.032152999999999994	0.057785	36300.0
2016-08-04	0.0025399999999999997	0.040671	0.043153	0.032137	0.163696	67500.0
2016-08-03	0.011027	0.036145	0.051048	0.025949	0.702942	47100.0
2016-08-02	-0.001809	0.040691000000000005	0.045388	0.029573000000000002	-0.11555499999999999	42100.0
2016-08-01	-0.002107	0.03803	0.042248	0.028185	-0.134811	46700.0
2016-07-29	0.0069700000000000005	0.039442000000000005	0.052345	0.039442000000000005	0.44294700000000004	25000.0
2016-07-28	0.007634	0.031045999999999997	0.049914	0.031045999999999997	0.481465	36700.0
2016-07-27	-0.012662	0.037716	0.037716	0.021592	-0.8088569999999999	32300.0
2016-07-26	-0.002856	0.040215	0.040215	0.031942	-0.18296099999999998	30500.0
2016-07-25	-0.011147	0.028464999999999997	0.029546	0.01905	-0.722198	20700.0
2016-07-22	0.010817	0.03413	0.052697	0.03413	0.693313	24100.0
2016-07-21	-0.006271	0.039739	0.039739	0.029506	-0.404434	41300.0
2016-07-20	-0.001491	0.040975	0.043143	0.032925	-0.09629	33300.0
2016-07-19	0.002541	0.02872	0.044396	0.02872	0.163696	44600.0
2016-07-18	0.018106999999999998	0.040236	0.057303	0.040236	1.145885	48200.0
2016-07-15	0.006124	0.056782000000000006	0.056782000000000006	0.04136	0.38517399999999996	27700.0
2016-07-14	0.011459	0.038498000000000004	0.055705	0.038498000000000004	0.7125630000000001	30100.0
2016-07-13	0.005919	0.037043	0.047233	0.037043	0.365921	27200.0
2016-07-12	0.004222999999999999	0.046458	0.051655999999999994	0.039635000000000004	0.25998699999999997	25400.0
2016-07-11	-0.001562	0.03639	0.047743	0.035255	-0.096291	19600.0
2016-07-08	0.011373000000000001	0.047848	0.053097000000000005	0.043255	0.6933060000000001	23300.0
2016-07-07	-0.002364	0.036698	0.045370999999999995	0.034407	-0.14444	18400.0
2016-07-06	-0.000691	0.043341000000000005	0.043341000000000005	0.029113999999999998	-0.042236	41600.0
2016-07-05	-0.001077	0.027632	0.040416	0.022997999999999998	-0.065937	75600.0
2016-07-01	0.013252000000000002	0.04206	0.052261	0.04206	0.800636	29900.0
2016-06-30	0.0062759999999999995	0.03801	0.052184	0.03801	0.37677	35300.0
2016-06-29	0.009503	0.035538	0.050834	0.035538	0.565155	20400.0
2016-06-28	0.029176999999999998	0.042899	0.069814	0.042899	1.686043	38900.0
2016-06-27	-0.007603	0.038498000000000004	0.038498000000000004	0.023043	-0.44270299999999996	26700.0
2016-06-24	-0.025536	0.011323999999999999	0.017544999999999998	0.003631	-1.525917	40800.0
2016-06-23	0.014553	0.049792	0.054939999999999996	0.045308	0.857151	18900.0
2016-06-22	0.001281	0.044817	0.048310000000000006	0.039829	0.07535499999999999	17500.0
2016-06-21	0.007258	0.038331	0.047878	0.036823	0.423863	36400.0
2016-06-20	0.004374	0.053639	0.053639	0.040517000000000004	0.254318	22100.0
2016-06-17	0.013296	0.033043	0.05367	0.033043	0.762962	116100.0
2016-06-16	0.001809	0.028593	0.042255	0.028593	0.103611	27000.0
2016-06-15	0.005789	0.035407	0.048461000000000004	0.035407	0.32967399999999997	33400.0
2016-06-14	-0.008851999999999999	0.041733	0.041733	0.025730000000000003	-0.50864	26300.0
2016-06-13	-0.003431	0.039007	0.039007	0.030694	-0.19780699999999998	42500.0
2016-06-10	-0.010188	0.031445	0.034132	0.026743	-0.593411	24800.0
2016-06-09	-0.008816	0.031174	0.034503	0.026847000000000003	-0.518059	33300.0
2016-06-08	0.007916	0.043196	0.050242	0.043196	0.46154399999999995	40300.0
2016-06-07	0.0032409999999999995	0.04035	0.042369	0.037993	0.188385	111100.0
2016-06-06	-0.0051600000000000005	0.039502999999999996	0.040005	0.030293	-0.30141399999999996	39400.0
2016-06-03	0.021746	0.038498000000000004	0.062108000000000003	0.036958	1.243339	50700.0
2016-06-02	0.004967	0.039014	0.04572	0.035919	0.282578	100100.0
2016-06-01	0.003322	0.037118	0.044709	0.029873	0.188381	40900.0
2016-05-31	-0.013276	0.037647	0.037647	0.023349	-0.762955	60900.0
2016-05-27	-0.0024530000000000003	0.03714	0.038838	0.032046	-0.14128800000000002	78500.0
2016-05-26	0.004929	0.042252	0.047542	0.04174	0.282573	27200.0
2016-05-25	0.000987	0.040889999999999996	0.046355	0.039352	0.05651900000000001	24600.0
2016-05-24	0.0023079999999999997	0.043805000000000004	0.047572	0.038841	0.13187000000000001	21900.0
2016-05-23	-0.005574	0.03271	0.038668	0.029986000000000002	-0.320255	35000.0
2016-05-20	0.000985	0.043269999999999996	0.046508	0.038327999999999994	0.056514999999999996	30200.0
2016-05-19	-0.003271	0.030514999999999997	0.037479000000000005	0.027288	-0.188385	35400.0
2016-05-18	-0.009558	0.029414	0.039508	0.02504	-0.555737	57500.0
2016-05-17	-0.0008089999999999999	0.041692	0.041692	0.03127	-0.047092	31800.0
2016-05-16	-0.002905	0.044532	0.050062999999999996	0.034811	-0.169548	37900.0
2016-05-13	-0.010223999999999999	0.031863	0.032858	0.024562999999999998	-0.602829	33400.0
2016-05-12	-0.011683	0.038662	0.044400999999999996	0.025710000000000004	-0.697026	76200.0
2016-05-11	-0.00252	0.038335	0.038335	0.027541000000000003	-0.15070699999999998	66200.0
2016-05-10	0.010342	0.042464	0.050230000000000004	0.032054	0.6122479999999999	78600.0
2016-05-09	-0.018734999999999998	0.036066	0.036066	0.014825999999999999	-1.130311	93900.0
2016-05-06	0.009456	0.024423	0.05061	0.024423	0.565159	42300.0
2016-05-05	-0.004081	0.040617	0.044529	0.034260000000000006	-0.244903	30100.0
2016-05-04	-0.001254	0.033125999999999996	0.040126	0.028568	-0.075352	35000.0
2016-05-03	-0.021175	0.023997	0.027662	0.008699	-1.299854	65100.0
2016-05-02	-0.010477	0.044017	0.044017	0.02068	-0.649933	26500.0
2016-04-29	0.007188	0.043104	0.046757	0.032622000000000005	0.44270699999999996	28200.0
2016-04-28	0.010352	0.031117000000000002	0.053261	0.031117000000000002	0.631088	28800.0
2016-04-27	0.009515000000000001	0.035259	0.049513	0.035259	0.5745779999999999	25800.0
2016-04-26	0.005016	0.04501	0.047452	0.032963	0.30141399999999996	23900.0
2016-04-25	-0.005922	0.038822	0.038822	0.028141000000000003	-0.357933	12200.0
2016-04-22	-0.008345	0.036733	0.040424	0.020845	-0.508636	25600.0
2016-04-21	-0.004155	0.034023000000000005	0.038498000000000004	0.028908999999999997	-0.254319	21200.0
2016-04-20	-0.004443	0.030861000000000003	0.034201999999999996	0.024497	-0.27315900000000004	67600.0
2016-04-19	0.012723	0.044782	0.052516999999999994	0.033987	0.7723770000000001	49900.0
2016-04-18	0.000776	0.035918	0.040917	0.033338	0.047093	15100.0
2016-04-15	-0.00155	0.033346	0.039786	0.029481999999999998	-0.094189	16000.0
2016-04-14	-0.001084	0.039785	0.041393	0.034960000000000005	-0.065937	32900.0
2016-04-13	-0.004625	0.037857999999999996	0.038818	0.024731	-0.282578	29300.0
2016-04-12	0.014386000000000001	0.043532	0.053438	0.038823	0.866574	33300.0
2016-04-11	0.005661	0.035722000000000004	0.049277	0.035559	0.339092	37000.0
2016-04-08	0.020541999999999998	0.045332	0.060832000000000004	0.042165	1.205662	27000.0
2016-04-07	-0.014237999999999999	0.028312	0.028312	0.012869	-0.847733	69500.0
2016-04-06	0.0	0.039155	0.054599	0.023055000000000003	0.0	32600.0
2016-04-05	-0.017105000000000002	0.035107	0.035107	0.019119999999999998	-1.0361129999999998	45000.0
2016-04-04	0.002494	0.04125	0.043355	0.033318	0.15070699999999998	41300.0
2016-04-01	-0.004654999999999999	0.025608	0.043171	0.025608	-0.282578	61400.0
2016-03-31	-0.002013	0.041714	0.042197000000000005	0.027402999999999997	-0.122448	48100.0
2016-03-30	0.008275	0.044335	0.053577	0.037038999999999996	0.49921400000000005	49800.0
2016-03-29	0.012008	0.036693	0.051461	0.030294	0.715867	58600.0
2016-03-28	0.009893	0.041481	0.053080999999999996	0.041481	0.583992	49500.0
2016-03-24	-0.000797	0.035683	0.050585000000000005	0.032702999999999996	-0.047097	40900.0
2016-03-23	-0.021223	0.035581	0.035581	0.016458	-1.281013	32100.0
2016-03-22	-0.002491	0.033325	0.043186	0.027344	-0.15071099999999998	43300.0
2016-03-21	-0.0006219999999999999	0.037852	0.040275	0.029289999999999997	-0.037674	39700.0
2016-03-18	0.006418999999999999	0.030043	0.065001	0.026791000000000002	0.386185	80300.0
2016-03-17	0.019799	0.038498000000000004	0.065858	0.038167	1.167987	59000.0
2016-03-16	0.016589	0.045949000000000004	0.060277	0.034992	0.9626469999999999	52400.0
2016-03-15	-0.007072	0.077885	0.084748	0.075542	-0.41328400000000004	37400.0
2016-03-14	-0.0035229999999999997	0.07725599999999999	0.08693	0.073254	-0.206643	42000.0
2016-03-11	-0.0010710000000000001	0.095928	0.095928	0.079934	-0.062889	46900.0
2016-03-10	0.000459	0.089265	0.090098	0.07209600000000001	0.026955	39700.0
2016-03-09	0.01287	0.094842	0.106829	0.091128	0.7457010000000001	28700.0
2016-03-08	-0.0049369999999999995	0.083893	0.090612	0.075829	-0.287499	33800.0
2016-03-07	0.0010810000000000001	0.078338	0.092464	0.07716	0.062889	36800.0
2016-03-04	-0.0013880000000000001	0.087589	0.087589	0.073818	-0.08086	36700.0
2016-03-03	0.015826	0.090641	0.105995	0.089617	0.9074209999999999	33900.0
2016-03-02	0.018512999999999998	0.08667899999999999	0.11030999999999999	0.070694	1.042187	64900.0
2016-03-01	0.029575999999999998	0.099856	0.12293399999999999	0.099856	1.617184	29800.0
2016-02-29	-0.01121	0.095309	0.095309	0.076205	-0.619915	45700.0
2016-02-26	-0.006296	0.09351	0.10353	0.077163	-0.350392	54900.0
2016-02-25	0.0	0.08366699999999999	0.09685	0.08366699999999999	0.0	49100.0
2016-02-24	0.004704	0.069691	0.094416	0.06562899999999999	0.260544	68800.0
2016-02-23	-0.013758000000000001	0.07674600000000001	0.086674	0.068386	-0.772655	51000.0
2016-02-22	0.009691	0.097206	0.108109	0.096151	0.539062	27000.0
2016-02-19	-0.001935	0.084201	0.08999299999999999	0.080164	-0.10781099999999999	48600.0
2016-02-18	0.0053479999999999995	0.08894099999999999	0.100411	0.084353	0.296486	34700.0
2016-02-17	0.007511	0.094454	0.10458699999999999	0.093565	0.41328100000000006	49700.0
2016-02-16	-0.009382	0.097746	0.097746	0.07520299999999999	-0.521096	37600.0
2016-02-12	0.028106	0.10325	0.11936500000000001	0.09981	1.518357	43300.0
2016-02-11	-0.008083	0.074755	0.09092	0.071163	-0.44023199999999996	33300.0
2016-02-10	-0.003125	0.092882	0.098254	0.083035	-0.170704	26700.0
2016-02-09	-0.012825	0.07215	0.080457	0.059248	-0.709766	29700.0
2016-02-08	0.003094	0.074581	0.098161	0.071035	0.170704	58300.0
2016-02-05	-0.006311	0.08013200000000001	0.084536	0.070971	-0.35038800000000003	37000.0
2016-02-04	0.010134	0.086985	0.103001	0.086629	0.55703	84900.0
2016-02-03	0.01493	0.093461	0.10502	0.079734	0.8085939999999999	90900.0
2016-02-02	-0.024595	0.07660800000000001	0.08066	0.058815	-1.365624	51700.0
2016-02-01	-0.010567	0.069939	0.082663	0.06453500000000001	-0.592971	81100.0
2016-01-29	0.032909	0.091645	0.124955	0.083003	1.787891	117500.0
2016-01-28	0.022662	0.09613	0.11785699999999999	0.095209	1.2039030000000002	63600.0
2016-01-27	0.005612	0.091727	0.099504	0.080062	0.296486	117600.0
2016-01-26	0.015193	0.08914	0.10718599999999999	0.088577	0.7906270000000001	49700.0
2016-01-25	-0.022941999999999997	0.073153	0.074806	0.061949000000000004	-1.221878	64000.0
2016-01-22	0.044766	0.11773900000000001	0.137504	0.114477	2.282032	69700.0
2016-01-21	-0.006479	0.08380800000000001	0.096581	0.077326	-0.332421	40800.0
2016-01-20	0.002633	0.079972	0.096984	0.075002	0.134766	51800.0
2016-01-19	0.012262	0.10579100000000001	0.11237	0.09263400000000001	0.619919	52800.0
2016-01-15	-0.025965	0.06275599999999999	0.07802200000000001	0.059364	-1.347653	28100.0
2016-01-14	-0.0015550000000000002	0.08613	0.09572699999999999	0.07258200000000001	-0.08086	21400.0
2016-01-13	0.001385	0.093287	0.094606	0.083865	0.071877	38000.0
2016-01-12	0.014931	0.091824	0.10731500000000001	0.088764	0.763671	28600.0
2016-01-11	-0.002628	0.093152	0.09639400000000001	0.08533099999999999	-0.134765	27300.0
2016-01-08	-0.010745000000000001	0.09952000000000001	0.10574700000000001	0.074424	-0.557034	74400.0
2016-01-07	-0.017872	0.06504299999999999	0.075236	0.059298000000000003	-0.9433549999999999	56400.0
2016-01-06	-0.005586	0.081577	0.09447699999999999	0.077154	-0.296486	46800.0
2016-01-05	0.009914	0.09379	0.100676	0.086345	0.521091	68900.0
2016-01-04	-0.015316999999999999	0.055227	0.083816	0.055227	-0.817577	96000.0
2015-12-31	-0.00419	0.0811	0.09953200000000001	0.0811	-0.224609	27000.0
2015-12-30	-0.015674	0.08642899999999999	0.094513	0.070621	-0.853512	20800.0
2015-12-29	0.010672	0.09729700000000001	0.10347	0.092032	0.574997	42300.0
2015-12-28	-0.010069	0.08139600000000001	0.082294	0.070612	-0.5480430000000001	89600.0
2015-12-24	0.007316	0.08387599999999999	0.10379100000000001	0.08387599999999999	0.39531	43100.0
2015-12-23	0.020706	0.098373	0.112602	0.090797	1.096088	28300.0
2015-12-22	-0.001017	0.090241	0.092272	0.079904	-0.053901	95500.0
2015-12-21	0.012010999999999999	0.09605	0.10968800000000001	0.093809	0.6289060000000001	135100.0
2015-12-18	-0.009686	0.089875	0.103565	0.07081900000000001	-0.512108	71000.0
2015-12-17	-0.009426	0.093163	0.09976	0.076852	-0.503128	68200.0
2015-12-16	0.017643	0.093986	0.11244900000000001	0.091935	0.9253879999999999	49000.0
2015-12-15	0.015658000000000002	0.09387899999999999	0.111305	0.09387899999999999	0.8085979999999999	29500.0
2015-12-14	-0.015922	0.083732	0.083732	0.066024	-0.835549	54200.0
2015-12-11	-0.015341	0.080689	0.084727	0.06655599999999999	-0.817577	71900.0
2015-12-10	0.002535	0.08931599999999999	0.10550899999999999	0.08582000000000001	0.134766	99400.0
2015-12-09	0.025832	0.08895299999999999	0.123874	0.08895299999999999	1.338669	99300.0
2015-12-08	-0.026662	0.08215	0.08215	0.053122	-1.419529	51500.0
2015-12-07	-0.00903	0.084759	0.084759	0.075656	-0.48515699999999995	48500.0
2015-12-04	-0.007304000000000001	0.088041	0.088403	0.079728	-0.395314	58000.0
2015-12-03	-0.005777	0.095593	0.095593	0.076366	-0.31445300000000004	42500.0
2015-12-02	0.002648	0.088404	0.09236799999999999	0.08191799999999999	0.143757	86600.0
2015-12-01	0.009184999999999999	0.090401	0.101492	0.089128	0.494137	52600.0
2015-11-30	0.000334	0.089492	0.09512999999999999	0.082944	0.017967	118900.0
2015-11-27	-0.011722	0.087866	0.087866	0.073665	-0.63789	43100.0
2015-11-25	0.006983	0.091299	0.099444	0.08967	0.377346	61000.0
2015-11-24	-0.004963	0.079579	0.09795	0.079579	-0.26953499999999997	35700.0
2015-11-23	-0.0077150000000000005	0.085369	0.08644099999999999	0.075539	-0.42226400000000003	27400.0
2015-11-20	-0.0011480000000000001	0.089478	0.09447699999999999	0.085908	-0.06289299999999999	40900.0
2015-11-19	0.004778	0.088764	0.097912	0.086791	0.260552	40500.0
2015-11-18	0.013186000000000002	0.091127	0.103121	0.087492	0.709766	41100.0
2015-11-17	-0.008277	0.09038600000000001	0.09164800000000001	0.07758999999999999	-0.449223	86200.0
2015-11-16	-0.00445	0.081587	0.08643200000000001	0.072616	-0.24258000000000002	41100.0
2015-11-13	-0.012048	0.08326900000000001	0.08734600000000001	0.07157000000000001	-0.664841	76000.0
2015-11-12	-0.009035	0.07804900000000001	0.08946699999999999	0.071198	-0.50312	50200.0
2015-11-11	-0.000323	0.094559	0.099125	0.08595499999999999	-0.017975	23100.0
2015-11-10	0.0037240000000000003	0.079951	0.097578	0.079951	0.206646	38500.0
2015-11-09	-0.008506999999999999	0.08282300000000001	0.086842	0.069366	-0.476177	54300.0
2015-11-06	-0.0044740000000000005	0.086329	0.0912	0.080761	-0.25156	43800.0
2015-11-05	-0.002868	0.081999	0.093448	0.081825	-0.161717	50900.0
2015-11-04	-0.021363	0.08944400000000001	0.091141	0.060412	-1.2308620000000001	62600.0
2015-11-03	0.00675	0.083979	0.096114	0.083979	0.386326	52500.0
2015-11-02	0.004257	0.089794	0.098205	0.080182	0.242581	67100.0
2015-10-30	-0.010915000000000001	0.08452	0.08452	0.071447	-0.628907	45700.0
2015-10-29	-0.007276	0.08151699999999999	0.084382	0.072753	-0.422267	51100.0
2015-10-28	0.00124	0.089777	0.098889	0.081339	0.071876	94400.0
2015-10-27	-0.007690000000000001	0.079387	0.081397	0.072019	-0.449215	64200.0
2015-10-26	-0.0026079999999999996	0.08742799999999999	0.090769	0.07724	-0.15273599999999998	46700.0
2015-10-23	0.006951000000000001	0.09381	0.100537	0.091455	0.404296	144300.0
2015-10-22	0.013938999999999998	0.087059	0.105305	0.087059	0.799611	47300.0
2015-10-21	0.011565	0.083762	0.103426	0.083762	0.655857	90400.0
2015-10-20	-0.011433	0.08569500000000001	0.08569500000000001	0.052273	-0.655857	86600.0
2015-10-19	-0.020104	0.074228	0.078071	0.06436900000000001	-1.1769530000000001	35000.0
2015-10-16	-0.001838	0.08759700000000001	0.0916	0.078924	-0.10781500000000001	25600.0
2015-10-15	0.013035	0.098226	0.103295	0.095861	0.754689	44600.0
2015-10-14	-0.002168	0.087416	0.099217	0.082358	-0.125782	30200.0
2015-10-13	-0.026823000000000003	0.07285	0.074326	0.056607000000000005	-1.599217	53900.0
2015-10-12	0.012202	0.085775	0.10503900000000001	0.085111	0.718746	29300.0
2015-10-09	-0.002435	0.090918	0.09224299999999999	0.078327	-0.143749	48300.0
2015-10-08	0.004279	0.080778	0.093589	0.074789	0.25156799999999996	48600.0
2015-10-07	-0.001678	0.087768	0.094578	0.078965	-0.098835	73200.0
2015-10-06	0.013451	0.089269	0.10576600000000001	0.087754	0.781643	83400.0
2015-10-05	0.011415	0.098639	0.10595999999999998	0.091318	0.6558609999999999	56000.0
2015-10-02	0.027474000000000002	0.07914299999999999	0.12042699999999999	0.07407000000000001	1.536327	63800.0
2015-10-01	-0.008917	0.09223200000000001	0.09223200000000001	0.076282	-0.503124	52500.0
2015-09-30	0.018654	0.096535	0.10977999999999999	0.095652	1.033199	33000.0
2015-09-29	0.013813999999999998	0.095747	0.105057	0.091808	0.754688	30400.0
2015-09-28	-0.01951	0.079636	0.079636	0.065943	-1.087108	68900.0
2015-09-25	-0.011318	0.08755	0.093798	0.074879	-0.63789	49500.0
2015-09-24	0.022327	0.078296	0.11307400000000001	0.075634	1.2308620000000001	137700.0
2015-09-23	-0.014297	0.090164	0.098384	0.071099	-0.79961	35000.0
2015-09-22	-0.016743	0.07621	0.07621	0.067268	-0.952343	28600.0
2015-09-21	-0.026	0.087089	0.088094	0.057944	-1.518361	93400.0
2015-09-18	-0.001996	0.07957	0.086591	0.073719	-0.11679400000000001	44600.0
2015-09-17	-0.001074	0.090768	0.096613	0.07724199999999999	-0.06289299999999999	33700.0
2015-09-16	0.010853	0.094335	0.10294400000000001	0.08960800000000001	0.6289060000000001	64500.0
2015-09-15	0.007812999999999999	0.090296	0.107307	0.088254	0.449219	23800.0
2015-09-14	0.006131	0.08363	0.09988999999999999	0.08037799999999999	0.350391	72800.0
2015-09-11	-0.0020399999999999997	0.087227	0.093376	0.083128	-0.116798	50600.0
2015-09-10	0.033901	0.092826	0.129737	0.085939	1.877731	65000.0
2015-09-09	-0.0136	0.102701	0.102701	0.073086	-0.763668	57400.0
2015-09-08	0.017418	0.10400699999999999	0.11269100000000001	0.095499	0.961327	67900.0
2015-09-04	-0.020255000000000002	0.074873	0.079561	0.059592	-1.141014	64200.0
2015-09-03	0.006744	0.092785	0.105197	0.086142	0.377342	24500.0
2015-09-02	0.016484	0.10689000000000001	0.110799	0.09160800000000001	0.9074209999999999	37800.0
2015-09-01	-0.019994	0.070653	0.077967	0.060552999999999996	-1.123043	56600.0
2015-08-31	0.0062770000000000005	0.08368300000000001	0.099104	0.072292	0.350387	69200.0
2015-08-28	0.000644	0.080874	0.097357	0.080874	0.035939	44200.0
2015-08-27	0.034832999999999996	0.10291800000000001	0.128504	0.099289	1.877735	38400.0
2015-08-26	0.019368	0.096903	0.115401	0.096903	1.024216	115500.0
2015-08-25	0.004437	0.12165	0.127038	0.092109	0.233596	126800.0
2015-08-24	-0.022682	0.026844999999999997	0.079867	0.026844999999999997	-1.221874	82700.0
2015-08-21	-0.021381	0.084677	0.084677	0.06264299999999999	-1.176956	39400.0
2015-08-20	-0.011455	0.076292	0.08630499999999999	0.07436	-0.637886	33900.0
2015-08-19	0.001454	0.0812	0.09844	0.074691	0.080856	62300.0
2015-08-18	0.0	0.080144	0.09386599999999999	0.073635	0.0	46800.0
2015-08-17	-0.004183	0.086312	0.08893999999999999	0.078954	-0.23359699999999997	46000.0
2015-08-14	0.0030670000000000003	0.08946699999999999	0.09210299999999999	0.078748	0.170704	28200.0
2015-08-13	-0.01962	0.081184	0.08842	0.061545	-1.114063	35800.0
2015-08-12	0.003175	0.082889	0.092394	0.076494	0.17968800000000001	58400.0
2015-08-11	-0.019608	0.076057	0.076735	0.064705	-1.1320270000000001	49600.0
2015-08-10	0.006894	0.087229	0.10241199999999999	0.080917	0.395309	44100.0
2015-08-07	0.00981	0.08463	0.09979	0.08463	0.55703	34200.0
2015-08-06	0.000633	0.086006	0.093591	0.08048999999999999	0.035938	56000.0
2015-08-05	0.005252000000000001	0.090671	0.095003	0.084606	0.29649000000000003	36000.0
2015-08-04	0.014041	0.09350900000000001	0.10756600000000001	0.09350900000000001	0.7816350000000001	45900.0
2015-08-03	-0.0056170000000000005	0.088764	0.088764	0.07513500000000001	-0.31445300000000004	21300.0
2015-07-31	-0.013926	0.08015	0.081872	0.06929500000000001	-0.790622	39000.0
2015-07-30	-0.0076950000000000005	0.086029	0.086029	0.068589	-0.44023599999999996	84100.0
2015-07-29	-0.005	0.089955	0.094378	0.08076900000000001	-0.287498	54900.0
2015-07-28	0.007873999999999999	0.100424	0.11071099999999999	0.092365	0.449219	123800.0
2015-07-27	-0.013822	0.08470599999999999	0.088934	0.069488	-0.79961	93800.0
2015-07-24	-0.011969	0.085924	0.094946	0.063872	-0.700779	80800.0
2015-07-23	-0.012576	0.090249	0.09173400000000001	0.072433	-0.7457050000000001	79900.0
2015-07-22	-0.003924	0.084328	0.087121	0.073647	-0.23359699999999997	74000.0
2015-07-21	0.002572	0.083328	0.095519	0.076574	0.15274100000000002	37100.0
2015-07-20	-0.008253	0.082393	0.082393	0.071773	-0.494149	72500.0
2015-07-17	0.0007509999999999999	0.080916	0.090563	0.078627	0.044926	53000.0
2015-07-16	-0.001948	0.087949	0.103125	0.085501	-0.116798	18700.0
2015-07-15	-0.000898	0.089091	0.092351	0.079797	-0.053902	56100.0
2015-07-14	0.010440000000000001	0.08151599999999999	0.105897	0.080198	0.619923	52000.0
2015-07-13	0.012253	0.091933	0.102772	0.088264	0.71875	56800.0
2015-07-10	0.014608000000000001	0.09807	0.10906800000000001	0.09197899999999999	0.8445280000000001	32100.0
2015-07-09	0.019002	0.100488	0.121695	0.09962599999999999	1.078125	48200.0
2015-07-08	-0.012355	0.083826	0.083997	0.074802	-0.709767	19700.0
2015-07-07	-0.007143000000000001	0.084876	0.084876	0.06763200000000001	-0.41328400000000004	57800.0
2015-07-06	-0.026895999999999996	0.0784	0.0784	0.05767100000000001	-1.599216	31100.0
2015-07-02	0.016278	0.090102	0.112673	0.090102	0.952343	44800.0
2015-07-01	-0.0044340000000000004	0.09325900000000001	0.09325900000000001	0.078611	-0.260544	28300.0
2015-06-30	0.021233000000000002	0.101173	0.12055199999999999	0.096924	1.221874	45500.0
2015-06-29	-0.027482999999999997	0.07388600000000001	0.07388600000000001	0.05752	-1.626175	27800.0
2015-06-26	-0.005136	0.085475	0.089916	0.070673	-0.30546599999999996	69400.0
2015-06-25	-0.010019	0.087299	0.09185800000000001	0.06938899999999999	-0.601955	21300.0
2015-06-24	0.0023989999999999997	0.087949	0.092029	0.08648	0.143757	25600.0
2015-06-23	0.002555	0.09056399999999999	0.095309	0.087619	0.15273299999999998	46200.0
2015-06-22	0.0028640000000000002	0.098446	0.117809	0.091882	0.1707	68800.0
2015-06-19	-0.002706	0.084673	0.094983	0.079109	-0.161717	58600.0
2015-06-18	0.002411	0.08614	0.094998	0.08614	0.14375	38800.0
2015-06-17	0.004845	0.085633	0.09601699999999999	0.080687	0.287498	57600.0
2015-06-16	0.004563	0.091248	0.097541	0.088765	0.26953499999999997	56400.0
2015-06-15	-0.018657	0.07657699999999999	0.079989	0.065852	-1.123051	36500.0
2015-06-12	-0.002234	0.08617000000000001	0.092007	0.084873	-0.134761	52300.0
2015-06-11	0.007351000000000001	0.095461	0.097258	0.087948	0.44023100000000004	25900.0
2015-06-10	-0.002693	0.094303	0.101796	0.0829	-0.161717	61500.0
2015-06-09	0.007993	0.090735	0.10485499999999999	0.089585	0.47617	61100.0
2015-06-08	0.003025	0.093046	0.099469	0.087117	0.17968399999999998	36400.0
2015-06-05	-0.011365	0.078181	0.08697300000000001	0.07134299999999999	-0.682812	22500.0
2015-06-04	-0.008745999999999999	0.092315	0.092315	0.07198	-0.530075	31800.0
2015-06-03	-0.006187	0.088123	0.088123	0.07513099999999999	-0.377339	42500.0
2015-06-02	0.01057	0.09249299999999999	0.104325	0.09249299999999999	0.637887	28100.0
2015-06-01	-0.02525	0.091292	0.09382	0.058587	-1.563282	69900.0
2015-05-29	-0.009487	0.084383	0.094399	0.075932	-0.592965	30000.0
2015-05-28	0.003751	0.078083	0.09300599999999999	0.078083	0.233593	35300.0
2015-05-27	0.0	0.09300599999999999	0.098504	0.082324	0.0	18600.0
2015-05-26	-0.017297999999999997	0.080737	0.081355	0.062058	-1.096103	58500.0
2015-05-22	-0.001274	0.085064	0.094623	0.07828099999999999	-0.080857	34800.0
2015-05-21	0.000992	0.091079	0.092623	0.08336299999999999	0.06289700000000001	18900.0
2015-05-20	0.003985	0.093877	0.097751	0.08768	0.25156	35000.0
2015-05-19	-0.0132	0.087541	0.087541	0.074392	-0.844532	46600.0
2015-05-18	-0.005308	0.08268099999999999	0.08557100000000001	0.07751	-0.341404	24300.0
2015-05-15	-0.001534	0.085727	0.089827	0.07859	-0.09883099999999999	17400.0
2015-05-14	0.010286	0.100577	0.103799	0.095361	0.6558649999999999	20200.0
2015-05-13	0.006667	0.09849400000000001	0.10451700000000001	0.09278	0.42226400000000003	22600.0
2015-05-12	0.006855	0.090941	0.10198099999999999	0.08860900000000001	0.43124399999999996	52800.0
2015-05-11	-0.017539	0.08326499999999999	0.090445	0.066461	-1.1230360000000001	80900.0
2015-05-08	0.021644999999999998	0.089857	0.11685799999999999	0.084863	1.356629	50000.0
2015-05-07	0.002443	0.08735599999999999	0.09486599999999999	0.083289	0.15274000000000001	30800.0
2015-05-06	0.00216	0.09707400000000001	0.101151	0.08139500000000001	0.134758	44400.0
2015-05-05	0.000576	0.090647	0.095197	0.079665	0.035942	57100.0
2015-05-04	-0.018943	0.085686	0.085686	0.060907	-1.2039030000000002	49400.0
2015-05-01	0.007692	0.08892	0.099466	0.081475	0.48515699999999995	17700.0
2015-04-30	-0.008054	0.084457	0.084457	0.063226	-0.512111	50600.0
2015-04-29	0.004542	0.082737	0.099273	0.074546	0.287498	46800.0
2015-04-28	-0.000993	0.09061699999999999	0.095558	0.078266	-0.062885	40800.0
2015-04-27	0.008437	0.082537	0.099507	0.082537	0.530075	14100.0
2015-04-24	0.014802000000000001	0.090502	0.10582799999999999	0.090502	0.9164049999999999	28300.0
2015-04-23	0.01383	0.091488	0.11070899999999999	0.08988600000000001	0.8445280000000001	97800.0
2015-04-22	-0.006867	0.08765099999999999	0.088287	0.080651	-0.42226400000000003	34400.0
2015-04-21	0.004255	0.091001	0.096273	0.08844500000000001	0.260547	6500.0
2015-04-20	-0.0042369999999999994	0.08765099999999999	0.09258200000000001	0.079538	-0.260547	33400.0
2015-04-17	-0.024932	0.084732	0.084732	0.06161900000000001	-1.572258	70700.0
2015-04-16	0.01255	0.088922	0.109026	0.08688	0.7816350000000001	25200.0
2015-04-15	-0.00259	0.086258	0.093151	0.077642	-0.16172	135800.0
2015-04-14	0.0	0.086101	0.09800700000000001	0.077798	0.0	70500.0
2015-04-13	0.004771	0.093959	0.095533	0.07900499999999999	0.296486	106900.0
2015-04-10	-0.002739	0.080759	0.089392	0.074323	-0.170704	48000.0
2015-04-09	-0.009567	0.088765	0.088765	0.068709	-0.6019479999999999	18800.0
2015-04-08	-0.0065260000000000006	0.085212	0.089073	0.08104199999999999	-0.413288	16800.0
2015-04-07	-0.006903	0.08769099999999999	0.08769099999999999	0.074499	-0.44022799999999995	32300.0
2015-04-06	0.016177	0.086894	0.11120999999999999	0.08455599999999999	1.0152290000000002	108100.0
2015-04-02	0.009247	0.088607	0.10685499999999999	0.088607	0.575	45500.0
2015-04-01	0.032061	0.09396	0.126269	0.09266100000000001	1.931641	73900.0
2015-03-31	0.003141	0.088764	0.096419	0.084367	0.188671	25500.0
2015-03-30	0.013954	0.101811	0.10841600000000001	0.099499	0.826565	52200.0
2015-03-27	-0.010803	0.090071	0.096605	0.07585900000000001	-0.646881	28800.0
2015-03-26	-0.009658	0.090059	0.093294	0.07598400000000001	-0.5839810000000001	40400.0
2015-03-25	0.004778	0.090227	0.104369	0.09006499999999999	0.287499	57000.0
2015-03-24	0.008887	0.08630499999999999	0.109428	0.07548099999999999	0.5300819999999999	64700.0
2015-03-23	0.01266	0.094577	0.104375	0.094577	0.745697	21300.0
2015-03-20	0.019596000000000002	0.10231	0.11247	0.100448	1.132031	34200.0
2015-03-19	-0.019518	0.086772	0.086772	0.064027	-1.1499979999999999	40500.0
2015-03-18	0.037494	0.118218	0.14905	0.109778	2.129299	298800.0
2015-03-17	-0.005386	0.139264	0.151942	0.135666	-0.307525	121400.0
2015-03-16	0.007537	0.15268299999999999	0.163903	0.149231	0.427112	39100.0
2015-03-13	-0.024555	0.147446	0.147446	0.11646600000000001	-1.4265860000000001	46600.0
2015-03-12	0.008303	0.151031	0.172931	0.149503	0.478382	61200.0
2015-03-11	0.006266	0.14508900000000002	0.157218	0.144576	0.35877600000000004	23300.0
2015-03-10	-0.009604000000000001	0.138659	0.154563	0.13206099999999998	-0.5552560000000001	34000.0
2015-03-09	-0.005291	0.14593	0.156533	0.134149	-0.307533	39000.0
2015-03-06	-0.019738	0.14508900000000002	0.146904	0.12001300000000001	-1.170311	91200.0
2015-03-05	-0.0065840000000000004	0.1405	0.151972	0.1346	-0.392952	52900.0
2015-03-04	0.0035909999999999996	0.14311500000000002	0.155944	0.13933199999999998	0.213558	50900.0
2015-03-03	0.003315	0.149874	0.156475	0.139148	0.19648	31800.0
2015-03-02	-0.010411	0.14116900000000002	0.14280299999999999	0.117654	-0.623596	31100.0
2015-02-27	0.00286	0.146726	0.158354	0.14296	0.17084100000000002	15200.0
2015-02-26	-0.001143	0.148033	0.150978	0.138545	-0.068332	27800.0
2015-02-25	0.003872	0.14820899999999998	0.16266	0.14279	0.23064400000000002	15500.0
2015-02-24	0.002732	0.146241	0.152334	0.13702	0.162307	44300.0
2015-02-23	-0.009684	0.14264300000000002	0.146393	0.129434	-0.5808939999999999	20000.0
2015-02-20	0.007026999999999999	0.15116500000000002	0.153135	0.142954	0.418587	18000.0
2015-02-19	0.010726000000000001	0.14691400000000002	0.162019	0.145421	0.632137	24700.0
2015-02-18	-0.014147	0.145253	0.151143	0.127744	-0.8456950000000001	39100.0
2015-02-17	0.002292	0.13984100000000002	0.153781	0.131968	0.13668	27800.0
2015-02-13	0.014088	0.144257	0.16671	0.13411199999999998	0.8286100000000001	111800.0
2015-02-12	0.013394	0.156381	0.16986500000000002	0.154864	0.77737	30300.0
2015-02-11	-0.007161	0.142913	0.145423	0.130196	-0.41858999999999996	28800.0
2015-02-10	-0.008979000000000001	0.14426	0.144923	0.1295	-0.529629	25700.0
2015-02-09	0.006853	0.137742	0.155942	0.137074	0.4015	20700.0
2015-02-06	-0.009245999999999999	0.153526	0.154022	0.12904200000000002	-0.546718	36100.0
2015-02-05	0.015253999999999998	0.142066	0.168602	0.137195	0.888416	44700.0
2015-02-04	0.001469	0.147948	0.152153	0.13886500000000002	0.085423	36200.0
2015-02-03	0.013094999999999999	0.153609	0.16247	0.151223	0.751732	29300.0
2015-02-02	0.022209	0.141257	0.17382899999999998	0.141257	1.247203	32300.0
2015-01-30	-0.027371	0.128316	0.143564	0.111375	-1.5803559999999999	99800.0
2015-01-29	0.0008880000000000001	0.145428	0.153906	0.126775	0.051253999999999994	59000.0
2015-01-28	-0.007058	0.14407799999999998	0.15165499999999998	0.12943	-0.410038	56800.0
2015-01-27	0.005768	0.138993	0.158806	0.138993	0.33316	48900.0
2015-01-26	-0.01227	0.14191099999999998	0.145256	0.129366	-0.717567	75800.0
2015-01-23	-0.012121	0.147071	0.148228	0.129557	-0.717571	20700.0
2015-01-22	0.022124	0.155222	0.186805	0.151169	1.281376	64600.0
2015-01-21	0.01756	0.14508900000000002	0.172414	0.14508900000000002	0.999466	28900.0
2015-01-20	0.002105	0.148361	0.151633	0.136133	0.11958699999999998	44700.0
2015-01-16	0.01064	0.14491500000000002	0.158839	0.14491500000000002	0.5979720000000001	29400.0
2015-01-15	-0.007692	0.144225	0.150788	0.131617	-0.43566099999999996	67100.0
2015-01-14	-0.021691	0.11011300000000002	0.128192	0.101664	-1.255741	75100.0
2015-01-13	0.000148	0.152524	0.152524	0.132921	0.008541	34200.0
2015-01-12	-0.003529	0.142394	0.147783	0.13936300000000001	-0.205017	26700.0
2015-01-09	-0.011197	0.138761	0.139927	0.129936	-0.657768	14300.0
2015-01-08	0.011323999999999999	0.147446	0.160076	0.140542	0.657768	57800.0
2015-01-07	0.012657999999999999	0.151057	0.164529	0.151057	0.726109	49300.0
2015-01-06	-0.0041530000000000004	0.145938	0.151372	0.138466	-0.239193	37000.0
2015-01-05	-0.013316	0.143581	0.143581	0.12246800000000001	-0.777359	60400.0
2015-01-02	-0.008703	0.14758	0.14758	0.134625	-0.512547	25500.0
2014-12-31	-0.00462	0.142774	0.14294	0.130044	-0.273357	15800.0
2014-12-30	-0.004026	0.141466	0.149864	0.135703	-0.23919	26700.0
2014-12-29	0.012227	0.157423	0.166757	0.155923	0.717564	43200.0
2014-12-26	-0.0047799999999999995	0.144591	0.15570499999999998	0.13828800000000002	-0.281895	18900.0
2014-12-24	-0.009186	0.14739000000000002	0.14739000000000002	0.133419	-0.546718	22400.0
2014-12-23	0.0024460000000000003	0.148878	0.150032	0.138004	0.145222	32300.0
2014-12-22	0.017718	0.158335	0.166384	0.149281	1.0336299999999998	53100.0
2014-12-19	-0.01115	0.145752	0.157359	0.128674	-0.6577649999999999	67400.0
2014-12-18	0.002322	0.159215	0.169021	0.141599	0.136677	50000.0
2014-12-17	0.019532	0.150002	0.194905	0.150002	1.1275979999999999	85900.0
2014-12-16	0.002968	0.133872	0.157495	0.126225	0.17085699999999998	59700.0
2014-12-15	-0.012891999999999999	0.153141	0.153141	0.121603	-0.751732	108900.0
2014-12-12	-0.013725999999999999	0.139629	0.143103	0.12258699999999999	-0.811539	77600.0
2014-12-11	0.000868	0.148732	0.15038800000000002	0.135981	0.051253999999999994	84100.0
2014-12-10	-0.022890999999999998	0.14072	0.142985	0.11321300000000001	-1.383877	103100.0
2014-12-09	0.008838	0.141008	0.16075899999999999	0.140681	0.529633	68900.0
2014-12-08	-0.016818	0.137225	0.144928	0.125028	-1.025089	31400.0
2014-12-05	0.0045049999999999995	0.147991	0.152505	0.14122	0.273357	45000.0
2014-12-04	-0.022702	0.135478	0.137526	0.11562599999999999	-1.409511	63700.0
2014-12-03	0.017215	0.149897	0.166724	0.146531	1.050724	99500.0
2014-12-02	-0.0016769999999999999	0.148449	0.150529	0.140769	-0.10250899999999999	21600.0
2014-12-01	-0.013508000000000001	0.141932	0.144457	0.127885	-0.837166	48900.0
2014-11-28	-0.022237	0.129193	0.134286	0.119625	-1.409504	28000.0
2014-11-26	0.000539	0.15049300000000002	0.15049300000000002	0.137986	0.034176	29400.0
2014-11-25	-0.018008	0.140995	0.140995	0.12189000000000001	-1.161774	83600.0
2014-11-24	-0.005531	0.146295	0.14840599999999998	0.13393	-0.35878699999999997	30700.0
2014-11-21	0.008499	0.15573399999999998	0.161512	0.15451700000000002	0.546715	49500.0
2014-11-20	0.001463	0.137322	0.14996199999999998	0.137322	0.093979	27400.0
2014-11-19	0.004274	0.13943	0.150595	0.13943	0.27334899999999995	47800.0
2014-11-18	-0.0033280000000000002	0.145698	0.14844200000000002	0.139601	-0.213565	38100.0
2014-11-17	0.002268	0.145853	0.15456099999999998	0.14218599999999998	0.145233	19800.0
2014-11-14	0.0	0.14111700000000002	0.148297	0.138519	0.0	76600.0
2014-11-13	0.000668	0.144783	0.150134	0.139738	0.042709	118200.0
2014-11-12	-0.003857	0.141434	0.144175	0.136104	-0.24772600000000003	37800.0
2014-11-11	-0.007131	0.13783099999999998	0.13783099999999998	0.13147999999999999	-0.461296	85800.0
2014-11-10	0.00225	0.150696	0.152363	0.142513	0.145225	152500.0
2014-11-07	0.013684	0.14063399999999998	0.16552	0.14063399999999998	0.871323	59100.0
2014-11-06	-0.001607	0.147849	0.148003	0.14064100000000002	-0.102513	62000.0
2014-11-05	-0.000134	0.144629	0.15383	0.140181	-0.008545	107200.0
2014-11-04	0.008373	0.13983099999999998	0.154831	0.139058	0.529637	35900.0
2014-11-03	0.000676	0.143541	0.14771900000000002	0.134257	0.042720999999999995	49700.0
2014-10-31	0.006803	0.149451	0.153502	0.14508900000000002	0.427112	40800.0
2014-10-30	0.010309	0.14430199999999999	0.15894	0.14430199999999999	0.64069	36500.0
2014-10-29	0.008176000000000001	0.15048399999999998	0.157943	0.14493	0.504009	44100.0
2014-10-28	0.010643999999999999	0.150702	0.160325	0.146372	0.64922	77100.0
2014-10-27	-0.012858000000000001	0.137965	0.137965	0.1215	-0.794445	29600.0
2014-10-24	0.007662	0.148598	0.154501	0.14142000000000002	0.469825	32400.0
2014-10-23	0.0053219999999999995	0.154391	0.15855999999999998	0.144928	0.32461999999999996	28100.0
2014-10-22	-0.009845999999999999	0.146518	0.146518	0.13286099999999998	-0.60651	23900.0
2014-10-21	0.0037579999999999996	0.14477	0.154334	0.143814	0.23064400000000002	58200.0
2014-10-20	0.002512	0.139496	0.151161	0.139496	0.153766	39800.0
2014-10-17	0.007168000000000001	0.15732000000000002	0.16762	0.148951	0.435658	31900.0
2014-10-16	-0.020782	0.130748	0.132796	0.11766700000000001	-1.289906	34900.0
2014-10-15	-0.0031550000000000003	0.13833399999999998	0.145403	0.134877	-0.196476	46700.0
2014-10-14	-0.0064069999999999995	0.148679	0.152113	0.136972	-0.401493	22600.0
2014-10-13	0.005896	0.15215399999999998	0.160947	0.149328	0.367321	49300.0
2014-10-10	-0.007755	0.14119400000000001	0.144933	0.129821	-0.48692299999999994	39300.0
2014-10-09	-0.016985	0.141413	0.14386400000000002	0.12196300000000002	-1.0848879999999999	25000.0
2014-10-08	0.010406	0.148803	0.158397	0.142458	0.657776	41700.0
2014-10-07	0.002167	0.14369300000000002	0.150672	0.14260799999999998	0.136676	62700.0
2014-10-06	-0.0035090000000000004	0.152661	0.16301400000000002	0.13828900000000002	-0.22211	72600.0
2014-10-03	0.006794	0.149134	0.153801	0.1468	0.427124	39100.0
2014-10-02	-0.00352	0.148345	0.148345	0.13051600000000002	-0.22209600000000002	67700.0
2014-10-01	-0.0014869999999999998	0.143696	0.147875	0.137968	-0.093971	60100.0
2014-09-30	0.007903	0.144933	0.16786900000000002	0.14368399999999998	0.49546	60200.0
2014-09-29	-0.0035299999999999997	0.13809200000000002	0.146644	0.13094	-0.222099	31500.0
2014-09-26	-0.000136	0.147421	0.15395	0.140736	-0.008545	47200.0
2014-09-25	-0.005267	0.13813	0.142769	0.13658399999999998	-0.33316	102500.0
2014-09-24	0.011474	0.15040699999999999	0.16245	0.144463	0.717567	69400.0
2014-09-23	-0.0073219999999999995	0.14338099999999998	0.14943599999999999	0.133599	-0.46128800000000003	47900.0
2014-09-22	0.010966	0.152309	0.161413	0.148385	0.683391	70100.0
2014-09-19	-0.024863	0.14615999999999998	0.14769100000000002	0.115853	-1.5889010000000001	50300.0
2014-09-18	0.010946	0.151279	0.15870599999999999	0.14415999999999998	0.691952	16400.0
2014-09-17	-0.0044399999999999995	0.148478	0.153254	0.129991	-0.281903	53900.0
2014-09-16	0.0029690000000000003	0.14957	0.161467	0.145707	0.187931	74700.0
2014-09-15	-0.007367	0.14646900000000002	0.14646900000000002	0.130672	-0.469841	51900.0
2014-09-12	-0.001872	0.141874	0.149528	0.134832	-0.11958699999999998	78600.0
2014-09-11	-0.008221	0.14508900000000002	0.14508900000000002	0.13021	-0.529632	89600.0
2014-09-10	0.012348999999999999	0.150315	0.160613	0.14616500000000002	0.785904	56600.0
2014-09-09	-0.006534000000000001	0.134552	0.141119	0.126918	-0.418587	33800.0
2014-09-08	-0.004381	0.14888900000000002	0.14888900000000002	0.131102	-0.281898	41700.0
2014-09-05	0.018387999999999998	0.151127	0.166919	0.151127	1.161773	60200.0
2014-09-04	-0.016358	0.138236	0.14981	0.121331	-1.050712	53900.0
2014-09-03	0.007909000000000001	0.155834	0.157522	0.1434	0.503997	43900.0
2014-09-02	0.012074	0.15068099999999998	0.172896	0.148973	0.760281	36400.0
2014-08-29	0.011389	0.150117	0.162529	0.141318	0.709023	31300.0
2014-08-28	-0.009783	0.146489	0.146489	0.128753	-0.615059	22600.0
2014-08-27	0.006840000000000001	0.145245	0.157777	0.13616	0.42712	68000.0
2014-08-26	0.001233	0.14901	0.153558	0.138972	0.076889	28400.0
2014-08-25	-0.004771	0.152425	0.152425	0.136348	-0.298985	42400.0
2014-08-22	-0.013447999999999998	0.141547	0.147861	0.12276	-0.854248	24500.0
2014-08-21	-0.000538	0.144781	0.155093	0.138317	-0.034172	51000.0
2014-08-20	-0.001208	0.149393	0.149393	0.131715	-0.07688099999999999	28000.0
2014-08-19	-0.011413	0.152383	0.152383	0.125333	-0.734646	40300.0
2014-08-18	0.0025280000000000003	0.153316	0.153316	0.14645999999999998	0.1623	26600.0
2014-08-15	0.000799	0.15118800000000002	0.15545699999999998	0.143717	0.051262	31700.0
2014-08-14	-0.0011970000000000001	0.153008	0.15514	0.140672	-0.07688099999999999	20200.0
2014-08-13	0.001065	0.143869	0.150577	0.14341199999999998	0.06833600000000001	8200.0
2014-08-12	0.002001	0.143714	0.147991	0.139895	0.128143	20900.0
2014-08-11	0.0038840000000000003	0.144629	0.15383	0.13374	0.24771500000000002	27900.0
2014-08-08	0.002282	0.14263	0.15123699999999998	0.140324	0.14523	32800.0
2014-08-07	0.001209	0.145704	0.152321	0.137702	0.07688099999999999	34600.0
2014-08-06	0.0012109999999999998	0.140467	0.155566	0.12999000000000002	0.076889	35100.0
2014-08-05	-0.012095999999999999	0.138087	0.140218	0.127584	-0.777374	33100.0
2014-08-04	0.007365000000000001	0.141255	0.154902	0.131135	0.469837	38700.0
2014-08-01	-0.002538	0.145853	0.150748	0.138206	-0.16230799999999998	41100.0
2014-07-31	-0.015646	0.139217	0.141174	0.114226	-1.0165520000000001	61200.0
2014-07-30	-0.018706999999999998	0.150112	0.150112	0.12248599999999998	-1.2386469999999998	37200.0
2014-07-29	0.00168	0.148492	0.148492	0.138578	0.111046	30200.0
2014-07-28	-0.00399	0.147447	0.147447	0.135508	-0.264816	30100.0
2014-07-25	-0.000129	0.147447	0.147594	0.141699	-0.008537999999999999	13500.0
2014-07-24	0.002193	0.14952000000000001	0.152031	0.14508900000000002	0.145218	27200.0
2014-07-23	0.002327	0.14879	0.15249100000000002	0.142572	0.153771	45400.0
2014-07-22	0.001294	0.14138299999999998	0.15502	0.14138299999999998	0.085418	49100.0
2014-07-21	0.0044210000000000005	0.145833	0.153426	0.14002699999999998	0.290444	74500.0
2014-07-18	-0.001946	0.143306	0.150587	0.13335	-0.128128	71000.0
2014-07-17	-0.007215000000000001	0.149072	0.149072	0.133582	-0.478386	39200.0
2014-07-16	-0.012719	0.14494300000000002	0.150041	0.128776	-0.854248	50600.0
2014-07-15	-0.000763	0.145816	0.148582	0.141596	-0.051254999999999995	31500.0
2014-07-14	-0.004051	0.149872	0.173933	0.140015	-0.273361	69700.0
2014-07-11	0.001775	0.14959	0.14973499999999998	0.14494300000000002	0.119599	31100.0
2014-07-10	-0.007301	0.135143	0.139179	0.133125	-0.495461	116800.0
2014-07-09	0.008277	0.155584	0.161398	0.144393	0.557076	53500.0
2014-07-08	0.001989	0.147651	0.15548	0.14096	0.133598	132700.0
2014-07-07	-0.002604	0.14863800000000002	0.154318	0.139552	-0.175346	165900.0
2014-07-03	0.008376999999999999	0.14394300000000002	0.15826099999999999	0.140078	0.559463	20900.0
2014-07-02	0.005785	0.14710499999999999	0.156177	0.145377	0.384125	103500.0
2014-07-01	-0.007365000000000001	0.149377	0.15066300000000002	0.136655	-0.492676	29100.0
2014-06-30	-0.003855	0.145801	0.148506	0.135406	-0.258865	23300.0
2014-06-27	-0.002357	0.143526	0.144379	0.135855	-0.158654	28700.0
2014-06-26	-0.009705	0.144948	0.144948	0.133413	-0.659683	22300.0
2014-06-25	0.00123	0.14269400000000002	0.153117	0.14058199999999998	0.083504	21800.0
2014-06-24	0.006064	0.148773	0.154866	0.147073	0.409172	53700.0
2014-06-23	0.011136	0.148098	0.160563	0.148098	0.743187	13900.0
2014-06-20	-0.002994	0.15066	0.15066	0.14065999999999998	-0.200409	31100.0
2014-06-19	-0.003481	0.144946	0.14893199999999998	0.136975	-0.23381799999999997	47800.0
2014-06-18	0.010426000000000001	0.148253	0.158897	0.143219	0.6930850000000001	25500.0
2014-06-17	-0.013628999999999999	0.14423699999999998	0.14423699999999998	0.126503	-0.9185409999999999	25200.0
2014-06-16	0.002982	0.139397	0.15021099999999998	0.13541199999999998	0.200401	23200.0
2014-06-13	-0.008502	0.14508900000000002	0.14508900000000002	0.127735	-0.576164	31600.0
2014-06-12	0.0028420000000000003	0.148484	0.151597	0.14339100000000002	0.192047	31500.0
2014-06-11	-0.00675	0.143402	0.143402	0.13356500000000002	-0.45925900000000003	16600.0
2014-06-10	-0.007552	0.14285699999999998	0.167126	0.129607	-0.517731	87800.0
2014-06-09	0.0	0.146344	0.153597	0.137418	0.0	48800.0
2014-06-06	0.00984	0.14593399999999998	0.16128599999999998	0.144807	0.66803	18700.0
2014-06-05	0.005069	0.150893	0.156555	0.145796	0.342361	91000.0
2014-06-04	-0.0038179999999999998	0.14593499999999998	0.14593499999999998	0.13564	-0.258857	28700.0
2014-06-03	0.01083	0.148225	0.160769	0.143948	0.726478	53200.0
2014-06-02	0.000125	0.15193199999999998	0.154783	0.143378	0.008354	43200.0
2014-05-30	-0.014478	0.140874	0.140874	0.12232699999999999	-0.985344	57100.0
2014-05-29	0.006173	0.14339200000000002	0.156539	0.14339200000000002	0.41751099999999997	47000.0
2014-05-28	0.0125	0.151387	0.162981	0.151387	0.835053	34800.0
2014-05-27	-0.015142	0.14085999999999999	0.145371	0.12493	-1.0271	69000.0
2014-05-23	0.002716	0.145513	0.148199	0.14014200000000002	0.18370799999999998	33100.0
2014-05-22	0.007587000000000001	0.141101	0.155343	0.13939200000000002	0.509369	38900.0
2014-05-21	0.010177	0.145233	0.159332	0.145233	0.676384	15700.0
2014-05-20	-0.019103	0.13902	0.143677	0.11771	-1.294311	35100.0
2014-05-19	-0.004295	0.145791	0.150007	0.134971	-0.292267	20800.0
2014-05-16	0.004314	0.150593	0.162024	0.144806	0.292267	39800.0
2014-05-15	-0.009159	0.148025	0.154038	0.127889	-0.626274	65400.0
2014-05-14	-0.001463	0.143832	0.14858	0.139783	-0.10020499999999999	46900.0
2014-05-13	0.006258	0.146634	0.1538	0.138766	0.42586499999999994	54100.0
2014-05-12	0.013682	0.154916	0.161467	0.15021600000000002	0.9185409999999999	55300.0
2014-05-09	0.005	0.144946	0.151816	0.139507	0.334023	67400.0
2014-05-08	0.027353	0.160235	0.17641099999999998	0.146706	1.7786330000000001	92100.0
2014-05-07	0.002833	0.147154	0.150103	0.144647	0.18371600000000002	48900.0
2014-05-06	0.001419	0.14627	0.150258	0.140068	0.09185	22300.0
2014-05-05	-0.006662	0.14743599999999998	0.155357	0.135407	-0.43423500000000004	115700.0
2014-05-02	0.011401999999999999	0.142121	0.162893	0.142121	0.734841	23600.0
2014-05-01	-0.002456	0.14804900000000001	0.153821	0.13162100000000002	-0.158653	14700.0
2014-04-30	0.019502000000000002	0.141015	0.17089100000000002	0.141015	1.235859	31900.0
2014-04-29	0.006631999999999999	0.155569	0.167416	0.14493699999999998	0.41751400000000005	50800.0
2014-04-28	-0.003042	0.153871	0.153871	0.13600299999999999	-0.19206199999999998	42200.0
2014-04-25	-0.007351000000000001	0.143285	0.14614100000000002	0.13351500000000002	-0.467617	27000.0
2014-04-24	0.000657	0.149902	0.149902	0.142381	0.041752	14500.0
2014-04-23	-0.0017050000000000001	0.14869300000000002	0.14869300000000002	0.135929	-0.108555	32100.0
2014-04-22	0.000262	0.15154700000000002	0.15154700000000002	0.141934	0.016693	62000.0
2014-04-21	-0.008196	0.143897	0.144791	0.134214	-0.526066	16800.0
2014-04-17	0.002739	0.14942	0.15435	0.140458	0.175354	11700.0
2014-04-16	0.006697	0.150051	0.158923	0.139826	0.42587299999999995	55200.0
2014-04-15	-0.011681	0.144346	0.144346	0.125026	-0.751533	67200.0
2014-04-14	-0.003621	0.149087	0.149087	0.138425	-0.233819	33700.0
2014-04-11	0.001165	0.148647	0.148795	0.131598	0.075158	35800.0
2014-04-10	-0.000517	0.146867	0.152646	0.13664300000000001	-0.033394	182100.0
2014-04-09	0.000388	0.146571	0.149536	0.137825	0.025047	125300.0
2014-04-08	0.0074329999999999995	0.15150999999999998	0.164801	0.146582	0.475968	81100.0
2014-04-07	0.0077540000000000005	0.141327	0.15758	0.135457	0.492679	30600.0
2014-04-04	0.007681	0.15054800000000002	0.167987	0.15054800000000002	0.484314	75400.0
2014-04-03	-0.0072310000000000004	0.14644400000000002	0.148401	0.13003399999999998	-0.45926300000000003	100100.0
2014-04-02	0.002769	0.14524	0.151731	0.139201	0.175354	89100.0
2014-04-01	0.007572	0.14341500000000001	0.15771400000000002	0.143111	0.475971	50100.0
2014-03-31	0.013054	0.155567	0.16758699999999999	0.142623	0.809994	117800.0
2014-03-28	0.004393	0.161108	0.165441	0.145476	0.271382	105100.0
2014-03-27	-0.009693	0.20165999999999998	0.20165999999999998	0.183574	-0.604672	108100.0
2014-03-26	0.013311000000000002	0.217966	0.220761	0.207249	0.819492	63200.0
2014-03-25	0.013092	0.202442	0.221009	0.199768	0.795628	50900.0
2014-03-24	0.006589	0.211633	0.227471	0.200229	0.397816	93800.0
2014-03-21	-0.0039380000000000005	0.208754	0.215538	0.19708	-0.23869400000000002	93800.0
2014-03-20	0.022962	0.202459	0.23457399999999998	0.201329	1.360528	78700.0
2014-03-19	-0.009049	0.20740999999999998	0.20901	0.186621	-0.541028	34600.0
2014-03-18	0.014718	0.20440899999999998	0.23443000000000003	0.195971	0.867226	211800.0
2014-03-17	0.004748	0.209313	0.214531	0.204259	0.278473	165400.0
2014-03-14	0.00945	0.198521	0.21794299999999997	0.198521	0.548988	102300.0
2014-03-13	-0.00963	0.20621399999999998	0.21420100000000003	0.186002	-0.5648989999999999	225600.0
2014-03-12	-0.006334	0.184482	0.204567	0.184482	-0.37394299999999997	77700.0
2014-03-11	0.002432	0.20928200000000002	0.215939	0.18931099999999998	0.143203	195800.0
2014-03-10	-0.018823	0.194963	0.194963	0.17441199999999998	-1.129787	99500.0
2014-03-07	-0.009844	0.208438	0.21459	0.180361	-0.5967140000000001	38600.0
2014-03-06	0.011148	0.19942000000000001	0.22366399999999997	0.19942000000000001	0.66832	62400.0
2014-03-05	-0.009855	0.18444100000000002	0.197075	0.182546	-0.5967180000000001	34500.0
2014-03-04	0.024225999999999998	0.22186999999999998	0.23125199999999999	0.22025300000000003	1.432125	25900.0
2014-03-03	-0.023139	0.185222	0.187434	0.168947	-1.400292	96900.0
2014-02-28	0.008887	0.211537	0.223493	0.20962399999999998	0.533062	63900.0
2014-02-27	-0.000663	0.203247	0.207707	0.190184	-0.039783	31200.0
2014-02-26	-0.002116	0.20181300000000002	0.203562	0.192434	-0.127289	130600.0
2014-02-25	0.0034509999999999996	0.208673	0.208673	0.202451	0.20686	94800.0
2014-02-24	-0.0010609999999999999	0.201654	0.209781	0.195439	-0.063652	76800.0
2014-02-21	0.006271	0.20934899999999998	0.214641	0.202935	0.37393899999999997	42400.0
2014-02-20	-0.004647999999999999	0.20755900000000002	0.21091100000000002	0.190322	-0.278461	231500.0
2014-02-19	-0.025243	0.194501	0.19901300000000002	0.166498	-1.551472	104300.0
2014-02-18	0.003116	0.212581	0.217263	0.200408	0.190945	201000.0
2014-02-14	0.015694999999999997	0.207519	0.223687	0.20625100000000002	0.9467959999999999	179800.0
2014-02-13	-0.0010539999999999998	0.194688	0.204663	0.189621	-0.063652	105700.0
2014-02-12	0.010518000000000001	0.20629299999999998	0.219094	0.202293	0.628544	88100.0
2014-02-11	0.015549	0.203276	0.222775	0.203276	0.9149700000000001	197500.0
2014-02-10	-0.001485	0.201651	0.207492	0.194349	-0.087513	159300.0
2014-02-07	0.007755	0.214894	0.22307	0.20540999999999998	0.453503	351400.0
2014-02-06	0.017301	0.2083	0.22609899999999997	0.20314400000000002	0.9945370000000001	187200.0
2014-02-05	0.0020800000000000003	0.187645	0.209814	0.187645	0.119335	227100.0
2014-02-04	0.023712	0.21153899999999998	0.23764699999999997	0.21153899999999998	1.3287010000000001	181700.0
2014-02-03	-0.038498000000000004	0.204766	0.21116500000000002	0.15374100000000002	-2.243667	645800.0
2014-01-31	-0.016909999999999998	0.179071	0.194071	0.16939300000000002	-1.002483	202800.0
2014-01-30	0.028433	0.235819	0.256554	0.21259499999999998	1.6389880000000001	564800.0
2014-01-29	-0.033356	0.184976	0.190589	0.161726	-1.9890709999999998	1021200.0
2014-01-28	-0.020262	0.20055599999999998	0.205583	0.17039300000000002	-1.233227	166600.0
2014-01-27	-0.026841000000000004	0.200131	0.201049	0.161911	-1.6787599999999998	116400.0
2014-01-24	-0.001144	0.196468	0.202271	0.18806900000000001	-0.071617	48800.0
2014-01-23	-0.014894999999999999	0.203017	0.203017	0.174284	-0.946785	73100.0
2014-01-22	0.001504	0.201512	0.21235900000000002	0.190363	0.095466	34200.0
2014-01-21	-0.015184999999999999	0.194543	0.194543	0.182376	-0.978614	77600.0
2014-01-17	-0.015198	0.19816	0.19816	0.177265	-0.9945379999999999	25100.0
2014-01-16	-0.005802000000000001	0.196874	0.20035999999999998	0.185834	-0.381889	21800.0
2014-01-15	0.020475999999999998	0.208188	0.228793	0.20492600000000002	1.320732	46400.0
2014-01-14	0.004212	0.190946	0.212383	0.182162	0.270515	67300.0
2014-01-13	0.009882	0.201212	0.21369000000000002	0.195198	0.628544	81200.0
2014-01-10	-0.044351999999999996	0.145063	0.153539	0.133569	-2.951778	40300.0
2014-01-09	-0.008886	0.20181300000000002	0.211781	0.186292	-0.5967100000000001	20300.0
2014-01-08	-0.006006	0.191339	0.201247	0.190914	-0.405777	13300.0
2014-01-07	0.006043	0.20636999999999997	0.215056	0.20181300000000002	0.405777	13000.0
2014-01-06	-0.001302	0.20167100000000002	0.205368	0.196267	-0.087525	17400.0
2014-01-03	-0.0031850000000000003	0.211736	0.21471300000000001	0.197844	-0.214813	10500.0
2014-01-02	-0.034395999999999996	0.186346	0.191821	0.15322	-2.4027939999999997	20100.0
2013-12-31	0.006881	0.205948	0.217525	0.205948	0.477379	7900.0
2013-12-30	0.006347	0.203061	0.209441	0.197375	0.437591	7600.0
2013-12-27	0.009554	0.213995	0.216795	0.202513	0.652413	14600.0
2013-12-26	0.003273	0.208135	0.21066300000000002	0.199284	0.222771	2900.0
2013-12-24	0.008487999999999999	0.211164	0.22136399999999998	0.199688	0.57286	3900.0
2013-12-23	-0.0037579999999999996	0.22651300000000002	0.22721799999999998	0.197297	-0.254608	11400.0
2013-12-20	-0.004093	0.204203	0.21080900000000002	0.190849	-0.278457	19700.0
2013-12-19	-0.001168	0.203217	0.210377	0.192828	-0.079575	8600.0
2013-12-18	0.001873	0.20969000000000002	0.20969000000000002	0.18901300000000001	0.127304	15600.0
2013-12-17	0.002229	0.208862	0.219858	0.19279100000000002	0.151169	66500.0
2013-12-16	0.008279	0.198402	0.21318499999999999	0.196838	0.556946	27400.0
2013-12-13	-0.005177	0.204217	0.204217	0.190642	-0.35009	17900.0
2013-12-12	0.002595	0.20394	0.205783	0.192881	0.175041	21000.0
2013-12-11	-0.014302	0.20530700000000002	0.20530700000000002	0.176519	-0.978615	10000.0
2013-12-10	0.006201	0.195626	0.210812	0.186908	0.421677	12000.0
2013-12-09	-0.011793000000000001	0.205704	0.20764899999999997	0.179303	-0.811539	9600.0
2013-12-06	-0.025135	0.19598800000000002	0.19598800000000002	0.170657	-1.774246	16400.0
2013-12-05	0.029115	0.20989899999999997	0.242519	0.199025	1.9970240000000001	16500.0
2013-12-04	-0.001737	0.203344	0.20738	0.19569	-0.11934600000000001	3800.0
2013-12-03	0.0072310000000000004	0.20784	0.21526900000000002	0.193964	0.49329300000000004	18100.0
2013-12-02	-0.011984	0.20721399999999998	0.21843200000000002	0.185194	-0.8274530000000001	14300.0
2013-11-29	-0.009361	0.21416100000000002	0.21416100000000002	0.190563	-0.652413	6900.0
2013-11-27	-0.006239	0.209312	0.209312	0.191588	-0.43759899999999996	3200.0
2013-11-26	-0.003954999999999999	0.20873899999999998	0.216479	0.193801	-0.278465	42200.0
2013-11-25	-0.00573	0.20734899999999998	0.20734899999999998	0.18831099999999998	-0.405769	7300.0
2013-11-22	0.011477	0.20181300000000002	0.21820100000000003	0.20181300000000002	0.803581	16100.0
2013-11-21	-0.003849	0.20399	0.21364899999999998	0.19514700000000001	-0.270516	22100.0
2013-11-20	-0.0013570000000000001	0.20181300000000002	0.20181300000000002	0.174913	-0.09548200000000001	71600.0
2013-11-19	-0.014702000000000002	0.20743499999999998	0.20743499999999998	0.172631	-1.050216	39800.0
2013-11-18	0.017107	0.23898200000000003	0.23898200000000003	0.222372	1.201393	18100.0
2013-11-15	0.033607	0.21588600000000002	0.259511	0.21321199999999998	2.283455	8600.0
2013-11-14	0.011369	0.213342	0.223874	0.203379	0.763794	16500.0
2013-11-13	-0.022685	0.190546	0.190546	0.169681	-1.559426	16100.0
2013-11-12	0.001739	0.20181300000000002	0.21351799999999999	0.190108	0.11933900000000001	13900.0
2013-11-11	-0.016309	0.197975	0.197975	0.17563299999999998	-1.137741	17400.0
2013-11-08	-0.018691	0.199795	0.20114	0.169935	-1.328705	15600.0
2013-11-07	-0.023497	0.20247	0.20286400000000002	0.1674	-1.710594	14600.0
2013-11-06	0.0038399999999999997	0.205109	0.20774600000000001	0.196803	0.278481	8600.0
2013-11-05	-0.009132	0.192145	0.19789400000000001	0.183653	-0.668335	16100.0
2013-11-04	0.001088	0.199982	0.203121	0.192135	0.079567	15200.0
2013-11-01	0.000653	0.20835700000000001	0.21634	0.18794	0.047729	14200.0
2013-10-31	0.003607	0.20838	0.228082	0.201156	0.262558	16200.0
2013-10-30	0.0017519999999999999	0.205366	0.209181	0.19734000000000002	0.12731199999999998	30700.0
2013-10-29	0.0010960000000000002	0.203921	0.20918899999999999	0.197203	0.079552	11200.0
2013-10-28	-0.00011	0.208398	0.208398	0.19575499999999998	-0.00795	36900.0
2013-10-25	-0.008152	0.20181300000000002	0.204164	0.18875	-0.5967180000000001	31300.0
2013-10-24	-0.006801000000000001	0.19869900000000001	0.20064500000000002	0.193639	-0.5012439999999999	7400.0
2013-10-23	-0.003979	0.20077899999999999	0.20258800000000002	0.18902	-0.294387	22800.0
2013-10-22	0.001076	0.206341	0.209058	0.198061	0.079567	24100.0
2013-10-21	-0.004714	0.202071	0.206835	0.187135	-0.350075	12500.0
2013-10-18	-0.00107	0.20901599999999998	0.20901599999999998	0.195768	-0.079567	26400.0
2013-10-17	-0.00405	0.20796199999999998	0.21270100000000003	0.18746600000000002	-0.302345	19800.0
2013-10-16	-0.0019149999999999998	0.217795	0.22930100000000003	0.19478099999999998	-0.143197	12800.0
2013-10-15	0.010209999999999999	0.207625	0.214083	0.195355	0.755845	22800.0
2013-10-14	0.006817	0.202853	0.21598699999999998	0.199732	0.501236	11800.0
2013-10-11	-0.010068	0.194218	0.196793	0.188297	-0.747879	11900.0
2013-10-10	0.023122999999999998	0.210242	0.23408099999999998	0.210242	1.678764	8600.0
2013-10-09	-0.012872999999999999	0.209094	0.209094	0.179841	-0.946793	16600.0
2013-10-08	-0.008579999999999999	0.20967600000000003	0.20967600000000003	0.18350999999999998	-0.636497	27600.0
2013-10-07	0.004308	0.20246	0.21165100000000003	0.197541	0.318245	29600.0
2013-10-04	0.000755	0.208679	0.21684099999999998	0.198963	0.05569400000000001	20800.0
2013-10-03	0.011117	0.215829	0.215829	0.204433	0.811539	20400.0
2013-10-02	0.00924	0.203003	0.213579	0.19969800000000001	0.66832	34600.0
2013-10-01	-0.008615000000000001	0.198667	0.198667	0.183071	-0.628548	24500.0
2013-09-30	0.016630000000000002	0.18076099999999998	0.22179899999999997	0.175965	1.193451	73200.0
2013-09-27	-0.006499	0.204593	0.204593	0.178251	-0.469421	22300.0
2013-09-26	-0.020393	0.204536	0.204536	0.170562	-1.503731	14300.0
2013-09-25	-0.010886	0.199248	0.201428	0.185396	-0.811539	5000.0
2013-09-24	-0.015238999999999999	0.205602	0.205602	0.183499	-1.153656	5000.0
2013-09-23	0.013852000000000001	0.197331	0.22998600000000002	0.197331	1.034309	12300.0
2013-09-20	-0.011897	0.205862	0.205862	0.17676	-0.8990549999999999	5800.0
2013-09-19	-0.002311	0.206736	0.20686300000000002	0.195122	-0.175041	7400.0
2013-09-18	0.043173	0.211558	0.255807	0.207608	3.134773	10200.0
2013-09-17	0.000877	0.22053000000000003	0.221716	0.202736	0.063637	4000.0
2013-09-16	0.022427000000000002	0.21798499999999998	0.235369	0.21367199999999997	1.5912549999999999	44300.0
2013-09-13	-0.016216	0.20645300000000003	0.20645300000000003	0.182324	-1.169563	5300.0
2013-09-12	-0.017877	0.20181300000000002	0.20181300000000002	0.180068	-1.31279	10600.0
2013-09-11	0.010731999999999998	0.20957800000000001	0.21905300000000003	0.199576	0.779724	9200.0
2013-09-10	0.023079	0.206391	0.233319	0.19575399999999998	1.638985	9400.0
2013-09-09	0.004501	0.20181300000000002	0.217231	0.194915	0.318245	41400.0
2013-09-06	0.012765	0.20263499999999998	0.220579	0.199485	0.8911049999999999	28200.0
2013-09-05	0.032843000000000004	0.198984	0.24128400000000003	0.19884200000000002	2.219795	23600.0
2013-09-04	0.010828	0.20796199999999998	0.218259	0.197523	0.724015	11200.0
2013-09-03	0.016203	0.240614	0.240614	0.20704499999999998	1.066139	48700.0
2013-08-30	-0.009936	0.208575	0.23447300000000001	0.189871	-0.660362	77700.0
2013-08-29	0.00011999999999999999	0.197208	0.215771	0.196345	0.007956999999999999	20500.0
2013-08-28	-0.005951	0.19838	0.21297	0.192945	-0.397804	54600.0
2013-08-27	-0.01385	0.190669	0.197299	0.181078	-0.938851	15900.0
2013-08-26	-0.0044399999999999995	0.207431	0.21038	0.196196	-0.30233000000000004	7800.0
2013-08-23	0.006823	0.21185199999999998	0.21185199999999998	0.201389	0.46145699999999995	16100.0
2013-08-22	0.010581	0.194669	0.219531	0.194669	0.7080989999999999	11100.0
2013-08-21	-0.001662	0.194681	0.207234	0.184553	-0.111381	21000.0
2013-08-20	0.00477	0.20740300000000003	0.21557300000000001	0.200093	0.318252	23100.0
2013-08-19	-0.022385	0.191584	0.192705	0.172808	-1.527595	12700.0
2013-08-16	-0.017751	0.197271	0.197822	0.168919	-1.233231	9500.0
2013-08-15	-0.004333	0.19085	0.19797599999999999	0.183039	-0.302338	2800.0
2013-08-14	0.0044670000000000005	0.20553000000000002	0.207181	0.181579	0.310296	10900.0
2013-08-13	-0.011212	0.202493	0.20303800000000002	0.186841	-0.787674	34500.0
2013-08-12	0.010643999999999999	0.205114	0.221621	0.205114	0.739929	52600.0
2013-08-09	-0.0068200000000000005	0.20495500000000003	0.21233200000000002	0.18678499999999998	-0.477371	47700.0
2013-08-08	0.022907	0.212154	0.24401599999999998	0.212154	1.56739	70000.0
2013-08-07	-0.00647	0.198203	0.198203	0.17820999999999998	-0.445557	28400.0
2013-08-06	-0.0032240000000000003	0.198353	0.208594	0.19074100000000002	-0.22277800000000003	17700.0
2013-08-05	-0.009806	0.20455399999999999	0.20455399999999999	0.18947999999999998	-0.684235	8200.0
2013-08-02	0.024653	0.204341	0.23144099999999998	0.204341	1.67878	23200.0
2013-08-01	-0.004883	0.20516700000000002	0.20851999999999998	0.190216	-0.334167	25300.0
2013-07-31	0.000349	0.202232	0.207684	0.188674	0.023864	17200.0
2013-07-30	0.010697	0.21141999999999997	0.214669	0.19814	0.724022	12900.0
2013-07-29	-0.006308	0.206446	0.206446	0.184125	-0.429642	24800.0
2013-07-26	-0.013141	0.209571	0.209571	0.179786	-0.907012	15900.0
2013-07-25	-0.006983	0.196998	0.203739	0.18929400000000002	-0.485329	22200.0
2013-07-24	-0.011653	0.198142	0.19991	0.180874	-0.8194959999999999	10700.0
2013-07-23	0.023269	0.203065	0.229778	0.19708299999999998	1.599212	7100.0
2013-07-22	-0.019078	0.20890999999999998	0.20890999999999998	0.17288	-1.336654	8700.0
2013-07-19	0.00182	0.205641	0.209333	0.193063	0.127296	16000.0
2013-07-18	0.013256	0.20527600000000001	0.226473	0.20444500000000002	0.9149709999999999	22200.0
2013-07-17	0.041667	0.19993699999999998	0.259393	0.19993699999999998	2.760826	35300.0
2013-07-16	-0.009161	0.19509300000000002	0.197666	0.184083	-0.612633	4900.0
2013-07-15	0.01375	0.199494	0.224861	0.199494	0.907013	8700.0
2013-07-12	0.000724	0.19833199999999998	0.20616500000000001	0.189918	0.047737	19800.0
2013-07-11	0.003513	0.20574299999999998	0.228598	0.202541	0.23072800000000002	13900.0
2013-07-10	-0.017611	0.195521	0.195521	0.165633	-1.1775280000000001	13100.0
2013-07-09	-0.0024920000000000003	0.200672	0.20823200000000003	0.18868900000000002	-0.167076	33800.0
2013-07-08	0.0	0.195109	0.20595	0.194253	0.0	52800.0
2013-07-05	-0.009988	0.201389	0.21184	0.161564	-0.676285	18500.0
2013-07-03	0.0024739999999999996	0.20337	0.209175	0.192469	0.16708399999999998	9700.0
2013-07-02	-0.012562	0.209222	0.209222	0.18336	-0.8592690000000001	12200.0
2013-07-01	-0.012747	0.195188	0.204573	0.185252	-0.8831549999999999	26400.0
2013-06-28	0.0009199999999999999	0.2043	0.207063	0.189381	0.063667	31100.0
2013-06-27	0.015643	0.20111099999999998	0.226225	0.198446	1.066124	13400.0
2013-06-26	0.033543	0.21355900000000003	0.249955	0.21080300000000002	2.2118450000000003	20500.0
2013-06-25	0.018057	0.204618	0.227647	0.193841	1.169563	12800.0
2013-06-24	0.005062	0.18549200000000002	0.215315	0.16917100000000002	0.32621100000000003	13600.0
2013-06-21	-0.010989	0.21369899999999997	0.22719899999999998	0.182443	-0.716065	32600.0
2013-06-20	-0.020803	0.20310599999999998	0.20310599999999998	0.160431	-1.384384	9300.0
2013-06-19	-0.014028	0.208472	0.208472	0.18353699999999998	-0.946793	2800.0
2013-06-18	-0.002	0.205065	0.205065	0.184705	-0.135261	6900.0
2013-06-17	-0.022427000000000002	0.21231799999999998	0.21231799999999998	0.172234	-1.551468	12100.0
2013-06-14	0.035119	0.208967	0.248741	0.208967	2.347084	7200.0
2013-06-13	0.015106	0.195858	0.24146199999999998	0.195858	0.9945370000000001	18700.0
2013-06-12	-0.005169	0.213083	0.213083	0.17898499999999998	-0.342117	11000.0
2013-06-11	-0.02348	0.200543	0.200543	0.160615	-1.591248	10900.0
2013-06-10	-0.014119999999999999	0.204039	0.21377600000000002	0.178027	-0.970665	26800.0
2013-06-07	-0.004035	0.209571	0.209571	0.186712	-0.278472	11700.0
2013-06-06	0.011072	0.20041199999999998	0.218061	0.178001	0.755844	8600.0
2013-06-05	-0.021665	0.20153900000000002	0.20414300000000002	0.175776	-1.5116889999999998	23600.0
2013-06-04	0.007004000000000001	0.21161100000000002	0.217545	0.193119	0.485329	12000.0
2013-06-03	-0.021461	0.20991500000000002	0.21626199999999998	0.16305799999999998	-1.5196379999999998	15500.0
2013-05-31	0.014823	0.200032	0.21962800000000002	0.18947999999999998	1.034309	14300.0
2013-05-30	-0.013498	0.201543	0.221415	0.182617	-0.95475	12900.0
2013-05-29	0.009654000000000001	0.213142	0.225836	0.184069	0.676285	9900.0
2013-05-28	-0.009895000000000001	0.201678	0.201678	0.175866	-0.700149	5700.0
2013-05-24	-0.004143	0.19858299999999998	0.204101	0.185932	-0.29438800000000004	11100.0
2013-05-23	0.006770999999999999	0.20656300000000002	0.216183	0.18922	0.47784399999999994	12200.0
2013-05-22	0.000221	0.203673	0.211642	0.19225	0.015609999999999999	13200.0
2013-05-21	-0.006697	0.207618	0.207618	0.183738	-0.475685	7800.0
2013-05-20	0.006519	0.20845300000000003	0.21562399999999998	0.197696	0.460075	13900.0
2013-05-17	-0.008545	0.20155	0.216559	0.171794	-0.6082310000000001	22300.0
2013-05-16	-0.027177	0.203991	0.203991	0.168255	-1.988479	11700.0
2013-05-15	0.013283000000000001	0.201943	0.226083	0.201943	0.959152	13200.0
2013-05-14	0.004883	0.206639	0.220333	0.198161	0.350906	9900.0
2013-05-13	0.000543	0.204423	0.209642	0.189025	0.038979	15800.0
2013-05-10	-0.023847	0.196718	0.196718	0.16831300000000002	-1.754532	7900.0
2013-05-09	-0.005586	0.2046	0.2046	0.18420599999999998	-0.413292	20500.0
2013-05-08	0.0056170000000000005	0.21009299999999997	0.21518800000000002	0.202705	0.413292	12600.0
2013-05-07	-0.009656999999999999	0.208121	0.208121	0.185666	-0.717407	20800.0
2013-05-06	0.0057	0.203716	0.213104	0.19483499999999998	0.42108100000000004	15700.0
2013-05-03	0.001586	0.21973	0.219984	0.196095	0.116967	6600.0
2013-05-02	0.032533	0.211653	0.24406	0.211653	2.323799	5800.0
2013-05-01	-0.019377000000000002	0.195123	0.195123	0.176081	-1.4114309999999999	5100.0
2013-04-30	0.014775	0.204424	0.22048299999999998	0.19763499999999998	1.060524	9800.0
2013-04-29	0.010428	0.208409	0.21830300000000002	0.20814499999999997	0.740807	6900.0
2013-04-26	-0.008165	0.20508400000000002	0.206393	0.18859800000000002	-0.584846	13600.0
2013-04-25	-0.002715	0.20181300000000002	0.211339	0.197768	-0.194962	8300.0
2013-04-24	-0.004324000000000001	0.203112	0.250015	0.181025	-0.311913	23800.0
2013-04-23	-0.005376	0.20155499999999998	0.20155499999999998	0.175968	-0.389892	15400.0
2013-04-22	-0.006304	0.192182	0.194237	0.17060899999999998	-0.460083	11500.0
2013-04-19	0.020945	0.20548400000000003	0.226985	0.200764	1.497208	4100.0
2013-04-18	-0.011644	0.20738499999999999	0.20738499999999999	0.182118	-0.8421790000000001	5600.0
2013-04-17	0.022489	0.199296	0.23082800000000003	0.195851	1.590782	21700.0
2013-04-16	0.012614	0.207448	0.228645	0.207448	0.881173	27400.0
2013-04-15	-0.036774	0.19858199999999998	0.19858199999999998	0.15671300000000002	-2.6669009999999997	6000.0
2013-04-12	-0.002681	0.217021	0.22423800000000002	0.192276	-0.194954	6200.0
2013-04-11	0.001074	0.201684	0.21368299999999998	0.194975	0.077988	8400.0
2013-04-10	-0.0036369999999999996	0.20901199999999998	0.21865300000000001	0.195771	-0.265137	6500.0
2013-04-09	0.009066	0.20310999999999998	0.226978	0.20310999999999998	0.655029	19600.0
2013-04-08	0.019813	0.197183	0.227476	0.197183	1.403633	25700.0
2013-04-05	-0.017838	0.196356	0.196356	0.173229	-1.286667	12400.0
2013-04-04	-0.0009720000000000001	0.206875	0.219596	0.19155899999999998	-0.07018200000000001	7300.0
2013-04-03	0.004557	0.215243	0.21719899999999998	0.204291	0.327522	4200.0
2013-04-02	-0.03081	0.203961	0.203961	0.164785	-2.284813	13200.0
2013-04-01	0.0029530000000000003	0.19725	0.205362	0.186857	0.21835300000000002	7400.0
2013-03-28	0.020228	0.20258900000000002	0.230132	0.20258900000000002	1.466019	6500.0
2013-03-27	-0.014631	0.202323	0.222455	0.180279	-1.076119	7100.0
2013-03-26	0.010564	0.207427	0.22648400000000002	0.20562399999999997	0.768868	14400.0
2013-03-25	0.008362	0.26011100000000004	0.272187	0.26011100000000004	0.603538	8300.0
2013-03-22	-0.008292	0.267818	0.267818	0.24258000000000002	-0.603538	5400.0
2013-03-21	0.005145	0.256092	0.271882	0.256092	0.37255900000000003	9600.0
2013-03-20	0.005588	0.246191	0.269228	0.246191	0.402366	11900.0
2013-03-19	-0.021862	0.26350300000000004	0.26350300000000004	0.22951300000000002	-1.609428	17600.0
2013-03-18	-0.000202	0.25764699999999996	0.265156	0.203426	-0.014908000000000001	24400.0
2013-03-15	-0.011108	0.260795	0.260795	0.24380300000000002	-0.8270569999999999	7700.0
2013-03-14	0.008884	0.260314	0.276314	0.260314	0.6556930000000001	5800.0
2013-03-13	-0.004523	0.257774	0.262325	0.24525999999999998	-0.33529699999999996	4100.0
2013-03-12	0.000503	0.258027	0.258407	0.250186	0.037255	2100.0
2013-03-11	-0.006295	0.258654	0.264938	0.244829	-0.469422	10700.0
2013-03-08	0.005021	0.257774	0.26409	0.247417	0.37255900000000003	6500.0
2013-03-07	0.005757	0.252185	0.271748	0.252185	0.42469799999999996	3100.0
2013-03-06	-0.013058000000000002	0.24661599999999997	0.24937399999999998	0.23470500000000002	-0.976082	6900.0
2013-03-05	-0.008598	0.23676799999999998	0.258396	0.23676799999999998	-0.648231	19400.0
2013-03-04	0.016474000000000003	0.257774	0.278495	0.256637	1.221969	1200.0
2013-03-01	-0.00020099999999999998	0.25057399999999996	0.259416	0.25057399999999996	-0.014908000000000001	2700.0
2013-02-28	0.006673	0.258919	0.267439	0.249381	0.49176099999999995	10000.0
2013-02-27	0.009698	0.260214	0.27061399999999997	0.260214	0.707862	800.0
2013-02-26	0.004203	0.263963	0.264221	0.254551	0.305481	8800.0
2013-02-25	-0.018315	0.256002	0.26562199999999997	0.233852	-1.356079	9700.0
2013-02-22	0.004651	0.26693	0.26693	0.249381	0.342736	5000.0
2013-02-21	-0.0007070000000000001	0.25802800000000004	0.267432	0.248879	-0.05215499999999999	11300.0
2013-02-20	-0.0255	0.259508	0.265947	0.22198600000000002	-1.9298099999999998	24500.0
2013-02-19	0.014685	0.25991	0.276873	0.25991	1.095299	10600.0
2013-02-15	-0.012431000000000001	0.264351	0.264351	0.24052600000000002	-0.9388200000000001	28000.0
2013-02-14	-0.006275	0.255431	0.255431	0.24667600000000003	-0.476875	4800.0
2013-02-13	0.010401	0.262633	0.274719	0.262633	0.7823640000000001	7700.0
2013-02-12	-0.0074719999999999995	0.254312	0.255548	0.24429499999999998	-0.566277	8100.0
2013-02-11	0.005934	0.260635	0.269343	0.25640599999999997	0.44705200000000006	4200.0
2013-02-08	0.001188	0.26051399999999997	0.266991	0.253415	0.089417	24100.0
2013-02-07	0.009698	0.263559	0.269972	0.257523	0.7227399999999999	7900.0
2013-02-06	0.003915	0.266359	0.267748	0.258027	0.290604	7900.0
2013-02-05	0.001911	0.262328	0.264731	0.253474	0.141555	15400.0
2013-02-04	-0.0012050000000000001	0.251079	0.264849	0.24160399999999999	-0.089408	23900.0
2013-02-01	0.001106	0.263972	0.270042	0.253854	0.08197	20300.0
2013-01-31	0.007089	0.261723	0.272294	0.254717	0.521568	16600.0
2013-01-30	0.001115	0.263002	0.263002	0.250889	0.081963	3600.0
2013-01-29	0.009002	0.26163400000000003	0.274886	0.25803200000000004	0.6556850000000001	3600.0
2013-01-28	-0.032079	0.255533	0.255533	0.21319200000000002	-2.4141310000000002	24600.0
2013-01-25	0.018144999999999998	0.26069000000000003	0.280597	0.24534899999999998	1.341186	26200.0
2013-01-24	-0.005514	0.258909	0.258909	0.24529099999999998	-0.409797	12200.0
2013-01-23	-0.003397	0.25149099999999996	0.261921	0.24897800000000003	-0.253349	31500.0
2013-01-22	-0.006847	0.26064499999999996	0.26064499999999996	0.24604299999999998	-0.514115	40300.0
2013-01-18	0.024499	0.265318	0.29191300000000003	0.259948	1.795693	35600.0
2013-01-17	-0.005862	0.254596	0.269596	0.246588	-0.43216000000000004	41100.0
2013-01-16	-0.004016	0.256268	0.256394	0.25133	-0.297294	14600.0
2013-01-15	-0.0001	0.260826	0.260826	0.247534	-0.007423999999999999	12800.0
2013-01-14	-0.001303	0.257412	0.27131900000000003	0.256021	-0.096626	24600.0
2013-01-11	-0.006178	0.256303	0.259319	0.24399	-0.4608	24000.0
2013-01-10	0.015069999999999998	0.264013	0.279955	0.264013	1.107406	13200.0
2013-01-09	0.006823	0.267372	0.277517	0.258256	0.497963	2500.0
2013-01-08	-0.003551	0.264279	0.267606	0.242143	-0.26012399999999997	11700.0
2013-01-07	-0.001924	0.267465	0.267465	0.255461	-0.14121199999999998	14200.0
2013-01-04	0.002436	0.257752	0.26965700000000004	0.254551	0.178367	16300.0
2013-01-03	0.008085	0.259404	0.279277	0.259404	0.587158	15100.0
2013-01-02	0.012539	0.259907	0.27689400000000003	0.259907	0.899292	42100.0
2012-12-31	-0.008426000000000001	0.258102	0.26471	0.24514499999999997	-0.6094430000000001	7700.0
2012-12-28	0.03356	0.26309499999999997	0.304743	0.26162199999999997	2.3485869999999998	7900.0
2012-12-27	0.001702	0.26215900000000003	0.27221999999999996	0.26215900000000003	0.11891900000000001	11200.0
2012-12-26	0.007935	0.267712	0.291509	0.267712	0.5499729999999999	5800.0
2012-12-24	-0.0031	0.24275500000000003	0.264187	0.24275500000000003	-0.215538	6100.0
2012-12-21	-0.026535000000000003	0.244682	0.247306	0.22696799999999998	-1.895203	21000.0
2012-12-20	0.0062829999999999995	0.265177	0.276929	0.252634	0.445938	19200.0
2012-12-19	0.003151	0.26731	0.274065	0.260952	0.222962	1600.0
2012-12-18	0.006981	0.267621	0.277491	0.260152	0.490516	6200.0
2012-12-17	0.004462	0.272742	0.273144	0.257335	0.312157	11900.0
2012-12-14	0.004697	0.25287600000000005	0.266875	0.25287600000000005	0.327019	9900.0
2012-12-13	-0.001279	0.25906999999999997	0.268345	0.24939099999999997	-0.089196	14700.0
2012-12-12	0.012959	0.257275	0.277837	0.257275	0.891877	9800.0
2012-12-11	0.01169	0.25709499999999996	0.277071	0.25502800000000003	0.795257	17900.0
2012-12-10	0.009262000000000001	0.262343	0.273049	0.25831	0.624306	12100.0
2012-12-07	0.002321	0.265969	0.265969	0.260813	0.156074	13400.0
2012-12-06	0.000221	0.26513400000000004	0.27057	0.260255	0.014862	7000.0
2012-12-05	0.008584999999999999	0.266857	0.276698	0.26109299999999996	0.572289	16700.0
2012-12-04	0.014362999999999999	0.257957	0.287477	0.257957	0.943886	9000.0
2012-12-03	-0.019951	0.256759	0.26374699999999995	0.229365	-1.337799	6300.0
2012-11-30	0.009623999999999999	0.26575	0.273088	0.250228	0.639175	40400.0
2012-11-29	0.004045	0.267894	0.27271100000000004	0.261235	0.267548	12300.0
2012-11-28	0.01575	0.265845	0.287432	0.265845	1.025665	19900.0
2012-11-27	-0.003186	0.261382	0.261382	0.242734	-0.20810700000000001	15500.0
2012-11-26	-0.007677	0.253834	0.259386	0.244439	-0.505394	21700.0
2012-11-23	0.003512	0.271237	0.271237	0.24652399999999997	0.2304	12500.0
2012-11-21	-0.007645	0.255423	0.263362	0.243657	-0.505394	15400.0
2012-11-20	0.001689	0.25371	0.26663200000000004	0.24731999999999998	0.111481	20600.0
2012-11-19	0.007946	0.263385	0.27326100000000003	0.261238	0.5202640000000001	19700.0
2012-11-16	-0.010112999999999999	0.25740999999999997	0.25740999999999997	0.23077399999999998	-0.6689149999999999	41600.0
2012-11-15	0.030093	0.25905500000000004	0.300503	0.258179	1.932396	33000.0
2012-11-14	-0.000231	0.268248	0.278461	0.255262	-0.014862	13200.0
2012-11-13	-0.015493	0.25707399999999997	0.261239	0.23725	-1.010788	7700.0
2012-11-12	0.007344	0.264859	0.276291	0.264859	0.475662	4900.0
2012-11-09	-0.013249	0.248815	0.26295100000000005	0.244246	-0.869576	19700.0
2012-11-08	-0.0037229999999999997	0.256258	0.261806	0.247865	-0.24526199999999998	12700.0
2012-11-07	-0.001464	0.25385	0.263793	0.23850900000000003	-0.096618	14200.0
2012-11-06	-0.007268999999999999	0.260106	0.260106	0.235288	-0.48308599999999996	32400.0
2012-11-05	-0.00134	0.257995	0.271514	0.248982	-0.08919500000000001	30500.0
2012-11-02	0.003249	0.26052800000000004	0.27211399999999997	0.25953899999999996	0.215538	12300.0
2012-11-01	0.009387000000000001	0.258385	0.277352	0.258385	0.616867	6200.0
2012-10-31	0.013178	0.277568	0.301554	0.2715	0.854721	43500.0
2012-10-26	0.006342	0.260225	0.273748	0.250192	0.408775	10700.0
2012-10-25	0.000231	0.257025	0.278986	0.257025	0.014855000000000002	17200.0
2012-10-24	-0.002187	0.262548	0.279092	0.236717	-0.14122	26500.0
2012-10-23	-0.006631000000000001	0.25504099999999996	0.262682	0.240914	-0.431069	10800.0
2012-10-22	0.002522	0.262542	0.275549	0.25705	0.16351300000000002	11400.0
2012-10-19	-0.022409000000000002	0.253182	0.254594	0.223088	-1.486442	29500.0
2012-10-18	0.008589	0.25795999999999997	0.285034	0.25154699999999997	0.5648569999999999	46300.0
2012-10-17	0.008318	0.260808	0.276039	0.259515	0.542542	32600.0
2012-10-16	0.006422	0.267604	0.26962800000000003	0.260374	0.416206	28800.0
2012-10-15	0.002299	0.26109699999999997	0.266895	0.256459	0.148644	5100.0
2012-10-12	-0.004235	0.25864299999999996	0.265426	0.248685	-0.274994	20500.0
2012-10-11	0.005987	0.26676	0.27837399999999995	0.26676	0.386474	15100.0
2012-10-10	-0.000575	0.260517	0.270094	0.255148	-0.037155	40900.0
2012-10-09	-0.002525	0.25964899999999996	0.269202	0.252268	-0.16351300000000002	11600.0
2012-10-08	-0.0005740000000000001	0.258493	0.270644	0.25343000000000004	-0.037163	15100.0
2012-10-05	-0.001146	0.264131	0.269044	0.25040500000000004	-0.07431	24300.0
2012-10-04	0.02731	0.266296	0.302662	0.265554	1.72427	33400.0
2012-10-03	0.015419	0.268187	0.28325900000000004	0.268187	0.9587549999999999	22400.0
2012-10-02	0.001916	0.260952	0.26805	0.260952	0.11892	26200.0
2012-10-01	0.001199	0.259289	0.268814	0.251881	0.074325	38800.0
2012-09-28	-0.001078	0.25460900000000003	0.265785	0.252796	-0.066898	58000.0
2012-09-27	0.009186	0.28030900000000003	0.288692	0.26964	0.564846	46100.0
2012-09-26	0.010381	0.258488	0.28205	0.2551	0.631744	61600.0
2012-09-25	0.00825	0.256449	0.278963	0.256449	0.497963	101500.0
2012-09-24	0.010955	0.255772	0.284812	0.255772	0.654038	70400.0
2012-09-21	-0.023225	0.259726	0.277665	0.231667	-1.4195520000000001	147300.0
2012-09-20	-0.0042380000000000004	0.26538	0.270571	0.253929	-0.26013600000000003	29900.0
2012-09-19	-0.006137	0.267629	0.267629	0.251848	-0.37904299999999996	36800.0
2012-09-18	-0.008353	0.257943	0.264864	0.248162	-0.520256	22000.0
2012-09-17	-0.004396	0.258405	0.26005300000000003	0.25436	-0.274994	9700.0
2012-09-14	-0.021507	0.25289	0.25289	0.205395	-1.374962	105300.0
2012-09-13	-0.0032450000000000005	0.260952	0.260952	0.240788	-0.208103	20200.0
2012-09-12	-0.002889	0.288633	0.288633	0.24492600000000003	-0.185807	40100.0
2012-09-11	0.016919	0.265397	0.282287	0.261693	1.0702479999999999	31200.0
2012-09-10	-0.000118	0.251027	0.270877	0.251027	-0.007442	31100.0
2012-09-07	0.017573	0.271203	0.286729	0.271203	1.092544	20100.0
2012-09-06	0.002517	0.27153099999999997	0.279993	0.264126	0.156078	51200.0
2012-09-05	-0.000599	0.25974400000000003	0.268201	0.253702	-0.037166000000000005	17300.0
