2017-09-01	-0.001429	0.004973	0.005286	-0.001510	-388.000000	200.000000
2016-09-01	-0.001816	-0.000354	0.003012	-0.011162	-410.0	200.0
2016-08-31	0.004047	0.001912	0.005759	-0.00805	910.0	200.0
2016-08-30	0.006490999999999999	0.002865	0.008639	0.002865	1450.0	200.0
2016-08-29	0.006125	0.003423	0.010854	0.003423	1360.0	400.0
2016-08-26	-0.0043	-0.000309	0.00283	-0.009457	-959.0	500.0
2016-08-25	0.000785	-0.000556	0.001059	-0.002576	175.0	400.0
2016-08-24	-0.003025	-0.0022370000000000003	-0.001338	-0.005503	-676.0	100.0
2016-08-23	0.004738	0.0025800000000000003	0.006402	0.0018210000000000001	1054.0	200.0
2016-08-22	-0.002663	-0.0013	4.5e-05	-0.004797	-594.0	100.0
2016-08-19	-0.000717	-0.0008960000000000001	9e-05	-0.005824	-160.0	300.0
2016-08-18	-0.003082	-0.00017900000000000001	0.000491	-0.0046229999999999995	-690.0	300.0
2016-08-17	0.013972	0.000521	0.014288999999999998	0.000521	3085.0	400.0
2016-08-16	-0.00536	-0.001757	0.0	-0.00536	-1190.0	500.0
2016-08-15	0.001105	-0.001024	0.001105	-0.00451	245.0	300.0
2016-08-12	-0.0006309999999999999	-0.005678	-0.0006309999999999999	-0.005678	-140.0	300.0
2016-08-11	0.008591	0.00225	0.009226999999999999	0.0	1890.0	600.0
2016-08-10	-0.002742	0.000612	0.001972	-0.006097	-605.0	400.0
2016-08-09	0.010559	0.000916	0.013009999999999999	4.6e-05	2305.0	800.0
2016-08-08	0.00133	-4.6e-05	0.002248	-0.007109999999999999	290.0	400.0
2016-08-05	0.014802000000000001	0.005307	0.015453999999999999	0.004515	3180.0	600.0
2016-08-04	-0.002183	0.00144	0.001486	-0.00418	-470.0	100.0
2016-08-03	0.001861	0.003886	0.003886	-0.001303	400.0	200.0
2016-08-02	-0.004908	-0.002825	-0.0015279999999999998	-0.006668	-1060.0	200.0
2016-08-01	-0.000185	0.0025	0.003657	-0.002639	-40.0	100.0
2016-07-29	-0.003046	-0.0039689999999999994	0.00041500000000000006	-0.004385	-660.0	100.0
2016-07-28	0.0016640000000000001	-0.001387	0.0032869999999999996	-0.004854	360.0	100.0
2016-07-27	-0.000462	-0.0008320000000000001	0.003235	-0.0033729999999999997	-100.0	100.0
2016-07-26	0.001829	0.00294	0.0054859999999999996	-0.000481	395.0	100.0
2016-07-25	-0.0036899999999999997	0.003667	0.003667	-0.006342	-800.0	100.0
2016-07-22	0.0022649999999999997	0.0020570000000000002	0.003897	-0.0018260000000000001	490.0	200.0
2016-07-21	-0.013103	-0.001309	-0.0006519999999999999	-0.013103	-2872.0	300.0
2016-07-20	-0.004894	-0.001189	2.3e-05	-0.0076040000000000005	-1078.0	200.0
2016-07-19	0.0016600000000000002	-0.0038200000000000005	0.002092	-0.004548	365.0	500.0
2016-07-18	0.004155	4.6e-05	0.004612	4.6e-05	910.0	400.0
2016-07-15	0.001825	0.003152	0.003701	-0.004259000000000001	399.0	100.0
2016-07-14	-0.00164	0.00137	0.004522	-0.0030600000000000002	-359.0	300.0
2016-07-13	0.008754000000000001	-0.000346	0.008754000000000001	-0.0016589999999999999	1900.0	300.0
2016-07-12	0.005681	0.001464	0.0077659999999999995	0.00114	1226.0	200.0
2016-07-11	0.005142	0.007847	0.007847	0.002235	1104.0	200.0
2016-07-08	0.010442	0.009831	0.014348	0.007219	2219.0	200.0
2016-07-07	-0.0052380000000000005	0.001947	0.003885	-0.008052	-1119.0	300.0
2016-07-06	0.0030989999999999998	-0.004461	0.004649	-0.006856	660.0	200.0
2016-07-05	-0.015432	-0.0073420000000000004	-0.004753	-0.016866	-3338.0	200.0
2016-07-01	-0.00312	-0.002553	0.001083	-0.006337	-677.0	200.0
2016-06-30	0.020363	0.003551	0.020621	0.002704	4330.0	600.0
2016-06-29	0.01067	0.00808	0.012738	-0.0019010000000000001	2245.0	400.0
2016-06-28	0.011538	0.007236	0.012019	-0.0016829999999999998	2400.0	300.0
2016-06-27	-0.008825	-0.004727	-0.004727	-0.022768	-1852.0	400.0
2016-06-24	-0.041115	-0.038131	-0.027964	-0.042723000000000004	-8998.0	900.0
2016-06-23	0.011948	0.0034909999999999997	0.011948	0.003315	2584.0	400.0
2016-06-22	0.003927	0.0	0.007056000000000001	0.0	846.0	200.0
2016-06-21	0.013121	0.0023989999999999997	0.013121	0.000941	2790.0	300.0
2016-06-20	0.006770999999999999	0.009470000000000001	0.015133	0.006155	1430.0	200.0
2016-06-17	-0.008451	-0.003052	-0.003052	-0.011028	-1800.0	300.0
2016-06-16	0.014044	0.00023799999999999998	0.014044	-0.006856	2950.0	300.0
2016-06-15	-0.009525	0.00158	0.005376	-0.009525	-2020.0	300.0
2016-06-14	0.002932	-0.000993	0.003783	-0.002696	620.0	500.0
2016-06-13	-0.0055119999999999995	-0.0015140000000000002	0.006128	-0.0055119999999999995	-1172.0	200.0
2016-06-10	-0.002758	-0.006613	0.001173	-0.006613	-588.0	100.0
2016-06-09	-0.001358	-0.000998	0.0007030000000000001	-0.007916	-290.0	100.0
2016-06-08	0.006079	0.0019320000000000001	0.008435	0.0019320000000000001	1290.0	100.0
2016-06-07	-0.003147	0.001503	0.0036729999999999996	-0.003288	-670.0	200.0
2016-06-06	0.005978	0.002788	0.0099	0.002788	1265.0	300.0
2016-06-03	-0.0034850000000000003	-0.003084	-0.000542	-0.010101	-740.0	200.0
2016-06-02	-2.4e-05	-0.000998	0.003296	-0.00372	-5.0	200.0
2016-06-01	0.003141	-0.002811	0.00659	-0.004686	665.0	200.0
2016-05-31	-0.01217	0.007451999999999999	0.008245	-0.01217	-2608.0	200.0
2016-05-27	-0.001384	0.003635	0.003635	-0.0014449999999999999	-297.0	200.0
2016-05-26	-0.007331999999999999	-0.002012	-0.000995	-0.008442	-1585.0	200.0
2016-05-25	0.0024809999999999997	0.0	0.007651000000000001	-0.000394	535.0	300.0
2016-05-24	0.01621	0.0041	0.018284	0.0037229999999999997	3440.0	300.0
2016-05-23	-0.002927	0.0010199999999999999	0.0010199999999999999	-0.005558	-623.0	200.0
2016-05-20	0.007826999999999999	0.002983	0.011838	0.002983	1653.0	300.0
2016-05-19	-0.004807	-0.004477	-0.0006129999999999999	-0.012253	-1020.0	300.0
2016-05-18	0.007143000000000001	-0.0025629999999999997	0.009516	-0.003583	1505.0	200.0
2016-05-17	-0.008634000000000001	0.001176	0.001176	-0.012539	-1835.0	300.0
2016-05-16	0.001838	-0.001108	0.004761	-0.001108	390.0	300.0
2016-05-13	-0.012659	-0.001443	0.001582	-0.014475	-2720.0	300.0
2016-05-12	0.0018280000000000002	0.002014	0.005138	-0.004817	392.0	200.0
2016-05-11	-0.011554	0.000576	0.00106	-0.012739	-2507.0	200.0
2016-05-10	0.011869	0.001259	0.013290999999999999	0.001259	2545.0	300.0
2016-05-09	-0.011843000000000001	-0.001935	-0.001935	-0.018664	-2570.0	200.0
2016-05-06	0.005188	-0.00227	0.006323	-0.0034509999999999996	1120.0	200.0
2016-05-05	-0.002933	0.0	0.003164	-0.005935	-635.0	200.0
2016-05-04	-0.00386	-0.007356999999999999	-0.003699	-0.010356	-839.0	200.0
2016-05-03	-0.013162	-0.0020570000000000002	-0.0020570000000000002	-0.017948	-2899.0	300.0
2016-05-02	0.005721	0.000822	0.007489	-0.001233	1253.0	200.0
2016-04-29	-0.0005480000000000001	-0.002013	0.002875	-0.010314	-120.0	200.0
2016-04-28	-0.010431999999999999	-0.007045	-0.0018059999999999999	-0.012505	-2310.0	200.0
2016-04-27	0.004947	-4.5e-05	0.0074659999999999995	-0.001634	1090.0	200.0
2016-04-26	0.004843	0.001468	0.0063939999999999995	0.0011949999999999999	1062.0	400.0
2016-04-25	0.0010960000000000002	-0.0015429999999999999	0.001621	-0.003232	240.0	100.0
2016-04-22	0.0072569999999999996	-0.000276	0.009381	-0.000276	1578.0	200.0
2016-04-21	-0.006705	0.000877	0.00259	-0.008601000000000001	-1468.0	300.0
2016-04-20	-0.00032900000000000003	-0.00274	0.00274	-0.004292	-72.0	200.0
2016-04-19	0.010847	0.001362	0.01315	0.000877	2350.0	300.0
2016-04-18	0.007159	-0.0035329999999999997	0.007159	-0.0035329999999999997	1540.0	200.0
2016-04-15	-0.002273	0.002226	0.002226	-0.005241	-490.0	200.0
2016-04-14	-0.0024519999999999998	0.0005549999999999999	0.0005549999999999999	-0.0037939999999999996	-530.0	200.0
2016-04-13	0.011371	0.00365	0.011595999999999999	0.00278	2430.0	300.0
2016-04-12	0.009637999999999999	0.002787	0.009733	-3.8e-05	2040.0	200.0
2016-04-11	-0.000213	0.002999	0.006967	-0.000213	-45.0	100.0
2016-04-08	0.001438	0.004253	0.008245	-0.000714	304.0	100.0
2016-04-07	-0.00746	-0.007925	-0.005065999999999999	-0.010893	-1589.0	200.0
2016-04-06	0.003061	-0.000193	0.003061	-0.006311	650.0	200.0
2016-04-05	-0.012648000000000001	-0.007248999999999999	-0.005468	-0.014694	-2720.0	200.0
2016-04-04	-0.003152	-0.000834	-0.0006490000000000001	-0.006397	-680.0	200.0
2016-04-01	0.010729	-0.007495999999999999	0.011712	-0.017845	2290.0	300.0
2016-03-31	-0.0027329999999999998	0.00042	0.002747	-0.007639	-585.0	200.0
2016-03-30	0.005804	0.007259999999999999	0.010948999999999999	0.003703	1235.0	300.0
2016-03-29	0.003182	0.0014609999999999998	0.004125	-0.005303	675.0	100.0
2016-03-28	0.007576	0.002802	0.009923000000000001	0.001235	1595.0	200.0
2016-03-24	-0.003974	-0.005535	-0.0018449999999999999	-0.008729	-840.0	200.0
2016-03-23	-0.009512999999999999	-0.002343	-0.000281	-0.009512999999999999	-2030.0	300.0
2016-03-22	0.000469	-0.000469	0.005804	-0.002391	100.0	200.0
2016-03-21	-0.00014099999999999998	0.0	0.003141	-0.002203	-30.0	200.0
2016-03-18	-0.0012640000000000001	0.003043	0.004494	-0.005239	-270.0	300.0
2016-03-17	0.016175	0.00018999999999999998	0.018078	-0.001308	3400.0	400.0
2016-03-16	-0.004122	-0.004122	-0.000332	-0.004406	-870.0	400.0
2016-03-15	0.0036609999999999998	-0.002758	0.00428	-0.005359	770.0	200.0
2016-03-14	-0.006144	0.0018899999999999998	0.003072	-0.00827	-1300.0	200.0
2016-03-11	0.011859	0.0041600000000000005	0.011859	0.0017690000000000002	2480.0	600.0
2016-03-10	-0.000621	0.002939	0.003589	-0.006308	-130.0	700.0
2016-03-09	0.006063000000000001	0.001668	0.006904	0.001255	1261.0	500.0
2016-03-08	-0.002451	-0.001679	0.000959	-0.005850999999999999	-511.0	600.0
2016-03-07	0.002669	-0.00214	0.003871	-0.006367	555.0	700.0
2016-03-04	0.009442	0.0009710000000000001	0.009442	-0.001456	1945.0	1100.0
2016-03-03	0.002433	0.001217	0.0043549999999999995	-0.002438	500.0	400.0
2016-03-02	0.0	0.002433	0.002477	-0.004477	0.0	400.0
2016-03-01	0.014538999999999998	0.006634999999999999	0.015063	0.00022200000000000003	2945.0	700.0
2016-02-29	0.022019	0.009632	0.025233000000000002	0.009128	4364.0	900.0
2016-02-26	-0.0035600000000000002	0.000508	0.005535	-0.004520000000000001	-708.0	400.0
2016-02-25	0.012152	0.006	0.012152	-0.002091	2388.0	400.0
2016-02-24	4.6e-05	-0.0038009999999999997	0.00457	-0.01171	9.0	300.0
2016-02-23	-0.010813	-0.0038759999999999997	-0.0017620000000000001	-0.010813	-2148.0	100.0
2016-02-22	0.006790999999999999	0.008565000000000001	0.012620000000000001	0.001627	1340.0	200.0
2016-02-19	0.006555	0.00025499999999999996	0.008341	-0.001525	1285.0	100.0
2016-02-18	0.0006230000000000001	0.002792	0.015813999999999998	0.0006230000000000001	122.0	400.0
2016-02-17	0.012602	0.006595999999999999	0.013465000000000001	0.003091	2438.0	400.0
2016-02-16	-0.0027530000000000002	0.007943	0.007943	-0.004603	-534.0	300.0
2016-02-12	0.021047	0.0015789999999999999	0.021047	0.0015789999999999999	3999.0	600.0
2016-02-11	-0.002729	-0.013936000000000002	-0.00168	-0.01635	-520.0	600.0
2016-02-10	-0.010979000000000001	0.001173	0.01072	-0.011234000000000001	-2115.0	300.0
2016-02-09	0.007215000000000001	-0.008	0.009124	-0.009882	1380.0	600.0
2016-02-08	0.00228	-0.008909	0.008490000000000001	-0.012158	435.0	400.0
2016-02-05	-0.00718	-0.00424	-0.0016649999999999998	-0.013944	-1380.0	300.0
2016-02-04	0.012320000000000001	-0.001891	0.012320000000000001	-0.001891	2339.0	200.0
2016-02-03	-0.00021600000000000002	0.003154	0.003781	-0.015698	-41.0	400.0
2016-02-02	-0.024939	-0.008518000000000001	-0.003897	-0.025462000000000002	-4857.0	400.0
2016-02-01	0.002053	-0.001852	0.00427	-0.012657	399.0	500.0
2016-01-29	0.032182999999999996	0.009134	0.033723	0.009134	6060.0	500.0
2016-01-28	-0.004183	0.003961	0.009567	-0.008414	-791.0	200.0
2016-01-27	-0.002895	-0.001292	0.01023	-0.008669	-549.0	200.0
2016-01-26	0.014112000000000001	0.002722	0.018711000000000002	0.002722	2639.0	400.0
2016-01-25	-0.022963	-0.007294	-0.007294	-0.023490999999999998	-4395.0	200.0
2016-01-22	0.010245	0.012911	0.014806	0.0028239999999999997	1941.0	200.0
2016-01-21	0.005226	0.000164	0.012097	-0.005147	985.0	200.0
2016-01-20	-0.016849	-0.016066999999999998	-0.009082	-0.023996	-3230.0	500.0
2016-01-19	0.008947	0.005289	0.015463	0.005263	1700.0	300.0
2016-01-15	-0.011704	-0.019402000000000003	-0.005462	-0.023901	-2250.0	600.0
2016-01-14	0.009186	-0.001837	0.018373	-0.004404	1750.0	300.0
2016-01-13	-0.018040999999999998	0.000515	0.0017469999999999999	-0.02299	-3500.0	500.0
2016-01-12	0.004869	0.004351	0.008702	-0.007044	940.0	300.0
2016-01-11	-0.004332	0.0012380000000000002	0.004693	-0.012579	-840.0	300.0
2016-01-08	-0.00859	0.00035800000000000003	0.002147	-0.011784999999999999	-1680.0	400.0
2016-01-07	-0.009295	-0.015784	-0.006155	-0.017299000000000002	-1835.0	1100.0
2016-01-06	0.002107	-0.009944	0.0044670000000000005	-0.01167	415.0	600.0
2016-01-05	0.003592	2.5e-05	0.0051909999999999994	-0.0065969999999999996	705.0	500.0
2016-01-04	-0.007609	-0.014156	-0.005258	-0.02275	-1505.0	800.0
2015-12-31	-0.0114	-0.004303	-0.000405	-0.0114	-2281.0	300.0
2015-12-30	0.000155	0.002349	0.005499	-0.00155	31.0	300.0
2015-12-29	0.0008710000000000001	0.0031219999999999998	0.009626000000000001	-0.0019809999999999997	174.0	400.0
2015-12-28	-0.006268999999999999	-0.004659	-0.004659	-0.011618999999999999	-1261.0	300.0
2015-12-24	0.005685	0.005175	0.00812	0.001125	1137.0	100.0
2015-12-23	0.001603	0.001603	0.019631	0.000901	320.0	500.0
2015-12-22	0.014629	0.005065999999999999	0.015847999999999998	-0.000615	2879.0	500.0
2015-12-21	0.010687	0.008618	0.014277000000000001	-0.0011300000000000001	2081.0	400.0
2015-12-18	-0.031244	-0.009149	-0.00796	-0.031244	-6280.0	600.0
2015-12-17	-0.013739	-0.000981	0.000981	-0.014131999999999999	-2800.0	200.0
2015-12-16	0.006718000000000001	0.005039	0.0082	-0.012354	1360.0	600.0
2015-12-15	0.022218	0.007877	0.026661	0.006867	4400.0	500.0
2015-12-14	0.011662	-0.0007	0.012541	-0.0024879999999999998	2283.0	400.0
2015-12-11	-0.00885	-0.008886	-0.0058130000000000005	-0.015215000000000001	-1748.0	300.0
2015-12-10	-0.000784	0.001417	0.005899000000000001	-0.003339	-155.0	400.0
2015-12-09	-0.012218999999999999	-0.0017239999999999998	0.0051719999999999995	-0.016266	-2445.0	400.0
2015-12-08	-0.016683	-0.007345999999999999	-0.0063880000000000004	-0.01769	-3395.0	300.0
2015-12-07	-0.00489	-0.000132	-0.000132	-0.011932	-1000.0	200.0
2015-12-04	0.028667	0.005025	0.029698000000000002	0.005025	5699.0	500.0
2015-12-03	-0.020347	-0.000641	-9.9e-05	-0.021633000000000003	-4129.0	300.0
2015-12-02	-0.009831999999999999	-0.001	0.000342	-0.011037	-2015.0	200.0
2015-12-01	0.017804	0.002433	0.017804	0.002433	3585.0	300.0
2015-11-30	-0.001309	0.002118	0.004677000000000001	-0.004117	-264.0	200.0
2015-11-27	-0.003268	0.003757	0.0039299999999999995	-0.003268	-661.0	100.0
2015-11-25	-0.005286	0.000541	0.002188	-0.005286	-1075.0	200.0
2015-11-24	-0.0020559999999999997	-0.002252	-0.000118	-0.012395999999999999	-419.0	200.0
2015-11-23	-0.004013	0.000978	0.00259	-0.004013	-821.0	100.0
2015-11-20	-0.001469	0.0029230000000000003	0.0057	-0.004451	-301.0	200.0
2015-11-19	0.0030399999999999997	-0.000734	0.004983	-0.0036710000000000002	621.0	300.0
2015-11-18	0.021169999999999998	0.000275	0.021845	0.000275	4235.0	300.0
2015-11-17	0.0012259999999999999	0.003003	0.00503	-0.003403	245.0	400.0
2015-11-16	0.009984	0.00037400000000000004	0.010287000000000001	-0.002755	1975.0	400.0
2015-11-13	-0.0077540000000000005	0.000647	0.004459	-0.00808	-1546.0	100.0
2015-11-12	-0.014746	-0.001809	-0.001809	-0.015394	-2984.0	200.0
2015-11-11	0.002979	0.001219	0.005328	-0.0018789999999999998	601.0	100.0
2015-11-10	0.003751	0.002239	0.004055	-0.0024879999999999998	754.0	100.0
2015-11-09	-0.01034	0.0006889999999999999	0.0016489999999999999	-0.014672999999999999	-2100.0	400.0
2015-11-06	-0.0077870000000000005	0.003156	0.0041329999999999995	-0.009414	-1594.0	500.0
2015-11-05	-0.0069180000000000005	-0.00033999999999999997	0.004268999999999999	-0.0076170000000000005	-1426.0	300.0
2015-11-04	-0.002825	0.0	0.001263	-0.004523	-584.0	200.0
2015-11-03	-0.005011	-0.00195	7.2e-05	-0.005247	-1041.0	200.0
2015-11-02	0.015391	0.0029519999999999998	0.015562000000000001	0.000117	3149.0	200.0
2015-10-30	-0.010739	-0.001533	3.9e-05	-0.012678	-2221.0	200.0
2015-10-29	-0.000594	-0.00116	0.00404	-0.004736	-123.0	200.0
2015-10-28	0.018005	0.000492	0.020474000000000003	0.0	3660.0	300.0
2015-10-27	-0.010225	-0.001485	-0.001485	-0.013049000000000002	-2100.0	200.0
2015-10-26	-0.005828	0.000755	0.001772	-0.00728	-1204.0	200.0
2015-10-23	0.002738	0.004767	0.004767	-0.003781	564.0	300.0
2015-10-22	0.030614999999999996	0.005303	0.033017000000000005	0.004102000000000001	6120.0	600.0
2015-10-21	-0.007842	0.003176	0.0075439999999999995	-0.008711	-1580.0	200.0
2015-10-20	0.0039109999999999995	-0.00151	0.003966	-0.004958	785.0	100.0
2015-10-19	0.001127	-0.001242	0.001227	-0.003472	226.0	200.0
2015-10-16	-0.00015	0.006712999999999999	0.007761	-0.004983	-30.0	200.0
2015-10-15	0.018283	0.007725	0.019518	0.002468	3600.0	300.0
2015-10-14	-0.008454999999999999	0.0012439999999999999	0.0012439999999999999	-0.009578	-1679.0	200.0
2015-10-13	-0.007109999999999999	-0.00225	0.0	-0.01055	-1422.0	200.0
2015-10-12	0.0017530000000000002	0.001598	0.006837	-0.001052	350.0	100.0
2015-10-09	-0.004815	0.0016699999999999998	0.00488	-0.010946	-966.0	100.0
2015-10-08	0.008121	0.001508	0.010754000000000001	-0.002513	1616.0	200.0
2015-10-07	0.011590000000000001	0.006506999999999999	0.017217	0.005287	2280.0	300.0
2015-10-06	-0.009272	-0.0019690000000000003	0.0009519999999999999	-0.009826	-1841.0	200.0
2015-10-05	0.015657	0.004092	0.016880000000000003	0.002251	3061.0	300.0
2015-10-02	-0.001221	-0.007606999999999999	-0.001221	-0.018080000000000002	-239.0	300.0
2015-10-01	0.0025559999999999997	0.005429	0.0231	-0.003278	499.0	200.0
2015-09-30	0.008362	0.005573	0.011125	-0.002536	1619.0	300.0
2015-09-29	0.0016350000000000002	0.001216	0.0022559999999999998	-0.006751000000000001	316.0	200.0
2015-09-28	-0.006756999999999999	-0.006258	-0.002107	-0.00745	-1315.0	200.0
2015-09-25	0.004231	0.009856	0.013209	0.0016	820.0	200.0
2015-09-24	-0.0034909999999999997	-0.005034	-0.000195	-0.009662	-679.0	200.0
2015-09-23	-0.004642	0.0	0.0	-0.009136	-907.0	200.0
2015-09-22	-0.008304	-0.010263	-0.008304	-0.016607	-1636.0	300.0
2015-09-21	0.025088	0.015609	0.026535000000000003	0.014568000000000001	4822.0	700.0
2015-09-18	-0.029782999999999997	-0.004796	-0.0031149999999999997	-0.029782999999999997	-5900.0	1000.0
2015-09-17	-0.006594	0.0	0.009603	-0.006594	-1315.0	200.0
2015-09-16	0.000552	0.00158	0.005991	0.00047699999999999994	110.0	200.0
2015-09-15	0.008639	0.0	0.012145999999999999	-0.001508	1707.0	200.0
2015-09-14	-0.003686	0.0	0.000938	-0.006701	-731.0	200.0
2015-09-11	0.0034909999999999997	0.001068	0.0034909999999999997	-0.0055049999999999995	690.0	200.0
2015-09-10	0.0038810000000000003	0.000127	0.010717	-0.000381	764.0	300.0
2015-09-09	-0.018569	0.008225	0.010469	-0.018938	-3725.0	300.0
2015-09-08	0.02086	0.013078999999999999	0.023403999999999998	0.009461	4099.0	700.0
2015-09-04	-0.015847	-0.009346	-0.009346	-0.023364	-3164.0	300.0
2015-09-03	0.0015300000000000001	0.004339	0.013142	-0.000301	305.0	300.0
2015-09-02	0.006137	0.008357999999999999	0.008357999999999999	-0.0006259999999999999	1216.0	300.0
2015-09-01	-0.021661	-0.012522	-0.012522	-0.029156	-4387.0	500.0
2015-08-31	-0.013699000000000001	-0.005084	-0.005084	-0.01816	-2813.0	200.0
2015-08-28	0.001971	0.000293	0.001971	-0.007197	404.0	200.0
2015-08-27	0.022144999999999998	0.012968	0.026333999999999996	0.004539	4440.0	300.0
2015-08-26	0.032441000000000005	0.020721	0.032904	0.002575	6300.0	700.0
2015-08-25	-0.009209	0.026452999999999997	0.030066000000000002	-0.015331000000000001	-1805.0	600.0
2015-08-24	-0.032074	-0.04484	-0.005333	-0.061694000000000006	-6495.0	1200.0
2015-08-21	-0.025796	-0.005013	-0.005013	-0.027817	-5362.0	1100.0
2015-08-20	-0.013281999999999999	-0.005222	-0.005222	-0.013861000000000002	-2798.0	300.0
2015-08-19	-0.006789	-0.002074	0.00165	-0.010844	-1440.0	200.0
2015-08-18	-0.005626	0.0	0.00075	-0.007781999999999999	-1200.0	100.0
2015-08-17	-0.0031829999999999996	-0.0013130000000000001	-0.0013130000000000001	-0.008136	-681.0	100.0
2015-08-14	0.0037340000000000003	0.001004	0.004939	0.000915	796.0	100.0
2015-08-13	0.000869	-0.001221	0.004958	-0.005117	185.0	200.0
2015-08-12	-0.006993000000000001	-0.007692	-0.006993000000000001	-0.016345	-1500.0	300.0
2015-08-11	-0.0037159999999999997	-0.008801999999999999	-0.002392	-0.011705	-800.0	300.0
2015-08-10	-0.0007570000000000001	-0.011431	-0.0007570000000000001	-0.016026	-163.0	400.0
2015-08-07	-0.000867	-0.004289	-0.000672	-0.008764	-187.0	100.0
2015-08-06	0.0020859999999999997	0.000367	0.00223	-0.0029230000000000003	449.0	200.0
2015-08-05	0.004908	0.003129	0.008639	0.003129	1051.0	200.0
2015-08-04	0.0030440000000000003	-0.00185	0.0053159999999999995	-0.00185	650.0	100.0
2015-08-03	-0.002336	0.0018690000000000002	0.0021030000000000003	-0.011589	-500.0	200.0
2015-07-31	-0.003469	0.0021190000000000002	0.003981	-0.003469	-745.0	200.0
2015-07-30	0.001983	0.00028	0.001983	-0.004941	425.0	100.0
2015-07-29	-0.003585	0.0	0.001743	-0.005072	-771.0	100.0
2015-07-28	0.020719	0.004636	0.021901	0.004636	4366.0	300.0
2015-07-27	-0.006164	-0.001094	-0.000151	-0.006258	-1307.0	200.0
2015-07-24	-0.0069689999999999995	-0.00103	-0.00042199999999999996	-0.007937999999999999	-1488.0	200.0
2015-07-23	-0.008636	-0.003134	-0.00195	-0.010201	-1860.0	100.0
2015-07-22	-0.001928	-0.001372	1.9e-05	-0.0051719999999999995	-416.0	100.0
2015-07-21	-0.00316	0.0022170000000000002	0.002287	-0.00746	-684.0	200.0
2015-07-20	0.002408	-0.000556	0.005279	-0.000556	520.0	300.0
2015-07-17	4.6e-05	-0.000602	0.000236	-0.002084	10.0	200.0
2015-07-16	0.010056	0.003297	0.010056	0.003017	2150.0	200.0
2015-07-15	0.0096	0.003461	0.010526	0.0011949999999999999	2033.0	100.0
2015-07-14	0.00022200000000000003	-9.4e-05	0.0038020000000000003	-0.001393	47.0	100.0
2015-07-13	0.009152	0.00591	0.01163	0.00591	1920.0	200.0
2015-07-10	0.009916	0.008953000000000001	0.013286000000000001	0.00491	2060.0	200.0
2015-07-09	0.007537	0.007828	0.011223	0.005403	1554.0	200.0
2015-07-08	-0.009436	-0.009849	-0.005333	-0.012539	-1964.0	500.0
2015-07-07	0.012894999999999998	0.001679	0.012894999999999998	-0.005645000000000001	2650.0	500.0
2015-07-06	-0.002054	-0.005065	0.001734	-0.006229999999999999	-423.0	200.0
2015-07-02	-0.0021420000000000002	0.002592	0.003213	-0.0021420000000000002	-442.0	600.0
2015-07-01	0.007396	0.009226	0.013716999999999998	0.002978	1515.0	500.0
2015-06-30	-0.000732	0.008	0.009561	-0.000976	-150.0	400.0
2015-06-29	-0.023344	-0.006097999999999999	-0.006097999999999999	-0.023344	-4900.0	400.0
2015-06-26	0.001431	0.0019079999999999998	0.004103	-0.0027429999999999998	300.0	200.0
2015-06-25	-0.004275999999999999	0.0	0.002945	-0.004275999999999999	-900.0	200.0
2015-06-24	-0.006606999999999999	-0.000755	0.001326	-0.007126	-1400.0	200.0
2015-06-23	-0.003199	0.001308	0.003387	-0.004281	-680.0	100.0
2015-06-22	0.001791	0.006975	0.009425	-0.0009429999999999999	380.0	200.0
2015-06-19	-0.008643000000000001	-0.002378	0.0035039999999999997	-0.010043999999999999	-1850.0	200.0
2015-06-18	0.018558	0.0035450000000000004	0.020224000000000002	0.0035450000000000004	3900.0	200.0
2015-06-17	0.001859	0.001144	0.0068650000000000004	-0.002384	390.0	100.0
2015-06-16	0.002198	0.000239	0.0033439999999999998	-0.003153	460.0	100.0
2015-06-15	-0.006927	-0.004079999999999999	-0.002183	-0.010481	-1460.0	300.0
2015-06-12	-0.005568	0.000519	0.000519	-0.009059000000000001	-1180.0	100.0
2015-06-11	0.002554	0.0017980000000000001	0.006339	9.499999999999999e-05	540.0	200.0
2015-06-10	0.008107	0.001907	0.012875999999999999	0.001907	1700.0	200.0
2015-06-09	-0.001429	-0.002857	0.0042710000000000005	-0.003619	-300.0	200.0
2015-06-08	-0.0073739999999999995	-0.0007559999999999999	-0.0007559999999999999	-0.0073739999999999995	-1560.0	200.0
2015-06-05	-0.004822	0.000165	0.002234	-0.005668	-1025.0	200.0
2015-06-04	-0.00939	-0.0008810000000000001	-0.0008810000000000001	-0.010438	-2015.0	200.0
2015-06-03	-0.001024	0.003179	0.005121	-0.002649	-220.0	200.0
2015-06-02	-0.002693	-0.001393	-0.001114	-0.007331	-580.0	300.0
2015-06-01	0.002793	0.0021420000000000002	0.007542	0.0016760000000000002	600.0	200.0
2015-05-29	-0.012777	-0.002298	-0.002298	-0.012777	-2780.0	300.0
2015-05-28	0.000644	0.0020239999999999998	0.0020239999999999998	-0.005104999999999999	140.0	100.0
2015-05-27	0.008067	0.001854	0.010223000000000001	0.001159	1740.0	100.0
2015-05-26	-0.005991	-2.3e-05	0.002304	-0.006106	-1300.0	300.0
2015-05-22	-0.005864	-0.002291	-0.00013700000000000002	-0.006047	-1280.0	300.0
2015-05-21	-0.005676	-0.000834	-0.000834	-0.005676	-1246.0	100.0
2015-05-20	-0.003966	-0.002269	-0.0018149999999999998	-0.007187000000000001	-874.0	200.0
2015-05-19	0.0058189999999999995	-0.00057	0.006959	-0.003993	1275.0	300.0
2015-05-18	0.002218	0.000549	0.0034119999999999997	-0.002264	485.0	100.0
2015-05-15	-0.002873	0.002869	0.002869	-0.006567	-630.0	100.0
2015-05-14	0.00953	0.00343	0.00953	0.0018	2070.0	100.0
2015-05-13	-0.002755	-0.0023420000000000003	0.00032599999999999996	-0.004591	-600.0	200.0
2015-05-12	-0.007970999999999999	-0.002601	-0.002601	-0.011842	-1750.0	100.0
2015-05-11	-0.014941	0.000538	0.000588	-0.014941	-3330.0	100.0
2015-05-08	0.01902	0.0072239999999999995	0.01902	0.006492	4160.0	400.0
2015-05-07	0.009694	0.0	0.010987	-0.0015	2100.0	200.0
2015-05-06	-0.00633	0.004587	0.005069	-0.01	-1380.0	200.0
2015-05-05	-0.005883	-0.00041	0.004378	-0.005883	-1290.0	300.0
2015-05-04	0.016172	0.009268	0.019926	0.007104000000000001	3490.0	500.0
2015-05-01	0.011245999999999999	0.005933	0.011856	0.001172	2400.0	300.0
2015-04-30	-0.004664	-0.001866	0.0014269999999999999	-0.007435	-1000.0	300.0
2015-04-29	-0.003486	-0.004416	-0.000697	-0.007669	-750.0	200.0
2015-04-28	0.012066	-0.0004	0.012066	-0.001835	2565.0	400.0
2015-04-27	-0.008882	0.000396	0.001072	-0.009595000000000001	-1905.0	500.0
2015-04-24	-0.001164	-0.000582	0.000745	-0.0033439999999999998	-250.0	200.0
2015-04-23	-0.00022799999999999999	-0.003208	0.0036590000000000004	-0.0036729999999999996	-49.0	300.0
2015-04-22	0.00632	0.0021550000000000002	0.006840000000000001	-0.000375	1349.0	200.0
2015-04-21	-0.003083	0.003083	0.00355	-0.004615	-660.0	200.0
2015-04-20	0.005249	0.0047799999999999995	0.008874	0.002855	1118.0	300.0
2015-04-17	-0.006382	-0.006345	-0.0046890000000000005	-0.01115	-1368.0	500.0
2015-04-16	-0.0015140000000000002	-0.002306	0.0018210000000000001	-0.005473	-325.0	200.0
2015-04-15	0.001189	-0.000746	0.005018	-0.000746	255.0	300.0
2015-04-14	-0.007084999999999999	-0.003936	-0.002547	-0.010790000000000001	-1530.0	300.0
2015-04-13	0.0034340000000000004	0.002365	0.00441	0.0005110000000000001	739.0	200.0
2015-04-10	-0.001448	-0.001963	0.001517	-0.004027	-312.0	200.0
2015-04-09	0.003235	0.0	0.0037799999999999995	-0.001527	695.0	400.0
2015-04-08	-0.003118	0.00232	0.0051600000000000005	-0.003341	-672.0	500.0
2015-04-07	-0.003583	0.0005780000000000001	0.003264	-0.003768	-775.0	200.0
2015-04-06	-0.001039	-0.004896	0.004162	-0.005667	-225.0	100.0
2015-04-02	0.000925	-0.000675	0.0025570000000000002	-0.002774	200.0	200.0
2015-04-01	-0.005517	0.0018390000000000001	0.002207	-0.006261999999999999	-1200.0	200.0
2015-03-31	-0.010014	-0.0013650000000000001	-0.0013650000000000001	-0.010014	-2200.0	200.0
2015-03-30	0.012442	0.004608	0.013825	0.004608	2700.0	300.0
2015-03-27	0.003515	0.002821	0.005272	-0.002224	760.0	500.0
2015-03-26	-0.0035020000000000003	-0.004889	-0.001106	-0.007078	-760.0	500.0
2015-03-25	-2.3e-05	0.003203	0.004852	-0.002852	-5.0	600.0
2015-03-24	-0.0075049999999999995	-0.002154	-0.0017649999999999999	-0.007533	-1641.0	300.0
2015-03-23	0.001585	0.003894	0.007783	-9.6e-05	346.0	200.0
2015-03-20	0.001376	0.0055049999999999995	0.007156	0.001376	300.0	200.0
2015-03-19	-0.007732999999999999	-5e-06	-5e-06	-0.009076	-1699.0	200.0
2015-03-18	0.005027	-0.001034	0.008902	-0.0064269999999999996	1099.0	300.0
2015-03-17	-0.004109000000000001	-0.000583	-0.000583	-0.010305	-902.0	200.0
2015-03-16	0.01098	0.005674	0.012813	0.005674	2384.0	200.0
2015-03-13	-0.012642	-0.0018100000000000002	-0.0018100000000000002	-0.015747999999999998	-2780.0	200.0
2015-03-12	0.011025	0.0068920000000000006	0.011025	0.001016	2398.0	300.0
2015-03-11	0.00045999999999999996	0.0015869999999999999	0.006739	-0.002829	100.0	400.0
2015-03-10	-0.014059	-0.003855	-0.003855	-0.016327	-3100.0	800.0
2015-03-09	0.007719	0.000407	0.009295999999999999	0.00040199999999999996	1689.0	400.0
2015-03-06	-0.003139	-0.00011399999999999999	0.008442	-0.0038950000000000005	-689.0	400.0
2015-03-05	0.008676	0.0005650000000000001	0.010156	-0.000515	1888.0	300.0
2015-03-04	-0.006338	-0.002283	-0.002283	-0.011415999999999999	-1388.0	300.0
2015-03-03	-0.006194	0.000976	0.000976	-0.011023	-1365.0	500.0
2015-03-02	-0.0036850000000000003	0.0032549999999999996	0.0032549999999999996	-0.009856	-815.0	500.0
2015-02-27	-0.004814	0.0	0.0	-0.006254	-1070.0	200.0
2015-02-26	-0.002715	0.000408	0.002535	-0.0038369999999999997	-605.0	100.0
2015-02-25	-0.002462	0.002529	0.002529	-0.0032450000000000005	-550.0	200.0
2015-02-24	0.010882	0.0009050000000000001	0.013619999999999998	-0.000181	2405.0	300.0
2015-02-23	-0.009413	-0.0013449999999999998	-0.0013449999999999998	-0.012577	-2100.0	300.0
2015-02-20	0.007245999999999999	-0.0034939999999999997	0.007245999999999999	-0.00702	1605.0	200.0
2015-02-19	-0.005857	-0.002464	-0.001077	-0.009290999999999999	-1305.0	200.0
2015-02-18	-0.002239	0.000717	0.001343	-0.00412	-500.0	200.0
2015-02-17	0.0033469999999999997	0.001775	0.0064930000000000005	-0.00031	745.0	200.0
2015-02-13	-0.008487	-0.002539	-0.001221	-0.010826	-1905.0	400.0
2015-02-12	0.000299	0.002705	0.005111999999999999	-0.001662	67.0	300.0
2015-02-11	-0.0033179999999999998	-0.000182	0.0008880000000000001	-0.007999	-747.0	100.0
2015-02-10	0.005089	0.00558	0.008125	-0.002728	1140.0	200.0
2015-02-09	-0.003913000000000001	-0.00149	-0.00149	-0.007431	-880.0	200.0
2015-02-06	0.001425	0.001959	0.01287	-0.000819	320.0	300.0
2015-02-05	0.015984	0.0052840000000000005	0.017355000000000002	0.0034969999999999997	3533.0	400.0
2015-02-04	-0.005203	-0.000824	0.00257	-0.006157	-1156.0	200.0
2015-02-03	0.009464	0.007723999999999999	0.01179	-0.005338	2083.0	300.0
2015-02-02	0.019619	0.00063	0.019619	-0.0033079999999999997	4235.0	200.0
2015-01-30	-0.018787	-0.00044500000000000003	-0.00044500000000000003	-0.018787	-4133.0	300.0
2015-01-29	0.013068999999999999	0.003868	0.014828000000000001	-0.003776	2838.0	300.0
2015-01-28	-0.019642	0.005368	0.0071730000000000006	-0.019642	-4351.0	400.0
2015-01-27	-0.011923	-0.009916	-0.004594	-0.012195000000000001	-2673.0	300.0
2015-01-26	0.001935	0.000666	0.003423	-0.005895	433.0	100.0
2015-01-23	-0.005175	-0.0005110000000000001	-0.0005110000000000001	-0.005490999999999999	-1164.0	100.0
2015-01-22	0.018199	0.007243	0.019552	0.000566	4020.0	400.0
2015-01-21	-0.00782	-0.002682	-0.000611	-0.01184	-1741.0	300.0
2015-01-20	-0.004378	0.0017219999999999998	0.008166	-0.006292	-979.0	400.0
2015-01-16	0.009503	-0.002348	0.010243	-0.006343	2105.0	200.0
2015-01-15	-0.0016589999999999999	0.002826	0.005057	-0.004683	-368.0	200.0
2015-01-14	-0.005031	-0.008945999999999999	-0.0018969999999999998	-0.014444	-1122.0	800.0
2015-01-13	0.00259	0.010903	0.017966	-0.002796	576.0	600.0
2015-01-12	-0.010019	0.00365	0.00365	-0.011537	-2251.0	200.0
2015-01-09	-0.008845	0.003617	0.003617	-0.011964	-2005.0	200.0
2015-01-08	0.014319	0.011831	0.015522999999999999	0.002327	3200.0	600.0
2015-01-07	0.013744999999999999	0.009299	0.013999000000000001	-0.002041	3030.0	400.0
2015-01-06	-0.002398	0.000588	0.008553	-0.007756	-530.0	400.0
2015-01-05	-0.011717	-2.2e-05	-2.2e-05	-0.0161	-2620.0	500.0
2015-01-02	-0.010619	0.005442	0.006504	-0.014447	-2400.0	300.0
2014-12-31	-0.009879	-0.00032900000000000003	0.002694	-0.012495000000000001	-2255.0	200.0
2014-12-30	0.000394	-0.003568	0.000526	-0.007078	90.0	200.0
2014-12-29	0.007351000000000001	0.0	0.008168	0.0	1665.0	200.0
2014-12-26	-6.6e-05	0.0034700000000000004	0.0068650000000000004	-6.6e-05	-15.0	200.0
2014-12-24	-0.004898	0.001186	0.00391	-0.004898	-1115.0	300.0
2014-12-23	-0.000395	0.0005269999999999999	0.005621	-0.000834	-90.0	400.0
2014-12-22	-0.000728	-0.001031	0.0034840000000000006	-0.004787	-166.0	200.0
2014-12-19	-0.006167	-0.005007	-0.003511	-0.013109	-1414.0	400.0
2014-12-18	0.029174000000000002	0.017504	0.029174000000000002	0.011216	6500.0	700.0
2014-12-17	0.019865999999999998	0.002472	0.019865999999999998	-0.000151	4340.0	600.0
2014-12-16	-0.002798	-0.003917	0.017834	-0.016309999999999998	-613.0	700.0
2014-12-15	0.000333	0.014251	0.016068	-0.008320000000000001	73.0	500.0
2014-12-12	-0.025800999999999998	-0.0035590000000000005	-0.00022200000000000003	-0.025800999999999998	-5800.0	400.0
2014-12-11	0.005142	0.00237	0.014244999999999999	0.00237	1150.0	400.0
2014-12-10	-0.0074730000000000005	0.000293	0.0065769999999999995	-0.009009	-1684.0	1300.0
2014-12-09	-0.010825	-0.006585	-0.005755	-0.019355	-2466.0	1000.0
2014-12-08	0.009573	0.002859	0.016548	0.0022600000000000003	2160.0	1000.0
2014-12-05	0.001887	0.0019309999999999998	0.003401	-0.0008609999999999999	425.0	300.0
2014-12-04	0.003252	0.002071	0.003252	-0.002539	730.0	300.0
2014-12-03	-0.0022890000000000002	0.004	0.004	-0.002889	-515.0	200.0
2014-12-02	0.011122	0.00573	0.011122	0.002224	2475.0	200.0
2014-12-01	-0.002421	0.000157	0.0072	-0.003156	-540.0	200.0
2014-11-28	0.002941	0.001322	0.007459	0.00116	654.0	200.0
2014-11-26	0.003094	0.002589	0.003274	0.001082	686.0	100.0
2014-11-25	0.003045	0.00119	0.004289	0.000217	673.0	300.0
2014-11-24	0.005079	0.0029100000000000003	0.0054329999999999995	-0.002182	1117.0	200.0
2014-11-21	0.0077209999999999996	0.009393	0.009709	0.005268999999999999	1685.0	200.0
2014-11-20	-0.0013449999999999998	-0.003404	0.000297	-0.005692	-294.0	100.0
2014-11-19	-0.00148	-0.000315	-0.000315	-0.005903	-324.0	200.0
2014-11-18	0.001501	0.0	0.004896	-0.001213	328.0	200.0
2014-11-17	0.0023710000000000003	0.0023940000000000003	0.0023940000000000003	-0.004243	517.0	200.0
2014-11-14	-0.005823	0.00014099999999999998	0.002358	-0.007542	-1277.0	300.0
2014-11-13	0.005497	0.002545	0.0058	0.001233	1199.0	400.0
2014-11-12	0.0034460000000000003	0.0024059999999999997	0.005484	-0.0014119999999999998	749.0	400.0
2014-11-11	-0.0006799999999999999	0.004138	0.004138	-0.001315	-148.0	100.0
2014-11-10	0.011769	0.0043219999999999995	0.011769	0.003926	2530.0	400.0
2014-11-07	0.000791	0.001983	0.0052369999999999995	-0.002207	170.0	200.0
2014-11-06	0.003012	0.0031100000000000004	0.0036420000000000003	-0.003525	645.0	200.0
2014-11-05	0.005423	0.008445999999999999	0.008445999999999999	-0.000962	1155.0	200.0
2014-11-04	0.009	0.00379	0.010185	0.002369	1900.0	200.0
2014-11-03	0.0052380000000000005	0.0039759999999999995	0.0062380000000000005	-0.004762	1100.0	200.0
2014-10-31	0.00464	0.009558	0.015643999999999998	0.00031099999999999997	970.0	500.0
2014-10-30	-0.002719	-0.0016699999999999998	0.001016	-0.023378	-570.0	300.0
2014-10-29	-0.004607	0.000736	0.001567	-0.010305	-970.0	300.0
2014-10-28	0.006443000000000001	0.0013289999999999999	0.006490999999999999	0.000272	1348.0	500.0
2014-10-27	-0.000139	-0.0038420000000000004	0.0007599999999999999	-0.005978	-29.0	200.0
2014-10-24	0.005488	-0.002547	0.005488	-0.002758	1142.0	300.0
2014-10-23	0.007670000000000001	0.011984	0.012584	0.0054280000000000005	1584.0	200.0
2014-10-22	-0.008664	0.00228	0.0032159999999999997	-0.009336	-1805.0	200.0
2014-10-21	0.012048	0.005052	0.012388	0.0020399999999999997	2480.0	400.0
2014-10-20	0.001679	-0.000983	0.0034159999999999998	-0.003917	345.0	300.0
2014-10-17	0.017351	0.009876000000000001	0.021965000000000002	0.0077670000000000005	3505.0	800.0
2014-10-16	-0.008832	-0.02159	-0.0022329999999999997	-0.022596	-1800.0	400.0
2014-10-15	-0.0108	-0.006848999999999999	-0.004266	-0.038952	-2225.0	1000.0
2014-10-14	0.005427	0.000669	0.016954	0.000425	1112.0	800.0
2014-10-13	-0.001155	-0.001121	0.013891999999999998	-0.002164	-237.0	600.0
2014-10-10	-0.003401	0.003643	0.016225	-0.003401	-700.0	500.0
2014-10-09	-0.019528	0.00023799999999999998	0.0018	-0.020005000000000002	-4100.0	500.0
2014-10-08	0.023972	-0.000171	0.025069	-0.000171	4915.0	600.0
2014-10-07	-0.017019	-0.002805	-0.002805	-0.017019	-3550.0	300.0
2014-10-06	-0.00079	0.007305	0.007708	-0.003607	-165.0	300.0
2014-10-03	0.012121	0.005818	0.015369999999999998	0.004606	2500.0	600.0
2014-10-02	0.006809999999999999	0.000708	0.012912	0.000708	1395.0	900.0
2014-10-01	-0.009884	0.001982	0.001982	-0.012083	-2045.0	400.0
2014-09-30	-0.002031	0.000627	0.0033280000000000002	-0.0029620000000000002	-421.0	300.0
2014-09-29	-0.003901	-0.004963	-0.000562	-0.007845999999999999	-812.0	300.0
2014-09-26	0.010354	-0.002039	0.011748	-0.002039	2133.0	300.0
2014-09-25	-0.018346	0.00023799999999999998	0.00023799999999999998	-0.020758000000000002	-3850.0	300.0
2014-09-24	0.00674	-0.000935	0.007561	-0.000935	1405.0	300.0
2014-09-23	-0.0021780000000000002	-0.00019099999999999998	0.003351	-0.003432	-455.0	300.0
2014-09-22	-0.014622999999999999	-0.004344	-0.004344	-0.015085	-3100.0	300.0
2014-09-19	-0.000354	0.005305	0.007247	-0.0058	-75.0	700.0
2014-09-18	0.014713	0.006933	0.01555	0.003512	3075.0	400.0
2014-09-17	0.0060409999999999995	0.004173	0.011899	0.0017329999999999997	1255.0	300.0
2014-09-16	0.003066	-0.0010140000000000001	0.006301	-0.002825	635.0	200.0
2014-09-15	0.0071730000000000006	0.00105	0.007397	-0.00016	1475.0	300.0
2014-09-12	-0.005874	0.001204	0.001204	-0.007967	-1215.0	200.0
2014-09-11	0.000484	-0.0036030000000000003	0.0008710000000000001	-0.005799	100.0	100.0
2014-09-10	0.007037999999999999	0.004603	0.0077930000000000004	0.001437	1445.0	200.0
2014-09-09	-0.009146	0.001443	0.001448	-0.009691	-1895.0	300.0
2014-09-08	0.002419	0.003507	0.007939	0.002061	500.0	200.0
2014-09-05	-0.00058	-0.001247	0.00324	-0.003433	-120.0	200.0
2014-09-04	0.00185	0.003933	0.009863	-0.0009109999999999999	382.0	200.0
2014-09-03	-0.0014609999999999998	0.004837	0.004837	-0.002375	-302.0	300.0
2014-09-02	0.004177	0.005435	0.006412	-0.001214	860.0	400.0
2014-08-29	0.009018	4.9e-05	0.009018	4.9e-05	1840.0	400.0
2014-08-28	-0.0034240000000000004	-0.002154	-0.000493	-0.004132	-701.0	200.0
2014-08-27	0.000802	0.0	0.004243	-0.00282	164.0	400.0
2014-08-26	-1e-05	0.001471	0.002532	-0.00108	-2.0	200.0
2014-08-25	0.005144	0.005247	0.007208	0.0034439999999999996	1047.0	300.0
2014-08-22	-0.00793	-0.002725	-0.00175	-0.008306000000000001	-1627.0	300.0
2014-08-21	0.013692	0.002031	0.013741	0.001438	2771.0	400.0
2014-08-20	-0.001046	-0.001165	0.0	-0.0035	-212.0	400.0
2014-08-19	0.0008939999999999999	0.001907	0.002801	-0.002361	181.0	300.0
2014-08-18	0.0059240000000000004	0.005829	0.008811	0.004338	1192.0	300.0
2014-08-15	-0.008001000000000001	0.0024649999999999997	0.00249	-0.015425	-1623.0	300.0
2014-08-14	0.016237	-4.5e-05	0.017394	-4.5e-05	3241.0	600.0
2014-08-13	0.000236	0.001994	0.0021899999999999997	-0.0038179999999999998	47.0	400.0
2014-08-12	0.007889	-0.00053	0.009086	-0.00053	1562.0	200.0
2014-08-11	0.008902	0.007368	0.014363999999999998	0.001259	1747.0	200.0
2014-08-08	0.011608	-0.000778	0.012320000000000001	-0.002222	2252.0	400.0
2014-08-07	0.0015539999999999998	0.005007999999999999	0.005679	-0.003206	301.0	600.0
2014-08-06	0.006239	-0.00161	0.010187	-0.003164	1201.0	200.0
2014-08-05	-0.009295	0.001004	0.001004	-0.015166999999999998	-1806.0	700.0
2014-08-04	0.026552999999999997	0.015040999999999999	0.030251999999999998	0.008786	5026.0	800.0
2014-08-01	0.00614	-0.005167000000000001	0.011928	-0.016579	1155.0	400.0
2014-07-31	-0.018736000000000003	-0.0047409999999999996	-0.00085	-0.018736000000000003	-3592.0	400.0
2014-07-30	0.002919	0.00022	0.007277	-0.0035310000000000003	558.0	200.0
2014-07-29	-0.007384	-0.001402	0.001911	-0.007773	-1422.0	200.0
2014-07-28	0.007091	-0.000544	0.007625	-0.0064010000000000004	1356.0	200.0
2014-07-25	-0.006324000000000001	-2.6000000000000002e-05	-2.6000000000000002e-05	-0.006501000000000001	-1217.0	200.0
2014-07-24	0.001228	-2.6000000000000002e-05	0.004058	-0.0005099999999999999	236.0	100.0
2014-07-23	-0.002258	-0.000327	0.0009710000000000001	-0.0025960000000000002	-435.0	100.0
2014-07-22	-0.00202	0.0013779999999999999	0.002176	-0.00358	-390.0	200.0
2014-07-21	0.002821	-0.003257	0.002966	-0.004847	543.0	100.0
2014-07-18	0.014098	0.005527000000000001	0.014856999999999999	0.00392	2676.0	200.0
2014-07-17	-0.011772	-0.000791	0.000151	-0.01237	-2261.0	200.0
2014-07-16	-0.0036520000000000003	0.0019140000000000001	0.0019140000000000001	-0.004809000000000001	-704.0	100.0
2014-07-15	-0.003123	0.000517	0.001913	-0.007136	-604.0	200.0
2014-07-14	0.0024879999999999998	0.0031260000000000003	0.0049770000000000005	0.000674	480.0	200.0
2014-07-11	0.002078	-0.0014550000000000001	0.002629	-0.0028829999999999997	400.0	100.0
2014-07-10	-0.002797	-0.005849	-0.00013000000000000002	-0.006429000000000001	-540.0	200.0
2014-07-09	0.003326	0.0011279999999999999	0.004413	0.00053	640.0	200.0
2014-07-08	-0.003109	-0.00228	0.002876	-0.003653	-600.0	300.0
2014-07-07	-0.0030989999999999998	-0.001379	-1.4999999999999999e-05	-0.0065439999999999995	-600.0	200.0
2014-07-03	0.010971	0.002303	0.011227	-0.003128	2101.0	200.0
2014-07-02	0.0052439999999999995	0.001575	0.005291	-0.000877	999.0	200.0
2014-07-01	0.00316	0.001053	0.007925	0.001053	600.0	200.0
2014-06-30	-0.0034579999999999997	-0.001884	0.000236	-0.003988	-659.0	100.0
2014-06-27	-8.9e-05	-0.000924	0.002534	-0.0027600000000000003	-17.0	100.0
2014-06-26	-0.00044100000000000004	0.000991	0.000991	-0.007490000000000001	-84.0	300.0
2014-06-25	0.002571	-0.0008990000000000001	0.00427	-0.002303	489.0	200.0
2014-06-24	0.0014269999999999999	-5.7999999999999994e-05	0.0057929999999999995	-0.0014529999999999999	271.0	300.0
2014-06-23	-0.00315	-0.0014960000000000002	-0.000205	-0.005370000000000001	-600.0	300.0
2014-06-20	4.7e-05	0.006456999999999999	0.007187000000000001	-0.0036850000000000003	9.0	400.0
2014-06-19	-0.000965	0.001704	0.001925	-0.004070000000000001	-184.0	300.0
2014-06-18	0.008916	0.0	0.010424	-0.004074	1685.0	500.0
2014-06-17	-0.001374	-0.00074	0.001559	-0.004	-260.0	300.0
2014-06-16	-0.001425	-0.002744	-0.00015800000000000002	-0.004215999999999999	-270.0	300.0
2014-06-13	-0.007489	0.0	0.001655	-0.012438	-1430.0	1200.0
2014-06-12	-0.007315	0.0013830000000000001	0.001887	-0.010043999999999999	-1407.0	200.0
2014-06-11	0.000265	-0.0019140000000000001	0.00183	-0.002652	51.0	100.0
2014-06-10	0.002027	-0.001782	0.002621	-0.002694	389.0	200.0
2014-06-09	-0.00507	-0.000492	-8.8e-05	-0.007533	-978.0	300.0
2014-06-06	0.004138	0.001458	0.0042060000000000005	0.00020800000000000001	795.0	300.0
2014-06-05	0.006993000000000001	-0.0007650000000000001	0.008088	-0.0007650000000000001	1334.0	300.0
2014-06-04	0.0018329999999999998	0.0016179999999999999	0.0049369999999999995	-0.0004940000000000001	349.0	200.0
2014-06-03	-0.006940999999999999	-0.003901	-0.000605	-0.009115999999999999	-1331.0	200.0
2014-06-02	-0.0013130000000000001	0.0015630000000000002	0.002719	-0.004453	-252.0	100.0
2014-05-30	-0.00156	-0.0033799999999999998	0.00364	-0.0033799999999999998	-300.0	300.0
2014-05-29	0.004933	-0.001521	0.004933	-0.003742	944.0	200.0
2014-05-28	0.000293	-0.000105	0.002614	-0.001568	56.0	200.0
2014-05-27	0.005757	0.004915999999999999	0.007592	0.003912	1095.0	200.0
2014-05-23	-0.001732	0.001134	0.00244	-0.004456	-330.0	100.0
2014-05-22	0.002948	-0.001616	0.004011	-0.001616	560.0	200.0
2014-05-21	0.004091	0.001575	0.006157	0.001327	774.0	200.0
2014-05-20	-0.006297	0.000788	0.000788	-0.009112	-1199.0	200.0
2014-05-19	0.000999	-0.001104	0.0028179999999999998	-0.004874	190.0	200.0
2014-05-16	0.00443	0.0054340000000000005	0.0054340000000000005	-0.0037549999999999997	839.0	200.0
2014-05-15	-0.010704	-0.002926	-0.002926	-0.012496	-2049.0	200.0
2014-05-14	-0.002117	-0.0032630000000000003	0.000386	-0.0032630000000000003	-406.0	200.0
2014-05-13	0.00372	0.002014	0.00372	-0.002088	711.0	100.0
2014-05-12	0.001215	0.007423000000000001	0.007528	-0.002363	232.0	200.0
2014-05-09	0.004118999999999999	-0.003156	0.004918	-0.006028	783.0	100.0
2014-05-08	-0.00757	-0.0009140000000000001	-0.0009140000000000001	-0.010415	-1450.0	100.0
2014-05-07	0.022282	0.007199	0.038932999999999995	0.006548	4175.0	500.0
2014-05-06	-0.012725	-0.003625	-0.002339	-0.018652000000000002	-2415.0	400.0
2014-05-05	-0.012822	-0.012768999999999999	-0.0066370000000000005	-0.015901	-2465.0	400.0
2014-05-02	-0.006342	0.002781	0.005417	-0.008704	-1227.0	200.0
2014-05-01	0.0010710000000000001	0.000103	0.002716	-0.005459	207.0	200.0
2014-04-30	0.0037909999999999997	0.0013189999999999999	0.006461	-0.000234	730.0	200.0
2014-04-29	0.005982	0.000679	0.008870999999999999	0.000679	1145.0	300.0
2014-04-28	0.003744	0.008983	0.008983	-0.006744	714.0	200.0
2014-04-25	0.000976	-0.000105	0.004278	-0.003055	186.0	200.0
2014-04-24	-0.001572	0.003669	0.005414	-0.004376	-300.0	200.0
2014-04-23	0.00041900000000000005	0.003959000000000001	0.006082	-0.003251	80.0	100.0
2014-04-22	0.006534000000000001	9e-05	0.008175	-0.00314	1238.0	600.0
2014-04-21	-0.006069	0.004385	0.004385	-0.006499	-1157.0	300.0
2014-04-17	0.009206	-0.000106	0.013796000000000001	-0.001975	1739.0	400.0
2014-04-16	0.017561	0.003022	0.018013	0.003022	3260.0	400.0
2014-04-15	0.013252000000000002	0.0037549999999999997	0.014508000000000002	1.6e-05	2428.0	400.0
2014-04-14	0.002479	0.004055	0.005149	-0.0053289999999999995	453.0	400.0
2014-04-11	-0.0035060000000000004	-0.0021920000000000004	0.001816	-0.006309	-643.0	300.0
2014-04-10	-0.013421	0.002168	0.005847	-0.013427000000000001	-2495.0	400.0
2014-04-09	0.006808	0.004116	0.008020999999999999	0.000867	1257.0	300.0
2014-04-08	-0.000325	0.0	0.005604	-0.004629	-60.0	900.0
2014-04-07	-0.0056689999999999996	-0.002164	0.002046	-0.006137	-1053.0	300.0
2014-04-04	-0.002867	0.002298	0.008793	-0.002936	-534.0	200.0
2014-04-03	-0.002527	-0.0008089999999999999	0.001419	-0.004519	-472.0	300.0
2014-04-02	-0.002425	-0.00274	0.00035800000000000003	-0.004936	-454.0	700.0
2014-04-01	-0.000731	0.000801	0.003469	-0.003954999999999999	-137.0	300.0
2014-03-31	0.011888	0.0046229999999999995	0.012158	0.0046229999999999995	2201.0	600.0
2014-03-28	-0.000275	0.00324	0.006658	-0.011879	-51.0	200.0
2014-03-27	0.0035759999999999998	0.002222	0.006476000000000001	-0.002438	660.0	300.0
2014-03-26	-0.010971	0.003232	0.004743	-0.011120999999999999	-2047.0	300.0
2014-03-25	0.000359	0.0060420000000000005	0.0060420000000000005	-0.003694	67.0	200.0
2014-03-24	-0.0070799999999999995	0.0008730000000000001	0.002821	-0.009848	-1330.0	200.0
2014-03-21	0.007023000000000001	0.007425	0.011032	0.0036079999999999997	1310.0	400.0
2014-03-20	0.014575999999999999	0.0007559999999999999	0.015675	-0.001251	2680.0	300.0
2014-03-19	-0.005409000000000001	0.0	0.003403	-0.011337999999999999	-1000.0	200.0
2014-03-18	-0.001027	0.001891	0.001891	-0.006431	-190.0	200.0
2014-03-17	0.0064719999999999995	0.002665	0.010497	0.002665	1190.0	400.0
2014-03-14	-0.010175	0.000404	0.004075	-0.012555	-1890.0	600.0
2014-03-13	-0.010652	0.00213	0.00587	-0.013294	-2000.0	700.0
2014-03-12	0.003469	-0.0032229999999999997	0.003907	-0.0058579999999999995	649.0	300.0
2014-03-11	0.003761	0.002817	0.005848	-0.002629	701.0	600.0
2014-03-10	0.0143	0.001235	0.0143	-0.0009310000000000001	2628.0	400.0
2014-03-07	0.008766	0.005621	0.011967	0.000933	1597.0	400.0
2014-03-06	0.019703000000000002	0.004444	0.019921	0.0019309999999999998	3520.0	600.0
2014-03-05	0.003742	-0.002809	0.004275999999999999	-0.0033710000000000003	666.0	400.0
2014-03-04	0.019994	0.006595999999999999	0.019994	0.006595999999999999	3489.0	700.0
2014-03-03	0.0045590000000000006	0.002257	0.00742	-0.005463	792.0	800.0
2014-02-28	0.011518	0.0013390000000000001	0.01157	-0.00117	1978.0	500.0
2014-02-27	0.0073739999999999995	-0.003913000000000001	0.007772	-0.004476	1257.0	300.0
2014-02-26	-0.0014529999999999999	0.000463	0.0035789999999999997	-0.004756	-248.0	200.0
2014-02-25	0.0042060000000000005	-0.002382	0.007259000000000001	-0.004035	715.0	300.0
2014-02-24	-0.00067	0.0006230000000000001	0.005625	-0.0008230000000000001	-114.0	300.0
2014-02-21	0.001625	0.000918	0.007365999999999999	0.000135	276.0	300.0
2014-02-20	-0.0013880000000000001	-0.00047000000000000004	0.001834	-0.007755	-236.0	400.0
2014-02-19	-0.012838999999999998	-0.001114	-0.000615	-0.012838999999999998	-2212.0	300.0
2014-02-18	-0.000771	0.003329	0.003329	-0.0034159999999999998	-133.0	300.0
2014-02-14	0.001179	-0.001463	0.009354000000000001	-0.003478	203.0	300.0
2014-02-13	0.012237	-0.0022329999999999997	0.012243	-0.005078	2082.0	400.0
2014-02-12	-0.002199	0.002258	0.005307	-0.003607	-375.0	300.0
2014-02-11	0.008249	-0.001449	0.010969	-0.002247	1395.0	400.0
2014-02-10	0.000651	0.004083	0.006591	-0.0059759999999999995	110.0	400.0
2014-02-07	0.018133	0.004361	0.019072	0.004361	3010.0	600.0
2014-02-06	0.011732	0.0074659999999999995	0.012708	0.0046630000000000005	1925.0	300.0
2014-02-05	-0.004502	0.00202	0.00202	-0.010794	-742.0	400.0
2014-02-04	-0.002711	0.0026320000000000002	0.004629	-0.004629	-448.0	500.0
2014-02-03	-0.025049000000000002	0.000519	0.000519	-0.029502999999999998	-4246.0	1000.0
2014-01-31	-0.005509	-0.014274	-0.00484	-0.016498	-939.0	700.0
2014-01-30	0.010086	0.002679	0.010376	-0.003722	1702.0	500.0
2014-01-29	-0.002742	-0.002807	-0.00185	-0.007162999999999999	-464.0	600.0
2014-01-28	0.005957	0.004994	0.008976999999999999	0.002259	1002.0	1000.0
2014-01-27	-0.001721	-0.002071	0.002861	-0.005151	-290.0	1000.0
2014-01-24	-0.010628	-0.0037229999999999997	-0.00182	-0.011133	-1810.0	1200.0
2014-01-23	-0.014950999999999999	-0.003268	-0.003268	-0.016744	-2585.0	800.0
2014-01-22	0.00229	0.003478	0.007536	0.00046399999999999995	395.0	300.0
2014-01-21	0.0008699999999999999	0.003481	0.004352	-0.005129	150.0	500.0
2014-01-17	-0.002448	0.001603	0.002836	-0.0038840000000000003	-423.0	400.0
2014-01-16	-0.005136	0.001353	0.001923	-0.007462999999999999	-892.0	300.0
2014-01-15	0.008215	0.002496	0.008592	-0.001132	1415.0	700.0
2014-01-14	0.007941	0.0019190000000000001	0.00828	-0.002171	1357.0	300.0
2014-01-13	-0.009545999999999999	0.0020859999999999997	0.002121	-0.010374	-1647.0	300.0
2014-01-10	-0.002457	0.0036710000000000002	0.0036710000000000002	-0.007423000000000001	-425.0	200.0
2014-01-09	-0.001841	0.002747	0.003047	-0.0038950000000000005	-319.0	400.0
2014-01-08	-0.005229999999999999	0.0014060000000000001	0.0014060000000000001	-0.006963	-911.0	400.0
2014-01-07	-0.001748	0.000504	0.0056159999999999995	-0.002865	-305.0	400.0
2014-01-06	-0.010412000000000001	0.0021780000000000002	0.004894	-0.010412000000000001	-1836.0	500.0
2014-01-03	9.1e-05	-0.00013000000000000002	0.004254	-0.00118	16.0	200.0
2014-01-02	-0.008881	-0.002248	-0.000607	-0.010017	-1580.0	300.0
2013-12-31	0.004693	-0.00039	0.004975	-0.001559	831.0	200.0
2013-12-30	-0.0005139999999999999	0.002484	0.002963	-0.0028510000000000002	-91.0	200.0
2013-12-27	0.00147	-0.001018	0.002374	-0.001255	260.0	200.0
2013-12-26	0.005057	-5.6999999999999996e-05	0.005057	-0.002273	890.0	400.0
2013-12-24	0.000637	0.0	0.000938	-0.00195	112.0	200.0
2013-12-23	0.001697	-0.0042710000000000005	0.001697	-0.005945000000000001	298.0	400.0
2013-12-20	0.005445	-0.0011970000000000001	0.005445	-0.0034869999999999996	951.0	700.0
2013-12-19	0.00229	-0.001549	0.003443	-0.004201	399.0	400.0
2013-12-18	0.022474	0.001121	0.022591	0.000469	3830.0	700.0
2013-12-17	-0.004201	-0.00034500000000000004	7e-05	-0.004464	-719.0	500.0
2013-12-16	0.00022799999999999999	0.002484	0.0048920000000000005	-0.003214	39.0	400.0
2013-12-13	-0.002332	0.0	0.004665	-0.002915	-400.0	300.0
2013-12-12	-0.0007570000000000001	-0.0006929999999999999	0.00539	-0.003088	-130.0	300.0
2013-12-11	-0.010607	0.000173	0.000865	-0.011287	-1840.0	300.0
2013-12-10	-0.012692	-0.001172	-0.000393	-0.013142	-2230.0	500.0
2013-12-09	0.004344	0.0019149999999999998	0.0068590000000000005	0.000343	760.0	500.0
2013-12-06	0.011214	0.005665	0.011561	0.004769	1940.0	400.0
2013-12-05	-0.002882	-0.00487	-0.000576	-0.005769	-500.0	700.0
2013-12-04	0.007953	-0.00628	0.007953	-0.00628	1369.0	800.0
2013-12-03	-0.004678	-0.004163	-0.002891	-0.010553	-809.0	800.0
2013-12-02	-0.010358	-0.001431	0.000687	-0.011479000000000001	-1810.0	500.0
2013-11-29	0.0007160000000000001	0.00398	0.00461	-0.0020210000000000002	125.0	100.0
2013-11-27	-0.00123	0.000915	0.003117	-0.005085	-215.0	400.0
2013-11-26	0.008822	0.001091	0.011136	0.001091	1529.0	300.0
2013-11-25	-0.008801999999999999	0.004718	0.005754	-0.009866	-1539.0	800.0
2013-11-22	0.0013109999999999999	0.0013	0.007370000000000001	0.000452	229.0	600.0
2013-11-21	0.012412999999999999	0.0025510000000000003	0.013103	-0.002209	2141.0	400.0
2013-11-20	-0.007365999999999999	-0.000771	1.7e-05	-0.010912	-1280.0	300.0
2013-11-19	-0.000288	-0.001668	0.002877	-0.003406	-50.0	400.0
2013-11-18	-0.002811	0.001727	0.002438	-0.0045320000000000004	-490.0	400.0
2013-11-15	0.005654	0.001039	0.006479	-0.0018170000000000003	980.0	600.0
2013-11-14	0.006795999999999999	0.002027	0.007261	5.2000000000000004e-05	1170.0	700.0
2013-11-13	0.005484	-0.001507	0.0061270000000000005	-0.0015949999999999998	939.0	400.0
2013-11-12	-0.013108000000000002	-0.00245	-0.002283	-0.014093000000000001	-2274.0	300.0
2013-11-11	0.00164	0.004036	0.004584	-0.001247	284.0	200.0
2013-11-08	0.012339	-0.0016420000000000002	0.015641	-0.005319	2111.0	500.0
2013-11-07	-0.006561	0.002787	0.0045579999999999996	-0.008036	-1130.0	300.0
2013-11-06	0.0027129999999999997	0.006527	0.006527	0.000344	466.0	600.0
2013-11-05	-0.001947	-0.00197	0.0029980000000000002	-0.003568	-335.0	200.0
2013-11-04	-0.005967	0.003622	0.004661	-0.007838	-1033.0	500.0
2013-11-01	0.00074	0.001306	0.005815	-0.003012	128.0	300.0
2013-10-31	-0.0077209999999999996	-0.000516	0.000918	-0.009017	-1346.0	600.0
2013-10-30	-0.009381	0.001119	0.002693	-0.009381	-1651.0	500.0
2013-10-29	0.0033689999999999996	-0.00114	0.0040479999999999995	-0.001437	591.0	400.0
2013-10-28	-0.0002	-0.00048499999999999997	0.00187	-0.002257	-35.0	400.0
2013-10-25	0.002365	0.0	0.003394	-0.001251	414.0	400.0
2013-10-24	0.002411	0.003614	0.007606	0.001964	421.0	300.0
2013-10-23	-0.008743	-0.001964	0.0	-0.009566	-1540.0	300.0
2013-10-22	0.005825	0.005025	0.0070810000000000005	0.00257	1020.0	600.0
2013-10-21	-0.001596	0.0	0.0	-0.003991	-280.0	300.0
2013-10-18	0.00065	0.004072999999999999	0.005785	-0.00013700000000000002	114.0	300.0
2013-10-17	0.002367	-0.001893	0.005661	-0.004415	414.0	400.0
2013-10-16	0.017171000000000002	0.004072	0.018497	0.0037920000000000002	2952.0	400.0
2013-10-15	-0.013087999999999999	-0.00132	-0.00132	-0.013783000000000002	-2280.0	400.0
2013-10-14	0.0034270000000000004	-0.009211	0.0034270000000000004	-0.010685	595.0	600.0
2013-10-11	0.0064930000000000005	-0.001217	0.006684999999999999	-0.005154	1120.0	900.0
2013-10-10	0.025445	0.009477	0.025445	0.008412000000000001	4280.0	500.0
2013-10-09	0.004497	0.00372	0.006378	-0.005625	753.0	400.0
2013-10-08	-0.01182	0.001564	0.002526	-0.012245	-2003.0	600.0
2013-10-07	-0.0075439999999999995	-0.006642	-0.0008380000000000001	-0.012668	-1288.0	600.0
2013-10-04	0.0044	0.002382	0.00883	0.000529	748.0	400.0
2013-10-03	-0.008776	-0.002332	-0.002332	-0.013090000000000001	-1505.0	600.0
2013-10-02	0.0027600000000000003	-0.00542	0.0027949999999999997	-0.0068590000000000005	472.0	500.0
2013-10-01	0.0036270000000000004	0.000164	0.006995	-0.001232	618.0	400.0
2013-09-30	-0.010452	-0.00932	-0.006266	-0.014111000000000002	-1800.0	400.0
2013-09-27	-0.008006999999999998	-0.003514	-0.003514	-0.01053	-1390.0	400.0
2013-09-26	0.001338	0.0007559999999999999	0.0070019999999999995	-0.004338	232.0	300.0
2013-09-25	0.005032	0.00029	0.008638	-0.000377	868.0	300.0
2013-09-24	-0.005987	0.001786	0.001786	-0.007047	-1039.0	300.0
2013-09-23	-0.008348999999999999	0.000857	0.001714	-0.012570999999999999	-1461.0	400.0
2013-09-20	-0.004692	0.002133	0.005449	-0.004692	-825.0	800.0
2013-09-19	0.004686	0.003971	0.009114	-0.000143	820.0	1000.0
2013-09-18	0.009844	-0.000433	0.012851	-0.00386	1706.0	900.0
2013-09-17	0.004632	0.0009279999999999999	0.007901	0.000586	799.0	300.0
2013-09-16	0.013781999999999999	0.007611	0.014369	0.006987999999999999	2345.0	500.0
2013-09-13	0.0009119999999999999	0.0	0.002682	-0.0028940000000000003	155.0	200.0
2013-09-12	-0.007821	-0.004027	-0.001482	-0.009805	-1340.0	400.0
2013-09-11	0.004992	6.500000000000001e-05	0.005115	-0.002235	851.0	500.0
2013-09-10	0.009526999999999999	0.00572	0.010681999999999999	0.002605	1609.0	500.0
2013-09-09	0.007848	0.0025960000000000002	0.008564	-0.00179	1315.0	500.0
2013-09-06	-0.004012	0.000951	0.0031149999999999997	-0.012315999999999999	-675.0	300.0
2013-09-05	-0.000113	-0.000363	0.0040950000000000005	-0.001539	-19.0	300.0
2013-09-04	0.001583	0.000637	0.004072	-0.00472	266.0	300.0
2013-09-03	0.005645000000000001	0.007679999999999999	0.013463	0.001497	943.0	500.0
2013-08-30	-0.005951	0.001047	0.001047	-0.010015000000000001	-1000.0	300.0
2013-08-29	-0.003173	-0.002165	0.011086	-0.004455	-535.0	200.0
2013-08-28	0.007379999999999999	-0.002091	0.01179	-0.002779	1235.0	300.0
2013-08-27	-0.021345	-0.005848	-0.004678	-0.023392	-3650.0	600.0
2013-08-26	-0.0018679999999999999	0.003035	0.006071	-0.003035	-320.0	500.0
2013-08-23	-0.005145	0.002863	0.002863	-0.006068	-886.0	300.0
2013-08-22	0.008232	0.004391	0.012881	0.002225	1406.0	500.0
2013-08-21	-0.012717000000000001	-0.002699	-0.001983	-0.014797999999999999	-2200.0	300.0
2013-08-20	0.008740000000000001	0.00043099999999999996	0.008740000000000001	-0.00084	1499.0	300.0
2013-08-19	-0.009363	-0.0029	0.00017900000000000001	-0.009369	-1621.0	200.0
2013-08-16	0.0018690000000000002	-0.004335	0.004057	-0.007228	323.0	300.0
2013-08-15	-0.011193	-0.004263	-0.002627	-0.015776	-1956.0	600.0
2013-08-14	-0.005520000000000001	0.00042699999999999997	0.000603	-0.005520000000000001	-970.0	300.0
2013-08-13	-0.000131	0.001434	0.0039770000000000005	-0.005525	-23.0	300.0
2013-08-12	0.003701	-0.0034270000000000004	0.004911	-0.005186	648.0	300.0
2013-08-09	-0.008219	-0.0019879999999999997	-0.00028900000000000003	-0.00955	-1451.0	200.0
2013-08-08	0.007711	0.006147	0.009007	-0.000953	1351.0	300.0
2013-08-07	-0.009358	-0.002573	-0.002573	-0.011557	-1655.0	300.0
2013-08-06	-0.00251	-0.0022559999999999998	0.001348	-0.007654	-445.0	400.0
2013-08-05	0.004533	0.011445	0.011598	0.0016829999999999998	800.0	400.0
2013-08-02	0.004553	0.002846	0.005492	-0.002783	800.0	600.0
2013-08-01	0.010351	0.009776	0.0213	0.006325	1800.0	900.0
2013-07-31	0.001924	0.004229	0.009754	0.001907	334.0	400.0
2013-07-30	-0.005381	0.005415	0.00639	-0.005811	-939.0	300.0
2013-07-29	-0.008076999999999999	-0.001853	0.004695	-0.011061	-1421.0	300.0
2013-07-26	0.002764	-0.001773	0.002764	-0.011138	485.0	24800.0
2013-07-25	0.004926	-0.002182	0.008987	-0.006753	860.0	34000.0
2013-07-24	-0.015052000000000001	0.0032329999999999998	0.0042369999999999994	-0.018330000000000003	-2668.0	43000.0
2013-07-23	-0.005465	0.002373	0.002373	-0.005549	-974.0	39100.0
2013-07-22	-0.000292	0.0035060000000000004	0.0035060000000000004	-0.00235	-52.0	21100.0
2013-07-19	0.00336	0.0	0.0048119999999999994	-0.002656	597.0	17400.0
2013-07-18	0.007581999999999999	0.0034590000000000003	0.007581999999999999	0.0034590000000000003	1337.0	46900.0
2013-07-17	0.002798	0.003423	0.007181999999999999	0.002388	492.0	26100.0
2013-07-16	-0.00015900000000000002	0.002064	0.0062829999999999995	-0.0013650000000000001	-28.0	21300.0
2013-07-15	0.00212	0.001356	0.0037890000000000003	-0.0012929999999999999	372.0	21100.0
2013-07-12	-0.000791	-0.002534	0.000843	-0.004185	-139.0	27500.0
2013-07-11	0.017606999999999998	0.007497	0.019669	0.0042	3039.0	68800.0
2013-07-10	-0.0065379999999999995	-0.000236	-0.000236	-0.010573	-1136.0	31100.0
2013-07-09	0.007194	0.005681	0.007762000000000001	0.001159	1241.0	48200.0
2013-07-08	0.001736	0.004059	0.008966	2.3e-05	299.0	41700.0
2013-07-05	0.019086000000000002	0.005468	0.020027	0.005468	3225.0	50200.0
2013-07-03	0.001049	-0.003904	0.0012439999999999999	-0.0075769999999999995	177.0	13800.0
2013-07-02	-0.004852	0.001049	0.002228	-0.0081	-823.0	31000.0
2013-07-01	0.006062	0.0035590000000000005	0.012343000000000002	0.002372	1022.0	33000.0
2013-06-28	-0.004288	-0.00018899999999999999	-0.00018899999999999999	-0.009963	-726.0	46800.0
2013-06-27	-0.00020099999999999998	0.005279	0.007026	-0.00020099999999999998	-34.0	31700.0
2013-06-26	0.006215	0.008258	0.011205	0.001117	1046.0	49100.0
2013-06-25	0.011265	0.006273	0.011902	0.00045099999999999996	1875.0	41900.0
2013-06-24	-0.01047	-0.0011949999999999999	0.000505	-0.021712000000000002	-1761.0	49800.0
2013-06-21	0.0017870000000000002	0.006272	0.01075	-0.005807	300.0	54200.0
2013-06-20	-0.017853	-0.007540000000000001	-0.001187	-0.02613	-3052.0	81600.0
2013-06-19	-0.009439	0.0006900000000000001	0.00474	-0.009439	-1629.0	38800.0
2013-06-18	-0.0007469999999999999	0.000371	0.003462	-0.002403	-129.0	55400.0
2013-06-17	0.008473	0.005961999999999999	0.012104	-0.002388	1451.0	71400.0
2013-06-14	-0.007792	-0.001182	5.2000000000000004e-05	-0.009293000000000001	-1345.0	21900.0
2013-06-13	0.020148	-0.000443	0.020148	-0.004143	3409.0	41600.0
2013-06-12	-0.005613	0.003954999999999999	0.008404	-0.006781999999999999	-955.0	37600.0
2013-06-11	-0.015763	-0.009834	-0.008567	-0.016631	-2725.0	42000.0
2013-06-10	-0.000145	0.004915999999999999	0.005263	-0.004101	-25.0	42900.0
2013-06-07	0.017795	0.00279	0.019891	0.00279	3023.0	82000.0
2013-06-06	0.014797	-0.0007469999999999999	0.014797	-0.0038229999999999996	2477.0	47900.0
2013-06-05	-0.014424000000000001	-0.000294	-0.000294	-0.019135	-2450.0	66100.0
2013-06-04	-0.006208	-0.001217	-6.4e-05	-0.009075	-1061.0	59800.0
2013-06-03	-0.002271	0.003503	0.004086	-0.009883	-389.0	47400.0
2013-05-31	-0.005226	0.001452	0.001452	-0.008124	-900.0	39400.0
2013-05-30	0.016517	0.0035299999999999997	0.017934000000000002	0.0035299999999999997	2798.0	71800.0
2013-05-29	0.00595	-0.0035689999999999997	0.009192	-0.007488	1002.0	36800.0
2013-05-28	0.014336000000000002	0.014077000000000001	0.016016	0.009956999999999999	2380.0	54700.0
2013-05-24	-0.005749	-0.0050490000000000005	-0.0050490000000000005	-0.012217	-960.0	47800.0
2013-05-23	-0.003699	-0.013604	-0.000597	-0.020030000000000003	-620.0	59300.0
2013-05-22	-0.009392	-0.000526	0.005148	-0.015078	-1589.0	72500.0
2013-05-21	-6.500000000000001e-05	0.002955	0.004728	-0.002104	-11.0	41700.0
2013-05-20	-0.001181	0.0	0.005018	-0.0026030000000000003	-200.0	39700.0
2013-05-17	0.012534	0.007053	0.013479	0.001823	2097.0	78700.0
2013-05-16	-0.00969	-0.0014210000000000002	-0.0014210000000000002	-0.011815	-1637.0	57900.0
2013-05-15	-0.0019320000000000001	-0.003184	0.0012289999999999998	-0.006274	-327.0	68900.0
2013-05-14	0.011274	0.0046	0.011274	0.0025210000000000002	1887.0	55000.0
2013-05-13	-0.002384	0.002545	0.004291	-0.003856	-400.0	61900.0
2013-05-10	0.010114	0.001204	0.010114	0.001204	1680.0	53700.0
2013-05-09	-0.0010400000000000001	-0.001052	0.0035659999999999997	-0.004619	-173.0	29500.0
2013-05-08	0.009612	0.001281	0.009612	-0.003279	1583.0	71900.0
2013-05-07	-0.001818	0.003691	0.003691	-0.00457	-300.0	36100.0
2013-05-06	0.012805	0.023916	0.024339	0.008263	2086.0	71600.0
2013-05-03	0.012726000000000001	0.009281999999999999	0.018115	0.00925	2047.0	45000.0
2013-05-02	0.0072510000000000005	0.001121	0.00757	-0.00042	1158.0	35900.0
2013-05-01	0.004396	0.002264	0.009717	0.000629	699.0	54900.0
2013-04-30	-0.004383	0.0012460000000000001	0.001565	-0.007826999999999999	-700.0	54100.0
2013-04-29	-0.005715	0.0011330000000000001	0.001756	-0.005715	-918.0	39400.0
2013-04-26	-0.0025280000000000003	0.0016769999999999999	0.00503	-0.007856	-407.0	45600.0
2013-04-25	0.0067209999999999995	0.003188	0.012623	0.002432	1075.0	55500.0
2013-04-24	-0.000188	0.00011899999999999999	0.003032	-0.002375	-30.0	34900.0
2013-04-23	0.016766	0.004182	0.016893000000000002	0.004182	2638.0	47100.0
2013-04-22	-0.003288	0.002147	0.003985	-0.010332	-519.0	31000.0
2013-04-19	0.021582	0.008245	0.023582	0.001773	3335.0	58600.0
2013-04-18	-0.020127000000000003	-0.001585	-0.0008560000000000001	-0.022543	-3174.0	41300.0
2013-04-17	-0.020497	-0.008695999999999999	-0.008385	-0.027614999999999997	-3300.0	45300.0
2013-04-16	0.025478	0.007382	0.026592	0.004936	4000.0	55300.0
2013-04-15	-0.021959	-0.003271	0.003246	-0.023872	-3525.0	61600.0
2013-04-12	0.003689	-0.001782	0.003689	-0.002964	590.0	31100.0
2013-04-11	0.003356	0.000627	0.006023	-0.0013800000000000002	535.0	49000.0
2013-04-10	0.011614	0.001472	0.012249	-0.0010789999999999999	1830.0	42800.0
2013-04-09	-0.002722	0.000949	0.0012720000000000001	-0.005171	-430.0	19700.0
2013-04-08	0.010683	0.001599	0.010683	-0.005488	1670.0	28400.0
2013-04-05	-0.007788	-0.011373999999999999	-0.006455	-0.01595	-1227.0	48000.0
2013-04-04	0.007398	0.0021739999999999997	0.01234	0.001189	1157.0	46600.0
2013-04-03	-0.007298999999999999	0.0034909999999999997	0.003999	-0.00933	-1150.0	48500.0
2013-04-02	0.014794999999999999	0.004804999999999999	0.018853	0.00315	2297.0	61800.0
2013-04-01	-0.006572	-0.003071	0.002585	-0.009829000000000001	-1027.0	30500.0
2013-03-28	0.010671	0.002393	0.01296	-0.000517	1650.0	39900.0
2013-03-27	-0.006923	-0.00262	-0.00262	-0.010648000000000001	-1078.0	22700.0
2013-03-26	0.012511	0.0021850000000000003	0.012511	0.001834	1924.0	52400.0
2013-03-25	0.00028	0.0023350000000000003	0.006908	-0.00547	43.0	28600.0
2013-03-22	0.004843	0.000261	0.006595	-0.000183	741.0	22000.0
2013-03-21	-0.002588	-0.0020670000000000003	0.002705	-0.004661	-397.0	40300.0
2013-03-20	0.005414	0.004123	0.008219	0.0017629999999999998	826.0	65900.0
2013-03-19	-0.004372	0.002088	0.005214	-0.007916	-670.0	60000.0
2013-03-18	-0.0016870000000000001	-0.001303	0.004893	-0.00402	-259.0	70200.0
2013-03-15	-0.015962999999999998	-0.0059229999999999994	-0.002301	-0.015962999999999998	-2490.0	156800.0
2013-03-14	0.0035960000000000002	0.003017	0.006587999999999999	0.00045	559.0	49600.0
2013-03-13	0.00703	0.001905	0.00806	0.001302	1085.0	44100.0
2013-03-12	-0.010463	0.001423	0.001584	-0.016444999999999998	-1632.0	54500.0
2013-03-11	0.0036479999999999998	0.003468	0.005141	-0.001358	567.0	58900.0
2013-03-08	0.001295	0.006288	0.006288	-0.0026420000000000003	201.0	31900.0
2013-03-07	0.000741	2.6000000000000002e-05	0.002076	-0.002656	115.0	46000.0
2013-03-06	0.004339	0.0037229999999999997	0.006113	-0.001405	670.0	40700.0
2013-03-05	0.009611	0.0068260000000000005	0.014874	0.001602	1470.0	57100.0
2013-03-04	0.001342	-0.002435	0.001637	-0.012745999999999999	205.0	97400.0
2013-03-01	0.000983	-0.001547	0.005898	-0.011796	150.0	51200.0
2013-02-28	0.004502	0.003515	0.012	0.002679	684.0	87800.0
2013-02-27	0.024245	0.000539	0.025478999999999998	0.00022200000000000003	3596.0	47900.0
2013-02-26	-0.01054	-0.002508	-0.002008	-0.013009	-1580.0	40600.0
2013-02-25	-0.013874000000000001	0.001592	0.006585	-0.024959000000000002	-2109.0	53900.0
2013-02-22	0.010027	0.006611	0.012372	0.002684	1509.0	48100.0
2013-02-21	-0.003311	1.3000000000000001e-05	0.002444	-0.006305	-500.0	45100.0
2013-02-20	-0.009823	0.001292	0.004340999999999999	-0.009823	-1498.0	106300.0
2013-02-19	0.015699	0.000726	0.015699	-0.00028	2357.0	55100.0
2013-02-15	0.006037	0.003853	0.025797000000000004	0.002546	901.0	54600.0
2013-02-14	0.010085	0.0	0.013902000000000001	-0.001841	1490.0	50000.0
2013-02-13	0.004248	7.000000000000001e-06	0.004364	-0.000537	625.0	46500.0
2013-02-12	0.008846	0.002503	0.010471	0.0018170000000000003	1290.0	34900.0
2013-02-11	-0.003682	-0.001052	0.001523	-0.003682	-539.0	17300.0
2013-02-08	0.000779	0.00041	0.002913	-0.005053	114.0	26400.0
2013-02-07	-0.003237	0.001424	0.004190999999999999	-0.0038159999999999995	-475.0	54900.0
2013-02-06	-0.0006129999999999999	-0.001532	0.001805	-0.002888	-90.0	40600.0
2013-02-05	0.012516	0.005993	0.015951	0.005993	1815.0	39200.0
2013-02-04	-0.014113999999999998	-0.0009720000000000001	-0.0009720000000000001	-0.014113999999999998	-2076.0	27300.0
2013-02-01	0.008302	0.00606	0.01842	0.001584	1211.0	47700.0
2013-01-31	0.002543	-0.0017530000000000002	0.0044329999999999994	-0.006529000000000001	370.0	58400.0
2013-01-30	-0.006758	0.000717	0.000717	-0.008362	-990.0	40800.0
2013-01-29	-0.001534	-0.000545	0.0006129999999999999	-0.004907	-225.0	57100.0
2013-01-28	-0.00387	0.001256	0.001256	-0.005907	-570.0	42400.0
2013-01-25	0.00727	0.003235	0.00742	-0.001805	1063.0	72000.0
2013-01-24	0.004527000000000001	0.00045999999999999996	0.011555	0.00045999999999999996	659.0	115800.0
2013-01-23	0.005268999999999999	-0.000207	0.006111999999999999	-0.003833	763.0	40700.0
2013-01-22	0.00908	0.0005780000000000001	0.00908	-0.003401	1303.0	68500.0
2013-01-18	0.000125	0.001505	0.002147	-0.005673	18.0	85200.0
2013-01-17	0.0036369999999999996	0.001847	0.004497999999999999	-0.0015810000000000002	520.0	46400.0
2013-01-16	-0.0016829999999999998	-0.0014320000000000001	-0.000412	-0.004922999999999999	-241.0	49600.0
2013-01-15	0.001434	-0.003189	0.002804	-0.006077	205.0	41500.0
2013-01-14	0.010422	0.0015539999999999998	0.010726000000000001	-0.001449	1475.0	37800.0
2013-01-11	-0.001714	0.0016359999999999999	0.001989	-0.002666	-243.0	40200.0
2013-01-10	0.012629000000000001	0.005357	0.014286000000000002	0.0017640000000000002	1768.0	55400.0
2013-01-09	-0.007092	0.001333	0.002589	-0.008376	-1000.0	39400.0
2013-01-08	0.005778	3.6e-05	0.005778	-0.004323	810.0	61700.0
2013-01-07	-0.004354	0.001037	0.001037	-0.007613	-613.0	60400.0
2013-01-04	0.001807	0.002348	0.003237	-0.003572	254.0	34700.0
2013-01-03	0.006726	0.002793	0.013366	-0.002378	939.0	100200.0
2013-01-02	0.041399	0.020812	0.041526	0.020812	5550.0	83200.0
2012-12-31	0.00797	-0.003759	0.012	-0.004511	1060.0	119800.0
2012-12-28	-0.0067209999999999995	-0.001875	-0.001875	-0.007461	-900.0	134500.0
2012-12-27	-0.000202	0.002038	0.0042710000000000005	-0.005988	-27.0	135300.0
2012-12-26	-0.005443	-7.4e-05	0.002079	-0.008533	-733.0	90400.0
2012-12-24	-0.001039	-0.003672	0.0014990000000000001	-0.005912	-140.0	69100.0
2012-12-21	-0.008357	-0.0058189999999999995	-0.001905	-0.010196	-1136.0	111600.0
2012-12-20	0.005444	-0.001072	0.007456	-0.001294	736.0	158500.0
2012-12-19	-0.0036850000000000003	-0.005158	0.002321	-0.007222	-500.0	147800.0
2012-12-18	0.0063030000000000004	0.000964	0.0063030000000000004	-0.000742	850.0	212700.0
2012-12-17	0.007885	0.005232	0.009006	0.003924	1055.0	146800.0
2012-12-14	-0.003018	0.0013039999999999998	0.0026899999999999997	-0.004009	-405.0	93000.0
2012-12-13	0.001493	0.0037310000000000004	0.00556	-0.003418	200.0	145800.0
2012-12-12	0.024222	0.0020559999999999997	0.031942	0.0020559999999999997	3169.0	332700.0
2012-12-11	0.00032900000000000003	0.000543	0.004289	-0.002722	43.0	90800.0
2012-12-10	-0.002304	0.0	0.0	-0.004524	-302.0	71600.0
2012-12-07	-0.001143	0.001372	0.002316	-0.005639	-150.0	45300.0
2012-12-06	-0.001552	0.0019100000000000002	0.002716	-0.005173	-204.0	45700.0
2012-12-05	0.004233	0.001207	0.007778	-0.002636	554.0	64900.0
2012-12-04	-0.007581999999999999	-0.000872	-2.3e-05	-0.008772	-1000.0	44200.0
2012-12-03	-0.000197	0.003464	0.0070799999999999995	-0.001637	-26.0	51900.0
2012-11-30	0.00031099999999999997	-1.4999999999999999e-05	0.0041329999999999995	-0.001956	41.0	65900.0
2012-11-29	-0.003145	0.00381	0.004785	-0.006017	-416.0	47800.0
2012-11-28	0.0021739999999999997	-0.001545	0.003114	-0.007947	287.0	94000.0
2012-11-27	-0.003074	-8.3e-05	0.004116	-0.0030960000000000002	-407.0	48800.0
2012-11-26	-0.001471	-0.002783	-0.000799	-0.005	-195.0	50200.0
2012-11-23	0.00987	0.003107	0.00987	0.00297	1296.0	23700.0
2012-11-21	0.008502	0.000745	0.008587000000000001	-0.00025299999999999997	1107.0	60400.0
2012-11-20	0.001562	0.001115	0.002169	-0.005138	203.0	31600.0
2012-11-19	0.005064	0.005296	0.009363	0.001438	655.0	73700.0
2012-11-16	0.009105	0.002317	0.009105	-0.0052899999999999996	1167.0	49700.0
2012-11-15	0.000218	0.0	0.0060090000000000005	-0.003512	28.0	58700.0
2012-11-14	-0.006011	0.00636	0.00636	-0.008726000000000001	-775.0	83200.0
2012-11-13	0.0059689999999999995	-0.0024579999999999997	0.015215000000000001	-0.003909	765.0	63600.0
2012-11-12	0.004507	0.005212	0.007156	0.0016300000000000002	575.0	50700.0
2012-11-09	0.005398	-0.00041799999999999997	0.014484	-0.007486	685.0	72600.0
2012-11-08	-0.011367	0.001916	0.010533	-0.011367	-1459.0	79800.0
2012-11-07	-0.017708	-0.0035810000000000004	-0.0034049999999999996	-0.020746	-2314.0	60500.0
2012-11-06	0.002863	0.0016579999999999998	0.005879	-0.002525	373.0	68000.0
2012-11-05	-0.0019149999999999998	0.00157	0.00157	-0.018384	-250.0	78000.0
2012-11-02	-0.006469	0.009422	0.009422	-0.007595	-850.0	28600.0
2012-11-01	0.014633000000000002	0.004231	0.014887000000000001	0.002154	1895.0	81600.0
2012-10-31	-0.001696	0.005974	0.005974	-0.003554	-220.0	100900.0
2012-10-26	-0.006562999999999999	0.002428	0.002428	-0.008477	-857.0	56800.0
2012-10-25	0.00105	0.004715	0.004715	-0.00151	137.0	46100.0
2012-10-24	-0.0009570000000000001	0.006027	0.0075439999999999995	-0.002336	-125.0	48800.0
2012-10-23	-0.015375999999999999	-0.010248	-0.007609	-0.017706	-2039.0	78900.0
2012-10-22	-0.009205	-0.0014789999999999998	0.001188	-0.015249	-1232.0	61800.0
2012-10-19	-0.011514	-0.00036899999999999997	0.00016999999999999999	-0.019202	-1559.0	47700.0
2012-10-18	-0.002696	0.00025	0.004265	-0.002696	-366.0	76800.0
2012-10-17	0.006793	-0.0033369999999999997	0.007408	-0.0033369999999999997	916.0	74900.0
2012-10-16	0.009319	0.002956	0.010217	0.002956	1245.0	35600.0
2012-10-15	0.008324	0.001872	0.010211	-0.000543	1103.0	29300.0
2012-10-12	-0.0038420000000000004	0.0054659999999999995	0.009879	-0.005052	-511.0	32400.0
2012-10-11	-0.000398	0.010025	0.010025	-0.000421	-53.0	19300.0
2012-10-10	-0.0060799999999999995	0.0	0.001755	-0.008067	-814.0	29400.0
2012-10-09	-0.011226	-0.001477	0.002216	-0.011226	-1520.0	40200.0
2012-10-08	-0.001143	0.00034700000000000003	0.002656	-0.0027660000000000002	-155.0	28100.0
2012-10-05	0.002025	0.004576	0.0060539999999999995	-0.000917	274.0	59300.0
2012-10-04	0.00907	0.003058	0.012381999999999999	0.002954	1216.0	69800.0
2012-10-03	0.00629	0.002049	0.009255	-0.003055	838.0	50500.0
2012-10-02	0.001707	0.004511	0.00685	-0.003045	227.0	41000.0
2012-10-01	0.002261	-0.000528	0.011944	-0.000528	300.0	67200.0
2012-09-28	0.002205	-0.00024900000000000004	0.002258	-0.009033	292.0	72600.0
2012-09-27	-0.0006190000000000001	0.003849	0.003849	-0.00283	-82.0	63200.0
2012-09-26	3.8e-05	-0.002159	0.008341	-0.002159	5.0	39200.0
2012-09-25	-0.0041270000000000005	0.00236	0.007825	-0.006495	-549.0	47700.0
2012-09-24	-0.011517	-0.008017	-0.000364	-0.011770000000000001	-1550.0	38500.0
2012-09-21	0.005739	0.005037	0.008041	0.0008820000000000001	768.0	38700.0
2012-09-20	0.003871	-0.008815	0.006789	-0.01024	516.0	49000.0
2012-09-19	0.003025	-0.001377	0.006862	-0.001377	402.0	63600.0
2012-09-18	0.001605	-0.002525	0.001605	-0.002721	213.0	37300.0
2012-09-17	-0.002368	-0.0022559999999999998	0.000759	-0.0038350000000000003	-315.0	42000.0
2012-09-14	0.0011220000000000002	-8e-06	0.007061	-0.006368	149.0	85500.0
2012-09-13	0.020753	-0.00292	0.020753	-0.00292	2701.0	86900.0
2012-09-12	-0.000154	-0.004456	0.0028420000000000003	-0.007259999999999999	-20.0	52800.0
2012-09-11	0.003624	0.004202	0.005143	1.4999999999999999e-05	470.0	43200.0
2012-09-10	-0.0018620000000000002	0.000146	0.005964	-0.0018620000000000002	-242.0	39800.0
2012-09-07	0.0026620000000000003	0.002238	0.003411	0.0001	345.0	90900.0
2012-09-06	0.014299000000000001	0.002191	0.014299000000000001	0.002191	1827.0	80900.0
2012-09-05	0.011807	0.000285	0.013628999999999999	0.000285	1491.0	68700.0
