2017-09-01	-0.002735	0.001709	0.006838	-0.004103	-0.080000	537800.000000
2016-09-01	0.000472	0.043963999999999996	0.0489	0.039028	0.00957	602000.0
2016-08-31	-0.009359000000000001	0.044951	0.044951	0.025881	-0.191397	574100.0
2016-08-30	0.000468	0.046908	0.049843	0.038592	0.009569	629400.0
2016-08-29	-0.003266	0.045926999999999996	0.046414	0.039588	-0.066988	411100.0
2016-08-26	-0.005568	0.045921	0.059498	0.037193000000000004	-0.114836	429300.0
2016-08-25	0.00046399999999999995	0.045436000000000004	0.046407	0.039615	0.009568	243300.0
2016-08-24	0.0	0.047376999999999996	0.048832	0.03816	0.0	332400.0
2016-08-23	-0.007373	0.052174	0.05361900000000001	0.036284	-0.153117	479400.0
2016-08-22	-0.012739	0.035443	0.03782	0.027361	-0.26795399999999997	529200.0
2016-08-19	-0.0063289999999999996	0.039755	0.042589	0.032669	-0.133979	241800.0
2016-08-18	-0.0009029999999999999	0.046839	0.048255	0.040232	-0.019139	207400.0
2016-08-17	-0.00673	0.04167	0.04167	0.023387	-0.143549	308400.0
2016-08-16	-0.009773	0.044487	0.050058	0.030095999999999998	-0.210535	684900.0
2016-08-15	0.019013	0.046370999999999996	0.06718400000000001	0.043532	0.401934	599900.0
2016-08-12	0.005462	0.042098000000000003	0.052561000000000004	0.037817	0.11483800000000001	363200.0
2016-08-11	0.018072	0.050277999999999996	0.06432	0.046888	0.373222	347900.0
2016-08-10	0.008411	0.047393	0.057647000000000004	0.04251	0.172258	525900.0
2016-08-09	-0.0051140000000000005	0.033292	0.050781	0.027462999999999998	-0.10527	700700.0
2016-08-08	0.011284	0.047408	0.057725	0.043969	0.229677	518900.0
2016-08-05	0.019166	0.050459	0.066982	0.037942000000000004	0.382792	791500.0
2016-08-04	-0.0014349999999999999	0.047451	0.050450999999999996	0.042450999999999996	-0.028707999999999997	331200.0
2016-08-03	0.015056	0.046474	0.063221	0.040891000000000004	0.296663	338800.0
2016-08-02	-0.0014550000000000001	0.043431	0.056607000000000005	0.03735	-0.028709	535200.0
2016-08-01	0.002431	0.047999	0.054095000000000004	0.041902999999999996	0.04785	393900.0
2016-07-29	0.016807	0.037203	0.065096	0.037203	0.325374	363200.0
2016-07-28	-0.009304999999999999	0.043416	0.04444	0.026017000000000002	-0.181827	470400.0
2016-07-27	-0.009219	0.046979	0.050527999999999997	0.030248	-0.181828	559900.0
2016-07-26	0.003408	0.045969	0.049020999999999995	0.040881	0.066988	241200.0
2016-07-25	-0.00725	0.042426	0.042426	0.033335000000000004	-0.143545	277400.0
2016-07-22	0.004857	0.047996	0.052564	0.045459	0.095697	267900.0
2016-07-21	-0.007232	0.046463	0.046463	0.034371	-0.143547	206200.0
2016-07-20	0.010721	0.045461	0.062775	0.043424000000000004	0.210535	880900.0
2016-07-19	0.0	0.037822	0.04597	0.036294	0.0	382200.0
2016-07-18	0.009843000000000001	0.046494	0.057293	0.034151999999999995	0.191399	340800.0
2016-07-15	0.004946	0.048569	0.056838	0.043401	0.095698	318300.0
2016-07-14	0.013026	0.055945	0.064322	0.045475	0.248815	291400.0
2016-07-13	0.005035	0.046004	0.057053	0.039689999999999996	0.095697	469000.0
2016-07-12	0.012749	0.055076	0.067865	0.052944000000000005	0.239247	421800.0
2016-07-11	0.006157	0.051921	0.062108000000000003	0.049776999999999995	0.114837	379000.0
2016-07-08	0.016163	0.057482000000000005	0.064565	0.047131	0.296666	310100.0
2016-07-07	-0.000521	0.04604	0.051486000000000004	0.041684	-0.009571	275400.0
2016-07-06	0.000521	0.044407	0.047131	0.034055	0.009571	261300.0
2016-07-05	-0.009298	0.035236	0.040632999999999996	0.028219	-0.172259	381000.0
2016-07-01	-0.000516	0.043872	0.045491000000000004	0.032543	-0.009569	336400.0
2016-06-30	0.013605	0.046592	0.059168	0.040576999999999995	0.24881599999999998	288800.0
2016-06-29	0.026867000000000002	0.05562	0.078641	0.04439	0.47848999999999997	636600.0
2016-06-28	0.034464	0.05773	0.080964	0.05773	0.593331	390200.0
2016-06-27	-0.019084	0.031277	0.031277	0.015893	-0.334946	399900.0
2016-06-24	-0.048262	-0.002226	0.008076999999999999	-0.008733	-0.889993	514000.0
2016-06-23	0.015279	0.058164999999999994	0.065322	0.052109	0.277526	252100.0
2016-06-22	0.004233	0.05324500000000001	0.06927799999999999	0.048822000000000004	0.076559	380400.0
2016-06-21	-0.002639	0.046606	0.048811	0.03282	-0.047851	506000.0
2016-06-20	0.0058390000000000004	0.06048099999999999	0.062145000000000006	0.049943	0.105268	277100.0
2016-06-17	0.011815	0.047757	0.063471	0.047757	0.210537	526400.0
2016-06-16	0.004857	0.037056	0.052846000000000004	0.029725	0.086129	571300.0
2016-06-15	0.015899	0.048961000000000005	0.06443	0.048389	0.277524	731600.0
2016-06-14	-0.011382	0.039854	0.043819	0.027393999999999998	-0.200967	631100.0
2016-06-13	-0.004854	0.037624	0.043824	0.021843	-0.086129	833400.0
2016-06-10	-0.013305	0.028268	0.042171	0.012695999999999999	-0.239244	436500.0
2016-06-09	-0.0031829999999999996	0.034973000000000004	0.047169	0.032756	-0.057419000000000005	427000.0
2016-06-08	0.001594	0.047172000000000006	0.061052999999999996	0.026629000000000003	0.028710000000000003	332000.0
2016-06-07	0.011284	0.046074000000000004	0.060112	0.038775	0.200965	391300.0
2016-06-06	0.005403	0.042693	0.054548	0.042693	0.0957	299600.0
2016-06-03	0.007620999999999999	0.040969	0.057465999999999996	0.039832	0.133976	350100.0
2016-06-02	0.016040000000000002	0.043795	0.063446	0.036860000000000004	0.277527	618000.0
2016-06-01	0.001662	0.041477999999999994	0.048425	0.034531	0.028709	378900.0
2016-05-31	-0.0066040000000000005	0.047827	0.050127	0.0369	-0.11484000000000001	652200.0
2016-05-27	-0.006561	0.038667	0.047807999999999996	0.036381000000000004	-0.114837	278600.0
2016-05-26	-0.005978	0.047223	0.054605999999999995	0.038137	-0.10526700000000001	444000.0
2016-05-25	0.006014	0.051236000000000004	0.060948	0.046665	0.10526700000000001	294700.0
2016-05-24	0.002741	0.05068	0.055836000000000004	0.041513999999999995	0.047849	423800.0
2016-05-23	-0.009772	0.037009	0.050624	0.026231	-0.172256	341800.0
2016-05-20	-0.003786	0.046647	0.059645000000000004	0.026867000000000002	-0.066988	318400.0
2016-05-19	0.001083	0.042688	0.05230599999999999	0.031373000000000005	0.019138	673100.0
2016-05-18	-0.0027	0.041566000000000006	0.051157999999999995	0.029717	-0.047849	924800.0
2016-05-17	0.005429	0.044384	0.059701	0.024529	0.095699	510900.0
2016-05-16	0.000543	0.047789	0.06765499999999999	0.044384	0.009569	413200.0
2016-05-13	-0.007547	0.041007999999999996	0.050585000000000005	0.028614999999999998	-0.133976	642500.0
2016-05-12	-0.010139	0.049412	0.053314999999999994	0.02655	-0.181827	370700.0
2016-05-11	-0.003721	0.044396	0.046618	0.03773	-0.066988	252200.0
2016-05-10	0.005882	0.049981	0.061155999999999995	0.039363	0.10526600000000001	294500.0
2016-05-09	-0.014233	0.035587	0.042748	0.021816	-0.258384	380700.0
2016-05-06	0.013896	0.044393	0.062265	0.043276	0.248815	278500.0
2016-05-05	0.000535	0.050539	0.05501	0.042157	0.009569	314600.0
2016-05-04	-0.001602	0.03993	0.051088	0.032677	-0.028709	425200.0
2016-05-03	-0.014728999999999999	0.02901	0.03011	0.008672	-0.26795599999999997	654100.0
2016-05-02	-0.020103	0.044413	0.044413	0.022867	-0.373222	298200.0
2016-04-29	0.003102	0.051975	0.060079999999999995	0.041710000000000004	0.057419000000000005	326200.0
2016-04-28	-0.001549	0.042793	0.057899	0.030925	-0.028710000000000003	604300.0
2016-04-27	0.004668	0.041699	0.06554700000000001	0.041699	0.086128	498600.0
2016-04-26	0.007315	0.049865	0.056415999999999994	0.044951	0.13397799999999999	265000.0
2016-04-25	0.0	0.043314	0.048227	0.034578	0.0	298200.0
2016-04-22	-0.006745999999999999	0.038444	0.046036	0.030851999999999997	-0.12440799999999999	385400.0
2016-04-21	-0.013818	0.04709	0.04709	0.027837999999999998	-0.258385	618500.0
2016-04-20	-0.0045850000000000005	0.043354000000000004	0.049210000000000004	0.034837	-0.086127	468500.0
2016-04-19	0.02544	0.062255	0.08681900000000001	0.058434	0.46605	968200.0
2016-04-18	-0.00247	0.095569	0.103192	0.090124	-0.045369	345600.0
2016-04-15	0.014028	0.101551	0.11756400000000002	0.073391	0.25406100000000004	429500.0
2016-04-14	-0.006965000000000001	0.097169	0.10155499999999999	0.08784700000000001	-0.127031	401000.0
2016-04-13	0.007519	0.108733	0.114257	0.102656	0.136103	503200.0
2016-04-12	0.014750999999999998	0.105467	0.12004200000000001	0.102664	0.26313400000000003	349000.0
2016-04-11	0.011317	0.11004000000000001	0.120245	0.093033	0.19961700000000002	339100.0
2016-04-08	0.017268000000000002	0.11248399999999999	0.12286500000000002	0.10614000000000001	0.299427	474500.0
2016-04-07	-0.010869	0.091835	0.09525800000000001	0.079856	-0.19054200000000002	455700.0
2016-04-06	0.006774	0.103826	0.109569	0.094637	0.117954	961800.0
2016-04-05	-0.01286	0.091899	0.09756799999999999	0.083962	-0.22683899999999999	388900.0
2016-04-04	-0.01119	0.099861	0.105467	0.085847	-0.19961700000000002	288300.0
2016-04-01	0.016021	0.089573	0.120899	0.08046	0.28127800000000003	424400.0
2016-03-31	-0.005652	0.099272	0.112298	0.09360800000000001	-0.09980599999999999	326800.0
2016-03-30	0.009336	0.110106	0.11810899999999999	0.109535	0.163323	344200.0
2016-03-29	0.012605	0.096315	0.125257	0.092842	0.21776399999999999	561300.0
2016-03-28	0.010616	0.10678299999999999	0.11614300000000001	0.096839	0.181472	233000.0
2016-03-24	-0.010504000000000001	0.092842	0.095157	0.08068600000000001	-0.181472	575000.0
2016-03-23	-0.030056	0.096489	0.096489	0.066733	-0.535338	425100.0
2016-03-22	0.002042	0.09479	0.10716700000000001	0.091977	0.036295	285300.0
2016-03-21	-0.007599	0.10098700000000001	0.102104	0.075305	-0.136104	327400.0
2016-03-18	0.015955	0.106074	0.12309	0.100969	0.28127800000000003	411900.0
2016-03-17	0.031863999999999996	0.10971199999999999	0.140733	0.10737100000000001	0.544417	314000.0
2016-03-16	0.013455000000000002	0.095579	0.119899	0.095579	0.22683899999999999	175200.0
2016-03-15	-0.009067	0.090936	0.10034	0.087997	-0.154251	156900.0
2016-03-14	-0.005305	0.092749	0.10151900000000001	0.089241	-0.090739	147700.0
2016-03-11	0.017269	0.114594	0.12173099999999999	0.105672	0.290356	187600.0
2016-03-10	-0.001616	0.10804200000000001	0.11338599999999999	0.09200900000000001	-0.027219999999999998	276000.0
2016-03-09	0.008148	0.103301	0.11886600000000001	0.082947	0.136103	169800.0
2016-03-08	-0.011278	0.093225	0.09796	0.076652	-0.190546	185000.0
2016-03-07	0.007031	0.09375900000000001	0.11164	0.08660599999999999	0.117958	259600.0
2016-03-04	-0.006448000000000001	0.101511	0.103288	0.090259	-0.108885	339300.0
2016-03-03	0.020285	0.10572899999999999	0.12445999999999999	0.096666	0.33572399999999997	189700.0
2016-03-02	0.025872000000000003	0.102103	0.138675	0.102103	0.41738100000000006	324800.0
2016-03-01	0.034322000000000005	0.11172	0.14313599999999999	0.11043800000000001	0.535342	285600.0
2016-02-29	-0.003478	0.11104800000000001	0.11104800000000001	0.096992	-0.054442	279800.0
2016-02-26	0.008182	0.11498599999999999	0.124004	0.10918900000000001	0.12703	347300.0
2016-02-25	0.000585	0.10661500000000002	0.11306	0.09436900000000001	0.009073999999999999	991700.0
2016-02-24	-0.012131999999999999	0.088733	0.09701	0.071543	-0.19054300000000002	651000.0
2016-02-23	-0.022034	0.09525399999999999	0.09525399999999999	0.069103	-0.353871	267700.0
2016-02-22	0.012586	0.11786600000000001	0.124801	0.113452	0.19961900000000002	295300.0
2016-02-19	-0.011871	0.09525	0.09525	0.08029800000000001	-0.190546	281100.0
2016-02-18	-0.005062	0.10272300000000001	0.10644200000000001	0.086607	-0.081663	389100.0
2016-02-17	0.03312	0.10850699999999999	0.139246	0.107867	0.517196	310500.0
2016-02-16	0.001163	0.11620799999999999	0.11685	0.09825700000000001	0.018146000000000002	308100.0
2016-02-12	0.043716000000000005	0.118163	0.150283	0.104111	0.653297	221100.0
2016-02-11	-0.018474	0.08305599999999999	0.100133	0.07911599999999999	-0.281281	377900.0
2016-02-10	0.008413	0.110714	0.122636	0.102103	0.12703	384400.0
2016-02-09	-0.015967	0.089068	0.09232699999999999	0.072123	-0.24498699999999998	472700.0
2016-02-08	-0.009373000000000001	0.089836	0.096938	0.076924	-0.145177	302500.0
2016-02-05	0.000586	0.09951900000000001	0.10920999999999999	0.09112100000000001	0.009073999999999999	295600.0
2016-02-04	0.017293	0.111304	0.133648	0.109332	0.263133	530300.0
2016-02-03	0.012681	0.11208599999999999	0.119407	0.086797	0.190546	384600.0
2016-02-02	-0.048276	0.081201	0.083102	0.044465	-0.762181	934200.0
2016-02-01	0.006362	0.095729	0.11166500000000001	0.08807999999999999	0.09981	642600.0
2016-01-29	0.023683000000000003	0.10928099999999999	0.130814	0.107976	0.362942	545400.0
2016-01-28	0.018697	0.11473299999999999	0.128692	0.108751	0.28128000000000003	534900.0
2016-01-27	-0.010740000000000001	0.098815	0.11130999999999999	0.085006	-0.163324	605400.0
2016-01-26	0.013300999999999999	0.106101	0.118095	0.101437	0.19961800000000002	336100.0
2016-01-25	-0.027058999999999996	0.090434	0.093676	0.069689	-0.417383	202300.0
2016-01-22	0.030927999999999997	0.12415899999999999	0.141536	0.12081700000000001	0.46275200000000005	303300.0
2016-01-21	0.023587999999999998	0.106208	0.133573	0.089789	0.344794	537000.0
2016-01-20	0.001243	0.080185	0.115803	0.074705	0.018147999999999997	549600.0
2016-01-19	0.006884	0.111069	0.115897	0.100034	0.09980900000000001	914300.0
2016-01-15	-0.04994	0.062134	0.069342	0.045098	-0.762178	458900.0
2016-01-14	0.005379999999999999	0.106715	0.12581900000000001	0.084976	0.081662	674100.0
2016-01-13	-0.00298	0.110642	0.111955	0.089624	-0.045368	420800.0
2016-01-12	0.003589	0.11199100000000001	0.119242	0.090898	0.054442	269400.0
2016-01-11	-0.0011949999999999999	0.111979	0.11263699999999999	0.092886	-0.018147999999999997	282100.0
2016-01-08	-0.017029	0.11245799999999999	0.11245799999999999	0.082689	-0.26313400000000003	334100.0
2016-01-07	-0.019574	0.083069	0.09449	0.072917	-0.308501	354200.0
2016-01-06	-0.014188	0.08459	0.100227	0.080211	-0.22683899999999999	222300.0
2016-01-05	0.016148	0.10591700000000001	0.121171	0.105281	0.25406	691300.0
2016-01-04	-0.017006999999999998	0.077737	0.105852	0.077737	-0.272204	273700.0
2015-12-31	-0.005637	0.09589099999999999	0.103967	0.086572	-0.090739	147000.0
2015-12-30	-0.023665000000000002	0.099071	0.10089	0.074809	-0.39016300000000004	148800.0
2015-12-29	0.007765	0.111884	0.12166400000000001	0.10638199999999999	0.127031	194600.0
2015-12-28	-0.011512999999999999	0.099687	0.10029099999999999	0.083977	-0.19054400000000002	197900.0
2015-12-24	0.0033	0.09907200000000001	0.109984	0.09907200000000001	0.054439999999999995	78200.0
2015-12-23	0.023649	0.11203199999999999	0.129408	0.11141199999999998	0.38109	238500.0
2015-12-22	0.021863999999999998	0.105274	0.13254200000000002	0.09893300000000001	0.34479699999999996	290300.0
2015-12-21	-0.005152	0.11156700000000001	0.112828	0.09327200000000001	-0.081662	321000.0
2015-12-18	-0.01909	0.097772	0.110767	0.080445	-0.308502	587300.0
2015-12-17	-0.008904	0.10332999999999999	0.106397	0.08431799999999999	-0.145177	319600.0
2015-12-16	0.023932	0.111523	0.134759	0.10022	0.38109	455200.0
2015-12-15	0.006885	0.114749	0.125499	0.10969100000000001	0.10888099999999999	387300.0
2015-12-14	-0.007968000000000001	0.101476	0.110258	0.07826699999999999	-0.12703	271100.0
2015-12-11	-0.018984	0.09595	0.096565	0.079335	-0.308502	1047900.0
2015-12-10	0.003361	0.101486	0.11568699999999998	0.09037200000000001	0.054442	449300.0
2015-12-09	0.021752	0.11093599999999999	0.132385	0.10778099999999999	0.344798	860800.0
2015-12-08	-0.030522000000000004	0.09109500000000001	0.09109500000000001	0.064184	-0.49904799999999994	490500.0
2015-12-07	-0.030662000000000002	0.09676799999999999	0.10803199999999999	0.06475399999999999	-0.517192	484900.0
2015-12-04	0.005408	0.102104	0.11283299999999999	0.09375900000000001	0.090736	578500.0
2015-12-03	-0.00162	0.10686400000000001	0.118171	0.094962	-0.027222000000000003	512400.0
2015-12-02	0.0010810000000000001	0.09852899999999999	0.116401	0.081849	0.018147	704900.0
2015-12-01	0.02323	0.102103	0.12770499999999999	0.097227	0.38109	934200.0
2015-11-30	0.0011070000000000001	0.099052	0.107596	0.085017	0.018147999999999997	1328700.0
2015-11-27	-0.020076	0.102103	0.106887	0.07639	-0.33572399999999997	376700.0
2015-11-25	-0.002166	0.09554	0.101507	0.090766	-0.036293	661300.0
2015-11-24	-0.001622	0.101508	0.112231	0.09614600000000001	-0.027221	660200.0
2015-11-23	-0.00054	0.096745	0.106271	0.096745	-0.009073000000000001	287100.0
2015-11-20	-0.002694	0.10922899999999999	0.109823	0.08666499999999999	-0.045367000000000005	220600.0
2015-11-19	0.003243	0.101508	0.112231	0.09972	0.054439999999999995	362500.0
2015-11-18	0.034097	0.10887999999999999	0.140914	0.086702	0.553489	544500.0
2015-11-17	-0.003897	0.10885399999999999	0.121127	0.093513	-0.063514	354800.0
2015-11-16	-0.001112	0.10026499999999999	0.108233	0.08923099999999999	-0.018149000000000002	186700.0
2015-11-13	0.001114	0.102104	0.10824	0.089831	0.018149000000000002	433700.0
2015-11-12	-0.025502	0.09074199999999999	0.09851499999999999	0.07220399999999999	-0.426461	295600.0
2015-11-11	-0.001625	0.10687999999999999	0.11046199999999999	0.09613300000000001	-0.027217	116100.0
2015-11-10	0.0	0.09613300000000001	0.11046199999999999	0.087775	0.0	185700.0
2015-11-09	-0.011778	0.09679299999999999	0.108003	0.082044	-0.199622	181500.0
2015-11-06	-0.0037329999999999998	0.092699	0.107981	0.08858400000000001	-0.063512	150800.0
2015-11-05	-0.006886	0.100352	0.10619	0.091596	-0.11795699999999999	169000.0
2015-11-04	-0.020239	0.096956	0.107823	0.07636699999999999	-0.35386999999999996	350000.0
2015-11-03	0.006266	0.099226	0.11649100000000001	0.091744	0.108885	266500.0
2015-11-02	0.008425	0.103845	0.115452	0.092818	0.145176	203900.0
2015-10-30	-0.013507	0.102104	0.113554	0.08092	-0.235913	330400.0
2015-10-29	-0.011807	0.09361699999999999	0.100972	0.086262	-0.20869200000000002	185900.0
2015-10-28	0.008804000000000001	0.102674	0.120367	0.093542	0.154251	169000.0
2015-10-27	-0.011771	0.095335	0.095335	0.082363	-0.20869400000000002	265000.0
2015-10-26	-0.011634	0.099874	0.103776	0.087609	-0.208691	298000.0
2015-10-23	0.0030440000000000003	0.10993199999999999	0.11440499999999999	0.100985	0.054443	203400.0
2015-10-22	0.035733	0.113686	0.14438099999999998	0.107895	0.617001	214900.0
2015-10-21	-0.007821	0.101529	0.102103	0.09291	-0.136105	265100.0
2015-10-20	-0.0026	0.100957	0.10840799999999999	0.09236	-0.045366000000000004	323300.0
2015-10-19	-0.015361000000000001	0.09251000000000001	0.093639	0.077838	-0.27220700000000003	165700.0
2015-10-16	0.001025	0.103798	0.107188	0.09137100000000001	0.018147999999999997	317600.0
2015-10-15	0.004634	0.106076	0.113454	0.084511	0.081661	263700.0
2015-10-14	-0.012208	0.100982	0.11051199999999999	0.087528	-0.21776500000000001	356700.0
2015-10-13	-0.01994	0.091116	0.091665	0.075183	-0.362942	317100.0
2015-10-12	0.002499	0.100451	0.108162	0.090537	0.045368	99100.0
2015-10-09	-0.010875	0.107551	0.109731	0.08412599999999999	-0.19961900000000002	276600.0
2015-10-08	0.007972	0.096063	0.11089	0.081786	0.145178	428800.0
2015-10-07	0.020853999999999998	0.10658800000000002	0.13742000000000001	0.100422	0.372015	691200.0
2015-10-06	0.021830000000000002	0.102676	0.133609	0.098094	0.38109	512100.0
2015-10-05	0.031083	0.11273499999999999	0.138132	0.103875	0.526266	525200.0
2015-10-02	0.030369999999999998	0.085672	0.135574	0.073501	0.499044	344700.0
2015-10-01	-0.006037	0.105733	0.114201	0.08516699999999999	-0.099807	292200.0
2015-09-30	0.01166	0.116178	0.12046199999999999	0.105775	0.19054400000000002	638500.0
2015-09-29	0.007271	0.102104	0.115048	0.095323	0.117958	323200.0
2015-09-28	-0.026144	0.097301	0.097301	0.069689	-0.43553400000000003	358400.0
2015-09-25	-0.001088	0.112897	0.112897	0.097307	-0.018144	187300.0
2015-09-24	0.012672	0.089352	0.11728399999999999	0.075386	0.20869200000000002	260400.0
2015-09-23	-0.019979	0.096748	0.10745899999999999	0.077705	-0.33572399999999997	230700.0
2015-09-22	-0.022175	0.080573	0.083483	0.066608	-0.38109	207800.0
2015-09-21	0.00852	0.11090599999999999	0.122643	0.105038	0.145178	398100.0
2015-09-18	-0.028452999999999996	0.08670900000000001	0.08842	0.068465	-0.499044	192500.0
2015-09-17	-0.013271999999999999	0.103229	0.10660399999999999	0.080725	-0.235913	410300.0
2015-09-16	0.022977	0.10901	0.128002	0.104406	0.399237	263800.0
2015-09-15	0.007364	0.105002	0.11427799999999999	0.100944	0.127027	192100.0
2015-09-14	0.005288	0.101521	0.10851400000000001	0.089282	0.090737	168400.0
2015-09-11	-0.002637	0.098616	0.10268499999999998	0.094547	-0.045367000000000005	131500.0
2015-09-10	0.017166999999999998	0.096191	0.12338900000000001	0.087322	0.290354	267400.0
2015-09-09	-0.007983	0.11442100000000001	0.11794	0.090959	-0.136106	521100.0
2015-09-08	0.018981	0.130194	0.139159	0.121827	0.317575	425600.0
2015-09-04	-0.01967	0.088042	0.098588	0.074566	-0.33571999999999996	800200.0
2015-09-03	-0.01	0.105584	0.107904	0.078321	-0.172397	552500.0
2015-09-02	0.0155	0.11624100000000001	0.12036400000000001	0.10446	0.26313400000000003	479000.0
2015-09-01	-0.027041000000000003	0.076313	0.086056	0.067716	-0.47182700000000005	447800.0
2015-08-31	-0.002076	0.09009299999999999	0.113542	0.071791	-0.036295	548500.0
2015-08-28	-0.010272	0.099273	0.101537	0.07663099999999999	-0.18146900000000002	274300.0
2015-08-27	0.049030000000000004	0.11873	0.15614	0.116355	0.825693	339900.0
2015-08-26	0.029394999999999998	0.127165	0.13511199999999998	0.10760499999999999	0.48089799999999994	244100.0
2015-08-25	-0.0022140000000000003	0.12223099999999999	0.142967	0.09600399999999999	-0.036293	530000.0
2015-08-24	-0.039341	0.024177	0.09038500000000001	0.024177	-0.6714439999999999	539200.0
2015-08-21	-0.021841	0.09408	0.099811	0.076886	-0.38109	579800.0
2015-08-20	-0.0005200000000000001	0.099812	0.107832	0.095802	-0.009073000000000001	360900.0
2015-08-19	-0.013333000000000001	0.10323399999999999	0.10323399999999999	0.082322	-0.235913	400900.0
2015-08-18	0.001541	0.095311	0.120217	0.085688	0.027222000000000003	278900.0
2015-08-17	-0.014177	0.099313	0.099313	0.08034	-0.25406100000000004	363200.0
2015-08-14	-0.0010119999999999999	0.099874	0.103776	0.093184	-0.018147999999999997	237800.0
2015-08-13	-0.012487	0.101003	0.101003	0.085588	-0.22683699999999998	406900.0
2015-08-12	-0.006944	0.09882300000000001	0.09882300000000001	0.08297	-0.12703	508200.0
2015-08-11	-0.022782	0.085008	0.085008	0.072187	-0.426458	465000.0
2015-08-10	0.02433	0.102103	0.132201	0.09882	0.44460500000000003	1067300.0
2015-08-07	-0.011290999999999999	0.097775	0.099939	0.07775599999999999	-0.208695	394100.0
2015-08-06	0.017991	0.098248	0.122482	0.093291	0.326651	462200.0
2015-08-05	0.00351	0.102103	0.10928900000000001	0.096576	0.063513	565800.0
2015-08-04	-0.003	0.102103	0.11257400000000001	0.085021	-0.054439999999999995	419400.0
2015-08-03	-0.009411	0.09664500000000001	0.097737	0.07754	-0.172397	432600.0
2015-07-31	0.0014880000000000002	0.097183	0.110304	0.097183	0.027221	466100.0
2015-07-30	-0.008362	0.09830900000000001	0.100477	0.085298	-0.154251	381000.0
2015-07-29	0.008933	0.10647899999999999	0.12124700000000001	0.105932	0.163325	395400.0
2015-07-28	0.013581000000000001	0.111528	0.124279	0.10930999999999999	0.24498499999999998	657700.0
2015-07-27	-0.014865999999999999	0.097734	0.10155700000000001	0.082989	-0.27220700000000003	847000.0
2015-07-24	-0.011753	0.099405	0.099405	0.07241900000000001	-0.217766	587200.0
2015-07-23	-0.016378	0.097856	0.10688099999999999	0.069189	-0.3085	453300.0
2015-07-22	0.000482	0.097854	0.108477	0.088825	0.009073000000000001	703700.0
2015-07-21	-0.003841	0.097342	0.099987	0.09099299999999999	-0.072588	343900.0
2015-07-20	0.0067670000000000004	0.100506	0.10956099999999999	0.09464600000000001	0.12703	435100.0
2015-07-17	-0.0091	0.099464	0.099464	0.08626900000000001	-0.172398	151400.0
2015-07-16	0.0	0.11424400000000001	0.11740999999999999	0.098937	0.0	345200.0
2015-07-15	-0.007605	0.10315099999999999	0.10315099999999999	0.08848400000000001	-0.145178	404800.0
2015-07-14	0.012512	0.099982	0.11748399999999999	0.094678	0.23591399999999998	215400.0
2015-07-13	0.014648	0.112328	0.1204	0.10318	0.272206	406100.0
2015-07-10	0.021956	0.112002	0.1351	0.103753	0.39923400000000003	893300.0
2015-07-09	0.009572	0.11542899999999999	0.119315	0.103769	0.1724	390200.0
2015-07-08	0.008126000000000001	0.090349	0.114417	0.087551	0.145176	544000.0
2015-07-07	-0.00455	0.094303	0.098203	0.068115	-0.081661	297600.0
2015-07-06	-0.012974000000000001	0.086155	0.090554	0.069656	-0.235915	290800.0
2015-07-02	0.000499	0.10155299999999999	0.11310799999999999	0.09385	0.009076	175000.0
2015-07-01	-0.010864	0.109723	0.111356	0.083599	-0.19961800000000002	351000.0
2015-06-30	0.011489	0.10815899999999999	0.121371	0.091644	0.208693	556800.0
2015-06-29	-0.012334	0.087423	0.09122899999999999	0.076549	-0.22683899999999999	278500.0
2015-06-26	0.002473	0.100468	0.11191500000000001	0.096653	0.045368	292000.0
2015-06-25	-0.005411	0.104814	0.106982	0.08584	-0.09981	309500.0
2015-06-24	-0.012627	0.10156799999999999	0.10156799999999999	0.084975	-0.23591199999999998	220900.0
2015-06-23	0.012789	0.10535599999999999	0.125414	0.09776699999999999	0.23591199999999998	492400.0
2015-06-22	0.00296	0.11678399999999999	0.12548299999999998	0.104822	0.054442	377400.0
2015-06-19	-0.015541999999999999	0.097821	0.097821	0.083905	-0.290354	327100.0
2015-06-18	0.01679	0.104825	0.127683	0.102648	0.3085	369700.0
2015-06-17	-0.013158000000000001	0.101029	0.101029	0.07900900000000001	-0.24498499999999998	353800.0
2015-06-16	0.020895	0.10649000000000002	0.125681	0.09826499999999999	0.38108800000000004	348800.0
2015-06-15	-0.028516000000000003	0.097309	0.10636500000000002	0.068012	-0.535339	345700.0
2015-06-12	-0.0091	0.09629700000000001	0.101576	0.089436	-0.172398	205200.0
2015-06-11	0.014577000000000001	0.10156799999999999	0.119776	0.10156799999999999	0.27220700000000003	288600.0
2015-06-10	0.008329000000000001	0.109123	0.129103	0.107503	0.154251	228300.0
2015-06-09	-0.002931	0.10318	0.111795	0.09618099999999999	-0.054440999999999996	165800.0
2015-06-08	0.003431	0.10426500000000001	0.111828	0.100483	0.063515	153000.0
2015-06-05	-0.015919	0.09412899999999999	0.095192	0.082433	-0.299429	300000.0
2015-06-04	-0.005278	0.096286	0.107392	0.088883	-0.09980800000000001	329200.0
2015-06-03	-0.018831999999999998	0.101066	0.10365999999999999	0.079273	-0.362944	267100.0
2015-06-02	0.013359000000000001	0.099474	0.11998099999999999	0.092113	0.25406100000000004	361600.0
2015-06-01	-0.019186	0.107776	0.107776	0.076833	-0.372017	197400.0
2015-05-29	-0.012933000000000002	0.102104	0.102104	0.079705	-0.25405900000000003	353600.0
2015-05-28	0.016432	0.096929	0.12124800000000001	0.085029	0.31757399999999997	595200.0
2015-05-27	0.004717	0.101064	0.107822	0.083389	0.090736	344500.0
2015-05-26	-0.037676	0.099102	0.099102	0.059079999999999994	-0.753105	306900.0
2015-05-22	-0.005418	0.10359600000000001	0.10359600000000001	0.091157	-0.108883	365900.0
2015-05-21	0.004535	0.102103	0.11559900000000001	0.100104	0.090736	233900.0
2015-05-20	0.005472	0.099591	0.11316	0.095068	0.10888099999999999	214600.0
2015-05-19	-0.007692	0.102104	0.102104	0.085148	-0.154249	246900.0
2015-05-18	-0.016028	0.10701	0.10701	0.07855	-0.32664699999999997	285500.0
2015-05-15	0.012168	0.09813	0.1175	0.090184	0.244984	212900.0
2015-05-14	-0.00135	0.11103199999999999	0.11351199999999999	0.09863200000000001	-0.027218	253400.0
2015-05-13	0.0036130000000000003	0.107579	0.116042	0.097623	0.072586	303900.0
2015-05-12	0.009576000000000001	0.094565	0.115672	0.08954	0.19054400000000002	623000.0
2015-05-11	0.0009130000000000001	0.100092	0.111661	0.090534	0.018149000000000002	342400.0
2015-05-08	0.016705	0.11130899999999999	0.12051400000000001	0.108752	0.32664699999999997	226500.0
2015-05-07	0.002326	0.09902799999999999	0.10928	0.086725	0.045368	273200.0
2015-05-06	0.0009310000000000001	0.10774700000000001	0.111852	0.100564	0.018146000000000002	291600.0
2015-05-05	0.010348	0.097956	0.125431	0.09588300000000001	0.19962	523000.0
2015-05-04	-0.026557	0.089488	0.089488	0.067284	-0.526266	535100.0
2015-05-01	0.001375	0.108673	0.11271500000000001	0.09149199999999999	0.027219	123900.0
2015-04-30	0.000918	0.094011	0.10615	0.070745	0.018149000000000002	539300.0
2015-04-29	-0.014473	0.098614	0.098614	0.08116799999999999	-0.290356	311400.0
2015-04-28	0.014219999999999998	0.104126	0.121314	0.10008099999999999	0.281281	506500.0
2015-04-27	0.006464	0.10820899999999999	0.11380599999999999	0.101595	0.127031	200200.0
2015-04-24	0.014519999999999998	0.089198	0.12068699999999999	0.089198	0.28128000000000003	263100.0
2015-04-23	0.0061259999999999995	0.102104	0.11300999999999999	0.073019	0.11795699999999999	396100.0
2015-04-22	-0.000942	0.101066	0.11040599999999999	0.09224500000000001	-0.018149000000000002	211100.0
2015-04-21	0.018216999999999997	0.146484	0.149125	0.113199	0.34479699999999996	560200.0
2015-04-20	-0.006775	0.164429	0.170201	0.152884	-0.12911	471300.0
2015-04-17	-0.015562999999999999	0.15095699999999998	0.15354	0.138042	-0.30125599999999997	636800.0
2015-04-16	0.014434	0.162853	0.181195	0.15551700000000002	0.275434	444100.0
2015-04-15	0.004076	0.169172	0.17075	0.153386	0.07746499999999999	395400.0
2015-04-14	-0.0009050000000000001	0.161805	0.166537	0.153394	-0.017213	317500.0
2015-04-13	-0.0045049999999999995	0.163375	0.164945	0.150815	-0.086075	417900.0
2015-04-10	0.010929000000000001	0.158102	0.178206	0.15334	0.206577	387300.0
2015-04-09	0.001368	0.160746	0.166043	0.153329	0.02582	306000.0
2015-04-08	-0.013494999999999998	0.167554	0.167554	0.144036	-0.25821700000000003	567400.0
2015-04-07	0.006338	0.160227	0.173902	0.160227	0.120502	642100.0
2015-04-06	0.006837	0.166571	0.186693	0.165512	0.129109	790100.0
2015-04-02	-0.029633	0.164374	0.17876199999999998	0.12480799999999999	-0.576691	928500.0
2015-04-01	0.042897000000000005	0.171987	0.212179	0.163949	0.80048	1041600.0
2015-03-31	0.004169	0.154809	0.171491	0.149428	0.07746499999999999	405700.0
2015-03-30	0.016478	0.172745	0.18642	0.17001	0.301254	420400.0
2015-03-27	-0.005618	0.159629	0.164525	0.148751	-0.10328599999999999	422500.0
2015-03-26	-0.016122	0.161805	0.161805	0.137188	-0.301255	536800.0
2015-03-25	0.034302	0.162912	0.202211	0.162912	0.619727	684400.0
2015-03-24	-0.001902	0.1607	0.16954	0.157386	-0.03443	323800.0
2015-03-23	-0.01591	0.16398	0.172678	0.142233	-0.292648	746600.0
2015-03-20	0.02988	0.17244400000000001	0.19652	0.170204	0.5336529999999999	659200.0
2015-03-19	-0.025822	0.152533	0.152533	0.12253299999999999	-0.4734	542600.0
2015-03-18	0.038012	0.161805	0.205967	0.15104800000000002	0.671367	742900.0
2015-03-17	0.01034	0.155513	0.17439000000000002	0.152653	0.180754	299300.0
2015-03-16	0.017026	0.165296	0.182167	0.161805	0.292649	326300.0
2015-03-13	-0.032461000000000004	0.157865	0.157865	0.12071400000000002	-0.576691	480800.0
2015-03-12	0.0009699999999999999	0.177018	0.183779	0.160678	0.017216	379900.0
2015-03-11	0.024850999999999998	0.168734	0.195874	0.158918	0.43036199999999997	1275100.0
2015-03-10	-0.042816	0.135275	0.150198	0.10653399999999999	-0.774656	1437800.0
2015-03-09	0.002384	0.161251	0.166791	0.153495	0.043037	1025600.0
2015-03-06	0.0	0.162359	0.177872	0.15294100000000002	0.0	1095500.0
2015-03-05	0.010602	0.15676600000000002	0.179722	0.152847	0.189362	404000.0
2015-03-04	0.007770999999999999	0.14657	0.172526	0.14657	0.137714	644100.0
2015-03-03	0.005862	0.149319	0.173724	0.124346	0.103289	346100.0
2015-03-02	-0.025238	0.161252	0.167891	0.129164	-0.45618800000000004	394800.0
2015-02-27	0.009616	0.165715	0.18191300000000002	0.134994	0.172148	557300.0
2015-02-26	0.000481	0.153423	0.17186400000000002	0.14057	0.008606	367500.0
2015-02-25	0.013158000000000001	0.15954000000000002	0.17765799999999998	0.158408	0.232398	411100.0
2015-02-24	0.008354	0.160092	0.173794	0.15324200000000002	0.146323	372500.0
2015-02-23	0.0049380000000000005	0.15033	0.171559	0.143446	0.086073	455700.0
2015-02-20	0.009975	0.158328	0.17571199999999998	0.154272	0.172147	269000.0
2015-02-19	-0.0024879999999999998	0.149089	0.162383	0.143887	-0.043039	179100.0
2015-02-18	-0.00495	0.16353099999999998	0.16353099999999998	0.147426	-0.08607100000000001	174100.0
2015-02-17	0.001984	0.149703	0.16583900000000001	0.146822	0.03443	401800.0
2015-02-13	0.008	0.162386	0.178071	0.160643	0.137716	757500.0
2015-02-12	0.024066	0.17310799999999998	0.197498	0.165374	0.404543	691700.0
2015-02-11	-0.012639	0.15651900000000002	0.158868	0.143009	-0.21518299999999999	664900.0
2015-02-10	-0.018849	0.158924	0.16410999999999998	0.137025	-0.32707600000000003	274200.0
2015-02-09	0.009514	0.153079	0.180422	0.153079	0.16354000000000002	737100.0
2015-02-06	-0.040826	0.193613	0.194171	0.111025	-0.731621	969300.0
2015-02-05	0.055246	0.175938	0.226579	0.175938	0.9381959999999999	648400.0
2015-02-04	0.001523	0.163574	0.182446	0.155908	0.025818	254800.0
2015-02-03	0.026042000000000003	0.17693299999999998	0.192666	0.15151900000000001	0.43036800000000003	463900.0
2015-02-02	0.008403	0.163025	0.174619	0.14838099999999999	0.137715	453300.0
2015-01-30	-0.022085	0.13555	0.145097	0.129583	-0.370112	490800.0
2015-01-29	-0.0221	0.158888	0.16880799999999999	0.132629	-0.378723	279000.0
2015-01-28	-0.014844	0.162955	0.167554	0.14110999999999999	-0.25821700000000003	338500.0
2015-01-27	-0.003452	0.149202	0.162951	0.1429	-0.060251	289600.0
2015-01-26	0.006951000000000001	0.156613	0.170458	0.156613	0.120502	266000.0
2015-01-23	-0.004941	0.158935	0.166397	0.145733	-0.086074	320700.0
2015-01-22	0.033708	0.170706	0.209867	0.166552	0.56808	452600.0
2015-01-21	0.026206	0.167285	0.19651300000000002	0.161196	0.430367	530900.0
2015-01-20	0.003154	0.16363699999999998	0.169746	0.155697	0.051641	501700.0
2015-01-16	-0.00105	0.155093	0.166077	0.153873	-0.017213	293000.0
2015-01-15	-0.00988	0.166034	0.17388800000000001	0.148514	-0.16353800000000002	455800.0
2015-01-14	-0.015865	0.147535	0.154076	0.120779	-0.266827	475800.0
2015-01-13	-0.0045850000000000005	0.17009100000000002	0.17719300000000002	0.14405	-0.07746499999999999	234900.0
2015-01-12	-0.020947999999999998	0.154852	0.161226	0.133991	-0.361506	305400.0
2015-01-09	-0.002984	0.161227	0.165849	0.157183	-0.051647000000000005	674000.0
2015-01-08	0.013097999999999999	0.174096	0.182291	0.153026	0.223793	516600.0
2015-01-07	0.02531	0.16300499999999998	0.19481099999999998	0.16300499999999998	0.421755	453300.0
2015-01-06	-0.001547	0.154615	0.164801	0.140834	-0.02582	418900.0
2015-01-05	-0.004109000000000001	0.15046800000000002	0.161805	0.140324	-0.068857	394700.0
2015-01-02	-0.012678	0.160038	0.171232	0.145309	-0.21518299999999999	543200.0
2014-12-31	-0.008048	0.162974	0.166481	0.150117	-0.137716	250200.0
2014-12-30	-0.007489	0.158905	0.168765	0.152525	-0.129113	252500.0
2014-12-29	0.005522	0.161805	0.17172	0.160639	0.094683	314800.0
2014-12-26	-0.005988	0.163544	0.16934200000000002	0.154848	-0.103289	93200.0
2014-12-24	-0.005952000000000001	0.16410999999999998	0.166416	0.15373699999999998	-0.10328599999999999	167400.0
2014-12-23	0.0039840000000000006	0.16354100000000002	0.172798	0.151391	0.068859	203800.0
2014-12-22	0.014653999999999999	0.16297899999999998	0.17941700000000002	0.156522	0.24960900000000003	369600.0
2014-12-19	-0.0065260000000000006	0.155973	0.167054	0.146058	-0.111893	472100.0
2014-12-18	0.016845	0.181376	0.188493	0.16655	0.28404	380900.0
2014-12-17	0.018191	0.162409	0.204678	0.162409	0.301255	830000.0
2014-12-16	0.002606	0.14787999999999998	0.179362	0.147275	0.043037	567000.0
2014-12-15	-0.021915999999999998	0.160621	0.17128	0.12746	-0.370115	1278400.0
2014-12-12	-0.011587	0.155952	0.165902	0.140149	-0.197966	641200.0
2014-12-11	-0.015377000000000002	0.15834700000000002	0.173907	0.140482	-0.266826	859600.0
2014-12-10	-0.033094	0.159576	0.161805	0.11778499999999999	-0.593905	523900.0
2014-12-09	-0.002869	0.15736	0.16458299999999998	0.142914	-0.051642999999999994	771200.0
2014-12-08	-0.012748	0.154674	0.162354	0.13328099999999998	-0.232397	356100.0
2014-12-05	-0.0009429999999999999	0.16509300000000002	0.171122	0.156873	-0.017214	247100.0
2014-12-04	-0.007026	0.15854000000000001	0.164526	0.14711300000000002	-0.12911	340200.0
2014-12-03	0.009934	0.165652	0.178293	0.165652	0.180753	349900.0
2014-12-02	0.004753	0.163462	0.175058	0.155731	0.08607100000000001	470200.0
2014-12-01	-0.037511	0.158085	0.161274	0.11503499999999998	-0.705797	709200.0
2014-11-28	-0.016644	0.15501099999999998	0.15501099999999998	0.134106	-0.318468	402200.0
2014-11-26	-0.008032	0.161805	0.164916	0.14365999999999998	-0.154932	392900.0
2014-11-25	-0.021825	0.168905	0.168905	0.134928	-0.43036499999999994	532100.0
2014-11-24	0.0013109999999999999	0.163329	0.169422	0.15622	0.025824	320200.0
2014-11-21	0.011941	0.181845	0.18698399999999998	0.173624	0.232393	629300.0
2014-11-20	0.006231	0.16128800000000001	0.175766	0.16128800000000001	0.120505	244500.0
2014-11-19	0.009434	0.162849	0.180594	0.161805	0.180751	297800.0
2014-11-18	-0.00625	0.16284300000000002	0.173734	0.154025	-0.1205	226100.0
2014-11-17	-0.007092	0.161805	0.163865	0.152535	-0.137718	349500.0
2014-11-14	-0.002211	0.158722	0.16385999999999998	0.1505	-0.043038	449700.0
2014-11-13	0.013447	0.165451	0.181073	0.16493	0.258223	862200.0
2014-11-12	0.003599	0.159715	0.171213	0.15292	0.068857	299100.0
2014-11-11	-0.0022440000000000003	0.157112	0.165455	0.14564000000000002	-0.043037	480800.0
2014-11-10	-0.003578	0.167001	0.16856	0.150894	-0.06886	700000.0
2014-11-07	0.023809999999999998	0.169785	0.202766	0.169785	0.44758100000000006	742700.0
2014-11-06	0.030675	0.164547	0.200185	0.160709	0.559473	731400.0
2014-11-05	-0.004229	0.16398900000000002	0.16398900000000002	0.151978	-0.07746499999999999	714800.0
2014-11-04	-0.003279	0.161261	0.176498	0.155275	-0.060251	473400.0
2014-11-03	0.007551	0.156871	0.17222200000000001	0.15138800000000002	0.137716	730400.0
2014-10-31	0.001891	0.166749	0.170594	0.148622	0.034431	539600.0
2014-10-30	-0.00047300000000000006	0.162903	0.172237	0.160707	-0.008608	363900.0
2014-10-29	-0.002827	0.161805	0.17056500000000002	0.150855	-0.051642999999999994	383100.0
2014-10-28	0.005686999999999999	0.16786199999999998	0.18162799999999998	0.16566	0.103289	502800.0
2014-10-27	-0.010783	0.145465	0.154724	0.143831	-0.197972	357100.0
2014-10-24	0.00235	0.167265	0.175454	0.159621	0.043038	427900.0
2014-10-23	-0.002344	0.164528	0.17052	0.149822	-0.043038	482300.0
2014-10-22	-0.017503	0.1602	0.167692	0.14147	-0.32707600000000003	284700.0
2014-10-21	0.0023079999999999997	0.155905	0.17146	0.15375999999999998	0.043038	709800.0
2014-10-20	0.025568	0.155754	0.193711	0.155204	0.46479	633100.0
2014-10-17	-0.012623	0.17158199999999998	0.182988	0.14714000000000002	-0.232393	593300.0
2014-10-16	-0.013831	0.13663	0.161805	0.13234500000000002	-0.258221	455000.0
2014-10-15	-0.014538999999999998	0.155471	0.176585	0.136468	-0.275434	1139500.0
2014-10-14	0.0013650000000000001	0.164448	0.180305	0.158105	0.025823000000000002	465100.0
2014-10-13	0.007795000000000001	0.167132	0.184711	0.167132	0.146324	427200.0
2014-10-10	-0.013568	0.16022899999999998	0.16022899999999998	0.144465	-0.258216	365400.0
2014-10-09	-0.015583000000000001	0.155081	0.160253	0.13801	-0.30125799999999997	879500.0
2014-10-08	0.015371000000000001	0.169158	0.183865	0.169158	0.292646	342000.0
2014-10-07	-0.011176	0.161805	0.161805	0.148302	-0.21518099999999998	537800.0
2014-10-06	0.014053	0.17497200000000002	0.190245	0.171812	0.266828	532500.0
2014-10-03	0.013321000000000001	0.163406	0.178349	0.16020399999999999	0.249613	212900.0
2014-10-02	-0.007749	0.162864	0.17027799999999998	0.145919	-0.146326	372800.0
2014-10-01	-0.006790000000000001	0.162331	0.16811600000000002	0.151812	-0.129109	327400.0
2014-09-30	0.004091	0.152828	0.178176	0.152828	0.077464	527000.0
2014-09-29	-0.017856999999999998	0.149357	0.150395	0.137428	-0.34429	379600.0
2014-09-26	0.008555	0.16599	0.180114	0.164421	0.16354000000000002	733400.0
2014-09-25	-0.0031420000000000003	0.15294000000000002	0.16597699999999999	0.151898	-0.060252999999999994	776100.0
2014-09-24	0.01968	0.167654	0.19105	0.15648800000000002	0.370113	667000.0
2014-09-23	-0.013097999999999999	0.16233	0.163904	0.144488	-0.249611	880100.0
2014-09-22	-0.014247999999999999	0.151977	0.15404600000000002	0.144218	-0.275434	362300.0
2014-09-19	-0.019642	0.163327	0.165355	0.138985	-0.387328	566300.0
2014-09-18	0.013268	0.16026400000000002	0.17722000000000002	0.15718	0.25821700000000003	211500.0
2014-09-17	-0.016956	0.161805	0.161805	0.14059000000000002	-0.33568200000000004	277600.0
2014-09-16	0.0026149999999999997	0.166363	0.174973	0.16281800000000002	0.05164199999999999	370900.0
2014-09-15	-0.015872999999999998	0.16080899999999998	0.161307	0.140872	-0.31846599999999997	387200.0
2014-09-12	-0.012707	0.154424	0.160821	0.14409	-0.258223	550300.0
2014-09-11	-0.012134	0.164236	0.164236	0.141875	-0.24960900000000003	556400.0
2014-09-10	0.008864	0.160334	0.18044100000000002	0.15542999999999998	0.18075	413800.0
2014-09-09	-0.008786	0.153541	0.154514	0.14625	-0.18075	211400.0
2014-09-08	-0.005824	0.167121	0.167121	0.15165599999999999	-0.120504	355700.0
2014-09-05	0.010934000000000001	0.163759	0.181836	0.16034	0.223791	412400.0
2014-09-04	-0.006268	0.157921	0.174428	0.153066	-0.129111	670100.0
2014-09-03	0.006731	0.173047	0.175002	0.158384	0.137719	887100.0
2014-09-02	-0.0037719999999999997	0.16229200000000002	0.16813499999999998	0.150119	-0.077467	850300.0
2014-08-29	0.018353	0.162301	0.185111	0.153871	0.370115	633400.0
2014-08-28	-0.002554	0.159332	0.16328900000000002	0.144	-0.051645	600200.0
2014-08-27	-0.004661	0.16919	0.177559	0.154421	-0.094679	1220600.0
2014-08-26	-0.013378	0.16666199999999998	0.172976	0.144806	-0.275435	621200.0
2014-08-25	-0.01157	0.16228499999999998	0.173327	0.147883	-0.24100300000000002	424600.0
2014-08-22	-0.014658000000000001	0.157075	0.162751	0.14335599999999998	-0.30986199999999997	321800.0
2014-08-21	0.0040880000000000005	0.16038	0.172255	0.155631	0.086073	600500.0
2014-08-20	-0.002447	0.159436	0.167965	0.147591	-0.051645	701800.0
2014-08-19	-0.021547999999999998	0.162269	0.163196	0.130743	-0.464794	708000.0
2014-08-18	0.002801	0.16227	0.172033	0.157156	0.060251	480700.0
2014-08-15	-0.010689	0.166865	0.17468399999999998	0.14846700000000002	-0.232397	352700.0
2014-08-14	-0.008634000000000001	0.167277	0.177308	0.151318	-0.18936	325600.0
2014-08-13	-0.00313	0.16226	0.16726	0.149078	-0.068859	370900.0
2014-08-12	-0.012365000000000001	0.155969	0.16853900000000002	0.14744000000000002	-0.275433	481200.0
2014-08-11	0.012916	0.168626	0.17772000000000002	0.153166	0.284043	269700.0
2014-08-08	0.001568	0.16135	0.16635899999999998	0.15542899999999998	0.034425	533500.0
2014-08-07	-0.004682	0.161352	0.165432	0.155912	-0.10328599999999999	309300.0
2014-08-06	0.0031309999999999997	0.161805	0.165898	0.158168	0.068861	634400.0
2014-08-05	-0.005062	0.1609	0.165877	0.1514	-0.111897	442600.0
2014-08-04	0.007059	0.161805	0.171829	0.160438	0.15492999999999998	265200.0
2014-08-01	0.0027530000000000002	0.161805	0.177339	0.143074	0.060252	518500.0
2014-07-31	-0.012043	0.151875	0.154132	0.142397	-0.266825	882300.0
2014-07-30	-0.006561	0.16584100000000002	0.169428	0.151044	-0.146324	527400.0
2014-07-29	-0.001157	0.165388	0.16718	0.154191	-0.025824	465900.0
2014-07-28	-0.01556	0.16401	0.168419	0.141964	-0.352898	499600.0
2014-07-25	-0.000379	0.162687	0.169739	0.157839	-0.008607	196900.0
2014-07-24	-0.003779	0.148194	0.165757	0.148194	-0.08607100000000001	373600.0
2014-07-23	-0.000755	0.157856	0.164876	0.15566300000000002	-0.017218	419600.0
2014-07-22	0.006461	0.168429	0.18035199999999998	0.166663	0.146324	197500.0
2014-07-21	0.0041990000000000005	0.159588	0.1689	0.157814	0.094681	373500.0
2014-07-18	0.0	0.161805	0.17023	0.160031	0.0	307800.0
2014-07-17	-0.018727	0.156149	0.156149	0.13700299999999999	-0.430363	424700.0
2014-07-16	-0.000375	0.161805	0.190078	0.156585	-0.00861	291200.0
2014-07-15	-0.003358	0.160071	0.163106	0.149233	-0.077463	301200.0
2014-07-14	-0.0037170000000000003	0.170011	0.170011	0.15575899999999998	-0.086073	132700.0
2014-07-11	0.005607	0.163543	0.169623	0.150513	0.129109	282200.0
2014-07-10	-0.005946	0.15101199999999998	0.158351	0.143672	-0.137718	201700.0
2014-07-09	0.00373	0.163972	0.173506	0.158338	0.086074	337800.0
2014-07-08	-0.0022329999999999997	0.157049	0.163967	0.15359	-0.051645	581700.0
2014-07-07	0.022062000000000002	0.156502	0.190088	0.151199	0.499224	790800.0
2014-07-03	0.011154	0.161358	0.17521099999999998	0.15689	0.249611	447900.0
2014-07-02	-0.004975	0.159582	0.166252	0.153802	-0.111893	513600.0
2014-07-01	-0.012098000000000001	0.17059000000000002	0.17059000000000002	0.146871	-0.275436	326000.0
2014-06-30	-0.008249	0.160934	0.160934	0.147865	-0.18936	1068300.0
2014-06-27	-0.000375	0.162676	0.167902	0.160499	-0.008606	835400.0
2014-06-26	-0.006332	0.163103	0.163103	0.14795899999999998	-0.146326	278500.0
2014-06-25	0.005241	0.15963	0.174854	0.154411	0.120502	222200.0
2014-06-24	0.008305	0.162682	0.17189300000000002	0.15654200000000001	0.189362	472200.0
2014-06-23	0.006459	0.160922	0.171075	0.155184	0.146324	382000.0
2014-06-20	-0.017177	0.15790099999999999	0.158335	0.138812	-0.395937	306000.0
2014-06-19	0.012859	0.164442	0.17718499999999998	0.159169	0.292648	362200.0
2014-06-18	0.016923	0.161358	0.183254	0.15733699999999998	0.378722	318500.0
2014-06-17	-0.009901	0.155611	0.161805	0.148975	-0.223791	641100.0
2014-06-16	-0.001141	0.164899	0.164899	0.153409	-0.02582	342300.0
2014-06-13	0.0007610000000000001	0.161805	0.16755499999999998	0.157825	0.017214	424800.0
2014-06-12	0.008058	0.165372	0.174734	0.160468	0.180753	347000.0
2014-06-11	-0.006481000000000001	0.157376	0.160477	0.14763199999999999	-0.146322	660900.0
2014-06-10	0.004596	0.160915	0.170259	0.151571	0.10328499999999999	390400.0
2014-06-09	0.015558	0.166776	0.182592	0.161353	0.344292	458100.0
2014-06-06	0.004297	0.172697	0.172697	0.161351	0.09468	216100.0
2014-06-05	0.014665000000000001	0.171015	0.182067	0.159503	0.31847	339500.0
2014-06-04	-0.001978	0.16226500000000002	0.165482	0.151695	-0.043035000000000004	167100.0
2014-06-03	0.003573	0.16272799999999998	0.173336	0.158116	0.07746499999999999	174300.0
2014-06-02	0.0035859999999999998	0.160879	0.175228	0.157176	0.07746499999999999	237800.0
2014-05-30	-0.0153	0.158159	0.158159	0.13856	-0.33568400000000004	308800.0
2014-05-29	0.0196	0.167847	0.185041	0.16227	0.421759	198300.0
2014-05-28	0.005631000000000001	0.166479	0.174423	0.163207	0.1205	145700.0
2014-05-27	-0.017003	0.168696	0.168696	0.13378199999999998	-0.370113	359100.0
2014-05-23	0.016071000000000002	0.164606	0.182343	0.159471	0.344292	211900.0
2014-05-22	0.008509000000000001	0.160393	0.173103	0.160393	0.180753	323500.0
2014-05-21	0.002437	0.161333	0.170771	0.159918	0.05164199999999999	174700.0
2014-05-20	-0.010052	0.161805	0.161805	0.143586	-0.21518099999999998	253600.0
2014-05-19	-0.006789	0.158093	0.162733	0.15299000000000001	-0.146325	338800.0
2014-05-16	0.0016	0.163664	0.17621199999999998	0.157623	0.034432	502000.0
2014-05-15	-0.008329999999999999	0.166414	0.166414	0.149823	-0.180752	313300.0
2014-05-14	-0.001189	0.165948	0.16963	0.152139	-0.025824	444900.0
2014-05-13	0.0023829999999999997	0.165496	0.165958	0.148424	0.05164199999999999	833800.0
2014-05-12	-0.005136	0.166855	0.16731400000000002	0.153084	-0.111893	434200.0
2014-05-09	0.003967	0.163649	0.167796	0.156736	0.086075	204500.0
2014-05-08	0.016942	0.158993	0.183832	0.151495	0.361504	204700.0
2014-05-07	0.004457	0.16463	0.169337	0.149095	0.09468	206800.0
2014-05-06	0.000811	0.159921	0.169343	0.150027	0.017216	195900.0
2014-05-05	-0.010036	0.161805	0.161805	0.14874600000000002	-0.215185	166100.0
2014-05-02	0.017565	0.155635	0.182687	0.148991	0.370113	647900.0
2014-05-01	0.008653000000000001	0.16276300000000002	0.18238900000000002	0.148402	0.180754	296300.0
2014-04-30	0.029262	0.172645	0.19727999999999998	0.154415	0.593905	976800.0
2014-04-29	0.015941	0.16981400000000002	0.188335	0.16580999999999999	0.31847	282500.0
2014-04-28	0.007378	0.167352	0.170377	0.154746	0.146322	385700.0
2014-04-25	-0.003029	0.15376199999999998	0.165827	0.15376199999999998	-0.06025	259500.0
2014-04-24	0.00391	0.16836600000000002	0.16836600000000002	0.15221600000000002	0.077466	166200.0
2014-04-23	-0.000868	0.16331800000000002	0.169873	0.145669	-0.017216	230400.0
2014-04-22	-0.012006999999999999	0.164296	0.164296	0.146361	-0.24100100000000002	228100.0
2014-04-21	-0.011446	0.162298	0.170178	0.146045	-0.23239899999999997	93400.0
2014-04-17	-0.000424	0.157375	0.16279000000000002	0.14999	-0.008606	150200.0
2014-04-16	0.007686	0.161805	0.17371099999999998	0.161805	0.15492999999999998	155200.0
2014-04-15	-0.003404	0.166749	0.192951	0.138075	-0.068859	415700.0
2014-04-14	0.025512	0.22135900000000003	0.24315900000000001	0.218824	0.503206	221700.0
2014-04-11	-0.010757	0.208722	0.208722	0.192171	-0.214481	205600.0
2014-04-10	0.009607	0.218309	0.235525	0.218309	0.18973099999999998	224700.0
2014-04-09	-0.008695999999999999	0.21474200000000002	0.220264	0.19115	-0.173233	453300.0
2014-04-08	0.018987	0.220928	0.254686	0.21479	0.371214	337500.0
2014-04-07	0.020233	0.212754	0.237281	0.20753600000000003	0.387718	238600.0
2014-04-04	0.007372	0.229054	0.247454	0.219592	0.140236	358600.0
2014-04-03	-0.014950999999999999	0.213786	0.21585700000000002	0.173395	-0.288725	415200.0
2014-04-02	-0.00128	0.20809499999999997	0.213267	0.204992	-0.024749	351100.0
2014-04-01	0.0	0.21843800000000002	0.21843800000000002	0.203958	0.0	508900.0
2014-03-31	0.011217	0.20857199999999998	0.234197	0.19759000000000002	0.21448299999999998	355500.0
2014-03-28	0.007388	0.21697399999999997	0.23277899999999999	0.21591999999999997	0.140238	296800.0
2014-03-27	0.0	0.210125	0.223823	0.20169600000000001	0.0	501800.0
2014-03-26	0.004365	0.21964	0.224402	0.204296	0.082491	205700.0
2014-03-25	0.025974	0.22309	0.24371900000000002	0.21874699999999997	0.478454	343100.0
2014-03-24	0.012239	0.221025	0.23091599999999998	0.21772800000000003	0.22273099999999998	249100.0
2014-03-21	-0.004063000000000001	0.219347	0.23029299999999997	0.20676	-0.074242	713400.0
2014-03-20	0.030712	0.206591	0.249462	0.194746	0.544449	432800.0
2014-03-19	-0.004171	0.207738	0.221782	0.198189	-0.074244	550100.0
2014-03-18	0.013146000000000001	0.20540300000000003	0.22816799999999998	0.192882	0.23098000000000002	725300.0
2014-03-17	0.016221	0.22206399999999998	0.233053	0.220908	0.280474	242000.0
2014-03-14	0.001433	0.215129	0.230187	0.20701999999999998	0.02475	384900.0
2014-03-13	-0.013666	0.212804	0.226514	0.187668	-0.239229	446200.0
2014-03-12	0.0	0.20766199999999999	0.212804	0.200236	0.0	251800.0
2014-03-11	-0.017138	0.22290100000000002	0.22290100000000002	0.180228	-0.305224	372700.0
2014-03-10	-0.013253999999999998	0.20281400000000002	0.20558400000000002	0.191733	-0.239227	372900.0
2014-03-07	-0.012190000000000001	0.219347	0.225367	0.191983	-0.22272899999999998	226800.0
2014-03-06	0.023568000000000002	0.22287600000000002	0.248644	0.21951500000000002	0.420712	566800.0
2014-03-05	-0.0018449999999999999	0.199931	0.20999600000000002	0.18707100000000002	-0.032999	360400.0
2014-03-04	0.014032	0.23037600000000003	0.236046	0.22697399999999998	0.24747800000000003	197500.0
2014-03-03	-0.009268	0.199874	0.20493000000000003	0.183584	-0.164986	318800.0
2014-02-28	0.0009279999999999999	0.21166999999999997	0.22291599999999998	0.205486	0.016501	183400.0
2014-02-27	0.011732	0.214508	0.230436	0.20938800000000002	0.20623000000000002	317300.0
2014-02-26	0.000469	0.21507800000000002	0.223615	0.20881799999999998	0.008249	540900.0
2014-02-25	-0.006993000000000001	0.209407	0.209407	0.200929	-0.123741	251200.0
2014-02-24	0.00657	0.208819	0.22076500000000002	0.204269	0.11549200000000001	415200.0
2014-02-21	-0.002341	0.22869099999999998	0.22869099999999998	0.20599	-0.041246	396900.0
2014-02-20	0.0065980000000000006	0.21508899999999997	0.225372	0.20594899999999997	0.11549000000000001	404400.0
2014-02-19	-0.019861	0.199914	0.202154	0.183116	-0.354718	277000.0
2014-02-18	-0.027402999999999997	0.20951	0.21441100000000002	0.170845	-0.503204	585000.0
2014-02-14	0.004966	0.219347	0.23521799999999998	0.20894899999999997	0.09074199999999999	605900.0
2014-02-13	0.025938	0.198757	0.24423699999999998	0.196511	0.46195600000000003	376400.0
2014-02-12	0.004653	0.213925	0.221822	0.206591	0.082493	615400.0
2014-02-11	0.040174	0.21927399999999997	0.262693	0.21340599999999998	0.6846869999999999	989100.0
2014-02-10	0.003887	0.20751999999999998	0.21930100000000002	0.204575	0.065992	327600.0
2014-02-07	0.00146	0.215772	0.218721	0.208103	0.024752	268500.0
2014-02-06	0.028013999999999997	0.215871	0.24861799999999998	0.215871	0.461958	470800.0
2014-02-05	0.021461	0.230196	0.243204	0.21037399999999998	0.346466	357700.0
2014-02-04	0.011892	0.22602199999999997	0.23542399999999997	0.214113	0.18973099999999998	273000.0
2014-02-03	-0.007187000000000001	0.21285500000000002	0.22654499999999997	0.19543	-0.11548800000000001	400500.0
2014-01-31	-0.019134	0.196973	0.22505	0.167674	-0.313474	562300.0
2014-01-30	0.026357	0.22664099999999998	0.250447	0.22664099999999998	0.420713	425200.0
2014-01-29	-0.056558000000000004	0.161403	0.206913	0.14307999999999998	-0.9569110000000001	620400.0
2014-01-28	-0.005335	0.22986900000000002	0.231633	0.176371	-0.09074199999999999	545300.0
2014-01-27	-0.028732999999999998	0.219085	0.219085	0.177402	-0.503203	359400.0
2014-01-24	-0.032802	0.203396	0.21886	0.15811	-0.593946	441700.0
2014-01-23	-0.022706999999999998	0.208994	0.208994	0.17715	-0.42071000000000003	369200.0
2014-01-22	0.026039	0.21777	0.247675	0.211125	0.470206	261500.0
2014-01-21	-0.019705	0.212775	0.22526100000000002	0.187803	-0.362969	284800.0
2014-01-17	-0.00268	0.212774	0.21385700000000002	0.198697	-0.049493999999999996	183700.0
2014-01-16	-0.015824	0.211167	0.212232	0.190386	-0.29697199999999996	316100.0
2014-01-15	0.001761	0.21756999999999999	0.223442	0.20209100000000002	0.032997000000000005	319500.0
2014-01-14	0.020216	0.21658899999999998	0.242184	0.214955	0.371216	349100.0
2014-01-13	0.009524	0.21388200000000002	0.228726	0.21388200000000002	0.173235	286100.0
2014-01-10	-0.013423	0.198673	0.210063	0.179147	-0.24747800000000003	347600.0
2014-01-09	-0.027415	0.20854	0.224365	0.16739400000000002	-0.519703	422500.0
2014-01-08	-0.002604	0.210654	0.212759	0.20381400000000002	-0.049496	255200.0
2014-01-07	0.005236	0.21805	0.22122399999999998	0.212761	0.098991	122900.0
2014-01-06	-0.008222	0.20961	0.218002	0.198594	-0.156736	257200.0
2014-01-03	-0.000865	0.217473	0.222714	0.206992	-0.016497	204800.0
2014-01-02	-0.018668	0.200403	0.200403	0.18445999999999999	-0.362966	294200.0
2013-12-31	0.01072	0.21899000000000002	0.225228	0.213792	0.20622800000000002	84700.0
2013-12-30	0.010837000000000001	0.21801199999999998	0.229573	0.21801199999999998	0.20623200000000003	102200.0
2013-12-27	0.01273	0.22074699999999997	0.23564699999999997	0.21489299999999997	0.239227	194900.0
2013-12-26	-0.000439	0.212232	0.23244499999999998	0.207445	-0.008249	100700.0
2013-12-24	0.00485	0.21597399999999997	0.22666399999999998	0.20475	0.090744	67100.0
2013-12-23	0.000883	0.217047	0.23256100000000002	0.208488	0.016499	195200.0
2013-12-20	-0.007011	0.209576	0.216482	0.19576500000000002	-0.13198900000000002	234200.0
2013-12-19	0.010181	0.194524	0.235844	0.194524	0.18973199999999998	293200.0
2013-12-18	0.022635	0.220464	0.24954899999999997	0.215525	0.412462	236000.0
2013-12-17	0.007755	0.21001999999999998	0.24154299999999998	0.19177	0.140236	344200.0
2013-12-16	0.015285	0.21784699999999999	0.23862199999999997	0.195949	0.272226	235600.0
2013-12-13	0.009822	0.216768	0.229242	0.207696	0.173235	278600.0
2013-12-12	-0.008348999999999999	0.21166999999999997	0.21166999999999997	0.189742	-0.14848499999999998	355700.0
2013-12-11	-0.01732	0.20670700000000003	0.212233	0.180739	-0.313473	320200.0
2013-12-10	-0.006340999999999999	0.197409	0.214429	0.197409	-0.11548800000000001	221800.0
2013-12-09	-0.0013570000000000001	0.229777	0.23251799999999997	0.196332	-0.024752	578800.0
2013-12-06	0.009128	0.227171	0.227171	0.212232	0.16498800000000002	437300.0
2013-12-05	0.0	0.207806	0.223298	0.206146	0.0	472600.0
2013-12-04	0.010609	0.20608200000000002	0.23068400000000003	0.202727	0.18973199999999998	452100.0
2013-12-03	-0.012301000000000001	0.207814	0.21168	0.18903699999999998	-0.22272899999999998	299100.0
2013-12-02	-0.018336	0.203558	0.21928000000000003	0.18729400000000002	-0.338219	249100.0
2013-11-29	0.005396	0.22095399999999998	0.229675	0.217138	0.098992	112900.0
2013-11-27	-0.004922	0.213317	0.21711399999999997	0.198673	-0.09074199999999999	162900.0
2013-11-26	-0.006225	0.21924000000000002	0.22624699999999998	0.192828	-0.11549000000000001	259700.0
2013-11-25	0.0031219999999999998	0.208988	0.227372	0.200337	0.057745000000000005	269400.0
2013-11-22	-0.003113	0.210615	0.22463000000000002	0.201452	-0.057745000000000005	250500.0
2013-11-21	-0.019615999999999998	0.204306	0.22015900000000002	0.184225	-0.371216	190200.0
2013-11-20	-0.009498999999999999	0.20752199999999998	0.227935	0.199147	-0.18148399999999998	345100.0
2013-11-19	-0.010679000000000001	0.22466	0.22466	0.183752	-0.206231	521500.0
2013-11-18	0.019156	0.22437100000000001	0.24231399999999997	0.221732	0.362969	276900.0
2013-11-15	0.017723	0.217604	0.238013	0.205787	0.329969	223000.0
2013-11-14	0.013926	0.205698	0.23292600000000002	0.20134100000000002	0.255726	187500.0
2013-11-13	-0.008463	0.197113	0.212232	0.182534	-0.15673800000000002	414800.0
2013-11-12	-0.010577	0.205287	0.225055	0.188725	-0.197981	302000.0
2013-11-11	-0.016045	0.20592399999999997	0.216964	0.187	-0.30522	196100.0
2013-11-08	-0.024122	0.207616	0.207616	0.177861	-0.470207	351000.0
2013-11-07	-0.019502000000000002	0.206196	0.206196	0.183561	-0.387716	242000.0
2013-11-06	0.010059	0.21324899999999997	0.238144	0.21324899999999997	0.197983	192900.0
2013-11-05	-0.013642	0.192688	0.212734	0.192187	-0.272227	110900.0
2013-11-04	-0.007386	0.220689	0.220689	0.202284	-0.14848699999999998	101000.0
2013-11-01	-0.007736	0.20680300000000001	0.216675	0.19100899999999998	-0.15673199999999998	156700.0
2013-10-31	-0.008878	0.22495199999999999	0.227398	0.20147	-0.18148499999999998	172200.0
2013-10-30	0.011016	0.209265	0.23053200000000001	0.20827600000000002	0.22272899999999998	115500.0
2013-10-29	0.002454	0.21372	0.22066100000000002	0.20380399999999999	0.049496	183800.0
2013-10-28	-0.010121999999999999	0.21125100000000002	0.22597399999999998	0.18523900000000001	-0.20623400000000003	219700.0
2013-10-25	-0.034779000000000004	0.131227	0.216496	0.131227	-0.734179	359400.0
2013-10-24	-0.007370000000000001	0.213173	0.24279699999999999	0.201417	-0.156736	244000.0
2013-10-23	-0.014903	0.196483	0.208064	0.182587	-0.32172	772700.0
2013-10-22	0.008478	0.21269899999999997	0.224845	0.21269899999999997	0.18148	392700.0
2013-10-21	0.010514	0.21176	0.22686599999999998	0.195711	0.222733	314300.0
2013-10-18	0.0027329999999999998	0.212232	0.22501300000000002	0.171052	0.057742999999999996	272100.0
2013-10-17	-0.006594	0.20988099999999998	0.22869	0.190132	-0.140236	489900.0
2013-10-16	-0.001936	0.224904	0.271366	0.19909200000000002	-0.041247000000000006	508300.0
2013-10-15	-0.009965	0.21037399999999998	0.21176799999999998	0.196435	-0.214479	324400.0
2013-10-14	0.003461	0.202908	0.21736100000000003	0.184724	0.074242	149100.0
2013-10-11	0.004249	0.21176399999999998	0.221597	0.200995	0.090744	130100.0
2013-10-10	0.026973	0.229062	0.248297	0.21896500000000002	0.560949	374600.0
2013-10-09	-0.015619	0.211759	0.22075300000000003	0.192352	-0.329973	283900.0
2013-10-08	-0.010433	0.21035900000000002	0.22019499999999997	0.198649	-0.222727	265200.0
2013-10-07	-0.002313	0.206157	0.22298099999999998	0.205223	-0.049498	284100.0
2013-10-04	0.001158	0.21691100000000002	0.229075	0.210829	0.024748	426200.0
2013-10-03	-0.002694	0.21549899999999997	0.234163	0.191235	-0.057742999999999996	466000.0
2013-10-02	-0.008397	0.20760599999999998	0.21593400000000001	0.1928	-0.18148399999999998	282400.0
2013-10-01	-0.003423	0.212232	0.222838	0.203933	-0.074246	691400.0
2013-09-30	-0.001519	0.198881	0.211772	0.19842	-0.032995	504200.0
2013-09-27	-0.017171000000000002	0.200468	0.207708	0.187798	-0.379465	849300.0
2013-09-26	0.020572	0.233475	0.24871500000000002	0.224239	0.44546099999999994	361500.0
2013-09-25	-0.005682	0.205804	0.21131399999999997	0.20167100000000002	-0.12373900000000002	738200.0
2013-09-24	-0.0030210000000000002	0.20856999999999998	0.217268	0.203992	-0.06599400000000001	845700.0
2013-09-23	0.028749	0.21129	0.258857	0.209878	0.610441	630500.0
2013-09-20	-0.02352	0.209013	0.209013	0.181881	-0.511452	131000.0
2013-09-19	0.004573	0.212232	0.233945	0.209923	0.09899	438400.0
2013-09-18	0.042097	0.215121	0.277706	0.203567	0.8744200000000001	956400.0
2013-09-17	-0.000397	0.226669	0.233407	0.19972	-0.008249	288800.0
2013-09-16	0.014499000000000001	0.234202	0.23957199999999998	0.222485	0.296976	184200.0
2013-09-13	-0.017412	0.20743499999999998	0.211273	0.188247	-0.362969	336400.0
2013-09-12	-0.020922	0.210823	0.21317199999999997	0.18687	-0.445459	208800.0
2013-09-11	0.000388	0.215521	0.215991	0.202835	0.008249	202500.0
2013-09-10	0.021782	0.218954	0.24247800000000003	0.210312	0.45370900000000003	345000.0
2013-09-09	0.019378	0.21761599999999998	0.24600100000000003	0.21076399999999998	0.395964	307000.0
2013-09-06	0.05584	0.23651799999999998	0.288708	0.23651799999999998	1.08065	608000.0
2013-09-05	0.03348	0.21864099999999997	0.25442	0.20742600000000003	0.626944	308300.0
2013-09-04	0.016114	0.210062	0.240992	0.210062	0.29696999999999996	260200.0
2013-09-03	0.003594	0.225847	0.23619400000000002	0.197529	0.065996	463000.0
2013-08-30	0.032468000000000004	0.21335700000000002	0.260025	0.20661	0.577448	587400.0
2013-08-29	-0.002775	0.21055	0.231857	0.201579	-0.0495	185000.0
2013-08-28	-0.0064340000000000005	0.20944699999999997	0.210004	0.193848	-0.11548599999999999	189500.0
2013-08-27	-0.024653	0.204626	0.204626	0.179088	-0.453708	165100.0
2013-08-26	-0.017613	0.21063099999999998	0.212232	0.186611	-0.32997	87000.0
2013-08-23	0.025745	0.216065	0.246727	0.216065	0.470207	127100.0
2013-08-22	0.009115999999999999	0.217205	0.23322800000000002	0.211127	0.164984	207400.0
2013-08-21	-0.031774000000000004	0.20581300000000002	0.20581300000000002	0.17210999999999999	-0.5939439999999999	197800.0
2013-08-20	0.00044100000000000004	0.212232	0.228289	0.20688	0.008246999999999999	77200.0
2013-08-19	-0.020329	0.20594099999999999	0.20594099999999999	0.184968	-0.387714	118800.0
2013-08-16	-0.021168	0.2071	0.20915300000000003	0.18349200000000002	-0.41246099999999997	98300.0
2013-08-15	-0.016243	0.19960999999999998	0.20062	0.183454	-0.32172	118500.0
2013-08-14	-0.00867	0.212233	0.220741	0.197718	-0.173233	185900.0
2013-08-13	-0.005339	0.21073899999999998	0.21422399999999997	0.200782	-0.107242	139300.0
2013-08-12	0.008282	0.207213	0.22327600000000003	0.207213	0.164985	202300.0
2013-08-09	0.033375999999999996	0.212232	0.256323	0.212232	0.643439	225700.0
2013-08-08	0.035445	0.218678	0.255201	0.21277	0.659942	288000.0
2013-08-07	-0.016986	0.207481	0.21751199999999998	0.182666	-0.32172199999999995	195700.0
2013-08-06	-0.023393999999999998	0.207592	0.207592	0.17717	-0.453708	269100.0
2013-08-05	-0.037659	0.210248	0.210248	0.163108	-0.758931	319700.0
2013-08-02	0.043571	0.212232	0.2723	0.212232	0.8414229999999999	457000.0
2013-08-01	0.037676999999999995	0.212232	0.25951799999999997	0.212232	0.701187	759800.0
2013-07-31	-0.0035340000000000002	0.206878	0.21383899999999997	0.18545999999999999	-0.065996	501900.0
2013-07-30	-0.028326	0.21483400000000002	0.215875	0.174773	-0.544447	259400.0
2013-07-29	0.011285	0.212759	0.228017	0.201183	0.21447800000000003	312400.0
2013-07-26	-0.024142	0.208125	0.208125	0.182453	-0.470207	273400.0
2013-07-25	-0.005895	0.208659	0.22039899999999998	0.199982	-0.11549000000000001	101600.0
2013-07-24	-0.00461	0.22493400000000002	0.22798200000000002	0.202071	-0.09074	395600.0
2013-07-23	0.006326	0.21325500000000003	0.221435	0.198939	0.12373900000000002	304700.0
2013-07-22	-0.012083	0.20667600000000003	0.214758	0.194554	-0.239229	159600.0
2013-07-19	-0.004149	0.20921399999999998	0.21575300000000003	0.202675	-0.082493	191300.0
2013-07-18	0.014737	0.21580500000000002	0.23673200000000003	0.21325300000000003	0.288723	447400.0
2013-07-17	0.025032	0.218511	0.24624000000000001	0.21589499999999998	0.47845600000000005	355400.0
2013-07-16	0.007391	0.21486799999999998	0.22382800000000003	0.195894	0.140238	160000.0
2013-07-15	0.0017420000000000003	0.211177	0.21645599999999998	0.20589699999999997	0.032997000000000005	262200.0
2013-07-12	-0.00692	0.20908600000000002	0.216427	0.199124	-0.13198800000000002	220600.0
2013-07-11	0.01985	0.22666999999999998	0.239504	0.22560100000000002	0.371215	150000.0
2013-07-10	-0.005265	0.21436	0.218083	0.198935	-0.098991	211300.0
2013-07-09	-0.008268000000000001	0.220673	0.22278299999999998	0.195352	-0.15673399999999998	372300.0
2013-07-08	0.002618	0.210117	0.22757	0.210117	0.049495	169800.0
2013-07-05	-0.027164999999999998	0.218921	0.218921	0.162838	-0.5279520000000001	286900.0
2013-07-03	-0.007164	0.199972	0.218363	0.19230999999999998	-0.140236	164600.0
2013-07-02	-0.024661000000000002	0.20974099999999998	0.21572	0.17885	-0.49495500000000003	113500.0
2013-07-01	-0.004908	0.21917399999999998	0.22561900000000001	0.204795	-0.098991	345400.0
2013-06-28	0.020877	0.206159	0.24209499999999998	0.206159	0.412462	475100.0
2013-06-27	0.028338	0.22212199999999999	0.25855700000000004	0.22160100000000002	0.544451	357200.0
2013-06-26	0.037416000000000005	0.233291	0.265689	0.232211	0.692934	723300.0
2013-06-25	0.023712	0.22549899999999998	0.24208200000000002	0.22163000000000002	0.428961	346000.0
2013-06-24	-0.025766000000000004	0.19284500000000002	0.19284500000000002	0.170227	-0.47845299999999996	399000.0
2013-06-21	0.007609	0.216031	0.226341	0.195411	0.140234	530700.0
2013-06-20	-0.042024	0.195598	0.195598	0.16128900000000002	-0.808426	377800.0
2013-06-19	-0.009346	0.215837	0.229226	0.199873	-0.181482	191200.0
2013-06-18	-0.021613	0.20618699999999998	0.20719400000000002	0.186033	-0.42895900000000003	235500.0
2013-06-17	0.0025	0.22132399999999997	0.22890100000000002	0.206171	0.049493999999999996	423100.0
2013-06-14	-0.006622	0.20972399999999997	0.218755	0.20219700000000002	-0.131987	586200.0
2013-06-13	0.037355	0.21275300000000003	0.263241	0.21119200000000002	0.717684	360500.0
2013-06-12	-0.0051259999999999995	0.21533899999999997	0.22310700000000003	0.20084000000000002	-0.098992	307400.0
2013-06-11	-0.008891	0.199915	0.210693	0.19272999999999998	-0.173233	413600.0
2013-06-10	-0.009228	0.221385	0.236131	0.200537	-0.18148399999999998	314000.0
2013-06-07	-0.010787999999999999	0.212232	0.224807	0.198651	-0.214481	218300.0
2013-06-06	0.003749	0.208193	0.216777	0.20213499999999998	0.074245	285700.0
2013-06-05	-0.015175999999999999	0.21273000000000003	0.21273000000000003	0.190852	-0.305221	221000.0
2013-06-04	0.016257	0.212738	0.238508	0.202631	0.321716	609600.0
2013-06-03	-0.014784	0.21123699999999998	0.221691	0.179375	-0.29696999999999996	659600.0
2013-05-31	-0.011368000000000001	0.20928000000000002	0.210756	0.19500599999999998	-0.230977	371900.0
2013-05-30	-0.0076549999999999995	0.214675	0.229327	0.201976	-0.15673800000000002	448100.0
2013-05-29	-0.011943	0.211267	0.211267	0.19630699999999998	-0.24747800000000003	489600.0
2013-05-28	-0.019133	0.222173	0.23495300000000002	0.186198	-0.404213	499800.0
2013-05-24	0.007474	0.20746399999999998	0.226539	0.19220299999999998	0.156736	431100.0
2013-05-23	-0.014347	0.199541	0.204242	0.18732000000000001	-0.305221	417300.0
2013-05-22	-0.009981	0.20757899999999999	0.228985	0.19548	-0.214482	297700.0
2013-05-21	-0.015494999999999998	0.210858	0.22139499999999998	0.187951	-0.33821799999999996	194300.0
2013-05-20	0.008	0.21177100000000001	0.22701	0.21084699999999998	0.173236	267800.0
2013-05-17	0.008064	0.216888	0.227595	0.211767	0.173231	352600.0
2013-05-16	-0.010638	0.212693	0.212693	0.197494	-0.23097800000000002	267300.0
2013-05-15	-0.001517	0.205794	0.226489	0.195217	-0.032997000000000005	237800.0
2013-05-14	-0.003779	0.212691	0.218646	0.198488	-0.082492	365100.0
2013-05-13	-0.008246	0.205871	0.213141	0.18905999999999998	-0.18148499999999998	340400.0
2013-05-10	-0.009283	0.21133200000000002	0.21178200000000003	0.199178	-0.20622800000000002	170800.0
2013-05-09	-0.001113	0.209085	0.217178	0.205038	-0.02475	230100.0
2013-05-08	-0.006998000000000001	0.20821399999999998	0.211339	0.195266	-0.15673399999999998	325100.0
2013-05-07	-0.001471	0.212232	0.22293200000000002	0.20554499999999998	-0.032999	299500.0
2013-05-06	-0.000368	0.216244	0.221592	0.20554699999999998	-0.008248	141300.0
2013-05-03	0.010777	0.21989099999999998	0.23971199999999998	0.202322	0.23923000000000003	309200.0
2013-05-02	0.016239	0.211317	0.23558	0.20673899999999998	0.354717	407600.0
2013-05-01	-0.006006	0.207682	0.219058	0.194941	-0.131987	173400.0
2013-04-30	0.014471000000000001	0.212232	0.22977399999999998	0.198845	0.313469	386000.0
2013-04-29	-0.007932999999999999	0.21772800000000003	0.22368200000000002	0.200325	-0.173233	267500.0
2013-04-26	-0.010097	0.203166	0.21812600000000001	0.19228499999999998	-0.22273	277200.0
2013-04-25	0.008676	0.21771999999999997	0.226408	0.21131799999999998	0.18973099999999998	1169900.0
2013-04-24	0.0011330000000000001	0.211775	0.220931	0.208112	0.02475	362100.0
2013-04-23	0.006461	0.22052600000000003	0.23434899999999997	0.20900700000000003	0.140238	356700.0
2013-04-22	0.015085	0.22023	0.24268	0.21695599999999998	0.322544	427200.0
2013-04-19	0.002975	0.268893	0.276399	0.25529	0.06342300000000001	481300.0
2013-04-18	0.002984	0.259035	0.271268	0.248214	0.063421	320700.0
2013-04-17	-0.011431	0.253481	0.253481	0.236271	-0.24576399999999998	788100.0
2013-04-16	0.025331	0.270926	0.29477	0.26568	0.531161	527200.0
2013-04-15	-0.035726999999999995	0.258629	0.258629	0.216322	-0.7769189999999999	449000.0
2013-04-12	-0.0061600000000000005	0.255446	0.262302	0.24584899999999998	-0.134775	163400.0
2013-04-11	0.000363	0.265502	0.265502	0.25361500000000003	0.007929	246200.0
2013-04-10	-0.00217	0.26914299999999997	0.275074	0.25500100000000003	-0.047564999999999996	158200.0
2013-04-09	0.006186	0.26597800000000005	0.28112600000000004	0.262306	0.134771	245000.0
2013-04-08	0.003286	0.260006	0.277046	0.251256	0.071352	394700.0
2013-04-05	-0.014747999999999999	0.24459899999999998	0.25322	0.239608	-0.32504099999999997	287600.0
2013-04-04	0.001802	0.264115	0.271388	0.256842	0.039641	316600.0
2013-04-03	-0.015259	0.261388	0.265416	0.236321	-0.340895	378500.0
2013-04-02	-0.004592000000000001	0.26361599999999996	0.265398	0.25114000000000003	-0.10306199999999999	309000.0
2013-04-01	-0.00562	0.25961599999999996	0.267148	0.252527	-0.126844	132700.0
2013-03-28	0.004587	0.260943	0.275186	0.25204099999999996	0.10305999999999998	491600.0
2013-03-27	-0.009091	0.255654	0.264916	0.22875	-0.20612199999999997	998000.0
2013-03-26	-0.0027890000000000002	0.259189	0.265786	0.255231	-0.063419	296500.0
2013-03-25	-0.011035	0.253558	0.25790799999999997	0.22920100000000002	-0.253691	1044900.0
2013-03-22	-0.001721	0.266598	0.267901	0.25444	-0.039639	499600.0
2013-03-21	-0.013916999999999999	0.258819	0.258819	0.239979	-0.325038	482100.0
2013-03-20	0.010288	0.265281	0.276528	0.26398299999999997	0.237833	301700.0
2013-03-19	-0.002053	0.269158	0.289016	0.256639	-0.047566000000000004	288600.0
2013-03-18	-0.011836	0.249444	0.253709	0.231954	-0.277473	277600.0
2013-03-15	-0.005716	0.259267	0.261812	0.248239	-0.134774	277100.0
2013-03-14	-0.003351	0.265615	0.265615	0.251243	-0.079275	147800.0
2013-03-13	0.0	0.255892	0.263079	0.251243	0.0	206500.0
2013-03-12	0.001006	0.263927	0.263927	0.250386	0.023781	295600.0
2013-03-11	0.000671	0.25461300000000003	0.264775	0.253766	0.015856	398700.0
2013-03-08	0.011545	0.26395799999999997	0.279377	0.263529	0.269545	270900.0
2013-03-07	0.010985	0.266584	0.27784200000000003	0.265718	0.253688	240400.0
2013-03-06	-0.0030800000000000003	0.263115	0.282109	0.255344	-0.07134800000000001	314100.0
2013-03-05	0.0024010000000000004	0.273937	0.276966	0.26268600000000003	0.05549400000000001	280200.0
2013-03-04	0.001718	0.25748699999999997	0.266156	0.254886	0.039639	205700.0
2013-03-01	0.001376	0.257915	0.267465	0.253575	0.03171	301300.0
2013-02-28	0.0013779999999999999	0.267473	0.272254	0.258345	0.031711	464100.0
2013-02-27	0.014685	0.26359299999999997	0.289174	0.26359299999999997	0.332966	9520800.0
2013-02-26	-0.003831	0.27325	0.282477	0.24996500000000002	-0.08720599999999999	1029300.0
2013-02-25	-0.020471	0.260527	0.274729	0.23470500000000002	-0.47566800000000004	549900.0
2013-02-22	0.009645	0.26356	0.27442300000000003	0.26356	0.221979	280700.0
2013-02-21	-0.016932	0.258825	0.262669	0.235758	-0.396389	357600.0
2013-02-20	-0.016322	0.259287	0.259287	0.239958	-0.38845999999999997	263100.0
2013-02-19	-0.003981	0.26348	0.26641	0.253855	-0.09513300000000001	724800.0
2013-02-15	0.001995	0.26600100000000004	0.269775	0.256775	0.047566000000000004	286600.0
2013-02-14	0.001999	0.265169	0.265169	0.257186	0.047567	246700.0
2013-02-13	-0.001995	0.263065	0.27145199999999997	0.258033	-0.047567	199100.0
2013-02-12	0.000998	0.266425	0.270203	0.258449	0.023783000000000002	202500.0
2013-02-11	-0.0075959999999999995	0.258888	0.258888	0.243892	-0.182337	203800.0
2013-02-08	0.008997	0.266852	0.27273600000000003	0.258025	0.214048	428700.0
2013-02-07	-0.0046429999999999996	0.255531	0.267663	0.249255	-0.11098800000000002	157000.0
2013-02-06	-0.014384000000000001	0.252728	0.253141	0.23623400000000003	-0.34881999999999996	337100.0
2013-02-05	0.015604	0.269345	0.28525900000000004	0.262225	0.372604	656900.0
2013-02-04	-0.009536	0.253921	0.264291	0.243552	-0.229906	342900.0
2013-02-01	0.006954000000000001	0.26765300000000003	0.280183	0.267235	0.166481	269200.0
2013-01-31	0.001326	0.25595100000000004	0.271007	0.253023	0.031715	406900.0
2013-01-30	-0.0052770000000000004	0.255564	0.25972399999999995	0.242667	-0.126844	431600.0
2013-01-29	0.008314	0.25971	0.282362	0.25971	0.198193	279100.0
2013-01-28	-0.0036450000000000002	0.25846199999999997	0.26222399999999996	0.250521	-0.08720800000000001	199700.0
2013-01-25	-0.001323	0.265979	0.273075	0.248031	-0.031708	899800.0
2013-01-24	-0.002311	0.259306	0.273048	0.246396	-0.055496000000000004	296300.0
2013-01-23	-0.002306	0.258479	0.26803499999999997	0.25474	-0.055496000000000004	246200.0
2013-01-22	0.012	0.261388	0.280729	0.261388	0.2854	361200.0
2013-01-18	-0.007608	0.26055300000000003	0.264309	0.24761799999999998	-0.182337	800800.0
2013-01-17	-0.000661	0.261388	0.274731	0.256384	-0.015856	459200.0
2013-01-16	0.004983	0.256359	0.27102600000000004	0.252587	0.11891800000000001	373200.0
2013-01-15	0.004338	0.260125	0.271068	0.250866	0.10306400000000002	489200.0
2013-01-14	0.0010019999999999999	0.257596	0.268129	0.25254	0.023778	397800.0
2013-01-11	-0.000334	0.263915	0.27612800000000004	0.25128	-0.007926	632300.0
2013-01-10	0.024983	0.265705	0.295059	0.262251	0.578729	575600.0
2013-01-09	0.014583	0.26095	0.28197300000000003	0.26095	0.332966	416700.0
2013-01-08	-0.006554000000000001	0.255731	0.26182300000000003	0.24833400000000003	-0.15062899999999999	276100.0
2013-01-07	0.006248	0.255696	0.269269	0.244312	0.142702	375300.0
2013-01-04	0.001738	0.258756	0.263581	0.251739	0.039635000000000004	253200.0
2013-01-03	0.004541	0.23627399999999998	0.271962	0.223938	0.10306300000000002	511400.0
2013-01-02	0.004914	0.277769	0.283968	0.263602	0.110989	428200.0
2012-12-31	0.008853	0.261834	0.278361	0.24798800000000001	0.198194	161600.0
2012-12-28	0.000354	0.261388	0.26764299999999996	0.24485500000000002	0.007929	249800.0
2012-12-27	0.004268999999999999	0.262285	0.277093	0.2569	0.09513300000000001	376500.0
2012-12-26	0.0	0.26049	0.27126	0.253759	0.0	335300.0
2012-12-24	-0.008815	0.255606	0.269394	0.24893400000000002	-0.198196	115900.0
2012-12-21	0.00035299999999999996	0.249375	0.26717199999999997	0.24270100000000003	0.00793	312900.0
2012-12-20	0.005676	0.269442	0.277496	0.253781	0.126845	248400.0
2012-12-19	-0.003887	0.269411	0.27163899999999996	0.247125	-0.08720599999999999	431500.0
2012-12-18	0.0031899999999999997	0.266753	0.285981	0.250209	0.07134800000000001	439900.0
2012-12-17	0.008581	0.261388	0.273113	0.248309	0.190268	374700.0
2012-12-14	0.006476999999999999	0.256849	0.27772800000000003	0.256849	0.142698	506500.0
2012-12-13	0.014603999999999999	0.264151	0.282572	0.258625	0.317114	426500.0
2012-12-12	-0.002186	0.26874000000000003	0.272876	0.250359	-0.047567	709600.0
2012-12-11	0.015913999999999998	0.260921	0.284263	0.258587	0.34089400000000003	1196800.0
2012-12-10	0.005957	0.256222	0.27031	0.235089	0.126843	750400.0
2012-12-07	0.001492	0.257625	0.266561	0.2501	0.031713	1093800.0
2012-12-06	-0.009601	0.256264	0.262785	0.243687	-0.206123	465700.0
2012-12-05	-0.001475	0.262783	0.268364	0.256736	-0.031714	430200.0
2012-12-04	0.004817	0.26465900000000003	0.271669	0.262322	0.10306199999999999	414100.0
2012-12-03	0.002228	0.260919	0.272629	0.248273	0.047567	336600.0
2012-11-30	-0.007372	0.258598	0.266967	0.24604499999999999	-0.158552	774300.0
2012-11-29	0.02416	0.271388	0.293768	0.268054	0.507376	292600.0
2012-11-28	-0.008979000000000001	0.254309	0.261388	0.237321	-0.190268	924800.0
2012-11-27	0.0	0.267522	0.287342	0.257141	0.0	578500.0
2012-11-26	0.005643	0.259015	0.28226799999999996	0.251896	0.11891600000000001	656700.0
2012-11-23	0.011801	0.260908	0.276273	0.248423	0.24576199999999998	414200.0
2012-11-21	-0.007181	0.26043499999999997	0.263295	0.240889	-0.150625	364100.0
2012-11-20	-0.0018859999999999999	0.256154	0.260912	0.24854099999999998	-0.039641	595200.0
2012-11-19	0.01029	0.26955999999999997	0.274367	0.267637	0.21405	371200.0
2012-11-16	0.003058	0.263317	0.276818	0.259459	0.063422	359600.0
2012-11-15	0.002299	0.258488	0.286519	0.258488	0.047567	217900.0
2012-11-14	-0.008735	0.261388	0.266658	0.246058	-0.182339	376800.0
2012-11-13	-0.017904	0.251037	0.254801	0.233629	-0.380533	314200.0
2012-11-12	0.0	0.260917	0.267975	0.253389	0.0	195700.0
2012-11-09	-0.006669	0.252975	0.26465900000000003	0.247367	-0.142702	613000.0
2012-11-08	0.0026	0.263262	0.278725	0.254359	0.05549400000000001	338300.0
2012-11-07	-0.013558	0.256766	0.26416100000000003	0.230419	-0.293327	411900.0
2012-11-06	0.0033090000000000003	0.268344	0.272054	0.247939	0.071352	370600.0
2012-11-05	-0.004028	0.253998	0.265545	0.248455	-0.08720399999999999	793400.0
2012-11-02	-0.001463	0.27015100000000003	0.272918	0.257237	-0.031715	206900.0
2012-11-01	0.005884	0.274841	0.301284	0.261852	0.126844	450700.0
2012-10-31	-0.008026	0.28071599999999997	0.288539	0.250803	-0.17440999999999998	1323600.0
2012-10-26	-0.009396	0.26549	0.275975	0.248167	-0.206123	339200.0
2012-10-25	0.002536	0.24813400000000002	0.26595799999999997	0.24813400000000002	0.05549400000000001	326400.0
2012-10-24	0.011729999999999999	0.260925	0.280808	0.248441	0.253689	295800.0
2012-10-23	-0.017291	0.25593499999999997	0.262751	0.22776300000000002	-0.380531	252400.0
2012-10-22	0.003281	0.268717	0.27373200000000003	0.23999600000000001	0.07196	323000.0
2012-10-19	-0.016676	0.25604299999999997	0.27087100000000003	0.23949099999999998	-0.371994	1063900.0
2012-10-18	0.002466	0.265536	0.277116	0.25482	0.05488200000000001	510600.0
2012-10-17	0.005234	0.268164	0.276677	0.263473	0.11586800000000001	516800.0
2012-10-16	0.001379	0.271827	0.282092	0.25756	0.030493	769000.0
2012-10-15	-0.0006889999999999999	0.262779	0.285729	0.25130399999999997	-0.015248	351700.0
2012-10-12	-0.016937999999999998	0.256431	0.257799	0.23763	-0.381141	747500.0
2012-10-11	-0.007397	0.274451	0.289551	0.250869	-0.167704	339300.0
2012-10-10	-0.008667	0.26037899999999997	0.272656	0.247765	-0.198195	163800.0
2012-10-09	-0.014066	0.261056	0.26122199999999995	0.237012	-0.326257	222300.0
2012-10-08	-0.0013130000000000001	0.252777	0.26735	0.24764299999999997	-0.030491000000000004	312700.0
2012-10-05	-0.003793	0.26155300000000004	0.275246	0.25017	-0.08842699999999999	323900.0
2012-10-04	0.030875	0.270061	0.30798600000000004	0.256796	0.698254	434900.0
2012-10-03	0.0070599999999999994	0.261388	0.276802	0.255907	0.158556	212100.0
2012-10-02	0.00245	0.262933	0.277011	0.253318	0.054884	229000.0
2012-10-01	0.00314	0.24916	0.2917	0.24916	0.070131	252400.0
2012-09-28	-0.014001	0.251708	0.256633	0.23625500000000002	-0.317112	395700.0
2012-09-27	0.00787	0.267549	0.27970100000000003	0.264811	0.176851	300300.0
2012-09-26	0.006831	0.253289	0.282928	0.24691300000000002	0.15245699999999998	720700.0
2012-09-25	0.00882	0.257911	0.28694200000000003	0.252348	0.19514600000000001	404500.0
2012-09-24	-0.018	0.250121	0.251316	0.219734	-0.405536	618500.0
2012-09-21	0.017628	0.26868400000000003	0.28675100000000003	0.262083	0.390289	603700.0
2012-09-20	0.011845	0.26314499999999996	0.27668000000000004	0.257521	0.259176	513700.0
2012-09-19	0.006875	0.260857	0.273069	0.25200700000000004	0.14941	433900.0
2012-09-18	-0.007382	0.25453600000000004	0.264374	0.24136	-0.161604	532400.0
2012-09-17	-0.017112	0.260179	0.27571999999999997	0.238767	-0.381143	358200.0
2012-09-14	0.01826	0.26877199999999996	0.296026	0.260684	0.399437	1014000.0
2012-09-13	0.014136000000000001	0.261388	0.286173	0.25211500000000003	0.304912	1230800.0
2012-09-12	-0.024141	0.287837	0.287837	0.209707	-0.5335979999999999	1314000.0
2012-09-11	-0.01468	0.26053000000000004	0.273561	0.241499	-0.329307	1159800.0
2012-09-10	-0.012748	0.264435	0.27476	0.24412199999999998	-0.289667	477100.0
2012-09-07	-0.0016079999999999998	0.269331	0.281667	0.251417	-0.036591000000000005	522800.0
2012-09-06	0.014406	0.273902	0.284017	0.267902	0.32321	453900.0
2012-09-05	0.001361	0.25744	0.26705300000000004	0.252633	0.030491000000000004	225900.0
