2017-09-01	0.002196	0.007265	0.008279	0.000929	0.259994	657900.000000
2016-09-01	0.006289	0.032962	0.044488	0.030373	0.752975	633700.0
2016-08-31	-0.010688	0.033737	0.034398000000000005	0.022087	-1.293579	1428500.0
2016-08-30	-0.007678	0.033016000000000004	0.035065	0.025963999999999997	-0.936386	687500.0
2016-08-29	0.004772	0.03399	0.042723000000000004	0.033661	0.579209	411900.0
2016-08-26	-0.00047699999999999994	0.050542000000000004	0.054495	0.031768	-0.057923	697000.0
2016-08-25	-0.000556	0.038519	0.041645999999999996	0.034651	-0.06758099999999999	381200.0
2016-08-24	-0.004587	0.030724	0.0331	0.0263	-0.559898	621600.0
2016-08-23	0.007970999999999999	0.049510000000000005	0.051574	0.043976999999999995	0.965355	724900.0
2016-08-22	-0.007359	0.027689	0.031705000000000004	0.026705	-0.897782	705200.0
2016-08-19	-0.0033909999999999995	0.030004000000000003	0.035477	0.027063	-0.415108	920400.0
2016-08-18	0.002134	0.035885	0.038914	0.034575	0.260651	536100.0
2016-08-17	0.004286	0.037118	0.042133	0.031445999999999995	0.5212939999999999	703200.0
2016-08-16	0.002786	0.037204	0.040172	0.032917	0.337875	683900.0
2016-08-15	-0.004279	0.038348	0.03884	0.03137	-0.5212939999999999	782100.0
2016-08-12	0.012761	0.046111	0.049935	0.044448	1.53492	1283100.0
2016-08-11	0.007683	0.039823000000000004	0.045519	0.037896	0.917084	793500.0
2016-08-10	0.004386	0.040007999999999995	0.044468	0.037652	0.5212939999999999	822700.0
2016-08-09	0.001464	0.038076	0.040182999999999996	0.035295	0.173767	1981900.0
2016-08-08	-0.007428	0.031954	0.035634	0.026099	-0.888123	1368000.0
2016-08-05	-0.000646	0.028279000000000002	0.037891	0.027358999999999998	-0.07723200000000001	1654200.0
2016-08-04	0.002264	0.032115	0.042085000000000004	0.031613	0.270294	1346900.0
2016-08-03	-0.007863	0.034805	0.036051	0.023500999999999998	-0.946045	1296600.0
2016-08-02	-0.004790999999999999	0.042503	0.042916	0.028606	-0.579224	1355100.0
2016-08-01	-0.032525	0.015558	0.016998	0.000433	-4.064155	2087700.0
2016-07-29	0.027954000000000003	0.040244999999999996	0.068298	0.034404000000000004	3.398071	3001000.0
2016-07-28	0.032639	0.036989999999999995	0.071055	0.031127999999999996	3.842117	5034200.0
2016-07-27	-0.036808999999999995	0.027785	0.028520999999999998	-0.005599	-4.498565	4384400.0
2016-07-26	0.0050810000000000004	0.048221	0.049208	0.040737	0.6178279999999999	1685200.0
2016-07-25	-0.001269	0.039499	0.039499	0.031861	-0.15445699999999998	544500.0
2016-07-22	0.013012000000000001	0.041127	0.051444000000000004	0.040461000000000004	1.5638809999999999	1333900.0
2016-07-21	-0.013627	0.024806	0.029894	0.019635	-1.660416	1781000.0
2016-07-20	0.013083000000000001	0.024162	0.064653	0.023996	1.573532	3086600.0
2016-07-19	-0.010641	0.02733	0.030045	0.022312000000000002	-1.293579	1053600.0
2016-07-18	0.003986	0.034812	0.041336000000000005	0.034233	0.48268199999999994	1376400.0
2016-07-15	-0.007359999999999999	0.029245	0.030721	0.020883000000000002	-0.897789	1666200.0
2016-07-14	-0.010648000000000001	0.036291000000000004	0.038886000000000004	0.024449000000000002	-1.3128819999999999	1535400.0
2016-07-13	-0.0022649999999999997	0.030787000000000002	0.03896	0.029654000000000003	-0.279953	731000.0
2016-07-12	0.0045520000000000005	0.042876	0.046941000000000004	0.036129	0.559906	868100.0
2016-07-11	-0.0025050000000000003	0.038967	0.040994	0.03329	-0.30891399999999997	992300.0
2016-07-08	0.004403	0.040609	0.044518	0.035396	0.540596	972400.0
2016-07-07	-0.0068709999999999995	0.0299	0.042113	0.026503	-0.849518	926000.0
2016-07-06	-0.003889	0.018401	0.033226	0.010667	-0.482681	1792500.0
2016-07-05	-0.021537	0.016097999999999998	0.019566999999999998	0.009081	-2.731949	1380400.0
2016-07-01	-0.0021260000000000003	0.035885	0.045482999999999996	0.031952	-0.270294	1834500.0
2016-06-30	0.042597	0.065576	0.081815	0.05967000000000001	5.193611	2818100.0
2016-06-29	0.02375	0.05293	0.068716	0.050663	2.8284990000000003	1456400.0
2016-06-28	0.016144	0.052437	0.053461	0.038274	1.892105	1663500.0
2016-06-27	-0.008655	0.026666000000000002	0.031570999999999995	0.013132	-1.023285	2477800.0
2016-06-24	-0.05487	-0.019594	0.005827000000000001	-0.02511	-6.863693	3490700.0
2016-06-23	0.008797	0.053142999999999996	0.053385	0.037579	1.0908579999999999	1452300.0
2016-06-22	-0.0008560000000000001	0.041606	0.045877	0.034515	-0.10618599999999999	994900.0
2016-06-21	0.016686000000000003	0.052597000000000005	0.057758000000000004	0.048419	2.0369040000000003	1428000.0
2016-06-20	0.01787	0.069239	0.074242	0.05397999999999999	2.143089	1912500.0
2016-06-17	-0.010435	0.028211	0.029119	0.017815	-1.26461	1683400.0
2016-06-16	0.01022	0.019214	0.047472	0.017046000000000002	1.226005	1881100.0
2016-06-15	0.016274	0.056554999999999994	0.06113	0.05121799999999999	1.921059	1610700.0
2016-06-14	-0.013394	0.023348	0.032542	0.016328	-1.602501	2279000.0
2016-06-13	-0.012352	0.023750999999999998	0.031428	0.020862000000000002	-1.4963	1995500.0
2016-06-10	-0.034098	0.009175	0.012683	-0.000951	-4.276535	2330400.0
2016-06-09	-0.013290999999999999	0.019679	0.025657999999999997	0.017397	-1.6893770000000001	1080400.0
2016-06-08	0.009662	0.040254000000000005	0.046132	0.037394	1.2163549999999999	821700.0
2016-06-07	0.0017670000000000001	0.03875	0.044638	0.036681	0.222038	811600.0
2016-06-06	0.016952000000000002	0.051989	0.058463	0.046486	2.094818	1203200.0
2016-06-03	-0.0019489999999999998	0.030474	0.038631	0.030474	-0.241333	835500.0
2016-06-02	-0.005968	0.026492	0.030586000000000002	0.023361	-0.74334	888800.0
2016-06-01	0.022262999999999998	0.040152999999999994	0.059685	0.035147000000000005	2.712662	1864500.0
2016-05-31	-0.000554	0.043185	0.044006	0.03162	-0.06757300000000001	1055200.0
2016-05-27	-0.00692	0.029776	0.032871	0.02554	-0.849518	619100.0
2016-05-26	0.008725	0.046074000000000004	0.047142	0.040651	1.0618969999999999	924500.0
2016-05-25	0.009772	0.049243	0.057375	0.046008	1.177735	1376900.0
2016-05-24	0.027402999999999997	0.052592999999999994	0.068704	0.050718	3.214645	1283000.0
2016-05-23	-0.003853	0.03563	0.038942000000000004	0.0313	-0.45371999999999996	767200.0
2016-05-20	-0.002942	0.035377	0.040711000000000004	0.030551	-0.347527	1551300.0
2016-05-19	0.000736	0.025294	0.038935000000000004	0.023261	0.086876	1305200.0
2016-05-18	-0.008274	0.032188	0.037566	0.020424	-0.984657	976700.0
2016-05-17	-0.017611	0.024659	0.029281	0.015661	-2.1334459999999997	1008900.0
2016-05-16	0.004804	0.035056	0.044097000000000004	0.034392	0.579209	575700.0
2016-05-13	-0.012727	0.032036	0.034983999999999994	0.02221	-1.554223	1174800.0
2016-05-12	-0.00268	0.040867	0.04152	0.028535	-0.328216	796500.0
2016-05-11	-0.009836	0.025373	0.030063	0.025049000000000002	-1.2163620000000002	912300.0
2016-05-10	0.006601	0.035397000000000005	0.042723000000000004	0.034827	0.810905	954400.0
2016-05-09	0.017999	0.049061	0.05917000000000001	0.041106000000000004	2.1720580000000003	1942500.0
2016-05-06	-0.0015970000000000001	0.033651	0.039112	0.029349	-0.19306900000000002	1569900.0
2016-05-05	0.017554	0.03336	0.054237	0.032855	2.0851669999999998	1477800.0
2016-05-04	-0.015364	0.014416	0.023119999999999998	0.008614	-1.8534849999999998	3650000.0
2016-05-03	-0.006913	0.027571	0.032099	0.023702	-0.839852	1653800.0
2016-05-02	0.013368000000000001	0.045311000000000004	0.051151	0.042976	1.602478	722700.0
2016-04-29	-0.00783	0.030754000000000004	0.036299	0.023967	-0.946044	1531100.0
2016-04-28	-0.007667	0.016937999999999998	0.035992	0.016527	-0.9334950000000001	1481300.0
2016-04-27	-0.0009339999999999999	0.051189	0.05619400000000001	0.04643	-0.1138	1189300.0
2016-04-26	-0.004107	0.051938	0.056105999999999996	0.045808999999999996	-0.502617	1127300.0
2016-04-25	0.0060030000000000005	0.052498	0.061459	0.051758000000000005	0.730209	814200.0
2016-04-22	-0.0022559999999999998	0.045941	0.052092999999999993	0.041839999999999995	-0.275009	1407400.0
2016-04-21	-0.019747999999999998	0.029225	0.041687	0.0281	-2.456207	2027800.0
2016-04-20	-0.004705	0.046149	0.053511	0.042628	-0.58799	1284400.0
2016-04-19	0.030097000000000002	0.085136	0.095605	0.076316	3.651131	3449900.0
2016-04-18	0.013066999999999999	0.05246699999999999	0.06941900000000001	0.051966	1.5647659999999999	1983000.0
2016-04-15	0.004375	0.06311	0.065123	0.05682	0.521591	1434900.0
2016-04-14	0.028720999999999997	0.06879400000000001	0.09304	0.065084	3.328682	2850700.0
2016-04-13	0.008916	0.066223	0.068313	0.058128	1.024208	1537200.0
2016-04-12	0.004895	0.053421	0.062519	0.052284000000000004	0.559517	1050500.0
2016-04-11	-0.008879999999999999	0.05031	0.059327	0.044587	-1.024208	1276600.0
2016-04-08	0.0050409999999999995	0.059351	0.063795	0.057434000000000006	0.578483	1166600.0
2016-04-07	-0.019288	0.039431	0.045413	0.032594	-2.2570490000000003	1647400.0
2016-04-06	-0.0050799999999999994	0.046479	0.053026	0.042823	-0.59745	1147400.0
2016-04-05	-0.016651	0.038669	0.041763	0.032649	-1.991524	2321900.0
2016-04-04	0.0037409999999999995	0.064961	0.066136	0.053296	0.44572399999999995	1959400.0
2016-04-01	0.007942	0.036031	0.063691	0.035101	0.938858	3041000.0
2016-03-31	-0.008589	0.050865	0.051452	0.041557	-1.024208	1949400.0
2016-03-30	0.010934000000000001	0.072783	0.07634400000000001	0.063288	1.289749	2797800.0
2016-03-29	0.020428	0.059921	0.07653099999999999	0.057759000000000005	2.361367	1974600.0
2016-03-28	0.00255	0.05716	0.05915499999999999	0.054558	0.293983	819800.0
2016-03-24	-0.004748	0.041351	0.050673	0.039279	-0.550041	1562000.0
2016-03-23	-0.000246	0.063015	0.063532	0.050674000000000004	-0.02845	1465400.0
2016-03-22	0.011842	0.056218	0.06722	0.055781	1.356132	1508300.0
2016-03-21	-0.006499	0.043801	0.051348000000000005	0.043801	-0.749183	1155500.0
2016-03-18	0.026605	0.054471000000000006	0.087245	0.054471000000000006	2.987274	2375500.0
2016-03-17	0.00998	0.054022	0.06715399999999999	0.049794	1.109558	1570800.0
2016-03-16	0.00618	0.039447	0.063069	0.038995	0.6828	1573100.0
2016-03-15	-0.005633	0.050151999999999995	0.053480999999999994	0.046012	-0.625892	754500.0
2016-03-14	-0.004926	0.047755	0.053844	0.047397	-0.550042	606900.0
2016-03-11	0.00822	0.06648	0.06738200000000001	0.056548	0.910401	1083600.0
2016-03-10	0.007940000000000001	0.077404	0.08432100000000001	0.053834	0.872475	2135000.0
2016-03-09	0.007478	0.066207	0.069966	0.060798000000000005	0.8155819999999999	704500.0
2016-03-08	-0.0072510000000000005	0.051195	0.052833000000000005	0.04364	-0.796608	850200.0
2016-03-07	-0.003527	0.048485	0.055014999999999994	0.045583	-0.388825	1749000.0
2016-03-04	0.015726	0.06957999999999999	0.075292	0.06654	1.707024	2136600.0
2016-03-03	0.007481999999999999	0.050759	0.062917	0.047974	0.806084	1517100.0
2016-03-02	-0.004207	0.032659	0.051976	0.031273	-0.455201	2667000.0
2016-03-01	0.023229	0.060239999999999995	0.083221	0.058915999999999996	2.4562	1464900.0
2016-02-29	-0.0068579999999999995	0.038692000000000004	0.061328	0.038692000000000004	-0.730217	1248700.0
2016-02-26	-0.010227	0.054471000000000006	0.054471000000000006	0.035693	-1.100082	2481500.0
2016-02-25	-0.019365	0.024935	0.034689	0.020285	-2.124283	2056100.0
2016-02-24	-0.005075	0.036603	0.051841	0.029892000000000002	-0.559525	1695200.0
2016-02-23	-0.007428	0.056902	0.061403	0.045199	-0.82505	1065800.0
2016-02-22	0.006271	0.05664500000000001	0.066248	0.05664500000000001	0.692291	851500.0
2016-02-19	0.00043	0.050845999999999995	0.055559000000000004	0.048037	0.047409	1360400.0
2016-02-18	-0.009366	0.05581799999999999	0.056267	0.041812	-1.043167	1473800.0
2016-02-17	0.006599	0.065497	0.07019600000000001	0.058538	0.730225	2432600.0
2016-02-16	0.010917	0.064338	0.06982000000000001	0.053649	1.194908	1372000.0
2016-02-12	0.00698	0.056126999999999996	0.063487	0.050607	0.758667	1129700.0
2016-02-11	-0.014361	0.04894	0.049575	0.032981	-1.583725	1664300.0
2016-02-10	0.00155	0.074723	0.075813	0.055924	0.1707	1194400.0
2016-02-09	0.007987000000000001	0.043944	0.069301	0.042662	0.872467	2848600.0
2016-02-08	-0.026289	0.046271	0.048588	0.016678	-2.949348	3137300.0
2016-02-05	-0.033260000000000005	0.047577999999999995	0.048956	0.017418	-3.859749	2277300.0
2016-02-04	-0.020727000000000002	0.047383	0.050589999999999996	0.029493000000000002	-2.456207	2071900.0
2016-02-03	-0.00023999999999999998	0.056665	0.057424	0.035742	-0.028443	3314600.0
2016-02-02	-0.013574000000000001	0.056219000000000005	0.057717	0.038576	-1.631157	1169500.0
2016-02-01	0.006914	0.05137100000000001	0.065113	0.049527	0.825066	1440100.0
2016-01-29	0.028945	0.06335199999999999	0.088269	0.061024	3.3571169999999997	2273200.0
2016-01-28	0.003281	0.058796	0.06303500000000001	0.048416	0.379348	2115900.0
2016-01-27	-0.005872	0.055503	0.06805800000000001	0.043722000000000004	-0.682808	1847100.0
2016-01-26	0.010965	0.055340999999999994	0.067164	0.05481900000000001	1.261292	1241400.0
2016-01-25	0.00248	0.058132	0.068067	0.054297000000000005	0.284515	1153200.0
2016-01-22	0.036406	0.07912999999999999	0.094938	0.076421	4.030449	1622000.0
2016-01-21	0.0069	0.055199	0.06829600000000001	0.046831	0.758675	1680300.0
2016-01-20	-0.024403	0.037701	0.040718	0.005847	-2.750191	3660200.0
2016-01-19	0.020874	0.083367	0.087896	0.072497	2.304466	3312300.0
2016-01-15	-0.006147	0.046008999999999994	0.051951	0.040427	-0.6828	3842900.0
2016-01-14	0.008524	0.055561	0.06754600000000001	0.042033	0.938858	1980800.0
2016-01-13	-0.024034	0.053230999999999994	0.056598	0.025230000000000002	-2.712265	3321900.0
2016-01-12	-0.0014269999999999999	0.054648	0.055887	0.042614	-0.161217	1239600.0
2016-01-11	0.017417	0.079499	0.08201900000000001	0.066535	1.9346240000000001	1762300.0
2016-01-08	-0.019587	0.05703099999999999	0.057119	0.032141	-2.219131	2264400.0
2016-01-07	-0.006321	0.052542	0.061926	0.038860000000000006	-0.720742	2045600.0
2016-01-06	-0.018931	0.035197000000000006	0.043199	0.031152999999999997	-2.200149	1625600.0
2016-01-05	0.000653	0.055504	0.057399	0.048701999999999995	0.07585900000000001	1058700.0
2016-01-04	-0.02024	0.034057	0.035238	0.019463	-2.3993	1342800.0
2015-12-31	-0.008959	0.043269	0.052129999999999996	0.040258999999999996	-1.071617	766000.0
2015-12-30	-0.009891	0.048429	0.050332999999999996	0.044042000000000005	-1.194916	642200.0
2015-12-29	0.012317	0.059499	0.070811	0.059079999999999994	1.469933	674500.0
2015-12-28	0.0007160000000000001	0.055813	0.058245000000000005	0.05053	0.08535	878200.0
2015-12-24	-0.000795	0.052377	0.056230999999999996	0.050617	-0.094833	295400.0
2015-12-23	0.010843	0.05193	0.06615900000000001	0.051592	1.280258	2240400.0
2015-12-22	0.005573	0.06043300000000001	0.062477	0.050383	0.654358	782000.0
2015-12-21	-0.001532	0.06969299999999999	0.071904	0.046393000000000004	-0.18018399999999998	1202600.0
2015-12-18	-0.006331	0.05413300000000001	0.054809000000000004	0.039008	-0.749199	2090300.0
2015-12-17	-0.002558	0.068631	0.06930499999999999	0.051016000000000006	-0.303467	2239900.0
2015-12-16	0.021473	0.07298099999999999	0.07918	0.061530999999999995	2.494133	2298700.0
2015-12-15	-0.002606	0.053527	0.062886	0.050092000000000005	-0.30345900000000003	2193900.0
2015-12-14	0.0016309999999999999	0.061953999999999995	0.062212	0.0463	0.189675	2703200.0
2015-12-11	-0.029526	0.035857	0.038945999999999995	0.017159999999999998	-3.5373309999999996	4328200.0
2015-12-10	-0.003628	0.061041	0.06179	0.049481	-0.436233	1112500.0
2015-12-09	-0.014688	0.051521000000000004	0.057666999999999996	0.036689	-1.792359	1259300.0
2015-12-08	-0.001707	0.050217000000000005	0.054062	0.042037	-0.208641	2511500.0
2015-12-07	0.008055	0.071871	0.072036	0.057027999999999995	0.976791	1613900.0
2015-12-04	0.008041	0.05330700000000001	0.06985	0.051229	0.967309	1262900.0
2015-12-03	-0.006967	0.061735000000000005	0.063552	0.044648	-0.844025	1447600.0
2015-12-02	-0.006842	0.052996	0.056767	0.043403	-0.834541	1165900.0
2015-12-01	0.0012460000000000001	0.055621000000000004	0.061202	0.048972	0.15173299999999998	1218100.0
2015-11-30	-0.005266	0.059207	0.060514	0.047204	-0.644867	1611900.0
2015-11-27	0.0	0.061657000000000003	0.062147	0.053818	0.0	599300.0
2015-11-25	0.009458	0.065599	0.06749400000000001	0.057602999999999994	1.147491	2142700.0
2015-11-24	0.011384	0.06105700000000001	0.068476	0.057888999999999996	1.365616	1560100.0
2015-11-23	0.005085	0.071145	0.072402	0.058241999999999995	0.606942	1404400.0
2015-11-20	0.008656	0.067909	0.072811	0.060725	1.024208	1395100.0
2015-11-19	-0.010076	0.048782	0.049368	0.038241000000000004	-1.204392	961000.0
2015-11-18	0.009046	0.060802999999999996	0.064011	0.051854	1.071617	1108500.0
2015-11-17	0.02059	0.074546	0.08126599999999999	0.07178899999999999	2.389824	2078800.0
2015-11-16	0.018813	0.07325599999999999	0.07545	0.064302	2.143257	1512700.0
2015-11-13	-0.009073999999999999	0.043251	0.051079	0.041424	-1.043182	961700.0
2015-11-12	-0.0032890000000000003	0.054298	0.057505999999999995	0.046322	-0.379326	1052000.0
2015-11-11	0.027714	0.066499	0.094654	0.062846	3.110558	2802800.0
2015-11-10	0.002117	0.040721	0.061971000000000005	0.039827999999999995	0.237083	1217600.0
2015-11-09	-0.007229000000000001	0.046848	0.050128	0.041884	-0.815567	641900.0
2015-11-06	0.0008410000000000001	0.05039	0.055536	0.040277	0.094833	1257600.0
2015-11-05	0.011487	0.07475	0.083365	0.069366	1.280159	1991100.0
2015-11-04	0.003788	0.076029	0.076119	0.066301	0.42050200000000004	1178400.0
2015-11-03	-0.006273	0.068652	0.06892100000000001	0.057106	-0.700828	1939000.0
2015-11-02	0.001928	0.076183	0.077797	0.06739400000000001	0.214927	1488800.0
2015-10-30	0.013503999999999999	0.095442	0.096715	0.08308099999999999	1.485733	2102500.0
2015-10-29	-0.008338	0.057013999999999995	0.06260299999999999	0.050164	-0.9250790000000001	1537600.0
2015-10-28	0.012968	0.084052	0.091722	0.072548	1.420326	1438200.0
2015-10-27	-0.005852	0.069357	0.071082	0.06236799999999999	-0.64476	1261700.0
2015-10-26	-0.006991	0.066478	0.070174	0.059538	-0.775566	986900.0
2015-10-23	0.01245	0.08614400000000001	0.086965	0.073003	1.364258	1592600.0
2015-10-22	0.027513	0.097085	0.101586	0.090053	2.934112	1743200.0
2015-10-21	-0.016375	0.068329	0.06906699999999999	0.052373	-1.7754130000000001	1355700.0
2015-10-20	-0.0008609999999999999	0.067133	0.07330700000000001	0.062986	-0.093453	1440400.0
2015-10-19	0.008948999999999999	0.080402	0.082912	0.076961	0.962471	902500.0
2015-10-16	-0.0013880000000000001	0.06729600000000001	0.073795	0.064324	-0.14952100000000002	1310300.0
2015-10-15	-0.0014730000000000001	0.07054500000000001	0.07481	0.060161	-0.158844	2544700.0
2015-10-14	0.014056	0.084746	0.091421	0.080328	1.495079	3918400.0
2015-10-13	0.020988999999999997	0.085148	0.09762699999999999	0.08342000000000001	2.18657	4221600.0
2015-10-12	-0.003486	0.071322	0.07687000000000001	0.065583	-0.36443400000000004	1903200.0
2015-10-09	0.010751	0.07723200000000001	0.08361299999999999	0.075008	1.111969	1615600.0
2015-10-08	-0.002433	0.055996000000000004	0.069595	0.055803	-0.252288	1267500.0
2015-10-07	0.012409	0.091363	0.09565900000000001	0.077302	1.27082	1984200.0
2015-10-06	-0.010294	0.05964	0.070754	0.055291999999999994	-1.065246	1240100.0
2015-10-05	0.006361	0.074259	0.07824600000000001	0.068812	0.654091	1074600.0
2015-10-02	0.031593	0.066763	0.105288	0.06335199999999999	3.1490240000000003	2725000.0
2015-10-01	0.0032920000000000002	0.06796	0.073697	0.06031	0.32705700000000004	1420100.0
2015-09-30	0.023686000000000002	0.09665499999999999	0.097789	0.08655700000000001	2.298684	1706600.0
2015-09-29	-0.017594	0.067643	0.075235	0.044563	-1.7380380000000002	3718100.0
2015-09-28	-0.034609	0.067829	0.067829	0.031866000000000005	-3.5414730000000003	3889800.0
2015-09-25	0.024799	0.08148999999999999	0.098215	0.079588	2.476219	2451600.0
2015-09-24	-0.008904	0.061439	0.06531	0.047147	-0.897041	2204400.0
2015-09-23	0.003257	0.08112799999999999	0.086505	0.06867999999999999	0.327049	2296600.0
2015-09-22	-0.027069	0.041012	0.043434	0.030063999999999997	-2.793945	3149600.0
2015-09-21	-0.033849000000000004	0.041157	0.043965	0.030018	-3.616226	4296700.0
2015-09-18	-0.004181	0.041371	0.082478	0.040626	-0.448517	4562700.0
2015-09-17	-0.005371	0.053486	0.081299	0.050426	-0.579354	2509500.0
2015-09-16	0.068401	0.13238	0.157737	0.117324	6.905425999999999	10876900.0
2015-09-15	0.015413	0.066151	0.08857999999999999	0.061625	1.532448	3156100.0
2015-09-14	-0.010693000000000001	0.065696	0.06888	0.057338	-1.074592	2369800.0
2015-09-11	-0.005364	0.057308000000000005	0.06671	0.052953	-0.5419619999999999	1707000.0
2015-09-10	0.000648	0.056606	0.079483	0.054724	0.065407	4540200.0
2015-09-09	0.001112	0.09615	0.09734	0.069976	0.11212899999999999	2646200.0
2015-09-08	0.019263	0.090587	0.09372	0.079976	1.906235	768200.0
2015-09-04	-0.01799	0.047945	0.05637999999999999	0.046456	-1.8127900000000001	759100.0
2015-09-03	-0.0038799999999999998	0.071953	0.07798300000000001	0.06276	-0.39245599999999997	1015200.0
2015-09-02	0.020647	0.08974700000000001	0.093077	0.080566	2.046394	1119200.0
2015-09-01	-0.026077	0.046886000000000004	0.051013	0.035782	-2.65377	1636300.0
2015-08-31	-0.008918	0.058975	0.065305	0.053521000000000006	-0.915741	1244100.0
2015-08-28	-0.0038979999999999996	0.058824	0.066682	0.052519	-0.40181	1340500.0
2015-08-27	0.019782	0.077297	0.092333	0.0678	1.99968	2172200.0
2015-08-26	0.018932	0.09436599999999999	0.09628099999999999	0.070275	1.878204	2411900.0
2015-08-25	-0.012005	0.092183	0.09298	0.05613200000000001	-1.2054209999999999	2038700.0
2015-08-24	-0.013766	0.026664	0.11083599999999999	0.007511	-1.401635	5104200.0
2015-08-21	-0.028444	0.06817000000000001	0.068552	0.039352	-2.980835	3153900.0
2015-08-20	-0.020866	0.059989999999999995	0.059989999999999995	0.04747	-2.233276	2026100.0
2015-08-19	-0.020523	0.055439999999999996	0.055439999999999996	0.044458	-2.24263	1759500.0
2015-08-18	0.001542	0.05660900000000001	0.077415	0.055692	0.168205	2666900.0
2015-08-17	-0.0047729999999999995	0.049467000000000004	0.065887	0.045636	-0.523285	2478800.0
2015-08-14	-0.013786000000000001	0.055779999999999996	0.059289	0.048493	-1.532455	1407800.0
2015-08-13	-0.002348	0.069097	0.072328	0.065238	-0.261635	534900.0
2015-08-12	-0.014138	0.051415999999999996	0.056725	0.042037	-1.5978700000000001	1576700.0
2015-08-11	-0.0082	0.067892	0.06841900000000001	0.054640999999999995	-0.934425	979300.0
2015-08-10	0.011026000000000001	0.079046	0.08241799999999999	0.07532	1.242775	874600.0
2015-08-07	-0.010419	0.057442999999999994	0.060954999999999995	0.051385	-1.1867219999999998	742900.0
2015-08-06	0.001068	0.079666	0.080545	0.065955	0.121475	794500.0
2015-08-05	0.017805	0.080462	0.089676	0.07902999999999999	1.990341	807900.0
2015-08-04	-0.004328	0.076409	0.07685399999999999	0.06385	-0.485908	865400.0
2015-08-03	0.005019	0.09013600000000001	0.093806	0.068115	0.560661	1921100.0
2015-07-31	-0.002919	0.053394000000000004	0.069906	0.052144	-0.32705700000000004	2065100.0
2015-07-30	-0.04149	0.018158	0.030905000000000002	0.016447	-4.849678	3943000.0
2015-07-29	0.01042	0.076484	0.085993	0.07596599999999999	1.205406	1115900.0
2015-07-28	0.00373	0.071823	0.077896	0.066356	0.42984799999999995	983400.0
2015-07-27	-0.008440999999999999	0.064152	0.06613	0.056495000000000004	-0.9811549999999999	1400700.0
2015-07-24	-0.011208	0.070769	0.072216	0.05715800000000001	-1.3175430000000001	1116100.0
2015-07-23	-0.013101	0.067319	0.06740299999999999	0.053803	-1.560494	1412600.0
2015-07-22	-0.004685	0.058977	0.069255	0.058892999999999994	-0.560661	854400.0
2015-07-21	-0.0034240000000000004	0.067842	0.069008	0.059765	-0.41113999999999995	1535100.0
2015-07-20	7.8e-05	0.072339	0.076337	0.069508	0.009346	1026400.0
2015-07-17	0.000545	0.068841	0.070841	0.063174	0.065414	844200.0
2015-07-16	0.009829000000000001	0.08506799999999999	0.08515199999999999	0.076822	1.16803	1826500.0
2015-07-15	0.001023	0.074975	0.078597	0.069332	0.121467	1062100.0
2015-07-14	0.0030789999999999997	0.07422999999999999	0.07659500000000001	0.067048	0.36443400000000004	2036100.0
2015-07-13	0.000395	0.072118	0.074654	0.065694	0.046722	1563700.0
2015-07-10	0.051578	0.122083	0.128394	0.11408299999999999	5.802795	3460300.0
2015-07-09	0.01492	0.095613	0.099853	0.08569	1.653931	1657900.0
2015-07-08	-0.006449	0.070801	0.071877	0.060494000000000006	-0.719513	828000.0
2015-07-07	0.008361	0.060864999999999995	0.079935	0.047941000000000004	0.9250870000000001	2344700.0
2015-07-06	-0.029108	0.034987	0.047184	0.032442	-3.317207	2195900.0
2015-07-02	-0.004896	0.064411	0.066419	0.058299000000000004	-0.560662	698400.0
2015-07-01	0.015663	0.090572	0.093764	0.07939700000000001	1.766068	1162000.0
2015-06-30	-0.009684	0.07939600000000001	0.07939600000000001	0.05164199999999999	-1.102631	2325700.0
2015-06-29	-0.032476	0.043407	0.04808	0.03321	-3.821807	1540800.0
2015-06-26	0.0035060000000000004	0.078872	0.082368	0.06898	0.41114799999999996	582000.0
2015-06-25	-0.004679	0.070174	0.073908	0.05634	-0.5513	1525800.0
2015-06-24	-0.000634	0.072379	0.080183	0.068732	-0.074753	1035700.0
2015-06-23	0.009521	0.080535	0.082761	0.073685	1.111953	1010000.0
2015-06-22	0.024342	0.097014	0.110346	0.094558	2.775246	1311400.0
2015-06-19	-0.005542	0.070174	0.07156900000000001	0.063457	-0.635406	1285000.0
2015-06-18	0.010376	0.075991	0.088153	0.070262	1.177383	1252400.0
2015-06-17	0.000165	0.060478	0.074757	0.060478	0.018684	1061700.0
2015-06-16	0.008389	0.06733	0.081729	0.06493	0.943779	603000.0
2015-06-15	-0.013277	0.055878	0.064824	0.052984	-1.513778	1556400.0
2015-06-12	-0.007483	0.05198099999999999	0.06625700000000001	0.049369	-0.859665	1220400.0
2015-06-11	0.00433	0.082413	0.089233	0.071922	0.49523900000000004	1089800.0
2015-06-10	0.018132	0.076227	0.09803400000000001	0.073912	2.037056	907600.0
2015-06-09	-0.0029850000000000002	0.06600299999999999	0.073546	0.059436	-0.336395	939100.0
2015-06-08	-0.031406	0.036135	0.047309	0.030891000000000002	-3.65361	2792000.0
2015-06-05	0.022335	0.050841000000000004	0.099701	0.04258	2.541648	4752400.0
2015-06-04	-0.010482	0.05678300000000001	0.071652	0.055042999999999995	-1.2054209999999999	1523400.0
2015-06-03	0.008771	0.084209	0.08640199999999999	0.076753	0.9998469999999999	1598400.0
2015-06-02	0.022718000000000002	0.082195	0.098254	0.079325	2.532296	1458000.0
2015-06-01	-0.010534	0.067333	0.068843	0.056948	-1.1867219999999998	898000.0
2015-05-29	-0.014872	0.066939	0.067726	0.048662000000000004	-1.700653	1019200.0
2015-05-28	0.0036079999999999997	0.075001	0.075791	0.064996	0.411125	624400.0
2015-05-27	0.015659	0.073026	0.091834	0.072313	1.7567439999999999	1437800.0
2015-05-26	-0.020238	0.065982	0.067379	0.048341	-2.317398	792600.0
2015-05-22	-0.011056	0.07060599999999999	0.07060599999999999	0.056442	-1.280151	593600.0
2015-05-21	0.0041329999999999995	0.07104099999999999	0.078239	0.070868	0.476555	609400.0
2015-05-20	-0.0032310000000000004	0.06758099999999999	0.072162	0.06464199999999999	-0.37378	626100.0
2015-05-19	0.014588	0.08333	0.089469	0.080348	1.663285	949900.0
2015-05-18	-0.0078060000000000004	0.059644	0.067737	0.05686	-0.897049	1099700.0
2015-05-15	0.0022	0.069215	0.075668	0.064941	0.252296	926900.0
2015-05-14	0.015727	0.080981	0.087891	0.079564	1.775414	1007100.0
2015-05-13	0.00116	0.08188	0.08480700000000001	0.068312	0.130821	794700.0
2015-05-12	-0.004372999999999999	0.073088	0.073176	0.061697	-0.49524700000000005	1169700.0
2015-05-11	-0.011339	0.055857000000000004	0.072007	0.055072	-1.298859	1091600.0
2015-05-08	0.024229	0.09038099999999999	0.100395	0.089308	2.709839	2050000.0
2015-05-07	-0.001585	0.063032	0.07553	0.060176	-0.177536	1355000.0
2015-05-06	0.022867	0.10122	0.103594	0.09071900000000001	2.504265	2361900.0
2015-05-05	-0.009047	0.077775	0.07858899999999999	0.058773	-0.9998319999999999	1621100.0
2015-05-04	-0.025702	0.060212	0.060828999999999994	0.042315	-2.915421	1735900.0
2015-05-01	0.011245999999999999	0.06981699999999999	0.082477	0.068926	1.261475	798600.0
2015-04-30	0.003176	0.072499	0.07849099999999999	0.070263	0.35508	845000.0
2015-04-29	-0.021074000000000002	0.062242	0.06364299999999999	0.04193	-2.407082	1987500.0
2015-04-28	-0.0034439999999999996	0.083885	0.088858	0.07978400000000001	-0.394783	773300.0
2015-04-27	0.009053	0.10320499999999999	0.10681500000000001	0.098011	1.028275	899600.0
2015-04-24	0.009959	0.090452	0.101566	0.08787400000000001	1.120079	793300.0
2015-04-23	0.002537	0.077084	0.094377	0.07610399999999999	0.284614	1335300.0
2015-04-22	-0.009806	0.080557	0.081616	0.07031799999999999	-1.110908	874500.0
2015-04-21	0.006525	0.090718	0.099957	0.089918	0.7344890000000001	570600.0
2015-04-20	-0.008973	0.08454099999999999	0.088591	0.07520800000000001	-1.019096	1041700.0
2015-04-17	-0.007063	0.083	0.084749	0.073996	-0.8079149999999999	683900.0
2015-04-16	-8e-05	0.082214	0.092529	0.079592	-0.009186	802300.0
2015-04-15	-0.00511	0.090164	0.091208	0.07851	-0.587593	606300.0
2015-04-14	0.004007999999999999	0.09182699999999999	0.09488300000000001	0.088421	0.459053	500700.0
2015-04-13	-0.002798	0.089991	0.0933	0.08555	-0.321335	459000.0
2015-04-10	-0.006591	0.074416	0.08445	0.07182100000000001	-0.762016	740900.0
2015-04-09	0.0030269999999999997	0.092244	0.093025	0.082527	0.348869	862400.0
2015-04-08	-0.008843	0.08654099999999999	0.089121	0.073814	-1.028274	1264500.0
2015-04-07	0.0	0.091271	0.097549	0.088089	0.0	707800.0
2015-04-06	0.0075569999999999995	0.090074	0.104717	0.087128	0.872208	603800.0
2015-04-02	0.017977	0.101379	0.10993499999999999	0.09988	2.038169	965500.0
2015-04-01	0.01296	0.104575	0.106004	0.095015	1.4506	1207500.0
2015-03-31	-0.013274000000000001	0.077658	0.083741	0.074308	-1.505684	813800.0
2015-03-30	0.008159999999999999	0.097117	0.101739	0.095162	0.918099	756700.0
2015-03-27	0.011890000000000001	0.092085	0.10566500000000001	0.088038	1.322067	1206400.0
2015-03-26	-0.006155	0.082861	0.087777	0.076426	-0.6885760000000001	1743800.0
2015-03-25	-0.003924	0.101761	0.10309600000000001	0.08333099999999999	-0.44068900000000005	1488300.0
2015-03-24	-0.008027	0.090267	0.09132699999999999	0.080111	-0.9089200000000001	614600.0
2015-03-23	0.003907	0.095502	0.100201	0.09098099999999999	0.440696	1060500.0
2015-03-20	0.011526999999999999	0.098803	0.10741300000000001	0.09324299999999999	1.285332	1028700.0
2015-03-19	-0.010671	0.07270399999999999	0.080157	0.07270399999999999	-1.202705	1168100.0
2015-03-18	0.014544999999999999	0.087227	0.109641	0.081826	1.615845	1295100.0
2015-03-17	-0.010709999999999999	0.081549	0.082974	0.07202	-1.202706	766000.0
2015-03-16	0.013255000000000001	0.096787	0.10644200000000001	0.096697	1.468964	1118400.0
2015-03-13	-0.018059	0.072284	0.07609400000000001	0.063424	-2.038185	1723600.0
2015-03-12	0.012353	0.099164	0.10266199999999999	0.089745	1.377151	1415400.0
2015-03-11	0.014537999999999999	0.10031	0.114506	0.09767100000000001	1.5974959999999998	1842300.0
2015-03-10	-0.034992	0.061632000000000006	0.062072	0.048723	-3.98455	3305500.0
2015-03-09	-0.00617	0.089905	0.092	0.07960700000000001	-0.7069479999999999	1341000.0
2015-03-06	-0.022633	0.078545	0.07914199999999999	0.062764	-2.653305	2049100.0
2015-03-05	0.010846	0.099813	0.102745	0.095502	1.2578049999999998	896100.0
2015-03-04	0.000396	0.09084600000000001	0.09274400000000001	0.084118	0.045899	1629500.0
2015-03-03	-0.003944	0.091785	0.095479	0.08164600000000001	-0.459046	2406500.0
2015-03-02	0.000868	0.096861	0.099355	0.087487	0.100983	1454400.0
2015-02-27	-0.006509999999999999	0.080066	0.094077	0.076307	-0.762009	1855400.0
2015-02-26	0.02451	0.10636300000000001	0.123431	0.104525	2.800186	1655600.0
2015-02-25	-0.008525	0.09224500000000001	0.09224500000000001	0.072545	-0.98236	1608900.0
2015-02-24	0.001916	0.09920599999999999	0.09929299999999999	0.087121	0.220352	2132000.0
2015-02-23	0.013757	0.095466	0.107277	0.095025	1.5607600000000001	1619400.0
2015-02-20	0.006762000000000001	0.076961	0.099412	0.075186	0.7620239999999999	1364100.0
2015-02-19	0.007139	0.10029	0.106635	0.095195	0.798752	1168700.0
2015-02-18	-0.000984	0.08179700000000001	0.088672	0.078136	-0.110176	987600.0
2015-02-17	0.002218	0.094487	0.100214	0.08795399999999999	0.247887	1523600.0
2015-02-13	-0.006529999999999999	0.08307300000000001	0.08413999999999999	0.071427	-0.734475	1261900.0
2015-02-12	0.010641	0.100258	0.10502	0.097204	1.184342	1450000.0
2015-02-11	-0.005741	0.08491900000000001	0.08876	0.079649	-0.642678	1094800.0
2015-02-10	0.012792	0.09934	0.10522100000000001	0.090293	1.41388	1436800.0
2015-02-09	-0.00742	0.06460199999999999	0.08813	0.064512	-0.8262860000000001	2221200.0
2015-02-06	-0.023351	0.068334	0.070438	0.060614999999999995	-2.662484	2167100.0
2015-02-05	0.004286	0.09528500000000001	0.09651799999999999	0.08682899999999999	0.486588	1548200.0
2015-02-04	-0.015054	0.071509	0.083481	0.066564	-1.735214	2204800.0
2015-02-03	0.019075	0.09583799999999999	0.11016	0.093716	2.157539	2143700.0
2015-02-02	0.009257	0.08438899999999999	0.100272	0.07939199999999999	1.037453	1298800.0
2015-01-30	-0.011339	0.077033	0.07906200000000001	0.06397699999999999	-1.28534	3071700.0
2015-01-29	0.025924000000000003	0.10767	0.117444	0.09816699999999999	2.864464	3548800.0
2015-01-28	-0.004220000000000001	0.10065299999999999	0.102996	0.082178	-0.46823100000000006	2195400.0
2015-01-27	-0.001734	0.08102000000000001	0.092806	0.079311	-0.192795	2284800.0
2015-01-26	0.009590000000000001	0.104103	0.10428499999999999	0.088117	1.055817	3595500.0
2015-01-23	0.008154999999999999	0.102943	0.10980999999999999	0.094976	0.8905559999999999	3710600.0
2015-01-22	0.010191	0.0856	0.10188	0.077552	1.101715	1297700.0
2015-01-21	0.008652	0.096485	0.106281	0.08920700000000001	0.927277	1705800.0
2015-01-20	-0.0023079999999999997	0.100564	0.10075	0.07747799999999999	-0.247894	1195300.0
2015-01-16	0.024247	0.10589200000000001	0.11638	0.094928	2.543144	1504400.0
2015-01-15	0.006254	0.097746	0.10369400000000001	0.091318	0.6518550000000001	1218000.0
2015-01-14	-0.0031609999999999997	0.088155	0.093798	0.077444	-0.33052	853900.0
2015-01-13	0.00379	0.10331900000000001	0.108119	0.086615	0.394783	3495600.0
2015-01-12	0.013307	0.10535499999999999	0.10749500000000001	0.093877	1.3679729999999999	1176800.0
2015-01-09	-0.008062	0.093163	0.094611	0.075795	-0.8354719999999999	968900.0
2015-01-08	0.031620999999999996	0.11080799999999999	0.132509	0.10871800000000001	3.176613	1257200.0
2015-01-07	0.014556999999999999	0.095166	0.11041600000000001	0.092136	1.441429	1837000.0
2015-01-06	-0.0022199999999999998	0.081045	0.09374199999999999	0.073891	-0.22034499999999999	1717700.0
2015-01-05	-0.032665	0.062889	0.06941900000000001	0.050509	-3.3510660000000003	2010600.0
2015-01-02	-0.005164	0.089013	0.090759	0.076213	-0.532501	908400.0
2014-12-31	-0.006018	0.097111	0.09788200000000001	0.081785	-0.624306	661900.0
2014-12-30	-0.015937	0.080386	0.083231	0.066727	-1.68013	979500.0
2014-12-29	-0.004163	0.086279	0.091002	0.082973	-0.44067399999999995	417400.0
2014-12-26	-0.001731	0.091659	0.092885	0.08487	-0.183624	289200.0
2014-12-24	0.00078	0.089019	0.09251000000000001	0.084395	0.082634	179400.0
2014-12-23	0.007859	0.091395	0.102523	0.090349	0.8262780000000001	726600.0
2014-12-22	0.002188	0.08854	0.095498	0.087015	0.22953800000000002	1107500.0
2014-12-19	-0.003228	0.078091	0.092628	0.077141	-0.339706	905000.0
2014-12-18	0.040007	0.10906800000000001	0.132981	0.108673	4.048813	1981700.0
2014-12-17	0.011934	0.086107	0.106806	0.085208	1.193527	1885200.0
2014-12-16	-0.002472	0.07484400000000001	0.10755999999999999	0.073547	-0.247879	2996200.0
2014-12-15	-0.010242	0.096217	0.102239	0.07469500000000001	-1.037453	2088300.0
2014-12-12	-0.020942	0.089884	0.09462000000000001	0.063497	-2.166717	2099700.0
2014-12-11	-0.005647	0.088438	0.097088	0.081807	-0.5875779999999999	1059800.0
2014-12-10	-0.002728	0.094575	0.095533	0.084223	-0.284607	1561700.0
2014-12-09	-0.012513	0.071224	0.076903	0.06706000000000001	-1.322067	2182700.0
2014-12-08	-0.007931	0.082728	0.090803	0.074184	-0.844651	2079400.0
2014-12-05	0.016296	0.103426	0.10743399999999999	0.09646	1.7076650000000002	1102100.0
2014-12-04	-0.002709	0.08454400000000001	0.09054	0.078453	-0.284615	1375200.0
2014-12-03	-0.003915999999999999	0.08807000000000001	0.089776	0.076599	-0.41313900000000003	877400.0
2014-12-02	-0.010762	0.087425	0.088269	0.07382799999999999	-1.147629	893700.0
2014-12-01	-0.00718	0.088742	0.08920700000000001	0.07738300000000001	-0.7711939999999999	3348100.0
2014-11-28	0.016066999999999998	0.102546	0.111249	0.10103200000000001	1.698478	671100.0
2014-11-26	0.000521	0.095833	0.097442	0.087314	0.055085	747200.0
2014-11-25	-0.001995	0.084012	0.089491	0.083634	-0.211159	1063000.0
2014-11-24	0.006723000000000001	0.10613399999999999	0.106705	0.092726	0.706932	1755000.0
2014-11-21	0.015155000000000002	0.10745199999999999	0.109866	0.102143	1.569939	1154300.0
2014-11-20	0.005615	0.094838	0.09881799999999999	0.092217	0.578407	1385200.0
2014-11-19	0.006548999999999999	0.09868500000000001	0.099369	0.093311	0.670212	1219900.0
2014-11-18	0.006774	0.094618	0.101012	0.092257	0.688583	964300.0
2014-11-17	-0.00045099999999999996	0.08438899999999999	0.09609	0.083897	-0.045906	609600.0
2014-11-14	-0.000271	0.080458	0.089699	0.078689	-0.027542	760100.0
2014-11-13	0.013816	0.096483	0.110635	0.09458899999999999	1.3863299999999998	787700.0
2014-11-12	-0.010054	0.083386	0.088714	0.074901	-1.019097	888100.0
2014-11-11	0.008034999999999999	0.09567200000000001	0.099152	0.091892	0.80793	893800.0
2014-11-10	0.010892	0.09865800000000001	0.103182	0.093731	1.083367	556300.0
2014-11-07	-0.001475	0.08479	0.088806	0.080072	-0.146904	730800.0
2014-11-06	-0.001353	0.09445	0.100065	0.08683099999999999	-0.134957	1457500.0
2014-11-05	0.00457	0.101064	0.11163800000000001	0.097338	0.453812	1460300.0
2014-11-04	-0.001369	0.10911099999999999	0.111725	0.090505	-0.136147	1646200.0
2014-11-03	-0.012884999999999999	0.090451	0.095117	0.086579	-1.29792	1348900.0
2014-10-31	0.008817	0.08494299999999999	0.11278599999999998	0.079735	0.880409	2314000.0
2014-10-30	0.000819	0.09264800000000001	0.110489	0.091545	0.081688	1467100.0
2014-10-29	-0.00245	0.108368	0.113667	0.09467	-0.245063	936800.0
2014-10-28	0.020278	0.119315	0.12421199999999999	0.11758099999999999	1.987709	730100.0
2014-10-27	-0.006895999999999999	0.083634	0.100958	0.08333	-0.68071	1436500.0
2014-10-24	0.009281000000000001	0.107904	0.113426	0.10401800000000001	0.907631	618800.0
2014-10-23	0.007103	0.114744	0.116495	0.10856500000000001	0.689796	1035800.0
2014-10-22	-0.011457	0.089349	0.097595	0.08487	-1.125473	2052900.0
2014-10-21	0.010740000000000001	0.10269500000000001	0.118746	0.102283	1.043778	1667400.0
2014-10-20	0.005918	0.100734	0.109324	0.099285	0.571815	915200.0
2014-10-17	0.025036000000000003	0.11609100000000001	0.1354	0.11259000000000001	2.35984	1333600.0
2014-10-16	-0.016013	0.068259	0.096445	0.067006	-1.5338969999999998	3838300.0
2014-10-15	-0.00274	0.099583	0.10103999999999999	0.072306	-0.263214	2422400.0
2014-10-14	-0.0018859999999999999	0.107276	0.113407	0.097093	-0.181519	1162200.0
2014-10-13	-0.002164	0.10166499999999999	0.11068599999999999	0.09731000000000001	-0.20875500000000002	1416800.0
2014-10-10	0.011807	0.113729	0.12296099999999999	0.10827300000000001	1.125458	2565000.0
2014-10-09	-0.01436	0.102079	0.107352	0.083466	-1.388688	2134700.0
2014-10-08	0.011295	0.106893	0.11536300000000001	0.101141	1.080094	2894500.0
2014-10-07	-0.028224000000000003	0.086323	0.087339	0.06986	-2.777352	1953700.0
2014-10-06	0.009027	0.109357	0.112535	0.101564	0.880402	982600.0
2014-10-03	0.004769	0.094042	0.10908399999999999	0.092908	0.462883	1673900.0
2014-10-02	-0.007517	0.09716799999999999	0.09839500000000001	0.08581799999999999	-0.735168	2045900.0
2014-10-01	-0.027966	0.085369	0.08686	0.066484	-2.81366	2787000.0
2014-09-30	0.0014449999999999999	0.099479	0.112419	0.095199	0.14520999999999998	1493700.0
2014-09-29	-0.011873	0.083967	0.091343	0.082	-1.2071379999999998	1115900.0
2014-09-26	-0.0045320000000000004	0.097069	0.099909	0.090803	-0.462883	867300.0
2014-09-25	-0.0154	0.09473200000000001	0.09550299999999999	0.080657	-1.597442	728200.0
2014-09-24	0.0025440000000000003	0.093361	0.107084	0.092201	0.263214	834100.0
2014-09-23	-0.004888	0.089939	0.097249	0.089459	-0.508278	1949000.0
2014-09-22	-0.002177	0.095819	0.101385	0.09284400000000001	-0.226898	1076700.0
2014-09-19	0.000872	0.100712	0.10551500000000001	0.096678	0.090766	1059900.0
2014-09-18	0.012802000000000001	0.11071800000000001	0.119571	0.10478399999999999	1.316056	1036000.0
2014-09-17	-0.010484	0.099266	0.101095	0.089159	-1.089157	917600.0
2014-09-16	8.7e-05	0.08684800000000001	0.10590799999999999	0.0855	0.009079	3066700.0
2014-09-15	0.031546	0.129772	0.141192	0.129177	3.1767119999999998	3772600.0
2014-09-12	-0.010347	0.09145	0.092924	0.086241	-1.052857	871000.0
2014-09-11	0.0035810000000000004	0.100289	0.106602	0.09871100000000001	0.363053	597600.0
2014-09-10	0.0020629999999999997	0.097025	0.10404200000000001	0.094554	0.20875500000000002	647800.0
2014-09-09	0.000269	0.10453699999999999	0.105526	0.097913	0.027237	652600.0
2014-09-08	-0.014153	0.088417	0.09202300000000001	0.08325199999999999	-1.452225	611900.0
2014-09-05	-0.0032619999999999997	0.097106	0.099243	0.090889	-0.33581500000000003	580700.0
2014-09-04	0.008985	0.10853199999999999	0.11931300000000002	0.107454	0.916695	1438500.0
2014-09-03	0.009973000000000001	0.116024	0.11651900000000001	0.108203	1.007484	802600.0
2014-09-02	-0.004294	0.09752999999999999	0.10019199999999999	0.09309500000000001	-0.435669	857500.0
2014-08-29	0.004493	0.101373	0.107313	0.09186799999999999	0.45382700000000004	937000.0
2014-08-28	-0.005719	0.090251	0.09665	0.090054	-0.580902	487700.0
2014-08-27	-0.0008029999999999999	0.104031	0.10472000000000001	0.099802	-0.08167999999999999	925000.0
2014-08-26	0.002775	0.106109	0.11133599999999999	0.103939	0.281356	795600.0
2014-08-25	0.014163999999999998	0.108171	0.122076	0.10517	1.415909	696300.0
2014-08-22	-0.008998	0.096515	0.10157100000000001	0.09136	-0.907623	563200.0
2014-08-21	0.006977	0.104564	0.113548	0.10196799999999999	0.698875	519100.0
2014-08-20	-0.006928	0.093739	0.099588	0.092649	-0.698875	816100.0
2014-08-19	0.003703	0.104555	0.10853499999999999	0.104256	0.372131	422500.0
2014-08-18	0.005905	0.104271	0.110276	0.098666	0.589951	833000.0
2014-08-15	0.006492	0.11496600000000001	0.11688	0.098747	0.644439	863700.0
2014-08-14	0.011936	0.111759	0.11491900000000001	0.110026	1.1708379999999998	521100.0
2014-08-13	-0.0023079999999999997	0.098209	0.104718	0.095565	-0.226921	911500.0
2014-08-12	-0.001291	0.09404900000000001	0.101464	0.092119	-0.12705999999999998	1263300.0
2014-08-11	0.007337000000000001	0.107294	0.112001	0.10678299999999999	0.717033	737100.0
2014-08-08	0.008334000000000001	0.09661	0.11167300000000001	0.091968	0.8077850000000001	924000.0
2014-08-07	-0.010196	0.10381099999999999	0.106058	0.087268	-0.99839	747400.0
2014-08-06	0.0008349999999999999	0.085314	0.10473299999999999	0.08439400000000001	0.08167999999999999	1025600.0
2014-08-05	-0.006543000000000001	0.097301	0.101667	0.09263099999999999	-0.644424	1761700.0
2014-08-04	0.013733	0.108768	0.120091	0.10578299999999999	1.334228	1450900.0
2014-08-01	-0.008705	0.087484	0.09789099999999999	0.085341	-0.8531790000000001	1925400.0
2014-07-31	-0.0155	0.104682	0.10498299999999999	0.08318500000000001	-1.542969	1728300.0
2014-07-30	-9.1e-05	0.10960299999999999	0.11030699999999999	0.094838	-0.009079	821400.0
2014-07-29	-0.0009109999999999999	0.10789000000000001	0.109697	0.100665	-0.090759	1222400.0
2014-07-28	-0.00983	0.09362100000000001	0.09471399999999999	0.085374	-0.9893190000000001	1290100.0
2014-07-25	-0.018848	0.089192	0.092312	0.077981	-1.9332580000000001	1053900.0
2014-07-24	0.001418	0.1005	0.10547899999999999	0.097083	0.145218	776700.0
2014-07-23	0.000266	0.10753099999999999	0.10753099999999999	0.096788	0.027229000000000003	509800.0
2014-07-22	0.008763	0.11053699999999998	0.11398499999999999	0.10768	0.889488	638900.0
2014-07-21	-0.0071909999999999995	0.089641	0.096487	0.087881	-0.735191	865000.0
2014-07-18	0.015872	0.110214	0.121143	0.10902200000000001	1.597435	741800.0
2014-07-17	-0.016148	0.0917	0.09903200000000001	0.08280499999999999	-1.651886	1199200.0
2014-07-16	0.00044400000000000006	0.10235599999999999	0.105778	0.09815	0.045372	703100.0
2014-07-15	-0.005561	0.09904600000000001	0.101574	0.090585	-0.571801	879300.0
2014-07-14	0.002034	0.10683599999999999	0.109662	0.103621	0.208771	548300.0
2014-07-11	-0.00335	0.09701	0.100409	0.093805	-0.34491700000000003	906000.0
2014-07-10	-0.011415999999999999	0.087175	0.094952	0.086599	-1.188995	822600.0
2014-07-09	0.004376	0.105626	0.11073699999999999	0.102251	0.453819	618100.0
2014-07-08	-0.007384999999999999	0.10196000000000001	0.10301300000000001	0.092101	-0.771492	816000.0
2014-07-07	-0.004756	0.09500499999999999	0.099006	0.09300399999999999	-0.49920699999999996	711400.0
2014-07-03	0.011545999999999999	0.109767	0.11632	0.106394	1.1980819999999999	440100.0
2014-07-02	-0.00392	0.098025	0.101289	0.094954	-0.40842399999999995	1046200.0
2014-07-01	-0.001392	0.099277	0.10550699999999999	0.09697599999999999	-0.145226	1114700.0
2014-06-30	0.000609	0.10176900000000001	0.10762000000000001	0.09879600000000001	0.063538	964000.0
2014-06-27	0.006659999999999999	0.09964500000000001	0.1093	0.095976	0.689789	733900.0
2014-06-26	-0.011864	0.090415	0.09156	0.079443	-1.2434690000000002	2005300.0
2014-06-25	0.003563	0.09841799999999999	0.106652	0.09612000000000001	0.372154	1378400.0
2014-06-24	-0.0036369999999999996	0.094041	0.101864	0.093564	-0.381211	1264700.0
2014-06-23	-0.005853	0.09399199999999999	0.096742	0.089629	-0.617187	2490600.0
2014-06-20	0.012375	0.10608900000000002	0.120012	0.10580099999999999	1.288834	5124700.0
2014-06-19	0.01253	0.116351	0.117324	0.11022699999999999	1.288833	781500.0
2014-06-18	0.010882	0.09941	0.11493800000000001	0.098624	1.107315	775700.0
2014-06-17	0.00475	0.103941	0.10957	0.100485	0.481041	795600.0
2014-06-16	0.00432	0.10543800000000002	0.11	0.10048	0.435669	751600.0
2014-06-13	-0.0066170000000000005	0.095169	0.098124	0.092804	-0.671646	797700.0
2014-06-12	-0.009564	0.090451	0.098256	0.08820700000000001	-0.98024	1296600.0
2014-06-11	-0.010081999999999999	0.091627	0.093076	0.084093	-1.043785	1419800.0
2014-06-10	0.028492	0.114882	0.134749	0.11349100000000001	2.868118	3141600.0
2014-06-09	-0.00162	0.091157	0.101174	0.08996699999999999	-0.16335999999999998	971500.0
2014-06-06	0.006159	0.10456300000000002	0.10935299999999999	0.101469	0.617164	829600.0
2014-06-05	0.002361	0.10176900000000001	0.10717	0.098968	0.23599299999999998	671200.0
2014-06-04	0.002183	0.11059000000000001	0.11069000000000001	0.099764	0.217819	712500.0
2014-06-03	0.0023710000000000003	0.103879	0.106592	0.101066	0.236008	395900.0
2014-06-02	-0.002456	0.09796	0.10156799999999999	0.094652	-0.24507199999999998	752900.0
2014-05-30	-0.001	0.10106799999999999	0.10287	0.098264	-0.099838	1160500.0
2014-05-29	0.00091	0.100165	0.105076	0.09796	0.090767	1361900.0
2014-05-28	-0.009372	0.083997	0.09700299999999999	0.083997	-0.943947	1319600.0
2014-05-27	0.00836	0.107976	0.114383	0.106474	0.8350219999999999	827900.0
2014-05-23	-0.004072	0.08900599999999999	0.09877799999999999	0.08771	-0.408432	549300.0
2014-05-22	-0.002257	0.100177	0.10246500000000001	0.094606	-0.226906	537900.0
2014-05-21	0.0049	0.09647	0.10746700000000001	0.095871	0.49012799999999995	552200.0
2014-05-20	-9.1e-05	0.09807	0.103868	0.09717100000000001	-0.009087	799100.0
2014-05-19	-0.005683	0.09739600000000001	0.09838999999999999	0.090637	-0.5718	1860600.0
2014-05-16	0.023168	0.125057	0.127803	0.117226	2.278145	1360300.0
2014-05-15	-0.00733	0.10328299999999999	0.10338399999999999	0.091573	-0.72609	1199500.0
2014-05-14	-0.007277	0.09766	0.100466	0.09345099999999999	-0.72612	674500.0
2014-05-13	-0.000273	0.098362	0.10387300000000001	0.09195	-0.027229000000000003	995300.0
2014-05-12	0.008898999999999999	0.10975399999999999	0.11339300000000001	0.107732	0.880409	653100.0
2014-05-09	-0.001923	0.10862899999999999	0.108831	0.09511	-0.19059700000000002	739000.0
2014-05-08	0.008216	0.116212	0.122925	0.106753	0.8077850000000001	1099000.0
2014-05-07	0.017471	0.099802	0.122467	0.099802	1.688194	1413400.0
2014-05-06	-0.008568000000000001	0.097357	0.10064	0.091919	-0.8350139999999999	704000.0
2014-05-05	0.01054	0.104361	0.114004	0.100939	1.016548	649600.0
2014-05-02	-0.00403	0.094747	0.10331800000000001	0.093198	-0.390289	705000.0
2014-05-01	0.008221	0.110723	0.116449	0.104788	0.7896340000000001	990300.0
2014-04-30	-0.030063999999999997	0.092882	0.093084	0.067332	-2.97702	2849400.0
2014-04-29	0.008259	0.13062100000000001	0.13408299999999998	0.12746500000000002	0.811081	1719700.0
2014-04-28	0.009991	0.132867	0.138935	0.12803399999999998	0.9714969999999999	1594200.0
2014-04-25	-0.000366	0.124331	0.12762	0.113125	-0.035644999999999996	789500.0
2014-04-24	0.006827	0.127038	0.13231700000000002	0.121242	0.659554	793300.0
2014-04-23	-0.012031	0.114501	0.115013	0.10601400000000001	-1.176507	736900.0
2014-04-22	0.007437	0.130929	0.13103199999999998	0.124851	0.721947	547700.0
2014-04-21	-0.002656	0.12206900000000001	0.12381600000000001	0.11610999999999999	-0.25847600000000004	521800.0
2014-04-17	0.002203	0.11795	0.1266	0.11589100000000001	0.21391300000000002	970700.0
2014-04-16	0.006745	0.130363	0.13254000000000002	0.12486900000000001	0.6506350000000001	1038600.0
2014-04-15	0.0	0.121448	0.122277	0.10776400000000001	0.0	2029600.0
2014-04-14	0.024905	0.143534	0.151078	0.138222	2.3441080000000003	1717000.0
2014-04-11	0.000663	0.12366700000000001	0.127601	0.121754	0.062386000000000004	1099700.0
2014-04-10	-0.018963999999999998	0.124365	0.12478199999999999	0.100689	-1.81823	1062700.0
2014-04-09	0.01395	0.138041	0.13857	0.12545599999999998	1.319115	1267000.0
2014-04-08	0.0036899999999999997	0.122179	0.129503	0.11846300000000001	0.347595	1779800.0
2014-04-07	-0.008722	0.12607000000000002	0.126912	0.107867	-0.8289030000000001	2462100.0
2014-04-04	-0.00411	0.119032	0.126053	0.11316400000000001	-0.39217399999999997	1365200.0
2014-04-03	0.001216	0.12301500000000001	0.12542799999999998	0.11923800000000001	0.11586800000000001	1225100.0
2014-04-02	0.0032840000000000005	0.124072	0.129124	0.122387	0.31196599999999997	651900.0
2014-04-01	0.012251	0.128359	0.13667	0.12750699999999998	1.149765	1297800.0
2014-03-31	-0.0048200000000000005	0.125041	0.12578399999999998	0.11051400000000002	-0.45456	1349000.0
2014-03-28	0.014963999999999998	0.138217	0.144675	0.134773	1.390419	1203500.0
2014-03-27	0.011448999999999999	0.13459400000000002	0.137641	0.131001	1.051728	1033400.0
2014-03-26	0.001457	0.126545	0.136574	0.123601	0.133682	841000.0
2014-03-25	0.01399	0.132467	0.141421	0.12904100000000002	1.2656319999999999	728600.0
2014-03-24	-0.0043159999999999995	0.114482	0.12240699999999999	0.111621	-0.39215	881900.0
2014-03-21	0.014025999999999999	0.127881	0.14116199999999998	0.1271	1.256713	1157100.0
2014-03-20	0.0045969999999999995	0.117369	0.129366	0.114454	0.40998900000000005	886800.0
2014-03-19	-0.017959	0.106331	0.11492000000000001	0.096532	-1.631066	1601100.0
2014-03-18	0.013628	0.124422	0.13893	0.124422	1.221077	1621700.0
2014-03-17	0.007314	0.12443900000000001	0.13511900000000002	0.12376500000000001	0.650628	1360700.0
2014-03-14	-0.009528	0.11606500000000002	0.12185499999999999	0.11016300000000001	-0.8556370000000001	1528600.0
2014-03-13	-0.013704	0.12559	0.138989	0.10263699999999999	-1.247803	2096600.0
2014-03-12	-0.008829	0.102155	0.114455	0.101175	-0.8110649999999999	1375300.0
2014-03-11	-0.0019370000000000001	0.12229200000000001	0.128376	0.118924	-0.178269	757300.0
2014-03-10	-0.001161	0.11654	0.121858	0.111983	-0.10694100000000001	647000.0
2014-03-07	-0.010717	0.11166	0.118316	0.103823	-0.9982610000000001	1064100.0
2014-03-06	0.009758	0.122725	0.136384	0.1224	0.9002	1001500.0
2014-03-05	-0.002506	0.11418099999999999	0.120993	0.112883	-0.231735	1183600.0
2014-03-04	0.016059	0.145368	0.145697	0.137128	1.461716	792000.0
2014-03-03	-0.023803	0.097084	0.10502	0.092365	-2.219307	1901500.0
2014-02-28	0.005961999999999999	0.12779200000000002	0.138474	0.12487899999999999	0.552605	1565200.0
2014-02-27	0.002313	0.12488599999999998	0.12650799999999998	0.11764100000000001	0.213905	851300.0
2014-02-26	0.015463999999999999	0.13031199999999998	0.15029800000000001	0.129653	1.408249	2934000.0
2014-02-25	-0.009501	0.112721	0.116093	0.10423699999999998	-0.873474	2018100.0
2014-02-24	0.016457	0.128932	0.141646	0.128268	1.488464	2210200.0
2014-02-21	0.00148	0.123848	0.127502	0.121302	0.133682	958700.0
2014-02-20	-0.000296	0.12252	0.12550799999999998	0.116764	-0.026733	824300.0
2014-02-19	0.0053560000000000005	0.127864	0.13532	0.124971	0.4813	919900.0
2014-02-18	-0.007775	0.123733	0.1255	0.11026199999999999	-0.704117	1333900.0
2014-02-14	0.013566	0.12241400000000001	0.13931300000000002	0.121183	1.212151	1214200.0
2014-02-13	0.005718	0.116676	0.12872	0.11476300000000002	0.508034	765500.0
2014-02-12	0.001105	0.125798	0.1276	0.12151600000000001	0.09806000000000001	1126700.0
2014-02-11	0.020707	0.13461800000000002	0.14704	0.132893	1.8004080000000002	1570200.0
2014-02-10	0.001437	0.127956	0.128762	0.119317	0.124778	991700.0
2014-02-07	0.011842	0.135718	0.136884	0.12954100000000002	1.01606	1337400.0
2014-02-06	0.0223	0.135906	0.148535	0.134714	1.87172	1266200.0
2014-02-05	-0.0009550000000000001	0.11791900000000001	0.12399	0.117086	-0.080216	1716100.0
2014-02-04	-0.00053	0.115899	0.127082	0.11494700000000001	-0.044563	2712500.0
2014-02-03	-0.016477000000000002	0.11752	0.121147	0.100905	-1.408249	3157300.0
2014-01-31	-0.007247	0.09548200000000001	0.11964300000000001	0.093856	-0.623894	2385900.0
2014-01-30	-0.001344	0.11953	0.12521400000000002	0.112454	-0.11586700000000001	1516200.0
2014-01-29	-0.018868	0.11104000000000001	0.115593	0.1	-1.657814	2718000.0
2014-01-28	0.003563	0.12722	0.129162	0.121281	0.31195	1795500.0
2014-01-27	0.001836	0.13524	0.135812	0.12311	0.160431	1499600.0
2014-01-24	-0.042667000000000004	0.097428	0.098195	0.073657	-3.894943	2788200.0
2014-01-23	-0.011008	0.126842	0.127275	0.10614900000000001	-1.016067	1492900.0
2014-01-22	-0.001831	0.125643	0.128022	0.11969500000000001	-0.16935	959100.0
2014-01-21	0.02247	0.156243	0.156907	0.135124	2.03215	1913500.0
2014-01-17	-0.01914	0.10678299999999999	0.10808399999999999	0.09854	-1.764747	2721100.0
2014-01-16	0.003297	0.126754	0.128495	0.117505	0.30302399999999996	911500.0
2014-01-15	0.001749	0.111502	0.12948800000000002	0.10910399999999999	0.160446	1541900.0
2014-01-14	0.003901	0.12382699999999999	0.130502	0.12130999999999999	0.356506	1488200.0
2014-01-13	-0.02538	0.104476	0.11034100000000001	0.091678	-2.379745	1496500.0
2014-01-10	0.002573	0.125067	0.125816	0.115123	0.240654	787900.0
2014-01-09	0.0	0.12870299999999998	0.132017	0.117048	0.0	1101400.0
2014-01-08	0.004307	0.117349	0.127658	0.115201	0.401062	965400.0
2014-01-07	0.018919	0.135424	0.144506	0.135096	1.7291029999999998	1326600.0
2014-01-06	-0.011567000000000001	0.115802	0.117532	0.10595999999999998	-1.069534	1805300.0
2014-01-03	0.001835	0.119582	0.13128399999999998	0.11871500000000001	0.169319	512200.0
2014-01-02	-0.027333999999999997	0.092563	0.096568	0.084343	-2.593636	1379700.0
2013-12-31	0.010440000000000001	0.132402	0.13762	0.126971	0.980416	493100.0
2013-12-30	-0.006412999999999999	0.119744	0.125246	0.108952	-0.606072	984100.0
2013-12-27	0.009328	0.132859	0.13841199999999998	0.12826700000000002	0.873459	871500.0
2013-12-26	0.012627	0.126616	0.13689	0.123805	1.1675950000000002	605200.0
2013-12-24	0.000868	0.124347	0.125646	0.12055899999999999	0.080215	248800.0
2013-12-23	0.002805	0.129998	0.130107	0.124571	0.258477	889200.0
2013-12-20	0.001841	0.12609800000000002	0.13001300000000002	0.123162	0.169349	877600.0
2013-12-19	-0.002031	0.125005	0.125113	0.11751700000000001	-0.187164	1325900.0
2013-12-18	0.018721	0.12848900000000002	0.14330199999999998	0.11809700000000001	1.6934360000000002	752200.0
2013-12-17	-0.005974	0.119769	0.121966	0.11097699999999999	-0.543679	759600.0
2013-12-16	0.01886	0.14044	0.145254	0.140216	1.6845400000000001	815300.0
2013-12-13	-0.0021899999999999997	0.11839100000000001	0.12241300000000001	0.11112999999999999	-0.196075	1115900.0
2013-12-12	-0.009664	0.11466400000000002	0.119532	0.10714100000000001	-0.873482	840400.0
2013-12-11	-0.0064659999999999995	0.124055	0.125704	0.11383199999999999	-0.588242	1089400.0
2013-12-10	-0.004098	0.11638299999999999	0.120762	0.11408399999999999	-0.374336	977900.0
2013-12-09	-0.001364	0.11398599999999999	0.123169	0.113658	-0.124786	832200.0
2013-12-06	0.018963	0.127647	0.144022	0.12753599999999998	1.7023689999999998	811500.0
2013-12-05	-0.007684999999999999	0.11411800000000001	0.11898199999999999	0.10903299999999999	-0.695221	1629800.0
2013-12-04	-0.002359	0.107189	0.120643	0.10553499999999999	-0.213905	1283200.0
2013-12-03	-0.003331	0.11141500000000001	0.11833900000000001	0.110975	-0.303032	1495800.0
2013-12-02	-0.000294	0.11383499999999999	0.124823	0.113396	-0.026733	1070000.0
2013-11-29	-0.005939	0.11901700000000001	0.120874	0.11300999999999999	-0.543701	347100.0
2013-11-27	0.0	0.12076500000000001	0.127755	0.118799	0.0	696900.0
2013-11-26	0.003125	0.119994	0.130184	0.118131	0.285209	797300.0
2013-11-25	-0.009288	0.11827599999999999	0.127937	0.10915699999999999	-0.8556290000000001	1055800.0
2013-11-22	-0.001835	0.113623	0.12521600000000002	0.11188900000000002	-0.169372	1166900.0
2013-11-21	9.7e-05	0.1224	0.12380799999999999	0.115573	0.008934000000000001	466600.0
2013-11-20	-0.009092	0.115846	0.124973	0.10671900000000001	-0.8467180000000001	730700.0
2013-11-19	-0.003243	0.11607999999999999	0.124428	0.11351099999999999	-0.30304699999999996	1142700.0
2013-11-18	0.002007	0.128186	0.131189	0.122395	0.187172	1471200.0
2013-11-15	-0.000859	0.122824	0.12496700000000001	0.120466	-0.080208	1116800.0
2013-11-14	0.009156000000000001	0.126832	0.135266	0.12488599999999998	0.8467100000000001	1475200.0
2013-11-13	-0.000867	0.11019000000000001	0.122074	0.10608499999999998	-0.080208	1040400.0
2013-11-12	-0.004792	0.115407	0.12153599999999999	0.109171	-0.44565600000000005	1781700.0
2013-11-11	0.015078	0.125568	0.14052	0.123385	1.381516	2609700.0
2013-11-08	0.012509000000000001	0.108153	0.137106	0.107821	1.1319350000000001	1740100.0
2013-11-07	-0.014119	0.121378	0.123448	0.10351099999999999	-1.2959370000000001	856800.0
2013-11-06	0.015159	0.146671	0.15386	0.145123	1.370629	857200.0
2013-11-05	-0.001172	0.118815	0.133507	0.11749000000000001	-0.10611	665900.0
2013-11-04	-0.0020469999999999998	0.12854100000000002	0.130746	0.124021	-0.185699	1396300.0
2013-11-01	-0.011086	0.11701099999999999	0.11984500000000001	0.10796199999999999	-1.01693	1153600.0
2013-10-31	0.0047469999999999995	0.14027699999999999	0.147835	0.13009	0.433327	2958400.0
2013-10-30	-0.010543	0.114599	0.120018	0.108855	-0.972725	2158100.0
2013-10-29	0.000575	0.128254	0.133242	0.127169	0.053047000000000004	1024500.0
2013-10-28	-0.004107	0.125132	0.130964	0.119084	-0.380241	1285600.0
2013-10-25	0.014828000000000001	0.140501	0.147954	0.13798	1.3529579999999999	1404800.0
2013-10-24	0.001164	0.134916	0.135794	0.127564	0.10611	635800.0
2013-10-23	-0.006076	0.128348	0.128893	0.12115	-0.557098	1133600.0
2013-10-22	0.010328	0.133391	0.152122	0.13327999999999998	0.9373469999999999	881800.0
2013-10-21	-0.000682	0.125461	0.130636	0.12435999999999998	-0.061897	789700.0
2013-10-18	0.016832	0.145748	0.151794	0.142501	1.5032729999999999	950100.0
2013-10-17	0.021647	0.150302	0.156022	0.142181	1.89238	1088000.0
2013-10-16	0.008055	0.139966	0.143656	0.13408499999999998	0.698577	485800.0
2013-10-15	-0.007087	0.12765	0.130055	0.120323	-0.618995	675000.0
2013-10-14	0.003658	0.12625999999999998	0.135568	0.122697	0.318336	642500.0
2013-10-11	0.009955	0.136775	0.14211400000000002	0.134338	0.857765	996000.0
2013-10-10	0.016694999999999998	0.134042	0.15174100000000001	0.133688	1.414872	1057200.0
2013-10-09	-0.009507999999999999	0.119052	0.127701	0.11776600000000001	-0.813561	2980200.0
2013-10-08	-0.009824	0.12298699999999999	0.124607	0.117201	-0.848907	1228100.0
2013-10-07	-0.01253	0.113258	0.119657	0.112001	-1.0965120000000002	1079200.0
2013-10-04	0.007739	0.136729	0.140414	0.133159	0.672058	504400.0
2013-10-03	-0.00183	0.132925	0.1335	0.123615	-0.159172	302900.0
2013-10-02	-0.003141	0.12295	0.127304	0.115043	-0.27413200000000004	978900.0
2013-10-01	-0.005141	0.113871	0.12527	0.11056500000000001	-0.45098900000000003	1643500.0
2013-09-30	-0.004116	0.135397	0.137214	0.121206	-0.362556	1183400.0
2013-09-27	-0.005987	0.12228	0.128486	0.12228	-0.530571	1464000.0
2013-09-26	0.007541	0.139497	0.142226	0.13256199999999999	0.663223	3022900.0
2013-09-25	0.0035310000000000003	0.127775	0.139756	0.127775	0.309494	1643400.0
2013-09-24	-0.00442	0.12279100000000001	0.12801600000000002	0.11779300000000001	-0.38909099999999996	1107100.0
2013-09-23	-0.010043999999999999	0.137716	0.13827799999999998	0.11803599999999999	-0.893128	1250800.0
2013-09-20	-0.019596000000000002	0.121705	0.12181600000000001	0.106932	-1.777412	1418700.0
2013-09-19	0.001367	0.145981	0.146533	0.126109	0.123794	2665800.0
2013-09-18	0.027794	0.134714	0.163649	0.128814	2.449471	1583300.0
2013-09-17	-0.00020099999999999998	0.123028	0.131423	0.123028	-0.017693	1292100.0
2013-09-16	0.013626	0.14799	0.149255	0.14109100000000002	1.18496	1413100.0
2013-09-13	0.015909	0.143824	0.14954800000000001	0.14113699999999998	1.361801	1060700.0
2013-09-12	-0.008705	0.11417999999999999	0.122171	0.111748	-0.75164	3344300.0
2013-09-11	0.012967	0.121002	0.14552	0.11971199999999999	1.1053540000000002	1267100.0
2013-09-10	0.007736	0.13322	0.141968	0.13156500000000002	0.654358	744000.0
2013-09-09	-0.0011480000000000001	0.122472	0.130384	0.11928399999999999	-0.09726	1068100.0
2013-09-06	0.010979000000000001	0.137899	0.153777	0.130498	0.9196549999999999	1446400.0
2013-09-05	-0.008270999999999999	0.120201	0.12529200000000001	0.11380799999999999	-0.698585	871100.0
2013-09-04	0.00717	0.11607100000000001	0.140753	0.11571300000000001	0.601326	860900.0
2013-09-03	0.015961000000000003	0.148422	0.153873	0.141759	1.317581	908300.0
2013-08-30	-0.006386	0.12869	0.12880999999999998	0.116532	-0.530579	1064000.0
2013-08-29	-0.000532	0.12484100000000001	0.134706	0.120751	-0.044205	1022300.0
2013-08-28	-0.008856999999999999	0.111301	0.124775	0.109155	-0.742797	1309400.0
2013-08-27	-0.020753999999999998	0.11299100000000001	0.119297	0.105051	-1.7774279999999998	1048500.0
2013-08-26	-0.0052380000000000005	0.122609	0.12772	0.120751	-0.450981	578000.0
2013-08-23	0.009016	0.128747	0.141404	0.127457	0.769325	663400.0
2013-08-22	0.002598	0.126274	0.136026	0.124394	0.221077	545500.0
2013-08-21	-0.002694	0.12534800000000001	0.137888	0.124997	-0.22991199999999998	1253400.0
2013-08-20	-0.005257	0.127476	0.133188	0.120948	-0.450996	1308400.0
2013-08-19	-0.00635	0.131667	0.13247799999999998	0.12355899999999999	-0.548248	1260600.0
2013-08-16	-0.004588	0.134661	0.13616	0.12520599999999998	-0.397942	975500.0
2013-08-15	-0.008792	0.11074200000000001	0.123771	0.10754200000000001	-0.7693180000000001	1328500.0
2013-08-14	-0.012672	0.129051	0.131872	0.114495	-1.123047	1224100.0
2013-08-13	0.0018989999999999999	0.129386	0.134926	0.121021	0.168007	671200.0
2013-08-12	0.007148999999999999	0.12949000000000002	0.139396	0.12949000000000002	0.627838	1052300.0
2013-08-09	-0.016731	0.11798099999999999	0.12335499999999999	0.109473	-1.49443	1281000.0
2013-08-08	0.020097	0.13885	0.15404	0.135653	1.7597200000000002	2630600.0
2013-08-07	0.006096	0.140048	0.140968	0.132235	0.530578	1380400.0
2013-08-06	0.001628	0.139258	0.141099	0.130051	0.14148	979000.0
2013-08-05	0.001121	0.128667	0.134774	0.123252	0.09728200000000001	865400.0
2013-08-02	0.002144	0.137784	0.13836099999999998	0.128893	0.1857	1617200.0
2013-08-01	0.0233	0.150706	0.158977	0.147634	1.971962	2440500.0
2013-07-31	0.063799	0.204889	0.217207	0.19634200000000002	5.075783	4720700.0
2013-07-30	0.01329	0.155565	0.156838	0.141809	1.043464	1545300.0
2013-07-29	-0.006045	0.121741	0.12997	0.12136199999999998	-0.477516	987100.0
2013-07-26	0.004611	0.120046	0.13683399999999998	0.11979200000000001	0.362564	1185900.0
2013-07-25	-0.0045899999999999995	0.114272	0.126299	0.11186700000000001	-0.362564	1255000.0
2013-07-24	0.008695	0.140944	0.143626	0.134432	0.680908	2845600.0
2013-07-23	-0.007398	0.125406	0.128194	0.117421	-0.583641	2999400.0
2013-07-22	-0.002348	0.131868	0.135535	0.128074	-0.185692	1175600.0
2013-07-19	-0.002454	0.126063	0.133001	0.12000799999999999	-0.19454200000000002	1655600.0
2013-07-18	-0.012556	0.111674	0.118899	0.111052	-1.0080870000000002	3048400.0
2013-07-17	-0.01111	0.128762	0.13097899999999998	0.114474	-0.90197	1545900.0
2013-07-16	-0.0013050000000000002	0.129503	0.12987200000000002	0.11658699999999998	-0.106109	2427200.0
2013-07-15	0.0029460000000000003	0.139122	0.140479	0.131596	0.238746	1128500.0
2013-07-12	-0.013666	0.116132	0.12075599999999999	0.10761300000000001	-1.123047	2142400.0
2013-07-11	0.021769999999999998	0.161692	0.162314	0.149507	1.7509009999999998	2143800.0
2013-07-10	0.010331	0.139022	0.145554	0.134499	0.8223799999999999	968900.0
2013-07-09	0.0040149999999999995	0.14283800000000002	0.14372100000000002	0.12896400000000002	0.318336	835900.0
2013-07-08	0.018864	0.150518	0.15501500000000001	0.147305	1.467926	1315100.0
2013-07-05	0.006174	0.143528	0.143786	0.123874	0.477509	969200.0
2013-07-03	-0.021591	0.091259	0.106946	0.088729	-1.7066729999999999	1922900.0
2013-07-02	-0.015203	0.116155	0.12101400000000001	0.108431	-1.220299	1138300.0
2013-07-01	0.00565	0.133237	0.139	0.12484200000000001	0.450966	2371300.0
2013-06-28	0.002443	0.130103	0.13889400000000002	0.11653800000000002	0.19455	2383100.0
2013-06-27	0.015451	0.142207	0.159297	0.141442	1.211471	1574700.0
2013-06-26	0.020133	0.14881	0.162732	0.14829	1.547501	2089400.0
2013-06-25	0.003232	0.128768	0.14038399999999998	0.123677	0.24759699999999998	2200200.0
2013-06-24	-0.006878	0.095598	0.133319	0.08807999999999999	-0.530579	4767000.0
2013-06-21	-0.0027429999999999998	0.150505	0.150893	0.123876	-0.21221900000000002	2266500.0
2013-06-20	-0.046643000000000004	0.091296	0.10016900000000001	0.07662999999999999	-3.7847370000000002	4033700.0
2013-06-19	-0.020077	0.13629000000000002	0.13786099999999998	0.107669	-1.662475	1308600.0
2013-06-18	-0.010879999999999999	0.117836	0.126556	0.116522	-0.910797	1882200.0
2013-06-17	0.010029000000000001	0.143404	0.146903	0.137492	0.8312149999999999	2350500.0
2013-06-14	0.004932	0.140677	0.146618	0.13534200000000002	0.40678400000000003	767500.0
2013-06-13	0.006365999999999999	0.11950899999999999	0.13964100000000002	0.11950899999999999	0.52172	1008100.0
2013-06-12	-0.0008619999999999999	0.151337	0.152435	0.127077	-0.070739	791700.0
2013-06-11	-0.010243	0.11034300000000001	0.124944	0.108896	-0.848915	759200.0
2013-06-10	-0.007309	0.128341	0.12858	0.121154	-0.610169	717900.0
2013-06-07	0.018447	0.135858	0.163184	0.13537000000000002	1.512146	1623200.0
2013-06-06	0.023969999999999998	0.14672000000000002	0.158462	0.143972	1.9188919999999998	1168600.0
2013-06-05	-0.019495	0.115668	0.120078	0.102441	-1.591728	1499100.0
2013-06-04	0.000217	0.131959	0.135021	0.127426	0.017692	725800.0
2013-06-03	0.004243	0.124828	0.135654	0.11929200000000001	0.344887	999200.0
2013-05-31	-0.024204	0.112969	0.11609000000000001	0.10120499999999999	-2.016159	1568200.0
2013-05-30	0.004586	0.13760999999999998	0.14171	0.13363	0.380242	1011200.0
2013-05-29	-0.021088	0.12011300000000001	0.122592	0.10653699999999999	-1.7862779999999998	767900.0
2013-05-28	0.001883	0.14292	0.148361	0.130383	0.159172	567200.0
2013-05-24	0.000105	0.12801700000000002	0.132867	0.124232	0.008842000000000001	623700.0
2013-05-23	0.003464	0.123259	0.135011	0.117799	0.291825	948600.0
2013-05-22	-0.003452	0.132867	0.140556	0.12458699999999999	-0.291825	948600.0
2013-05-21	0.001257	0.129909	0.138673	0.127421	0.106118	1081200.0
2013-05-20	-0.009235	0.123346	0.125341	0.11923900000000001	-0.787018	832900.0
2013-05-17	-0.003619	0.12325599999999999	0.13179200000000002	0.116709	-0.309502	1345300.0
2013-05-16	-0.010638	0.126923	0.130393	0.11778499999999999	-0.9196549999999999	583200.0
2013-05-15	-0.007412	0.11305899999999999	0.127412	0.11305899999999999	-0.645523	947700.0
2013-05-14	0.00974	0.133986	0.142218	0.133639	0.840065	855000.0
2013-05-13	0.008165	0.1367	0.14114200000000002	0.133194	0.6985859999999999	897000.0
2013-05-10	0.00509	0.132971	0.138492	0.129446	0.433303	448700.0
2013-05-09	-0.015444999999999999	0.120215	0.122297	0.11073	-1.335281	774000.0
2013-05-08	0.015054	0.145062	0.150111	0.142362	1.282219	1287700.0
2013-05-07	0.0054280000000000005	0.13805699999999999	0.141598	0.12424600000000001	0.45983100000000005	785200.0
2013-05-06	-0.004158	0.129798	0.130504	0.123333	-0.353706	607900.0
2013-05-03	0.009974	0.13263699999999998	0.146291	0.131925	0.840073	2058800.0
2013-05-02	0.0037939999999999996	0.130856	0.13955599999999999	0.128353	0.318328	2127000.0
2013-05-01	-0.007634	0.131329	0.138543	0.121868	-0.645523	1311600.0
2013-04-30	0.001466	0.11190599999999999	0.133936	0.10633900000000002	0.123803	5002900.0
2013-04-29	0.014341999999999999	0.141789	0.153082	0.140347	1.193794	3877900.0
2013-04-26	-0.021619	0.11052200000000001	0.11158	0.097122	-1.839318	3503100.0
2013-04-25	-0.000727	0.142367	0.143189	0.126863	-0.061903999999999994	1620200.0
2013-04-24	-0.011803	0.113678	0.12946300000000002	0.11356199999999998	-1.016938	1559500.0
2013-04-23	0.006435	0.140003	0.144208	0.135213	0.5509109999999999	1334400.0
2013-04-22	-0.002016	0.154842	0.15799000000000002	0.14878	-0.172905	947800.0
2013-04-19	0.016911000000000002	0.162991	0.18195899999999998	0.16239800000000001	1.426468	1183100.0
2013-04-18	0.008579999999999999	0.165077	0.172132	0.154436	0.7175520000000001	1380900.0
2013-04-17	-0.026173000000000002	0.15367999999999998	0.15391300000000002	0.126084	-2.247757	1818700.0
2013-04-16	0.0113	0.16977799999999998	0.173193	0.159887	0.9596180000000001	713200.0
2013-04-15	-0.021419	0.140229	0.14576	0.131932	-1.8587189999999998	1103200.0
2013-04-12	-0.004956	0.14615899999999998	0.151662	0.142375	-0.432258	1513000.0
2013-04-11	-0.009427	0.14523599999999998	0.151937	0.142623	-0.829941	897600.0
2013-04-10	0.0315	0.163268	0.193378	0.16256500000000002	2.6886520000000003	2131500.0
2013-04-09	-0.005039	0.147615	0.15764	0.14330199999999998	-0.432259	947700.0
2013-04-08	0.016701	0.17721099999999998	0.18171400000000001	0.172233	1.4091799999999999	1218300.0
2013-04-05	-0.019588	0.129983	0.140789	0.123825	-1.6858220000000002	1315100.0
2013-04-04	0.004744	0.149586	0.168849	0.145617	0.406319	990500.0
2013-04-03	-0.010584999999999999	0.16756600000000002	0.17218599999999998	0.14354	-0.916374	3954100.0
2013-04-02	0.008256	0.161017	0.183144	0.16008499999999998	0.708893	1679200.0
2013-04-01	-0.00231	0.156475	0.161355	0.149387	-0.19883800000000001	487800.0
2013-03-28	0.02155	0.17831	0.184364	0.172732	1.8154990000000002	1005000.0
2013-03-27	-0.012565	0.13033599999999998	0.14416600000000002	0.127289	-1.072014	1156200.0
2013-03-26	0.013347999999999999	0.157064	0.173929	0.152313	1.1238780000000002	1351700.0
2013-03-25	-0.007238	0.16047999999999998	0.164018	0.14244	-0.613815	2386800.0
2013-03-22	0.0254	0.16372	0.186088	0.16214800000000001	2.100807	2266800.0
2013-03-21	-0.004785	0.149368	0.15670699999999999	0.144314	-0.39768200000000004	2061300.0
2013-03-20	0.008921	0.16969700000000001	0.172247	0.160956	0.7348399999999999	1151000.0
2013-03-19	-0.003556	0.156224	0.16275599999999998	0.144127	-0.29394499999999996	1169400.0
2013-03-18	0.001991	0.150162	0.171132	0.150162	0.164269	1363000.0
2013-03-15	-0.008623	0.15274200000000002	0.15454400000000001	0.137481	-0.7175600000000001	1311900.0
2013-03-14	0.006167	0.159609	0.167105	0.155257	0.5100779999999999	743600.0
2013-03-13	-0.0016699999999999998	0.150069	0.157553	0.14862	-0.138321	998200.0
2013-03-12	-0.011858	0.14812	0.154918	0.13905499999999998	-0.994209	962800.0
2013-03-11	-0.0016469999999999998	0.15123	0.156588	0.148491	-0.138329	1197400.0
2013-03-08	0.016322	0.156708	0.177644	0.153319	1.3486639999999999	2034900.0
2013-03-07	0.015512	0.16936600000000002	0.178829	0.16383499999999998	1.262199	1292600.0
2013-03-06	-0.006125	0.15402000000000002	0.15683	0.14815699999999998	-0.5014270000000001	718600.0
2013-03-05	0.0017980000000000001	0.15425999999999998	0.162214	0.153526	0.146973	1419500.0
2013-03-04	-0.000106	0.148877	0.159277	0.14496199999999998	-0.008636	1958300.0
2013-03-01	0.005850999999999999	0.153385	0.163968	0.14624700000000002	0.475471	1874700.0
2013-02-28	0.0032020000000000004	0.154979	0.163868	0.153004	0.259377	2353300.0
2013-02-27	0.020588	0.163386	0.182286	0.162251	1.633926	2417200.0
2013-02-26	-0.0013050000000000002	0.148654	0.157085	0.144375	-0.103729	1884100.0
2013-02-25	-0.015635	0.16203399999999998	0.16438699999999998	0.138374	-1.2622149999999999	3187700.0
2013-02-22	0.014339	0.165126	0.173293	0.155828	1.141182	948300.0
2013-02-21	-0.008722	0.146619	0.14811300000000002	0.138274	-0.700264	1958000.0
2013-02-20	-0.002363	0.166897	0.168139	0.148506	-0.190201	2393300.0
2013-02-19	0.003882	0.154836	0.161198	0.15221700000000002	0.311234	1762600.0
2013-02-15	-0.000323	0.161321	0.16456300000000001	0.155461	-0.025939999999999998	2481900.0
2013-02-14	0.050986000000000004	0.216207	0.233769	0.205985	3.890358	5068400.0
2013-02-13	0.008454999999999999	0.168074	0.169924	0.163184	0.63974	1671200.0
2013-02-12	0.014488999999999998	0.160864	0.177222	0.159925	1.080658	2083500.0
2013-02-11	0.006181	0.150502	0.165207	0.14861300000000002	0.45819099999999996	1976600.0
2013-02-08	-0.007639	0.147738	0.155904	0.147068	-0.57058	2457200.0
2013-02-07	-0.011101999999999999	0.15856099999999998	0.15962	0.141747	-0.838585	2237200.0
2013-02-06	-0.008061	0.145545	0.14895899999999998	0.14291800000000002	-0.613823	1205900.0
2013-02-05	0.004677000000000001	0.16502	0.167658	0.158027	0.354462	2440800.0
2013-02-04	-0.049957	0.119103	0.125245	0.09741799999999999	-3.9854510000000003	4480400.0
2013-02-01	0.041535	0.182557	0.212454	0.176291	3.18145	4736200.0
2013-01-31	-0.058849	0.158919	0.159165	0.066274	-4.789467	13492400.0
2013-01-30	0.009653	0.16688	0.172215	0.164523	0.778084	1306000.0
2013-01-29	0.015576	0.164645	0.178	0.164393	1.2362600000000001	998200.0
2013-01-28	0.00109	0.166419	0.167176	0.15305	0.08644099999999999	1829200.0
2013-01-25	0.016065	0.173752	0.17618699999999998	0.16696	1.25357	1102400.0
2013-01-24	0.001553	0.159018	0.16427999999999998	0.157606	0.12103299999999999	620200.0
2013-01-23	-0.007926	0.152505	0.155816	0.144229	-0.62246	759600.0
2013-01-22	0.012483	0.161607	0.171147	0.154774	0.9682700000000001	598700.0
2013-01-18	0.00911	0.161391	0.167245	0.158919	0.700264	469900.0
2013-01-17	-0.0008990000000000001	0.157617	0.158657	0.150469	-0.06915299999999999	1827700.0
2013-01-16	0.0033829999999999997	0.16231600000000002	0.167663	0.159446	0.259354	1329900.0
2013-01-15	0.015922	0.165717	0.178702	0.164657	1.201675	531700.0
2013-01-14	-0.003425	0.148125	0.156047	0.146012	-0.259354	517100.0
2013-01-11	0.011431	0.16886099999999998	0.171933	0.16578900000000002	0.855881	762400.0
2013-01-10	0.027524	0.17194	0.18895599999999999	0.171665	2.005692	798400.0
2013-01-09	-0.023178	0.133383	0.13713599999999998	0.126681	-1.72905	2494400.0
2013-01-08	-0.014953999999999999	0.143239	0.144955	0.136505	-1.132523	1377600.0
2013-01-07	-0.009162	0.14768	0.149642	0.143755	-0.700264	1310100.0
2013-01-04	0.017962	0.159637	0.18068	0.159637	1.348641	1021300.0
2013-01-03	-0.024595	0.134623	0.13709100000000002	0.125919	-1.8932799999999999	701200.0
2013-01-02	0.018647999999999998	0.16822	0.178277	0.16822	1.4091639999999999	1034200.0
2012-12-31	0.006912000000000001	0.154576	0.166968	0.154442	0.5187229999999999	445600.0
2012-12-28	-0.013074	0.147897	0.149869	0.12107000000000001	-0.99421	432900.0
2012-12-27	0.005947	0.16438	0.164909	0.155914	0.44955500000000004	524300.0
2012-12-26	-0.001142	0.1575	0.163975	0.149836	-0.08645599999999999	269700.0
2012-12-24	0.00045700000000000005	0.152081	0.157897	0.14771800000000002	0.034575999999999996	228800.0
2012-12-21	-0.011858	0.150699	0.152919	0.14051	-0.907745	893000.0
2012-12-20	-0.003152	0.159833	0.162697	0.149806	-0.24206599999999998	1077100.0
2012-12-19	0.005888	0.167186	0.170068	0.16129200000000002	0.44956199999999996	500700.0
2012-12-18	0.012844999999999999	0.16334100000000001	0.173158	0.158167	0.9682540000000001	1165200.0
2012-12-17	-0.012794	0.143218	0.146492	0.13575299999999998	-0.9769049999999999	796000.0
2012-12-14	0.011221	0.165449	0.170216	0.161078	0.847244	1040600.0
2012-12-13	-0.004332	0.15473	0.158949	0.148532	-0.32853000000000004	723300.0
2012-12-12	-0.015156999999999999	0.146188	0.146708	0.137487	-1.1671209999999999	1220100.0
2012-12-11	0.009748999999999999	0.16746	0.16864	0.162215	0.743492	1297900.0
2012-12-10	0.005242	0.157498	0.16356199999999999	0.156444	0.39768200000000004	317500.0
2012-12-07	0.003201	0.157368	0.16054200000000002	0.150624	0.242065	1182000.0
2012-12-06	-0.001484	0.15446300000000002	0.156047	0.147728	-0.112381	439500.0
2012-12-05	-0.007703	0.149763	0.149894	0.142294	-0.587875	664300.0
2012-12-04	-0.000113	0.165485	0.166271	0.155397	-0.008643999999999999	1121900.0
2012-12-03	0.003638	0.16749	0.169199	0.160126	0.27665700000000004	978800.0
2012-11-30	0.017818	0.17102699999999998	0.179593	0.169823	1.331352	864200.0
2012-11-29	0.010168	0.163602	0.17036199999999999	0.16171	0.7521439999999999	1038800.0
2012-11-28	-0.006503	0.14340999999999998	0.15066300000000002	0.142202	-0.484138	646300.0
2012-11-27	-0.006804000000000001	0.151105	0.153506	0.14696900000000002	-0.510071	777400.0
2012-11-26	-0.003104	0.153782	0.156973	0.149526	-0.233422	468600.0
2012-11-23	0.022091999999999997	0.176824	0.18226099999999998	0.174513	1.625306	270400.0
2012-11-21	-0.009198	0.142836	0.14916600000000002	0.141355	-0.682976	592000.0
2012-11-20	0.014409	0.1675	0.174467	0.163675	1.054726	805200.0
2012-11-19	0.023079	0.167749	0.187596	0.16705	1.6512220000000002	891200.0
2012-11-16	-0.000362	0.15391300000000002	0.157126	0.143854	-0.025932999999999998	569900.0
2012-11-15	0.006933	0.165008	0.16965	0.159943	0.49278299999999997	1213600.0
2012-11-14	-0.016978	0.152144	0.153942	0.13624	-1.227623	834000.0
2012-11-13	0.006377000000000001	0.162692	0.175218	0.15963	0.45819899999999997	1303900.0
2012-11-12	0.004715	0.160623	0.16272	0.156148	0.337165	542100.0
2012-11-09	0.009519	0.158825	0.175059	0.15854300000000002	0.6743319999999999	730300.0
2012-11-08	-0.002799	0.16008599999999998	0.163324	0.14868399999999998	-0.19883699999999999	483100.0
2012-11-07	-0.016752	0.141897	0.143835	0.132762	-1.210335	673500.0
2012-11-06	0.015802	0.172595	0.175407	0.168377	1.1238709999999998	556500.0
2012-11-05	-0.014022	0.14534	0.146449	0.13827	-1.011498	825000.0
2012-11-02	0.007973000000000001	0.169423	0.172078	0.16453199999999998	0.570595	845500.0
2012-11-01	-0.012172	0.159054	0.159468	0.14014400000000002	-0.881813	1633300.0
2012-10-31	-0.016547	0.15833599999999998	0.158879	0.134581	-1.218979	1627900.0
2012-10-26	-0.0037409999999999995	0.155626	0.160224	0.14940499999999998	-0.276642	900600.0
2012-10-25	0.000819	0.163746	0.164422	0.151429	0.060502	493400.0
2012-10-24	-0.007318000000000001	0.15845399999999998	0.1645	0.145018	-0.544632	994800.0
2012-10-23	-0.001044	0.156842	0.15831800000000001	0.146507	-0.07782	607000.0
2012-10-22	0.007129000000000001	0.167927	0.168873	0.159276	0.527366	851000.0
2012-10-19	-0.009262000000000001	0.157109	0.157377	0.142378	-0.69162	1078200.0
2012-10-18	-0.024619	0.14168499999999998	0.142077	0.126532	-1.8846580000000002	1097900.0
2012-10-17	-0.0036009999999999996	0.159441	0.162695	0.15124100000000001	-0.27665700000000004	2077400.0
2012-10-16	0.022552000000000003	0.173078	0.18479	0.17081500000000002	1.69448	1869500.0
2012-10-15	0.001037	0.165101	0.1663	0.152844	0.077805	1663500.0
2012-10-12	-0.001151	0.162297	0.16455899999999998	0.15218299999999998	-0.08645599999999999	1097900.0
2012-10-11	0.002075	0.157374	0.170576	0.156041	0.155624	699900.0
2012-10-10	-0.006529000000000001	0.151143	0.15843	0.145314	-0.49278999999999995	732200.0
2012-10-09	-0.026101	0.141612	0.144966	0.126	-2.02298	1153900.0
2012-10-08	-0.006868000000000001	0.147866	0.152479	0.146072	-0.535995	491700.0
2012-10-05	0.018044	0.17836300000000002	0.189842	0.17457899999999998	1.3832389999999999	2497200.0
2012-10-04	0.003281	0.163644	0.164429	0.156577	0.250695	1061100.0
2012-10-03	-0.0005650000000000001	0.145981	0.162201	0.143627	-0.043227999999999996	2849000.0
2012-10-02	0.033665	0.19280799999999998	0.198892	0.189833	2.48983	1412000.0
2012-10-01	-0.004190999999999999	0.161824	0.165998	0.149841	-0.311234	799800.0
2012-09-28	-0.008654	0.149767	0.152169	0.13375	-0.6483760000000001	1208900.0
2012-09-27	-0.010053	0.143098	0.146269	0.13226300000000002	-0.760788	1111600.0
2012-09-26	0.012491	0.172896	0.173297	0.16179100000000002	0.933693	919800.0
2012-09-25	-0.004147	0.169098	0.169764	0.150845	-0.311234	1119800.0
2012-09-24	-0.002184	0.149662	0.155112	0.14633800000000002	-0.164261	409200.0
2012-09-21	0.00011499999999999999	0.162026	0.162824	0.154049	0.00866	723300.0
2012-09-20	0.0051990000000000005	0.154435	0.163122	0.152564	0.389007	792400.0
2012-09-19	0.00511	0.16610999999999998	0.167185	0.155095	0.380394	1393800.0
2012-09-18	0.011037	0.166758	0.17382	0.16431300000000001	0.81266	1454800.0
2012-09-17	-0.002343	0.158198	0.16226300000000002	0.148849	-0.172905	1937100.0
2012-09-14	0.000938	0.16131800000000002	0.163217	0.15318099999999998	0.06915299999999999	1098900.0
2012-09-13	0.015599000000000002	0.15698299999999998	0.177368	0.153539	1.13253	1003200.0
2012-09-12	-0.012348999999999999	0.149089	0.151402	0.139703	-0.907745	1212200.0
2012-09-11	0.009019	0.16631600000000002	0.17565	0.159864	0.657036	1505700.0
2012-09-10	-0.030822000000000002	0.116931	0.128904	0.116399	-2.31691	1300000.0
2012-09-07	-0.00674	0.17110999999999998	0.173224	0.143494	-0.5100779999999999	2137700.0
2012-09-06	0.014486	0.174402	0.183115	0.171319	1.08065	2077000.0
2012-09-05	0.009594	0.17524800000000001	0.175925	0.162391	0.708908	1463600.0
