2017-09-01	0.008085	0.001176	0.014699	-0.000735	0.550003	10711200.000000
2016-09-01	-0.00796	0.015236000000000001	0.019694	-0.007268000000000001	-0.37491599999999997	19403900.0
2016-08-31	-0.0033399999999999997	0.014806999999999999	0.019462	-0.00021600000000000002	-0.157867	20826600.0
2016-08-30	0.013541999999999998	0.013537	0.027906	0.01268	0.631458	17519800.0
2016-08-29	0.003184	0.015258	0.026016	0.013537	0.147991	16700000.0
2016-08-26	0.008348000000000001	0.015924	0.024818	0.013103	0.384789	23338500.0
2016-08-25	0.001286	0.010279	0.017013	0.00941	0.059204	16520200.0
2016-08-24	0.0015019999999999999	0.014407	0.025067	0.01245	0.069061	16054400.0
2016-08-23	-0.0015	0.018751	0.022226	0.012017	-0.069061	13345500.0
2016-08-22	0.002794	0.011141	0.018328999999999998	0.007437999999999999	0.12825799999999998	11007500.0
2016-08-19	0.0006450000000000001	0.01005	0.015499	0.003075	0.029602	12207600.0
2016-08-18	-0.002788	0.012232999999999999	0.015059000000000001	0.004408	-0.128262	14190300.0
2016-08-17	0.00021400000000000002	0.011146	0.017450999999999998	0.008320000000000001	0.009865	17899300.0
2016-08-16	0.004958	0.010479	0.022277	0.008075	0.226929	15202100.0
2016-08-15	0.017771000000000002	0.018874000000000002	0.033995	0.018874000000000002	0.799175	12252700.0
2016-08-12	-0.00328	0.006445	0.010656	0.002234	-0.14798699999999998	12472900.0
2016-08-11	0.006161	0.014875	0.023795	0.009969	0.276256	14819400.0
2016-08-10	-0.009804	0.011329	0.013537	0.0022760000000000002	-0.443993	16566700.0
2016-08-09	-0.0013050000000000002	0.013316999999999999	0.016845	0.007142	-0.059191999999999995	12203800.0
2016-08-08	0.005249	0.015976	0.023291	0.008217	0.23679	16861600.0
2016-08-05	0.042883	0.031800999999999996	0.057232000000000005	0.029026999999999997	1.8548919999999998	28566800.0
2016-08-04	-0.001139	0.010073	0.017001	0.008226	-0.049335000000000004	11747900.0
2016-08-03	0.020935	0.012123	0.035934	0.010472	0.887977	14708300.0
2016-08-02	-0.009903	0.009101999999999999	0.018438999999999997	-0.007937999999999999	-0.42425100000000004	20089100.0
2016-08-01	-0.008902	0.016082	0.018396	0.00035	-0.384793	14794400.0
2016-07-29	-0.006125	0.008709	0.015377000000000002	0.006179	-0.266395	13773700.0
2016-07-28	-0.0011330000000000001	0.010551999999999999	0.014456	0.0032020000000000004	-0.049332	13239600.0
2016-07-27	0.003171	0.018364	0.030114	0.016751	0.13763499999999998	17814200.0
2016-07-26	0.0024980000000000002	0.014671	0.021832	0.013978	0.108135	16152500.0
2016-07-25	-0.005869	0.017442	0.01859	0.008256999999999999	-0.25559299999999996	14391400.0
2016-07-22	0.0038520000000000004	0.01652	0.022514	0.010297	0.16711800000000002	12764200.0
2016-07-21	-0.007645999999999999	0.017897999999999997	0.022473	0.008976999999999999	-0.33424699999999996	14924900.0
2016-07-20	0.002706	0.02134	0.025240000000000002	0.013772	0.117969	16547100.0
2016-07-19	-0.004936	0.008539	0.019951	0.005572	-0.21627800000000003	15297300.0
2016-07-18	0.005414	0.016065	0.030291000000000002	0.015147	0.235936	18683900.0
2016-07-15	-0.0027	0.017212	0.030485	0.003481	-0.117966	29198800.0
2016-07-14	0.025848000000000003	0.041862	0.051017	0.035758	1.1010469999999999	37093600.0
2016-07-13	-0.002532	0.014636000000000001	0.022831999999999998	0.007377	-0.10813900000000001	20488200.0
2016-07-12	0.027193000000000002	0.029960000000000004	0.045835	0.028517	1.130547	23803600.0
2016-07-11	0.007384	0.027147000000000004	0.03587	0.024724	0.304752	19752600.0
2016-07-08	0.016711	0.029776	0.041355	0.025588	0.678322	29468600.0
2016-07-07	0.005602	0.023901	0.041986	0.017955000000000002	0.22611199999999998	24585500.0
2016-07-06	0.006866	0.001497	0.024694999999999998	-0.0014960000000000002	0.27526100000000003	27713900.0
2016-07-05	-0.032962	-0.0018440000000000002	0.001051	-0.025001	-1.366474	25571100.0
2016-07-01	-0.00519	0.015052000000000001	0.024411000000000002	0.007134000000000001	-0.21628200000000003	19399600.0
2016-06-30	0.006409999999999999	0.030736000000000003	0.033634	0.006586	0.265431	34485400.0
2016-06-29	0.041543000000000004	0.03482	0.061230999999999994	0.028783	1.651573	34004100.0
2016-06-28	0.050935	0.05237000000000001	0.074047	0.036245	1.9268299999999998	38605600.0
2016-06-27	-0.045161	-0.0009609999999999999	0.000553	-0.033018	-1.7892	53380200.0
2016-06-24	-0.093567	-0.07041499999999999	-0.053027	-0.07888099999999999	-4.089607	71849800.0
2016-06-23	0.041706	0.036994	0.060589	0.036039999999999996	1.7498779999999998	25703000.0
2016-06-22	-0.005592	0.016027	0.029299000000000002	0.010576	-0.23593499999999998	18087600.0
2016-06-21	0.002804	0.026006	0.026956	0.009369	0.117966	14714900.0
2016-06-20	0.007533	0.040679	0.054807	0.024396	0.31458600000000003	20244000.0
2016-06-17	0.008546999999999999	0.02494	0.037015	0.017937	0.35390900000000003	25113400.0
2016-06-16	0.002618	0.007527	0.021328	-0.0036119999999999998	0.10813900000000001	19904800.0
2016-06-15	0.001192	0.025455000000000002	0.039758	0.017455000000000002	0.049156	21934200.0
2016-06-14	-0.027804000000000002	0.014384000000000001	0.026168	-0.02144	-1.179699	27621300.0
2016-06-13	-0.016857	0.0016870000000000001	0.020919	-0.000166	-0.727482	20612100.0
2016-06-10	-0.024661000000000002	0.000488	0.003426	-0.012846000000000002	-1.091217	23071100.0
2016-06-09	-0.012072	0.008728	0.009398	-0.003105	-0.540695	17069000.0
2016-06-08	0.000439	0.015872	0.025253	0.011851	0.019665000000000002	13147300.0
2016-06-07	-0.004372999999999999	0.023884	0.025218	0.012097	-0.19661700000000001	12089800.0
2016-06-06	0.007711	0.017212	0.036709	0.013178	0.34408099999999997	17321400.0
2016-06-03	-0.033638999999999995	-0.023069	-0.012458	-0.041694	-1.553268	36752300.0
2016-06-02	0.0006389999999999999	0.015478	0.019813	0.009844	0.029495	15483800.0
2016-06-01	0.007945	0.005635	0.026386	-0.006595999999999999	0.363739	17212500.0
2016-05-31	-0.000215	0.023763	0.0242	0.011316	-0.009834	21404000.0
2016-05-27	0.010193	0.02008	0.029566000000000002	0.01655	0.46205100000000005	13762600.0
2016-05-26	-0.017682	0.019379	0.021113	-0.001641	-0.815956	16956600.0
2016-05-25	0.02355	0.024531999999999998	0.055807	0.024531999999999998	1.0617219999999998	23944600.0
2016-05-24	0.016626	0.024879	0.041565	0.021721999999999998	0.737309	18976500.0
2016-05-23	0.004677000000000001	0.016079	0.023555	0.009736	0.206447	15050500.0
2016-05-20	-0.003551	0.025338999999999997	0.03166	0.011117	-0.15729100000000001	19610200.0
2016-05-19	-0.017659	0.011225	0.021426	-0.010286	-0.796292	23036100.0
2016-05-18	0.049657	0.018376	0.074008	0.018376	2.133282	37645200.0
2016-05-17	0.012745999999999999	0.015326	0.034657	0.009197	0.5406920000000001	19943000.0
2016-05-16	0.0009279999999999999	0.017212	0.026414	0.013201	0.039320999999999995	17158400.0
2016-05-13	-0.020227000000000002	0.01675	0.030389999999999997	-0.005906000000000001	-0.874935	19433500.0
2016-05-12	-0.010569	0.025675	0.033224000000000004	0.0012	-0.46205100000000005	15551500.0
2016-05-11	-0.008251999999999999	0.013129	0.029462000000000002	0.008592	-0.363739	15997900.0
2016-05-10	0.021644999999999998	0.027641000000000002	0.040619999999999996	0.022311	0.933926	13608900.0
2016-05-09	-0.011709	0.014922	0.021793	-0.000196	-0.5112	14251900.0
2016-05-06	0.004070000000000001	0.007553	0.021582	0.005483	0.176956	17620900.0
2016-05-05	-0.009628	0.019944999999999997	0.026777999999999996	0.005824	-0.42273	14912000.0
2016-05-04	-0.019969	0.0018100000000000002	0.004935	-0.014039	-0.894603	24310500.0
2016-05-03	-0.023778999999999998	-0.002618	-0.00131	-0.019833	-1.091218	21074600.0
2016-05-02	0.008643000000000001	0.022927	0.029301	0.00886	0.393239	13802500.0
2016-04-29	-0.00963	0.012641	0.020041999999999997	0.002628	-0.442391	23922700.0
2016-04-28	-0.011633	0.006670000000000001	0.022591	0.001506	-0.540695	18399500.0
2016-04-27	0.004883	0.013748	0.034286000000000004	0.011585999999999999	0.225872	19444700.0
2016-04-26	0.008781	0.018724	0.028538	0.012399	0.402634	15573600.0
2016-04-25	-0.005961	0.010917	0.017421000000000002	0.000294	-0.274968	13480500.0
2016-04-22	0.007940000000000001	0.020253999999999998	0.034676	0.018725	0.363354	17425900.0
2016-04-21	-0.002995	0.019377000000000002	0.022862999999999998	0.007176999999999999	-0.137485	21538600.0
2016-04-20	0.024326	0.020743	0.043282	0.020519	1.090068	21645700.0
2016-04-19	0.011526999999999999	0.025286000000000003	0.036798000000000004	0.020997	0.510659	18833300.0
2016-04-18	0.004229999999999999	0.006953	0.025769	0.002193	0.186588	22899200.0
2016-04-15	-0.001334	0.051566999999999995	0.05405700000000001	0.009685	-0.058918	39168600.0
2016-04-14	0.016497	0.015756	0.04222	0.012995	0.716885	26885100.0
2016-04-13	0.056086000000000004	0.034085000000000004	0.081232	0.034085000000000004	2.3077959999999997	33135400.0
2016-04-12	0.018969	0.02225	0.039089	0.018288	0.765995	19888700.0
2016-04-11	0.016061000000000002	0.025082	0.044456	0.024327	0.638325	21083700.0
2016-04-08	0.004966	0.033207	0.043827	0.020816	0.196403	14676100.0
2016-04-07	-0.037984	0.004665	0.009044	-0.028175	-1.5614430000000001	22618000.0
2016-04-06	0.008431999999999999	0.018778	0.027610000000000003	0.010438	0.34371999999999997	16169900.0
2016-04-05	-0.013077000000000002	0.0035189999999999996	0.014413999999999998	-0.00447	-0.540131	17867800.0
2016-04-04	-0.009654000000000001	0.01565	0.023802	0.006539	-0.402634	14376300.0
2016-04-01	0.017246	0.012678	0.039019	0.007312000000000001	0.707073	17749500.0
2016-03-31	-0.003104	0.017072	0.029472	0.011237	-0.12767	15661700.0
2016-03-30	0.0038350000000000003	0.024634	0.039523	0.021461	0.157131	14763200.0
2016-03-29	-0.004771	0.014887000000000001	0.014887000000000001	-0.000659	-0.196411	18160100.0
2016-03-28	-0.00047699999999999994	0.022173	0.024115	0.011975	-0.019638	13062400.0
2016-03-24	-0.010149	0.004108	0.007954000000000001	-0.013916999999999999	-0.422275	22723400.0
2016-03-23	-0.023283	0.01594	0.021105000000000002	-0.007533	-0.991864	23989200.0
2016-03-22	-0.005046	0.010579999999999999	0.018987999999999998	0.002173	-0.21605300000000002	14885100.0
2016-03-21	0.0013779999999999999	0.015715	0.035127	0.011506	0.058929999999999996	16226400.0
2016-03-18	0.016103	0.032070999999999995	0.044904	0.027793	0.677604	30801900.0
2016-03-17	0.014681	0.012501	0.035167000000000004	-0.002208	0.6088600000000001	24262800.0
2016-03-16	-0.008453	0.0072900000000000005	0.029286000000000003	-0.007773	-0.35353	22981000.0
2016-03-15	-0.001875	0.008503	0.017095	0.001583	-0.07856	13784700.0
2016-03-14	-0.007444	0.010471	0.016393	-0.000188	-0.314259	15332700.0
2016-03-11	0.039159	0.040441000000000005	0.058655	0.027887000000000002	1.590916	21068500.0
2016-03-10	0.005346	0.029671	0.043033999999999996	0.004925	0.21604099999999998	21139800.0
2016-03-09	0.002436	0.025977999999999998	0.027714	0.007869	0.09820599999999999	18573900.0
2016-03-08	-0.036611000000000005	0.007295	0.011118000000000001	-0.020427	-1.531986	26265000.0
2016-03-07	-0.005137	0.0071129999999999995	0.020665	0.00045599999999999997	-0.21605300000000002	22134600.0
2016-03-04	0.0	0.023994	0.036357	0.009729	0.0	28071000.0
2016-03-03	0.014447999999999999	0.016358	0.033964999999999995	0.010329000000000001	0.5990479999999999	21835200.0
2016-03-02	0.023019	0.017547999999999998	0.042468	0.013846	0.9329379999999999	28383800.0
2016-03-01	0.062291	0.026151	0.082242	0.02484	2.376541	30606800.0
2016-02-29	-0.016456000000000002	0.016483	0.026022000000000003	0.001531	-0.638328	22268700.0
2016-02-26	0.022786	0.029889	0.055201	0.021979	0.864196	23757400.0
2016-02-25	0.013915	0.022031	0.033259	0.016149	0.5204850000000001	19889500.0
2016-02-24	-0.003401	-0.002494	0.017222	-0.024607	-0.127666	25912400.0
2016-02-23	-0.032895	0.007981	0.009785	-0.019846000000000003	-1.2766540000000002	26234200.0
2016-02-22	0.013593000000000001	0.036047	0.043882	0.026383999999999998	0.520478	22028600.0
2016-02-19	0.0017989999999999998	0.015671	0.021951	-0.004213000000000001	0.068748	22426000.0
2016-02-18	-0.021619	0.022127	0.023663	-0.011406	-0.844558	24107700.0
2016-02-17	0.022885	0.039758999999999996	0.05494500000000001	0.034260000000000006	0.8740190000000001	29133500.0
2016-02-16	0.035961	0.046769	0.063858	0.039445	1.325749	31802500.0
2016-02-12	0.073185	0.048854	0.10241700000000001	0.047398	2.51403	38120400.0
2016-02-11	-0.064956	-0.020092	-0.015737	-0.060377	-2.38636	48945600.0
2016-02-10	-0.002666	0.045163	0.06118	0.014759	-0.098202	33390000.0
2016-02-09	-0.007935	-0.005412	0.02529	-0.012145	-0.294617	39767200.0
2016-02-08	-0.05143	-0.000106	0.000916	-0.050177	-2.013183	35237100.0
2016-02-05	-0.0228	0.024029	0.034513999999999996	-0.012668	-0.9133	23599700.0
2016-02-04	0.010654	0.01198	0.048816000000000005	0.010466	0.42228000000000004	26732600.0
2016-02-03	-0.001484	0.024082	0.025594	-0.041671	-0.058918	43680300.0
2016-02-02	-0.048493	0.003426	0.003426	-0.034448	-2.0230069999999998	31460900.0
2016-02-01	-0.002349	0.013026	0.024266	0.004417	-0.098209	22860300.0
2016-01-29	0.054222	0.028625	0.073753	0.02812	2.150677	36107600.0
2016-01-28	-0.0029620000000000002	0.035632	0.040408	0.007228	-0.117852	23212800.0
2016-01-27	0.001482	0.016272	0.049502	0.012748	0.058852999999999996	28274800.0
2016-01-26	0.02402	0.020834000000000002	0.05151	0.018256	0.93179	23508400.0
2016-01-25	-0.036775	0.013337	0.017062	-0.020433	-1.4810530000000002	31924000.0
2016-01-22	0.022665	0.042399	0.050017	0.036558	0.892552	30187200.0
2016-01-21	-0.008397	0.020048	0.042207	0.007962	-0.33348099999999997	34976700.0
2016-01-20	-0.034573	-0.014975	-0.002577	-0.041229	-1.422203	49905400.0
2016-01-19	-0.012479	0.028667	0.035149	0.0001	-0.51984	39032700.0
2016-01-15	-0.064125	-0.044935	-0.018424	-0.059763	-2.854214	52353900.0
2016-01-14	0.004204	0.024734	0.033757999999999996	0.005557	0.186352	30129500.0
2016-01-13	-0.036049	0.029113999999999998	0.029766	-0.021994	-1.657593	27925800.0
2016-01-12	0.00064	0.03369	0.03369	0.006923	0.029423	26310000.0
2016-01-11	0.015608000000000002	0.029048	0.038551999999999996	0.015124	0.706192	26284600.0
2016-01-08	-0.030067	0.044626	0.04484	-0.013253999999999998	-1.402592	30643000.0
2016-01-07	-0.051077	-0.001814	0.004492	-0.033750999999999996	-2.51091	37902900.0
2016-01-06	-0.01455	0.0043100000000000005	0.013932	-0.002506	-0.725819	22501800.0
2016-01-05	-0.005281	0.027719999999999998	0.029116000000000003	0.005188	-0.264831	17444900.0
2016-01-04	-0.011981	-0.000157	0.008512	-0.01119	-0.608112	23440200.0
2015-12-31	-0.010516	0.015061000000000001	0.021299000000000002	0.008823000000000001	-0.539452	11025600.0
2015-12-30	-0.012835	0.01685	0.018775	0.005497	-0.666966	8763300.0
2015-12-29	0.011455	0.026941000000000003	0.035894999999999996	0.026552	0.588498	10155100.0
2015-12-28	-0.006261	0.016837	0.016837	0.005038	-0.32367399999999996	8761700.0
2015-12-24	0.0015199999999999999	0.016638999999999998	0.026131	0.016058000000000003	0.078461	4671200.0
2015-12-23	0.011921	0.025230000000000002	0.031894	0.020916999999999998	0.608124	14950200.0
2015-12-22	0.004248	0.023482	0.026238	0.01167	0.21577800000000003	13241300.0
2015-12-21	0.011326000000000001	0.029499	0.033481	0.016956	0.568882	16929000.0
2015-12-18	-0.030848	0.012213	0.016457	-0.012871	-1.598755	25509600.0
2015-12-17	-0.019666	0.021625	0.025219	-0.0029649999999999998	-1.03968	17179600.0
2015-12-16	0.026276	0.029639	0.048469	0.015274000000000001	1.353542	26044800.0
2015-12-15	0.027788999999999998	0.034509	0.053463	0.034509	1.392784	21642300.0
2015-12-14	-0.000196	0.020143	0.031912	0.007376000000000001	-0.009807	21586800.0
2015-12-11	-0.02925	0.005796	0.011023999999999999	-0.018797	-1.5104870000000001	24093500.0
2015-12-10	-0.00303	0.021089	0.027846	0.007189	-0.15692899999999999	16320900.0
2015-12-09	-0.010864	0.013052000000000001	0.027565	-0.0010789999999999999	-0.568886	19903700.0
2015-12-08	-0.018566	0.009049	0.012235	-0.0033200000000000005	-0.990627	14785500.0
2015-12-07	-0.012525	0.013622	0.015658000000000002	-0.002293	-0.676773	15077300.0
2015-12-04	0.029526999999999998	0.022403	0.054222	0.019735	1.549709	21464100.0
2015-12-03	-0.011637	0.024817	0.028207	0.004668	-0.617927	19750000.0
2015-12-02	-0.013484000000000001	0.021588	0.022146000000000002	0.003754	-0.725811	15288800.0
2015-12-01	0.014605000000000002	0.025388	0.035001	0.02256	0.774856	11856000.0
2015-11-30	-0.0022140000000000003	0.02199	0.024246	0.015031000000000001	-0.117698	14603100.0
2015-11-27	0.002404	0.019168	0.025012	0.012758	0.127502	5483300.0
2015-11-25	-0.001846	0.021615000000000002	0.022366999999999998	0.011641	-0.098076	9859400.0
2015-11-24	-0.001842	0.010717	0.023865	0.008838	-0.098083	12950900.0
2015-11-23	-0.008584999999999999	0.018055	0.021221	0.008372	-0.460995	14547100.0
2015-11-20	-0.00563	0.025285	0.025285	0.010101	-0.304058	14896000.0
2015-11-19	0.0014550000000000001	0.01769	0.025478999999999998	0.015094	0.078468	11997500.0
2015-11-18	0.027856	0.026406	0.048898000000000004	0.024691	1.4614340000000001	19100300.0
2015-11-17	-0.003725	0.023341999999999998	0.029608999999999996	0.010809000000000001	-0.196164	14845300.0
2015-11-16	0.00978	0.015518	0.029516000000000004	0.0065060000000000005	0.510037	14896600.0
2015-11-13	-0.005425	0.014013999999999999	0.021833	0.004478	-0.284439	16828800.0
2015-11-12	-0.02623	0.012487999999999999	0.012487999999999999	-0.007383	-1.412403	17735000.0
2015-11-11	-0.016128999999999998	0.025391	0.025757	0.000908	-0.8827440000000001	15834000.0
2015-11-10	0.001616	0.01625	0.027963	0.006551	0.088276	17657400.0
2015-11-09	-0.0028640000000000002	0.020457	0.025384	0.004946	-0.156937	19921800.0
2015-11-06	0.031764	0.050046	0.063038	0.044774	1.6870310000000002	21654400.0
2015-11-05	0.005945000000000001	0.018598	0.03034	0.018029	0.313862	13632500.0
2015-11-04	-0.006093	0.023497999999999998	0.025945	0.010131999999999999	-0.32367399999999996	16985200.0
2015-11-03	0.00613	0.014431	0.030151	0.013673	0.32367399999999996	13518300.0
2015-11-02	0.012412999999999999	0.024914	0.036419	0.022803999999999998	0.647354	11999700.0
2015-10-30	-0.009132	0.021255	0.022585	0.005675	-0.48060600000000003	18430200.0
2015-10-29	-0.018654	0.016188	0.02663	-0.00022	-1.0004540000000002	23153900.0
2015-10-28	0.040296	0.025325999999999998	0.06606000000000001	0.022416	2.077457	23403900.0
2015-10-27	-0.009414	0.012791	0.016634	0.0037600000000000003	-0.48996300000000004	13232400.0
2015-10-26	-0.009881000000000001	0.012676999999999999	0.019525999999999998	0.0035450000000000004	-0.519364	14530700.0
2015-10-23	0.021519999999999997	0.029999	0.043019999999999996	0.029027999999999998	1.107323	19927100.0
2015-10-22	0.013511000000000002	0.027763999999999997	0.041355	0.027174	0.685951	22320500.0
2015-10-21	-0.019493	0.023374000000000002	0.026657	0.000199	-1.0093299999999998	15577800.0
2015-10-20	-0.00037799999999999997	0.020477000000000002	0.027041000000000003	0.015456999999999999	-0.019597	11128900.0
2015-10-19	0.0032259999999999997	0.014086000000000001	0.029967	0.013505000000000001	0.166588	13616200.0
2015-10-16	-0.005286	0.027605	0.027989999999999998	0.012771	-0.274379	17569200.0
2015-10-15	0.044361000000000005	0.04281	0.069972	0.028525	2.204853	31023100.0
2015-10-14	-0.009568	0.017687	0.020676	0.0039369999999999995	-0.48016400000000004	22288000.0
2015-10-13	-0.0013650000000000001	0.01192	0.029033999999999997	0.011522	-0.0686	13337900.0
2015-10-12	-0.001946	0.02008	0.022662	0.010546	-0.097992	11187000.0
2015-10-09	-0.005228	0.023836000000000003	0.027787	0.006251	-0.264587	14341200.0
2015-10-08	0.00643	0.015903	0.030817	0.009143	0.323383	16903000.0
2015-10-07	0.005092	0.028870999999999997	0.036266	0.017079	0.25478	16572000.0
2015-10-06	-0.001955	0.018283	0.027259	0.013895	-0.097992	12602100.0
2015-10-05	0.025662	0.031114999999999997	0.050345999999999995	0.029887999999999998	1.254315	14881200.0
2015-10-02	-0.0002	-0.00775	0.020272	-0.024114	-0.0098	27320900.0
2015-10-01	0.005644	0.016568	0.028499	0.012454999999999999	0.274379	16291000.0
2015-09-30	0.012449	0.037346	0.037971	0.018394	0.597767	17629000.0
2015-09-29	-0.000612	0.020893000000000002	0.029218	0.008820999999999999	-0.029403	16485000.0
2015-09-28	-0.030069	0.022091999999999997	0.023505	-0.011823	-1.489499	21919800.0
2015-09-25	0.028902999999999998	0.042079000000000005	0.053502999999999995	0.035847000000000004	1.3915030000000002	22341800.0
2015-09-24	-0.019752000000000002	0.011111	0.012943999999999999	-0.007417	-0.9701270000000001	32241000.0
2015-09-23	-0.005161	0.020881999999999998	0.025945999999999997	0.011767	-0.254792	13680200.0
2015-09-22	-0.006506999999999999	0.005183	0.015244999999999998	0.003372	-0.323371	19610600.0
2015-09-21	0.008352	0.031232	0.036913	0.021897	0.411571	14936600.0
2015-09-18	-0.026331	0.001707	0.0044729999999999995	-0.00995	-1.332714	33404600.0
2015-09-17	-0.017874	0.020865	0.028433	-0.003002	-0.9211389999999999	24075200.0
2015-09-16	0.011346	0.025578999999999998	0.03441	0.016356	0.578163	17369500.0
2015-09-15	0.020008	0.024480000000000002	0.046699	0.022078	0.9995350000000001	17858900.0
2015-09-14	-0.002348	0.020078	0.022075	0.012089	-0.11758800000000001	11427000.0
2015-09-11	0.000587	0.019278	0.022075	0.011685	0.029392	12001800.0
2015-09-10	0.0037340000000000003	0.014059	0.032912000000000004	0.008643999999999999	0.18618800000000002	17467000.0
2015-09-09	-0.014908000000000001	0.035295	0.039642000000000004	0.0023	-0.754551	16930900.0
2015-09-08	0.020953	0.036816	0.046498000000000005	0.029151	1.038734	17160200.0
2015-09-04	-0.023171	0.0074719999999999995	0.010822	-0.012429	-1.175922	19054500.0
2015-09-03	0.000773	0.024618	0.039407	0.017322	0.039195999999999995	15708700.0
2015-09-02	0.015901	0.037906	0.042312999999999996	0.021478999999999998	0.793755	17515800.0
2015-09-01	-0.047494	-0.000131	-0.000131	-0.040393	-2.4890369999999997	28621600.0
2015-08-31	0.003754	0.017603999999999998	0.027755000000000002	0.009751000000000001	0.19598800000000002	20629000.0
2015-08-28	-0.002994	0.013793000000000001	0.022768	0.008638	-0.156788	17205400.0
2015-08-27	0.022188	0.038239999999999996	0.046633	0.021843	1.136722	26467300.0
2015-08-26	0.048115	0.051779	0.07162400000000001	0.028047000000000002	2.3518380000000003	30721900.0
2015-08-25	-0.009138	0.06831799999999999	0.069332	0.011152	-0.45076400000000005	27809200.0
2015-08-24	-0.06082100000000001	-0.064626	0.000105	-0.103275	-3.194595	37767000.0
2015-08-21	-0.031267	0.003324	0.015313	-0.011798999999999999	-1.695282	33437500.0
2015-08-20	-0.029298	0.003111	0.008124	-0.009420999999999999	-1.636487	28455500.0
2015-08-19	-0.009557	0.013916	0.019944999999999997	0.0029219999999999997	-0.538967	17661300.0
2015-08-18	-0.0038079999999999998	0.01871	0.023127	0.013941	-0.215583	11593200.0
2015-08-17	0.0031260000000000003	0.012856999999999999	0.025084	0.009845	0.17639100000000002	11139200.0
2015-08-14	0.004535	0.017807	0.027419	0.017807	0.254784	8864000.0
2015-08-13	0.007379999999999999	0.022629	0.03285	0.013125	0.411567	15837900.0
2015-08-12	-0.012665000000000001	0.008084000000000001	0.013394999999999999	-0.020774	-0.715354	27428700.0
2015-08-11	-0.018727	0.007795000000000001	0.011964	-0.005582	-1.077927	18897600.0
2015-08-10	0.014333000000000002	0.026644	0.036864999999999995	0.025763	0.813343	10812200.0
2015-08-07	-0.0032700000000000003	0.021882	0.029435000000000003	0.008884999999999999	-0.186184	11934000.0
2015-08-06	-0.010895	0.021866999999999998	0.024299	0.005884	-0.627159	14707400.0
2015-08-05	0.004618	0.02868	0.034089999999999995	0.022746000000000002	0.26458400000000004	10631000.0
2015-08-04	0.000513	0.019255	0.027986	0.017858000000000002	0.029403	10984500.0
2015-08-03	-0.000342	0.02327	0.024143	0.011574	-0.019607	10508700.0
2015-07-31	-0.007133	0.018917	0.019784	0.011637999999999999	-0.41156800000000004	12529300.0
2015-07-30	0.00016999999999999999	0.01805	0.023597	0.010596	0.009792	11202100.0
2015-07-29	0.009423	0.024668	0.034992	0.022393	0.538513	14460800.0
2015-07-28	0.0070739999999999996	0.029977999999999998	0.030858999999999998	0.018172	0.401429	12566700.0
2015-07-27	-0.012606000000000001	0.007423999999999999	0.014906	-0.000754	-0.72453	20378400.0
2015-07-24	-0.019542	0.018444	0.019638	-0.004928	-1.145553	24760800.0
2015-07-23	-0.007789	0.020497	0.031669	0.011018	-0.460182	29432300.0
2015-07-22	0.020982	0.021689	0.046056	0.020134	1.2140959999999998	30156200.0
2015-07-21	0.004248	0.020475999999999998	0.029327	0.020475999999999998	0.24477	21541700.0
2015-07-20	0.001702	0.024994	0.030905000000000002	0.019257	0.09790800000000001	16016600.0
2015-07-17	0.002731	0.020298	0.026573000000000003	0.016986	0.156654	21055300.0
2015-07-16	0.037725999999999996	0.047393	0.06096	0.043956	2.085495	41084000.0
2015-07-15	0.009837	0.027737	0.037419	0.022074	0.538502	20470500.0
2015-07-14	0.006662	0.018216999999999997	0.032008999999999996	0.015827	0.362266	18174900.0
2015-07-13	0.017962	0.030329000000000002	0.042497	0.030329000000000002	0.9595229999999999	18803900.0
2015-07-10	0.015826	0.037317	0.041881	0.032563	0.832241	16578700.0
2015-07-09	0.017235	0.041461000000000005	0.047458	0.036819	0.890983	23472100.0
2015-07-08	-0.031193000000000002	0.008413	0.008413	-0.011077	-1.6644700000000001	26169400.0
2015-07-07	-0.01053	0.019303999999999998	0.020787	-0.016669	-0.567883	32011200.0
2015-07-06	-0.0052380000000000005	0.010645	0.01913	0.005296	-0.283943	12706200.0
2015-07-02	-0.005567	0.016758000000000002	0.024462	0.010154	-0.30351999999999996	12062800.0
2015-07-01	0.007965	0.03558	0.03558	0.021344	0.430805	17606100.0
2015-06-30	0.00656	0.033254	0.036232	0.020041	0.35247399999999995	17737400.0
2015-06-29	-0.025914	-0.002223	0.008291	-0.005667	-1.4294850000000001	22260400.0
2015-06-26	0.00267	0.026432999999999998	0.029705000000000002	0.019708	0.146866	12148300.0
2015-06-25	-0.008295	0.027292	0.028554000000000003	0.012691	-0.460183	12176200.0
2015-06-24	-0.01272	0.008352	0.014225	0.0055049999999999995	-0.7147439999999999	19235500.0
2015-06-23	0.007726	0.027262	0.033718	0.024391999999999997	0.43080100000000005	16216100.0
2015-06-22	0.012805	0.032787000000000004	0.039144	0.030969999999999998	0.70496	13011600.0
2015-06-19	-0.009337999999999999	0.016845	0.022243000000000002	0.010727	-0.518925	18840500.0
2015-06-18	0.0038909999999999995	0.023511	0.027485000000000002	0.011228	0.21539699999999998	18739300.0
2015-06-17	-0.009287	0.021344	0.022775	0.008995	-0.518921	17801900.0
2015-06-16	0.0074140000000000005	0.019	0.029997000000000003	0.016115	0.411221	13563800.0
2015-06-15	-0.008055	0.01258	0.018303	0.00346	-0.45038599999999995	17698400.0
2015-06-12	-0.001748	0.017773	0.022058	0.011703	-0.09790399999999999	13860600.0
2015-06-11	0.003332	0.024568	0.029941000000000002	0.019731	0.186023	19187100.0
2015-06-10	0.018213999999999998	0.026268	0.043412	0.024626	0.998684	21275600.0
2015-06-09	0.006289	0.019875	0.034374	0.013452	0.342686	15193100.0
2015-06-08	-0.010491	0.021525	0.026064999999999998	0.010629000000000001	-0.577671	14961600.0
2015-06-05	0.016447	0.03408	0.044417	0.030757999999999997	0.8909799999999999	26500400.0
2015-06-04	-0.005393	0.018039	0.028137	0.012715	-0.29372800000000004	18517600.0
2015-06-03	0.016630000000000002	0.027316000000000003	0.045607999999999996	0.026756	0.8909870000000001	21225400.0
2015-06-02	0.004959000000000001	0.020406	0.032035	0.015341	0.264355	17765400.0
2015-06-01	0.006842	0.032675	0.039663	0.028142	0.362263	18156300.0
2015-05-29	-0.008616	0.019659	0.02022	0.008612	-0.460167	13841400.0
2015-05-28	-0.005832	0.020413	0.020413	0.009245	-0.31332	13380900.0
2015-05-27	0.011615	0.023227	0.035278	0.02059	0.6168359999999999	13699400.0
2015-05-26	-0.013280000000000002	0.017256	0.018928	0.003507	-0.7147439999999999	16564500.0
2015-05-22	0.0023710000000000003	0.020225999999999997	0.030469	0.018364	0.127288	12652000.0
2015-05-21	-0.0009109999999999999	0.017622	0.025251	0.016134	-0.048957	11799200.0
2015-05-20	-0.007951999999999999	0.020236	0.02079	0.010637	-0.430813	13954600.0
2015-05-19	0.012073	0.023586000000000003	0.034421	0.022838	0.646221	18207400.0
2015-05-18	0.007928	0.020402	0.033770999999999995	0.020025	0.421005	11717600.0
2015-05-15	-0.006593000000000001	0.021157	0.021531	0.010681	-0.35247	10377200.0
2015-05-14	0.007379999999999999	0.025677999999999996	0.031331	0.023793	0.39163600000000004	14250800.0
2015-05-13	0.00856	0.020963	0.033127	0.016402	0.45038199999999995	15810400.0
2015-05-12	-0.004261	0.015666	0.021533	0.00734	-0.22518200000000002	13336900.0
2015-05-11	-0.000926	0.019453	0.023991	0.017184	-0.048961000000000005	13896800.0
2015-05-08	0.013318	0.025942000000000003	0.03667	0.021152	0.695156	17333500.0
2015-05-07	0.010232999999999999	0.01786	0.034311	0.014376	0.528724	14954200.0
2015-05-06	-0.009934	0.026336000000000002	0.032851	0.003149	-0.518432	19414800.0
2015-05-05	-0.015137000000000001	0.018914	0.024765000000000002	0.004949	-0.8021010000000001	20669100.0
2015-05-04	0.007626999999999999	0.024023	0.03182	0.021931	0.40105799999999997	15670100.0
2015-05-01	0.008251999999999999	0.028447000000000004	0.032281	0.022119999999999997	0.430386	13147600.0
2015-04-30	-0.008184	0.022121000000000002	0.026305000000000002	0.006338	-0.430386	19420600.0
2015-04-29	0.013956999999999999	0.015177000000000001	0.041014	0.014406	0.723831	22542400.0
2015-04-28	0.0041670000000000006	0.019794	0.02812	0.011662	0.21520999999999998	14134500.0
2015-04-27	-0.0018899999999999998	0.021925	0.031781000000000004	0.019992	-0.097824	15613000.0
2015-04-24	-0.006013	0.021159	0.022311	0.015203999999999999	-0.313015	10150500.0
2015-04-23	0.0022600000000000003	0.020579	0.028087	0.016921000000000002	0.11739000000000001	13049600.0
2015-04-22	0.011814	0.02309	0.039843	0.019778999999999998	0.606456	14873400.0
2015-04-21	-0.013534000000000001	0.025194	0.027308	0.004056000000000001	-0.704284	19554400.0
2015-04-20	0.00245	0.026742000000000002	0.031943	0.022697	0.127163	14730000.0
2015-04-17	-0.017586	0.01266	0.023825	0.002062	-0.929261	23287000.0
2015-04-16	0.015222999999999999	0.037105	0.046327	0.033647	0.792321	38345600.0
2015-04-15	0.009103	0.026188999999999997	0.034913	0.022699	0.46952	19041100.0
2015-04-14	0.0013289999999999999	0.027552999999999998	0.028912	0.016876	0.06847400000000001	13259700.0
2015-04-13	0.004386999999999999	0.023286	0.032451	0.021921	0.224983	11984400.0
2015-04-10	0.005755	0.021331	0.033097	0.01937	0.293454	13032000.0
2015-04-09	0.004625	0.019159	0.028616000000000003	0.018371000000000002	0.234764	13591400.0
2015-04-08	0.007181999999999999	0.025287999999999998	0.036202	0.024494	0.361923	11773000.0
2015-04-07	-0.0019370000000000001	0.02647	0.028451	0.017756	-0.09782	11562700.0
2015-04-06	-0.004628	0.008512	0.024283000000000002	0.004964	-0.23476799999999998	13250800.0
2015-04-02	0.004649	0.0235	0.034194	0.021717	0.23476799999999998	13966900.0
2015-04-01	0.001941	0.019334999999999998	0.029851999999999997	0.012191	0.09782	21577700.0
2015-03-31	-0.0023239999999999997	0.014788999999999998	0.024885	0.012809000000000001	-0.117378	13928900.0
2015-03-30	0.012549	0.028926	0.042357	0.028525	0.626026	13289200.0
2015-03-27	-0.0037119999999999996	0.028303	0.028303	0.012925	-0.185848	16052400.0
2015-03-26	-0.003698	0.018531	0.023903	0.0042049999999999995	-0.185856	21839600.0
2015-03-25	-0.010782	0.023099	0.025657	0.010699	-0.547779	15418200.0
2015-03-24	-0.01029	0.019778999999999998	0.021532	0.011792	-0.5282220000000001	12887700.0
2015-03-23	-0.009437000000000001	0.023275999999999998	0.023662	0.012662999999999999	-0.48908599999999997	13148900.0
2015-03-20	0.011455	0.023482	0.03773	0.022897	0.586907	22466200.0
2015-03-19	-0.024944	0.019457	0.020408000000000003	-0.006615	-1.310749	21150000.0
2015-03-18	-0.002229	0.014337	0.02421	0.009590000000000001	-0.117375	18383700.0
2015-03-17	0.002794	0.013172	0.028024	0.01222	0.14671700000000001	13902900.0
2015-03-16	0.002802	0.02613	0.031859	0.019638	0.146725	17031600.0
2015-03-13	-0.009984999999999999	0.018909	0.025336	0.006809999999999999	-0.528217	20780600.0
2015-03-12	0.033442	0.054936	0.069002	0.044191	1.711807	50191200.0
2015-03-11	0.021472	0.030094	0.052842999999999994	0.028098	1.075996	32443600.0
2015-03-10	-0.032483	0.005321	0.009762	-0.010897	-1.6824599999999998	29061300.0
2015-03-09	-0.002073	0.018843000000000002	0.024431	0.016724	-0.107609	17542600.0
2015-03-06	-0.009335	0.025938	0.030900999999999998	0.010286	-0.489083	40296600.0
2015-03-05	-0.002049	0.023073	0.023454	0.012407	-0.107589	13853800.0
2015-03-04	-0.001117	0.017555	0.024784999999999998	0.012988	-0.05870499999999999	14698100.0
2015-03-03	0.004487	0.030912000000000002	0.032059	0.021165	0.23476799999999998	24281900.0
2015-03-02	0.020412	0.022311	0.043764	0.015094999999999999	1.04665	19384200.0
2015-02-27	0.00019099999999999998	0.020556	0.031284	0.01763	0.009781	18588400.0
2015-02-26	0.006143	0.021134	0.030162	0.018779	0.313015	16358100.0
2015-02-25	0.0036609999999999998	0.017387	0.026448000000000003	0.015416999999999998	0.185848	10666000.0
2015-02-24	0.011302	0.024303	0.041832999999999995	0.023706	0.567337	20250900.0
2015-02-23	-0.008883	0.017376	0.017573	0.0019760000000000003	-0.44994700000000004	15282600.0
2015-02-20	0.012911	0.020911000000000003	0.038110000000000005	0.0071129999999999995	0.645592	19429400.0
2015-02-19	-0.005834000000000001	0.019528	0.024697	0.014756	-0.29345	11272000.0
2015-02-18	-0.005222999999999999	0.014597999999999998	0.021915999999999998	0.010445	-0.26410300000000003	17666800.0
2015-02-17	0.00957	0.01732	0.034292	0.016321000000000002	0.47930600000000007	14569400.0
2015-02-13	0.006091	0.024722	0.034365	0.020704	0.303226	17448500.0
2015-02-12	0.024356	0.027662	0.051326	0.024163	1.183598	28926800.0
2015-02-11	0.005871	0.017344	0.032454000000000004	0.016516	0.28366399999999997	13079500.0
2015-02-10	0.003658	0.038723	0.03997	0.020857	0.176072	17223700.0
2015-02-09	0.001424	0.016486	0.030008999999999997	0.0077480000000000005	0.06847	16364900.0
2015-02-06	0.012361	0.040424	0.052008000000000006	0.033263	0.586921	25881500.0
2015-02-05	0.002892	0.029493000000000002	0.034985	0.018509	0.136933	15481900.0
2015-02-04	-0.00982	0.015828000000000002	0.024821	0.010181	-0.469529	19581800.0
2015-02-03	0.024309	0.038164	0.054446	0.035808	1.134686	25220200.0
2015-02-02	0.016401	0.027755000000000002	0.040166	0.021223	0.7532	19178200.0
2015-01-30	-0.01407	0.010933	0.024673	0.006854000000000001	-0.6553800000000001	23729800.0
2015-01-29	0.011040000000000001	0.02166	0.037071	0.016451	0.508648	19865700.0
2015-01-28	-0.02484	0.023798	0.026761	-0.0028710000000000003	-1.173565	26065300.0
2015-01-27	-0.011863	0.004751	0.017509	-0.0008960000000000001	-0.5672149999999999	16401200.0
2015-01-26	0.005553	0.019584	0.031150999999999998	0.018112	0.26405700000000004	13817500.0
2015-01-23	-0.019165	0.020878	0.026448000000000003	0.002725	-0.9290809999999999	18984700.0
2015-01-22	0.038333	0.033666	0.06558	0.026598	1.7896849999999997	29652600.0
2015-01-21	0.010157	0.024908	0.043516	0.020149	0.469433	22873300.0
2015-01-20	-0.007351000000000001	0.030475	0.030904	0.012648999999999999	-0.34229299999999996	25561000.0
2015-01-16	0.008046	0.011054000000000001	0.032487	0.008889	0.371628	32307000.0
2015-01-15	-0.037105	0.0018899999999999998	0.005643	-0.022083000000000002	-1.7799040000000002	48799400.0
2015-01-14	-0.019392	0.000859	0.003721	-0.023467	-0.948631	44588300.0
2015-01-13	-0.007146	0.028211	0.03978	0.0069	-0.35207	23201800.0
2015-01-12	-0.007877	0.023334	0.025146	0.007426	-0.391178	22725800.0
2015-01-09	-0.022334	0.027056	0.028433999999999997	-0.000505	-1.134449	20180200.0
2015-01-08	0.015047999999999999	0.034518	0.040713	0.029123000000000003	0.7530399999999999	17467200.0
2015-01-07	0.00927	0.038865	0.039671	0.020915	0.45964099999999997	27890800.0
2015-01-06	-0.035205	0.025058	0.026808999999999996	-0.016777	-1.809239	31989300.0
2015-01-05	-0.031514999999999994	0.015933000000000003	0.016875	-0.013841999999999998	-1.6723290000000002	20945400.0
2015-01-02	0.0027719999999999997	0.027252999999999996	0.033489	0.016481	0.146706	11137800.0
2014-12-31	-0.013312000000000001	0.024579	0.026817	0.00873	-0.713928	10193000.0
2014-12-30	0.00201	0.018418	0.026639	0.013561000000000002	0.10758599999999999	8188600.0
2014-12-29	0.005511	0.01708	0.034739	0.015013999999999998	0.29338000000000003	9887500.0
2014-12-26	-0.002017	0.024215999999999998	0.026841000000000004	0.020091	-0.107563	6415100.0
2014-12-24	0.002205	0.027413999999999997	0.031548	0.02065	0.117352	6237400.0
2014-12-23	0.008525	0.023665000000000002	0.039583	0.02196	0.449867	12277000.0
2014-12-22	-0.000926	0.023096000000000002	0.027451	0.013252000000000002	-0.048904	11742300.0
2014-12-19	-0.0016640000000000001	0.020449000000000002	0.029711	0.015913	-0.088021	22986200.0
2014-12-18	0.031459	0.041049	0.054696	0.035785000000000004	1.613652	23478100.0
2014-12-17	0.025015	0.023328	0.048706	0.021329	1.2518	26918800.0
2014-12-16	-0.030688	0.010325	0.023497	-0.009819	-1.584316	34745200.0
2014-12-15	-0.011423	0.035549000000000004	0.035549000000000004	0.005678	-0.596554	20956200.0
2014-12-12	-0.020363	0.012586	0.019527000000000003	-0.001483	-1.085544	23137300.0
2014-12-11	0.000734	0.025907	0.036795	0.02159	0.039115	20641300.0
2014-12-10	-0.024709000000000002	0.016304	0.023809999999999998	-0.004934	-1.34959	22464100.0
2014-12-09	-0.009225	0.005659	0.018356	-0.007946	-0.508541	26262900.0
2014-12-08	0.005171	0.020705	0.038391	0.016511	0.2836	21799300.0
2014-12-05	0.016309999999999998	0.028829	0.046804000000000005	0.027717000000000002	0.8801760000000001	21945900.0
2014-12-04	-0.000543	0.018083000000000002	0.026602999999999998	0.012898	-0.029342	13407400.0
2014-12-03	0.015637	0.024598	0.039833999999999994	0.021588	0.8312799999999999	21221500.0
2014-12-02	0.018931	0.025595	0.043995	0.025595	0.9877389999999999	15964300.0
2014-12-01	-0.011488	0.019306999999999998	0.021391999999999998	0.005098	-0.606338	13825700.0
2014-11-28	-0.002956	0.020073	0.023472999999999997	0.016861	-0.156479	5876800.0
2014-11-26	-0.0036810000000000002	0.024787	0.025351	0.016316999999999998	-0.19559100000000001	8704200.0
2014-11-25	-0.001287	0.022528	0.024784	0.016138	-0.068459	13212100.0
2014-11-24	0.013791	0.027864	0.038345	0.024434	0.723705	13733900.0
2014-11-21	0.002616	0.033036	0.038386	0.024248	0.136914	15142200.0
2014-11-20	-0.0026089999999999998	0.014716	0.020812999999999998	0.012048	-0.136914	9721900.0
2014-11-19	-0.002788	0.022908	0.022908	0.014357	-0.146705	8664900.0
2014-11-18	0.00448	0.022338	0.033981	0.021383000000000003	0.23471799999999998	12907700.0
2014-11-17	0.0035590000000000005	0.016399	0.027509	0.016207	0.185818	10191900.0
2014-11-14	-0.001123	0.020041	0.02559	0.019084	-0.058685	11345500.0
2014-11-13	0.000375	0.023677	0.025591	0.014106	0.019573	12668400.0
2014-11-12	-0.007248	0.013597	0.018918	0.008466	-0.381424	10271800.0
2014-11-11	-0.001484	0.022718000000000002	0.026323000000000003	0.020062	-0.078236	9524300.0
2014-11-10	0.002605	0.019104	0.025192	0.018533	0.13692100000000001	11235500.0
2014-11-07	-0.004445	0.020066	0.022907	0.014006000000000001	-0.23471799999999998	13479200.0
2014-11-06	-0.0005549999999999999	0.021582	0.027828	0.018553	-0.029331	13621300.0
2014-11-05	0.015605	0.030218000000000002	0.040215	0.023874	0.811718	18546200.0
2014-11-04	-0.0052369999999999995	0.018895	0.01966	0.006465	-0.273835	13618000.0
2014-11-03	-0.001121	0.020427	0.026731	0.012786	-0.058685	12123000.0
2014-10-31	0.00715	0.027338	0.036957	0.01945	0.371632	27639400.0
2014-10-30	0.009687999999999999	0.02214	0.037291000000000005	0.016701	0.49876000000000004	21027700.0
2014-10-29	0.004005	0.023503	0.028769	0.015897	0.205341	16322200.0
2014-10-28	0.016475999999999998	0.023714	0.041158999999999994	0.023714	0.8311120000000001	16529200.0
2014-10-27	-0.004054	0.016405	0.019761	0.010284	-0.205337	12134600.0
2014-10-24	0.007586	0.02332	0.031874	0.021927000000000002	0.381344	13284400.0
2014-10-23	0.014003999999999999	0.033817	0.046929000000000005	0.03059	0.694217	15167500.0
2014-10-22	-0.011118000000000001	0.022723	0.033295	0.010953000000000001	-0.557335	16664500.0
2014-10-21	0.014644999999999998	0.033045	0.042152999999999996	0.027175	0.723561	17798300.0
2014-10-20	0.009187	0.021906000000000002	0.033957	0.020475999999999998	0.449779	13796700.0
2014-10-17	0.006431999999999999	0.037935	0.042663	0.022517	0.312893	21969900.0
2014-10-16	0.0014089999999999999	0.008312	0.033632999999999996	0.003372	0.06844700000000001	28295100.0
2014-10-15	-0.034777999999999996	0.011396	0.011993	-0.044042000000000005	-1.750244	55398300.0
2014-10-14	0.031463	0.048342	0.058179999999999996	0.03379	1.535118	41368500.0
2014-10-13	-0.004190999999999999	0.023334999999999998	0.038234	0.01762	-0.20533	26025900.0
2014-10-10	-0.020141	0.018522999999999998	0.025722000000000002	0.002124	-1.00711	27764500.0
2014-10-09	-0.026646	0.021555	0.021555	-0.0070599999999999994	-1.3688930000000001	22423700.0
2014-10-08	0.024771	0.021526	0.049253	0.020927	1.2417790000000002	23356300.0
2014-10-07	-0.019319	0.01705	0.018615	0.0029649999999999998	-0.98756	16837100.0
2014-10-06	-0.0007650000000000001	0.027608999999999998	0.029564	0.019009	-0.039112	12675100.0
2014-10-03	0.020878	0.031902	0.04627	0.030505	1.046226	17716300.0
2014-10-02	0.002936	0.01952	0.031129	0.013916999999999999	0.146676	18393400.0
2014-10-01	-0.013894	0.01996	0.023315	0.004368	-0.7040069999999999	20757500.0
2014-09-30	-0.004419	0.023312	0.031368	0.014469999999999998	-0.224888	21787700.0
2014-09-29	-0.008383	0.008304	0.018436	-7.4e-05	-0.430233	13006900.0
2014-09-26	0.0102	0.023313	0.035123	0.022723	0.518227	10474200.0
2014-09-25	-0.024409	0.022147	0.022915	-0.002241	-1.2711139999999999	19262500.0
2014-09-24	0.007949	0.023884	0.032013	0.015949	0.410675	15606000.0
2014-09-23	-0.003771	0.017131	0.026772000000000004	0.017131	-0.19556800000000002	14586000.0
2014-09-22	-0.008227	0.021958000000000002	0.027694999999999997	0.012779	-0.43021000000000004	16654900.0
2014-09-19	-0.0033539999999999998	0.028822000000000004	0.031681	0.015099000000000001	-0.176003	22153100.0
2014-09-18	0.024241	0.028774	0.0522	0.024480000000000002	1.241783	27307100.0
2014-09-17	0.000573	0.021941	0.0362	0.019988	0.029331	20379900.0
2014-09-16	0.000956	0.019008	0.024678	0.014902	0.048889999999999996	13221300.0
2014-09-15	-0.0013369999999999999	0.022527000000000002	0.025456	0.013741	-0.068451	12805700.0
2014-09-12	0.002872	0.022135	0.035059	0.019981	0.146675	18329200.0
2014-09-11	0.007717	0.018381	0.031207	0.016606	0.391102	14084300.0
2014-09-10	0.01112	0.022324	0.037288	0.021127	0.557346	13013600.0
2014-09-09	-0.015178	0.014667	0.017418	0.004449	-0.77245	14584100.0
2014-09-08	-0.0047799999999999995	0.019985	0.031913	0.015096	-0.24444899999999997	13557800.0
2014-09-05	-0.00324	0.019604	0.023112999999999998	0.008104	-0.166222	17484800.0
2014-09-04	0.004595	0.023114	0.035450999999999996	0.022527000000000002	0.234673	15694900.0
2014-09-03	0.005196	0.028234	0.033942	0.024297	0.263992	15116800.0
2014-09-02	0.006002	0.025297	0.029257	0.018563999999999997	0.303112	11452100.0
2014-08-29	0.005059	0.025509	0.031479	0.024116	0.254227	8981300.0
2014-08-28	-0.009063	0.016018	0.01799	0.011284	-0.45956099999999994	10255900.0
2014-08-27	-0.005179	0.022527000000000002	0.025469	0.013894	-0.263996	13398400.0
2014-08-26	0.009684	0.020544	0.037777	0.019355	0.48888400000000004	18384700.0
2014-08-25	0.013744	0.029751	0.044009	0.029751	0.6844520000000001	17502900.0
2014-08-22	-0.002741	0.020119	0.034738	0.015913999999999998	-0.13689400000000002	20002900.0
2014-08-21	0.025502	0.026213999999999998	0.051885	0.022723	1.241783	24162400.0
2014-08-20	0.002012	0.021282	0.02725	0.017784	0.097786	9039500.0
2014-08-19	0.0038380000000000003	0.023136	0.038008999999999994	0.022928999999999998	0.185776	13073300.0
2014-08-18	0.016215	0.02965	0.040776	0.027971	0.772442	13199700.0
2014-08-15	-0.008345	0.026052999999999996	0.030008	0.005861	-0.400887	16215300.0
2014-08-14	0.007795000000000001	0.024401	0.031114	0.022513	0.37155900000000003	9693100.0
2014-08-13	0.0064	0.026523	0.032224	0.024623	0.303112	8602600.0
2014-08-12	0.001033	0.018918	0.028852	0.015537	0.048889999999999996	9238600.0
2014-08-11	-0.0012380000000000002	0.024833	0.025889	0.018078999999999998	-0.05867000000000001	9130300.0
2014-08-08	0.008115	0.022723	0.032086	0.016763999999999998	0.381336	12001500.0
2014-08-07	-0.001662	0.030371	0.033132999999999996	0.017411000000000003	-0.078224	12377000.0
2014-08-06	0.005220000000000001	0.019733	0.03639	0.019733	0.24444899999999997	13038300.0
2014-08-05	-0.009309	0.02103	0.025896	0.008124	-0.44000600000000006	15912700.0
2014-08-04	0.00499	0.030164999999999997	0.031228	0.021872	0.23468000000000003	14277000.0
2014-08-01	-0.016561000000000003	0.016031	0.025232	0.001603	-0.792011	21822700.0
2014-07-31	-0.021603999999999998	0.013925	0.02129	0.000627	-1.056011	23550900.0
2014-07-30	0.011736	0.028102	0.040520999999999995	0.027274	0.567009	15327600.0
2014-07-29	-0.005634	0.023545	0.026425999999999998	0.017164	-0.27373200000000003	13165800.0
2014-07-28	-0.006595999999999999	0.021292	0.02395	0.012909	-0.322601	12070400.0
2014-07-25	-0.001198	0.020885	0.025174000000000002	0.019864	-0.058655	10082900.0
2014-07-24	-0.001794	0.023743	0.028839	0.018442	-0.087982	13282600.0
2014-07-23	0.011694	0.023134000000000002	0.043345	0.017978	0.567005	20099200.0
2014-07-22	0.005065999999999999	0.028109	0.032876999999999997	0.023549	0.24439299999999997	13125500.0
2014-07-21	-0.0042369999999999994	0.014671	0.02107	0.012813999999999999	-0.205296	10920200.0
2014-07-18	0.0077269999999999995	0.029375	0.036031	0.025631	0.371483	15453900.0
2014-07-17	-0.012846000000000002	0.016357	0.026212	0.009376	-0.625656	23847600.0
2014-07-16	0.010753	0.027077999999999998	0.034964	0.02521	0.51812	23590400.0
2014-07-15	0.017968	0.031377999999999996	0.044898	0.031377999999999996	0.850498	34419100.0
2014-07-14	0.030213	0.059274	0.06275599999999999	0.052309	1.38818	36149700.0
2014-07-11	0.002132	0.021182	0.025325999999999998	0.01573	0.097759	15205700.0
2014-07-10	-0.010131	0.008462	0.015803	0.005007999999999999	-0.469238	18671600.0
2014-07-09	-0.0008439999999999999	0.024006	0.028319999999999998	0.018181	-0.039112	14195300.0
2014-07-08	-0.011670999999999999	0.016958	0.017597	0.007364	-0.5474399999999999	13808800.0
2014-07-07	-0.00539	0.018897999999999998	0.020171	0.009144	-0.254177	12052300.0
2014-07-03	0.00479	0.03081	0.037842	0.024205	0.224834	13643100.0
2014-07-02	0.011589	0.024651	0.039954	0.023788999999999998	0.537678	16774600.0
2014-07-01	0.0076430000000000005	0.029876999999999997	0.040302	0.025533	0.351936	16699800.0
2014-06-30	-0.000849	0.023361	0.026399000000000002	0.020106	-0.039108	12290400.0
2014-06-27	-0.001906	0.022711000000000002	0.02531	0.016212999999999998	-0.087982	19162000.0
2014-06-26	-0.012338	0.020574000000000002	0.021216	0.006028	-0.576767	18875700.0
2014-06-25	0.00020899999999999998	0.019932	0.028489999999999998	0.017578	0.009766	12704600.0
2014-06-24	-0.005202	0.018456999999999998	0.031867	0.015478	-0.24439299999999997	16916400.0
2014-06-23	0.015209	0.01839	0.041077999999999996	0.017741	0.703869	18431400.0
2014-06-20	-0.004626	0.027444	0.028519	0.012388	-0.21508400000000003	18832900.0
2014-06-19	-0.007719	0.023354	0.023781	0.010334999999999999	-0.361698	15747900.0
2014-06-18	0.00293	0.022499	0.027422000000000002	0.014794	0.136864	14468500.0
2014-06-17	0.003149	0.019492	0.031731	0.0167	0.146637	13946300.0
2014-06-16	0.001051	0.020347999999999998	0.027011	0.011105	0.048885000000000005	12790900.0
2014-06-13	-0.014088	0.020172	0.031404	-0.001443	-0.664768	34838700.0
2014-06-12	-0.011063	0.018945	0.020832	0.008048	-0.5278930000000001	15670200.0
2014-06-11	-0.010541	0.016706	0.021683	0.008619	-0.508351	13944200.0
2014-06-10	-0.0050420000000000005	0.02107	0.021277	0.010754000000000001	-0.244396	12769300.0
2014-06-09	0.013284	0.024182	0.036725	0.023344999999999998	0.635437	14235700.0
2014-06-06	0.006169	0.0244	0.034917000000000004	0.022716999999999998	0.29327	19149500.0
2014-06-05	0.015663999999999997	0.025705000000000002	0.042582999999999996	0.023141	0.7332	17048300.0
2014-06-04	-0.0064329999999999995	0.019743	0.023139	0.015073	-0.303066	13075300.0
2014-06-03	0.009004	0.017573	0.033636	0.016502	0.420372	16105800.0
2014-06-02	0.003994	0.023572	0.031314	0.019916999999999997	0.185745	11887400.0
2014-05-30	0.0061340000000000006	0.020980000000000002	0.029851	0.020115	0.283501	11538700.0
2014-05-29	-0.0008449999999999999	0.023576	0.026818	0.020549	-0.039112	15552800.0
2014-05-28	-0.005255	0.020992	0.029807999999999998	0.017336	-0.244389	14178100.0
2014-05-27	0.005921	0.030064999999999998	0.045856	0.025523	0.27371599999999996	24503800.0
2014-05-23	0.003182	0.024880000000000003	0.028569	0.021842	0.146637	9571800.0
2014-05-22	0.00619	0.021399	0.029477999999999997	0.021181000000000002	0.283512	12711900.0
2014-05-21	0.006444	0.02908	0.034793	0.026004000000000003	0.293263	12822600.0
2014-05-20	-0.004704	0.019647	0.026864	0.014397	-0.215061	11789800.0
2014-05-19	0.007106	0.015438	0.030637	0.014998	0.322601	13621000.0
2014-05-16	-0.00172	0.021168	0.026445	0.015231	-0.078209	17186900.0
2014-05-15	-0.012733	0.017066	0.01902	0.00187	-0.586548	21174400.0
2014-05-14	-0.006327	0.024653	0.024869	0.013436000000000002	-0.293281	12405600.0
2014-05-13	0.003173	0.024658000000000003	0.027688	0.022062000000000002	0.146636	12615200.0
2014-05-12	0.005959000000000001	0.027933999999999997	0.031853	0.024016	0.273728	13305600.0
2014-05-09	-0.003182	0.020756999999999998	0.024880000000000003	0.013596	-0.14664100000000002	15185800.0
2014-05-08	0.009422	0.022927	0.040232	0.022927	0.430138	16065700.0
2014-05-07	0.007334	0.026899	0.033298	0.022045	0.332382	17502000.0
2014-05-06	-0.01738	0.019241	0.020109000000000002	0.004497999999999999	-0.801617	21786700.0
2014-05-05	-0.011523	0.011568	0.013926	0.002996	-0.5376770000000001	16845800.0
2014-05-02	-0.000628	0.024427	0.032565	0.017144	-0.029324	15358500.0
2014-05-01	-0.0029230000000000003	0.021005000000000003	0.028052999999999998	0.016307	-0.136856	10931500.0
2014-04-30	-0.0051909999999999994	0.022504	0.026751999999999998	0.016343	-0.244351	17077200.0
2014-04-29	0.018182	0.02963	0.042608999999999994	0.025304	0.8405459999999999	16942400.0
2014-04-28	-0.009424	0.020784	0.027855	0.008142	-0.43981899999999996	25780300.0
2014-04-25	-0.012001000000000001	0.018695	0.025046000000000002	0.00938	-0.566883	18117600.0
2014-04-24	-0.001446	0.024197999999999997	0.026945999999999998	0.014896000000000001	-0.06842100000000001	14699100.0
2014-04-23	0.007913	0.022713999999999998	0.033368	0.020797	0.371399	13497900.0
2014-04-22	0.0037630000000000003	0.024424	0.038325	0.023355	0.17593399999999998	18584800.0
2014-04-21	-0.00788	0.022292	0.023141	0.013593000000000001	-0.37140300000000004	17044500.0
2014-04-17	0.0008300000000000001	0.023353	0.028662	0.019106	0.039093	21360900.0
2014-04-16	-0.002691	0.028435000000000002	0.029706	0.007679999999999999	-0.127056	24654500.0
2014-04-15	0.013425999999999999	0.029365	0.040097	0.022497	0.62553	36511600.0
2014-04-14	0.043564	0.061665	0.070624	0.052258000000000006	1.944985	51962300.0
2014-04-11	-0.011897	0.011411	0.027346	-9.7e-05	-0.537556	31063200.0
2014-04-10	-0.019719999999999998	0.024876	0.025527	0.0005780000000000001	-0.908974	27170000.0
2014-04-09	0.012017	0.027093	0.036095	0.016993	0.547341	22373200.0
2014-04-08	0.001074	0.022701	0.029735	0.01369	0.048866	26874900.0
2014-04-07	-0.011887	0.023358	0.024444	0.005332	-0.5473359999999999	30145300.0
2014-04-04	-0.011955	0.024214	0.025501	0.00533	-0.557106	33010000.0
2014-04-03	-0.011609	0.016778	0.01805	0.004688	-0.547341	29237100.0
2014-04-02	0.009205	0.030632999999999997	0.035127	0.021643	0.43006099999999997	22354300.0
2014-04-01	0.004202	0.02572	0.037112	0.024215999999999998	0.195481	26810400.0
2014-03-31	0.0074069999999999995	0.029204	0.037216	0.027904	0.342064	25651000.0
2014-03-28	-0.004215	0.028963	0.02961	0.014085	-0.195465	39796000.0
2014-03-27	-0.054027	-0.032545	-0.016838	-0.039072	-2.648709	112601000.0
2014-03-26	-0.002783	0.027819	0.028836	0.01053	-0.136829	36784700.0
2014-03-25	0.004995	0.026411	0.033566000000000006	0.023141	0.244339	17484200.0
2014-03-24	-0.000599	0.025592	0.034786000000000004	0.017012	-0.029316000000000002	21170300.0
2014-03-21	-0.002788	0.039032	0.039032	0.015806999999999998	-0.136829	38388600.0
2014-03-20	0.026154000000000004	0.030458	0.054917999999999995	0.024604	1.251045	33885600.0
2014-03-19	0.016618	0.024841	0.052471000000000004	0.02059	0.78191	30308800.0
2014-03-18	0.00859	0.023569999999999997	0.03193	0.018211	0.400726	19517200.0
2014-03-17	0.018131	0.036017	0.043219	0.032525	0.8307690000000001	18928200.0
2014-03-14	-0.009507999999999999	0.024005000000000002	0.033733	0.011468	-0.43982	26135900.0
2014-03-13	-0.013547	0.027193000000000002	0.029965	0.0037359999999999997	-0.635292	38925400.0
2014-03-12	-0.009292	0.016590999999999998	0.017013999999999998	0.008986	-0.439838	25822400.0
2014-03-11	-0.022997999999999998	0.027475	0.028301	-0.001008	-1.114208	33244300.0
2014-03-10	-0.001008	0.013656	0.022935	0.012006000000000001	-0.048863	15397100.0
2014-03-07	-0.001811	0.033431999999999996	0.037548000000000005	0.016143	-0.087974	25775500.0
2014-03-06	0.005868	0.033077999999999996	0.039082	0.028524	0.283443	26967000.0
2014-03-05	0.012083	0.027541000000000003	0.04598	0.025865	0.5766600000000001	23620700.0
2014-03-04	0.025625	0.038613	0.052152	0.03453	1.192395	23940500.0
2014-03-03	-0.020974	0.005678	0.015146000000000001	0.00041799999999999997	-0.9969180000000001	28678000.0
2014-02-28	-0.001232	0.014315000000000001	0.035749	0.010953000000000001	-0.05864400000000001	31732000.0
2014-02-27	0.007657	0.018271000000000003	0.030975	0.015518	0.361626	18598300.0
2014-02-26	-0.0016530000000000002	0.023775	0.02758	0.00792	-0.07819	28822100.0
2014-02-25	-0.011840999999999999	0.022305000000000002	0.024812	0.008936	-0.566875	20495500.0
2014-02-24	0.014919	0.024625	0.049006	0.024201	0.703716	23874000.0
2014-02-21	0.0027010000000000003	0.025054	0.031006	0.022503	0.12705999999999998	26881700.0
2014-02-20	-0.001245	0.029298	0.030572000000000002	0.016771	-0.058642999999999994	25234100.0
2014-02-19	-0.024099000000000002	0.015474000000000002	0.02169	-0.001516	-1.163094	30294400.0
2014-02-18	-0.002827	0.023554	0.031199	0.019835	-0.136829	16217800.0
2014-02-14	-0.0068189999999999995	0.01719	0.02232	0.013907	-0.332306	18780600.0
2014-02-13	-0.002002	0.004914	0.022525999999999997	0.0045049999999999995	-0.09774400000000001	20639800.0
2014-02-12	0.0060409999999999995	0.025613	0.033236	0.022935	0.293213	23626300.0
2014-02-11	0.006894	0.021481	0.034343	0.015673	0.33231700000000003	22982800.0
2014-02-10	-0.000405	0.027495	0.031228	0.012565	-0.019554	19630100.0
2014-02-07	0.022591	0.040952999999999996	0.047314	0.028866000000000003	1.06535	37875700.0
2014-02-06	0.025287	0.030532999999999998	0.049448	0.027706	1.163082	33905600.0
2014-02-05	0.005986	0.022703	0.036045	0.012861000000000001	0.273674	32535500.0
2014-02-04	0.009495	0.037712999999999997	0.048752	0.030648	0.430042	31286900.0
2014-02-03	-0.022981	0.031985	0.032416	-0.0036079999999999997	-1.06535	42977600.0
2014-01-31	-0.018012	0.006406	0.021023	0.0017460000000000002	-0.8503149999999999	33425100.0
2014-01-30	0.004784	0.031442000000000005	0.03655	0.016968	0.224789	39940700.0
2014-01-29	-0.030645	0.009323999999999999	0.018402	-0.015847	-1.485306	54018100.0
2014-01-28	0.016184999999999998	0.033417	0.045368	0.033417	0.7719689999999999	24780900.0
2014-01-27	-0.010541	0.018581999999999998	0.0302	0.0032310000000000004	-0.5081289999999999	39675300.0
2014-01-24	-0.027405000000000002	0.009835	0.012256	-0.009736	-1.358284	59057100.0
2014-01-23	-0.022736000000000003	0.018424	0.018424	-0.003266	-1.153076	34832200.0
2014-01-22	0.000964	0.026511	0.02888	0.016643	0.048866	20841100.0
2014-01-21	-0.008034999999999999	0.027857	0.037646	0.009453	-0.410412	27567400.0
2014-01-17	-0.006274	0.024326	0.029579	0.014209999999999999	-0.322472	33934500.0
2014-01-16	-0.043463	-0.003258	-0.003258	-0.025776	-2.335464	62946800.0
2014-01-15	0.019277000000000002	0.034166	0.046495	0.031131	1.016266	33688100.0
2014-01-14	0.004282	0.031163999999999997	0.036307	0.021639	0.224754	17771000.0
2014-01-13	-0.018275	0.018491	0.022231	-0.000585	-0.9771799999999999	21110300.0
2014-01-10	-0.008695999999999999	0.020202	0.021314	0.006668	-0.46904799999999996	22485900.0
2014-01-09	0.007116	0.026900999999999998	0.032129000000000005	0.02242	0.381108	21803700.0
2014-01-08	0.011628	0.025431	0.038842	0.023731	0.6156149999999999	25989800.0
2014-01-07	0.006876	0.038188	0.04066	0.022783	0.361561	28840400.0
2014-01-06	0.007678	0.027569999999999997	0.040409	0.023928	0.40063899999999997	28503100.0
2014-01-03	0.021619	0.025702999999999997	0.046848	0.024137	1.104221	26884900.0
2014-01-02	0.00307	0.021782	0.029049000000000002	0.017462000000000002	0.156342	16479700.0
2013-12-31	0.00366	0.024142	0.027295999999999997	0.021186	0.185669	10706800.0
2013-12-30	-0.0065060000000000005	0.023158	0.026877999999999996	0.014933000000000002	-0.33224899999999996	11506000.0
2013-12-27	-0.001719	0.023549	0.024527	0.020225999999999997	-0.08794	11814500.0
2013-12-26	-0.001526	0.027062	0.028428	0.018864	-0.078175	8882900.0
2013-12-24	0.00038199999999999996	0.022377	0.024525	0.016909999999999998	0.019543	5302600.0
2013-12-23	0.003831	0.028842000000000003	0.031782	0.02355	0.195434	13627500.0
2013-12-20	0.006361	0.026312000000000002	0.0344	0.023748	0.322464	27871300.0
2013-12-19	-0.001539	0.018824	0.026701999999999997	0.013309	-0.078159	20127100.0
2013-12-18	0.025054	0.025776	0.051213999999999996	0.016086000000000003	1.241009	32921300.0
2013-12-17	-0.0041259999999999995	0.025363999999999998	0.026369	0.016316999999999998	-0.20521199999999998	17951700.0
2013-12-16	-0.001373	0.031786	0.036203	0.020342	-0.06839400000000001	20312000.0
2013-12-13	0.001179	0.024761000000000002	0.028982	0.01873	0.058632000000000004	16743600.0
2013-12-12	0.003944	0.029206	0.032031	0.014474	0.195423	27240800.0
2013-12-11	-0.019906999999999998	0.020980000000000002	0.021574	-0.000579	-1.006481	24600000.0
2013-12-10	-0.0071010000000000005	0.020211	0.033173	0.015105	-0.361564	20025700.0
2013-12-09	0.012041	0.032297	0.042631999999999996	0.0319	0.60585	16653500.0
2013-12-06	0.008422	0.036982	0.041993	0.026160000000000003	0.42019300000000004	19714300.0
2013-12-05	-0.018831999999999998	0.014898	0.018634	0.0019190000000000001	-0.9576379999999999	23556900.0
2013-12-04	-0.001726	0.003919	0.026887	0.002152	-0.087948	32155300.0
2013-12-03	-0.009312	0.020436000000000003	0.026076	0.006045	-0.478821	20588400.0
2013-12-02	-0.0056689999999999996	0.024127000000000003	0.032829000000000004	0.015812	-0.293148	19854900.0
2013-11-29	-0.002451	0.024511	0.03377	0.019688	-0.12703299999999998	10952100.0
2013-11-27	0.000755	0.022581	0.02818	0.021230000000000002	0.039085	13075200.0
2013-11-26	-0.005254	0.019705	0.026618	0.017016	-0.273609	17661000.0
2013-11-25	0.016791	0.024916	0.048152	0.02472	0.859917	32610000.0
2013-11-22	0.013144999999999999	0.027507999999999998	0.039377999999999996	0.02553	0.664486	26051300.0
2013-11-21	0.018909	0.025168	0.047542	0.023555	0.938091	22868900.0
2013-11-20	-0.007817000000000001	0.020954	0.025754000000000003	0.012354	-0.390869	18347200.0
2013-11-19	0.007481999999999999	0.022749000000000002	0.03645	0.019727	0.371319	20113300.0
2013-11-18	0.007737999999999999	0.031475	0.043657999999999995	0.026805000000000002	0.381103	26353400.0
2013-11-15	0.0037840000000000005	0.022946	0.034970999999999995	0.019888999999999997	0.185662	22217400.0
2013-11-14	0.0044009999999999995	0.023763	0.029495	0.014346000000000001	0.214981	21758300.0
2013-11-13	0.009491	0.018394	0.033066000000000005	0.013021000000000001	0.45927399999999996	23536400.0
2013-11-12	-0.012956	0.019886	0.02009	0.006626999999999999	-0.635162	21627500.0
2013-11-11	0.004605	0.02028	0.03073	0.011468	0.224742	16831200.0
2013-11-08	0.032885000000000005	0.025894	0.061875	0.025894	1.553723	35134400.0
2013-11-07	-0.005553	0.029879000000000003	0.034088	0.017671	-0.263836	26954900.0
2013-11-06	0.004961	0.031392	0.032661	0.023565	0.23452399999999998	17621500.0
2013-11-05	-0.005141	0.020618	0.023143	0.014936000000000001	-0.244297	18394200.0
2013-11-04	-0.002257	0.025453	0.031751999999999996	0.019994	-0.107491	16513900.0
2013-11-01	-0.00082	0.025241999999999997	0.028388999999999998	0.019787	-0.039089	19004100.0
2013-10-31	-0.022053	0.020481	0.020481	0.0005809999999999999	-1.074894	25056900.0
2013-10-30	-0.006571	0.029266000000000004	0.029266000000000004	0.010718	-0.322411	22429200.0
2013-10-29	0.001396	0.026008	0.029886000000000003	0.021925999999999998	0.06838999999999999	16416100.0
2013-10-28	0.0017980000000000001	0.022536	0.029079	0.021514	0.087933	15543300.0
2013-10-25	-0.001795	0.021109	0.025804	0.019477	-0.087933	16736600.0
2013-10-24	-0.000797	0.02519	0.026006	0.014993000000000001	-0.039074	20034600.0
2013-10-23	-0.011229000000000001	0.017711	0.018921	0.00662	-0.556884	19530800.0
2013-10-22	-0.005291	0.029375	0.030779	0.014533	-0.263791	27816600.0
2013-10-21	-0.002346	0.024359	0.031963	0.020557	-0.117229	18703100.0
2013-10-18	0.000587	0.028564	0.028564	0.017352	0.029304000000000004	24565300.0
2013-10-17	0.005508	0.014297999999999998	0.031208999999999997	0.012486	0.273564	28304600.0
2013-10-16	0.040524	0.035499	0.066294	0.032148	1.9344139999999999	41564100.0
2013-10-15	-0.014919	0.025416	0.031606999999999996	0.003954	-0.722954	49035600.0
2013-10-14	0.00772	0.015447999999999998	0.0377	0.009626000000000001	0.371242	24765900.0
2013-10-11	-0.001015	0.025221	0.025428	0.011717	-0.048851	22990000.0
2013-10-10	0.027529	0.041703	0.053871	0.036794	1.289639	23989600.0
2013-10-09	0.005873	0.030215	0.038804000000000005	0.022056	0.273537	22597700.0
2013-10-08	-0.010584999999999999	0.024409	0.029294999999999998	0.011662	-0.498253	24655300.0
2013-10-07	-0.019536	0.012727	0.013769	0.003146	-0.9379049999999999	19144300.0
2013-10-04	0.015288999999999999	0.024616	0.040266	0.023136	0.722962	18436000.0
2013-10-03	-0.006364	0.025660000000000002	0.029232	0.00927	-0.30286	22013300.0
2013-10-02	0.002263	0.019768	0.033036	0.014292	0.107471	23568300.0
2013-10-01	0.001855	0.030733	0.036008	0.02166	0.087921	21040400.0
2013-09-30	-0.007772	0.010579	0.022931	0.001367	-0.371246	23789300.0
2013-09-27	-0.0008179999999999999	0.020003	0.029207	0.018538	-0.039085	20243100.0
2013-09-26	-0.006698999999999999	0.023767	0.028338	0.0077670000000000005	-0.322403	23345400.0
2013-09-25	0.006128	0.025231	0.035684	0.017496	0.293098	26930400.0
2013-09-24	-0.012306000000000001	0.020668000000000002	0.0217	0.010343000000000001	-0.59597	26564600.0
2013-09-23	-0.032025	-0.001625	0.0027719999999999997	-0.014816999999999999	-1.6022450000000001	34571800.0
2013-09-20	-0.014244999999999999	0.025135	0.026514	0.007205	-0.72297	28157600.0
2013-09-19	-0.00498	0.034145	0.036694	0.017481	-0.25401599999999996	25368500.0
2013-09-18	0.019727	0.01996	0.052746	0.019161	0.9867549999999999	31901700.0
2013-09-17	0.003922	0.026569	0.029177999999999996	0.02095	0.1954	15469000.0
2013-09-16	0.010101	0.037749	0.043019999999999996	0.028627	0.498249	19369100.0
2013-09-13	0.004576	0.02417	0.030889999999999997	0.022744	0.22471300000000002	12571800.0
2013-09-12	-0.009265	0.022146000000000002	0.024163999999999998	0.008225	-0.459179	21341600.0
2013-09-11	-0.007045999999999999	0.022557	0.02416	0.0069299999999999995	-0.351715	22251600.0
2013-09-10	0.019964	0.036841000000000006	0.052984	0.032754000000000005	0.976982	24843900.0
2013-09-09	0.017676	0.029174000000000002	0.042275	0.02647	0.8499709999999999	22388100.0
2013-09-06	-0.012836000000000002	0.030128	0.030128	0.003646	-0.625263	24627200.0
2013-09-05	0.005242	0.028718	0.035941	0.023972	0.254021	17765800.0
2013-09-04	0.004659	0.022315	0.035584	0.018376	0.224701	18949600.0
2013-09-03	0.021519	0.045584	0.055538	0.024194	1.01606	28906900.0
2013-08-30	-0.002888	0.028627	0.028627	0.00941	-0.136776	24902000.0
2013-08-29	0.003312	0.025466	0.036059	0.022711000000000002	0.156318	17293800.0
2013-08-28	0.001451	0.019527000000000003	0.038199000000000004	0.010828	0.068387	29616600.0
2013-08-27	-0.027419	0.007875	0.018193	-0.006157	-1.32869	29854200.0
2013-08-26	-0.0046159999999999994	0.022943	0.034035	0.018834	-0.22470500000000002	16604100.0
2013-08-23	-0.001603	0.02766	0.032172000000000006	0.019047	-0.078163	15302800.0
2013-08-22	0.015256	0.033969	0.046669999999999996	0.026057	0.732735	22411800.0
2013-08-21	-0.015224000000000001	0.021098	0.023969	0.0053100000000000005	-0.7425039999999999	30669600.0
2013-08-20	0.01196	0.022313999999999997	0.042648	0.011939	0.576416	29313400.0
2013-08-19	-0.020258	0.017662999999999998	0.019086000000000002	0.0022129999999999997	-0.9965209999999999	22958800.0
2013-08-16	-0.010027	0.020138	0.027986	0.010679000000000001	-0.49825699999999995	23497000.0
2013-08-15	-0.01415	0.01225	0.013837	-0.00144	-0.713196	26231400.0
2013-08-14	-0.0034770000000000005	0.027118	0.036805000000000004	0.019802	-0.175869	17240200.0
2013-08-13	0.017092	0.026374	0.048695	0.020340999999999998	0.849983	23814200.0
2013-08-12	-0.008184	0.017176	0.01957	0.010196	-0.410339	17413200.0
2013-08-09	-0.008884	0.022373	0.027908	0.012884	-0.449413	15613000.0
2013-08-08	0.005437	0.035285000000000004	0.035881	0.015013	0.273556	18623800.0
2013-08-07	0.000389	0.014214	0.026739999999999996	0.010039	0.019542	18613400.0
2013-08-06	-0.026291000000000002	0.018137999999999998	0.020074	-0.0049	-1.358005	23692600.0
2013-08-05	-0.0024530000000000003	0.022207	0.025682999999999997	0.018731	-0.12701099999999999	10699700.0
2013-08-02	0.002648	0.023171	0.027238	0.016588	0.136776	15440000.0
2013-08-01	0.014003999999999999	0.0375	0.044568	0.035536	0.713204	20583300.0
2013-07-31	0.006952	0.022371000000000002	0.047085	0.022371000000000002	0.351642	27860500.0
2013-07-30	0.002711	0.027324	0.030892000000000003	0.020781	0.13675299999999999	16099700.0
2013-07-29	-0.010917	0.017677000000000002	0.018657	0.005912	-0.556766	16327800.0
2013-07-26	-0.008545	0.019089	0.019867	0.007425	-0.43956000000000006	16248100.0
2013-07-25	0.009004999999999999	0.019636	0.033759	0.008259	0.45908699999999997	23057000.0
2013-07-24	-0.013047999999999999	0.025691000000000002	0.02937	0.008848	-0.673984	22674500.0
2013-07-23	-0.002264	0.027038999999999997	0.02955	0.017188	-0.117226	19492100.0
2013-07-22	0.012417000000000001	0.024342	0.036467	0.020040000000000002	0.634926	20047200.0
2013-07-19	-0.006453	0.022588999999999998	0.022978	0.013262999999999999	-0.332119	21762600.0
2013-07-18	0.017378	0.031069	0.041743	0.028895	0.879116	33211400.0
2013-07-17	-0.000772	0.026914999999999998	0.034816	0.022767	-0.03907	34814200.0
2013-07-16	0.000386	0.027509	0.036006	0.017827000000000003	0.019538999999999997	33099000.0
2013-07-15	0.019681	0.048538	0.050956	0.027785	0.976791	57329500.0
2013-07-12	0.015387999999999999	0.026006	0.040122000000000005	0.021505	0.7521359999999999	26672500.0
2013-07-11	0.008261	0.044177	0.044589	0.022105	0.40049	31097900.0
2013-07-10	-0.011551	0.017638	0.024367	0.009686	-0.5665399999999999	23768300.0
2013-07-09	0.013934	0.033678	0.038847	0.021274	0.6739890000000001	29512900.0
2013-07-08	0.0204	0.031982	0.049913	0.029450999999999998	0.967033	26617000.0
2013-07-05	0.018040999999999998	0.036211	0.043298	0.025903	0.840042	21649800.0
2013-07-03	-0.009969	0.009297	0.015676	0.002493	-0.468868	15269700.0
2013-07-02	-0.002073	0.024179	0.043063	0.013569999999999999	-0.097683	26615400.0
2013-07-01	0.005837	0.035066	0.050005	-0.0033490000000000004	0.27350599999999997	27234700.0
2013-06-28	-0.006421	0.020362	0.026088	0.01082	-0.30280300000000004	28063600.0
2013-06-27	0.014072999999999999	0.035151999999999996	0.046978	0.028056	0.65445	29309200.0
2013-06-26	0.012979	0.041181	0.041616	0.024844	0.5958479999999999	30623500.0
2013-06-25	0.034331	0.039977	0.066562	0.039075	1.5238	38838900.0
2013-06-24	-0.030510000000000002	-0.000271	0.005408	-0.015780000000000002	-1.396809	50809800.0
2013-06-21	-0.021503	0.030808	0.033158999999999994	-0.027326	-1.006111	76788800.0
2013-06-20	-0.032909	0.010733	0.013007	-0.017377	-1.592175	48678600.0
2013-06-19	-0.009598	0.023346000000000002	0.029692000000000003	0.011473	-0.46885600000000005	32511000.0
2013-06-18	0.013168000000000001	0.027074	0.042214	0.026451	0.6349100000000001	19535800.0
2013-06-17	0.002844	0.036026999999999997	0.048091	0.020219	0.136749	32128600.0
2013-06-14	-0.021276	0.022330000000000003	0.024977000000000003	0.001362	-1.0451620000000001	27362500.0
2013-06-13	0.017193	0.020442	0.041356	0.010503	0.830277	34191300.0
2013-06-12	-0.010209999999999999	0.031544	0.034003	0.007564	-0.498169	38569300.0
2013-06-11	-0.038127999999999995	-0.000493	0.002464	-0.017842	-1.934059	51536900.0
2013-06-10	0.006396	0.031691000000000004	0.034072000000000005	0.016018	0.322357	22354400.0
2013-06-07	0.015147999999999998	0.032617	0.043493000000000004	0.024158000000000002	0.752121	30885500.0
2013-06-06	0.01599	0.020276	0.040739	0.015569999999999999	0.781433	35143600.0
2013-06-05	-0.023424	0.021357	0.028751	-0.005621	-1.1721540000000001	38307500.0
2013-06-04	-0.014049	0.022376	0.036759	0.004841	-0.713058	27899200.0
2013-06-03	-0.0005769999999999999	0.025134	0.028481	-0.0034189999999999997	-0.029307999999999997	35191300.0
2013-05-31	-0.024029	0.023755000000000002	0.027022000000000004	-0.0008439999999999999	-1.250298	34618000.0
2013-05-30	0.018937	0.023559	0.04882	0.022972	0.967033	30310100.0
2013-05-29	0.009461	0.016638999999999998	0.039569	0.014069	0.47861899999999996	30015100.0
2013-05-28	0.025138999999999998	0.039764	0.049693	0.035102999999999995	1.240536	28201000.0
2013-05-24	-0.000198	0.014638	0.023958	0.013016999999999999	-0.009762	23094900.0
2013-05-23	-0.009216	-0.012378	0.021948	-0.012779	-0.459106	42219400.0
2013-05-22	-0.012776000000000001	0.027322000000000003	0.04813	0.0075049999999999995	-0.6446729999999999	44035800.0
2013-05-21	0.001163	0.019787	0.035263	0.019787	0.058616999999999995	28171000.0
2013-05-20	0.002915	0.023954	0.036689	0.019776	0.146507	24697300.0
2013-05-17	0.016597999999999998	0.034476	0.041757999999999997	0.027395999999999997	0.8205110000000001	23610900.0
2013-05-16	-0.014218999999999999	0.016975	0.024154	0.007005	-0.713062	25290000.0
2013-05-15	0.024955	0.021098	0.051551	0.019872	1.221	40824400.0
2013-05-14	0.023916999999999997	0.026476	0.050542000000000004	0.025848000000000003	1.142849	35998300.0
2013-05-13	0.0034869999999999996	0.018505	0.028375	0.016405	0.16605	17096400.0
2013-05-10	0.003087	0.022702	0.029653	0.020174	0.146527	18476600.0
2013-05-09	-0.013999000000000001	0.023547	0.024794	0.0029850000000000002	-0.674	27058600.0
2013-05-08	0.024527	0.022479	0.052483	0.018647999999999998	1.1526299999999998	34220900.0
2013-05-07	0.013269	0.030438999999999997	0.041436	0.021168	0.615371	27492800.0
2013-05-06	0.010858	0.022665	0.047295	0.022011000000000003	0.498169	29160400.0
2013-05-03	0.009239	0.036514	0.044873	0.031014	0.420021	20347400.0
2013-05-02	0.014828000000000001	0.026657	0.042283999999999995	0.015496000000000001	0.664231	19996300.0
2013-05-01	-0.016931	0.020028	0.022223	0.001594	-0.771508	21943100.0
2013-04-30	-0.0034170000000000003	0.024634	0.032289	0.016541999999999998	-0.156257	18085000.0
2013-04-29	-0.002131	0.029870999999999998	0.032053	0.019395	-0.097653	14224700.0
2013-04-26	-0.004033	0.021588	0.026369999999999998	0.010502	-0.185543	14989200.0
2013-04-25	-0.000212	0.0255	0.036148	0.019198	-0.009769	25633900.0
2013-04-24	0.014206	0.022876	0.045357	0.022656	0.6445390000000001	23560500.0
2013-04-23	0.029015	0.030329000000000002	0.05731699999999999	0.029648	1.279331	28837900.0
2013-04-22	0.002665	0.026935	0.029209	0.012381	0.117184	19919400.0
2013-04-19	-0.0013310000000000002	0.031927	0.033289	0.019891	-0.05859400000000001	23630500.0
2013-04-18	-0.014211000000000001	0.024202	0.024202	0.004502	-0.634785	29877900.0
2013-04-17	-0.019717	0.012786	0.014103000000000001	-0.010915000000000001	-0.8984530000000001	36241300.0
2013-04-16	0.039893	0.047028	0.067567	0.045887	1.748097	40230100.0
2013-04-15	0.002009	0.054162	0.058507	0.025122	0.087871	56796300.0
2013-04-12	-0.0020050000000000003	0.014622	0.022609	0.005494	-0.087871	24702000.0
2013-04-11	-0.004217	0.024887	0.035113	0.014661000000000002	-0.185566	28399900.0
2013-04-10	0.026657999999999998	0.031911	0.05570800000000001	0.030744	1.142601	28334200.0
2013-04-09	0.007576	0.027034	0.040902999999999995	0.026799	0.322269	26793500.0
2013-04-08	0.012787999999999999	0.025169	0.038501	0.012789	0.537133	23502800.0
2013-04-05	0.005611	-0.000442	0.033316000000000005	-0.004033	0.234375	32561500.0
2013-04-04	0.006353	0.024701	0.035543	0.015546	0.263675	38527900.0
2013-04-03	-0.0365	0.020729	0.023746	-0.020361	-1.572292	47968100.0
2013-04-02	0.007308	0.028421	0.040113	0.026083	0.312504	25145000.0
2013-04-01	-0.010172	0.025830000000000002	0.034857	0.010554000000000001	-0.439457	19623400.0
2013-03-28	-0.004949	0.023748	0.030657	0.014535	-0.214863	25355400.0
2013-03-27	-0.008253	0.014842	0.019638	0.008675	-0.36133200000000004	26298000.0
2013-03-26	0.007642	0.028581	0.037788	0.020986	0.332039	24940500.0
2013-03-25	-0.016361	0.035976999999999995	0.037336	0.0036030000000000003	-0.7226640000000001	32795800.0
2013-03-22	0.0	0.03077	0.030997000000000004	0.01764	0.0	26449100.0
2013-03-21	-0.018659000000000002	0.019979	0.031977	0.00465	-0.839866	33126900.0
2013-03-20	0.006551	0.031805	0.038961	0.028004	0.292968	24498700.0
2013-03-19	-0.009732	0.029736000000000002	0.039701	0.005377000000000001	-0.439464	44416000.0
2013-03-18	-0.021582	-0.002455	0.008812	-0.005272	-0.996102	38550200.0
2013-03-15	-0.004214	0.025273	0.026351999999999997	0.012328	-0.19532	48856400.0
2013-03-14	0.010431999999999999	0.025939999999999998	0.039021	0.025722000000000002	0.478523	26017300.0
2013-03-13	0.000426	0.022452	0.025069	0.010456	0.019532	27654300.0
2013-03-12	-0.013655	0.018385	0.020752	-0.001836	-0.634777	35089100.0
2013-03-11	0.019709	0.02683	0.051179	0.017837000000000002	0.8984639999999999	51807400.0
2013-03-08	0.037333	0.046278	0.062662	0.032398	1.640655	63728900.0
2013-03-07	0.009420999999999999	0.023518999999999998	0.036612	0.020992	0.41016400000000003	40245900.0
2013-03-06	0.022477	0.032668	0.050987	0.031024	0.957043	35986300.0
2013-03-05	0.015371000000000001	0.035186	0.049970999999999995	0.027794	0.644554	43223400.0
2013-03-04	0.01971	0.02106	0.044161	0.020574000000000002	0.810555	27216000.0
2013-03-01	0.003336	0.013975	0.037397	0.0008	0.136726	29850300.0
2013-02-28	-0.004507	0.022035	0.036851	0.01402	-0.185558	28914100.0
2013-02-27	0.021071	0.024225999999999998	0.050018	0.017282	0.8496360000000001	29204600.0
2013-02-26	0.0034020000000000005	0.030448000000000003	0.034679	0.002329	0.136722	46233000.0
2013-02-25	-0.038327	0.031875	0.037857999999999996	-0.0179	-1.6016	34939800.0
2013-02-22	0.01039	0.034858999999999994	0.038969	0.025429	0.429695	23756400.0
2013-02-21	-0.020128999999999998	0.013791	0.014028	-0.007532	-0.849621	37602900.0
2013-02-20	-0.028763999999999998	0.023518	0.023518	-0.007776999999999999	-1.250031	26464100.0
2013-02-19	0.015055	0.027482	0.044299	0.026548000000000002	0.644551	23709100.0
2013-02-15	-0.01083	0.027675	0.028368	0.008037	-0.468762	23244700.0
2013-02-14	0.007273000000000001	0.020022	0.033753	0.01816	0.312504	20048500.0
2013-02-13	-0.007892	0.026749000000000002	0.031598	0.010356	-0.34179699999999996	26663400.0
2013-02-12	0.02781	0.026114	0.056014999999999995	0.020419	1.1718870000000001	39087500.0
2013-02-11	0.011012000000000001	0.023499000000000003	0.041253	0.01942	0.458999	23462700.0
2013-02-08	-0.004432	0.025889	0.029233	0.016574000000000002	-0.185547	17441800.0
2013-02-07	-0.004181	0.025406	0.034444	0.006615	-0.175785	29381400.0
2013-02-06	0.003029	0.014435	0.02708	0.013958000000000002	0.126961	22059300.0
2013-02-05	0.016819999999999998	0.029073	0.047994999999999996	0.027375	0.693367	24224200.0
2013-02-04	-0.018828	0.008506999999999999	0.021122	0.003746	-0.791031	25691500.0
2013-02-01	0.020398	0.03175	0.049238	0.025435	0.839852	34997400.0
2013-01-31	0.005246	0.022513	0.032524000000000004	0.016165000000000002	0.21485100000000001	21324700.0
2013-01-30	-0.004981	0.020093	0.024708	0.014505	-0.20503200000000002	21801200.0
2013-01-29	-0.004251	0.017691	0.030512	0.014787999999999999	-0.17574	26998900.0
2013-01-28	-0.013283000000000001	0.025893	0.025893	0.007992	-0.5565140000000001	27213600.0
2013-01-25	0.00257	0.032119	0.037145	0.019915000000000002	0.10738699999999998	26707200.0
2013-01-24	0.018563	0.026172000000000004	0.052984	0.02471	0.761551	34462600.0
2013-01-23	0.005744	0.025938	0.035009	0.018338999999999998	0.234329	32339300.0
2013-01-22	0.002881	0.016600999999999998	0.028156	0.003571	0.117165	42035900.0
2013-01-18	0.010184	0.024968	0.036641	0.020994	0.41007200000000005	40807100.0
2013-01-17	-0.029189999999999997	0.001317	0.0034869999999999996	-0.013872	-1.2106780000000001	80185700.0
2013-01-16	-0.002114	0.023500999999999998	0.030958999999999997	0.016524	-0.087868	36165300.0
2013-01-15	0.00829	0.014275999999999999	0.036837	0.013306	0.341713	29118700.0
2013-01-14	-0.002834	0.024706	0.029301999999999998	0.008983	-0.117157	26795300.0
2013-01-11	-0.011441	0.023983	0.024222999999999998	0.002461	-0.478412	42517300.0
2013-01-10	0.018792	0.031531	0.049073	0.022761	0.771316	42154200.0
2013-01-09	-0.009892	0.025188	0.043279000000000005	0.008543	-0.41006099999999995	44923500.0
2013-01-08	-0.000236	0.019882	0.024222999999999998	0.013611000000000002	-0.009769	28185200.0
2013-01-07	0.0009429999999999999	0.026877999999999996	0.027119	0.013118000000000001	0.039051	36305100.0
2013-01-04	0.025127	0.033378	0.05268	0.030162	1.015408	46310100.0
2013-01-03	0.003394	0.022236000000000002	0.030430000000000002	0.019008	0.136684	38343300.0
2013-01-02	0.04272	0.059175	0.07186100000000001	0.053738	1.650043	45648500.0
2012-12-31	0.014099	0.022385	0.039713	0.014771000000000001	0.536999	37172800.0
2012-12-28	-0.006115	0.013002000000000001	0.024222999999999998	0.011696999999999999	-0.23433299999999999	24563800.0
2012-12-27	-0.007585	0.027589	0.032768	-0.0006389999999999999	-0.29291100000000003	30332300.0
2012-12-26	0.0043170000000000005	0.025003	0.033846	0.019021	0.165985	20297700.0
2012-12-24	-0.002785	0.020332	0.025779000000000003	0.015663999999999997	-0.10738800000000001	8674800.0
2012-12-21	-0.016928	-0.008159	0.010964	-0.018358000000000003	-0.663933	47568200.0
2012-12-20	0.018251	0.020847	0.043175	0.020328	0.702969	37806600.0
2012-12-19	-0.00025299999999999997	0.030192	0.041094	0.020329	-0.009762	45812600.0
2012-12-18	0.007918000000000001	0.025792000000000002	0.04489	0.014543	0.302674	62611800.0
2012-12-17	0.041223	0.028852999999999997	0.067807	0.028581	1.513343	52474700.0
2012-12-14	0.008313	0.024772	0.034934	0.019828	0.302658	24596000.0
2012-12-13	-0.0063950000000000005	0.023403999999999998	0.030226	0.015762	-0.234317	30445400.0
2012-12-12	0.014324000000000002	0.028375	0.046922000000000005	0.027268	0.517467	42252800.0
2012-12-11	-0.005109000000000001	0.030832	0.034413	0.014308000000000001	-0.185505	29748900.0
2012-12-10	-0.011955	0.016332	0.020413	0.007624	-0.43935	26715900.0
2012-12-07	0.016747	0.035289	0.044419	0.032246	0.605328	43946600.0
2012-12-06	0.015359000000000001	0.027874	0.040235	0.018323	0.546756	44260900.0
2012-12-05	0.063284	0.05349400000000001	0.107259	0.048417	2.118676	84672900.0
2012-12-04	0.002046	0.021529	0.032902	0.019733	0.068351	31781900.0
2012-12-03	-0.010125	0.035776999999999996	0.036666000000000004	0.011186	-0.34172800000000003	38383600.0
2012-11-30	-0.018177000000000002	0.016659	0.025095	-0.004576	-0.624862	41674500.0
2012-11-29	0.003992	0.033276	0.04087	0.022763	0.136699	31678000.0
2012-11-28	0.0008560000000000001	0.01633	0.025391999999999998	-0.005007999999999999	0.029278	48663700.0
2012-11-27	-0.0149	0.023071	0.031421	0.008385	-0.517464	31273300.0
2012-11-26	-0.012767	0.018537	0.018821	0.005176	-0.44912299999999994	25519300.0
2012-11-23	0.007268999999999999	0.029663	0.033672	0.025654000000000003	0.253857	13501300.0
2012-11-21	-0.006389	0.026782999999999998	0.026782999999999998	0.012273000000000001	-0.224568	19638900.0
2012-11-20	-0.00277	0.017130000000000003	0.03245	0.012874000000000002	-0.097629	37247900.0
2012-11-19	0.032018	0.046183	0.066386	0.045304000000000004	1.093513	34352000.0
2012-11-16	-0.006532	0.022477	0.027131	-0.00603	-0.224563	52828200.0
2012-11-15	0.005425	0.029194	0.047035	0.02393	0.185497	39677700.0
2012-11-14	-0.031526	0.027905000000000003	0.03272	-0.01175	-1.113026	49909500.0
2012-11-13	-0.007139	0.012692	0.034066	0.010443000000000001	-0.253845	25977400.0
2012-11-12	0.013637	0.029639	0.047313	0.025078	0.478405	24364200.0
2012-11-09	-0.001945	0.012273000000000001	0.039017	0.0071519999999999995	-0.068352	37701300.0
2012-11-08	-0.0013859999999999999	0.035871	0.04127	0.021381999999999998	-0.048801	40321600.0
2012-11-07	-0.062907	0.001592	0.006118	-0.041539	-2.362782	68287600.0
2012-11-06	0.030815	0.027791000000000003	0.056607000000000005	0.027242000000000002	1.122814	39803700.0
2012-11-05	-0.007447	0.016051	0.02395	0.006517	-0.273384	25782400.0
2012-11-02	-0.009223	0.028270999999999998	0.029889999999999996	0.012347	-0.34172800000000003	24526300.0
2012-11-01	0.015249	0.029429000000000004	0.041211000000000005	0.0234	0.556523	36174700.0
2012-10-31	0.021585	0.035133	0.049129	0.028415	0.7711100000000001	34193700.0
2012-10-26	-0.021652	0.017102000000000003	0.021758	-0.0009720000000000001	-0.79063	40482500.0
2012-10-25	0.002949	0.036032	0.039327999999999995	0.01351	0.10736099999999998	32797300.0
2012-10-24	0.011114	0.034494	0.046992	0.028107	0.40020300000000003	41788700.0
2012-10-23	-0.022004	0.0046689999999999995	0.013088999999999998	-0.000491	-0.810158	36533100.0
2012-10-22	0.015069999999999998	0.025875	0.040763	0.022567	0.546616	35734500.0
2012-10-19	-0.032795	0.014097	0.014897	-0.013102	-1.22987	59598800.0
2012-10-18	-0.00026000000000000003	0.019431	0.032227	0.0133	-0.009769	43728600.0
2012-10-17	0.031678	0.036048000000000004	0.058325999999999996	0.033023000000000004	1.151794	69122700.0
2012-10-16	0.016094	0.017509999999999998	0.045176999999999995	0.013038999999999999	0.57589	128150100.0
2012-10-15	0.054964	0.043660000000000004	0.081986	0.037763	1.8643189999999998	76080200.0
2012-10-12	-0.021678	0.004018	0.028245999999999997	-0.000308	-0.75158	42554900.0
2012-10-11	0.010814	0.039949	0.054234000000000004	0.030911	0.370919	44125600.0
2012-10-10	0.015607	0.027754	0.04167	0.0242	0.527084	29302200.0
2012-10-09	-0.005175	0.025675	0.033333999999999996	0.016838	-0.17569	29208800.0
2012-10-08	0.00028700000000000004	0.008584999999999999	0.028031999999999998	0.008584999999999999	0.009754	20622700.0
2012-10-05	-0.005435	0.037098	0.047354	0.013947	-0.185455	42369700.0
2012-10-04	0.026424	0.035024	0.055478	0.030813	0.878475	39524000.0
2012-10-03	0.024053	0.030041	0.049138999999999995	0.018028	0.780877	34206500.0
2012-10-02	0.015571999999999999	0.040763	0.044204	0.02825	0.49780399999999997	25460500.0
2012-10-01	0.000917	0.033264	0.051737	0.02387	0.029283999999999998	33550700.0
2012-09-28	-0.0075829999999999995	0.017039	0.029158	0.010824	-0.244023	28952300.0
2012-09-27	0.01415	0.034895999999999996	0.050338	0.026072	0.44900200000000007	32072500.0
2012-09-26	-0.010651	0.014519999999999998	0.022626	-0.006058	-0.341633	46571400.0
2012-09-25	-0.018812	0.030309	0.037038999999999996	0.004918	-0.614941	37088900.0
2012-09-24	-0.005346	0.012326	0.027844	0.010196	-0.17568599999999998	28090000.0
2012-09-21	-0.004141	0.040556	0.042374	0.015406	-0.13666099999999998	30342600.0
2012-09-20	-0.010825	0.005913	0.018801	-0.0030789999999999997	-0.361157	31832500.0
2012-09-19	0.007072	0.027213	0.042608	0.022685	0.23426799999999998	44888800.0
2012-09-18	-0.0035229999999999997	0.014871	0.022692	0.002238	-0.11713399999999999	37055100.0
2012-09-17	-0.020983	0.015073	0.022435	-0.0031850000000000003	-0.712558	31628600.0
2012-09-14	0.00987	0.042043000000000004	0.048288	0.025389	0.331897	59510200.0
2012-09-13	0.04236	0.022017	0.069444	0.011787	1.366516	62548500.0
2012-09-12	0.011941	0.035476	0.053355999999999994	0.029516000000000004	0.380677	41363700.0
2012-09-11	0.026076	0.026427999999999997	0.11011300000000002	0.008081999999999999	0.810156	37575500.0
2012-09-10	-0.007484	0.026413	0.041428	0.014913	-0.234269	32084700.0
2012-09-07	0.030527	0.033714	0.068281	0.033714	0.9272870000000001	52132900.0
2012-09-06	0.045348	0.02897	0.071987	0.028281999999999998	1.317718	59369400.0
2012-09-05	0.002357	0.025186	0.032085	0.021047	0.068329	18163900.0
