2017-09-01	0.003239	0.000504	0.009501	-0.008493	0.450012	3899400.000000
2016-09-01	-0.0034659999999999995	0.002811	0.005246	-0.012740999999999999	-0.36999499999999996	3487200.0
2016-08-31	-0.002616	0.001402	0.007195	-0.0067280000000000005	-0.279999	3087700.0
2016-08-30	-0.008615000000000001	-0.000556	0.005188	-0.011209	-0.93	3196600.0
2016-08-29	-0.0077209999999999996	0.002666	0.005975	-0.010203	-0.8400040000000001	2607200.0
2016-08-26	0.008154999999999999	0.000185	0.020572999999999998	-0.0037990000000000003	0.8799969999999999	4728400.0
2016-08-25	-0.024322	0.001537	0.003617	-0.035713999999999996	-2.689994	5627800.0
2016-08-24	-0.029910000000000003	-0.0013160000000000001	0.013068999999999999	-0.034558	-3.4100040000000003	4764000.0
2016-08-23	-0.0016640000000000001	0.002539	0.011559	-0.0024519999999999998	-0.189995	2302800.0
2016-08-22	0.018188	0.005884	0.020596	0.0032990000000000003	2.039993	2672500.0
2016-08-19	0.000268	-0.002675	0.007135	-0.004727	0.030007	2916800.0
2016-08-18	-0.003732	-0.000711	0.003554	-0.005331	-0.42000600000000005	2158000.0
2016-08-17	0.0033880000000000004	0.0	0.005973	-0.004458	0.38000500000000004	3733700.0
2016-08-16	-0.021375	-0.004711	0.000262	-0.021986000000000002	-2.450005	4254100.0
2016-08-15	0.010848	0.0039689999999999994	0.012435	-0.0007059999999999999	1.230004	2978500.0
2016-08-12	-0.0036899999999999997	-0.0056229999999999995	0.000439	-0.011423	-0.41999899999999996	3374100.0
2016-08-11	0.011375	0.0024879999999999998	0.01253	-0.002311	1.2799989999999999	2766200.0
2016-08-10	-0.01116	-0.000439	0.003515	-0.016344	-1.2700040000000001	2695100.0
2016-08-09	0.0014960000000000002	0.003432	0.008184	-0.001584	0.170006	2436500.0
2016-08-08	-0.016446000000000002	-0.000346	0.0	-0.024063	-1.900002	5853700.0
2016-08-05	-0.006364	0.0043	0.014019	-0.007826999999999999	-0.7399979999999999	4972900.0
2016-08-04	0.001119	0.004047	0.011279	-0.005166	0.129998	7376900.0
2016-08-03	0.016187	-0.001137	0.029049000000000002	-0.0037619999999999997	1.849998	6370200.0
2016-08-02	-0.003488	-0.000436	0.0061909999999999995	-0.016218	-0.400001	5055800.0
2016-08-01	0.022284	-0.004457	0.025225	-0.00517	2.5	6629500.0
2016-07-29	0.008359	-0.005393	0.010516	-0.006831	0.93	5486200.0
2016-07-28	0.029137	0.01665	0.038294	0.015632	3.150001	8339200.0
2016-07-27	0.018177000000000002	-0.001507	0.025052	-0.0058390000000000004	1.9300009999999999	6045900.0
2016-07-26	-0.016214	-0.017975	0.000927	-0.022607	-1.75	6512800.0
2016-07-25	0.0038130000000000004	-0.0007440000000000001	0.005765999999999999	-0.007347	0.41000299999999995	3424500.0
2016-07-22	0.000651	0.004933	0.008841	-0.006515000000000001	0.07	3480200.0
2016-07-21	0.02705	0.009367	0.027337	0.008029000000000001	2.8299939999999997	5231600.0
2016-07-20	0.023078	0.006552	0.032662000000000004	0.0023469999999999997	2.360001	5657900.0
2016-07-19	-0.0042840000000000005	-0.0028239999999999997	0.0042840000000000005	-0.008471	-0.43999499999999997	2713800.0
2016-07-18	-0.001458	0.0	0.0051530000000000005	-0.008167	-0.150001	2530200.0
2016-07-15	0.0141	0.009367	0.03096	0.0073950000000000005	1.43	5423800.0
2016-07-14	-0.003341	0.011694	0.013561000000000002	-0.008844	-0.340004	5392000.0
2016-07-13	-0.015956	0.006382	0.00793	-0.017213	-1.650002	4163600.0
2016-07-12	0.0	0.006189	0.014505	-0.001451	0.0	3842600.0
2016-07-11	-0.015424	0.006093	0.007236	-0.015424	-1.619995	3596800.0
2016-07-08	0.005938000000000001	-0.005938000000000001	0.012068	-0.010343999999999999	0.619995	3369900.0
2016-07-07	-0.001816	-0.002868	0.003346	-0.014818000000000001	-0.189994	4136800.0
2016-07-06	0.043392	0.0	0.046783	-0.0011970000000000001	4.349998	7348000.0
2016-07-05	-0.004469	0.0023829999999999997	0.002781	-0.012412999999999999	-0.44999700000000004	2901200.0
2016-07-01	0.020988	-0.0010140000000000001	0.027982999999999997	-0.003853	2.07	3410800.0
2016-06-30	-0.0018219999999999998	0.0	0.0018219999999999998	-0.016395	-0.180001	4843300.0
2016-06-29	0.015728	0.005345	0.021998	-0.001645	1.5299989999999999	5295400.0
2016-06-28	0.025619	0.014865999999999999	0.030575	0.012757	2.430001	5482300.0
2016-06-27	-0.014955000000000001	-0.007581	0.005089	-0.019421	-1.4400030000000001	6562100.0
2016-06-24	-0.043413	-0.034373	-0.019968	-0.043712	-4.370003	7136700.0
2016-06-23	0.014411000000000002	0.01038	0.015419	0.000202	1.430001	3831500.0
2016-06-22	0.024468	0.0058850000000000005	0.039645	-0.005472	2.370002	9035300.0
2016-06-21	-0.024474	0.002518	0.005136	-0.030012999999999998	-2.43	8437000.0
2016-06-20	0.00557	0.015191	0.023901	0.004051	0.550003	4892800.0
2016-06-17	-0.014865999999999999	0.001995	0.001995	-0.020054	-1.490005	5976700.0
2016-06-16	0.002501	-0.004501	0.004901	-0.012503	0.25	3164500.0
2016-06-15	-0.010393000000000001	0.003959000000000001	0.011482	-0.011878	-1.049996	3811300.0
2016-06-14	-0.0057079999999999995	-0.007972	0.000787	-0.020863999999999997	-0.580002	4747500.0
2016-06-13	-0.012631999999999999	-0.0006799999999999999	0.014187	-0.013313	-1.300003	3189700.0
2016-06-10	-0.03034	-0.011590000000000001	-0.006219	-0.034109	-3.219993	4953700.0
2016-06-09	-0.0060869999999999995	-0.0066489999999999995	0.00899	-0.009646	-0.6500020000000001	3436400.0
2016-06-08	-0.0057729999999999995	0.00018600000000000002	0.0008380000000000001	-0.011173	-0.620003	3505300.0
2016-06-07	-0.002322	-0.008175	0.001393	-0.018579	-0.25	3978400.0
2016-06-06	0.000558	9.300000000000001e-05	0.008458	-0.009945	0.060006	2767800.0
2016-06-03	-0.006005	-0.0012929999999999999	0.000739	-0.019678	-0.6500020000000001	3080700.0
2016-06-02	0.020939	0.0	0.020939	-0.0013210000000000001	2.220001	4032400.0
2016-06-01	0.004738	-0.009856	0.008719	-0.010425	0.5	2851600.0
2016-05-31	-0.00855	0.007705	0.00949	-0.00949	-0.9100030000000001	5944000.0
2016-05-27	0.006145	0.004821	0.009075	-0.004538	0.650001	2511700.0
2016-05-26	0.006374	-0.002949	0.021787	-0.008277	0.669998	4816800.0
2016-05-25	0.013597	0.005207	0.020926	0.0030859999999999998	1.410004	3654900.0
2016-05-24	0.026529	0.005939	0.028212	0.00297	2.68	3526600.0
2016-05-23	-0.004337	-0.001478	0.0077859999999999995	-0.0065049999999999995	-0.44000200000000006	2756500.0
2016-05-20	0.015209	0.001801	0.024715	0.001001	1.519997	3710200.0
2016-05-19	-0.011278	-0.007717	-0.001583	-0.020281	-1.14	3644000.0
2016-05-18	0.003973	-0.0031780000000000003	0.013508000000000001	-0.006157999999999999	0.400002	3353700.0
2016-05-17	-0.008762	-0.0053170000000000005	0.0026579999999999998	-0.014275999999999999	-0.89	3456400.0
2016-05-16	0.014077000000000001	-0.001697	0.016374	-0.003994	1.4099959999999998	2429000.0
2016-05-13	-0.001396	-0.0037890000000000003	0.016052	-0.007278	-0.139999	3210100.0
2016-05-12	0.000499	0.006384	0.007382	-0.010075	0.050003	3985500.0
2016-05-11	-0.029056	-0.00038700000000000003	-0.000194	-0.030218000000000002	-3.0	3319000.0
2016-05-10	0.008202	0.0038079999999999998	0.010448	-0.006445	0.839996	2917400.0
2016-05-09	0.021546	0.0035909999999999996	0.02793	0.0033909999999999995	2.1600040000000003	3494000.0
2016-05-06	-0.014355000000000001	-0.009734	0.003933	-0.02399	-1.459999	3727400.0
2016-05-05	0.008028	-0.000793	0.009217	-0.009118000000000001	0.8099970000000001	3407900.0
2016-05-04	-0.022476	-0.003682	-0.003682	-0.029064	-2.319999	4365400.0
2016-05-03	-0.016671000000000002	-0.014099	-0.003048	-0.023149	-1.75	3636600.0
2016-05-02	0.015086000000000002	-0.001547	0.015569	-0.006672	1.5599969999999999	4918700.0
2016-04-29	-0.042766000000000005	-0.018236000000000002	0.0028699999999999997	-0.052208000000000004	-4.619994999999999	6942700.0
2016-04-28	0.017711	-0.01008	0.038154	-0.026284	1.8799970000000001	8607600.0
2016-04-27	-0.013016999999999999	0.003254	0.005207	-0.016086000000000003	-1.400001	5908600.0
2016-04-26	-0.027313	0.001176	0.001809	-0.030388	-3.019997	5475700.0
2016-04-25	0.000452	-0.000814	0.012486	-0.006243	0.050003	3054600.0
2016-04-22	0.005459	0.003821	0.014374000000000001	-0.002456	0.599999	4855500.0
2016-04-21	0.029887999999999998	-0.002061	0.031294	-0.003935	3.189995	4008000.0
2016-04-20	0.001877	-0.00028199999999999997	0.007697	-0.006289	0.200004	2729900.0
2016-04-19	-0.012148	0.003246	0.008159999999999999	-0.013724	-1.3099969999999999	4148400.0
2016-04-18	0.004658	-0.0017699999999999999	0.01295	-0.007731999999999999	0.5	3474000.0
2016-04-15	0.003271	-0.001402	0.004019	-0.017852	0.349998	5195300.0
2016-04-14	-0.0056689999999999996	0.002045	0.00316	-0.014218999999999999	-0.61	3427800.0
2016-04-13	0.022231	0.01121	0.024036000000000002	0.00018999999999999998	2.3399959999999997	4354500.0
2016-04-12	0.013968000000000001	-0.0046240000000000005	0.01917	-0.0064540000000000005	1.450004	3996600.0
2016-04-11	-0.023056999999999998	0.002447	0.007529000000000001	-0.02795	-2.4500040000000003	4847800.0
2016-04-08	-0.007936	0.018672	0.019513	-0.016058000000000003	-0.849999	4051300.0
2016-04-07	-0.010256999999999999	-0.000185	0.014230000000000001	-0.014877000000000001	-1.11	6220000.0
2016-04-06	0.059734	0.004211	0.062475	0.003525	6.099998	8368600.0
2016-04-05	0.010589	-0.010787	0.016328	-0.011776	1.07	4738300.0
2016-04-04	-0.001384	0.007115000000000001	0.011859	-0.0027670000000000004	-0.139999	4439800.0
2016-04-01	0.01099	-0.0049960000000000004	0.012689	-0.012787999999999999	1.100006	4388200.0
2016-03-31	0.013057	0.0031379999999999997	0.021559000000000002	-0.001518	1.289993	4046400.0
2016-03-30	-0.01348	0.002896	0.021168	-0.013680000000000001	-1.349999	4164100.0
2016-03-29	0.009373000000000001	-0.002318	0.01028	-0.021467	0.930001	5531800.0
2016-03-28	-0.013129	-0.000398	0.004476	-0.015416999999999998	-1.32	3052100.0
2016-03-24	0.006205	-0.007106	0.020617	-0.018215000000000002	0.620003	3773000.0
2016-03-23	-0.027353	-0.000292	0.001363	-0.031636000000000004	-2.810005	5016600.0
2016-03-22	0.015721000000000002	-0.007909999999999999	0.025707	-0.0088	1.5900040000000002	6891900.0
2016-03-21	0.024099000000000002	-0.005265	0.030174	-0.005367	2.379997	5672400.0
2016-03-18	0.021409	0.002068	0.02658	-0.006102000000000001	2.07	9582200.0
2016-03-17	-0.008612999999999999	-0.005024	0.001025	-0.032195	-0.8399969999999999	9024700.0
2016-03-16	-0.004593	-0.00643	0.006532	-0.013472	-0.450004	5296400.0
2016-03-15	-0.020102000000000002	-0.005801	-0.0037	-0.023602	-2.009995	7131300.0
2016-03-14	-0.018262	-0.002455	-0.002062	-0.018949	-1.86	5223100.0
2016-03-11	0.017889	0.011993	0.019688	-0.009394	1.79	7285300.0
2016-03-10	-0.009699	0.003959000000000001	0.012668	-0.0192	-0.9800030000000001	5857000.0
2016-03-09	-0.015397	0.002436	0.006139	-0.029039	-1.5800020000000001	6818600.0
2016-03-08	-0.015635	-0.0075780000000000005	0.0067150000000000005	-0.017362	-1.629997	5356200.0
2016-03-07	0.016974	-0.007999	0.024193	-0.009267000000000001	1.739998	4073500.0
2016-03-04	-0.0021420000000000002	0.000389	0.00915	-0.014796	-0.22000100000000003	5127300.0
2016-03-03	-0.019097	-0.006206000000000001	-0.003628	-0.021484	-2.0	4098800.0
2016-03-02	-0.002571	-0.010570999999999999	0.010856999999999999	-0.014856999999999999	-0.269997	4693700.0
2016-03-01	0.041357	0.009918000000000001	0.041357	-0.001091	4.1699980000000005	5243600.0
2016-02-29	-0.024572	-0.004837	-0.00058	-0.024862000000000002	-2.5400009999999997	5614300.0
2016-02-26	0.009966	0.007328	0.019541	0.0018559999999999998	1.0200049999999998	3834100.0
2016-02-25	0.0026449999999999998	0.009502	0.011656999999999999	-0.009013	0.269996	4960600.0
2016-02-24	0.000392	-0.01323	0.00539	-0.020776	0.040001	5369400.0
2016-02-23	-0.024288	-0.001434	0.010995999999999999	-0.025818	-2.5400009999999997	5793600.0
2016-02-22	0.019199	0.014716	0.019393999999999998	-0.0020469999999999998	1.970001	4499300.0
2016-02-19	-0.008791	-0.004444	0.002415	-0.013621000000000001	-0.9099959999999999	4855900.0
2016-02-18	-0.016996999999999998	0.0018039999999999998	0.006552	-0.019846000000000003	-1.7900009999999997	4498300.0
2016-02-17	0.007848	0.01292	0.018471	-0.0046890000000000005	0.82	5493000.0
2016-02-16	0.019912	0.017082	0.026647000000000004	0.006247	2.0400009999999997	5379600.0
2016-02-12	0.028718	0.014058000000000001	0.031931	-0.021488	2.860001	6009400.0
2016-02-11	-0.034607	-0.028595999999999996	-0.009791	-0.04653	-3.570008	7519500.0
2016-02-10	0.026468000000000002	0.013333000000000001	0.054527	0.006667	2.6600040000000003	8024400.0
2016-02-09	0.013309	-0.024703	0.038113	-0.034584	1.32	7307700.0
2016-02-08	0.013178	-0.014813	0.028706	-0.024313	1.290001	9441500.0
2016-02-05	-0.039635000000000004	-0.00206	9.8e-05	-0.054252999999999996	-4.040001	7802300.0
2016-02-04	0.024525	-0.000603	0.042214999999999996	-0.007437999999999999	2.4400020000000002	7893900.0
2016-02-03	0.027259	0.009809	0.032008	-0.039236	2.64	9725100.0
2016-02-02	-0.039187	-0.01746	-0.0016870000000000001	-0.045437	-3.9500050000000004	7542300.0
2016-02-01	0.004785	-0.00628	0.015052000000000001	-0.034091	0.48000299999999996	10675400.0
2016-01-29	0.031993	0.000617	0.033020999999999995	-0.016974	3.110001	9831300.0
2016-01-28	-0.049848	-0.007819	0.000391	-0.070472	-5.0999989999999995	13832500.0
2016-01-27	-0.03472	0.016888	0.022078	-0.045193000000000004	-3.68	7175600.0
2016-01-26	-0.006654	0.0033740000000000003	0.008246999999999999	-0.025305	-0.7099989999999999	4502400.0
2016-01-25	-0.019392	0.003952000000000001	0.010109	-0.02077	-2.110001	5389000.0
2016-01-22	0.031766	0.024938	0.040205	0.009577	3.349999	5659900.0
2016-01-21	-0.018885	0.006790999999999999	0.017862	-0.019444	-2.029999	8632800.0
2016-01-20	0.043694	-0.012816999999999999	0.06379299999999999	-0.017186	4.5	11005300.0
2016-01-19	-0.000679	0.014846000000000002	0.024937	-0.016301	-0.07	7572200.0
2016-01-15	-0.024238	-0.034747	-0.0072900000000000005	-0.045446	-2.560005	9017800.0
2016-01-14	0.049171	0.0066549999999999995	0.064667	-0.012218000000000001	4.950005	8428700.0
2016-01-13	-0.057838	0.001217	0.016659	-0.061301	-6.18	7792600.0
2016-01-12	0.037077	0.009415	0.047462	-0.00165	3.8199989999999997	8480700.0
2016-01-11	-0.054597	0.005229999999999999	0.008992	-0.088548	-5.950004	15845800.0
2016-01-08	-0.026008	0.008312	0.025382	-0.027706	-2.909996	7410900.0
2016-01-07	-0.041299	-0.021421	-0.010625	-0.043784	-4.82	5530300.0
2016-01-06	-0.010597	-0.014750999999999998	-0.000848	-0.020092	-1.25	3890200.0
2016-01-05	0.002891	0.0007650000000000001	0.016749	-0.007992	0.339996	3960400.0
2016-01-04	-0.017869	-0.024967	-0.011106	-0.030561	-2.139999	5159200.0
2015-12-31	-0.0076230000000000004	-0.006546	0.009529000000000001	-0.009032	-0.919998	3533100.0
2015-12-30	-0.0048649999999999995	-0.002309	0.005195	-0.008493	-0.589997	2683800.0
2015-12-29	0.01822	0.00487	0.021495	0.004282	2.1699990000000002	3406400.0
2015-12-28	-0.024888999999999998	-0.013345	-0.004012	-0.030047000000000004	-3.0400009999999997	4127100.0
2015-12-24	0.000573	-0.007045	0.007373	-0.012861000000000001	0.069999	2381800.0
2015-12-23	0.098344	0.08151900000000001	0.10869200000000001	0.061724	10.930000999999999	14055600.0
2015-12-22	0.002707	0.004331000000000001	0.006586	-0.009022	0.300003	3376800.0
2015-12-21	0.0063560000000000005	0.008989	0.014527000000000002	-0.003722	0.699997	3320200.0
2015-12-18	-0.018098	-0.006241	0.004547	-0.018989	-2.029999	5809500.0
2015-12-17	-0.030677999999999997	0.00242	0.004926	-0.031542	-3.550003	3606100.0
2015-12-16	0.022803999999999998	0.007601	0.026162	-0.0037119999999999996	2.580002	4244700.0
2015-12-15	0.026119999999999997	0.00916	0.036095999999999996	0.00526	2.879997	4658600.0
2015-12-14	0.017534	0.009228	0.018734	-0.007937	1.9000009999999998	4079100.0
2015-12-11	-0.036114999999999994	-0.017079	-0.0030239999999999998	-0.036914999999999996	-4.059997	4613600.0
2015-12-10	0.013341	0.0025239999999999998	0.023076	-0.0031550000000000003	1.4799959999999999	3011900.0
2015-12-09	-0.009906	-0.012137	0.0038380000000000003	-0.016421	-1.110001	4362400.0
2015-12-08	0.027510000000000003	-0.011554	0.031912	-0.011829000000000001	3.0	3876400.0
2015-12-07	-0.01187	-0.000544	0.0051649999999999995	-0.019572	-1.309998	4055400.0
2015-12-04	0.035758	0.007977	0.036414999999999996	0.004222999999999999	3.809998	4963500.0
2015-12-03	-0.043794	0.001974	0.0033200000000000005	-0.04873	-4.879997	6339700.0
2015-12-02	0.007869	-0.000543	0.026139999999999997	-0.007326000000000001	0.870002	4854100.0
2015-12-01	0.010142	0.007492	0.017725	-0.0038369999999999997	1.110001	4320000.0
2015-11-30	-0.028751	0.0014199999999999998	0.003195	-0.029461	-3.240005	4684500.0
2015-11-27	0.003026	0.002759	0.006231	-0.002937	0.340004	1310300.0
2015-11-25	-0.0028399999999999996	8.9e-05	0.009142	-0.003639	-0.32	2304000.0
2015-11-24	-0.008187	-0.004665	0.00044	-0.018838	-0.93	3413900.0
2015-11-23	0.000793	0.0046689999999999995	0.017531	-0.003348	0.089996	3721000.0
2015-11-20	-0.005607	0.008498	0.012265	-0.007972	-0.64	3570800.0
2015-11-19	-0.014078	0.001814	0.003973	-0.019088	-1.629997	3681400.0
2015-11-18	0.04203	0.00225	0.04338	-0.00297	4.6699980000000005	5414400.0
2015-11-17	0.008806999999999999	0.000454	0.022244	-0.005084	0.970002	5093200.0
2015-11-16	0.024653	0.001768	0.029119	-0.016932	2.650001	7914800.0
2015-11-13	-0.014034	0.0	0.021647	-0.015502000000000002	-1.5299989999999999	6206200.0
2015-11-12	-0.028429000000000003	-0.001961	-0.001871	-0.028785	-3.1900020000000002	5380400.0
2015-11-11	-0.013712	0.0029010000000000004	0.004483	-0.014238999999999998	-1.559998	3524400.0
2015-11-10	-0.0027170000000000002	0.002104	0.00561	-0.008152	-0.31000500000000003	4510000.0
2015-11-09	-0.022786	-0.007624	-0.006339	-0.029810000000000003	-2.659996	5914600.0
2015-11-06	-0.030882	-0.016022	-0.012203	-0.053711	-3.7200010000000003	8288500.0
2015-11-05	-0.052764	-0.036722000000000005	-0.036722000000000005	-0.067311	-6.709999000000001	8615100.0
2015-11-04	0.005138	0.00079	0.011461	-0.018494999999999998	0.650001	4137200.0
2015-11-03	-0.005346	0.0	0.002437	-0.015802	-0.68	3108200.0
2015-11-02	0.03659	0.010024	0.039443	0.0044009999999999995	4.489998	3972900.0
2015-10-30	-0.017769999999999998	-0.001041	0.008485	-0.022653	-2.220001	5265000.0
2015-10-29	-0.017381999999999998	0.003854	0.009831999999999999	-0.02336	-2.2099990000000003	3665900.0
2015-10-28	0.010731999999999998	0.000715	0.010812	-0.016218	1.349998	3680300.0
2015-10-27	0.017307	0.001698	0.018277	-0.018116	2.139999	5342900.0
2015-10-26	0.02973	0.0019149999999999998	0.039807	-0.009493999999999999	3.57	5012400.0
2015-10-23	0.024049	0.009637	0.031042	0.000767	2.82	4862800.0
2015-10-22	0.011559999999999999	0.005176	0.018375	-0.014579	1.3400040000000002	4481700.0
2015-10-21	-0.0027530000000000002	0.014538999999999998	0.015484999999999999	-0.027270999999999997	-0.32	4965400.0
2015-10-20	-0.026547	-0.000754	0.009212	-0.029311	-3.1700060000000003	4245700.0
2015-10-19	0.012979	-0.003563	0.020275	-0.010348999999999999	1.530007	4711500.0
2015-10-16	0.002978	0.005531	0.009444	-0.013188	0.349998	4375200.0
2015-10-15	0.033412	-0.004572	0.034027999999999996	-0.013013	3.7999959999999997	4542600.0
2015-10-14	-0.000352	0.008087	0.023468	-0.009932	-0.039994	4155600.0
2015-10-13	-0.032568	-0.008673	0.005697	-0.034013999999999996	-3.830001	4383200.0
2015-10-12	0.0018739999999999998	0.010053	0.012779	-0.01099	0.22000100000000003	3279100.0
2015-10-09	-0.005000999999999999	-0.002967	0.004493	-0.018394	-0.590004	5054800.0
2015-10-08	0.008463	-0.0053	0.014275999999999999	-0.033168	0.9899979999999999	4601000.0
2015-10-07	0.042695	0.005526	0.056244	-0.011677	4.790001	8142500.0
2015-10-06	-0.037987	-0.006431	-0.005917	-0.068256	-4.430001	8376900.0
2015-10-05	0.001546	0.012539	0.016919	-0.014686000000000001	0.180001	6422600.0
2015-10-02	0.031721	-0.019936000000000002	0.032251999999999996	-0.027112999999999998	3.580001	8446500.0
2015-10-01	0.043358	0.020893000000000002	0.045392	-0.006101	4.690003	9413700.0
2015-09-30	0.026864999999999997	0.022688999999999997	0.039586	0.004367	2.830002	8759000.0
2015-09-29	0.005249	-0.003626	0.033591	-0.014505	0.549995	9364300.0
2015-09-28	-0.033213	-0.009226	0.0022140000000000003	-0.046406	-3.5999980000000003	11711600.0
2015-09-25	-0.048208999999999995	0.015806	0.015806	-0.06102899999999999	-5.489998	10055400.0
2015-09-24	-0.026999000000000002	-0.001794	-0.001025	-0.039901	-3.1600040000000003	7335900.0
2015-09-23	-0.004847	0.0021260000000000003	0.014284	-0.034946	-0.57	3524800.0
2015-09-22	-0.012842	-0.017123	-0.009569	-0.037435	-1.529998	8070500.0
2015-09-21	-0.028380000000000002	0.005382	0.011009999999999999	-0.044039	-3.480004	7115900.0
2015-09-18	-0.024736	-0.011453	-0.008192	-0.028394	-3.11	7711400.0
2015-09-17	0.015754	0.001777	0.025851999999999997	-0.008725	1.950004	4249100.0
2015-09-16	-0.004584	-0.0017690000000000002	0.008042	-0.015600999999999999	-0.569999	3026500.0
2015-09-15	0.017511000000000002	0.0036	0.023648	-0.004582	2.139999	3677000.0
2015-09-14	-0.014197	8.1e-05	0.000242	-0.023715	-1.760002	3202300.0
2015-09-11	0.008131999999999999	-0.00309	0.008131999999999999	-0.013093	1.0	3163400.0
2015-09-10	0.015777	-0.003222	0.024203	-0.005947	1.910003	3809700.0
2015-09-09	-0.015931999999999998	0.016094999999999998	0.021785	-0.019103	-1.9599990000000003	4659800.0
2015-09-08	0.04796	0.022234	0.049067	0.012522	5.6299980000000005	4572700.0
2015-09-04	-0.00221	-0.015045	0.00527	-0.018445	-0.26000300000000004	3718500.0
2015-09-03	-0.01614	0.004181	0.013046	-0.020822999999999998	-1.93	3794000.0
2015-09-02	0.035683	0.015676	0.035857	0.002165	4.120003	5510700.0
2015-09-01	-0.022188	-0.029301999999999998	0.00271	-0.029301999999999998	-2.620003	6325600.0
2015-08-31	-0.048049	-0.009594	-0.003547	-0.054176	-5.959999	7120700.0
2015-08-28	0.008126999999999999	-0.005364	0.011378000000000001	-0.009509	1.0	4598400.0
2015-08-27	0.031955000000000004	0.014594	0.034387	0.000168	3.809998	5793700.0
2015-08-26	0.057941	0.033718	0.05874	0.001242	6.530006	6567800.0
2015-08-25	-0.005998	0.046393000000000004	0.053978	-0.00635	-0.68	8331600.0
2015-08-24	-0.047626999999999996	-0.12406600000000001	0.00966	-0.218984	-5.670006	11423900.0
2015-08-21	-0.047295	-0.017206	-0.0004	-0.048335	-5.909996	7944800.0
2015-08-20	-0.031768	-0.012707	-0.004416	-0.032853	-4.0999989999999995	5119500.0
2015-08-19	-0.008756	-0.005683	-0.002151	-0.020737000000000002	-1.139999	3213700.0
2015-08-18	-0.007698	0.00221	0.006021	-0.012042	-1.01001	2645100.0
2015-08-17	0.015243000000000001	-0.004952000000000001	0.016017	-0.009595000000000001	1.970002	2651700.0
2015-08-14	-0.008135	-0.005602	-0.001535	-0.020875	-1.059998	3402200.0
2015-08-13	-0.005571	0.0032049999999999995	0.011982	-0.007098	-0.729996	3252500.0
2015-08-12	0.002832	-0.007118000000000001	0.006735	-0.02541	0.36999499999999996	3478000.0
2015-08-11	-0.004343	-0.00602	0.005182	-0.015698	-0.569992	3267100.0
2015-08-10	0.020451	0.00972	0.026128	0.007465	2.6299900000000003	4122300.0
2015-08-07	0.004295	-0.000469	0.005779	-0.023819	0.550003	5627300.0
2015-08-06	-0.035187	0.0021100000000000003	0.005877	-0.03692	-4.6699980000000005	4657700.0
2015-08-05	0.012511	0.010757	0.019149	0.009155	1.6399990000000002	3094700.0
2015-08-04	-0.002966	0.0012929999999999999	0.004031	-0.010953000000000001	-0.389999	2587100.0
2015-08-03	0.0016760000000000002	0.004571	0.008838	-0.010667	0.22000100000000003	3065000.0
2015-07-31	-0.004777	0.007203	0.008493	-0.008417000000000001	-0.630005	3546100.0
2015-07-30	-0.001968	0.001287	0.0031030000000000003	-0.025200999999999998	-0.259994	5039600.0
2015-07-29	-0.024221	0.00672	0.007237	-0.024738	-3.2799989999999997	4866100.0
2015-07-28	0.021575	0.010863	0.026554	-0.000754	2.86	4553200.0
2015-07-27	-0.017346	-0.010749	-0.010749	-0.028095	-2.3399959999999997	6791300.0
2015-07-24	-0.029566000000000002	-0.034026	-0.010575	-0.0364	-4.1100010000000005	7031400.0
2015-07-23	0.005425	-0.003544	0.017793	-0.01273	0.75	5594000.0
2015-07-22	0.014827000000000002	-0.005358	0.021138999999999998	-0.0077069999999999994	2.01999	6155700.0
2015-07-21	0.007469	-7.4e-05	0.02041	-0.010944	1.010009	5546500.0
2015-07-20	0.005278	0.0037909999999999997	0.007285	-0.004981	0.709992	3402000.0
2015-07-17	-0.001485	-0.002301	-7.4e-05	-0.014771000000000001	-0.199997	4638800.0
2015-07-16	0.025344	0.005404	0.031661	0.000837	3.3300019999999995	8411400.0
2015-07-15	0.069516	0.079202	0.106878	0.062515	8.540001	21162600.0
2015-07-14	0.016212999999999998	0.003474	0.019687	-0.000414	1.9599990000000003	4558000.0
2015-07-13	0.01725	0.009761	0.023898	0.006227	2.050003	3117000.0
2015-07-10	0.016856	0.011295	0.02122	0.007872	1.969993	3099700.0
2015-07-09	0.008282	0.013286000000000001	0.016133	0.0039689999999999994	0.9599989999999999	3175800.0
2015-07-08	-0.028252999999999997	-0.005365999999999999	-0.004275999999999999	-0.032361	-3.369995	3825500.0
2015-07-07	0.003871	0.007238	0.007238	-0.016411000000000002	0.459999	3509400.0
2015-07-06	-0.005857	-0.009203	0.006861	-0.013553999999999998	-0.699997	3535600.0
2015-07-02	0.010995999999999999	0.002876	0.014126	0.002538	1.299996	4288100.0
2015-07-01	0.021427	0.011231999999999999	0.021687	0.008381	2.480003	4342700.0
2015-06-30	0.007223	0.003394	0.01375	-0.007049	0.829994	4961000.0
2015-06-29	-0.025526	-0.015265	-0.001102	-0.026543	-3.009994	4020300.0
2015-06-26	-0.007490999999999999	0.001599	0.005723	-0.016918	-0.89	3266800.0
2015-06-25	-0.002435	0.005877	0.011335	-0.00445	-0.29	2955100.0
2015-06-24	-0.010304	-0.0022440000000000003	0.004155	-0.015373	-1.239998	3770000.0
2015-06-23	0.006776999999999999	-0.000335	0.01623	-0.000502	0.8099970000000001	4159900.0
2015-06-22	0.019707	0.010920000000000001	0.025763	0.009725	2.3099979999999998	4653300.0
2015-06-19	0.002566	0.002395	0.010006999999999999	-0.006586	0.300003	7197300.0
2015-06-18	0.042439	0.002675	0.043866	0.000802	4.759994	6934000.0
2015-06-17	0.00945	0.013590000000000001	0.01755	0.00126	1.050003	3596100.0
2015-06-16	0.000991	0.00036	0.006756999999999999	-0.005496	0.110001	2275900.0
2015-06-15	-0.002875	-0.008085	0.000269	-0.017787	-0.32	2899500.0
2015-06-12	-0.014606000000000001	-0.005754	0.0	-0.018501	-1.6500009999999998	2968200.0
2015-06-11	0.008121	0.002677	0.011066	0.001696	0.9100030000000001	3199200.0
2015-06-10	0.012103000000000001	0.000271	0.019599000000000002	-0.008671	1.3399969999999999	4202900.0
2015-06-09	-0.0008119999999999999	-0.005144	0.001715	-0.015972999999999998	-0.08999700000000001	3562800.0
2015-06-08	0.000813	0.0026190000000000002	0.021405	-0.000452	0.08999700000000001	5271500.0
2015-06-05	-0.0018030000000000001	0.0	0.000721	-0.012532	-0.199997	4776200.0
2015-06-04	-0.015619	-0.0039049999999999996	0.001065	-0.024494	-1.760002	5450400.0
2015-06-03	-0.010537000000000001	0.001142	0.005093	-0.013699000000000001	-1.199997	4297100.0
2015-06-02	-0.00498	-0.005155	0.004107	-0.011533	-0.57	2997200.0
2015-06-01	8.7e-05	0.004981	0.013806	-0.014768	0.009995	4549400.0
2015-05-29	-0.004263	-0.000522	0.009309999999999999	-0.008092	-0.48999799999999993	4350900.0
2015-05-28	-0.009395	-0.001551	0.0018100000000000002	-0.014394	-1.0899969999999999	2811700.0
2015-05-27	0.013628999999999999	0.0016600000000000002	0.015988	-0.004368	1.559998	3005600.0
2015-05-26	-0.014041	-0.004565	-0.001895	-0.019554	-1.629997	2733800.0
2015-05-22	-0.000947	-0.006024	0.002926	-0.011015	-0.110001	2651100.0
2015-05-21	-0.005647999999999999	-0.003936	0.005306	-0.0077870000000000005	-0.660004	3926900.0
2015-05-20	8.6e-05	0.0015400000000000001	0.007445	-0.011125	0.010003	3111700.0
2015-05-19	0.004125	0.000172	0.010999	-0.000516	0.479995	3302000.0
2015-05-18	0.007271	-0.006665000000000001	0.012724	-0.007529999999999999	0.8400040000000001	3629900.0
2015-05-15	0.00391	0.0010429999999999999	0.007559999999999999	-0.002781	0.44999700000000004	3306600.0
2015-05-14	0.014815	0.0075840000000000005	0.017637	-0.006437000000000001	1.68	3821300.0
2015-05-13	-0.001585	0.004666	0.013383	-0.00854	-0.18	4322500.0
2015-05-12	0.0015869999999999999	-0.009965	0.007495999999999999	-0.022663	0.18	4837800.0
2015-05-11	0.001678	0.00636	0.010865000000000001	-0.001678	0.190003	2884300.0
2015-05-08	0.010713	0.014731000000000001	0.023659	-0.0025	1.199997	6087300.0
2015-05-07	0.030925	0.008652	0.051910000000000005	0.005522	3.36	9130300.0
2015-05-06	0.010322	0.008834	0.013483000000000002	-0.010136	1.110001	5566800.0
2015-05-05	-0.021474	-0.004823	-0.001183	-0.025569	-2.360001	5024500.0
2015-05-04	-0.00588	0.004794	0.018544	-0.006784	-0.650001	4877800.0
2015-05-01	0.023043	0.0	0.036461	-0.00037	2.490005	6594900.0
2015-04-30	-0.045406	-0.032685000000000006	-0.019965	-0.054594000000000004	-5.1399989999999995	12995500.0
2015-04-29	-0.0028190000000000003	-0.005109000000000001	0.007751999999999999	-0.014887000000000001	-0.32	6086000.0
2015-04-28	-0.010459999999999999	0.0025280000000000003	0.008020000000000001	-0.025366	-1.200004	5615400.0
2015-04-27	-0.033611	0.004128	0.005644	-0.037065	-3.9899980000000004	6847800.0
2015-04-24	0.022569	-0.001292	0.039883	-0.007063	2.620003	7681200.0
2015-04-23	0.00476	-0.004674	0.008915000000000001	-0.007443000000000001	0.549995	3251000.0
2015-04-22	0.006271	0.006793	0.010712000000000001	-0.004529	0.720001	3135000.0
2015-04-21	0.00061	0.004967	0.013072	-0.0020039999999999997	0.07	3680500.0
2015-04-20	0.011281	0.008196	0.011457	-0.003878	1.2799989999999999	4487200.0
2015-04-17	-0.024837	-0.011602	-0.0064459999999999995	-0.028017	-2.89	6409700.0
2015-04-16	-0.015816999999999998	-0.005159	0.001861	-0.019791999999999997	-1.870002	4344600.0
2015-04-15	0.021161000000000003	0.001296	0.024443	0.000518	2.4500040000000003	5963200.0
2015-04-14	-0.005668	0.000687	0.007214	-0.011852	-0.660003	4232500.0
2015-04-13	-0.005381	-0.000683	0.009823	-0.005979	-0.629998	3011800.0
2015-04-10	0.012891	0.004326	0.016612000000000002	-0.000692	1.489998	4505800.0
2015-04-09	0.0037340000000000003	0.001911	0.012592	-0.007121	0.43	4039200.0
2015-04-08	0.021558	0.002928	0.034332999999999995	0.002573	2.430001	6260000.0
2015-04-07	-0.0022129999999999997	0.001062	0.022307	-0.0041600000000000005	-0.25	5831900.0
2015-04-06	-0.011722	-0.005861	0.007261	-0.01356	-1.3399969999999999	4770000.0
2015-04-02	-0.002269	0.0037530000000000003	0.008641	-0.007156999999999999	-0.260002	4852500.0
2015-04-01	-0.006159	-0.0034700000000000004	0.00321	-0.031055000000000003	-0.7099989999999999	10650800.0
2015-03-31	-0.039493	-0.009498000000000001	-0.006166	-0.042076	-4.739998	11331800.0
2015-03-30	0.011290999999999999	0.008089	0.015335	0.002359	1.3399969999999999	5209200.0
2015-03-27	0.008669	0.003825	0.019888	0.0030600000000000002	1.019996	5510400.0
2015-03-26	0.005727	-0.014616999999999998	0.020515000000000002	-0.025387	0.670006	8127000.0
2015-03-25	-0.042243	-0.000164	0.009988	-0.044044	-5.160004	8417900.0
2015-03-24	-0.006426	0.002359	0.012689	-0.009436	-0.79	4828800.0
2015-03-23	-0.043268	-0.015953	-0.015563999999999998	-0.045758999999999994	-5.559998	10004100.0
2015-03-20	0.025293	0.019788	0.029761000000000003	-0.006543000000000001	3.169998	14850600.0
2015-03-19	0.021601	0.009129	0.023639	0.007906999999999999	2.650002	6037600.0
2015-03-18	0.013633000000000001	0.001157	0.021978	-0.006775	1.6500009999999998	4444700.0
2015-03-17	0.001572	-0.0065379999999999995	0.004055	-0.009682	0.190003	3026800.0
2015-03-16	0.026416000000000002	0.009089	0.027606	0.008834	3.1099930000000002	5017300.0
2015-03-13	-0.009174	-0.004461	0.013045	-0.016159	-1.0899969999999999	3520200.0
2015-03-12	0.010546	0.005103	0.012672	-0.0005099999999999999	1.239998	3086700.0
2015-03-11	-0.006338	0.0057469999999999995	0.006169	-0.02586	-0.75	3729800.0
2015-03-10	-0.000676	-0.007684999999999999	0.012583	-0.008952	-0.080002	4874800.0
2015-03-09	0.00322	0.000763	0.007879	-0.007201999999999999	0.38000500000000004	3449000.0
2015-03-06	-0.022202	-0.005633	-0.003479	-0.023112999999999998	-2.68	4009500.0
2015-03-05	0.009534	0.007611	0.018316	0.0015890000000000001	1.139999	3583200.0
2015-03-04	0.009285	-0.008947	0.016797	-0.016375	1.099999	3888100.0
2015-03-03	-0.015294	-0.002577	-0.000997	-0.032998	-1.839997	6360700.0
2015-03-02	-0.010039	0.008722	0.010286	-0.010944	-1.2200010000000001	5197900.0
2015-02-27	-0.014755	-0.004378	-0.001702	-0.020916	-1.8199990000000001	4289000.0
2015-02-26	0.002031	0.001462	0.005849	-0.011373000000000001	0.25	3336100.0
2015-02-25	-0.0006490000000000001	0.002273	0.006495	-0.009417	-0.080002	3307800.0
2015-02-24	-0.005169	0.002827	0.004523	-0.016314	-0.64	3045700.0
2015-02-23	0.00316	0.004618	0.016366	-0.001053	0.39	5034700.0
2015-02-20	0.026786	0.009151000000000001	0.031528	0.006572	3.220001	7865000.0
2015-02-19	0.015201	-0.000676	0.021366	-0.000676	1.799995	4691000.0
2015-02-18	0.017968	0.003954999999999999	0.018741	0.003181	2.090004	5466700.0
2015-02-17	0.003797	-0.001036	0.009665	-0.003279	0.440003	4902900.0
2015-02-13	0.0013830000000000001	0.005185	0.006308	-0.019011	0.159996	7604800.0
2015-02-12	-0.02247	0.006927	0.007095999999999999	-0.030579000000000002	-2.659996	9808800.0
2015-02-11	-0.014813999999999999	-0.002746	0.004744	-0.023968	-1.780007	6553500.0
2015-02-10	0.017271	0.007704000000000001	0.022604	0.004318	2.0400009999999997	3930200.0
2015-02-09	-0.005305	-0.002442	0.006147	-0.010611	-0.629997	3578000.0
2015-02-06	-0.010582	0.000167	0.014413999999999998	-0.014997	-1.269997	4260600.0
2015-02-05	0.029595999999999997	0.004118	0.0344	0.004118	3.449997	4595100.0
2015-02-04	-0.008758	-0.016582	-0.000425	-0.040986	-1.029998	7048200.0
2015-02-03	-0.008181	0.009023999999999999	0.009951999999999999	-0.034663	-0.970002	7146700.0
2015-02-02	-0.004951	0.0034409999999999996	0.009987000000000001	-0.022323	-0.590004	5054000.0
2015-01-30	-0.014147	-0.011417	0.028294999999999997	-0.016381	-1.7099990000000003	8129100.0
2015-01-29	0.015969999999999998	0.0051270000000000005	0.01782	-0.020340999999999998	1.900002	4928000.0
2015-01-28	-0.027705	0.001389	0.012912999999999999	-0.028604	-3.39	6685200.0
2015-01-27	-0.014180000000000002	-0.008943000000000001	0.003625	-0.016758000000000002	-1.760002	3475400.0
2015-01-26	0.001857	-0.002744	0.005731	-0.010897	0.230004	3788700.0
2015-01-23	0.0014550000000000001	0.002344	0.005416	-0.010912999999999999	0.18	3510100.0
2015-01-22	0.012191	0.003518	0.0135	-0.014072999999999999	1.489998	4217700.0
2015-01-21	-0.008357	-0.012089	0.0010550000000000002	-0.018661	-1.0299989999999999	4195700.0
2015-01-20	0.011822	0.007717	0.014202000000000001	-0.010426000000000001	1.440002	4712300.0
2015-01-16	0.029932	0.002959	0.031538	0.0005070000000000001	3.540001	5314500.0
2015-01-15	-0.023369	0.008836	0.011974	-0.028737000000000002	-2.8300009999999998	5811400.0
2015-01-14	0.009335	-0.014419	0.016669	-0.015669	1.119995	5768600.0
2015-01-13	0.02547	0.013248	0.05820499999999999	0.010085	2.980003	11187100.0
2015-01-12	0.029294999999999998	0.012315999999999999	0.041083999999999996	0.003167	3.3300019999999995	9371600.0
2015-01-09	-0.011995	0.001999	0.0039109999999999995	-0.027119	-1.380005	5111000.0
2015-01-08	0.004365	0.018507	0.025315999999999998	0.000349	0.5	5978300.0
2015-01-07	0.036558	0.009139	0.039814999999999996	0.007148999999999999	4.040001	4506700.0
2015-01-06	-0.012686	0.0050030000000000005	0.014027000000000001	-0.022067	-1.4199979999999999	5638500.0
2015-01-05	-0.014006000000000001	-0.0037	0.004228	-0.016385	-1.5899969999999999	4492700.0
2015-01-02	0.01484	0.009119	0.024227000000000002	0.006079	1.6599959999999998	3822000.0
2014-12-31	-0.014797	0.008367	0.011184999999999999	-0.017879	-1.68	3434000.0
2014-12-30	-0.008124	-0.0024460000000000003	-0.0011359999999999999	-0.014938	-0.93	3481100.0
2014-12-29	0.009881000000000001	0.002294	0.011469	-0.007499	1.120003	3592800.0
2014-12-26	0.034214999999999995	0.014234	0.039325	0.008759000000000001	3.75	4670500.0
2014-12-24	0.032793	-0.0046170000000000004	0.050792000000000004	-0.006595999999999999	3.4799949999999997	6559000.0
2014-12-23	-0.065022	-0.004934	-0.003436	-0.08643200000000001	-7.379997	17806700.0
2014-12-22	-0.031405	-0.038658	-0.008107	-0.057945	-3.68	7889400.0
2014-12-19	0.00601	0.010817	0.019316999999999997	-0.008757	0.699997	11294300.0
2014-12-18	0.032441000000000005	0.021096	0.032618	0.015423	3.6600029999999997	6100900.0
2014-12-17	0.024798	0.00109	0.027431999999999998	-0.008448	2.730004	4870100.0
2014-12-16	-0.015999	-0.016804	0.015284	-0.032356	-1.7900009999999997	7035900.0
2014-12-15	-0.022797	0.013189	0.013189	-0.032405	-2.610001	6268000.0
2014-12-12	-0.019274	-0.0227	0.002741	-0.0233	-2.25	4389100.0
2014-12-11	0.009512	0.008388	0.025682999999999997	0.005967	1.099999	4103200.0
2014-12-10	-0.025615	-0.005898	0.0	-0.030164999999999997	-3.0400009999999997	5267600.0
2014-12-09	0.004146	-0.015399000000000001	0.008292	-0.021491	0.48999799999999993	5002700.0
2014-12-08	0.035574	0.023044	0.050031	0.011653	4.060005	8278900.0
2014-12-05	0.0044	0.003168	0.007744	-0.001144	0.5	2521100.0
2014-12-04	-0.005253	-0.0038520000000000004	0.0035020000000000003	-0.011381	-0.600006	3101900.0
2014-12-03	-0.00842	0.00625	0.008941	-0.0125	-0.969994	3567400.0
2014-12-02	0.015604	0.005025	0.028388	0.002292	1.769997	4977400.0
2014-12-01	-0.002287	0.000176	0.010115	-0.010467	-0.260002	4438100.0
2014-11-28	0.009590999999999999	0.007459	0.016784	0.0016870000000000001	1.080001	2544000.0
2014-11-26	0.013865	0.003511	0.015756	-0.016836	1.540001	3269800.0
2014-11-25	0.000811	0.002973	0.008921	-0.008020000000000001	0.08999700000000001	4006200.0
2014-11-24	0.025693	0.006377000000000001	0.025877999999999998	0.002773	2.780006	4126300.0
2014-11-21	0.007918000000000001	0.008384	0.017327000000000002	0.00503	0.849999	3973300.0
2014-11-20	0.0034590000000000003	-0.011404000000000001	0.008787	-0.0129	0.36999499999999996	3863200.0
2014-11-19	0.001873	-0.0033710000000000003	0.008709	-0.011987000000000001	0.200004	2915100.0
2014-11-18	0.023188999999999998	0.003066	0.025584	-0.000767	2.419998	3254400.0
2014-11-17	0.002979	-0.007495999999999999	0.015281	-0.007593000000000001	0.309998	3244000.0
2014-11-14	-0.031462000000000004	0.002048	0.002048	-0.049333999999999996	-3.379997	7861100.0
2014-11-13	-0.007575	0.000277	0.008499	-0.015797	-0.82	3268300.0
2014-11-12	0.0037090000000000005	0.001484	0.006027	-0.010385	0.400002	3441400.0
2014-11-11	-0.0014810000000000001	-9.300000000000001e-05	0.007129000000000001	-0.005647999999999999	-0.160004	3361300.0
2014-11-10	0.014655000000000001	0.0031	0.016909	-0.004227000000000001	1.5600049999999999	3502600.0
2014-11-07	-0.00644	0.0028	0.00336	-0.01708	-0.690002	4714300.0
2014-11-06	0.018925	0.005231	0.019686000000000002	0.0007610000000000001	1.989997	4077800.0
2014-11-05	-0.005674	0.013712	0.018818	-0.01182	-0.5999979999999999	4487500.0
2014-11-04	-0.015455000000000002	-0.007076000000000001	-0.003817	-0.022065	-1.660004	5134700.0
2014-11-03	0.0029879999999999998	-0.005229	0.004482	-0.009711	0.320008	5246900.0
2014-10-31	0.001403	0.016832	0.021601	-0.002525	0.14999400000000002	5797700.0
2014-10-30	0.01712	-0.004185	0.02102	-0.009131	1.8000029999999998	5770700.0
2014-10-29	-0.005298	-0.003595	0.005487	-0.015894	-0.559998	5588200.0
2014-10-28	0.025218	0.009796	0.028807	0.009311	2.599999	6596500.0
2014-10-27	-0.001356	-0.003293	0.006490000000000001	-0.012107999999999999	-0.14	6121400.0
2014-10-24	0.028287	-0.008466	0.028983999999999996	-0.011853	2.8399959999999997	9130100.0
2014-10-23	0.059519	0.012875	0.064901	0.008864	5.64	9673600.0
2014-10-22	-0.002211	-0.000421	0.019796	-0.012109	-0.209999	8707400.0
2014-10-21	0.032283	0.016196000000000002	0.042391000000000005	0.013261000000000002	2.970001	9981000.0
2014-10-20	0.044031	0.008171	0.050272000000000004	0.005107	3.879997	7972800.0
2014-10-17	0.020144	0.014818000000000001	0.036467	0.008567	1.7400060000000002	6405500.0
2014-10-16	-0.001964	-0.023224	0.011784999999999999	-0.029347	-0.170006	5615600.0
2014-10-15	0.0008089999999999999	-0.02093	0.0021969999999999997	-0.03839	0.07	8136400.0
2014-10-14	-0.011431	0.006059	0.017261000000000002	-0.021262	-1.0	6493900.0
2014-10-13	-0.037941	-0.002199	-0.00044	-0.048169	-3.449997	6677600.0
2014-10-10	-0.015696	-0.003464	0.015913	-0.016345	-1.449997	4808800.0
2014-10-09	-0.026452	-0.001265	-0.000843	-0.032037	-2.510002	5171700.0
2014-10-08	0.026393	-0.000865	0.030177999999999996	-0.009843000000000001	2.4400020000000002	4715000.0
2014-10-07	-0.021693	-0.0035979999999999996	-0.000529	-0.024656	-2.050003	3558000.0
2014-10-06	-0.007456999999999999	0.006722	0.006722	-0.01649	-0.7099989999999999	2997600.0
2014-10-03	0.025858999999999997	0.007435	0.030169	0.006034	2.400001	4484400.0
2014-10-02	-0.0066359999999999995	-0.005352	0.002248	-0.020657	-0.620002	4075600.0
2014-10-01	-0.014244	0.0048530000000000005	0.006436	-0.020996	-1.349999	4329700.0
2014-09-30	-0.008992	-0.002614	0.003764	-0.019971	-0.86	4362000.0
2014-09-29	0.012492	-0.010481	0.013656999999999999	-0.014927000000000001	1.18	4875900.0
2014-09-26	0.013954	0.008695	0.016101	-0.0038640000000000002	1.299995	4641200.0
2014-09-25	-0.031701	0.0	0.003014	-0.0343	-3.049995	6367800.0
2014-09-24	0.033183	0.010739	0.034149	0.008161	3.0899959999999997	5863600.0
2014-09-23	0.010088	-0.004229999999999999	0.015294	-0.006183	0.930001	4185800.0
2014-09-22	-0.017688	-0.006287	-0.004262	-0.026425	-1.6599959999999998	3590000.0
2014-09-19	0.006219	0.012651	0.018119	0.00075	0.580001	6051000.0
2014-09-18	0.010947	0.007804000000000001	0.011598	-0.000976	1.009995	2719900.0
2014-09-17	-0.0033490000000000004	0.002593	0.00821	-0.013071000000000001	-0.309998	4752300.0
2014-09-16	0.034763999999999996	0.002124	0.037335	-0.00503	3.110001	5012700.0
2014-09-15	-0.022509	-0.005682	-0.005135	-0.036058	-2.0599979999999998	4912900.0
2014-09-12	-0.004785	0.0026100000000000003	0.007503	-0.013484000000000001	-0.44000200000000006	3448100.0
2014-09-11	-0.022638	-0.004357	-0.0014880000000000002	-0.033904000000000004	-2.129997	5857700.0
2014-09-10	0.012482	-0.003982	0.013774000000000002	-0.004412	1.1599959999999998	2671400.0
2014-09-09	-0.011698	-0.003297	-0.000319	-0.01574	-1.099999	3595100.0
2014-09-08	0.002559	-0.002559	0.005011	-0.011089	0.239998	3258700.0
2014-09-05	-0.00149	0.005855	0.005855	-0.023209	-0.139999	4116600.0
2014-09-04	-0.010638	0.003055	0.00474	-0.013061000000000001	-1.010002	3321800.0
2014-09-03	-0.001577	0.008413	0.008413	-0.006205	-0.14999400000000002	2615800.0
2014-09-02	0.000737	0.005052	0.014943999999999999	-0.003368	0.069999	3485300.0
2014-08-29	0.003379	0.006125	0.006229999999999999	-0.004646	0.32	2783400.0
2014-08-28	-0.00042199999999999996	-0.007811	0.005383	-0.01045	-0.040001	2731400.0
2014-08-27	-0.009617	0.002613	0.005122	-0.011917	-0.920006	5649100.0
2014-08-26	0.024197	0.015632	0.026124	0.002891	2.260002	5680700.0
2014-08-25	0.019428	0.009496	0.024449000000000002	0.005457	1.779999	3589300.0
2014-08-22	-0.000436	-0.001855	0.0036	-0.007964	-0.040001	2631400.0
2014-08-21	-0.003696	0.000217	0.006957	-0.00587	-0.339996	3175000.0
2014-08-20	0.007005	-0.000328	0.021782	-0.002736	0.639999	4509500.0
2014-08-19	0.0005480000000000001	0.009637999999999999	0.010623	-0.000109	0.050003	4053300.0
2014-08-18	0.018971000000000002	0.005691	0.027451999999999997	0.00491	1.6999970000000002	5314700.0
2014-08-15	0.013	0.012773999999999999	0.01967	0.0012439999999999999	1.150002	4363500.0
2014-08-14	0.0005650000000000001	0.0005650000000000001	0.014138999999999999	-0.003393	0.049995	4140000.0
2014-08-13	0.022672	0.002082	0.026720999999999998	0.0012720000000000001	1.960007	3768200.0
2014-08-12	-0.004949	-0.0037979999999999997	-0.00011499999999999999	-0.013466999999999998	-0.43	2945100.0
2014-08-11	0.004277	0.0006940000000000001	0.011559	-0.004393	0.36999499999999996	2653500.0
2014-08-08	0.015137000000000001	-0.000117	0.017131999999999998	-0.0008210000000000001	1.290001	2984000.0
2014-08-07	-0.010565	-0.004528	0.004064	-0.014861000000000001	-0.9099959999999999	3829700.0
2014-08-06	-0.005083	-0.0067	0.007739	-0.016518	-0.440003	2713500.0
2014-08-05	-0.010176000000000001	-0.012005	0.002744	-0.017036000000000003	-0.889999	3903000.0
2014-08-04	0.009348	0.006232	0.020196000000000002	0.000808	0.8099970000000001	3812900.0
2014-08-01	-0.005737	-0.006196	0.008032	-0.010901000000000001	-0.5	5098200.0
2014-07-31	-0.013471	-0.00532	0.000792	-0.016867	-1.189994	5048500.0
2014-07-30	0.006953	0.009575	0.023139	0.006155	0.609993	4820400.0
2014-07-29	0.001027	0.0009130000000000001	0.010041	-0.005591	0.090004	3846000.0
2014-07-28	0.005507	-0.002639	0.01067	-0.011703	0.479995	3577300.0
2014-07-25	0.011254	0.0008119999999999999	0.014735	-0.003597	0.970002	3539800.0
2014-07-24	-0.032876999999999997	-0.020871	-0.01526	-0.054645000000000006	-2.930001	8675100.0
2014-07-23	0.028387	0.021232	0.028964	0.013155000000000002	2.4599990000000003	5265000.0
2014-07-22	0.015825	0.010198	0.021217	0.006564	1.350006	3518200.0
2014-07-21	0.002939	-0.002939	0.006231	-0.0068189999999999995	0.25	2925500.0
2014-07-18	0.023216999999999998	0.00818	0.02875	0.0	1.9300009999999999	4877700.0
2014-07-17	-0.033934	-0.006973	0.001627	-0.036607	-2.9200060000000003	5368000.0
2014-07-16	-0.008412000000000001	0.007490000000000001	0.007490000000000001	-0.013597999999999999	-0.729996	4444400.0
2014-07-15	-0.017993000000000002	-0.003282	0.006903	-0.020028999999999998	-1.5900040000000002	4675000.0
2014-07-14	-0.009193999999999999	0.005494	0.005494	-0.012109	-0.819999	5183700.0
2014-07-11	0.015484	0.004213000000000001	0.016737000000000002	-0.008312	1.36	3698900.0
2014-07-10	0.003542	-0.017138999999999998	0.014625	-0.019081	0.31000500000000003	3814000.0
2014-07-09	0.020999	-0.015516	0.025547999999999998	-0.020299	1.799996	7597500.0
2014-07-08	-0.035336	-0.004727	-0.003039	-0.040626	-3.14	7949100.0
2014-07-07	-0.014747	-0.004657	0.002107	-0.017186	-1.330001	3934500.0
2014-07-03	0.001332	0.001221	0.0047740000000000005	-0.012213	0.120002	4354000.0
2014-07-02	0.017740000000000002	0.004294	0.018418	0.0	1.57	5939700.0
2014-07-01	0.030507999999999997	0.0066370000000000005	0.032487	0.0048909999999999995	2.620003	4904700.0
2014-06-30	-0.010598999999999999	-0.007719	-0.001498	-0.012787999999999999	-0.920006	4168900.0
2014-06-27	0.002078	0.003232	0.003232	-0.009236	0.18	5491900.0
2014-06-26	0.0018510000000000002	0.00266	0.005436	-0.02186	0.160004	3182300.0
2014-06-25	0.00875	-0.001108	0.019368	-0.005834000000000001	0.75	5991400.0
2014-06-24	0.002515	0.0031579999999999998	0.010059	-0.003684	0.214996	4978600.0
2014-06-23	-0.002741	-0.001925	0.014697	-0.016505000000000002	-0.235	4795200.0
2014-06-20	0.018716	0.008259	0.0243	-0.011823	1.575004	11713600.0
2014-06-19	0.044949	0.013286000000000001	0.046067000000000004	0.013286000000000001	3.619995	8656800.0
2014-06-18	0.0075060000000000005	0.0038159999999999995	0.008319	-0.0065049999999999995	0.600006	3316600.0
2014-06-17	-0.00745	-0.003353	0.0057740000000000005	-0.009126	-0.600006	3220000.0
2014-06-16	0.00675	0.00075	0.012563	-0.0030629999999999998	0.5400010000000001	3377600.0
2014-06-13	-0.001436	0.00337	0.004868	-0.006365999999999999	-0.114998	2918200.0
2014-06-12	-0.005524	0.000434	0.001241	-0.009745	-0.444999	3338200.0
2014-06-11	-0.009468	-0.007624	0.000553	-0.016846	-0.769997	3818800.0
2014-06-10	0.005626	-0.006306	0.010882	-0.006306	0.45499399999999995	4265000.0
2014-06-09	0.002666	0.003843	0.008369	-0.002232	0.215004	3483600.0
2014-06-06	-0.002535	0.007853	0.007915	-0.010636	-0.205002	4047000.0
2014-06-05	0.01826	0.00743	0.020589	-0.004471	1.449997	6809400.0
2014-06-04	0.021285	-0.001286	0.023921	-0.008295	1.655007	5528200.0
2014-06-03	0.004132	-0.006263	0.005424	-0.006909	0.319999	3730000.0
2014-06-02	0.012024	-0.003006	0.012416	-0.006339	0.919999	3739200.0
2014-05-30	-0.001501	0.0028710000000000003	0.004306	-0.009852	-0.114998	4307000.0
2014-05-29	-0.00674	-0.014906	-0.004861	-0.019831	-0.520005	5047000.0
2014-05-28	-0.00535	0.0020629999999999997	0.004835	-0.007349	-0.415	5161000.0
2014-05-27	0.033304	0.005795000000000001	0.034037	-0.000799	2.5	8536800.0
2014-05-23	-0.002193	0.004586	0.004918	-0.009504	-0.165001	3127800.0
2014-05-22	0.015661	-0.0009449999999999999	0.024571	-0.0009449999999999999	1.1600030000000001	4008800.0
2014-05-21	0.003319	0.002506	0.013207	-0.0031149999999999997	0.24500300000000003	3169200.0
2014-05-20	0.001832	0.00251	0.014385	-0.0040030000000000005	0.134995	4291000.0
2014-05-19	0.000407	-0.008417000000000001	0.006992	-0.010997	0.029998	4047600.0
2014-05-16	-0.010279	0.000739	0.009068999999999999	-0.02385	-0.764999	5726200.0
2014-05-15	-0.01911	0.000923	0.0067870000000000005	-0.024712	-1.449997	5968400.0
2014-05-14	0.012477	-0.002535	0.020016	-0.010875	0.934998	5279200.0
2014-05-13	-0.004318	0.001927	0.011094	-0.00558	-0.324997	4885200.0
2014-05-12	0.026318	0.003	0.029522000000000003	-0.006613	1.93	6371400.0
2014-05-09	0.017694	0.000625	0.018943	-0.010339	1.275001	4271400.0
2014-05-08	-0.00778	-0.001928	0.017349	-0.009019	-0.565002	5210600.0
2014-05-07	-0.009884	-0.0027949999999999997	0.008794	-0.020791	-0.7249979999999999	5403800.0
2014-05-06	-0.011189	-0.0030329999999999997	0.001348	-0.012402	-0.830002	4815200.0
2014-05-05	0.006513	-0.006852	0.008955	-0.024084	0.48000299999999996	4489600.0
2014-05-02	-0.009409	0.005175	0.005175	-0.017272	-0.700005	5285200.0
2014-05-01	0.012176000000000001	0.001633	0.019659	-0.007959	0.8950049999999999	5051800.0
2014-04-30	0.002113	-0.004703	0.0034770000000000005	-0.018064	0.154999	5291400.0
2014-04-29	0.027527	0.004343	0.036632	-0.004693	1.964996	7653400.0
2014-04-28	0.004998	0.007532	0.020344	-0.01619	0.355003	6708800.0
2014-04-25	0.005734	7.099999999999999e-05	0.024566	-0.001062	0.404999	8324400.0
2014-04-24	-0.024651	-0.019472999999999997	-0.016089	-0.055724	-1.785004	8824000.0
2014-04-23	-0.012411	0.009888	0.009888	-0.017458	-0.9099959999999999	6819000.0
2014-04-22	0.019537	0.0060490000000000006	0.025516	0.001877	1.4049989999999999	6404600.0
2014-04-21	0.016395	0.0050880000000000005	0.017525	-0.005371	1.160004	4281800.0
2014-04-17	-0.002467	0.0008460000000000001	0.015578999999999999	-0.011067	-0.175003	5949000.0
2014-04-16	0.014445	0.01087	0.027745999999999996	-0.00286	1.010002	7641000.0
2014-04-15	0.012893	0.007026	0.020933	-0.031580000000000004	0.889999	8428200.0
2014-04-14	0.008473	0.011395	0.03141	-0.011687000000000001	0.580002	6212800.0
2014-04-11	-0.022003	-0.02186	0.019431	-0.03129	-1.540001	9330200.0
2014-04-10	-0.049824	0.002647	0.004141	-0.060345	-3.670006	11942600.0
2014-04-09	0.065837	0.01295	0.067935	0.010490000000000001	4.550003	11922400.0
2014-04-08	-0.006755	0.00043099999999999996	0.0075450000000000005	-0.022636	-0.470001	8226400.0
2014-04-07	0.012957	-0.005678	0.024021	-0.013685	0.89	13589400.0
2014-04-04	-0.043315	0.002716	0.008983	-0.048398000000000004	-3.110001	9987200.0
2014-04-03	-0.025912	0.00061	0.001967	-0.035952	-1.9099959999999998	8227600.0
2014-04-02	0.005593	0.006207	0.021078	-0.008662999999999999	0.409996	9010400.0
2014-04-01	0.050143	0.017192	0.054225999999999996	0.017192	3.5	9888600.0
2014-03-31	0.002226	0.006605	0.017158	-0.00028700000000000004	0.155006	8216000.0
2014-03-28	-0.020602000000000002	-0.0016879999999999998	0.013781	-0.022289	-1.4650040000000002	7555000.0
2014-03-27	-0.002735	-0.004277	0.007503	-0.020405	-0.194999	8529200.0
2014-03-26	-0.013080000000000001	0.008443	0.015709	-0.013287	-0.945	8873400.0
2014-03-25	0.021346	0.006431999999999999	0.036472000000000004	0.00417	1.510002	8576600.0
2014-03-24	-0.020222	0.00554	0.008518000000000001	-0.037327	-1.459999	12697800.0
2014-03-21	-0.037398	0.0084	0.009866	-0.046064	-2.805	18991600.0
2014-03-20	-0.005503	0.005569	0.009944	-0.009878	-0.415001	5379000.0
2014-03-19	-0.018544	0.014965000000000001	0.014965000000000001	-0.023294	-1.425003	5718000.0
2014-03-18	0.023031	-0.00193	0.025095	-0.002263	1.730003	5602400.0
2014-03-17	0.005488	0.009437000000000001	0.028645999999999998	0.002945	0.409996	6408800.0
2014-03-14	-0.042244	-0.011026000000000001	-0.004615	-0.053526	-3.2949980000000005	16805000.0
2014-03-13	-0.012158	0.00095	0.012855000000000002	-0.019947	-0.9599989999999999	5820600.0
2014-03-12	-0.002967	-0.00865	0.009406999999999999	-0.010354	-0.23500100000000002	5406800.0
2014-03-11	-0.00018899999999999999	0.005239	0.016980000000000002	-0.004924	-0.014999	5872600.0
2014-03-10	0.01188	-0.007026	0.012775	-0.013987999999999999	0.93	5421000.0
2014-03-07	-0.000319	0.009642	0.012068	-0.032118	-0.025001	11705200.0
2014-03-06	-0.040615	0.006371	0.012068	-0.0457	-3.315003	10873800.0
2014-03-05	0.008713	0.004449	0.011988	-0.003275	0.705002	5620800.0
2014-03-04	0.009670999999999999	0.010107	0.016034	0.008485	0.7750020000000001	4215400.0
2014-03-03	-0.002924	-0.010575	0.0049770000000000005	-0.013188	-0.23500100000000002	4379000.0
2014-02-28	-0.005691	0.005443	0.017196	-0.016515000000000002	-0.459999	6542000.0
2014-02-27	0.010564	0.002375	0.013002000000000001	-0.008376	0.845001	5429200.0
2014-02-26	-0.02653	-0.0023120000000000003	0.004077	-0.030364	-2.18	6910000.0
2014-02-25	0.001524	-0.0005480000000000001	0.010116	-0.006765	0.125	4166000.0
2014-02-24	0.019382	0.0038520000000000004	0.024974	0.0026089999999999998	1.5599969999999999	5742000.0
2014-02-21	-0.015955	0.00214	0.007091	-0.020479	-1.305	7119800.0
2014-02-20	0.003558	0.002699	0.004847	-0.014724000000000001	0.290001	4712800.0
2014-02-19	-0.017125	-0.004462	0.0036780000000000003	-0.019175	-1.4199979999999999	4787200.0
2014-02-18	0.011651	-0.000671	0.012627	-0.000671	0.955002	4420000.0
2014-02-14	-0.004917	0.004128	0.015297	-0.009165999999999999	-0.405007	5545000.0
2014-02-13	0.026162	-0.0033640000000000002	0.031519	-0.0033640000000000002	2.100006	7244600.0
2014-02-12	0.00394	0.0036899999999999997	0.020199	-0.000375	0.31499499999999997	5913800.0
2014-02-11	0.021006	0.002618	0.024071000000000002	-0.002362	1.6450040000000001	7315000.0
2014-02-10	-0.001657	0.0008289999999999999	0.006056000000000001	-0.007904000000000001	-0.130004	4792600.0
2014-02-07	0.046495	0.004936	0.048496	0.0006	3.485	7786600.0
2014-02-06	-0.006231	0.002254	0.012927000000000001	-0.012065000000000001	-0.470001	7362600.0
2014-02-05	-0.0043560000000000005	-0.003894	0.009108	-0.021979	-0.329994	8126600.0
2014-02-04	0.019583	0.00323	0.031023000000000002	0.00175	1.4549940000000001	7336600.0
2014-02-03	-0.021918	-0.00079	0.015928	-0.027381	-1.664993	9416200.0
2014-01-31	-0.013313	-0.020652	-0.001364	-0.039939999999999996	-1.025002	10440200.0
2014-01-30	-0.028272000000000002	0.010665000000000001	0.014956	-0.052695000000000006	-2.240005	13670400.0
2014-01-29	-0.009501	-0.009876000000000001	0.007562999999999999	-0.023128	-0.759995	5536200.0
2014-01-28	0.023740999999999998	0.0047350000000000005	0.027517000000000003	0.0047350000000000005	1.8549959999999999	7347800.0
2014-01-27	-0.030702999999999998	-0.003101	-0.0013650000000000001	-0.043667000000000004	-2.474999	10701800.0
2014-01-24	-0.043489	-0.009196	-0.006881999999999999	-0.044141	-3.665001	7898000.0
2014-01-23	-0.008413	-0.006118	-0.001059	-0.018826	-0.714996	5646600.0
2014-01-22	0.008484	0.003856	0.013824000000000001	-0.0041530000000000004	0.714996	5322400.0
2014-01-21	0.009040000000000001	0.006166	0.010177	-0.008022	0.755005	4817000.0
2014-01-17	-0.003341	-0.013902000000000001	0.0047729999999999995	-0.013902000000000001	-0.280006	6706200.0
2014-01-16	0.013607	-0.001814	0.013668000000000001	-0.002117	1.125	4547400.0
2014-01-15	-0.010117000000000001	0.00455	0.0057469999999999995	-0.012512	-0.844994	5627400.0
2014-01-14	0.012978	0.002668	0.016556	-0.013341	1.07	7789800.0
2014-01-13	-0.028914999999999996	0.003887	0.028561000000000003	-0.039927	-2.455002	15715000.0
2014-01-10	0.00658	0.000296	0.006876	-0.024659	0.555001	5568000.0
2014-01-09	0.007405	0.007226000000000001	0.021138999999999998	-0.0009550000000000001	0.619995	3592000.0
2014-01-08	0.017314	0.0017620000000000001	0.023934999999999998	-0.0034630000000000004	1.425003	5318000.0
2014-01-07	0.012237	0.014266	0.025827	0.010515	0.995002	5670000.0
2014-01-06	-0.042341000000000004	-0.023084999999999998	-0.017431	-0.054826	-3.5950010000000003	9219200.0
2014-01-03	-0.012388	-0.002617	-0.000872	-0.015354	-1.065002	3179600.0
2014-01-02	0.017577000000000002	0.00023700000000000001	0.019944	-0.0047350000000000005	1.485	4755400.0
2013-12-31	-5.9e-05	-0.001184	0.006569	-0.006924	-0.004997	2980800.0
2013-12-30	0.000296	-0.00023700000000000001	0.006038	-0.0055049999999999995	0.025002	2481800.0
2013-12-27	-0.001242	0.000414	0.007863	-0.004966	-0.105004	2514800.0
2013-12-26	0.010274	-0.00017900000000000001	0.014455	-0.000239	0.860001	2438800.0
2013-12-24	-0.005524	-0.00392	-5.9e-05	-0.013662	-0.465004	1640400.0
2013-12-23	0.005195	0.0076430000000000005	0.013255000000000001	-0.002866	0.43500500000000003	3496000.0
2013-12-20	0.021095	0.004146	0.024265000000000002	0.003597	1.7299959999999999	7287000.0
2013-12-19	0.009478	-0.0017850000000000001	0.011201000000000001	-0.002954	0.770004	4332800.0
2013-12-18	0.010511	0.001493	0.010573	-0.022452	0.845001	7033000.0
2013-12-17	-0.015853	0.00404	0.004835	-0.020687999999999998	-1.295005	5242400.0
2013-12-16	-0.009218	0.006670999999999999	0.017526	-0.009762999999999999	-0.759995	4915400.0
2013-12-13	-0.003746	0.007794	0.008034999999999999	-0.009183	-0.31000500000000003	5404000.0
2013-12-12	-0.003192	-0.004155	0.013671	-0.006323	-0.265	4248800.0
2013-12-11	-0.027639999999999998	-0.008725	-0.00164	-0.02963	-2.36	6152800.0
2013-12-10	0.00447	0.003059	0.017293	-0.010411	0.38000500000000004	6800600.0
2013-12-09	0.021511000000000002	0.024275	0.044282999999999996	0.012858000000000001	1.7900009999999997	10049000.0
2013-12-06	0.011670999999999999	0.01623	0.016656	-0.0034649999999999998	0.9599989999999999	5094000.0
2013-12-05	0.027738	0.020304	0.037045999999999996	0.013681	2.219993	6561600.0
2013-12-04	0.000875	-0.002689	0.009504	-0.011755	0.070008	3588200.0
2013-12-03	-0.019496	-0.008643999999999999	-0.002636	-0.021581	-1.5900040000000002	4822600.0
2013-12-02	0.008283	0.000618	0.008716	-0.009025	0.669998	3663000.0
2013-11-29	0.0015480000000000001	0.0019190000000000001	0.006501000000000001	0.000371	0.125	2157800.0
2013-11-27	-0.011687000000000001	0.001775	0.003182	-0.016643	-0.954994	3968200.0
2013-11-26	-0.0032329999999999998	0.004391	0.005855	-0.011039	-0.265007	5218000.0
2013-11-25	0.003857	0.008572	0.014755	-0.004286	0.315002	6611800.0
2013-11-22	0.029758999999999997	0.015068000000000002	0.033983	0.011601	2.360001	7240800.0
2013-11-21	0.019803	0.0041789999999999996	0.025075999999999998	0.003022	1.540001	5382800.0
2013-11-20	0.007058	0.001295	0.017159	-0.001943	0.544998	4673000.0
2013-11-19	0.009544	0.002942	0.01059	-0.005229	0.730003	6310600.0
2013-11-18	0.012375	0.002515	0.027397	0.000662	0.934998	6488200.0
2013-11-15	0.0074	-0.000667	0.009667	-0.012733	0.555	5087800.0
2013-11-14	0.004823	6.7e-05	0.00978	-0.005024	0.360001	4821800.0
2013-11-13	-0.0008699999999999999	-0.013654	0.003547	-0.015394	-0.06500299999999999	6963200.0
2013-11-12	0.0062640000000000005	-0.004984000000000001	0.00687	-0.0132	0.465004	5173400.0
2013-11-11	-0.002955	0.000537	0.007051000000000001	-0.010206999999999999	-0.22000100000000003	3641000.0
2013-11-08	0.027105	0.006207	0.034347	0.001655	1.964996	6421600.0
2013-11-07	0.00346	0.017994	0.035919	-0.016541	0.25	11358400.0
2013-11-06	-0.041462	0.00199	0.008292	-0.042258	-3.125	10130400.0
2013-11-05	0.000133	-0.007232	0.009753	-0.014066	0.010001999999999999	4742400.0
2013-11-04	-0.003899	0.004164	0.010442	-0.006939	-0.294998	4761000.0
2013-11-01	0.018991	0.005253	0.019934	0.003839	1.4099959999999998	4730200.0
2013-10-31	-0.018702	0.003106	0.01064	-0.027029	-1.415001	6581200.0
2013-10-30	-0.025689999999999998	0.0037990000000000003	0.010881	-0.032194	-1.994995	6493200.0
2013-10-29	-0.005889	0.0034560000000000003	0.006145	-0.013314	-0.459999	4970000.0
2013-10-28	0.003146	0.0016690000000000001	0.011686	-0.0037240000000000003	0.244995	5067200.0
2013-10-25	-0.014053999999999999	-0.001836	0.00842	-0.021271	-1.11	6450400.0
2013-10-24	-0.01275	-0.006938	0.0	-0.02475	-1.019997	7671600.0
2013-10-23	-0.005222999999999999	-0.008579999999999999	-0.001057	-0.02288	-0.419998	4763800.0
2013-10-22	0.010111	0.004836	0.012623	-0.011179000000000001	0.805	4632000.0
2013-10-21	-0.008222	0.005855	0.006789	-0.014325999999999998	-0.660004	3898400.0
2013-10-18	0.003438	-0.008438	0.003625	-0.010437	0.275002	7098400.0
2013-10-17	0.010548	-0.002084	0.010548	-0.007579000000000001	0.8349989999999999	4443000.0
2013-10-16	0.019839	0.005217	0.020548	0.004831	1.540001	4974200.0
2013-10-15	0.005896	-0.004535	0.017169999999999998	-0.004665	0.455002	5007600.0
2013-10-14	0.007639	-0.009793000000000001	0.008357	-0.017301	0.5849989999999999	3720400.0
2013-10-11	0.004064	-0.000983	0.014618	-0.006555	0.30999699999999997	4113600.0
2013-10-10	0.038674	0.022469	0.042078	0.020835	2.840004	5904000.0
2013-10-09	-0.011176	0.0026260000000000003	0.012052	-0.036356	-0.830001	10726400.0
2013-10-08	-0.034705	0.003899	0.008904	-0.036588999999999997	-2.6699990000000002	7739800.0
2013-10-07	-0.021619	-0.012844	-0.001017	-0.022445	-1.700004	5739600.0
2013-10-04	0.030468000000000002	0.001704	0.034923	0.001704	2.3250040000000003	5451000.0
2013-10-03	-0.021227	-0.002758	0.000128	-0.03508	-1.654998	5597400.0
2013-10-02	-0.008079000000000001	-0.009224	0.0019079999999999998	-0.013994999999999999	-0.6350020000000001	3595800.0
2013-10-01	0.019852	0.003633	0.019916999999999997	-0.003568	1.529998	5331200.0
2013-09-30	-0.0030399999999999997	-0.014488	0.009249	-0.018369	-0.235	7226600.0
2013-09-27	0.03149	-0.010341	0.034025	-0.012943000000000001	2.36	8388800.0
2013-09-26	0.029747000000000003	0.003985	0.030846	0.00316	2.1650009999999997	5928600.0
2013-09-25	-0.0060090000000000005	0.005463	0.010789	-0.006078	-0.44000200000000006	3898000.0
2013-09-24	-0.002316	-0.0010220000000000001	0.006132	-0.018872	-0.169998	5924200.0
2013-09-23	-0.020553000000000002	-0.0034700000000000004	-0.0002	-0.029427	-1.540001	4840800.0
2013-09-20	0.009022	0.003232	0.023094	-0.002761	0.669998	12962800.0
2013-09-19	-0.001009	0.005582999999999999	0.007533	-0.01278	-0.07499700000000001	4687600.0
2013-09-18	0.011085	-0.000884	0.021151	-0.008637	0.815002	6865400.0
2013-09-17	-0.006755	0.000811	0.0033770000000000002	-0.017157	-0.5	5304200.0
2013-09-16	-0.009633	0.008831	0.011507	-0.014116	-0.720001	5268400.0
2013-09-13	-0.0010689999999999999	-0.000334	0.000735	-0.013766	-0.080002	2972000.0
2013-09-12	0.000535	-0.003744	0.00916	-0.010431000000000001	0.040001	3396200.0
2013-09-11	0.0055130000000000005	0.004504	0.0055130000000000005	-0.012371	0.409996	3631000.0
2013-09-10	0.001819	0.012258	0.01704	-0.004378	0.135002	3923400.0
2013-09-09	0.010206	0.000612	0.011907	0.000612	0.75	4869600.0
2013-09-06	0.009479000000000001	0.004533	0.019232	-0.015934999999999998	0.6900029999999999	6444200.0
2013-09-05	-0.003286	0.0010949999999999998	0.01157	-0.0072569999999999996	-0.240006	4272000.0
2013-09-04	0.021397	0.002517	0.022376	-0.006014	1.530007	5377200.0
2013-09-03	0.021646000000000002	0.012787999999999999	0.033933	0.010287000000000001	1.514999	4797600.0
2013-08-30	-0.018234999999999998	0.0029460000000000003	0.0029460000000000003	-0.023145	-1.300003	4340000.0
2013-08-29	0.025018000000000002	-0.00381	0.028037	-0.007908	1.739998	4882600.0
2013-08-28	0.015625	-0.001241	0.020881999999999998	-0.010587000000000001	1.07	5303800.0
2013-08-27	-0.029752999999999998	-0.012752	-0.008714	-0.032304	-2.099999	5302000.0
2013-08-26	0.020901	0.003182	0.033991	-0.004412	1.445	5140000.0
2013-08-23	0.0026100000000000003	0.005148	0.010731999999999998	-0.0056560000000000004	0.18	3363200.0
2013-08-22	0.002471	0.0028350000000000003	0.010395	-0.0066879999999999995	0.169998	2545800.0
2013-08-21	0.013482	-0.005157	0.029689	-0.007367	0.9150010000000001	5340000.0
2013-08-20	0.024916999999999998	0.004002	0.033298	0.000982	1.650002	4352600.0
2013-08-19	-0.000377	-0.002868	0.024606	-0.002868	-0.025002	3530200.0
2013-08-16	-0.007640000000000001	-0.004794	0.0070409999999999995	-0.014905000000000002	-0.509994	4989600.0
2013-08-15	-0.02817	-0.012811000000000001	-0.009754	-0.033701999999999996	-1.9350049999999999	4826400.0
2013-08-14	-0.001961	0.0058119999999999995	0.014675	-0.0030510000000000003	-0.134995	2724400.0
2013-08-13	-0.022580000000000003	0.0014199999999999998	0.002627	-0.029042000000000002	-1.5900040000000002	5837200.0
2013-08-12	-0.008728	-0.0044340000000000004	0.0	-0.016963	-0.620003	2440400.0
2013-08-09	0.000493	-0.002042	0.015562999999999999	-0.004155	0.035004	2267000.0
2013-08-08	-0.004557	0.009394	0.011567000000000001	-0.005889	-0.324997	3665000.0
2013-08-07	0.00642	0.000705	0.016721	-0.016298	0.45499399999999995	5624200.0
2013-08-06	-0.034666	-0.004767	-0.0024519999999999998	-0.039706	-2.544998	6437400.0
2013-08-05	-0.003529	-0.0031219999999999998	0.006311	-0.009162	-0.260002	3094000.0
2013-08-02	-0.009678	0.000538	0.001411	-0.021574	-0.7199939999999999	4660000.0
2013-08-01	0.013142	0.008988	0.020836	0.002247	0.9649969999999999	4910800.0
2013-07-31	0.01025	0.011901	0.024833	0.001789	0.745002	6118600.0
2013-07-30	0.018996000000000002	0.00743	0.024954	0.005818	1.3549959999999999	5733400.0
2013-07-29	-0.008893	-0.013478	-0.001042	-0.016118	-0.639999	3949600.0
2013-07-26	0.023391	-0.013863999999999998	0.024884	-0.017064	1.6450040000000001	7829400.0
2013-07-25	0.034267	0.022281	0.035297	-0.001324	2.3299939999999997	6111000.0
2013-07-24	0.006737000000000001	0.002443	0.01029	-0.0057740000000000005	0.455002	4328800.0
2013-07-23	-0.021727	0.003042	0.004997	-0.021871	-1.5	4024600.0
2013-07-22	0.016116	0.016999	0.020458	0.004121	1.0950010000000001	4466600.0
2013-07-19	0.021345	-0.000376	0.025554	-0.008568000000000001	1.4199979999999999	7003400.0
2013-07-18	-0.026060000000000003	-0.026206	-0.019545	-0.046775	-1.779998	11156200.0
2013-07-17	0.011551	0.006886	0.020363	-0.00022200000000000003	0.779998	4322000.0
2013-07-16	0.0008150000000000001	0.003187	0.00415	-0.016229	0.055001	5160800.0
2013-07-15	0.0028239999999999997	0.004682	0.0072829999999999995	-0.007729000000000001	0.190002	4152200.0
2013-07-12	-0.002668	-0.001556	0.010673	-0.016751	-0.18	8025800.0
2013-07-11	0.07867	0.06411900000000001	0.090182	0.052686000000000004	4.9199980000000005	12045000.0
2013-07-10	0.00345	0.00016	0.005054	-0.011633	0.215	3729400.0
2013-07-09	0.022224	0.010169	0.02411	-0.003198	1.355	4385800.0
2013-07-08	-0.004409000000000001	0.004246	0.017962	-0.009634	-0.27000100000000005	3988000.0
2013-07-05	0.012816999999999999	0.0056229999999999995	0.015215000000000001	0.000579	0.7750020000000001	2706200.0
2013-07-03	0.005571	-0.006403	0.014385	-0.010062	0.334999	2462000.0
2013-07-02	0.011353	0.0007570000000000001	0.01867	0.000168	0.674999	4747200.0
2013-07-01	0.016499	0.019832	0.032228	0.010001999999999999	0.965	4654800.0
2013-06-28	-0.011993	-0.007939	0.009037	-0.014274	-0.7099989999999999	5437400.0
2013-06-27	0.002286	0.010920000000000001	0.014984	-0.004233	0.135002	4129800.0
2013-06-26	0.031252999999999996	0.011174	0.0378	0.003928	1.789997	5327800.0
2013-06-25	0.013716999999999998	0.012389	0.017699	0.0008849999999999999	0.7750020000000001	4213000.0
2013-06-24	-0.007815	-0.012029	0.008341	-0.029501999999999997	-0.445	6670000.0
2013-06-21	0.003348	0.006255	0.020174	-0.015858	0.189999	10233400.0
2013-06-20	-0.028916000000000004	-0.008812	-0.004961999999999999	-0.03268	-1.6899990000000003	6500600.0
2013-06-19	-0.027861	-0.001996	0.0	-0.028360000000000003	-1.6749990000000001	3592000.0
2013-06-18	0.021580000000000002	0.004928	0.023364	0.00016999999999999999	1.270001	3656000.0
2013-06-17	-0.013908000000000002	0.008964	0.016002000000000002	-0.01684	-0.830002	4440200.0
2013-06-14	-0.007484	-0.000582	0.008731000000000001	-0.014884	-0.45000100000000004	3700200.0
2013-06-13	0.018203	0.007365999999999999	0.020489	-0.008721	1.075001	4610800.0
2013-06-12	-0.005389	0.034105	0.039579	-0.0063159999999999996	-0.32	7596200.0
2013-06-11	0.007808	-0.011203	0.017483000000000002	-0.015361000000000001	0.459999	4660600.0
2013-06-10	-0.021427	0.004152	0.0049	-0.022423	-1.290001	4792400.0
2013-06-07	0.04197	0.011855	0.043441	0.011769	2.425003	7099000.0
2013-06-06	0.029947	-0.001693	0.030838	-0.006239	1.6800009999999999	8442600.0
2013-06-05	-0.047296	-0.0062829999999999995	0.0032270000000000003	-0.050862	-2.785	10640400.0
2013-06-04	-0.025809	0.000248	0.00455	-0.034163	-1.560002	7382400.0
2013-06-03	-0.022321	0.0038009999999999997	0.008653000000000001	-0.053215	-1.380001	9430400.0
2013-05-31	-0.007226000000000001	-0.000321	0.021598	-0.008190000000000001	-0.45000100000000004	10479000.0
2013-05-30	0.011861	-0.0017059999999999998	0.018928999999999998	-0.003575	0.730004	5101000.0
2013-05-29	-0.012039	-0.007946	-0.0024879999999999998	-0.024239	-0.75	4293400.0
2013-05-28	0.016397	0.015826	0.029124	0.010442	1.004997	4855000.0
2013-05-24	-0.008573	-0.008331	0.000566	-0.016013999999999997	-0.529999	4573200.0
2013-05-23	0.00162	-0.015716	0.012395	-0.023412	0.099999	4736600.0
2013-05-22	-0.00048600000000000005	0.004939	0.039271	-0.007611	-0.029999	8399800.0
2013-05-21	0.0030859999999999998	0.000975	0.010153	-0.005767	0.189999	4803800.0
2013-05-20	-0.01433	-0.002482	0.002081	-0.018894	-0.895001	4486800.0
2013-05-17	0.011581000000000001	0.008745999999999999	0.012715	-0.025348	0.715	8244600.0
2013-05-16	-0.047443	-0.010337	-0.006171	-0.054153999999999994	-3.075	9907400.0
2013-05-15	-0.004148	-0.005608	0.009526	-0.013982	-0.269997	4864800.0
2013-05-14	0.003933	0.0	0.016659	-0.002545	0.254997	7575200.0
2013-05-13	0.01726	-0.004864	0.028793	-0.014985	1.1000020000000001	6848000.0
2013-05-10	0.038709	0.005867	0.038791	0.004319	2.375	6714200.0
2013-05-09	-0.000244	-0.003829	0.008718	-0.009288	-0.014999	4812800.0
2013-05-08	0.008794	0.00074	0.019972	-0.001151	0.535	5723600.0
2013-05-07	0.0037119999999999996	0.005775	0.017159	0.001072	0.224998	6656200.0
2013-05-06	-0.003453	-0.004768	0.012085	-0.0050149999999999995	-0.209999	5273400.0
2013-05-03	0.019956	0.00805	0.022137	0.004612	1.189999	5766600.0
2013-05-02	0.022287	-0.003686	0.024944	-0.022373	1.299999	6690200.0
2013-05-01	-0.011942	-0.0012699999999999999	0.005843999999999999	-0.015161	-0.7049979999999999	6135600.0
2013-04-30	-0.0033759999999999997	0.008357	0.008357	-0.013674	-0.200001	7734400.0
2013-04-29	-0.015538999999999999	-0.000499	0.0048200000000000005	-0.016786000000000002	-0.934997	7043400.0
2013-04-26	0.020263	0.001017	0.025943	8.499999999999999e-05	1.195	6498800.0
2013-04-25	-0.00279	0.018769	0.023419	-0.017163	-0.165001	10312800.0
2013-04-24	-0.061270000000000005	-0.011984	-0.010397	-0.073016	-3.860001	13608600.0
2013-04-23	-0.006622	0.007647	0.013244999999999998	-0.011511	-0.419998	6476800.0
2013-04-22	0.036613	0.014711000000000002	0.042579	0.009725	2.239998	7524800.0
2013-04-19	0.027544	-0.004451	0.031911	-0.004871	1.6399990000000002	6727800.0
2013-04-18	-0.018625	-0.002472	0.0	-0.026784	-1.129997	4385600.0
2013-04-17	-0.009469	-0.008653000000000001	0.000571	-0.021388	-0.580002	6024800.0
2013-04-16	0.017695	0.013541999999999998	0.021849	0.00024900000000000004	1.064999	4945000.0
2013-04-15	-0.021381999999999998	-0.004065	8.1e-05	-0.02252	-1.314999	6714200.0
2013-04-12	8.1e-05	-8.1e-05	0.009025	-0.005448	0.005000999999999999	5575400.0
2013-04-11	0.018045	0.007781000000000001	0.02475	0.006622	1.09	6649600.0
2013-04-10	0.036017	0.000171	0.036275	0.0	2.099999	5174800.0
2013-04-09	-0.000942	0.001456	0.005055	-0.008482	-0.055001	3269200.0
2013-04-08	0.002491	0.002061	0.003092	-0.010048999999999999	0.145001	4437600.0
2013-04-05	0.00414	0.001294	0.015955	-0.008107	0.240002	7115600.0
2013-04-04	0.003462	0.005019	0.012289	-0.006837	0.199996	3755800.0
2013-04-03	-0.019017	0.000679	0.00433	-0.027761	-1.119998	6895400.0
2013-04-02	0.006408	0.010851000000000001	0.014866999999999998	0.0025629999999999997	0.375	5817600.0
2013-04-01	0.009748999999999999	0.005176	0.017514	0.003278	0.564998	5072000.0
2013-03-28	0.023578	0.001854	0.032762	-0.000883	1.3350030000000002	6724600.0
2013-03-27	0.006846	-0.008447	0.008801999999999999	-0.010847	0.384998	4295600.0
2013-03-26	0.006083	0.006351	0.014313	0.002415	0.340001	4729200.0
2013-03-25	-0.011845	-0.002121	0.0051270000000000005	-0.018209	-0.669999	5213200.0
2013-03-22	0.009819	0.004195	0.010176000000000001	-0.001964	0.55	3297800.0
2013-03-21	-0.002582	-0.003739	0.004897	-0.009170000000000001	-0.145001	3788600.0
2013-03-20	0.011526999999999999	0.010627	0.015040000000000001	0.003872	0.64	4759200.0
2013-03-19	-0.007684999999999999	0.0042899999999999995	0.005809	-0.014388	-0.430001	5474200.0
2013-03-18	-0.004448	-0.010231	0.009696999999999999	-0.039057	-0.25	6454000.0
2013-03-15	-0.016451	-0.00035	8.8e-05	-0.017412999999999998	-0.939998	9938800.0
2013-03-14	0.010701	0.002211	0.02096	0.002211	0.604999	6025400.0
2013-03-13	-0.005716	-0.001935	0.002462	-0.009673000000000001	-0.32500100000000004	6577200.0
2013-03-12	0.016083	0.000715	0.017513	-0.004021	0.9000020000000001	7281200.0
2013-03-11	0.005029	0.001078	0.006555	-0.006196	0.279999	6725000.0
2013-03-08	0.010709999999999999	0.004992	0.014703	-0.002088	0.59	5473800.0
2013-03-07	0.001363	0.00309	0.00309	-0.009543000000000001	0.075001	5220200.0
2013-03-06	0.015318	0.00203	0.022423	0.00203	0.8299979999999999	9501600.0
2013-03-05	0.026619999999999998	-0.002937	0.027946	-0.0036	1.405002	8085400.0
2013-03-04	-0.0005679999999999999	-0.023196	0.000379	-0.029539999999999997	-0.030001999999999997	9731400.0
2013-03-01	0.022756000000000002	-0.000194	0.024693	-0.007166	1.175003	7980200.0
2013-02-28	0.02207	9.9e-05	0.040577999999999996	-0.0018800000000000002	1.114998	12037800.0
2013-02-27	0.015988	-0.00372	0.022021000000000002	-0.008346	0.7950020000000001	4923600.0
2013-02-26	0.004545	-0.002323	0.015152	-0.002525	0.224998	4743200.0
2013-02-25	-0.02607	0.0018690000000000002	0.003443	-0.027054	-1.325001	6483600.0
2013-02-22	0.022327	0.001609	0.028663	0.00020099999999999998	1.110001	6836200.0
2013-02-21	-0.009661	-0.0010960000000000002	-0.0010960000000000002	-0.025398	-0.485001	7427600.0
2013-02-20	-0.000597	0.01523	0.032152	-0.000697	-0.029999	12259800.0
2013-02-19	0.01711	-0.000202	0.018123	-0.001519	0.845002	4742800.0
2013-02-15	-0.007436	-0.0008039999999999999	0.0019089999999999999	-0.009748	-0.370003	5272600.0
2013-02-14	0.004441	0.001009	0.011406	-0.005249	0.22000100000000003	4828400.0
2013-02-13	0.001112	0.001112	0.004446	-0.010711	0.055	4529800.0
2013-02-12	-0.009806	0.0006	0.004803	-0.010506	-0.490001	4430200.0
2013-02-11	-0.0018969999999999998	0.007390000000000001	0.014281	-0.007790000000000001	-0.094998	6359600.0
2013-02-08	0.023406	0.010323	0.030867000000000002	0.0007160000000000001	1.145001	7221800.0
2013-02-07	-0.0005110000000000001	0.00521	0.013382	-0.011339	-0.025002	5854400.0
2013-02-06	-0.018744999999999998	-0.002205	-0.0007019999999999999	-0.02516	-0.935001	6554200.0
2013-02-05	0.011867	0.005072	0.015316	-0.001521	0.5850029999999999	5449200.0
2013-02-04	-0.028095	-0.013703	-0.001084	-0.034109	-1.425003	7309000.0
2013-02-01	0.025061	0.009903	0.03365	0.0023239999999999997	1.2400010000000001	10385400.0
2013-01-31	0.0049759999999999995	-0.003047	0.011170999999999999	-0.0055850000000000006	0.24499899999999997	5816800.0
2013-01-30	-0.007359	-0.002016	0.005343	-0.013609	-0.36499699999999996	6847200.0
2013-01-29	0.002527	0.0016170000000000002	0.006468000000000001	-0.007478	0.125	4951000.0
2013-01-28	-0.00812	-0.007618000000000001	-0.0033079999999999997	-0.016640000000000002	-0.405003	6262000.0
2013-01-25	0.023284	-0.010975	0.024721	-0.012206	1.135002	10363400.0
2013-01-24	-0.007431999999999999	-0.0029530000000000003	0.0056	-0.012014	-0.365002	6837000.0
2013-01-23	-0.010976	-0.013996999999999999	0.00020099999999999998	-0.026683999999999996	-0.544998	8300400.0
2013-01-22	-0.007198	-0.0005	0.0002	-0.015995	-0.36	8800800.0
2013-01-18	0.018739	0.001018	0.019656	-0.0008150000000000001	0.919998	7560600.0
2013-01-17	-0.006776999999999999	0.000405	0.009003	-0.009812000000000001	-0.334999	7671800.0
2013-01-16	-0.005333	-0.001912	-0.0014089999999999999	-0.011872	-0.265	6883000.0
2013-01-15	0.01761	0.002355	0.018838999999999998	-0.004607	0.860001	13214800.0
2013-01-14	0.014225999999999999	-0.001142	0.014641999999999999	-0.009656999999999999	0.6849970000000001	8441800.0
2013-01-11	0.008588	0.0031420000000000003	0.008902	-0.010787999999999999	0.41	10395600.0
2013-01-10	0.034005	0.0023829999999999997	0.034546	-0.000975	1.5700040000000002	12992400.0
2013-01-09	0.010173999999999999	-0.0040479999999999995	0.018816	-0.011159	0.464996	12545400.0
2013-01-08	0.066255	0.022279	0.067538	0.017263	2.84	22886800.0
2013-01-07	0.044342	0.000122	0.0469	-0.009258	1.8200040000000002	17560200.0
2013-01-04	0.005143	0.004408	0.018366999999999998	-0.000857	0.209999	5976400.0
2013-01-03	0.007028	0.003453	0.015906	0.0	0.285	5349200.0
2013-01-02	0.033516000000000004	0.021027	0.033516000000000004	0.016312	1.314998	8016000.0
2012-12-31	0.00952	0.000772	0.014022999999999999	-0.006561	0.36999899999999997	4876200.0
2012-12-28	-0.010817	-0.007254000000000001	0.001782	-0.011198999999999999	-0.42499899999999996	3036800.0
2012-12-27	-0.001652	-0.002287	0.010291	-0.013848	-0.064999	4438400.0
2012-12-26	-0.007064	-0.001261	0.003406	-0.012615000000000001	-0.279998	3252400.0
2012-12-24	-0.0053950000000000005	-0.007528	-0.0032619999999999997	-0.008406	-0.215	2838400.0
2012-12-21	-0.003999	-0.004874	-0.003249	-0.021495	-0.16	12070600.0
2012-12-20	0.0040149999999999995	0.002258	0.007905	-0.003011	0.16	4574200.0
2012-12-19	-0.004123	0.002874	0.007497	-0.007122	-0.165001	5896200.0
2012-12-18	-0.005097	-0.001243	0.00634	-0.005967	-0.205002	6692600.0
2012-12-17	0.013609	0.00037799999999999997	0.015247	-0.009198999999999999	0.5400010000000001	5528600.0
2012-12-14	-0.006012	-0.002129	0.006263	-0.010520999999999999	-0.239998	4700000.0
2012-12-13	-0.016628	-0.003941	0.001108	-0.023402000000000003	-0.675003	5747200.0
2012-12-12	-0.010843	-0.002315	-0.000975	-0.01133	-0.445	6395000.0
2012-12-11	0.019627000000000002	0.011925	0.028323	0.0026089999999999998	0.7900010000000001	12201600.0
2012-12-10	0.023132	0.001144	0.029358999999999996	0.0	0.91	9769600.0
2012-12-07	-0.005058	-0.0006320000000000001	0.00215	-0.010496	-0.200001	4017800.0
2012-12-06	-0.00403	-0.001511	0.004912	-0.0071790000000000005	-0.16	3941400.0
2012-12-05	-0.000504	-0.0011330000000000001	0.00214	-0.013092	-0.02	4949800.0
2012-12-04	0.009916	0.0030510000000000003	0.016273	0.002034	0.389999	7470000.0
2012-12-03	0.000891	0.002036	0.015396	-0.002545	0.035004	6421000.0
2012-11-30	-0.010077	0.003023	0.0052899999999999996	-0.012722	-0.400002	6731400.0
2012-11-29	0.006338	0.001394	0.011535	-0.00037999999999999997	0.25	4701800.0
2012-11-28	0.009598	-0.003199	0.010878	-0.014844999999999999	0.375	5031600.0
2012-11-27	-0.00825	-0.001015	0.008376999999999999	-0.009265	-0.325	5208400.0
2012-11-26	0.0035659999999999997	-0.003821	0.004203	-0.010699	0.139999	4856400.0
2012-11-23	0.008348000000000001	-0.0011560000000000001	0.009119	-0.001927	0.32500100000000004	1792800.0
2012-11-21	0.009595000000000001	0.006483	0.012837000000000001	0.005835	0.36999899999999997	4406200.0
2012-11-20	0.025805	0.0	0.026337	-0.009178	0.970001	5947000.0
2012-11-19	0.011434999999999999	0.012243	0.023813	-0.001076	0.42499899999999996	7018800.0
2012-11-16	0.010742	0.0006799999999999999	0.019853	-0.003672	0.39500100000000005	8173200.0
2012-11-15	-0.016187	-0.000268	0.000535	-0.018862999999999998	-0.605	7223000.0
2012-11-14	0.004704	0.002285	0.019624000000000003	-0.000672	0.174999	7747400.0
2012-11-13	-0.016653	-0.009913	0.006212	-0.016786000000000002	-0.630001	6259200.0
2012-11-12	0.058182000000000005	0.09118899999999999	0.097343	0.039161	2.080002	15055000.0
2012-11-09	0.002805	0.0	0.023983	-0.000982	0.099998	5329800.0
2012-11-08	-0.017365000000000002	-0.003721	0.001516	-0.018054	-0.629997	3412400.0
2012-11-07	-0.020253999999999998	-0.008642	-0.008642	-0.030650999999999998	-0.75	4955400.0
2012-11-06	0.010368	0.006548	0.016235	-0.0009550000000000001	0.379997	3580600.0
2012-11-05	0.0035600000000000002	-0.002464	0.0067090000000000006	-0.0067090000000000006	0.130002	4025600.0
2012-11-02	-0.02366	0.002673	0.002673	-0.024863	-0.884999	4263200.0
2012-11-01	0.019905000000000003	0.009271	0.025767	0.008043999999999999	0.73	4180400.0
2012-10-31	-0.024600999999999998	0.002926	0.003059	-0.026595999999999998	-0.924999	5047200.0
2012-10-26	0.011840999999999999	-0.0024219999999999997	0.015608000000000002	-0.0024219999999999997	0.43999799999999994	4442600.0
2012-10-25	0.003511	0.008506999999999999	0.019444	0.0	0.130001	3741400.0
2012-10-24	0.000135	0.003915999999999999	0.010533	-0.0021609999999999997	0.004997	4811600.0
2012-10-23	-0.012667	-0.0088	0.006533	-0.015466999999999998	-0.474998	5271400.0
2012-10-22	-0.002129	-0.0018629999999999999	0.005189	-0.008116	-0.080002	4202800.0
2012-10-19	-0.042304	-0.000127	0.002039	-0.043068	-1.66	7295800.0
2012-10-18	-0.004187	0.000508	0.0019030000000000002	-0.013323	-0.164997	3583800.0
2012-10-17	0.007801000000000001	0.0	0.015216999999999998	-0.004604	0.305001	3496600.0
2012-10-16	0.00295	0.0039759999999999995	0.006156	-0.005515	0.114997	3221800.0
2012-10-15	-0.005738	0.0	0.0	-0.015175	-0.224998	3644600.0
2012-10-12	0.009007	0.016597999999999998	0.026119	0.0068189999999999995	0.349998	5770200.0
2012-10-11	0.004654	-0.002068	0.010858	-0.003361	0.180001	4520800.0
2012-10-10	-0.031911	-0.009009999999999999	-0.003754	-0.048179	-1.275002	11231600.0
2012-10-09	-0.004733	-0.009590000000000001	0.002865	-0.012206	-0.189998	4405000.0
2012-10-08	0.0	-0.0036119999999999998	0.0016190000000000002	-0.01096	0.0	3398600.0
2012-10-05	0.008922	0.005278	0.020859	0.0027649999999999997	0.35499899999999995	5910000.0
2012-10-04	0.007469	0.003038	0.01266	0.00037999999999999997	0.295002	4289600.0
2012-10-03	0.007268999999999999	0.006503	0.008161	-0.00255	0.285	4863800.0
2012-10-02	0.02136	0.016280000000000003	0.0267	0.012243	0.82	6427200.0
2012-10-01	0.004974	0.007461	0.018979	0.000916	0.189998	3224000.0
2012-09-28	-0.00443	-0.005473	0.001433	-0.009512999999999999	-0.169998	4430800.0
2012-09-27	0.008675	0.002892	0.014063999999999998	-0.001446	0.329998	3698600.0
2012-09-26	-0.000788	0.006304	0.017862	-0.002889	-0.029999	4769000.0
2012-09-25	-0.010012	0.00195	0.011572	-0.010662	-0.385002	4619600.0
2012-09-24	-0.004659	-0.008283	-0.000388	-0.012553	-0.17999600000000002	3716400.0
2012-09-21	0.0024649999999999997	0.000778	0.010379000000000001	-0.0006490000000000001	0.094997	6890000.0
2012-09-20	0.001169	-0.004806	0.006624	-0.007663	0.045002	3896600.0
2012-09-19	0.00091	0.022231	0.022231	-0.01014	0.035	5203000.0
2012-09-18	0.0014320000000000001	-0.003515	0.010154999999999999	-0.004036	0.055	4745400.0
2012-09-17	0.0070799999999999995	-0.008653000000000001	0.008391	-0.012980000000000002	0.27000100000000005	5834400.0
2012-09-14	0.015714	0.000133	0.016380000000000002	-0.009189	0.59	7153400.0
2012-09-13	0.014866999999999998	0.000135	0.019732	-0.005136	0.549999	5055800.0
2012-09-12	0.005026	0.00489	0.011002	-0.000272	0.184998	2818800.0
2012-09-11	0.000544	-0.002718	0.004621	-0.004485	0.02	3108600.0
2012-09-10	-0.024655	-0.0067599999999999995	-0.005965	-0.029294999999999998	-0.93	5062000.0
2012-09-07	0.012753	0.006847	0.016647	-0.007115000000000001	0.47500200000000004	5721000.0
2012-09-06	0.049746	0.015078999999999999	0.051296	0.015078999999999999	1.7649990000000002	9214400.0
2012-09-05	-0.015402	-0.003053	-0.0009710000000000001	-0.019563999999999998	-0.555	4681800.0
