2017-09-01	-0.001507	0.002261	0.003014	-0.004898	-0.080002	417400.000000
2016-09-01	0.003788	0.07592	0.080341	0.071145	0.21422600000000003	469500.0
2016-08-31	-0.008169	0.069412	0.069412	0.062922	-0.465714	799700.0
2016-08-30	-0.000653	0.077653	0.079756	0.06959	-0.037258	414000.0
2016-08-29	0.008102	0.096987	0.10158099999999999	0.092039	0.458527	588900.0
2016-08-26	-0.011216	0.08975	0.09586499999999999	0.07192799999999999	-0.641938	718300.0
2016-08-25	-0.0027170000000000002	0.08016799999999999	0.088706	0.08016799999999999	-0.155899	427500.0
2016-08-24	-0.00255	0.088189	0.091839	0.084365	-0.146728	345700.0
2016-08-23	-0.002702	0.094262	0.097902	0.08680800000000001	-0.155899	388800.0
2016-08-22	-0.006631999999999999	0.083217	0.083217	0.077362	-0.385166	498200.0
2016-08-19	-0.006121	0.085314	0.08907899999999999	0.080523	-0.357651	488400.0
2016-08-18	0.018868	0.104048	0.111023	0.10213	1.082123	445300.0
2016-08-17	-0.000958	0.08678999999999999	0.0901	0.078081	-0.055020000000000006	516400.0
2016-08-16	-0.016805	0.081714	0.083255	0.071267	-0.981247	654400.0
2016-08-15	0.004893	0.094063	0.09957	0.094063	0.284287	622500.0
2016-08-12	0.008275	0.09877799999999999	0.103984	0.09791	0.476864	513600.0
2016-08-11	0.020793	0.10656800000000001	0.114185	0.104796	1.173828	512900.0
2016-08-10	-0.014882	0.083468	0.083468	0.0723	-0.8528600000000001	592400.0
2016-08-09	-0.00016	0.083993	0.091146	0.083993	-0.009165999999999999	985800.0
2016-08-08	0.003855	0.094302	0.096579	0.091499	0.220092	441800.0
2016-08-05	0.010058	0.097348	0.102301	0.097348	0.568573	505900.0
2016-08-04	-0.004522	0.085517	0.086926	0.080587	-0.256775	402000.0
2016-08-03	-0.005141	0.079236	0.08519199999999999	0.07660800000000001	-0.29346	417100.0
2016-08-02	-0.005592	0.087138	0.09027400000000001	0.077033	-0.320969	361800.0
2016-08-01	0.008053	0.09958099999999999	0.106255	0.097122	0.458527	585800.0
2016-07-29	-0.005605	0.078224	0.085733	0.077525	-0.320965	340800.0
2016-07-28	-0.00064	0.089925	0.090448	0.08242000000000001	-0.036686	450900.0
2016-07-27	-0.005571	0.09096900000000001	0.091663	0.079514	-0.320969	1101200.0
2016-07-26	0.007537	0.097968	0.10443800000000002	0.097268	0.431019	596300.0
2016-07-25	0.001124	0.090098	0.092199	0.08607200000000001	0.064194	576800.0
2016-07-22	-0.002402	0.090623	0.090623	0.083114	-0.13755799999999999	418100.0
2016-07-21	0.031214	0.128628	0.13241	0.12070399999999999	1.733234	1185000.0
2016-07-20	0.013388999999999998	0.10358900000000001	0.10760399999999999	0.101398	0.733639	620500.0
2016-07-19	-0.008298999999999999	0.086648	0.087915	0.08013200000000001	-0.458527	496100.0
2016-07-18	0.009551	0.096478	0.103421	0.095564	0.522721	676100.0
2016-07-15	-0.0018399999999999998	0.093914	0.094278	0.08844199999999999	-0.10088	478800.0
2016-07-14	0.0074140000000000005	0.095777	0.101289	0.095042	0.403507	460700.0
2016-07-13	0.013316999999999999	0.093055	0.105715	0.091379	0.715302	801100.0
2016-07-12	0.018963	0.108661	0.118336	0.107333	0.999592	868900.0
2016-07-11	0.0038420000000000004	0.090829	0.098447	0.088163	0.20175099999999999	827700.0
2016-07-08	0.01381	0.092958	0.10724500000000001	0.092958	0.715298	793700.0
2016-07-07	0.003019	0.099163	0.104004	0.088318	0.15590299999999999	534200.0
2016-07-06	-0.014698	0.068506	0.075375	0.059347000000000004	-0.770329	815300.0
2016-07-05	-0.013294	0.079152	0.081035	0.07293999999999999	-0.706123	535700.0
2016-07-01	0.00034500000000000004	0.08856499999999999	0.095533	0.088188	0.018337	524500.0
2016-06-30	0.011	0.090068	0.103777	0.084736	0.5777399999999999	646700.0
2016-06-29	0.032264	0.10990699999999999	0.127006	0.10990699999999999	1.641529	731200.0
2016-06-28	0.023239	0.10673900000000001	0.118001	0.10513	1.1554870000000002	643100.0
2016-06-27	-0.0014730000000000001	0.091653	0.094063	0.079002	-0.07336000000000001	888400.0
2016-06-24	-0.04603	0.039106	0.051559	0.036041000000000004	-2.402684	1122300.0
2016-06-23	0.017883	0.101953	0.110729	0.098639	0.917054	395000.0
2016-06-22	-0.000715	0.09337100000000001	0.095125	0.088305	-0.036682	431400.0
2016-06-21	0.007562	0.092412	0.10321	0.08966299999999999	0.385162	480200.0
2016-06-20	0.010001999999999999	0.098579	0.105717	0.097389	0.504379	902300.0
2016-06-17	-0.003443	0.084915	0.088275	0.079579	-0.174244	685700.0
2016-06-16	-0.00199	0.071515	0.089659	0.065204	-0.100876	1023500.0
2016-06-15	-0.007539	0.09084	0.09181900000000001	0.080466	-0.385158	632200.0
2016-06-14	0.00018	0.089861	0.09651699999999999	0.081247	0.009170000000000001	556600.0
2016-06-13	-0.020572999999999998	0.078944	0.079711	0.065522	-1.0729520000000001	924400.0
2016-06-10	-0.013188	0.07512200000000001	0.07928500000000001	0.072473	-0.696964	343800.0
2016-06-09	-0.00826	0.084631	0.085382	0.078063	-0.44018599999999997	522900.0
2016-06-08	-0.000172	0.090824	0.094576	0.087259	-0.009165999999999999	360400.0
2016-06-07	0.02216	0.118448	0.12381800000000001	0.11211900000000001	1.1554870000000002	1390400.0
2016-06-06	0.0019379999999999998	0.094291	0.094291	0.085453	0.100875	651600.0
2016-06-03	-0.009253	0.082834	0.083785	0.07445700000000001	-0.486038	547700.0
2016-06-02	0.004207	0.092169	0.096375	0.08911000000000001	0.22008899999999998	762200.0
2016-06-01	0.010452	0.101266	0.106868	0.097596	0.541065	805100.0
2016-05-31	0.023962	0.111633	0.11796199999999998	0.10253399999999999	1.2114260000000001	1001400.0
2016-05-27	-0.005692	0.10373199999999999	0.10766500000000001	0.094292	-0.289409	446500.0
2016-05-26	0.002139	0.103728	0.109641	0.100771	0.10853499999999999	415300.0
2016-05-25	0.016673	0.12212999999999999	0.133552	0.12172899999999999	0.832051	856800.0
2016-05-24	0.015085	0.10814000000000001	0.12319100000000001	0.107529	0.741607	658100.0
2016-05-23	-0.001102	0.10813699999999998	0.113623	0.10387	-0.05426	441900.0
2016-05-20	0.013784999999999999	0.118058	0.126503	0.115792	0.669258	563200.0
2016-05-19	-0.008496	0.102023	0.104269	0.092628	-0.416023	652500.0
2016-05-18	-0.014561000000000001	0.092416	0.097447	0.084768	-0.723526	803700.0
2016-05-17	-0.012226	0.105699	0.105699	0.088801	-0.6149979999999999	1367200.0
2016-05-16	0.024876	0.11833099999999999	0.135852	0.11833099999999999	1.2209510000000001	778800.0
2016-05-13	-0.024096	0.084026	0.087605	0.072892	-1.211906	1361800.0
2016-05-12	-0.001616	0.104111	0.108676	0.097163	-0.081398	956200.0
2016-05-11	-0.01171	0.088631	0.10040199999999999	0.088631	-0.596905	651700.0
2016-05-10	0.02194	0.116525	0.13356700000000002	0.115523	1.09433	869200.0
2016-05-09	-0.00845	0.101126	0.10371099999999998	0.091187	-0.425072	886400.0
2016-05-06	-0.014878	0.086311	0.095123	0.085136	-0.7597010000000001	637000.0
2016-05-05	0.001952	0.11550999999999999	0.11550999999999999	0.103737	0.099488	521400.0
2016-05-04	-0.006173	0.098484	0.102384	0.095363	-0.31654	760500.0
2016-05-03	-0.013055	0.091264	0.096076	0.08433500000000001	-0.678307	714500.0
2016-05-02	-0.001217	0.10512200000000001	0.107429	0.097817	-0.063308	715600.0
2016-04-29	-0.013378999999999999	0.09412999999999999	0.09412999999999999	0.081423	-0.705433	879900.0
2016-04-28	-0.011026000000000001	0.099884	0.10476099999999999	0.09069400000000001	-0.5878680000000001	708900.0
2016-04-27	0.008554	0.108347	0.118941	0.108347	0.45220200000000005	704700.0
2016-04-26	0.007932	0.112754	0.118283	0.10588900000000001	0.41602700000000004	777400.0
2016-04-25	-0.009564	0.10003300000000001	0.101922	0.09247899999999999	-0.506466	386900.0
2016-04-22	0.004288	0.11044000000000001	0.11802699999999999	0.107975	0.22610500000000003	861100.0
2016-04-21	0.016033000000000002	0.131906	0.134989	0.120729	0.83205	879900.0
2016-04-20	-0.002434	0.10416099999999999	0.107429	0.093396	-0.126617	963600.0
2016-04-19	-0.000695	0.10723599999999998	0.108964	0.095902	-0.036175	705600.0
2016-04-18	0.001217	0.11243	0.114353	0.102621	0.063301	901700.0
2016-04-15	-0.0015630000000000002	0.10589100000000001	0.1105	0.103202	-0.08139099999999999	535900.0
2016-04-14	0.0066430000000000005	0.11575099999999999	0.117297	0.10898499999999998	0.343674	785500.0
2016-04-13	0.029147000000000003	0.138126	0.138126	0.12797999999999998	1.4651379999999998	1152400.0
2016-04-12	0.009078	0.11513399999999999	0.11794400000000001	0.105297	0.45220200000000005	495200.0
2016-04-11	-0.007568000000000001	0.104902	0.11048	0.095937	-0.379849	478600.0
2016-04-08	0.011482	0.122021	0.12504400000000002	0.11738699999999999	0.569775	779900.0
2016-04-07	-0.0043549999999999995	0.107705	0.11051400000000002	0.09647	-0.21706	1177800.0
2016-04-06	0.013424	0.10976500000000002	0.12237200000000001	0.10366500000000001	0.660217	622000.0
2016-04-05	-0.012171	0.099673	0.10389100000000001	0.090434	-0.605953	537600.0
2016-04-04	-0.013263999999999998	0.10114	0.10728399999999999	0.090042	-0.669262	484600.0
2016-04-01	0.006132	0.096526	0.114871	0.08635599999999999	0.30749899999999997	610900.0
2016-03-31	0.011677	0.120627	0.130512	0.117601	0.578823	824600.0
2016-03-30	0.000365	0.10973499999999999	0.11578900000000002	0.10489200000000001	0.018085	567000.0
2016-03-29	0.00921	0.095719	0.12036300000000001	0.095108	0.45220200000000005	636200.0
2016-03-28	-0.001104	0.104275	0.107123	0.10224	-0.05426	484200.0
2016-03-24	0.010598999999999999	0.102204	0.11844600000000001	0.096036	0.51551	838200.0
2016-03-23	-0.010851999999999999	0.100208	0.101632	0.09065	-0.533596	760000.0
2016-03-22	-0.003848	0.09475900000000001	0.10468599999999999	0.090505	-0.18993	530500.0
2016-03-21	-0.007817000000000001	0.10188	0.10188	0.090825	-0.388889	735500.0
2016-03-18	0.0020039999999999997	0.106706	0.117783	0.10388599999999999	0.09948	1017800.0
2016-03-17	-0.025213	0.071931	0.085477	0.071146	-1.284252	1567200.0
2016-03-16	0.016423	0.105898	0.12665099999999999	0.105898	0.8230049999999999	749300.0
2016-03-15	-0.0027	0.093957	0.104903	0.092763	-0.13566199999999998	444300.0
2016-03-14	-0.0028710000000000003	0.099349	0.105699	0.096967	-0.144703	549900.0
2016-03-11	0.023512	0.120322	0.131899	0.11950999999999999	1.157643	582700.0
2016-03-10	-0.008379000000000001	0.107511	0.11194200000000001	0.08555900000000001	-0.41603100000000004	718300.0
2016-03-09	0.006047	0.114817	0.119274	0.11076400000000002	0.298454	322500.0
2016-03-08	-0.0054670000000000005	0.102475	0.104691	0.096429	-0.27132	401600.0
2016-03-07	-0.018074	0.075227	0.090265	0.07404	-0.913452	584300.0
2016-03-04	0.013053	0.107102	0.12233599999999999	0.106902	0.651172	682900.0
2016-03-03	-0.003073	0.095707	0.103301	0.094308	-0.153751	617400.0
2016-03-02	0.012258	0.10286700000000001	0.12087	0.10286700000000001	0.605953	801900.0
2016-03-01	0.021873	0.11624100000000001	0.132985	0.11148699999999999	1.058155	664500.0
2016-02-29	-0.015097999999999999	0.089412	0.100609	0.08819	-0.741611	617600.0
2016-02-26	-0.0009199999999999999	0.111597	0.112614	0.102851	-0.045224	404800.0
2016-02-25	0.003508	0.1008	0.10978099999999999	0.097126	0.17184100000000002	609600.0
2016-02-24	-0.004777	0.088635	0.102652	0.07786799999999999	-0.235146	594400.0
2016-02-23	-0.019278999999999998	0.08756900000000001	0.097929	0.082987	-0.9677120000000001	619800.0
2016-02-22	0.021347	0.114855	0.13133699999999998	0.114245	1.04911	735200.0
2016-02-19	0.0035090000000000004	0.10324900000000001	0.112641	0.098552	0.171837	563300.0
2016-02-18	-0.0016589999999999999	0.105903	0.10794100000000001	0.099991	-0.08139400000000001	710000.0
2016-02-17	0.012506999999999999	0.11003299999999999	0.122005	0.109001	0.60595	775500.0
2016-02-16	0.0067659999999999994	0.11193299999999999	0.11463399999999999	0.107153	0.32558400000000004	734800.0
2016-02-12	0.015652000000000003	0.117307	0.124905	0.111397	0.7416149999999999	511100.0
2016-02-11	-0.007012999999999999	0.084323	0.10066900000000001	0.078874	-0.334633	859000.0
2016-02-10	0.007639	0.10780999999999999	0.125549	0.10612100000000001	0.36175999999999997	516100.0
2016-02-09	-0.014122	0.08946	0.099453	0.085088	-0.678303	572200.0
2016-02-08	-0.012091	0.091919	0.09500399999999999	0.081224	-0.58786	474100.0
2016-02-05	-0.014302	0.102658	0.102658	0.085628	-0.705441	552600.0
2016-02-04	-0.013028999999999999	0.09589400000000001	0.103098	0.08609	-0.651169	778100.0
2016-02-03	0.027711000000000003	0.131609	0.136955	0.11700899999999999	1.347565	1067200.0
2016-02-02	-0.01466	0.107117	0.107117	0.086247	-0.723526	1024200.0
2016-02-01	0.000734	0.10063	0.10691500000000001	0.09434400000000001	0.036179	724100.0
2016-01-29	0.012064	0.122321	0.123552	0.11165	0.58786	1173400.0
2016-01-28	0.005787	0.125101	0.128197	0.10796900000000001	0.280369	713600.0
2016-01-27	-0.004275	0.10241099999999999	0.11638599999999999	0.094395	-0.208012	663100.0
2016-01-26	0.00976	0.107151	0.119395	0.105906	0.470287	703900.0
2016-01-25	-0.010952	0.09933600000000001	0.10652	0.09276799999999999	-0.5336	838000.0
2016-01-22	0.037357999999999995	0.13763699999999998	0.147644	0.136572	1.754547	1133600.0
2016-01-21	0.015447999999999998	0.11823900000000001	0.135752	0.11088800000000001	0.714482	826400.0
2016-01-20	-0.027201999999999997	0.073098	0.082983	0.05542999999999999	-1.293301	912000.0
2016-01-19	0.037702	0.15218800000000002	0.155898	0.14083900000000002	1.7274169999999998	1180200.0
2016-01-15	-0.032098	0.071898	0.077813	0.058801	-1.519401	910900.0
2016-01-14	0.012379000000000001	0.107624	0.12601600000000002	0.095433	0.578815	1197900.0
2016-01-13	-0.001738	0.123205	0.12875599999999998	0.102496	-0.081398	743200.0
2016-01-12	0.002711	0.114048	0.11747300000000001	0.105699	0.126621	901300.0
2016-01-11	0.002718	0.126735	0.127165	0.100547	0.126618	1704100.0
2016-01-08	0.002725	0.129591	0.130021	0.107421	0.126617	1318500.0
2016-01-07	-0.02653	0.086212	0.098156	0.075526	-1.266166	1774900.0
2016-01-06	-0.024765000000000002	0.08076900000000001	0.088125	0.077295	-1.211911	972300.0
2016-01-05	-0.017611	0.078398	0.088836	0.07699199999999999	-0.8772690000000001	1141100.0
2016-01-04	-0.022191	0.074489	0.083714	0.069385	-1.1305049999999999	920900.0
2015-12-31	-0.002303	0.103153	0.108049	0.100607	-0.117577	363600.0
2015-12-30	-0.007035	0.097726	0.106671	0.094809	-0.361763	349200.0
2015-12-29	0.010126000000000001	0.11434200000000001	0.11886	0.11041300000000001	0.515515	551700.0
2015-12-28	-0.014703	0.095248	0.096215	0.086538	-0.7597010000000001	1045700.0
2015-12-24	-0.004877	0.100499	0.10878	0.10030599999999999	-0.253235	278800.0
2015-12-23	0.011096	0.11056700000000001	0.11835699999999999	0.10959400000000001	0.569778	602100.0
2015-12-22	0.000176	0.106673	0.10862000000000001	0.101609	0.009041	839000.0
2015-12-21	0.002826	0.114684	0.114684	0.100621	0.14471099999999998	526500.0
2015-12-18	-0.008581	0.100664	0.105699	0.093306	-0.44316099999999997	761600.0
2015-12-17	-0.016535	0.099224	0.100176	0.087036	-0.868237	600100.0
2015-12-16	0.012733	0.11534200000000001	0.12344200000000001	0.106277	0.6602210000000001	700700.0
2015-12-15	0.008089	0.110948	0.126308	0.110948	0.41603100000000004	602800.0
2015-12-14	0.000704	0.101613	0.10706099999999999	0.087604	0.036167000000000005	612100.0
2015-12-11	-0.016271	0.095363	0.097852	0.08694199999999999	-0.8501350000000001	682400.0
2015-12-10	0.006620999999999999	0.11012999999999999	0.11590999999999999	0.10743299999999999	0.343677	548000.0
2015-12-09	-0.0065780000000000005	0.103593	0.111249	0.09211	-0.343677	732700.0
2015-12-08	-0.011634	0.087349	0.09623999999999999	0.08337699999999999	-0.6149979999999999	705900.0
2015-12-07	-0.004259000000000001	0.106452	0.107582	0.096846	-0.22610100000000002	1076300.0
2015-12-04	0.017684000000000002	0.11068299999999999	0.126977	0.10953299999999999	0.9224889999999999	501600.0
2015-12-03	-0.013341999999999998	0.10040299999999999	0.101727	0.088487	-0.705433	915100.0
2015-12-02	-0.005951	0.100622	0.107579	0.09629800000000001	-0.31654	796800.0
2015-12-01	0.023316999999999997	0.114934	0.133019	0.11377899999999999	1.211907	1064500.0
2015-11-30	-0.006053	0.094034	0.101874	0.0904	-0.316544	952000.0
2015-11-27	-0.008403	0.096407	0.101906	0.087116	-0.44316099999999997	456500.0
2015-11-25	-0.007996	0.10475799999999999	0.10475799999999999	0.09271900000000001	-0.425068	529100.0
2015-11-24	0.005474000000000001	0.107401	0.112319	0.10513099999999999	0.289406	704600.0
2015-11-23	-0.009824	0.10907	0.110568	0.0939	-0.524551	724300.0
2015-11-20	0.000508	0.109821	0.116754	0.105511	0.027134	472000.0
2015-11-19	0.004084	0.10438199999999999	0.11604600000000001	0.10419400000000001	0.217052	567400.0
2015-11-18	0.0029010000000000004	0.103057	0.10909500000000001	0.098717	0.153751	365500.0
2015-11-17	-0.003062	0.09967899999999999	0.105323	0.09667	-0.16279200000000002	465100.0
2015-11-16	0.022616999999999998	0.110893	0.130706	0.110508	1.175724	504500.0
2015-11-13	-0.028232999999999998	0.085884	0.08756599999999999	0.06906	-1.510357	991700.0
2015-11-12	0.010593	0.12213399999999999	0.128179	0.11703399999999999	0.560738	408600.0
2015-11-11	0.004807	0.11101400000000002	0.11708800000000001	0.10949500000000001	0.253227	498900.0
2015-11-10	-0.0020559999999999997	0.108919	0.108919	0.100584	-0.108528	434600.0
2015-11-09	-0.020802	0.09438400000000001	0.097723	0.07657699999999999	-1.121464	802100.0
2015-11-06	-0.023587	0.086863	0.08885499999999999	0.07635800000000001	-1.302341	663200.0
2015-11-05	-0.005862	0.104618	0.106599	0.095076	-0.325585	801900.0
2015-11-04	0.014036000000000002	0.12487000000000001	0.130895	0.119027	0.768742	794900.0
2015-11-03	0.000826	0.097111	0.11136300000000002	0.094735	0.045223	1111500.0
2015-11-02	0.0033159999999999995	0.10001499999999999	0.111382	0.099099	0.180878	1086700.0
2015-10-30	0.0038280000000000002	0.10404300000000001	0.11508499999999999	0.10109800000000001	0.208015	826400.0
2015-10-29	-0.008581	0.101867	0.101867	0.087818	-0.47029099999999996	1343900.0
2015-10-28	-0.007696	0.10678499999999999	0.110225	0.088499	-0.425071	740600.0
2015-10-27	0.004771	0.10551700000000001	0.110974	0.105153	0.262279	694800.0
2015-10-26	-0.008320999999999999	0.09289	0.102271	0.084952	-0.461246	764500.0
2015-10-23	0.008225	0.110974	0.119522	0.10679000000000001	0.452201	1086300.0
2015-10-22	-0.003932	0.089393	0.10841600000000001	0.086495	-0.217056	991400.0
2015-10-21	-0.014851	0.101237	0.102486	0.083389	-0.8320540000000001	908200.0
2015-10-20	0.008793	0.10858	0.13108599999999998	0.106959	0.48838000000000004	957300.0
2015-10-19	-0.000488	0.105879	0.110198	0.10335899999999999	-0.027132999999999997	347900.0
2015-10-16	0.0070480000000000004	0.10606099999999999	0.11530399999999999	0.10533599999999999	0.388896	643500.0
2015-10-15	0.017172	0.11786500000000001	0.125608	0.111045	0.931534	631800.0
2015-10-14	0.015749000000000003	0.108508	0.131352	0.107946	0.841103	808400.0
2015-10-13	-0.010722	0.100327	0.103476	0.093658	-0.578823	687100.0
2015-10-12	0.012209999999999999	0.12013599999999999	0.122761	0.11638599999999999	0.651169	667800.0
2015-10-09	-0.028341	0.084565	0.091306	0.07163	-1.555577	924500.0
2015-10-08	-0.004756	0.092462	0.102979	0.08557200000000001	-0.262275	852200.0
2015-10-07	0.012452	0.11891700000000001	0.130115	0.10918699999999999	0.6783020000000001	729100.0
2015-10-06	-0.023666999999999997	0.085625	0.088134	0.078276	-1.32043	694900.0
2015-10-05	0.007184	0.110392	0.113642	0.105699	0.397937	918900.0
2015-10-02	0.030451	0.115558	0.13936800000000002	0.10997699999999999	1.6369790000000002	1114900.0
2015-10-01	-0.001008	0.10941500000000001	0.11443299999999999	0.094921	-0.054268	645500.0
2015-09-30	0.003203	0.110919	0.131799	0.099547	0.17183299999999999	824200.0
2015-09-29	0.0037229999999999997	0.10887999999999999	0.116178	0.101021	0.19897	716100.0
2015-09-28	-0.019903999999999998	0.10258099999999999	0.10258099999999999	0.07892300000000001	-1.085285	895500.0
2015-09-25	-0.010666	0.11096099999999999	0.111142	0.091728	-0.58786	532200.0
2015-09-24	-0.001147	0.097362	0.105518	0.087938	-0.063309	827700.0
2015-09-23	-0.006352	0.10966	0.11002100000000001	0.09471399999999999	-0.35272600000000004	893600.0
2015-09-22	0.021800999999999997	0.13256400000000002	0.135876	0.12281099999999999	1.184777	1341700.0
2015-09-21	0.029644	0.137907	0.142454	0.131466	1.5646209999999998	759300.0
2015-09-18	-0.015519999999999999	0.09544	0.103274	0.086674	-0.832051	723200.0
2015-09-17	-0.02275	0.074529	0.100595	0.072889	-1.248081	798600.0
2015-09-16	0.037633	0.136717	0.14939000000000002	0.135393	1.989689	960700.0
2015-09-15	-0.0008550000000000001	0.102297	0.10834400000000001	0.09436	-0.045219	921100.0
2015-09-14	-0.020589	0.08996599999999999	0.09274299999999999	0.07923200000000001	-1.112423	868100.0
2015-09-11	0.00725	0.09992000000000001	0.114461	0.099733	0.388897	522100.0
2015-09-10	-0.005533	0.098468	0.10773800000000001	0.091794	-0.298451	651600.0
2015-09-09	0.003196	0.1256	0.128389	0.107001	0.171837	1045400.0
2015-09-08	0.044632	0.15058	0.16282	0.148054	2.297192	1627500.0
2015-09-04	-0.031814	0.084631	0.08594700000000001	0.063563	-1.691239	1048600.0
2015-09-03	0.009445	0.113104	0.128105	0.111205	0.49742200000000003	797100.0
2015-09-02	0.004728	0.11569600000000001	0.116077	0.099479	0.24781	1024800.0
2015-09-01	-0.014711000000000002	0.109622	0.116013	0.101727	-0.782593	988400.0
2015-08-31	0.0013390000000000001	0.12786	0.13275399999999998	0.11393099999999999	0.071144	836900.0
2015-08-28	-0.026083999999999996	0.093308	0.098624	0.090741	-1.422886	607700.0
2015-08-27	0.039309	0.158576	0.169245	0.144096	2.063187	965700.0
2015-08-26	0.0034	0.12504500000000002	0.13001600000000002	0.095796	0.17786400000000002	1183100.0
2015-08-25	0.01624	0.196937	0.196937	0.141957	0.835945	868600.0
2015-08-24	-0.07937000000000001	0.025028	0.07367699999999999	-0.016109000000000002	-4.437633	1599200.0
2015-08-21	0.002232	0.155125	0.162295	0.12626400000000002	0.1245	1176800.0
2015-08-20	-0.003811	0.1184	0.131972	0.11661500000000001	-0.21343600000000001	804100.0
2015-08-19	-0.023872	0.103555	0.103555	0.08682100000000001	-1.36953	893700.0
2015-08-18	-0.009670999999999999	0.11290599999999999	0.11791199999999999	0.11031700000000001	-0.560261	483000.0
2015-08-17	0.01829	0.13431600000000002	0.14539000000000002	0.133437	1.040486	480100.0
2015-08-14	0.003922999999999999	0.128531	0.131884	0.12517799999999998	0.22232800000000003	372100.0
2015-08-13	-0.012705	0.11436700000000001	0.11837400000000001	0.11018499999999999	-0.729233	401800.0
2015-08-12	-0.017357	0.103243	0.10563900000000001	0.092628	-1.0138049999999998	527600.0
2015-08-11	-0.005301	0.118341	0.12174700000000001	0.1117	-0.31126	441200.0
2015-08-10	0.016315	0.136241	0.144895	0.135375	0.9426610000000001	576000.0
2015-08-07	0.013256	0.136748	0.139904	0.132363	0.755909	443100.0
2015-08-06	-0.010494	0.121522	0.124645	0.109548	-0.604725	416900.0
2015-08-05	0.017588	0.147781	0.151136	0.1416	0.9960209999999999	442600.0
2015-08-04	-0.002194	0.128172	0.13011	0.117424	-0.1245	677000.0
2015-08-03	-0.018154	0.108556	0.109421	0.097484	-1.049381	455000.0
2015-07-31	0.014990999999999999	0.146596	0.155024	0.138519	0.853733	733700.0
2015-07-30	0.004549	0.131527	0.134702	0.12729400000000002	0.257904	404500.0
2015-07-29	0.009661	0.133376	0.145309	0.13284200000000002	0.542473	608600.0
2015-07-28	0.018059	0.140246	0.145866	0.13480599999999998	0.9960209999999999	758900.0
2015-07-27	-0.027137	0.096073	0.101365	0.087431	-1.538494	646900.0
2015-07-24	-0.009786	0.12779000000000001	0.12848900000000002	0.109276	-0.560265	479900.0
2015-07-23	-0.004331000000000001	0.12795	0.130211	0.11768900000000002	-0.249016	368100.0
2015-07-22	-0.012674	0.115543	0.115543	0.10644300000000001	-0.738117	465100.0
2015-07-21	0.033128	0.163143	0.168997	0.159417	1.8675389999999998	715500.0
2015-07-20	0.007790000000000001	0.13108599999999998	0.138058	0.12375699999999999	0.43576000000000004	577000.0
2015-07-17	0.001911	0.126621	0.127338	0.119815	0.10672000000000001	568200.0
2015-07-16	0.008028	0.13404100000000002	0.135305	0.128444	0.44465600000000005	479400.0
2015-07-15	0.006464	0.137919	0.143007	0.131195	0.355721	986200.0
2015-07-14	0.006834000000000001	0.12868	0.13581500000000002	0.12868	0.373508	807300.0
2015-07-13	0.0017929999999999999	0.137852	0.137852	0.125388	0.097824	1056300.0
2015-07-10	0.045857999999999996	0.180255	0.18140499999999998	0.164536	2.392239	1251400.0
2015-07-09	0.016285	0.152525	0.160707	0.14181	0.835945	1000000.0
2015-07-08	-0.053770000000000005	0.070645	0.08742	0.06069	-2.916923	1715600.0
2015-07-07	-0.026492	0.105808	0.106347	0.072788	-1.47625	1642500.0
2015-07-06	-0.031081	0.090044	0.094739	0.082393	-1.787506	905100.0
2015-07-02	0.01205	0.137318	0.15034	0.136966	0.684761	572200.0
2015-07-01	-0.002964	0.12412100000000001	0.126577	0.11833099999999999	-0.168961	540500.0
2015-06-30	0.008020999999999999	0.13702899999999998	0.137383	0.129424	0.453545	835900.0
2015-06-29	-0.015637	0.11698599999999999	0.123601	0.106366	-0.898201	688800.0
2015-06-26	-0.015546	0.108704	0.113846	0.104077	-0.9070889999999999	626300.0
2015-06-25	-0.013531999999999999	0.111453	0.11314400000000001	0.10638099999999999	-0.800385	637100.0
2015-06-24	-0.011004	0.11678	0.11678	0.107918	-0.658085	408900.0
2015-06-23	0.027344999999999998	0.156251	0.161576	0.153331	1.591858	864800.0
2015-06-22	0.017566	0.145273	0.147195	0.14055299999999998	1.004917	628100.0
2015-06-19	-0.001707	0.124472	0.129358	0.12220299999999999	-0.097824	685600.0
2015-06-18	-0.004326	0.1137	0.120649	0.112657	-0.249004	689700.0
2015-06-17	0.005281	0.13302999999999998	0.134602	0.123249	0.30236799999999997	667000.0
2015-06-16	-0.005561	0.11352899999999999	0.119956	0.11161900000000001	-0.320152	528800.0
2015-06-15	-0.015361000000000001	0.10565899999999999	0.10737000000000001	0.100529	-0.898201	746200.0
2015-06-12	0.005659	0.12481600000000001	0.131523	0.124472	0.329044	581400.0
2015-06-11	0.019651	0.141483	0.148497	0.138677	1.120522	873400.0
2015-06-10	-0.008045	0.10255299999999999	0.11768699999999999	0.10168300000000001	-0.462437	979800.0
2015-06-09	-0.015984	0.098453	0.10684	0.093831	-0.933773	1161800.0
2015-06-08	-0.004546	0.117315	0.122427	0.11492899999999999	-0.266788	693800.0
2015-06-05	-0.00106	0.118003	0.12481199999999999	0.114599	-0.062251999999999995	615000.0
2015-06-04	-0.007661	0.12328900000000001	0.12328900000000001	0.11332300000000001	-0.453549	457700.0
2015-06-03	0.010627	0.13847	0.141714	0.135397	0.622517	694300.0
2015-06-02	0.010106	0.12704100000000002	0.138422	0.126869	0.5860479999999999	685300.0
2015-06-01	0.005476	0.150031	0.154192	0.145003	0.315853	616500.0
2015-05-29	-0.016604	0.131276	0.13281099999999998	0.12053499999999999	-0.9738540000000001	976100.0
2015-05-28	-0.018788	0.114372	0.120227	0.11002200000000001	-1.1230129999999998	706100.0
2015-05-27	-0.001026	0.133785	0.14013599999999998	0.13161199999999998	-0.061401	417000.0
2015-05-26	-0.005541	0.140632	0.144455	0.12717	-0.333405	716800.0
2015-05-22	0.026032	0.168962	0.17424800000000001	0.165551	1.526589	883800.0
2015-05-21	0.000299	0.143895	0.145601	0.135708	0.017551	837200.0
2015-05-20	-0.018219	0.12205	0.124227	0.11836500000000001	-1.087909	1043600.0
2015-05-19	0.006358	0.145869	0.147722	0.138284	0.37725	790500.0
2015-05-18	-0.041117	0.109904	0.11071199999999999	0.090835	-2.5443	1397400.0
2015-05-15	0.036900999999999996	0.171807	0.183872	0.170466	2.202137	1311400.0
2015-05-14	0.001472	0.1445	0.150038	0.141144	0.087742	1048200.0
2015-05-13	-0.008033	0.132643	0.136472	0.12698299999999998	-0.48255200000000004	1030600.0
2015-05-12	-0.006673	0.139801	0.139801	0.125085	-0.403572	831700.0
2015-05-11	-0.02102	0.133002	0.133002	0.115034	-1.298477	1229800.0
2015-05-08	0.005857	0.144361	0.15315399999999998	0.14338399999999998	0.35972600000000005	803600.0
2015-05-07	-0.010181	0.118527	0.129647	0.11288599999999999	-0.63171	1081300.0
2015-05-06	-0.006881	0.13996199999999998	0.144763	0.127157	-0.429882	701000.0
2015-05-05	-0.020361	0.129295	0.133686	0.113302	-1.298481	880400.0
2015-05-04	0.009163	0.143441	0.153885	0.13996	0.579056	705100.0
2015-05-01	0.0084	0.141078	0.149535	0.139323	0.526405	337200.0
2015-04-30	-0.022043	0.11998299999999999	0.12013900000000001	0.10390999999999999	-1.412525	1023600.0
2015-04-29	-0.014172	0.131494	0.13534000000000002	0.11610999999999999	-0.921226	692400.0
2015-04-28	-0.01121	0.126872	0.129914	0.12048299999999999	-0.736954	947900.0
2015-04-27	-0.000933	0.13889	0.147704	0.13660999999999998	-0.061424	1278000.0
2015-04-24	0.009557	0.140415	0.150848	0.140262	0.622917	832600.0
2015-04-23	0.0	0.13151600000000002	0.140568	0.12353800000000001	0.0	869600.0
2015-04-22	-0.0016129999999999999	0.132449	0.138576	0.12816	-0.10528599999999999	995500.0
2015-04-21	0.04318	0.18773900000000002	0.195889	0.184543	2.702229	2072700.0
2015-04-20	0.05393	0.166747	0.21996500000000002	0.164389	3.2023080000000004	2022500.0
2015-04-17	-0.013123	0.132821	0.133319	0.114373	-0.789612	1322500.0
2015-04-16	-0.006375	0.125104	0.13633299999999998	0.12246099999999999	-0.38603200000000004	1100500.0
2015-04-15	-0.022795	0.10736500000000002	0.115595	0.102039	-1.412521	1403500.0
2015-04-14	0.00227	0.13689	0.143036	0.12621500000000002	0.140373	853500.0
2015-04-13	-0.014268000000000001	0.13836600000000002	0.14283099999999999	0.12210399999999999	-0.89489	894700.0
2015-04-10	-0.010245	0.127966	0.13112200000000002	0.12449500000000001	-0.649242	1055700.0
2015-04-09	0.004031	0.135999	0.145188	0.121898	0.254436	1722000.0
2015-04-08	0.079046	0.21228899999999998	0.23143699999999998	0.208186	4.623616	2326100.0
2015-04-07	0.00015	0.14236600000000002	0.150573	0.13928800000000002	0.008762	681500.0
2015-04-06	0.005278	0.145989	0.155443	0.144958	0.307083	539900.0
2015-04-02	0.015156000000000001	0.15445899999999999	0.17068699999999998	0.154284	0.868569	860200.0
2015-04-01	0.00446	0.143657	0.14733800000000002	0.140152	0.254432	806700.0
2015-03-31	-0.000615	0.140502	0.142954	0.136999	-0.035095	769800.0
2015-03-30	0.012763	0.146897	0.15700899999999998	0.14636500000000002	0.719418	768100.0
2015-03-27	-0.006802	0.13803900000000002	0.140682	0.128877	-0.386029	843500.0
2015-03-26	-0.006603	0.140501	0.141902	0.131575	-0.377262	841000.0
2015-03-25	0.007581999999999999	0.158672	0.166608	0.14791400000000002	0.42990500000000004	1213500.0
2015-03-24	0.009370999999999999	0.158848	0.16009500000000002	0.150482	0.526409	1084800.0
2015-03-23	0.0048649999999999995	0.14946099999999998	0.15196500000000002	0.145346	0.271973	420400.0
2015-03-20	-0.012705	0.122494	0.13256099999999998	0.119492	-0.719421	1394800.0
2015-03-19	-0.042291	0.092782	0.099885	0.085847	-2.500439	1379500.0
2015-03-18	0.022921	0.146895	0.168694	0.144819	1.324799	844000.0
2015-03-17	-0.009621	0.124551	0.13311900000000002	0.122324	-0.561505	490300.0
2015-03-16	0.043778	0.177181	0.19220399999999999	0.176823	2.447796	1136400.0
2015-03-13	-0.003128	0.138732	0.142119	0.13356099999999999	-0.175468	1039200.0
2015-03-12	0.004399	0.150725	0.15376900000000002	0.143025	0.245651	852100.0
2015-03-11	0.00331	0.134411	0.150222	0.129201	0.184246	1131000.0
2015-03-10	-0.030562	0.11663599999999999	0.118726	0.10444400000000001	-1.7547	1137700.0
2015-03-09	0.016781	0.15768800000000002	0.166189	0.154323	0.9475399999999999	846200.0
2015-03-06	-0.023219999999999998	0.126654	0.126827	0.109875	-1.3423379999999998	1435300.0
2015-03-05	0.010273000000000001	0.155355	0.160249	0.149763	0.5878220000000001	1761200.0
2015-03-04	0.007259000000000001	0.139273	0.149483	0.139273	0.41235	906500.0
2015-03-03	-0.039317000000000005	0.11663299999999999	0.11967699999999999	0.08687	-2.324963	1883800.0
2015-03-02	-0.005166	0.13256700000000002	0.135595	0.12903399999999998	-0.30707199999999996	1671000.0
2015-02-27	-0.012535	0.129834	0.130332	0.12285599999999999	-0.754516	950800.0
2015-02-26	0.0068980000000000005	0.147161	0.151176	0.14482	0.41235299999999997	542900.0
2015-02-25	-0.007718000000000001	0.139801	0.139801	0.12668900000000002	-0.464996	775700.0
2015-02-24	0.018088	0.151292	0.163459	0.14977200000000002	1.070373	1141200.0
2015-02-23	-0.013888999999999999	0.127304	0.130303	0.12197100000000001	-0.8334879999999999	862600.0
2015-02-20	0.00603	0.138963	0.14701	0.134102	0.359718	999500.0
2015-02-19	-0.0022010000000000003	0.138965	0.140638	0.134783	-0.131607	810600.0
2015-02-18	-0.008296	0.13930399999999998	0.143285	0.12736	-0.500084	1054000.0
2015-02-17	0.000145	0.14461300000000002	0.145608	0.13764400000000002	0.008766	550700.0
2015-02-13	-0.003192	0.142448	0.142448	0.133186	-0.193012	744900.0
2015-02-12	0.034524	0.16888699999999998	0.180008	0.152804	2.017895	1534900.0
2015-02-11	-0.002246	0.12495	0.138436	0.12273099999999999	-0.131599	2012400.0
2015-02-10	-0.002838	0.140482	0.141163	0.132992	-0.166699	767800.0
2015-02-09	-0.010784	0.12868800000000002	0.131719	0.126331	-0.640461	512900.0
2015-02-06	-0.025623000000000003	0.11978499999999999	0.120933	0.10928399999999999	-1.56168	902300.0
2015-02-05	0.018472	0.165201	0.16536800000000001	0.15801600000000002	1.105461	1244800.0
2015-02-04	0.019124000000000002	0.16773	0.175223	0.159386	1.122998	1187600.0
2015-02-03	-0.003721	0.13131800000000002	0.14166800000000002	0.128943	-0.219334	770800.0
2015-02-02	0.028475	0.166674	0.175224	0.164929	1.6318629999999998	837300.0
2015-01-30	-0.026237	0.119072	0.124339	0.107857	-1.544125	892800.0
2015-01-29	0.023809	0.167113	0.169201	0.153544	1.3686559999999999	1059000.0
2015-01-28	-0.005011	0.149321	0.151918	0.130974	-0.289524	1162600.0
2015-01-27	-0.011558	0.12628499999999998	0.130563	0.12063900000000001	-0.675556	617300.0
2015-01-26	-0.006561	0.139291	0.139461	0.129773	-0.38603200000000004	1016000.0
2015-01-23	-0.0038619999999999995	0.13861600000000002	0.140648	0.130828	-0.228104	1038600.0
2015-01-22	0.00869	0.14338800000000002	0.15261	0.14031400000000002	0.508854	866500.0
2015-01-21	0.051686	0.171952	0.200689	0.171233	2.877697	1680500.0
2015-01-20	0.0073019999999999995	0.15065699999999999	0.152104	0.145772	0.40357600000000005	818800.0
2015-01-16	0.005104999999999999	0.14471099999999998	0.145984	0.137256	0.28075	895500.0
2015-01-15	0.008041	0.158499	0.161248	0.148783	0.438675	648500.0
2015-01-14	-0.017072	0.117099	0.12376600000000001	0.111694	-0.9475319999999999	675600.0
2015-01-13	0.03637	0.170985	0.18928499999999998	0.169492	1.9477080000000002	1185200.0
2015-01-12	0.001477	0.14821700000000002	0.149526	0.13961400000000002	0.07896	494300.0
2015-01-09	0.005444	0.15145899999999998	0.155407	0.145818	0.28952	800700.0
2015-01-08	0.017626	0.155874	0.164293	0.154726	0.921215	641600.0
2015-01-07	0.050617	0.182619	0.20091199999999998	0.182016	2.517983	1012100.0
2015-01-06	-0.015967	0.13268	0.139406	0.119229	-0.80716	896500.0
2015-01-05	-0.014874	0.132201	0.133955	0.120314	-0.7632899999999999	791700.0
2015-01-02	-0.00561	0.143289	0.143289	0.131275	-0.28952	540600.0
2014-12-31	0.0034119999999999997	0.14019	0.151662	0.13941199999999998	0.175464	781600.0
2014-12-30	-0.018912	0.11423900000000001	0.119771	0.114049	-0.991397	665000.0
2014-12-29	0.0038640000000000002	0.142674	0.146695	0.139035	0.201786	812200.0
2014-12-26	0.006255	0.15579500000000002	0.17005499999999998	0.145775	0.324619	825700.0
2014-12-24	-0.000338	0.134986	0.140765	0.131711	-0.017544	200100.0
2014-12-23	-0.012846000000000002	0.127251	0.129153	0.117933	-0.675556	832200.0
2014-12-22	0.029013	0.15839	0.18265399999999998	0.15839	1.482712	1786100.0
2014-12-19	-0.003592	0.134732	0.14818499999999998	0.134732	-0.18424300000000002	1309500.0
2014-12-18	0.014402000000000002	0.149097	0.15680999999999998	0.147119	0.7281989999999999	641500.0
2014-12-17	0.014256	0.140403	0.164274	0.137795	0.710648	1050300.0
2014-12-16	-0.004032	0.125616	0.147593	0.119423	-0.20179	930800.0
2014-12-15	-0.012121	0.136051	0.139604	0.117499	-0.614143	1078200.0
2014-12-12	-0.01113	0.135507	0.13824	0.126334	-0.570278	717900.0
2014-12-11	0.0036090000000000002	0.145482	0.148616	0.14156400000000002	0.18425	914400.0
2014-12-10	-0.012222	0.144058	0.144058	0.12470999999999999	-0.631691	616900.0
2014-12-09	-0.021429	0.113673	0.11613399999999999	0.104396	-1.131775	873300.0
2014-12-08	-0.019704	0.12550999999999998	0.13126300000000002	0.116972	-1.061592	861600.0
2014-12-05	0.012029999999999999	0.149005	0.153514	0.142431	0.640464	1135100.0
2014-12-04	0.030746	0.173877	0.176781	0.167294	1.5879940000000001	1000600.0
2014-12-03	-0.017851	0.122877	0.126871	0.11926400000000001	-0.9387549999999999	1032400.0
2014-12-02	0.006887000000000001	0.154353	0.154353	0.14497100000000002	0.359707	662200.0
2014-12-01	-0.035483	0.10711400000000001	0.10951500000000002	0.095111	-1.9213830000000003	818700.0
2014-11-28	-0.007558	0.130454	0.13357	0.126422	-0.412354	221600.0
2014-11-26	0.00355	0.139249	0.144215	0.137962	0.193009	450300.0
2014-11-25	-0.009272	0.13251300000000002	0.138526	0.128686	-0.508854	597600.0
2014-11-24	0.0	0.14053	0.142717	0.135428	0.0	1081900.0
2014-11-21	0.029291	0.164372	0.178814	0.164372	1.561676	792000.0
2014-11-20	-0.000986	0.128371	0.141488	0.127247	-0.052642999999999995	738600.0
2014-11-19	-0.007991	0.126046	0.133667	0.12381600000000001	-0.42989700000000003	541800.0
2014-11-18	0.001797	0.14576	0.145946	0.13645	0.09650800000000001	967700.0
2014-11-17	-0.031027	0.101549	0.108225	0.098482	-1.719597	690900.0
2014-11-14	0.027656	0.158158	0.171323	0.158158	1.491482	824300.0
2014-11-13	-0.0013	0.12832000000000002	0.139431	0.127579	-0.07018300000000001	500500.0
2014-11-12	0.009512999999999999	0.148027	0.154383	0.145036	0.508861	480300.0
2014-11-11	-0.027281	0.116343	0.116889	0.106887	-1.500263	809500.0
2014-11-10	0.008366	0.13888499999999998	0.159422	0.13888499999999998	0.45622299999999993	1063500.0
2014-11-07	-0.005281	0.133053	0.13414700000000002	0.126669	-0.289532	481000.0
2014-11-06	0.009858	0.15159	0.154721	0.145511	0.535187	516100.0
2014-11-05	-0.003863	0.134664	0.138701	0.131178	-0.21056	486000.0
2014-11-04	0.005178	0.139801	0.14681	0.13851	0.280746	461900.0
2014-11-03	-0.004671	0.135212	0.136864	0.123647	-0.25442800000000004	842000.0
2014-10-31	0.019540000000000002	0.160576	0.171057	0.15645799999999999	1.044036	736400.0
2014-10-30	0.003295	0.135483	0.147876	0.13398	0.175473	587900.0
2014-10-29	0.022919	0.158625	0.173992	0.156128	1.193191	1229900.0
2014-10-28	0.034519	0.170403	0.179146	0.16742200000000002	1.7371450000000002	511000.0
2014-10-27	-0.017135	0.12085699999999999	0.125935	0.11616900000000001	-0.877346	588700.0
2014-10-24	0.024038999999999998	0.154601	0.173801	0.147601	1.201957	766400.0
2014-10-23	-0.020117	0.1204	0.127651	0.110601	-1.026489	1277900.0
2014-10-22	-0.010716	0.13805599999999998	0.13805599999999998	0.127199	-0.55273	600700.0
2014-10-21	-0.013756	0.129858	0.131197	0.122019	-0.719422	869000.0
2014-10-20	-0.007326999999999999	0.132589	0.137903	0.127843	-0.38602800000000004	632700.0
2014-10-17	0.018833000000000003	0.150631	0.165521	0.149857	0.9738540000000001	883900.0
2014-10-16	-0.002707	0.12186500000000001	0.145201	0.11935799999999999	-0.140377	755000.0
2014-10-15	-0.007723000000000001	0.131955	0.134443	0.112435	-0.40358	884600.0
2014-10-14	-0.008655	0.13505799999999998	0.141509	0.12803900000000001	-0.456226	608700.0
2014-10-13	0.028239	0.175304	0.189154	0.171793	1.4476280000000001	1175800.0
2014-10-10	-0.030206999999999998	0.122965	0.123154	0.105371	-1.596768	1177000.0
2014-10-09	0.001662	0.153255	0.15534	0.137527	0.08773099999999999	937700.0
2014-10-08	0.015875999999999998	0.139416	0.158281	0.13652899999999998	0.824707	882900.0
2014-10-07	0.000169	0.151353	0.153279	0.139994	0.008773999999999999	560900.0
2014-10-06	-0.002696	0.139801	0.14537	0.135193	-0.140381	734600.0
2014-10-03	0.036132	0.18575899999999998	0.187948	0.178	1.816112	1045700.0
2014-10-02	-0.007622	0.131904	0.14177599999999999	0.113542	-0.386036	1086500.0
2014-10-01	-0.017362	0.135727	0.139801	0.117102	-0.894893	988800.0
2014-09-30	-0.009776	0.11405799999999999	0.13154100000000002	0.111177	-0.508858	1384700.0
2014-09-29	-0.016412	0.11920499999999999	0.12846400000000002	0.118449	-0.868568	957200.0
2014-09-26	0.007853	0.13808800000000002	0.155799	0.13808800000000002	0.412357	971900.0
2014-09-25	-0.031554	0.118591	0.118591	0.101255	-1.7108349999999999	985600.0
2014-09-24	0.016280000000000003	0.147111	0.159857	0.14355	0.8685729999999999	992900.0
2014-09-23	-0.0040939999999999995	0.139801	0.147268	0.13513499999999998	-0.219334	1200100.0
2014-09-22	-0.006023	0.135719	0.138874	0.129968	-0.324619	785400.0
2014-09-19	-0.002598	0.145353	0.15109	0.136285	-0.140377	1404100.0
2014-09-18	0.002768	0.138317	0.14388399999999998	0.131822	0.149151	890500.0
2014-09-17	-0.010631999999999999	0.135578	0.138883	0.126582	-0.579052	1135700.0
2014-09-16	-0.016477000000000002	0.10458900000000002	0.12427200000000001	0.097366	-0.912438	2054600.0
2014-09-15	-0.011588	0.136053	0.136053	0.125344	-0.649235	1282700.0
2014-09-12	-0.00746	0.131652	0.13802999999999999	0.127932	-0.42112299999999997	918300.0
2014-09-11	0.007201000000000001	0.147295	0.153362	0.146225	0.40357600000000005	868700.0
2014-09-10	-0.01435	0.12327	0.125556	0.111838	-0.81593	1459900.0
2014-09-09	-0.001233	0.138396	0.141031	0.13347799999999999	-0.070186	810800.0
2014-09-08	-0.000308	0.144191	0.15104	0.138923	-0.017555	1024400.0
2014-09-05	0.006045	0.139801	0.150401	0.138918	0.34216599999999997	1086400.0
2014-09-04	0.004515	0.146545	0.151513	0.142818	0.254429	867600.0
2014-09-03	0.029492	0.187118	0.187118	0.16026300000000002	1.614327	2108400.0
2014-09-02	0.018014	0.15959	0.171678	0.15884600000000001	0.9685819999999999	1360900.0
2014-08-29	0.005489	0.163898	0.16483299999999998	0.156418	0.293537	742700.0
2014-08-28	0.003239	0.151722	0.168043	0.148532	0.172672	1039200.0
2014-08-27	0.020159	0.16881400000000002	0.183551	0.16881400000000002	1.053276	1249500.0
2014-08-26	-0.008519	0.147851	0.152975	0.14310699999999998	-0.44893999999999995	1094400.0
2014-08-25	0.001641	0.159428	0.160189	0.155817	0.08633400000000001	548800.0
2014-08-22	0.007606	0.169204	0.172268	0.164608	0.39714099999999997	747900.0
2014-08-21	-0.01128	0.15525799999999998	0.15772	0.145033	-0.595707	1248000.0
2014-08-20	-0.000654	0.151475	0.159234	0.14977200000000002	-0.034535	939300.0
2014-08-19	-0.011626000000000001	0.156418	0.156418	0.139398	-0.6216079999999999	1517000.0
2014-08-18	0.034408	0.196981	0.20336600000000002	0.193886	1.778484	2243400.0
2014-08-15	0.02605	0.189255	0.20057	0.180124	1.312283	2125200.0
2014-08-14	0.031830000000000004	0.165252	0.205398	0.165252	1.5540200000000002	2880600.0
2014-08-13	0.02168	0.171681	0.183818	0.171053	1.036014	1584700.0
2014-08-12	0.0023539999999999998	0.15619	0.162064	0.153673	0.11223599999999999	645200.0
2014-08-11	-0.002168	0.15473	0.15766	0.149079	-0.103603	1029300.0
2014-08-08	0.006914	0.162924	0.166718	0.158499	0.328071	793900.0
2014-08-07	0.012341	0.17812999999999998	0.182823	0.16852899999999998	0.578438	1367500.0
2014-08-06	-0.010029000000000001	0.14793800000000001	0.151107	0.143503	-0.474842	981900.0
2014-08-05	-0.00182	0.162083	0.16355899999999998	0.15048699999999998	-0.08632999999999999	1086200.0
2014-08-04	0.007334	0.16211	0.16805699999999998	0.161261	0.345333	999100.0
2014-08-01	0.000918	0.163602	0.169129	0.15595	0.043171	1612000.0
2014-07-31	-0.011967	0.15723800000000002	0.158288	0.14316600000000002	-0.569802	1752900.0
2014-07-30	0.004737	0.172004	0.17516900000000002	0.158921	0.224465	966700.0
2014-07-29	-0.000546	0.158077	0.16567	0.155757	-0.025894	1017500.0
2014-07-28	0.009002	0.163608	0.17361	0.163608	0.42303	1056500.0
2014-07-25	-0.007657	0.147307	0.150263	0.142239	-0.362598	848700.0
2014-07-24	0.007531	0.165522	0.171267	0.16382	0.35397	908500.0
2014-07-23	0.008334999999999999	0.162793	0.170087	0.162793	0.3885	864200.0
2014-07-22	0.018871000000000002	0.172933	0.185611	0.171621	0.863342	893200.0
2014-07-21	0.005312	0.15631	0.164441	0.153893	0.241738	467500.0
2014-07-18	0.002472	0.159389	0.166879	0.158728	0.112228	480800.0
2014-07-17	-0.00755	0.15325899999999998	0.155446	0.147356	-0.345329	709600.0
2014-07-16	0.009335	0.163142	0.171969	0.162922	0.423034	1007900.0
2014-07-15	0.025195	0.180006	0.190638	0.180006	1.113716	1426600.0
2014-07-14	0.029974	0.181589	0.197666	0.180424	1.286381	1869900.0
2014-07-11	0.008112000000000001	0.159462	0.171677	0.155704	0.345333	815800.0
2014-07-10	0.002236	0.150284	0.160878	0.148871	0.094975	579600.0
2014-07-09	0.0018329999999999998	0.155693	0.16159	0.155693	0.077698	421100.0
2014-07-08	-0.001829	0.157111	0.1597	0.15146099999999998	-0.077698	595500.0
2014-07-07	0.00020299999999999997	0.157581	0.159936	0.155698	0.008631999999999999	569900.0
2014-07-03	0.001221	0.158052	0.161824	0.154751	0.0518	258700.0
2014-07-02	0.009451000000000001	0.169949	0.171853	0.16661700000000002	0.39713699999999996	466300.0
2014-07-01	0.001234	0.159003	0.16281500000000002	0.158526	0.0518	427000.0
2014-06-30	-0.001233	0.151862	0.15805	0.14995799999999998	-0.0518	680800.0
2014-06-27	0.003505	0.16306400000000001	0.16306400000000001	0.154705	0.146767	418500.0
2014-06-26	0.007268999999999999	0.165023	0.170797	0.163821	0.302173	656100.0
2014-06-25	0.005009	0.161189	0.16554100000000002	0.15973800000000002	0.20719899999999997	551900.0
2014-06-24	-0.0010429999999999999	0.156114	0.16384300000000002	0.155631	-0.043167000000000004	727400.0
2014-06-23	-0.017414	0.13859100000000002	0.140015	0.12933699999999998	-0.733841	1223400.0
2014-06-20	0.00082	0.16351300000000002	0.164225	0.154725	0.034535	797400.0
2014-06-19	-0.004693999999999999	0.155924	0.156869	0.15143299999999998	-0.198571	356300.0
2014-06-18	0.0036869999999999997	0.159	0.16255799999999998	0.156153	0.155404	358600.0
2014-06-17	0.001847	0.158288	0.161853	0.156386	0.077697	450500.0
2014-06-16	-0.001434	0.157576	0.157576	0.15021800000000002	-0.06043200000000001	623600.0
2014-06-13	0.0032890000000000003	0.161145	0.16233599999999998	0.158288	0.13813399999999998	400000.0
2014-06-12	0.001854	0.16759200000000002	0.169024	0.158526	0.07770099999999999	469200.0
2014-06-11	-0.014213	0.144647	0.144647	0.13618	-0.6043430000000001	929300.0
2014-06-10	0.003259	0.167962	0.170557	0.160175	0.13814200000000001	970400.0
2014-06-09	0.0032700000000000003	0.16231199999999998	0.164916	0.158998	0.13813399999999998	673800.0
2014-06-06	-0.006901000000000001	0.153821	0.155937	0.15006	-0.293537	666000.0
2014-06-05	0.003871	0.165132	0.16702	0.160176	0.164035	474800.0
2014-06-04	-0.008284999999999999	0.15033	0.152671	0.146585	-0.353977	974900.0
2014-06-03	0.0046689999999999995	0.163931	0.16981	0.157818	0.198574	1461400.0
2014-06-02	0.004077	0.163246	0.168204	0.16064900000000001	0.17266900000000002	493200.0
2014-05-30	-0.0008150000000000001	0.158288	0.160647	0.155693	-0.034531	681100.0
2014-05-29	0.004912	0.167533	0.167533	0.159947	0.20719899999999997	738400.0
2014-05-28	-0.001227	0.157814	0.160182	0.154026	-0.051802999999999995	773800.0
2014-05-27	-0.000817	0.156159	0.158288	0.151427	-0.034526999999999995	1047100.0
2014-05-23	-0.009507999999999999	0.149149	0.150789	0.14376	-0.405773	1147500.0
2014-05-22	-0.00419	0.15576800000000002	0.16206800000000002	0.147367	-0.179577	2009000.0
2014-05-21	0.003961999999999999	0.186585	0.193379	0.18424300000000002	0.16912	1134300.0
2014-05-20	-0.001187	0.179327	0.184943	0.174647	-0.050731	1266700.0
2014-05-19	0.017925	0.191415	0.206421	0.18641300000000002	0.752567	1981300.0
2014-05-16	0.014093000000000001	0.188641	0.20554899999999998	0.188641	0.583462	1510500.0
2014-05-15	-0.000612	0.181396	0.185499	0.177533	-0.025368	1228500.0
2014-05-14	0.000204	0.182844	0.189363	0.175601	0.008457	2053200.0
2014-05-13	0.0010220000000000001	0.17656	0.18792	0.173177	0.042279000000000004	1743000.0
2014-05-12	0.015988	0.196845	0.202984	0.191197	0.651107	2242900.0
2014-05-09	-0.0006230000000000001	0.17524	0.184566	0.17180499999999999	-0.025366999999999997	1644500.0
2014-05-08	0.018601	0.20535	0.20984899999999998	0.20135	0.744121	1161000.0
2014-05-07	0.008957	0.184873	0.195717	0.184368	0.355152	1218200.0
2014-05-06	-0.001916	0.18361	0.185623	0.179582	-0.076103	702700.0
2014-05-05	-0.002336	0.180091	0.184612	0.177329	-0.093021	819000.0
2014-05-02	0.000637	0.185115	0.190895	0.179838	0.025366999999999997	1082000.0
2014-05-01	-0.007801000000000001	0.184348	0.184348	0.17113299999999998	-0.31287	1267400.0
2014-04-30	0.011301	0.189663	0.199245	0.186133	0.44816999999999996	1311000.0
2014-04-29	0.03532	0.22385	0.23455399999999998	0.222545	1.352947	1278200.0
2014-04-28	0.011838	0.193433	0.198187	0.191055	0.448162	887200.0
2014-04-25	-0.007317000000000001	0.168705	0.17526	0.166607	-0.279045	1241200.0
2014-04-24	0.00022200000000000003	0.183127	0.18811	0.17368499999999998	0.008461	1302500.0
2014-04-23	-0.027393999999999998	0.155308	0.156328	0.143574	-1.073909	1439900.0
2014-04-22	-0.006642	0.167906	0.178802	0.166892	-0.262131	1246600.0
2014-04-21	-0.0049039999999999995	0.179325	0.183107	0.172516	-0.194485	566000.0
2014-04-17	0.004928	0.179562	0.191978	0.177028	0.194485	919700.0
2014-04-16	0.0015019999999999999	0.181841	0.185902	0.178034	0.059189	624800.0
2014-04-15	-0.0175	0.16614600000000002	0.17013599999999998	0.151435	-0.7018439999999999	706900.0
2014-04-14	-0.006909	0.17641199999999999	0.178393	0.168241	-0.279041	781100.0
2014-04-11	-0.005	0.17693599999999998	0.179646	0.172994	-0.20294600000000002	955900.0
2014-04-10	0.012445	0.201311	0.21203699999999998	0.195324	0.498906	2859100.0
2014-04-09	0.016291	0.200855	0.202122	0.189447	0.6426430000000001	1600900.0
2014-04-08	0.015013	0.20061400000000001	0.210907	0.198041	0.583465	1726900.0
2014-04-07	0.007232	0.196598	0.19893	0.190118	0.279041	1352600.0
2014-04-04	-0.009981	0.181576	0.184398	0.168747	-0.388977	884700.0
2014-04-03	0.0072120000000000005	0.191389	0.193974	0.183636	0.279053	1399100.0
2014-04-02	0.002849	0.188823	0.1896	0.181307	0.10992400000000001	1450200.0
2014-04-01	0.000877	0.18571500000000002	0.187272	0.177155	0.033822000000000005	1024400.0
2014-03-31	0.0033009999999999997	0.19015	0.19353299999999998	0.184685	0.12684600000000001	1180200.0
2014-03-28	0.022042	0.204414	0.21665	0.196434	0.828678	2383200.0
2014-03-27	0.019725	0.20294600000000002	0.218677	0.20158900000000002	0.7272109999999999	1544100.0
2014-03-26	-0.004111999999999999	0.18449300000000002	0.18854500000000002	0.1772	-0.15220999999999998	1808300.0
2014-03-25	0.015541999999999999	0.19769	0.20509699999999997	0.19220399999999999	0.566547	1470400.0
2014-03-24	0.037545	0.223873	0.230419	0.21874899999999997	1.319122	2301100.0
2014-03-21	-0.031694	0.15256199999999998	0.157247	0.13960899999999998	-1.150001	4505600.0
2014-03-20	-0.038539	0.155309	0.155839	0.136496	-1.454426	2757100.0
2014-03-19	-0.016743	0.171139	0.174265	0.157591	-0.6426390000000001	1361100.0
2014-03-18	0.014528	0.190797	0.202427	0.190268	0.549625	1626200.0
2014-03-17	-0.002897	0.176804	0.182075	0.174959	-0.10992400000000001	1455500.0
2014-03-14	0.000446	0.182075	0.19104000000000002	0.177065	0.016918	943000.0
2014-03-13	-0.00884	0.188875	0.19331800000000002	0.169535	-0.33823800000000004	1174800.0
2014-03-12	-0.008762	0.170945	0.172499	0.160583	-0.33824099999999996	1421700.0
2014-03-11	-0.006313	0.187494	0.19006800000000001	0.174623	-0.24522	975400.0
2014-03-10	-0.020469	0.165961	0.165961	0.151336	-0.811768	1314200.0
2014-03-07	-0.020877	0.174455	0.174455	0.156185	-0.8455959999999999	1346000.0
2014-03-06	0.005247	0.184836	0.196501	0.180617	0.21139899999999998	1045700.0
2014-03-05	-0.005219	0.176183	0.17766500000000002	0.170505	-0.21139899999999998	797200.0
2014-03-04	0.002721	0.18582100000000001	0.187801	0.179384	0.109928	988200.0
2014-03-03	0.004627	0.17663399999999999	0.18882000000000002	0.1734	0.186031	1458600.0
2014-02-28	-0.007928	0.17791500000000002	0.179395	0.170512	-0.321327	1410900.0
2014-02-27	0.011608	0.188094	0.197579	0.182852	0.46508	951000.0
2014-02-26	0.006372	0.187375	0.193906	0.183105	0.25367399999999996	1201700.0
2014-02-25	-0.01217	0.177392	0.17788800000000002	0.16697	-0.49044399999999994	1548200.0
2014-02-24	-0.004386999999999999	0.179144	0.181861	0.173956	-0.177574	1103100.0
2014-02-21	0.006942	0.186334	0.194045	0.184344	0.279045	969300.0
2014-02-20	-0.00147	0.178628	0.184838	0.174902	-0.059192999999999996	1049400.0
2014-02-19	0.00042	0.179869	0.18633	0.17663800000000002	0.016911000000000002	1140500.0
2014-02-18	-0.010191	0.172764	0.175224	0.167107	-0.414338	857900.0
2014-02-14	0.013064	0.191324	0.200543	0.190327	0.52427	808400.0
2014-02-13	-0.004405	0.175904	0.18037	0.168462	-0.177575	697000.0
2014-02-12	-0.011816	0.171816	0.177209	0.166913	-0.48199	914600.0
2014-02-11	0.017506999999999998	0.194077	0.2063	0.194077	0.701847	780100.0
2014-02-10	-0.002315	0.188326	0.189322	0.177128	-0.09301799999999999	1267900.0
2014-02-07	0.00359	0.182603	0.186849	0.173861	0.143753	1487500.0
2014-02-06	0.010457	0.184369	0.199259	0.181088	0.414337	1415800.0
2014-02-05	-0.005096	0.178836	0.182603	0.174317	-0.202942	614500.0
2014-02-04	0.006841	0.178811	0.192967	0.178052	0.270592	991900.0
2014-02-03	-0.022362	0.182603	0.182603	0.155416	-0.9047850000000001	1155400.0
2014-01-31	-0.0008349999999999999	0.17593499999999998	0.185319	0.170255	-0.033829000000000005	953700.0
2014-01-30	0.005459	0.189803	0.19178900000000002	0.18434	0.21985300000000002	617400.0
2014-01-29	-0.012645	0.17059000000000002	0.175003	0.16642300000000002	-0.515808	1133500.0
2014-01-28	-0.00495	0.17211300000000002	0.181627	0.171138	-0.202935	1126600.0
2014-01-27	-0.001442	0.180654	0.188936	0.175539	-0.059196000000000006	1393200.0
2014-01-24	-0.019984000000000002	0.169712	0.17114400000000002	0.155628	-0.8371360000000001	1430500.0
2014-01-23	-0.016868	0.16758199999999998	0.168756	0.15678699999999998	-0.718753	1271700.0
2014-01-22	0.005186	0.185198	0.19203900000000002	0.182367	0.219852	655300.0
2014-01-21	-0.000598	0.18118800000000002	0.18307400000000001	0.17553	-0.025371	1061000.0
2014-01-17	-0.000199	0.185667	0.185667	0.17741700000000002	-0.008458	782600.0
2014-01-16	-0.004366	0.178378	0.18166400000000002	0.17697000000000002	-0.186023	1038200.0
2014-01-15	-0.0017829999999999999	0.171592	0.189865	0.171123	-0.07610399999999999	1433600.0
2014-01-14	0.010813	0.186155	0.197048	0.18473399999999998	0.45661999999999997	1071400.0
2014-01-13	-0.011089	0.182603	0.186115	0.169489	-0.473534	865100.0
2014-01-10	0.013853	0.190675	0.19946	0.188538	0.583458	932000.0
2014-01-09	-0.008362	0.180248	0.180484	0.166828	-0.355148	1395700.0
2014-01-08	-0.007312000000000001	0.184005	0.185407	0.171852	-0.312866	1136700.0
2014-01-07	0.002973	0.183775	0.190807	0.182134	0.126834	745600.0
2014-01-06	-0.003949	0.182603	0.184003	0.174897	-0.16912	705300.0
2014-01-03	-0.013248	0.17638199999999998	0.178225	0.163941	-0.575005	985000.0
2014-01-02	-0.018359	0.172651	0.172651	0.159986	-0.811764	828700.0
2013-12-31	0.001532	0.18124400000000002	0.185774	0.178525	0.067646	590200.0
2013-12-30	-0.010425	0.16713599999999998	0.17363699999999999	0.164447	-0.46507600000000004	909500.0
2013-12-27	0.004952000000000001	0.185306	0.188459	0.179224	0.219856	734400.0
2013-12-26	-0.0019010000000000001	0.187099	0.187549	0.17360899999999999	-0.084564	904800.0
2013-12-24	0.002478	0.181701	0.189364	0.179222	0.10993199999999999	695100.0
2013-12-23	0.016269	0.196346	0.212838	0.195659	0.7102930000000001	1422300.0
2013-12-20	-0.004243	0.18146199999999998	0.182602	0.17188299999999998	-0.186028	1315900.0
2013-12-19	-0.014446	0.157202	0.16911500000000002	0.151357	-0.64265	1329200.0
2013-12-18	0.015637	0.185114	0.20360599999999998	0.181918	0.684932	928600.0
2013-12-17	-0.00975	0.181246	0.181924	0.170621	-0.431251	612800.0
2013-12-16	0.002299	0.184868	0.189627	0.18147	0.101467	900200.0
2013-12-13	0.005007	0.191484	0.19353299999999998	0.182147	0.219852	720500.0
2013-12-12	-0.002689	0.186691	0.18850799999999998	0.17896900000000002	-0.118377	835400.0
2013-12-11	-0.031796	0.16281199999999998	0.164571	0.14478	-1.445965	2364600.0
2013-12-10	-0.017537	0.169208	0.171153	0.15473399999999998	-0.811764	1476200.0
2013-12-09	-0.005089	0.184107	0.18453699999999998	0.17551	-0.236771	681600.0
2013-12-06	0.004564	0.182387	0.191887	0.17893199999999998	0.211396	904100.0
2013-12-05	-0.004725	0.186471	0.191629	0.174007	-0.219849	2253700.0
2013-12-04	0.023814	0.20394400000000001	0.212525	0.189863	1.0823559999999999	1439300.0
2013-12-03	0.002425	0.186131	0.19429200000000002	0.17753	0.109931	740600.0
2013-12-02	-0.011431	0.17737	0.181294	0.168431	-0.5242720000000001	530400.0
2013-11-29	-0.000184	0.181731	0.185218	0.174319	-0.008458	527000.0
2013-11-27	0.026683999999999996	0.19535999999999998	0.216398	0.19289800000000001	1.192292	1542800.0
2013-11-26	0.009167	0.190734	0.19886500000000001	0.187346	0.40588	684900.0
2013-11-25	0.002105	0.18826099999999998	0.194825	0.18464	0.093013	1050200.0
2013-11-22	0.003264	0.182148	0.18759800000000001	0.178742	0.143753	860300.0
2013-11-21	-0.012514	0.1761	0.17699700000000002	0.163543	-0.558094	1260100.0
2013-11-20	-0.005281	0.182602	0.183495	0.175465	-0.23676599999999998	568000.0
2013-11-19	-0.015778999999999998	0.17909	0.17909	0.16130799999999998	-0.718747	1446900.0
2013-11-18	0.007292	0.18879400000000002	0.19675499999999999	0.18768800000000002	0.329773	1031500.0
2013-11-15	0.028462	0.194201	0.223766	0.19283699999999998	1.251488	2055600.0
2013-11-14	0.006581	0.183289	0.19336199999999998	0.180542	0.287491	549200.0
2013-11-13	0.00038700000000000003	0.179396	0.185351	0.178251	0.016918	874700.0
2013-11-12	-0.014691999999999998	0.171546	0.171997	0.160038	-0.651108	897400.0
2013-11-11	0.00595	0.187142	0.194633	0.187142	0.262139	429500.0
2013-11-08	-0.001725	0.178297	0.180563	0.165608	-0.076111	584500.0
2013-11-07	-0.011366	0.17991400000000002	0.17991400000000002	0.168489	-0.507355	820100.0
2013-11-06	0.016561000000000003	0.18989	0.203781	0.189662	0.7272069999999999	970700.0
2013-11-05	-0.0074540000000000006	0.17762999999999998	0.177856	0.169041	-0.329776	658400.0
2013-11-04	0.0030670000000000003	0.183283	0.187137	0.177841	0.135295	1058800.0
2013-11-01	0.002691	0.182375	0.188968	0.179875	0.11838599999999999	539300.0
2013-10-31	-0.011403	0.182827	0.184176	0.168444	-0.507359	942800.0
2013-10-30	0.009206	0.189407	0.201201	0.187366	0.405884	830500.0
2013-10-29	0.001344	0.184192	0.185101	0.179423	0.059192999999999996	525600.0
2013-10-28	0.0011539999999999999	0.184422	0.190334	0.179647	0.050743	573700.0
2013-10-25	-0.000192	0.178283	0.184649	0.173964	-0.008461	639400.0
2013-10-24	0.007554000000000001	0.182602	0.194055	0.182602	0.329773	1548100.0
2013-10-23	-0.019187	0.165978	0.17069600000000001	0.157216	-0.854042	1342000.0
2013-10-22	-0.006418000000000001	0.179924	0.180594	0.164299	-0.287503	1702100.0
2013-10-21	-0.041606	0.151369	0.15243800000000002	0.125697	-1.944866	2537300.0
2013-10-18	0.009496	0.183251	0.19836800000000002	0.181739	0.439713	923300.0
2013-10-17	0.003114	0.17610399999999998	0.186719	0.175021	0.143753	778100.0
2013-10-16	0.000366	0.181302	0.18607	0.17718499999999998	0.016906	670000.0
2013-10-15	-0.010337	0.17616800000000002	0.178099	0.169949	-0.481983	479800.0
2013-10-14	-0.001991	0.172542	0.183673	0.17082999999999998	-0.093021	401400.0
2013-10-11	0.005459	0.185185	0.189059	0.181526	0.253677	514100.0
2013-10-10	0.012717000000000001	0.187615	0.197641	0.184782	0.583462	882800.0
2013-10-09	-0.002207	0.18303699999999998	0.18303699999999998	0.174774	-0.101475	395500.0
2013-10-08	0.004804	0.18653599999999998	0.195714	0.185443	0.21986	862500.0
2013-10-07	-0.015105	0.16237200000000002	0.169044	0.15871400000000002	-0.701847	902800.0
2013-10-04	-0.003988	0.166955	0.18003	0.16073800000000002	-0.186027	825200.0
2013-10-03	-0.023540000000000002	0.166277	0.167951	0.148694	-1.124634	1643800.0
2013-10-02	-0.005282	0.174483	0.177397	0.168028	-0.253681	559600.0
2013-10-01	0.0065569999999999995	0.183231	0.1935	0.182603	0.312866	734700.0
2013-09-30	-0.006339	0.164486	0.176772	0.161779	-0.30440500000000004	690100.0
2013-09-27	-0.001056	0.182187	0.182811	0.177818	-0.050743	607900.0
2013-09-26	0.006195	0.185952	0.19306800000000002	0.18071900000000002	0.29596300000000003	903100.0
2013-09-25	-0.003527	0.185523	0.188025	0.175928	-0.169121	533900.0
2013-09-24	-0.005961	0.178249	0.17866300000000002	0.166016	-0.287502	616900.0
2013-09-23	0.004225	0.179896	0.189473	0.178022	0.202942	361900.0
2013-09-20	-0.009936	0.183633	0.183633	0.168379	-0.481991	794200.0
2013-09-19	0.004377000000000001	0.179911	0.188192	0.17639100000000002	0.21139499999999997	951000.0
2013-09-18	0.008475	0.175295	0.192834	0.167778	0.40589200000000003	706700.0
2013-09-17	0.001591	0.18553	0.187412	0.18051099999999998	0.076099	612700.0
2013-09-16	0.007123999999999999	0.195029	0.19860899999999998	0.186394	0.33823400000000003	891600.0
2013-09-13	0.010619	0.197502	0.202398	0.19133	0.49890500000000004	677800.0
2013-09-12	-0.005549	0.181333	0.18874100000000002	0.175617	-0.26213400000000003	524000.0
2013-09-11	-0.026655	0.157879	0.158909	0.143663	-1.293759	971800.0
2013-09-10	0.019719	0.191426	0.205923	0.190376	0.93861	1454800.0
2013-09-09	0.009143	0.188327	0.193415	0.187691	0.43124799999999996	1158200.0
2013-09-06	0.009959	0.18817	0.19866199999999998	0.18645699999999998	0.465088	1337900.0
2013-09-05	0.007845999999999999	0.18368099999999998	0.19533499999999998	0.179797	0.36359400000000003	728600.0
2013-09-04	0.02075	0.19018	0.20780300000000002	0.188638	0.941997	1175500.0
2013-09-03	0.015008	0.22749499999999998	0.231519	0.219446	0.671242	895700.0
2013-08-30	0.008408	0.211887	0.220004	0.20782899999999999	0.372917	602600.0
2013-08-29	-0.001492	0.20670100000000002	0.21278000000000002	0.203549	-0.066291	691200.0
2013-08-28	0.005251	0.208286	0.216433	0.20534299999999997	0.23204	548100.0
2013-08-27	-0.000375	0.202177	0.210321	0.202177	-0.016579	1635600.0
2013-08-26	-0.006334	0.20512800000000003	0.20580199999999998	0.19860899999999998	-0.28175700000000004	1471500.0
2013-08-23	0.002802	0.210083	0.213464	0.206025	0.124306	1297100.0
2013-08-22	0.012101	0.21423000000000003	0.22312800000000002	0.20966700000000002	0.5303720000000001	1420900.0
2013-08-21	-0.011401999999999999	0.201514	0.201739	0.188432	-0.505512	1429800.0
2013-08-20	-0.007421	0.20603000000000002	0.206477	0.197522	-0.331486	735700.0
2013-08-19	-0.0036969999999999998	0.20647800000000002	0.21294699999999997	0.201794	-0.165737	491800.0
2013-08-16	-0.002581	0.20692399999999997	0.207814	0.202029	-0.116024	461600.0
2013-08-15	-0.006411	0.19587000000000002	0.20427	0.183712	-0.290043	470200.0
2013-08-14	0.001284	0.207808	0.212456	0.204931	0.058007	927900.0
2013-08-13	0.006647	0.20692399999999997	0.21472199999999997	0.202245	0.29833899999999997	634200.0
2013-08-12	0.013852000000000001	0.21009	0.224321	0.21009	0.61324	645700.0
2013-08-09	-0.007431999999999999	0.19504200000000002	0.199751	0.192128	-0.331482	369500.0
2013-08-08	0.015855	0.21558400000000003	0.22674499999999997	0.21125700000000003	0.696117	497300.0
2013-08-07	-0.004697	0.198994	0.20942199999999997	0.198994	-0.207184	407100.0
2013-08-06	-0.003184	0.206927	0.21009099999999997	0.19947	-0.14088	505000.0
2013-08-05	-0.006881	0.201989	0.201989	0.192563	-0.306618	439600.0
2013-08-02	0.0016769999999999999	0.20760100000000004	0.20939899999999997	0.201531	0.074585	427200.0
2013-08-01	0.014361	0.21582199999999999	0.226083	0.21536599999999997	0.629818	549300.0
2013-07-31	-0.0037649999999999997	0.204884	0.209654	0.1908	-0.165745	1525700.0
2013-07-30	0.0018859999999999999	0.21512199999999998	0.217398	0.20579099999999997	0.082871	1252600.0
2013-07-29	-0.006744	0.210092	0.211675	0.19856300000000002	-0.298329	706300.0
2013-07-26	-0.00131	0.208959	0.21008800000000002	0.198574	-0.058013999999999996	648000.0
2013-07-25	0.006212	0.213743	0.21533400000000003	0.20443	0.273472	505600.0
2013-07-24	-0.014105000000000001	0.201774	0.201774	0.183633	-0.629818	544300.0
2013-07-23	0.008422	0.217542	0.218219	0.210992	0.372917	692600.0
2013-07-22	0.014430000000000002	0.21311599999999997	0.224572	0.210825	0.629822	549300.0
2013-07-19	0.001902	0.206242	0.213358	0.20509499999999997	0.082867	362100.0
2013-07-18	-0.00605	0.203964	0.203964	0.19506600000000002	-0.265183	390000.0
2013-07-17	0.009159	0.21453000000000003	0.219135	0.20946399999999998	0.397782	521100.0
2013-07-16	-0.000763	0.20670100000000002	0.21130300000000002	0.2021	-0.033158	353400.0
2013-07-15	0.002868	0.210393	0.217315	0.207855	0.12431400000000001	414100.0
2013-07-12	-0.012648999999999999	0.20055	0.202829	0.18528699999999998	-0.555237	587800.0
2013-07-11	0.023971	0.228395	0.23586	0.225363	1.027599	766000.0
2013-07-10	-0.010331	0.205085	0.207163	0.188925	-0.447506	809500.0
2013-07-09	0.0205	0.21376900000000001	0.231674	0.210471	0.8701399999999999	1845500.0
2013-07-08	-0.000585	0.212117	0.213294	0.202934	-0.02486	575200.0
2013-07-05	0.004311	0.218052	0.218052	0.20386400000000002	0.18232	1354200.0
2013-07-03	-0.007199	0.194493	0.20458800000000002	0.192381	-0.306626	426200.0
2013-07-02	-0.003296	0.214423	0.224485	0.19664	-0.140877	1006900.0
2013-07-01	-0.003863	0.2081	0.21229499999999998	0.199242	-0.165744	783500.0
2013-06-28	0.023932	0.233909	0.24441100000000002	0.22460100000000002	1.002735	1187800.0
2013-06-27	0.013430000000000001	0.218795	0.228954	0.21613400000000002	0.555233	746100.0
2013-06-26	0.014024000000000002	0.221662	0.22534099999999999	0.21504	0.5718	1210300.0
2013-06-25	0.004492	0.21507800000000002	0.21951199999999998	0.204484	0.182323	681600.0
2013-06-24	-0.010505	0.188174	0.203045	0.182324	-0.43092700000000006	1409100.0
2013-06-21	0.036866	0.24663800000000002	0.25599	0.234	1.458515	1763700.0
2013-06-20	-0.022522	0.19533599999999998	0.19928900000000002	0.179523	-0.9115709999999999	1416300.0
2013-06-19	-0.029026	0.18535	0.189908	0.171676	-1.209908	1257400.0
2013-06-18	0.002791	0.20694200000000001	0.21175300000000002	0.20381400000000002	0.11601700000000001	748100.0
2013-06-17	0.017238	0.21869299999999997	0.22970500000000002	0.215022	0.704403	963000.0
2013-06-14	-0.012813	0.187616	0.19583	0.183509	-0.5303770000000001	1267500.0
2013-06-13	-0.003392	0.189848	0.20501599999999998	0.184551	-0.14088	866400.0
2013-06-12	-0.01183	0.211222	0.21145999999999998	0.191475	-0.49722299999999997	935700.0
2013-06-11	-0.004514	0.197938	0.204333	0.195096	-0.190605	544700.0
2013-06-10	0.001573	0.20504099999999997	0.211446	0.201008	0.066307	497100.0
2013-06-07	-0.004501	0.203632	0.205285	0.197256	-0.190606	745200.0
2013-06-06	-0.00351	0.203407	0.204819	0.192347	-0.14916600000000002	1085800.0
2013-06-05	-0.012137	0.199262	0.202285	0.18926700000000002	-0.522091	627900.0
2013-06-04	-0.006506999999999999	0.20993499999999998	0.210627	0.195154	-0.28175300000000003	408800.0
2013-06-03	0.008687	0.21182600000000001	0.21765	0.206235	0.372917	454300.0
2013-05-31	-0.008328	0.20612399999999997	0.21397800000000003	0.196652	-0.360485	1343100.0
2013-05-30	0.00717	0.2399	0.255721	0.23896900000000001	0.308147	930400.0
2013-05-29	-0.015602000000000001	0.21780700000000003	0.220784	0.210477	-0.681182	663300.0
2013-05-28	0.01165	0.24682300000000001	0.251226	0.24288400000000002	0.502777	548100.0
2013-05-24	0.0	0.231762	0.23384699999999997	0.218786	0.0	446300.0
2013-05-23	-0.020431	0.216583	0.216583	0.193886	-0.900135	1267800.0
2013-05-22	-0.022137999999999998	0.218282	0.221611	0.198972	-0.9974370000000001	928600.0
2013-05-21	-0.000719	0.224946	0.234927	0.224281	-0.032436	523600.0
2013-05-20	0.0050609999999999995	0.23716500000000001	0.240063	0.235159	0.22705799999999998	309500.0
2013-05-17	0.006917	0.233152	0.24459899999999998	0.23292800000000002	0.308148	548000.0
2013-05-16	-0.017700999999999998	0.21992399999999998	0.223451	0.208679	-0.802815	602700.0
2013-05-15	0.0030489999999999996	0.22939299999999999	0.23823899999999998	0.22895100000000002	0.137863	612200.0
2013-05-14	0.010145	0.23225900000000002	0.246333	0.23225900000000002	0.454113	358600.0
2013-05-13	-0.005047	0.23093000000000002	0.232041	0.225373	-0.22706199999999999	272500.0
2013-05-10	-0.002338	0.228496	0.230935	0.224948	-0.105419	369500.0
2013-05-09	-0.001795	0.229832	0.23359499999999997	0.223856	-0.081089	672500.0
2013-05-08	0.005596	0.233152	0.240275	0.23270700000000002	0.25138499999999997	457400.0
2013-05-07	0.008740000000000001	0.23876599999999998	0.24595100000000003	0.234949	0.389251	396500.0
2013-05-06	0.000364	0.233377	0.234725	0.22798600000000002	0.016212999999999998	288600.0
2013-05-03	0.000729	0.237423	0.240121	0.231579	0.032444	503400.0
2013-05-02	0.002009	0.232927	0.236306	0.22774699999999998	0.089199	336700.0
2013-05-01	-0.008870000000000001	0.23047399999999998	0.23136700000000002	0.22176700000000002	-0.397358	382400.0
2013-04-30	0.009503	0.231575	0.244871	0.23044800000000001	0.421677	625100.0
2013-04-29	0.009222	0.23861100000000002	0.245434	0.234062	0.405471	435800.0
2013-04-26	-0.0014730000000000001	0.234515	0.23587800000000003	0.228838	-0.064872	331700.0
2013-04-25	0.010232999999999999	0.240723	0.253801	0.23934699999999998	0.44601	451800.0
2013-04-24	0.010908	0.237327	0.24776399999999998	0.234312	0.470341	394400.0
2013-04-23	-0.003934	0.219523	0.234077	0.217675	-0.170292	715500.0
2013-04-22	0.005084	0.2371	0.24220799999999998	0.230598	0.218948	363700.0
2013-04-19	0.017628	0.248275	0.255127	0.241659	0.746056	596200.0
2013-04-18	0.008308	0.24315900000000001	0.245779	0.236488	0.348698	562900.0
2013-04-17	-0.016904	0.224252	0.224487	0.210434	-0.721722	712900.0
2013-04-16	0.004771	0.239506	0.24233000000000002	0.23150500000000002	0.202724	515800.0
2013-04-15	-0.02111	0.21886999999999998	0.22370700000000002	0.207121	-0.916351	895300.0
2013-04-12	0.00037400000000000004	0.22992600000000002	0.23684000000000002	0.22600900000000002	0.016228	455000.0
2013-04-11	-0.0007469999999999999	0.23361300000000002	0.23499499999999998	0.228777	-0.03244	470400.0
2013-04-10	-0.004092	0.229942	0.23154699999999998	0.22168600000000002	-0.17840599999999998	742400.0
2013-04-09	0.009955	0.235932	0.25307199999999996	0.2357	0.429787	996000.0
2013-04-08	-0.0015	0.226908	0.233846	0.22390100000000002	-0.06486900000000001	547800.0
2013-04-05	0.001127	0.218797	0.237089	0.21694499999999997	0.04866	615300.0
2013-04-04	-0.000563	0.232227	0.235929	0.228293	-0.024334	456800.0
2013-04-03	-0.0014990000000000001	0.23269	0.238929	0.229225	-0.064873	792900.0
2013-04-02	0.006601	0.24059499999999998	0.241758	0.235246	0.283821	412400.0
2013-04-01	-0.00207	0.23384899999999997	0.23849099999999998	0.22943899999999998	-0.089199	436700.0
2013-03-28	0.000377	0.23129499999999997	0.235242	0.228277	0.01622	270900.0
2013-03-27	0.0037799999999999995	0.232686	0.238746	0.23221999999999998	0.162182	284400.0
2013-03-26	0.000567	0.23198600000000003	0.23595100000000002	0.22895500000000002	0.024322999999999997	443300.0
2013-03-25	0.0024649999999999997	0.235724	0.24063299999999999	0.232217	0.10542699999999999	589700.0
2013-03-22	-0.007712	0.226425	0.226425	0.220162	-0.332474	655000.0
2013-03-21	0.002451	0.22873400000000002	0.240826	0.22733899999999999	0.105419	1409200.0
2013-03-20	0.0159	0.24307399999999998	0.25276	0.241421	0.6730729999999999	1358600.0
2013-03-19	-0.009488	0.218879	0.223559	0.210689	-0.405468	2973500.0
2013-03-18	-0.009026000000000001	0.216225	0.22295	0.210892	-0.389244	933900.0
2013-03-15	-0.014273	0.21646700000000002	0.22149499999999997	0.205724	-0.62442	1482600.0
2013-03-14	0.010868000000000001	0.242626	0.257413	0.242626	0.47034	1070100.0
2013-03-13	-0.012398000000000001	0.22881700000000002	0.229273	0.213756	-0.543323	893600.0
2013-03-12	-0.010256	0.22773200000000002	0.22773200000000002	0.21847199999999997	-0.454121	627100.0
2013-03-11	-0.000915	0.22999299999999998	0.23744	0.22728600000000002	-0.04055	503500.0
2013-03-08	0.013727000000000001	0.24184499999999998	0.25488299999999997	0.238871	0.6000939999999999	838400.0
2013-03-07	0.0018579999999999998	0.234298	0.23865300000000003	0.233611	0.081093	451300.0
2013-03-06	-0.009389	0.224753	0.225661	0.21135900000000002	-0.413575	785400.0
2013-03-05	0.000737	0.23110799999999998	0.23815100000000003	0.227246	0.032437	583800.0
2013-03-04	-0.008041	0.21805300000000002	0.22526500000000002	0.217152	-0.356819	489400.0
2013-03-01	-0.00146	0.226402	0.231352	0.22010100000000002	-0.06486900000000001	1007900.0
2013-02-28	-0.006346	0.235612	0.235612	0.225327	-0.28381799999999996	694700.0
2013-02-27	0.001816	0.22889600000000002	0.236961	0.22688000000000003	0.081089	524500.0
2013-02-26	0.002367	0.23382600000000003	0.237643	0.22978400000000002	0.105423	373200.0
2013-02-25	-0.010985	0.23470700000000003	0.240037	0.219606	-0.494671	521600.0
2013-02-22	0.010555	0.23921199999999998	0.247964	0.23921199999999998	0.470341	460100.0
2013-02-21	-0.001091	0.236963	0.239429	0.2271	-0.04866	619500.0
2013-02-20	-0.004164	0.23404499999999998	0.23538499999999998	0.22556199999999998	-0.18651199999999998	542400.0
2013-02-19	0.002541	0.23136199999999998	0.238747	0.231138	0.113533	406900.0
2013-02-15	-0.004337	0.235158	0.235158	0.227136	-0.194626	423700.0
2013-02-14	-0.004676	0.225833	0.22805100000000003	0.222507	-0.210838	547000.0
2013-02-13	0.002886	0.23359699999999997	0.239826	0.23315300000000003	0.129753	565700.0
2013-02-12	0.00617	0.23382399999999998	0.24210500000000001	0.23024299999999998	0.27571100000000004	346000.0
2013-02-11	-0.0039770000000000005	0.235382	0.23605	0.228248	-0.17840599999999998	247400.0
2013-02-08	0.006732999999999999	0.24212899999999998	0.24841300000000002	0.23898699999999998	0.300045	468600.0
2013-02-07	0.0009109999999999999	0.233602	0.23742	0.22821100000000002	0.040543	648300.0
2013-02-06	0.0029230000000000003	0.234504	0.23855900000000002	0.2309	0.129749	420100.0
2013-02-05	0.006065	0.239725	0.24380500000000002	0.235192	0.26760900000000004	457900.0
2013-02-04	-0.009826999999999999	0.22844	0.229113	0.22080999999999998	-0.43790100000000004	651500.0
2013-02-01	0.00457	0.23675900000000002	0.24397399999999997	0.233152	0.202732	652900.0
2013-01-31	-0.0010960000000000002	0.23180100000000003	0.237656	0.22909899999999997	-0.048652	601800.0
2013-01-30	-0.005449	0.232481	0.2336	0.225314	-0.243283	792200.0
2013-01-29	0.020196000000000002	0.24983200000000003	0.26171300000000003	0.24891799999999997	0.883908	658900.0
2013-01-28	0.0029739999999999996	0.24002800000000002	0.243923	0.233611	0.12975699999999998	789000.0
2013-01-25	-0.024297	0.217948	0.21906599999999998	0.200731	-1.086644	1492000.0
2013-01-24	-0.008806999999999999	0.214757	0.22605999999999998	0.212319	-0.397365	947300.0
2013-01-23	-0.000898	0.239796	0.242896	0.22739499999999999	-0.040539	1174700.0
2013-01-22	-0.015382	0.22421300000000002	0.231844	0.20589899999999997	-0.7055170000000001	928900.0
2013-01-18	0.005869	0.239512	0.24302100000000001	0.237319	0.267613	690300.0
2013-01-17	-0.009163	0.22272199999999998	0.227937	0.217507	-0.42168500000000003	1096500.0
2013-01-16	-0.0054329999999999995	0.22299499999999997	0.229262	0.21910500000000002	-0.251392	532500.0
2013-01-15	-0.015188	0.22400100000000003	0.224852	0.21208200000000002	-0.713612	834800.0
2013-01-14	-0.004296	0.23633099999999999	0.23802600000000002	0.225735	-0.202736	726100.0
2013-01-11	-0.009531999999999999	0.221608	0.224966	0.21741	-0.45412399999999997	755400.0
2013-01-10	0.025306	0.25123	0.266725	0.249293	1.1758540000000002	909400.0
2013-01-09	0.00703	0.239871	0.24572199999999997	0.23792	0.324371	630700.0
2013-01-08	-0.013522999999999999	0.229946	0.230159	0.215835	-0.632526	1095800.0
2013-01-07	-0.017041999999999998	0.21129699999999998	0.21360900000000002	0.208775	-0.810929	848400.0
2013-01-04	-0.005929	0.22416999999999998	0.22709400000000002	0.22124499999999997	-0.283825	634000.0
2013-01-03	-0.008399	0.229217	0.229217	0.221138	-0.405464	739400.0
2013-01-02	0.013793999999999999	0.24218299999999998	0.254363	0.241763	0.656849	745700.0
2012-12-31	0.008069	0.233152	0.24394899999999997	0.23103600000000002	0.381142	459800.0
2012-12-28	-0.001029	0.227231	0.239497	0.227019	-0.04866	519700.0
2012-12-27	0.00396	0.22996799999999998	0.23824800000000002	0.229331	0.18651199999999998	518400.0
2012-12-26	0.008158	0.235721	0.245139	0.23486500000000002	0.38114499999999996	407300.0
2012-12-24	-0.003632	0.232513	0.233579	0.228674	-0.1703	149800.0
2012-12-21	-0.011117	0.22091999999999998	0.22450599999999998	0.217757	-0.527099	639000.0
2012-12-20	0.011942	0.244464	0.247879	0.23955500000000002	0.5595399999999999	850500.0
2012-12-19	-0.005679	0.23633600000000002	0.23633600000000002	0.22466399999999997	-0.26760900000000004	860900.0
2012-12-18	0.014313	0.244991	0.250803	0.23939499999999997	0.664959	834700.0
2012-12-17	0.001749	0.235093	0.23875900000000003	0.230996	0.081097	652600.0
2012-12-14	0.002278	0.232936	0.237907	0.22861399999999998	0.10541500000000001	528400.0
2012-12-13	-0.007825	0.23143699999999998	0.231866	0.221573	-0.36491799999999996	431300.0
2012-12-12	-0.0039829999999999996	0.23486100000000001	0.235288	0.22589099999999998	-0.18651199999999998	448600.0
2012-12-11	0.0071519999999999995	0.23680900000000002	0.24304699999999999	0.23680900000000002	0.332489	478900.0
2012-12-10	0.003149	0.233584	0.24027300000000001	0.23250500000000002	0.145958	334100.0
2012-12-07	-0.0012230000000000001	0.231213	0.232506	0.22905799999999998	-0.056766	287300.0
2012-12-06	-0.011403	0.21994299999999997	0.223352	0.213765	-0.5352100000000001	572000.0
2012-12-05	0.012773	0.244588	0.252788	0.241999	0.5919760000000001	735300.0
2012-12-04	0.021996	0.253882	0.262923	0.252558	0.997452	743600.0
2012-12-03	-0.017569	0.222753	0.22361999999999999	0.209538	-0.810936	675500.0
2012-11-30	0.003172	0.23945500000000003	0.23945500000000003	0.230544	0.14596900000000002	490000.0
2012-11-29	-0.00088	0.23554099999999997	0.23749499999999998	0.22685500000000003	-0.040546	496300.0
2012-11-28	0.015013999999999998	0.237781	0.252107	0.23601799999999998	0.681187	654700.0
2012-11-27	-0.010435	0.229227	0.229881	0.219194	-0.478459	447400.0
2012-11-26	-0.0059770000000000005	0.22448	0.226648	0.219277	-0.275715	326600.0
2012-11-23	0.013000999999999999	0.24105900000000002	0.24918400000000002	0.23776399999999998	0.5919800000000001	438100.0
2012-11-21	0.027072000000000002	0.262927	0.267664	0.257513	1.20018	832500.0
2012-11-20	-0.0146	0.22137199999999999	0.22292800000000002	0.211592	-0.65686	502100.0
2012-11-19	0.013333000000000001	0.239234	0.249594	0.237657	0.5919840000000001	704900.0
2012-11-16	0.012389	0.244098	0.24957	0.235889	0.54332	776300.0
2012-11-15	-0.006065	0.229753	0.23292600000000002	0.222727	-0.26760500000000004	381300.0
2012-11-14	-0.005665	0.23811	0.23946199999999998	0.223462	-0.251396	740400.0
2012-11-13	-0.008875	0.223325	0.229356	0.221985	-0.397343	729700.0
2012-11-12	-0.006836	0.23004699999999997	0.23315300000000003	0.224057	-0.308155	476800.0
2012-11-09	0.00054	0.22471799999999997	0.236038	0.223609	0.024326	709100.0
2012-11-08	-0.021487	0.22012199999999998	0.22294499999999998	0.205353	-0.9893379999999999	760100.0
2012-11-07	0.0	0.24466300000000002	0.24553200000000003	0.22728800000000002	0.0	1186500.0
2012-11-06	0.012121	0.23930700000000002	0.24919899999999998	0.23710900000000001	0.551434	852400.0
2012-11-05	-0.0008900000000000001	0.233592	0.23754499999999998	0.224807	-0.040547	473000.0
2012-11-02	-0.004256	0.2419	0.2419	0.227248	-0.194622	470900.0
2012-11-01	0.018054	0.255415	0.25853200000000004	0.24985	0.810929	640100.0
2012-10-31	-0.00503	0.231159	0.23204499999999997	0.223406	-0.22706300000000001	494700.0
2012-10-26	-0.004293	0.22653600000000002	0.23006500000000002	0.222345	-0.194622	530600.0
2012-10-25	-0.011492	0.221379	0.22922800000000002	0.217236	-0.527107	753900.0
2012-10-24	0.033625999999999996	0.268308	0.276871	0.26763200000000004	1.492108	1432700.0
2012-10-23	-0.015827	0.226721	0.226721	0.209421	-0.713608	622100.0
2012-10-22	0.027916000000000003	0.239536	0.270313	0.239536	1.224502	1420700.0
2012-10-19	-0.011152	0.230673	0.230898	0.21849899999999997	-0.494667	879100.0
2012-10-18	0.015785	0.25399099999999997	0.254449	0.250556	0.689289	1131000.0
2012-10-17	-0.005724	0.229054	0.229965	0.224728	-0.251392	1237800.0
2012-10-16	-0.001843	0.22974299999999998	0.234971	0.229062	-0.081089	616900.0
2012-10-15	-0.000368	0.233152	0.237923	0.22997199999999998	-0.016216	658800.0
2012-10-12	-0.0027559999999999998	0.23020700000000002	0.23088699999999998	0.224543	-0.121643	407400.0
2012-10-11	0.003503	0.241564	0.24361100000000002	0.235881	0.154075	733400.0
2012-10-10	-0.004953	0.229533	0.23315300000000003	0.22184099999999998	-0.21894	458900.0
2012-10-09	0.0016539999999999999	0.247881	0.248561	0.23405900000000002	0.072978	559400.0
2012-10-08	-0.016980000000000002	0.21978699999999998	0.21978699999999998	0.210877	-0.762279	476000.0
2012-10-05	-0.001083	0.235823	0.23715799999999998	0.23070500000000002	-0.048652999999999995	656900.0
2012-10-04	-0.005027	0.22938899999999998	0.230717	0.224075	-0.227066	482100.0
2012-10-03	0.004146	0.240044	0.240044	0.23293000000000003	0.18651600000000002	427900.0
2012-10-02	-0.000721	0.235152	0.236263	0.22671	-0.032436	258900.0
2012-10-01	0.00271	0.235825	0.24674000000000001	0.23471199999999998	0.12163900000000001	324000.0
2012-09-28	-0.0034200000000000003	0.22804699999999997	0.23115500000000003	0.22094299999999997	-0.15407200000000001	531500.0
2012-09-27	0.015911	0.24826199999999998	0.252998	0.247586	0.705509	698100.0
2012-09-26	-0.005095000000000001	0.23292800000000002	0.233152	0.220588	-0.22706199999999999	752400.0
2012-09-25	-0.006867	0.237386	0.24161999999999997	0.224016	-0.308155	799500.0
2012-09-24	0.005999	0.23763600000000001	0.24301599999999998	0.233152	0.26760500000000004	724500.0
2012-09-21	0.009543000000000001	0.250126	0.25419899999999995	0.244015	0.421688	1315900.0
2012-09-20	-0.009273	0.22373600000000002	0.22709899999999997	0.219252	-0.413574	812000.0
2012-09-19	0.023446	0.256329	0.26321300000000003	0.25609899999999997	1.02177	825700.0
2012-09-18	0.006933	0.24008400000000002	0.24493600000000001	0.23962199999999997	0.300045	629200.0
2012-09-17	-0.007993	0.221004	0.22513000000000002	0.217108	-0.34870100000000004	2217900.0
2012-09-14	0.008624	0.24633000000000002	0.25049099999999996	0.237314	0.373028	729000.0
2012-09-13	0.0056560000000000004	0.22734000000000001	0.24803200000000003	0.222225	0.243286	972700.0
2012-09-12	0.0017	0.242002	0.242468	0.23292	0.072979	945700.0
2012-09-11	0.011268	0.243986	0.24893200000000001	0.243279	0.478443	639500.0
2012-09-10	-0.015604	0.22271999999999997	0.22271999999999997	0.211823	-0.6730729999999999	495500.0
2012-09-07	0.004912	0.235715	0.24107399999999998	0.231289	0.210846	452100.0
2012-09-06	0.012821	0.24046700000000001	0.249906	0.238108	0.543327	568200.0
2012-09-05	-0.002672	0.23126999999999998	0.23762399999999997	0.227034	-0.11353699999999999	485500.0
