2017-09-01	0.011081	0.003940	0.015267	0.000985	0.450000	11343400.000000
2016-09-01	0.009654000000000001	0.021800999999999997	0.029278	0.016661000000000002	0.30989	17725200.0
2016-08-31	-0.004424	0.013249	0.018675999999999998	0.007511	-0.142646	13573800.0
2016-08-30	-0.001675	0.016659999999999998	0.016659999999999998	0.00799	-0.054108	12781200.0
2016-08-29	0.00229	0.018987999999999998	0.023953	0.017281	0.073784	11631800.0
2016-08-26	-0.000763	0.019296	0.026273	0.010303	-0.024594	13464600.0
2016-08-25	-0.001979	0.017588	0.0196	0.012482	-0.063945	12948000.0
2016-08-24	0.00045700000000000005	0.013719	0.019756	0.01217	0.014755	17685800.0
2016-08-23	-0.01174	0.020483	0.020789	-0.000325	-0.383667	20160000.0
2016-08-22	0.002263	0.017579	0.019265	0.009298	0.073784	11404000.0
2016-08-19	-0.016615	0.012735	0.014091999999999999	-0.002043	-0.5509109999999999	25660600.0
2016-08-18	-0.005312	0.018005	0.018005	0.006156	-0.177071	11327400.0
2016-08-17	0.006834000000000001	0.016656	0.025113	0.012277	0.22626500000000002	10987000.0
2016-08-16	-0.0031100000000000004	0.01229	0.018613	0.010935	-0.103298	9433400.0
2016-08-15	0.000148	0.016505000000000002	0.023281	0.015903	0.004921	9572800.0
2016-08-12	-0.002512	0.011248000000000001	0.018308	0.011098	-0.083622	8224800.0
2016-08-11	0.006843000000000001	0.016959000000000002	0.025276	0.015749000000000003	0.22626500000000002	11836600.0
2016-08-10	0.004783	0.016505000000000002	0.023343	0.012403	0.157402	15082200.0
2016-08-09	-0.002535	0.018627	0.02181	0.013019	-0.083618	16783000.0
2016-08-08	-0.004748	0.012131	0.013638999999999998	0.006851	-0.157402	14609600.0
2016-08-05	0.0031260000000000003	0.021800999999999997	0.026188999999999997	0.0159	0.10329	13828600.0
2016-08-04	0.0050869999999999995	0.014072	0.023045	0.014072	0.167248	13459400.0
2016-08-03	-0.000897	0.018177000000000002	0.022431	0.009212	-0.029518	14937200.0
2016-08-02	-0.009476	0.018009999999999998	0.018009999999999998	0.006722	-0.3148	14091400.0
2016-08-01	0.004312	0.018772999999999998	0.024063	0.017865	0.14264300000000002	13197200.0
2016-07-29	-0.008989	0.016655	0.017703999999999998	0.004671	-0.30004899999999995	19854800.0
2016-07-28	-0.000883	0.013512	0.02309	0.012764	-0.029511000000000003	17688200.0
2016-07-27	0.011015	0.031938999999999995	0.033754	0.006518	0.363987	23705200.0
2016-07-26	-0.004298	0.013793000000000001	0.016505000000000002	0.004302	-0.14263900000000002	16981000.0
2016-07-25	0.000148	0.018012	0.020121	0.013793000000000001	0.004917	12056200.0
2016-07-22	0.0065650000000000005	0.023785	0.027729000000000004	0.01696	0.216427	15377200.0
2016-07-21	-0.00149	0.014234	0.02014	0.008781	-0.049186	14993600.0
2016-07-20	0.00044699999999999997	0.015444999999999999	0.018323	0.003324	0.014755	11885000.0
2016-07-19	0.00344	0.013616	0.021978	0.010879999999999999	0.113132	15721200.0
2016-07-18	-0.000299	0.014833	0.021065	0.013616999999999999	-0.009838	10137000.0
2016-07-15	-0.002089	0.024694999999999998	0.025757	0.011348	-0.068863	14575600.0
2016-07-14	0.002843	0.023046	0.024719	0.017418	0.093456	14941800.0
2016-07-13	-0.004765	0.016959000000000002	0.019836000000000003	0.009845	-0.157398	17041400.0
2016-07-12	-0.003857	0.020727000000000002	0.024648	0.010473	-0.127895	19438600.0
2016-07-11	0.00447	0.022563999999999997	0.02529	0.013475999999999998	0.147564	15106400.0
2016-07-08	0.012828	0.021721	0.030619	0.017119	0.41810200000000003	27918600.0
2016-07-07	0.017819	0.011821	0.037116	0.011040000000000001	0.570587	30780200.0
2016-07-06	0.001384	0.016818	0.019476	0.011345000000000001	0.044268	21475800.0
2016-07-05	-0.004136	0.007784999999999999	0.016661000000000002	0.005294	-0.13281099999999998	18344600.0
2016-07-01	0.0056229999999999995	0.016427	0.024569999999999998	0.006405	0.179541	17591400.0
2016-06-30	0.01955	0.025761000000000003	0.04444	0.021769	0.6122569999999999	29341000.0
2016-06-29	0.013793999999999999	0.030361000000000003	0.038454	0.022591999999999998	0.42613199999999996	20626800.0
2016-06-28	0.009766	0.030618	0.032088	0.016888999999999998	0.298781	21480800.0
2016-06-27	0.013138999999999998	0.01038	0.038529	0.009552	0.396741	31567200.0
2016-06-24	-0.020651	-0.013405000000000002	0.015136000000000002	-0.016324	-0.6367470000000001	35744800.0
2016-06-23	0.004949	0.032219	0.034338	0.020648	0.15184	14291800.0
2016-06-22	0.001599	0.020811	0.030931	0.015425	0.048979	11586600.0
2016-06-21	0.001281	0.020975	0.026368	0.014111000000000002	0.039187	17769800.0
2016-06-20	0.001443	0.029976999999999997	0.03816	0.02163	0.044081999999999996	15595800.0
2016-06-17	-0.011569	0.021943999999999998	0.021943999999999998	0.005281	-0.357555	23925800.0
2016-06-16	0.012029	0.018192	0.035383	0.012625	0.36735100000000004	15080800.0
2016-06-15	-0.00463	0.017878	0.028470999999999996	0.014456	-0.142044	16346800.0
2016-06-14	0.004007	0.014594	0.026047000000000004	0.013449000000000001	0.12245199999999999	14937800.0
2016-06-13	-0.006529000000000001	0.019674	0.026012999999999998	0.011384	-0.200819	15305200.0
2016-06-10	-0.002066	0.008808	0.02146	0.007672	-0.063677	15732400.0
2016-06-09	-0.004587	0.01516	0.019358	0.009831	-0.142044	11233000.0
2016-06-08	-0.00047400000000000003	0.021296000000000002	0.025169	0.017745	-0.014691999999999998	13385200.0
2016-06-07	-0.002366	0.020006	0.02532	0.01743	-0.073475	12818200.0
2016-06-06	-0.002517	0.023221000000000002	0.026272000000000004	0.015350999999999998	-0.07836699999999999	11913200.0
2016-06-03	-0.0015710000000000001	0.020972	0.022736000000000003	0.010228000000000001	-0.048979	11804800.0
2016-06-02	-0.001098	0.01985	0.022253	0.015365	-0.03429	12857600.0
2016-06-01	0.006793	0.023069	0.029358999999999996	0.01678	0.210621	15397800.0
2016-05-31	0.006679000000000001	0.019837	0.029091000000000002	0.014641999999999999	0.205715	23842800.0
2016-05-27	0.009472	0.026056	0.035069	0.023761	0.288986	16153600.0
2016-05-26	-0.004952000000000001	0.019996	0.025214	0.012495000000000001	-0.151836	14586400.0
2016-05-25	0.002562	0.023427	0.032746	0.00855	0.07836699999999999	17898000.0
2016-05-24	0.010193	0.025271000000000002	0.032207	0.01883	0.308578	19933000.0
2016-05-23	0.00081	0.015522	0.032712	0.015356999999999999	0.024492	23579800.0
2016-05-20	0.025062	0.018609	0.048428	0.018609	0.739607	22254400.0
2016-05-19	-0.002153	0.014387	0.024362	0.007962	-0.063678	17932400.0
2016-05-18	-0.0008269999999999999	0.022501	0.027568000000000002	0.011183	-0.024487000000000002	26537400.0
2016-05-17	-0.025323	0.016201	0.01686	-0.006520000000000001	-0.768999	31895000.0
2016-05-16	0.002587	0.014704	0.032036	0.013053	0.07836900000000001	17526800.0
2016-05-13	-0.006745999999999999	0.016876	0.025074000000000003	0.01081	-0.205715	16549000.0
2016-05-12	0.003061	0.025416	0.030514999999999997	0.0167	0.093059	16675000.0
2016-05-11	-0.0091	0.018203999999999998	0.022930000000000002	0.008426000000000001	-0.279188	16311000.0
2016-05-10	0.019863	0.020978	0.042584	0.020313	0.597565	21596200.0
2016-05-09	0.0	0.023304	0.028457	0.016988999999999997	0.0	12857400.0
2016-05-06	0.0060609999999999995	0.018136000000000003	0.027333	0.013453999999999999	0.181227	15559400.0
2016-05-05	0.002628	0.023326	0.030367	0.014943999999999999	0.07837100000000001	16677600.0
2016-05-04	-0.000984	0.014782	0.03153	0.013275	-0.029389	22312800.0
2016-05-03	-0.004573	0.015475999999999998	0.030148	0.011142	-0.137148	22578600.0
2016-05-02	0.007735	0.026356	0.033748	0.017619	0.230212	21343800.0
2016-04-29	-0.006378	0.010461	0.019142	0.001948	-0.191027	29336600.0
2016-04-28	-0.002447	0.011153	0.032468000000000004	0.007489	-0.07347100000000001	28125400.0
2016-04-27	0.0040950000000000005	0.04004	0.049906	0.01128	0.12245199999999999	34142800.0
2016-04-26	0.00082	0.021146	0.030182999999999998	0.018803	0.02449	17582000.0
2016-04-25	-0.001637	0.019475	0.020811	0.010453	-0.048977	24395400.0
2016-04-22	0.002625	0.019806	0.030192	0.014949	0.07836699999999999	21977000.0
2016-04-21	-0.008461	0.017322999999999998	0.019150999999999998	0.002873	-0.25469899999999995	28465400.0
2016-04-20	-0.013165999999999999	0.026056	0.026056	0.004913	-0.401642	26854200.0
2016-04-19	-0.003201	0.020158000000000002	0.027837	0.013623	-0.097962	18770400.0
2016-04-18	0.00823	0.016199	0.032178	0.013728	0.249802	17212600.0
2016-04-15	0.002102	0.025599	0.030551	0.013548	0.06367300000000001	16596600.0
2016-04-14	-0.0017760000000000002	0.024272	0.026579000000000002	0.016198	-0.053877	13643000.0
2016-04-13	0.0037270000000000003	0.028419999999999997	0.031893	0.020977000000000003	0.11265599999999999	15666400.0
2016-04-12	0.004557	0.019981	0.031113	0.017821	0.137146	15116000.0
2016-04-11	-0.002597	0.026114	0.029097	0.01816	-0.07836699999999999	14343600.0
2016-04-08	0.003257	0.024635	0.030288	0.018816	0.097957	11439200.0
2016-04-07	-0.012862	0.018186	0.022616999999999998	0.001446	-0.391844	19518000.0
2016-04-06	0.017504	0.019475	0.039681	0.018473	0.52409	21801400.0
2016-04-05	-0.004883	0.011007	0.020811	0.010342	-0.146938	14381400.0
2016-04-04	-0.002679	0.019403	0.024375	0.012938999999999999	-0.080818	14701200.0
2016-04-01	0.012934000000000001	0.017143000000000002	0.040645	0.013786000000000001	0.385225	21308200.0
2016-03-31	0.004605	0.024188	0.034982	0.022838999999999998	0.136536	17673600.0
2016-03-30	0.0008230000000000001	0.028238	0.033808	0.021487	0.024381	16006000.0
2016-03-29	0.010984	0.020590999999999998	0.03902	0.018373	0.321837	15852600.0
2016-03-28	0.001333	0.017851	0.031177999999999997	0.0158	0.039011000000000004	14884200.0
2016-03-24	0.012827000000000002	0.016888999999999998	0.041463	0.015678	0.370598	19763800.0
2016-03-23	-0.010356	0.012353	0.022458000000000002	0.010469	-0.30232800000000004	16890000.0
2016-03-22	0.0005009999999999999	0.016116	0.033250999999999996	0.016116	0.014625	15533400.0
2016-03-21	0.0013390000000000001	0.024511	0.030516	0.022966999999999998	0.039011000000000004	12290400.0
2016-03-18	-0.016296	0.027056999999999998	0.027901	0.004608	-0.482754	37358000.0
2016-03-17	0.014021	0.025711	0.046421	0.021946	0.409609	21081200.0
2016-03-16	0.008586	0.012077	0.040732	0.012077	0.24869000000000002	18413800.0
2016-03-15	0.0028699999999999997	0.016194	0.028658	0.016194	0.082899	15979200.0
2016-03-14	0.001183	0.023116	0.030222000000000002	0.020516	0.034136	12943800.0
2016-03-11	0.013534000000000001	0.038017	0.040301	0.027828	0.385227	14103000.0
2016-03-10	-0.006975	0.022229	0.031649000000000004	0.012809000000000001	-0.19993	18001800.0
2016-03-09	0.008406	0.032581	0.039617	0.025544999999999998	0.23893699999999998	15742000.0
2016-03-08	-0.011364	0.023978	0.026064999999999998	0.009543000000000001	-0.32671	21004200.0
2016-03-07	-0.013057	0.016444	0.025712	0.006145	-0.380352	21590200.0
2016-03-04	-0.0030039999999999997	0.026567	0.027423000000000003	0.015272999999999998	-0.087768	15442800.0
2016-03-03	0.009264	0.026751	0.040913	0.026751	0.268192	19434400.0
2016-03-02	0.0025329999999999997	0.020867	0.028832	0.018616	0.073141	18126600.0
2016-03-01	0.025810000000000003	0.03425	0.05805	0.031052999999999997	0.726572	22529600.0
2016-02-29	-0.0031079999999999997	0.029441000000000002	0.039888	0.021474	-0.087772	22750600.0
2016-02-26	-0.010593	0.029749	0.033252	0.010128	-0.302334	18579600.0
2016-02-25	0.002226	0.021155	0.027651	0.013605	0.06339299999999999	12950000.0
2016-02-24	0.014946000000000001	0.016815	0.044793	0.008618	0.419361	18499000.0
2016-02-23	-0.010490000000000001	0.018844999999999997	0.025898	0.012144	-0.297453	14614200.0
2016-02-22	0.006751999999999999	0.033713	0.045074	0.027854000000000004	0.190176	18566000.0
2016-02-19	0.0076760000000000005	0.019645	0.034134	0.01875	0.214556	17595000.0
2016-02-18	-0.006586	0.020748	0.026257	0.005643	-0.185301	23733000.0
2016-02-17	0.0038280000000000002	0.029829	0.040175	0.022515	0.107281	26313200.0
2016-02-16	0.012328	0.043969	0.044872	0.029161000000000003	0.341339	25705600.0
2016-02-12	0.013205000000000001	0.040007	0.043849	0.017135	0.36084499999999997	23990800.0
2016-02-11	0.004121	0.007915	0.034739	0.004975	0.11215399999999999	34988600.0
2016-02-10	-0.04123	0.023608	0.023784	-0.017787999999999998	-1.170307	43543800.0
2016-02-09	-0.020034	0.008107	0.018463999999999998	-0.013125999999999999	-0.580282	36504600.0
2016-02-08	-0.000168	0.021054	0.030374	-0.00034700000000000003	-0.004873	56001800.0
2016-02-05	0.020615	0.025369	0.047563999999999995	0.021141	0.585155	50661600.0
2016-02-04	0.006397	0.031396	0.053911	0.020937	0.180424	56292600.0
2016-02-03	0.059535000000000005	0.065001	0.088668	0.037014	1.5847930000000001	55999400.0
2016-02-02	-0.02186	0.00865	0.021694	-0.000904	-0.59491	32072000.0
2016-02-01	0.001795	0.013590000000000001	0.033099	0.011933	0.048767000000000005	19480600.0
2016-01-29	0.029568999999999998	0.037307	0.058341	0.033138	0.780203	38275800.0
2016-01-28	-0.000185	0.032189999999999996	0.034083999999999996	0.015896	-0.004875	25528400.0
2016-01-27	-0.013129	0.027052	0.036587	0.008728	-0.351093	24498600.0
2016-01-26	0.011622	0.022532	0.040501	0.020451	0.307209	31481600.0
2016-01-25	-0.020242	0.020736	0.024998	0.0027600000000000003	-0.546149	21362200.0
2016-01-22	0.018594	0.048021	0.048021	0.032353	0.492508	19734200.0
2016-01-21	0.013244	0.025369	0.049086000000000005	0.017145	0.346217	30690000.0
2016-01-20	-0.011797	0.020266	0.020833	-0.010731999999999998	-0.312085	45092200.0
2016-01-19	0.006679999999999999	0.043064	0.043635	0.021373	0.175551	24658400.0
2016-01-15	-0.021072	-0.00704	0.010468	-0.007227	-0.565651	30514400.0
2016-01-14	0.028011	0.025369	0.065579	0.021539	0.731441	26038000.0
2016-01-13	-0.024057	0.036208	0.036955	-0.001354	-0.6436689999999999	32128000.0
2016-01-12	0.002741	0.023495	0.038673	0.01881	0.073143	19905600.0
2016-01-11	0.000915	0.029307999999999997	0.033059	0.011302	0.024386	22735400.0
2016-01-08	0.001099	0.030063	0.05221900000000001	0.024618	0.029255	28184600.0
2016-01-07	-0.011047	0.004386	0.027969	-0.001556	-0.297455	32423400.0
2016-01-06	-0.0077269999999999995	0.011918000000000002	0.025369	0.008786	-0.209679	21650800.0
2016-01-05	0.00018	0.029055	0.032925	0.02242	0.004877	28308800.0
2016-01-04	-0.009612	0.00657	0.015696	0.001094	-0.263325	26524600.0
2015-12-31	-0.0049369999999999995	0.026844	0.038831	0.020669999999999997	-0.135927	15334400.0
2015-12-30	-0.014766999999999999	0.028857999999999998	0.029932	0.014186	-0.41265100000000005	12932600.0
2015-12-29	0.00647	0.035515	0.043259	0.031733	0.179627	14469400.0
2015-12-28	-0.0019199999999999998	0.026697000000000002	0.032628	0.019687	-0.0534	10206200.0
2015-12-24	0.002274	0.034616	0.036417000000000005	0.029391000000000004	0.063108	6986800.0
2015-12-23	0.004922	0.033734	0.03663	0.029389	0.135931	14451800.0
2015-12-22	0.0076159999999999995	0.042336	0.049268	0.035222	0.208754	21063400.0
2015-12-21	0.001064	0.037602	0.037967	0.011488	0.029126999999999997	27997400.0
2015-12-18	-0.017593	0.022577	0.026523	0.010556999999999999	-0.490324	40450800.0
2015-12-17	-0.021976	0.026247000000000003	0.032037	0.006947	-0.626255	20151600.0
2015-12-16	0.01645	0.038671	0.049906	0.031180000000000003	0.46119499999999997	33482200.0
2015-12-15	0.006624	0.042319	0.061708000000000006	0.032804	0.184478	35558800.0
2015-12-14	-0.01035	0.028332999999999997	0.030465	-0.001693	-0.29128200000000004	54096800.0
2015-12-11	-0.028489999999999998	0.015778	0.028377999999999997	7.099999999999999e-05	-0.825298	38607800.0
2015-12-10	0.018433	0.023076	0.059463999999999996	0.023076	0.524307	26647000.0
2015-12-09	-0.015956	0.024396	0.030105	0.004504	-0.46119499999999997	25459800.0
2015-12-08	-0.013749	0.027032	0.028225999999999998	0.002806	-0.402939	31163600.0
2015-12-07	-0.006255	0.02688	0.033323	0.015013	-0.184477	14345400.0
2015-12-04	0.018953	0.029586	0.055153	0.027686000000000002	0.5485800000000001	24459000.0
2015-12-03	-0.014219999999999998	0.028399	0.035552	0.010178	-0.417505	23257200.0
2015-12-02	-0.020567	0.026262	0.029764999999999996	0.006414	-0.616545	18551000.0
2015-12-01	0.014624000000000002	0.040086000000000004	0.045501	0.036363	0.432066	15706200.0
2015-11-30	-0.011853	0.029095999999999997	0.031101999999999998	0.014547	-0.354391	20789600.0
2015-11-27	0.003094	0.028422000000000003	0.036976999999999996	0.023893	0.09224	5672200.0
2015-11-25	-0.004217	0.027926999999999997	0.032103	0.020243999999999998	-0.126223	12174400.0
2015-11-24	-0.0075650000000000005	0.023135	0.026782	0.013022999999999998	-0.22816999999999998	17002800.0
2015-11-23	-0.012242	0.025347	0.031242000000000002	0.012575	-0.373808	12204200.0
2015-11-20	0.004471	0.038156	0.039636000000000005	0.028123000000000002	0.135929	18405200.0
2015-11-19	0.000959	0.029108999999999996	0.037011	0.024499	0.029126999999999997	15694200.0
2015-11-18	0.023393	0.030437	0.055203999999999996	0.028415	0.6942189999999999	17579600.0
2015-11-17	-0.0035859999999999998	0.023553	0.032114	0.017509	-0.1068	16352800.0
2015-11-16	0.018595	0.033694	0.050281	0.028564	0.543723	15435200.0
2015-11-13	-0.020491	0.026749000000000002	0.033951999999999996	0.00799	-0.611691	15579600.0
2015-11-12	-0.000975	0.026585	0.039303	0.022402000000000002	-0.029125	17826400.0
2015-11-11	-0.000325	0.034114	0.034114	0.024579	-0.009711	12102000.0
2015-11-10	0.0035859999999999998	0.028421	0.040676	0.026742000000000002	0.106804	17665600.0
2015-11-09	-0.004220000000000001	0.023579	0.028093	0.011042	-0.126224	17062800.0
2015-11-06	-0.0032359999999999997	0.026766	0.029599	0.013602000000000001	-0.097092	25549200.0
2015-11-05	0.005695	0.030267000000000002	0.037473	0.022391	0.16991199999999998	18900400.0
2015-11-04	-0.017583	0.028944	0.037669	0.006719	-0.534015	27963400.0
2015-11-03	-0.002869	0.024843	0.029932	0.01762	-0.087385	16893400.0
2015-11-02	0.001916	0.030095999999999998	0.040458	0.027957999999999997	0.058258000000000004	15208000.0
2015-10-30	-0.006978	0.030748	0.035158	0.022255	-0.21361	21727000.0
2015-10-29	0.018082	0.032425999999999996	0.052379999999999996	0.02777	0.543728	18254800.0
2015-10-28	0.0065	0.03512	0.047337	0.021397	0.194189	23280800.0
2015-10-27	-0.010293	0.032913	0.035232	-0.011312000000000001	-0.310703	31677000.0
2015-10-26	0.0032270000000000003	0.030763	0.037908	0.026608	0.097095	21324600.0
2015-10-23	0.004538	0.038278	0.038278	0.028263	0.135931	20206200.0
2015-10-22	0.009655	0.030943000000000002	0.044932	0.030943000000000002	0.286429	20590400.0
2015-10-21	-0.007148999999999999	0.033781	0.037462	0.021733000000000002	-0.213606	16405400.0
2015-10-20	-0.00016299999999999998	0.023742	0.033947000000000005	0.023742	-0.0048579999999999995	13245600.0
2015-10-19	0.003914	0.027245	0.034803	0.023381	0.116514	12984000.0
2015-10-16	0.0050810000000000004	0.033477	0.036009	0.026387	0.15049500000000002	12746000.0
2015-10-15	0.017851	0.040242	0.049348	0.031822	0.519454	13963000.0
2015-10-14	-0.003657	0.030617000000000002	0.035068	0.024111	-0.106806	19376000.0
2015-10-13	-0.001825	0.027710000000000002	0.039501999999999995	0.022413	-0.0534	15763000.0
2015-10-12	-0.0036369999999999996	0.032145	0.039807	0.024994	-0.106804	17530600.0
2015-10-09	-0.008034999999999999	0.029594	0.034154000000000004	0.015576	-0.23788099999999998	19038800.0
2015-10-08	0.021440999999999998	0.024756	0.053567	0.018890999999999998	0.6214029999999999	25844400.0
2015-10-07	0.012379000000000001	0.036219	0.047921	0.03098	0.354391	16475200.0
2015-10-06	-0.010902	0.026131	0.034423	0.006093	-0.315554	19083200.0
2015-10-05	0.019668	0.041734	0.051774	0.037154	0.558289	19336200.0
2015-10-02	0.022818	0.024066	0.058658	0.018841	0.633257	23866800.0
2015-10-01	0.009318	0.045974	0.049792	0.027971	0.256201	23793800.0
2015-09-30	0.031556	0.04409	0.068663	0.041839	0.841123	24205400.0
2015-09-29	0.006021	0.04094	0.051697	0.033769	0.159519	29783800.0
2015-09-28	-0.030598	0.034152999999999996	0.034336	-0.00023999999999999998	-0.836282	34506200.0
2015-09-25	-0.004928	0.047442000000000005	0.047442000000000005	0.022139	-0.135355	26290400.0
2015-09-24	-0.009587	0.027483999999999998	0.032533	0.009636	-0.265871	21559000.0
2015-09-23	-0.0058909999999999995	0.042222	0.043656	0.023223	-0.164353	13653800.0
2015-09-22	-0.003109	0.023079	0.033621	0.014146	-0.087015	20346600.0
2015-09-21	0.008185	0.037758	0.049287	0.032894	0.227198	26232400.0
2015-09-18	-0.01779	0.026197	0.03522	0.010804000000000001	-0.502737	154533200.0
2015-09-17	0.01247	0.041500999999999996	0.06174299999999999	0.034515	0.348049	34636800.0
2015-09-16	0.010501	0.035965	0.051351	0.031258	0.290043	24384800.0
2015-09-15	0.015822	0.033416	0.053275	0.027532	0.430227	17238000.0
2015-09-14	-0.002836	0.03947	0.03947	0.022966999999999998	-0.07734500000000001	21249200.0
2015-09-11	-0.002299	0.02903	0.035982	0.023359	-0.062841	22658600.0
2015-09-10	-0.002294	0.031232999999999997	0.039264	0.022106999999999998	-0.062842	23933600.0
2015-09-09	-0.007705	0.049006	0.053715	0.024193	-0.2127	27843000.0
2015-09-08	0.023844	0.051952	0.059925	0.04713	0.642927	22004400.0
2015-09-04	-0.00765	0.019983	0.031576	0.01575	-0.20786	23717800.0
2015-09-03	0.005905	0.039888	0.052845	0.036927	0.15951500000000002	24374800.0
2015-09-02	0.015631	0.052195000000000005	0.055955	0.038659	0.415729	33948400.0
2015-09-01	-0.023256	0.010281	0.031030000000000002	0.006242	-0.633257	32158000.0
2015-08-31	-0.007925	0.033425	0.033789	0.019398	-0.217529	21231400.0
2015-08-28	0.000176	0.031056	0.035611000000000004	0.023586000000000003	0.004832	24273000.0
2015-08-27	0.024728999999999998	0.043670999999999995	0.061594	0.035269	0.662261	31932000.0
2015-08-26	0.028783999999999997	0.05969	0.06679700000000001	0.034912	0.749278	32955600.0
2015-08-25	-0.010292	0.06171	0.064371	0.0235	-0.27071	33201600.0
2015-08-24	-0.04174	-0.028147000000000002	0.025592	-0.089173	-1.145661	52400600.0
2015-08-21	-0.027239999999999997	0.024766999999999997	0.029197000000000004	0.002971	-0.76861	47122800.0
2015-08-20	-0.025868000000000002	0.019663	0.024669	0.002228	-0.749273	37591800.0
2015-08-19	0.003853	0.037281	0.05235700000000001	0.037107999999999995	0.11118299999999999	31978400.0
2015-08-18	-0.011918999999999999	0.035877	0.03913	0.021152	-0.348051	21409800.0
2015-08-17	0.025985	0.032228	0.062618	0.031174	0.739607	26856200.0
2015-08-14	-0.012743	0.030867000000000002	0.034336	0.013871000000000001	-0.367388	27812800.0
2015-08-13	0.003871	0.035206	0.047741000000000006	0.028763999999999998	0.11118299999999999	27787400.0
2015-08-12	0.010546	0.030817	0.048762	0.023427	0.299711	28546800.0
2015-08-11	-0.011101999999999999	0.027724000000000002	0.032596	0.016589	-0.319046	33060400.0
2015-08-10	0.010711	0.048931	0.051041	0.04049	0.304541	22292600.0
2015-08-07	0.001021	0.035568	0.049122000000000006	0.02659	0.029006999999999998	31824800.0
2015-08-06	-0.017556	0.037448	0.041253	-0.01132	-0.507574	76382000.0
2015-08-05	-0.046701	0.035160000000000004	0.037962	-0.017100999999999998	-1.416369	57180200.0
2015-08-04	-0.007436	0.028772000000000002	0.036954	0.023699	-0.22719899999999998	15488000.0
2015-08-03	0.012818000000000001	0.040136	0.049417	0.037982	0.38672199999999995	19139200.0
2015-07-31	0.000802	0.041468	0.044785000000000005	0.030687	0.024172	19432600.0
2015-07-30	-0.0019210000000000002	0.033011	0.03715	0.026886	-0.058005999999999995	19701200.0
2015-07-29	0.001121	0.030855	0.038810000000000004	0.027541000000000003	0.033833999999999996	17613200.0
2015-07-28	0.021273	0.041106000000000004	0.057016	0.034674	0.628424	23735400.0
2015-07-27	-0.01705	0.035833	0.036998	0.012374	-0.512405	24069000.0
2015-07-24	-0.004802000000000001	0.033177	0.04129	0.026057	-0.14502400000000001	20589400.0
2015-07-23	-0.031473	0.04075	0.04075	-0.001906	-0.9813059999999999	41968000.0
2015-07-22	0.0035789999999999997	0.04206	0.045923	0.032243	0.11118399999999999	22448600.0
2015-07-21	-0.0007769999999999999	0.031119	0.035622	0.026617000000000002	-0.02417	18958200.0
2015-07-20	0.000778	0.034335000000000004	0.03675	0.029829	0.02417	13905400.0
2015-07-17	-0.0007769999999999999	0.030476	0.034013999999999996	0.022757	-0.02417	21380400.0
2015-07-16	0.008941	0.040826	0.048938	0.038554000000000005	0.275539	21375600.0
2015-07-15	0.008064	0.031719	0.043331	0.031063999999999998	0.246534	18517000.0
2015-07-14	-0.007533	0.036446	0.03742	0.020863	-0.23203200000000002	20730400.0
2015-07-13	0.008387	0.043175	0.05185	0.042029000000000004	0.256204	21389400.0
2015-07-10	0.019029	0.04401	0.057687999999999996	0.03984	0.570416	24538200.0
2015-07-09	0.005187	0.048251999999999996	0.05127	0.038024	0.15468800000000002	22309000.0
2015-07-08	-0.013118000000000001	0.029041	0.038969	0.019774	-0.396393	30773800.0
2015-07-07	0.00644	0.038832	0.044328	0.021013	0.193363	27454400.0
2015-07-06	-0.0036899999999999997	0.025376	0.038649	0.024214	-0.11118499999999999	26754600.0
2015-07-02	0.001446	0.034668	0.055936	0.032008999999999996	0.04351	39168200.0
2015-07-01	0.035085000000000005	0.038463	0.071657	0.038463	1.019978	43338400.0
2015-06-30	0.002668	0.04451	0.04451	0.028645	0.077343	25268800.0
2015-06-29	-0.017044	0.027725	0.034674	0.015012000000000001	-0.502741	22983000.0
2015-06-26	0.006406	0.044715	0.051538	0.037379	0.18775899999999998	61609400.0
2015-06-25	0.008615000000000001	0.043735	0.0575	0.040293999999999996	0.250346	24223400.0
2015-06-24	-0.0065829999999999994	0.039086	0.042505	0.029856	-0.192574	15829000.0
2015-06-23	-0.0034439999999999996	0.038062	0.040447000000000004	0.029715	-0.101099	17667000.0
2015-06-22	0.007601999999999999	0.041491	0.051102999999999996	0.038402	0.221455	33535600.0
2015-06-19	0.000496	0.035311	0.045614	0.03222	0.014446	46073600.0
2015-06-18	0.014425	0.043625	0.06	0.04258	0.41402799999999995	28950200.0
2015-06-17	0.012568000000000001	0.038397	0.052332000000000004	0.038397	0.35626199999999997	26062200.0
2015-06-16	0.009256	0.038395	0.050857	0.031807999999999996	0.259968	19883600.0
2015-06-15	0.001373	0.031620999999999996	0.043207999999999996	0.025203	0.038515	18597600.0
2015-06-12	-0.008509000000000001	0.032034	0.035568999999999996	0.025671	-0.240715	19971000.0
2015-06-11	0.009101999999999999	0.039465	0.04874	0.036254	0.255156	22679600.0
2015-06-10	0.006569	0.041266000000000004	0.050243	0.038752999999999996	0.182947	20626400.0
2015-06-09	-0.000346	0.035343	0.041804	0.024395	-0.00963	22674200.0
2015-06-08	-0.013972	0.038396	0.040697000000000004	0.021408	-0.39477199999999996	35215000.0
2015-06-05	-0.004411	0.035754	0.038044999999999995	0.022541	-0.125173	22300800.0
2015-06-04	-0.0062369999999999995	0.033145999999999995	0.044876	0.028944	-0.178126	26743200.0
2015-06-03	0.0085	0.043164	0.049874	0.040869	0.240711	27546400.0
2015-06-02	0.000681	0.031152	0.045641	0.030622000000000003	0.019261	22714400.0
2015-06-01	0.005474000000000001	0.043015	0.048167	0.037863	0.154054	25654400.0
2015-05-29	-0.009656	0.039629000000000004	0.042796	0.025906000000000002	-0.274412	26310000.0
2015-05-28	-0.005224	0.034723000000000004	0.037698	0.027197000000000002	-0.149242	23096000.0
2015-05-27	0.012801	0.03875	0.056122000000000005	0.035914	0.361067	29069200.0
2015-05-26	0.012442	0.039471	0.062801	0.038035	0.346632	52480000.0
2015-05-22	0.0057350000000000005	0.038573	0.049042	0.036226999999999995	0.15887	24085600.0
2015-05-21	-0.000521	0.038393000000000004	0.049937999999999996	0.036227999999999996	-0.014444	37799200.0
2015-05-20	0.005940999999999999	0.046921	0.055269000000000006	0.039844	0.163689	30610000.0
2015-05-19	0.004564	0.039302	0.046777	0.036933	0.125171	24279800.0
2015-05-18	0.005826	0.03949	0.048475	0.038757	0.15887300000000001	27916800.0
2015-05-15	0.0017690000000000002	0.042798	0.044819	0.034348000000000004	0.048143	34599200.0
2015-05-14	0.00462	0.046508	0.052598	0.038573	0.12517	27971000.0
2015-05-13	-0.018315	0.040747000000000005	0.043282999999999995	0.018103	-0.505499	51302600.0
2015-05-12	-0.0076170000000000005	0.033539	0.037495	0.028685000000000002	-0.21183200000000002	25538000.0
2015-05-11	-0.010957	0.042485	0.04533	0.026660000000000003	-0.308115	24247400.0
2015-05-08	0.008459999999999999	0.048973	0.053456	0.042698	0.23590500000000003	29829000.0
2015-05-07	0.004509	0.035691	0.048839999999999995	0.032989	0.125168	26825400.0
2015-05-06	-0.005519	0.040544	0.044305000000000004	0.026751	-0.154059	33526400.0
2015-05-05	-0.013609999999999999	0.039103	0.043167000000000004	0.023201	-0.385139	32248000.0
2015-05-04	0.006334	0.067734	0.068623	0.042485	0.178125	42781000.0
2015-05-01	0.011254	0.039293	0.051699	0.030662000000000002	0.312933	31156400.0
2015-04-30	-0.009942	0.038929000000000005	0.049432	0.020237	-0.27923200000000004	46140200.0
2015-04-29	-0.011186	0.034525	0.038925	0.024843	-0.317743	29353800.0
2015-04-28	0.002038	0.040514	0.041925	0.029930000000000002	0.057775	33547800.0
2015-04-27	-0.012743	0.042404000000000004	0.050414999999999995	0.022203999999999998	-0.36589	52688000.0
2015-04-24	0.006922	0.049970999999999995	0.052075	0.032261	0.197388	88707800.0
2015-04-23	0.007999	0.035568999999999996	0.075514	0.033448	0.22626999999999997	123828400.0
2015-04-22	-0.0013599999999999999	0.040691000000000005	0.040691000000000005	0.031689	-0.038515	25151200.0
2015-04-21	0.006328	0.044435	0.058112	0.036264	0.178129	37674400.0
2015-04-20	0.0008560000000000001	0.041773000000000005	0.047818	0.032884	0.024073	38859000.0
2015-04-17	-0.020949000000000002	0.028651999999999997	0.031785	-0.005288	-0.6017859999999999	84976800.0
2015-04-16	-0.004006	0.035279000000000005	0.041	0.032679	-0.115547	22000600.0
2015-04-15	0.015768	0.04456	0.061640999999999994	0.040686	0.447733	28421200.0
2015-04-14	0.003403	0.037160000000000006	0.048291	0.034863	0.096287	19909400.0
2015-04-13	-0.017221	0.036663	0.0384	0.019819	-0.49587700000000007	23886400.0
2015-04-10	0.003692	0.042233	0.048681999999999996	0.036308	0.10591700000000001	31807800.0
2015-04-09	0.006928	0.038749	0.047348	0.036467	0.19738599999999998	23399200.0
2015-04-08	0.014746	0.042847	0.054065999999999996	0.036971	0.41403199999999996	29113400.0
2015-04-07	0.0018899999999999998	0.037860000000000005	0.046959	0.031615	0.052953999999999994	24779600.0
2015-04-06	0.00466	0.033195999999999996	0.051121	0.030686	0.12998800000000002	21333000.0
2015-04-02	0.015422	0.039119	0.058959000000000004	0.030201	0.423658	41127600.0
2015-04-01	0.010448	0.044458	0.049792	0.030849	0.28404	31569000.0
2015-03-31	-0.002473	0.031235000000000002	0.04426	0.023346000000000002	-0.067401	35082600.0
2015-03-30	0.01652	0.044541000000000004	0.06263099999999999	0.044541000000000004	0.442916	26911400.0
2015-03-27	0.000537	0.041743	0.05461799999999999	0.040996	0.014378	29730000.0
2015-03-26	-0.010967	0.034377	0.041944	0.027364999999999997	-0.297148	35943600.0
2015-03-25	-0.018065	0.034175	0.045229000000000005	0.022940000000000002	-0.49845100000000003	37372000.0
2015-03-24	-0.026218	0.034589	0.036883	0.011826	-0.7428779999999999	39785600.0
2015-03-23	-0.0055509999999999995	0.038146	0.044639	0.037444	-0.158169	16912000.0
2015-03-20	0.011915	0.049628	0.056909	0.045366000000000004	0.335499	43115200.0
2015-03-19	-0.004069	0.04412	0.046772	0.033509	-0.11502799999999999	21219200.0
2015-03-18	-0.002368	0.040942	0.045529	0.025945	-0.067097	38054000.0
2015-03-17	-0.010376999999999999	0.022458000000000002	0.037474	0.017046000000000002	-0.29715199999999997	29872800.0
2015-03-16	0.011854	0.048889	0.057899	0.046238999999999995	0.335494	18592400.0
2015-03-13	-0.004719	0.03884	0.042532	0.032333999999999995	-0.1342	24485600.0
2015-03-12	0.021874	0.049884	0.067852	0.048626	0.608685	24032400.0
2015-03-11	-0.010903	0.041636	0.044835	0.029550999999999997	-0.30674	25595600.0
2015-03-10	-0.030873	0.036174	0.037380000000000004	0.009822	-0.8962479999999999	31716400.0
2015-03-09	0.0033130000000000004	0.043063	0.048938	0.042717000000000005	0.095858	16362200.0
2015-03-06	0.000663	0.03995	0.04825	0.036492000000000004	0.019169	35454600.0
2015-03-05	-0.001655	0.041164	0.043236000000000004	0.032014	-0.047925999999999996	22161000.0
2015-03-04	0.007838	0.040451999999999995	0.051587	0.035232	0.22525599999999998	24502600.0
2015-03-03	0.001503	0.040796	0.045675	0.035743000000000004	0.04314	23835000.0
2015-03-02	0.008251999999999999	0.045519	0.055709	0.045344	0.234842	23349200.0
2015-02-27	0.003889	0.046234	0.049056	0.039885000000000004	0.11023800000000002	19520000.0
2015-02-26	-0.007883	0.038686	0.041136	0.029762	-0.225264	23584000.0
2015-02-25	0.007605	0.039356999999999996	0.055929999999999994	0.039356999999999996	0.215675	33931400.0
2015-02-24	0.016492	0.046641	0.064025	0.044311	0.46011199999999997	40258000.0
2015-02-23	-0.004958	0.038955000000000004	0.04698	0.034319	-0.138998	35090000.0
2015-02-20	0.011236	0.044858999999999996	0.0564	0.037285000000000006	0.311535	27035600.0
2015-02-19	-0.0063549999999999995	0.042519	0.042519	0.033559	-0.177334	20639200.0
2015-02-18	-0.009864	0.041994	0.041994	0.030107	-0.277979	24107400.0
2015-02-17	-0.011266	0.038148	0.039376	0.024115	-0.321119	31513800.0
2015-02-13	0.018671	0.045380000000000004	0.063428	0.04395	0.522415	29040000.0
2015-02-12	0.010384000000000001	0.044861	0.054611	0.041972	0.287569	23389600.0
2015-02-11	0.006445	0.042509	0.052685	0.036876	0.177332	22396400.0
2015-02-10	0.005605	0.044149	0.05018	0.036108999999999995	0.153368	18011400.0
2015-02-09	0.002987	0.041402999999999995	0.048917	0.036821	0.08147599999999999	17200800.0
2015-02-06	-0.000878	0.045799	0.051659000000000004	0.039389999999999994	-0.023964	21181000.0
2015-02-05	0.00123	0.041219	0.052403	0.038469	0.03355	25603200.0
2015-02-04	0.026889999999999997	0.043989	0.09162200000000001	0.032316000000000004	0.714123	80115800.0
2015-02-03	0.029733999999999997	0.044593	0.077164	0.044205	0.766848	36466200.0
2015-02-02	0.012418	0.043236000000000004	0.058741999999999996	0.029495999999999998	0.31632	36911800.0
2015-01-30	-0.013365	0.031616000000000005	0.043817	0.026775	-0.34507899999999997	56380800.0
2015-01-29	-0.013189	0.048395	0.05221699999999999	0.022787	-0.34508099999999997	41683600.0
2015-01-28	-0.031405	0.045642	0.048418	0.009362	-0.8483200000000001	39778400.0
2015-01-27	-0.005821	0.034955	0.045812	0.030906	-0.158162	19046600.0
2015-01-26	0.0067480000000000005	0.043236000000000004	0.053239999999999996	0.038974	0.182125	17307800.0
2015-01-23	-0.004596	0.043604000000000004	0.044711	0.034568	-0.12461400000000002	21703800.0
2015-01-22	0.014344999999999998	0.046603	0.060258000000000006	0.041178	0.383424	26890400.0
2015-01-21	-0.000717	0.035946	0.047348	0.031272	-0.019168	27846600.0
2015-01-20	-0.016911000000000002	0.042868	0.042868	0.019162000000000002	-0.46011199999999997	27553800.0
2015-01-16	0.01375	0.039695999999999995	0.06130599999999999	0.036343	0.36904499999999996	31034000.0
2015-01-15	0.003225	0.046787	0.054636000000000004	0.036134	0.086272	32459800.0
2015-01-14	-0.017945	0.024881999999999998	0.032957	0.009464	-0.48886199999999996	48721200.0
2015-01-13	0.011928	0.055679	0.076481	0.048065	0.321114	34857800.0
2015-01-12	-0.002132	0.042309	0.051019	0.033598	-0.057516	22483200.0
2015-01-09	-0.001596	0.047491000000000005	0.050452	0.037685	-0.043131	22225800.0
2015-01-08	0.021747	0.054012	0.07859	0.051176	0.575132	31532400.0
2015-01-07	-0.0009050000000000001	0.047769	0.051169	0.034547	-0.023962999999999998	22123800.0
2015-01-06	-0.013045	0.041743999999999996	0.042863	0.022729	-0.349873	33973200.0
2015-01-05	-0.020394	0.038214	0.042779000000000005	0.016481	-0.558355	33001400.0
2015-01-02	-0.011378000000000001	0.047164	0.053483	0.026220999999999998	-0.315087	21170000.0
2014-12-31	-0.014609	0.046277	0.05499400000000001	0.028842000000000003	-0.410566	24685400.0
2014-12-30	-0.00016999999999999999	0.041652999999999996	0.053037	0.040763	-0.00477	16378000.0
2014-12-29	0.008392	0.042681000000000004	0.059183000000000006	0.042143	0.233921	14340000.0
2014-12-26	0.005511	0.046984	0.056001999999999996	0.043016000000000006	0.152775	11381800.0
2014-12-24	0.002936	0.048611	0.05313300000000001	0.044088999999999996	0.081153	9601600.0
2014-12-23	0.011884	0.052287	0.065282	0.049175	0.324629	22642800.0
2014-12-22	0.000875	0.048261	0.059069	0.04533	0.023874	38352800.0
2014-12-19	0.015633	0.044926	0.066881	0.044926	0.42011099999999996	42608400.0
2014-12-18	0.017166999999999998	0.04848	0.07005499999999999	0.040531	0.45352600000000004	34912000.0
2014-12-17	0.00967	0.046007	0.060339	0.046007	0.253021	25609200.0
2014-12-16	-0.002366	0.044866	0.064502	0.043532	-0.062061	31555800.0
2014-12-15	-0.0074069999999999995	0.053589	0.054914	0.037505000000000004	-0.195734	25869600.0
2014-12-12	-0.009839	0.030482	0.048843	0.030107	-0.26256999999999997	22725600.0
2014-12-11	0.005938000000000001	0.05036	0.06393	0.045648	0.15754100000000001	20965400.0
2014-12-10	-0.011034	0.044176	0.050141000000000005	0.031127999999999996	-0.295984	24384000.0
2014-12-09	-0.003017	0.03954	0.050875	0.03415	-0.081163	20381600.0
2014-12-08	0.00035499999999999996	0.046229	0.053850999999999996	0.041395999999999995	0.009552	19142600.0
2014-12-05	-0.000709	0.046044	0.053846000000000005	0.043443999999999997	-0.019094999999999997	16007400.0
2014-12-04	-0.013300999999999999	0.042029000000000004	0.048994	0.028281999999999998	-0.362821	30072400.0
2014-12-03	0.002104	0.048079000000000004	0.051569000000000004	0.038161	0.057285	20754200.0
2014-12-02	0.00742	0.045308999999999995	0.05770700000000001	0.041793000000000004	0.200504	19869000.0
2014-12-01	-0.007714	0.046058999999999996	0.046058999999999996	0.033389999999999996	-0.210054	23172200.0
2014-11-28	0.003166	0.05508099999999999	0.05508099999999999	0.045870999999999995	0.085936	11071000.0
2014-11-26	0.004239	0.050119	0.052709000000000006	0.0442	0.114576	18401600.0
2014-11-25	0.02908	0.059147000000000005	0.07913400000000001	0.054577999999999995	0.763832	35094800.0
2014-11-24	0.017381999999999998	0.051993	0.065937	0.050831	0.448755	25826000.0
2014-11-21	-0.005517	0.056397	0.062945	0.03733	-0.143219	37783800.0
2014-11-20	0.0	0.047152	0.049078	0.040989	0.0	18481000.0
2014-11-19	-0.000735	0.045612	0.047152	0.037529	-0.019098	33381000.0
2014-11-18	0.004986	0.048312	0.055661	0.039994999999999996	0.128899	27635600.0
2014-11-17	0.000924	0.045602	0.052184	0.039407	0.02387	26111400.0
2014-11-14	-0.0036829999999999996	0.050816	0.050816	0.037122	-0.09548	20037200.0
2014-11-13	0.013059999999999999	0.049299	0.06708	0.043632	0.334185	41505600.0
2014-11-12	0.012084000000000001	0.048136	0.067714	0.045763	0.305532	57806400.0
2014-11-11	0.00018899999999999999	0.04596	0.050114	0.019851	0.004769	77970600.0
2014-11-10	-0.039891	0.049054	0.049244	-0.016465	-1.050276	132254000.0
2014-11-07	-0.0041530000000000004	0.048669	0.048669	0.028811	-0.109797	35044400.0
2014-11-06	0.0052640000000000004	0.050767	0.054189	0.038029	0.138441	20029200.0
2014-11-05	0.00842	0.051946000000000006	0.059039	0.044085	0.21960700000000002	18835800.0
2014-11-04	-0.017446	0.047721	0.049793000000000004	0.020973	-0.463078	27244000.0
2014-11-03	0.004517	0.045642	0.056049	0.045642	0.119351	23589600.0
2014-10-31	0.018399000000000002	0.073167	0.073167	0.055245	0.47739799999999993	35385800.0
2014-10-30	-0.010018	0.038188	0.047345	0.031701	-0.26256599999999997	26433400.0
2014-10-29	0.003106	0.044664999999999996	0.051172	0.040073000000000004	0.08115399999999999	33287400.0
2014-10-28	0.012581	0.049282	0.066722	0.049282	0.32463200000000003	29059200.0
2014-10-27	-0.00387	0.046380000000000005	0.052749000000000004	0.038852	-0.100252	26566400.0
2014-10-24	0.019541	0.056594000000000005	0.07587999999999999	0.051476999999999995	0.49649099999999996	44809800.0
2014-10-23	0.033599000000000004	0.06138	0.088636	0.055888	0.8258969999999999	43760400.0
2014-10-22	-0.013413	0.047344	0.055572	0.030487	-0.334181	44764200.0
2014-10-21	0.017349	0.055103	0.07756	0.053877999999999995	0.424889	56237000.0
2014-10-20	0.012234	0.047345	0.06346399999999999	0.038044999999999995	0.295986	28391000.0
2014-10-17	0.02198	0.05558099999999999	0.087684	0.05558099999999999	0.520363	58475800.0
2014-10-16	-0.024779	0.031897	0.035193	0.020156999999999998	-0.601521	89564800.0
2014-10-15	-0.012046	0.032897	0.043477999999999996	0.0037990000000000003	-0.295986	82495000.0
2014-10-14	-0.0032920000000000002	0.05566	0.06174400000000001	0.041666	-0.081161	53808600.0
2014-10-13	-0.018624	0.041573	0.055505	0.026445999999999997	-0.467846	44243400.0
2014-10-10	-0.013128	0.049505	0.057952	0.033006	-0.334179	55154800.0
2014-10-09	-0.026474	0.047345	0.047536	0.019043	-0.692229	37937000.0
2014-10-08	0.029124	0.05069	0.086507	0.045574	0.7399680000000001	45371600.0
2014-10-07	-0.003184	0.043225	0.049895	0.032436	-0.081162	24809000.0
2014-10-06	-0.0048460000000000005	0.049102	0.052225	0.039536	-0.12411900000000001	16436600.0
2014-10-03	0.015328999999999999	0.048138	0.07113	0.048138	0.386693	29002800.0
2014-10-02	-0.0017	0.045366000000000004	0.048136	0.021818999999999998	-0.042967	36106400.0
2014-10-01	-0.015805	0.045592	0.046370999999999996	0.027286	-0.405787	31960000.0
2014-09-30	-0.007016	0.048698000000000005	0.053725999999999996	0.038062	-0.181412	29437000.0
2014-09-29	0.002684	0.040655000000000004	0.053453	0.035614	0.06922400000000001	24694600.0
2014-09-26	0.005562	0.048588	0.058336	0.046833	0.142622	21072400.0
2014-09-25	-0.01677	0.050941	0.051324	0.030619	-0.437382	27724200.0
2014-09-24	-0.002001	0.054768	0.05496	0.035827	-0.052302999999999995	32200200.0
2014-09-23	-0.015931999999999998	0.054154999999999995	0.054154999999999995	0.034574	-0.423113	26622000.0
2014-09-22	-0.015509	0.048186	0.05078	0.026683999999999996	-0.418371	29860000.0
2014-09-19	-0.001935	0.059292	0.059476999999999995	0.045232999999999995	-0.052292	41755200.0
2014-09-18	-0.004204	0.051891999999999994	0.056680999999999995	0.045075	-0.114102	29141200.0
2014-09-17	-0.0024460000000000003	0.051891	0.054279999999999995	0.043989	-0.066558	20101800.0
2014-09-16	0.0036829999999999996	0.052445000000000006	0.05631799999999999	0.047281000000000004	0.09983600000000001	18240800.0
2014-09-15	-0.001051	0.05318099999999999	0.059262	0.048022	-0.028527999999999998	26096200.0
2014-09-12	0.001755	0.050231	0.054661	0.045985000000000005	0.047546	22575600.0
2014-09-11	0.00123	0.050968	0.055773	0.045239	0.033280000000000004	19394000.0
2014-09-10	0.005299	0.050407	0.059882000000000005	0.041118	0.142625	27078000.0
2014-09-09	0.013064	0.049072000000000005	0.068458	0.047189999999999996	0.34705199999999997	40113000.0
2014-09-08	0.003232	0.048119999999999996	0.057372	0.046421	0.085579	23610800.0
2014-09-05	0.014941999999999999	0.054007000000000006	0.069146	0.051516	0.389841	28405400.0
2014-09-04	0.000182	0.058799000000000004	0.061674	0.050941	0.004755	26368800.0
2014-09-03	0.001643	0.05094	0.056891	0.048636	0.042788	17900200.0
2014-09-02	0.0010960000000000002	0.051515	0.056512	0.044596	0.028522000000000002	19070200.0
2014-08-29	0.003668	0.058651999999999996	0.059615999999999995	0.049970999999999995	0.095083	13517200.0
2014-08-28	-0.000733	0.047081	0.053635	0.046310000000000004	-0.019015999999999998	11142200.0
2014-08-27	0.0	0.054213	0.058261	0.047852	0.0	16269400.0
2014-08-26	-0.0016469999999999998	0.053632000000000006	0.053632000000000006	0.045549	-0.042788	18480200.0
2014-08-25	0.008675	0.05500700000000001	0.062384	0.052095	0.223446	18832400.0
2014-08-22	-0.004776	0.048423	0.054604999999999994	0.041662	-0.12360499999999999	16289200.0
2014-08-21	-0.00366	0.051707	0.055365	0.046125	-0.095084	14949200.0
2014-08-20	0.002569	0.048041	0.057303999999999994	0.048041	0.066557	14677400.0
2014-08-19	-0.004202	0.050939	0.054782000000000004	0.045558	-0.10934400000000001	14694200.0
2014-08-18	0.00183	0.058253	0.060754999999999997	0.04882	0.047539	15186400.0
2014-08-15	0.004782	0.060025	0.061765999999999995	0.047452	0.12361099999999998	21415200.0
2014-08-14	0.004804999999999999	0.053262000000000004	0.05773300000000001	0.051124	0.123608	13077200.0
2014-08-13	0.005762	0.057375999999999996	0.06285	0.054053	0.147377	18251800.0
2014-08-12	0.00093	0.048576999999999995	0.059142999999999994	0.048576999999999995	0.023773	16614800.0
2014-08-11	0.004673	0.053279999999999994	0.065075	0.052494000000000006	0.11885599999999999	15617000.0
2014-08-08	0.015566	0.051907	0.069276	0.051907	0.389838	23684600.0
2014-08-07	-0.004159	0.05588200000000001	0.057473	0.044153	-0.10459	23479200.0
2014-08-06	-0.005265	0.047554	0.056058000000000004	0.043994	-0.13311900000000002	20069000.0
2014-08-05	-0.012442	0.051903	0.051903	0.033349000000000004	-0.31852600000000003	27339000.0
2014-08-04	0.008616	0.051904	0.065299	0.051904	0.218689	21853200.0
2014-08-01	-0.006328	0.047988	0.054643	0.040355	-0.16164	19903400.0
2014-07-31	-0.030319	0.043736000000000004	0.044874000000000004	0.017922	-0.798702	30526800.0
2014-07-30	0.007638	0.055532000000000005	0.060504999999999996	0.050368	0.199674	25923000.0
2014-07-29	0.004751	0.062469000000000004	0.08552799999999999	0.055742999999999994	0.12361199999999999	36491800.0
2014-07-28	0.006251	0.054221000000000005	0.060022000000000006	0.045906	0.16164	17571600.0
2014-07-25	-0.013423	0.051898	0.053233	0.034538	-0.351812	19935400.0
2014-07-24	0.007677	0.056513	0.062088	0.051707	0.199678	26207600.0
2014-07-23	0.001464	0.049782	0.05882999999999999	0.044392	0.038033	26711800.0
2014-07-22	0.01505	0.069881	0.079456	0.059524	0.385089	31778200.0
2014-07-21	-0.013201	0.043608	0.050164999999999994	0.031653	-0.342302	35370000.0
2014-07-18	0.006273	0.062186	0.062186	0.052095	0.161642	23198000.0
2014-07-17	-0.01544	0.041773000000000005	0.053809	0.033558	-0.404104	30709000.0
2014-07-16	0.002915	0.055923	0.06397	0.051516	0.07606900000000001	37157800.0
2014-07-15	-0.002907	0.048076999999999995	0.054	0.042919	-0.07606900000000001	19715400.0
2014-07-14	0.009165999999999999	0.056334	0.065203	0.048237	0.237709	27396400.0
2014-07-11	0.0034950000000000003	0.05074	0.057125	0.048031	0.09033200000000001	14109000.0
2014-07-10	-0.0067599999999999995	0.043829	0.05266799999999999	0.039217	-0.175905	20308600.0
2014-07-09	0.026637	0.056639	0.079919	0.05368	0.675091	31708000.0
2014-07-08	-0.016058000000000003	0.04666	0.052484	0.033655000000000004	-0.41361499999999995	29228400.0
2014-07-07	-0.013115	0.045002	0.048833999999999995	0.031784	-0.3423	22482800.0
2014-07-03	0.006232	0.055177	0.059611000000000004	0.050743	0.161642	15269800.0
2014-07-02	0.008316	0.053457000000000005	0.061230999999999994	0.050347	0.21394000000000002	18373800.0
2014-07-01	0.00801	0.055234000000000005	0.064638	0.051903	0.204427	22481400.0
2014-06-30	-0.004174000000000001	0.05161	0.05161	0.045170999999999996	-0.10696900000000001	31397800.0
2014-06-27	0.009888	0.057674	0.069101	0.054717999999999996	0.250927	32415800.0
2014-06-26	0.0073290000000000004	0.055501999999999996	0.06463200000000001	0.052922000000000004	0.184642	18776200.0
2014-06-25	0.010828	0.056499	0.070342	0.052486	0.269862	26891600.0
2014-06-24	0.004005	0.056298	0.067579	0.052270000000000004	0.09941799999999999	23433800.0
2014-06-23	-0.005878	0.056698	0.056698	0.048487999999999996	-0.146763	15939800.0
2014-06-20	-0.003778	0.06268	0.06268	0.049314	-0.09469	34834600.0
2014-06-19	0.0053170000000000005	0.055897	0.062113999999999996	0.052888	0.13256500000000002	18794200.0
2014-06-18	0.008812	0.057513	0.067629	0.051849	0.217781	19601800.0
2014-06-17	-0.002865	0.054685000000000004	0.056097	0.049037	-0.071009	15988200.0
2014-06-16	-0.002287	0.054286	0.056298	0.048851	-0.056817999999999994	14121200.0
2014-06-13	-0.003797	0.055696	0.057701	0.048678	-0.094689	19548000.0
2014-06-12	-0.000759	0.05189	0.0577	0.050086	-0.018938999999999998	19549400.0
2014-06-11	-0.003215	0.050106	0.0543	0.049307	-0.080485	20246800.0
2014-06-10	-0.001322	0.056097	0.058490999999999994	0.047521	-0.033142000000000005	20496200.0
2014-06-09	0.0007559999999999999	0.053103	0.062285	0.052305	0.018938	23375800.0
2014-06-06	0.0037939999999999996	0.060305	0.061908000000000005	0.049686	0.094689	18442000.0
2014-06-05	0.008032	0.059127	0.06579199999999999	0.05205800000000001	0.198848	14681000.0
2014-06-04	-0.000573	0.05529	0.057914	0.048427	-0.014204	27464800.0
2014-06-03	-0.004566	0.05207899999999999	0.05449	0.049868	-0.113626	15600000.0
2014-06-02	0.006895999999999999	0.054276	0.067427	0.05366900000000001	0.17043699999999998	20537000.0
2014-05-30	0.002497	0.058328	0.060559	0.051432000000000005	0.061551999999999996	21663600.0
2014-05-29	0.004243	0.060374000000000004	0.062819	0.054671000000000004	0.104152	18987200.0
2014-05-28	-0.004034	0.058329	0.058329	0.046157	-0.09942000000000001	17307200.0
2014-05-27	0.001732	0.05812899999999999	0.062397	0.053659000000000005	0.04261	18778800.0
2014-05-23	0.005222	0.059570000000000005	0.064677	0.057731	0.127825	18252000.0
2014-05-22	0.006816	0.054452	0.06926	0.053835	0.165708	22344800.0
2014-05-21	0.013819999999999999	0.05505499999999999	0.07131799999999999	0.053595000000000004	0.331408	25162400.0
2014-05-20	-0.004912	0.053814999999999995	0.056927	0.046553	-0.11835899999999999	24990000.0
2014-05-19	0.014146	0.057149	0.071879	0.04747	0.336142	28002800.0
2014-05-16	-0.002385	0.054208000000000006	0.056097	0.046231	-0.056812	25461800.0
2014-05-15	0.009633	0.055249	0.067118	0.041897000000000004	0.227252	33025400.0
2014-05-14	-0.005588	0.057362	0.059048	0.047035	-0.13256600000000002	31636000.0
2014-05-13	-0.010661	0.060266999999999994	0.060684	0.04317	-0.255657	50113200.0
2014-05-12	-0.006862999999999999	0.058375	0.06044600000000001	0.045122	-0.165701	29710600.0
2014-05-09	-0.001957	0.055477	0.056717	0.035223000000000004	-0.047346	30732800.0
2014-05-08	-0.01237	0.05426	0.05650499999999999	0.036502	-0.303002	37924600.0
2014-05-07	-0.001351	0.060582000000000004	0.063843	0.045497	-0.033144	28597600.0
2014-05-06	-0.01239	0.04885	0.05347999999999999	0.038784	-0.307735	32064200.0
2014-05-05	0.008264	0.052038	0.065231	0.050008	0.203579	27093400.0
2014-05-02	-0.001535	0.06238	0.06238	0.047382	-0.037877999999999995	26765400.0
2014-05-01	0.006762000000000001	0.057322000000000005	0.063239	0.055281	0.16571	26996400.0
2014-04-30	0.004074	0.055687	0.065111	0.051385	0.09942100000000001	30431600.0
2014-04-29	-0.002902	0.062225	0.062225	0.046292	-0.07102	34263800.0
2014-04-28	0.014322	0.0677	0.073502	0.051953	0.345615	43184000.0
2014-04-25	-0.0077870000000000005	0.053836	0.056714	0.045818	-0.189375	32738400.0
2014-04-24	0.003124	0.058984	0.07094600000000001	0.054447	0.075749	33769200.0
2014-04-23	0.007476000000000001	0.059005999999999996	0.068356	0.054227	0.17990799999999998	33427600.0
2014-04-22	0.019046	0.07113	0.09293799999999999	0.06922400000000001	0.44976800000000006	73147600.0
2014-04-21	0.015886	0.062335	0.073089	0.060828999999999994	0.369282	31705600.0
2014-04-17	-0.001423	0.051587	0.063185	0.047076	-0.033134	30275600.0
2014-04-16	0.015699	0.063515	0.073768	0.05784299999999999	0.359813	41936800.0
2014-04-15	-0.005138	0.05805	0.062390999999999995	0.03613	-0.11836400000000001	35995400.0
2014-04-14	0.014596000000000001	0.061382000000000006	0.075475	0.059179999999999996	0.331411	32360000.0
2014-04-11	-0.0095	0.050644	0.062203999999999995	0.044974	-0.217782	34034400.0
2014-04-10	-0.027516000000000002	0.053764	0.059066999999999995	0.026402	-0.648619	38223400.0
2014-04-09	0.019243	0.054584	0.078581	0.052205999999999995	0.445043	40873600.0
2014-04-08	-0.004686999999999999	0.058464	0.058464	0.038668	-0.10889800000000001	47068600.0
2014-04-07	-0.021921	0.054624	0.056728999999999995	0.023686000000000002	-0.520784	43991200.0
2014-04-04	-0.018387999999999998	0.057337	0.06622	0.036470999999999996	-0.445032	36551000.0
2014-04-03	0.0043219999999999995	0.053191999999999996	0.064604	0.052570000000000006	0.104156	28816400.0
2014-04-02	0.019427	0.058001	0.078095	0.058001	0.459236	31894400.0
2014-04-01	-0.002198	0.062429	0.063273	0.047444	-0.052076	27944000.0
2014-03-31	0.01429	0.06690700000000001	0.078681	0.065623	0.333773	34758200.0
2014-03-28	0.009369	0.06717999999999999	0.076903	0.05896900000000001	0.216795	31930800.0
2014-03-27	-0.01048	0.056424	0.060272000000000006	0.047658	-0.24506999999999998	25188400.0
2014-03-26	-0.001006	0.062409000000000006	0.075652	0.058778	-0.023561000000000002	38860400.0
2014-03-25	-0.012525	0.061967999999999995	0.064921	0.04172	-0.296921	36882000.0
2014-03-24	0.006	0.066218	0.071523	0.046698	0.14139200000000002	36854000.0
2014-03-21	-0.012053	0.062591	0.075588	0.046239999999999996	-0.287489	47988600.0
2014-03-20	0.014634999999999999	0.063466	0.083672	0.061339	0.344042	30960200.0
2014-03-19	-0.00677	0.060702	0.062391999999999996	0.045703	-0.160243	42753800.0
2014-03-18	-0.011028	0.059869000000000006	0.059869000000000006	0.043991	-0.263917	32672400.0
2014-03-17	0.0027649999999999997	0.068037	0.068246	0.060285000000000005	0.06598	25698000.0
2014-03-14	0.0035670000000000003	0.05797000000000001	0.067852	0.055027	0.084834	31716000.0
2014-03-13	-0.0102	0.06361900000000001	0.06528400000000001	0.044057	-0.24507600000000002	30253200.0
2014-03-12	-0.004686	0.056357000000000004	0.060292	0.048279	-0.11311099999999999	22211000.0
2014-03-11	-0.005823	0.064826	0.065856	0.050206	-0.14138399999999998	23851600.0
2014-03-10	-0.002131	0.061736	0.066256	0.054338	-0.051842	19885000.0
2014-03-07	-0.009211	0.065189	0.066207	0.047273	-0.226225	25983400.0
2014-03-06	0.00424	0.065616	0.06970499999999999	0.059687	0.10368699999999999	25728400.0
2014-03-05	0.010319	0.06112000000000001	0.07950399999999999	0.056163	0.249783	33179800.0
2014-03-04	0.007059	0.069234	0.073187	0.065698	0.16966199999999998	25819600.0
2014-03-03	-0.013347999999999999	0.048394	0.05229400000000001	0.038747000000000004	-0.325183	33500800.0
2014-02-28	0.011942	0.065483	0.081683	0.06174400000000001	0.287485	38390000.0
2014-02-27	0.007893	0.060286	0.07535800000000001	0.057146	0.18851800000000002	35472600.0
2014-02-26	-0.001773	0.06404800000000001	0.06404800000000001	0.049003	-0.042419	30516400.0
2014-02-25	-0.007429000000000001	0.063195	0.067343	0.041002	-0.179089	40828000.0
2014-02-24	0.001959	0.074838	0.077747	0.06257599999999999	0.047129000000000004	32759800.0
2014-02-21	-0.013716999999999998	0.067063	0.067063	0.045336	-0.33461399999999997	48104800.0
2014-02-20	0.003684	0.065234	0.07264	0.055976	0.089544	51477200.0
2014-02-19	-0.036614999999999995	0.055761	0.057742999999999996	0.014934000000000001	-0.923732	80405600.0
2014-02-18	-0.003166	0.06605	0.066248	0.050838	-0.08012000000000001	40541400.0
2014-02-14	0.013781	0.061715	0.083746	0.061515	0.344041	71649800.0
2014-02-13	-0.041093	0.027880000000000002	0.042668	0.013475999999999998	-1.069832	166539600.0
2014-02-12	0.0043630000000000006	0.06535	0.066315	0.061492	0.113106	16028000.0
2014-02-11	0.01196	0.060133000000000006	0.07457799999999999	0.059547	0.306341	15863800.0
2014-02-10	-0.005307	0.063438	0.063438	0.052565	-0.136673	13889200.0
2014-02-07	0.011290000000000001	0.067786	0.07662200000000001	0.064055	0.287487	19533200.0
2014-02-06	0.012177	0.068069	0.076217	0.061311000000000004	0.306342	15802000.0
2014-02-05	-0.002616	0.052588	0.063689	0.047236	-0.065979	18229000.0
2014-02-04	0.014213	0.063929	0.0776	0.049253	0.353466	28050200.0
2014-02-03	-0.030854000000000003	0.066564	0.070851	0.023504	-0.791767	38305400.0
2014-01-31	0.004797999999999999	0.035463	0.070898	0.035463	0.12253299999999999	32120400.0
2014-01-30	0.021297	0.065912	0.086707	0.059314	0.532561	28997600.0
2014-01-29	-0.005436	0.059522000000000005	0.063101	0.044209	-0.136677	30432000.0
2014-01-28	0.016384	0.091433	0.094061	0.067381	0.405312	33004600.0
2014-01-27	0.0017170000000000002	0.063141	0.09067599999999999	0.049777999999999996	0.042413	37906400.0
2014-01-24	-0.012811000000000001	0.053717999999999995	0.056915999999999994	0.042925	-0.32047600000000004	28670400.0
2014-01-23	-0.012281	0.050845	0.057754999999999994	0.042949	-0.311055	18490600.0
2014-01-22	0.008066	0.060118	0.070267	0.05474400000000001	0.202658	16374800.0
2014-01-21	-0.004296	0.07102	0.076172	0.051401999999999996	-0.108396	17160200.0
2014-01-17	0.0	0.05655399999999999	0.063292	0.051799	0.0	24300800.0
2014-01-16	-0.009802	0.060913999999999996	0.065427	0.044432	-0.249783	20263000.0
2014-01-15	0.023859	0.069753	0.09787799999999999	0.068146	0.5938260000000001	29155000.0
2014-01-14	0.012462	0.068439	0.074948	0.057253	0.30634	17588800.0
2014-01-13	-0.025775	0.060319000000000005	0.063886	0.030398	-0.650383	23041800.0
2014-01-10	0.012481	0.063723	0.077767	0.054895000000000006	0.311056	21307600.0
2014-01-09	0.002464	0.06393099999999999	0.069361	0.052064	0.061265999999999994	20919200.0
2014-01-08	-0.001515	0.058102	0.073364	0.054688	-0.037709	29731600.0
2014-01-07	0.035476	0.06756799999999999	0.106245	0.06278500000000001	0.853039	37161400.0
2014-01-06	-0.0009789999999999998	0.06216	0.072339	0.052604	-0.023561000000000002	17987800.0
2014-01-03	-0.007386	0.064625	0.066275	0.048541	-0.179091	13371400.0
2014-01-02	-0.010006000000000001	0.057442999999999994	0.059485	0.046624	-0.245071	19522400.0
2013-12-31	0.001928	0.06111799999999999	0.065413	0.057641	0.04713	18645400.0
2013-12-30	0.00533	0.060194000000000004	0.06965299999999999	0.059988	0.129601	11175400.0
2013-12-27	0.005436	0.06967899999999999	0.07091900000000001	0.06099500000000001	0.13147	11208400.0
2013-12-26	0.004485	0.062847	0.070323	0.062847	0.10798800000000001	8146600.0
2013-12-24	0.005686999999999999	0.063253	0.071189	0.059284	0.136158	6370800.0
2013-12-23	0.000981	0.066178	0.075585	0.063669	0.023474000000000002	15729600.0
2013-12-20	0.003151	0.06261699999999999	0.075829	0.061568	0.075128	33617400.0
2013-12-19	0.010145	0.064288	0.076363	0.05878	0.23945100000000002	21741400.0
2013-12-18	0.024873	0.069483	0.092062	0.057325	0.572813	24603200.0
2013-12-17	-0.0038590000000000005	0.072925	0.072925	0.054110000000000005	-0.089213	14588200.0
2013-12-16	0.004693	0.074267	0.078178	0.063837	0.107991	19437600.0
2013-12-13	0.006986	0.06908099999999999	0.082428	0.065361	0.159641	22730600.0
2013-12-12	0.000205	0.061859000000000004	0.075866	0.061422000000000004	0.004688	15404400.0
2013-12-11	-0.014780000000000001	0.063198	0.06492300000000001	0.048968	-0.34274499999999997	19972000.0
2013-12-10	0.0050880000000000005	0.067091	0.074242	0.064273	0.117382	19057400.0
2013-12-09	-0.002639	0.068598	0.070327	0.057359	-0.061037	14867000.0
2013-12-06	0.003871	0.07381900000000001	0.076423	0.060801	0.08920499999999999	21817200.0
2013-12-05	0.004092	0.060348	0.069499	0.050327	0.093907	21093800.0
2013-12-04	0.002255	0.063613	0.075404	0.053569000000000006	0.051642999999999994	19376400.0
2013-12-03	-0.007125	0.068175	0.06991	0.045845	-0.16433	22124600.0
2013-12-02	-0.015038999999999999	0.063856	0.065564	0.04784	-0.35214	22818600.0
2013-11-29	0.001808	0.063854	0.072839	0.062355999999999995	0.042261	11199200.0
2013-11-27	0.0	0.062141999999999996	0.07005800000000001	0.055511000000000005	0.0	16559600.0
2013-11-26	-0.002605	0.06769700000000001	0.073031	0.05745599999999999	-0.061038999999999996	25052400.0
2013-11-25	0.007876000000000001	0.064063	0.091374	0.061052999999999996	0.183113	35668600.0
2013-11-22	0.043625	0.065821	0.121031	0.065821	0.9719030000000001	54354000.0
2013-11-21	0.012806999999999999	0.071515	0.084472	0.066514	0.281706	14157200.0
2013-11-20	-0.012853	0.070309	0.073674	0.049217000000000004	-0.286402	16696200.0
2013-11-19	0.0016879999999999998	0.064024	0.069194	0.058629999999999995	0.037558	12540600.0
2013-11-18	-0.007333	0.062915	0.069163	0.056222	-0.16433	16773000.0
2013-11-15	0.000839	0.06604	0.071622	0.058448	0.018778	20027400.0
2013-11-14	0.006331	0.067845	0.073687	0.061553	0.14085999999999999	12836800.0
2013-11-13	0.008727	0.061977	0.074671	0.056763	0.19250499999999998	14796600.0
2013-11-12	-0.007814	0.064249	0.064698	0.047606	-0.173727	16744600.0
2013-11-11	-0.017227000000000003	0.05984	0.06492300000000001	0.039947	-0.3897	17896400.0
2013-11-08	0.019898	0.067178	0.087466	0.057484	0.441345	20020200.0
2013-11-07	-0.011922	0.071828	0.074724	0.049554	-0.26762199999999997	19181400.0
2013-11-06	-0.000627	0.065814	0.07316	0.060917	-0.014086000000000001	14914800.0
2013-11-05	-0.007056999999999999	0.068239	0.069123	0.046577999999999994	-0.159637	15553200.0
2013-11-04	-0.009661	0.065361	0.070396	0.050695	-0.220671	14786800.0
2013-11-01	0.022059	0.070517	0.090875	0.067832	0.49299399999999993	24863600.0
2013-10-31	0.01083	0.05339	0.090252	0.05339	0.23945300000000003	31174200.0
2013-10-30	-0.012995	0.068271	0.068271	0.046174	-0.29110199999999997	26895000.0
2013-10-29	-0.010782	0.064261	0.064924	0.049688	-0.244146	26932600.0
2013-10-28	0.001245	0.06890299999999999	0.06890299999999999	0.060502	0.028167	18805000.0
2013-10-25	0.008584999999999999	0.069383	0.07451100000000001	0.062248000000000005	0.19250499999999998	18384800.0
2013-10-24	0.017036000000000003	0.071727	0.088281	0.066057	0.37561300000000003	17553200.0
2013-10-23	-0.008445999999999999	0.059752	0.070994	0.052330999999999996	-0.187809	17411600.0
2013-10-22	0.005734	0.07216	0.07713500000000001	0.067637	0.126772	19499400.0
2013-10-21	0.0010630000000000001	0.06197999999999999	0.06628200000000001	0.06016900000000001	0.023472999999999997	14038400.0
2013-10-18	-0.009058	0.060661	0.065372	0.05325800000000001	-0.20189100000000001	19960200.0
2013-10-17	0.01043	0.06288400000000001	0.076711	0.06039	0.230069	19337800.0
2013-10-16	0.012718	0.072728	0.081911	0.06652999999999999	0.277008	30406000.0
2013-10-15	-0.001507	0.064694	0.074321	0.055526	-0.032866	19912200.0
2013-10-14	0.008684	0.06238	0.076252	0.059374	0.187805	16153400.0
2013-10-11	0.015656	0.060462	0.085588	0.059522000000000005	0.333363	19088000.0
2013-10-10	0.023009	0.07573300000000001	0.09110800000000001	0.07189	0.47890299999999997	17469800.0
2013-10-09	-0.006499	0.070174	0.07805	0.052274	-0.136155	19890000.0
2013-10-08	-0.010643000000000001	0.063743	0.06563200000000001	0.052173000000000004	-0.225372	20546200.0
2013-10-07	-0.011831999999999999	0.053023	0.070757	0.051157	-0.25354	16004000.0
2013-10-04	0.013996999999999999	0.062557	0.084797	0.058772000000000005	0.295796	23118400.0
2013-10-03	-0.009681	0.05789400000000001	0.061409000000000005	0.045476	-0.20658200000000002	19189400.0
2013-10-02	-0.003508	0.057685	0.061188	0.053015999999999994	-0.075126	18978000.0
2013-10-01	0.01086	0.065631	0.080029	0.06303500000000001	0.230062	25484800.0
2013-09-30	0.012908000000000001	0.05739299999999999	0.083212	0.05739299999999999	0.269974	36443600.0
2013-09-27	0.014512	0.06764500000000001	0.08826	0.065705	0.299181	21498200.0
2013-09-26	0.019653	0.074284	0.091348	0.072306	0.397352	18696400.0
2013-09-25	-0.010071	0.072033	0.073502	0.057589	-0.20569	19228400.0
2013-09-24	-0.00569	0.07396699999999999	0.079565	0.061551999999999996	-0.11686700000000001	21769400.0
2013-09-23	-0.01036	0.061876	0.06813999999999999	0.052722000000000005	-0.21503899999999998	15529400.0
2013-09-20	-0.000225	0.07103	0.07946	0.067659	-0.0046689999999999995	26830800.0
2013-09-19	0.0031620000000000003	0.075384	0.08190700000000001	0.068619	0.065441	15730600.0
2013-09-18	-0.00405	0.070788	0.071751	0.055147	-0.084146	25128400.0
2013-09-17	0.000676	0.073197	0.078013	0.069104	0.014028	14553600.0
2013-09-16	0.010234	0.08466699999999999	0.087099	0.07591	0.210362	17037400.0
2013-09-13	0.011037	0.07352	0.085325	0.070815	0.224386	14228200.0
2013-09-12	-0.007078	0.070806	0.07276	0.060062	-0.14491600000000002	14165200.0
2013-09-11	0.022409000000000002	0.066839	0.095801	0.066839	0.448772	21005600.0
2013-09-10	0.012766	0.073378	0.083239	0.072367	0.252434	21793800.0
2013-09-09	-0.0042369999999999994	0.0716	0.075124	0.059766	-0.08414500000000001	22559800.0
2013-09-06	-0.001411	0.07587100000000001	0.077882	0.059276	-0.028051	21006400.0
2013-09-05	-0.012076	0.067598	0.073063	0.051204	-0.24308400000000002	20721200.0
2013-09-04	0.007487000000000001	0.073089	0.082098	0.065831	0.149593	19782800.0
2013-09-03	0.015443	0.082799	0.096776	0.078733	0.303854	18807400.0
2013-08-30	-0.008246999999999999	0.072862	0.072862	0.057236	-0.16361199999999998	19866800.0
2013-08-29	0.012405	0.067034	0.089742	0.06448200000000001	0.24308400000000002	19557600.0
2013-08-28	0.0028710000000000003	0.06881799999999999	0.080076	0.060628999999999995	0.056099	25488600.0
2013-08-27	0.008687	0.06261599999999999	0.088943	0.059777	0.168287	23324000.0
2013-08-26	-0.010033	0.071885	0.075462	0.055021	-0.19633699999999998	20618600.0
2013-08-23	-0.0038079999999999998	0.069076	0.072894	0.056858000000000006	-0.074796	15776400.0
2013-08-22	0.004542	0.072909	0.078279	0.070608	0.088817	11381400.0
2013-08-21	-0.020145	0.063823	0.064073	0.03526	-0.402021	28185000.0
2013-08-20	0.011851	0.075162	0.08581	0.06857100000000001	0.23373200000000002	14121400.0
2013-08-19	-0.008228000000000001	0.070591	0.075116	0.059025	-0.163616	13052800.0
2013-08-16	-0.010928	0.066601	0.067347	0.052426	-0.219708	20840600.0
2013-08-15	-0.01938	0.06544	0.065684	0.039346	-0.397348	24199200.0
2013-08-14	-0.022074	0.06815399999999999	0.068393	0.044306	-0.46279899999999996	23288000.0
2013-08-13	0.0015630000000000002	0.066719	0.07484	0.058837	0.032722	13833600.0
2013-08-12	0.0035859999999999998	0.063832	0.07557799999999999	0.061195000000000006	0.074797	10171400.0
2013-08-09	-0.007121	0.065777	0.073393	0.060065	-0.149591	12401400.0
2013-08-08	-0.005312	0.07810800000000001	0.082606	0.062483000000000004	-0.112193	14754800.0
2013-08-07	0.004222999999999999	0.064355	0.077193	0.061027	0.088818	18990200.0
2013-08-06	-0.014025999999999999	0.064897	0.06958500000000001	0.04802	-0.299181	22526000.0
2013-08-05	-0.001968	0.065374	0.0752	0.065374	-0.042072000000000005	15492400.0
2013-08-02	-0.002618	0.070752	0.070752	0.059085000000000006	-0.056097	23239800.0
2013-08-01	0.016859	0.08595599999999999	0.099243	0.08405800000000001	0.35528000000000004	28002400.0
2013-07-31	0.05549	0.108151	0.1367	0.100138	1.107904	54094800.0
2013-07-30	-0.015899	0.066874	0.07205	0.051348000000000005	-0.32255500000000004	26903400.0
2013-07-29	-0.007546	0.063715	0.067873	0.059802	-0.154265	15990000.0
2013-07-26	-0.009962	0.06086799999999999	0.063047	0.051182	-0.205688	27925600.0
2013-07-25	-0.017571	0.063162	0.06601699999999999	0.046034	-0.369299	20787000.0
2013-07-24	-0.003988	0.06958500000000001	0.081196	0.057738	-0.084147	19652000.0
2013-07-23	0.004674	0.070061	0.081012	0.06649	0.09817000000000001	23682000.0
2013-07-22	0.008076999999999999	0.086384	0.09070299999999999	0.06814500000000001	0.168287	20483400.0
2013-07-19	0.005187	0.072962	0.076581	0.064519	0.107517	20092400.0
2013-07-18	0.010714	0.073974	0.088115	0.07372999999999999	0.21971500000000002	19772000.0
2013-07-17	-0.002728	0.073475	0.075664	0.061804	-0.056099	15149600.0
2013-07-16	-0.003624	0.069828	0.074188	0.059895000000000004	-0.074791	17179800.0
2013-07-15	-0.011862000000000001	0.066712	0.068388	0.054264	-0.24776399999999998	17892000.0
2013-07-12	0.004947999999999999	0.068864	0.07535900000000001	0.060684	0.102848	21933400.0
2013-07-11	0.036122	0.08329500000000001	0.11295699999999999	0.078559	0.724581	45031400.0
2013-07-10	0.005625	0.070588	0.078609	0.064823	0.112194	17732000.0
2013-07-09	0.00613	0.08118600000000001	0.086483	0.075386	0.12153800000000001	22541400.0
2013-07-08	0.017026	0.07599700000000001	0.090361	0.073176	0.331903	23803200.0
2013-07-05	0.013366	0.08544	0.089599	0.071924	0.25710700000000003	15595200.0
2013-07-03	0.009816	0.060923000000000005	0.083496	0.060661	0.186987	13143800.0
2013-07-02	0.0022140000000000003	0.06379800000000001	0.084316	0.059063	0.042076	24751800.0
2013-07-01	-0.021537999999999998	0.078208	0.079237	0.045777	-0.418386	28941600.0
2013-06-28	0.03598	0.069271	0.11966800000000001	0.069271	0.674669	97296400.0
2013-06-27	0.0027370000000000003	0.08423	0.09278600000000001	0.076476	0.05118	26124200.0
2013-06-26	0.0004980000000000001	0.083165	0.08691	0.072732	0.009308	22123000.0
2013-06-25	0.009804	0.081358	0.089462	0.072173	0.18146099999999998	27098600.0
2013-06-24	0.000252	0.063796	0.080819	0.06271499999999999	0.004654	33677800.0
2013-06-21	0.022102	0.08316599999999999	0.099737	0.07405199999999999	0.400148	46303000.0
2013-06-20	-0.032330000000000005	0.06337999999999999	0.06337999999999999	0.035586	-0.6048720000000001	30334400.0
2013-06-19	-0.004457	0.077797	0.08604500000000001	0.067687	-0.083755	23001000.0
2013-06-18	0.007735	0.07835800000000001	0.09149600000000001	0.076749	0.144239	19207400.0
2013-06-17	0.008556	0.086232	0.097319	0.073523	0.158196	19701800.0
2013-06-14	-0.000251	0.07082000000000001	0.07811900000000001	0.058114	-0.004646	23925200.0
2013-06-13	0.0058200000000000005	0.071341	0.084937	0.05801799999999999	0.107011	24529000.0
2013-06-12	-0.015936000000000002	0.079956	0.080759	0.050522000000000004	-0.297784	23780000.0
2013-06-11	-0.01254	0.06932	0.072226	0.055052	-0.237296	19922800.0
2013-06-10	-0.012385	0.07460399999999999	0.075387	0.05686	-0.23729699999999998	20579800.0
2013-06-07	0.02336	0.082082	0.102377	0.07700800000000001	0.437371	24826200.0
2013-06-06	0.0012439999999999999	0.076476	0.078615	0.059096	0.023262	22329800.0
2013-06-05	-0.01784	0.075655	0.075917	0.052020000000000004	-0.339659	26948600.0
2013-06-04	0.011369	0.076198	0.09186799999999999	0.07062	0.214033	26716800.0
2013-06-03	0.007219	0.07674500000000001	0.082362	0.056948	0.134934	23324000.0
2013-05-31	-0.019048	0.07303	0.07303	0.053611	-0.362927	29007200.0
2013-05-30	0.003922	0.078029	0.08672300000000001	0.077502	0.07444400000000001	14780600.0
2013-05-29	-0.024628999999999998	0.073063	0.073834	0.047624	-0.479241	34549800.0
2013-05-28	-0.0030989999999999998	0.082289	0.088181	0.06358899999999999	-0.060490999999999996	16052600.0
2013-05-24	0.003109	0.064326	0.077945	0.062013	0.060490999999999996	15468600.0
2013-05-23	0.0009570000000000001	0.069717	0.076919	0.064059	0.018607	21527000.0
2013-05-22	-0.010656	0.067225	0.085037	0.057046000000000006	-0.209378	23459200.0
2013-05-21	0.0171	0.076934	0.097639	0.07512200000000001	0.330353	25555600.0
2013-05-20	-0.026266	0.07032000000000001	0.072588	0.041086000000000004	-0.521122	38054400.0
2013-05-17	-0.005365	0.082124	0.082625	0.057057000000000004	-0.107017	29333000.0
2013-05-16	-0.019666	0.068952	0.07460399999999999	0.050522000000000004	-0.400145	17765200.0
2013-05-15	0.009231	0.07758	0.084773	0.065676	0.186115	15800000.0
2013-05-14	0.003242	0.07684400000000001	0.085801	0.070872	0.06514400000000001	19843000.0
2013-05-13	0.002553	0.07460399999999999	0.077598	0.06188300000000001	0.051177999999999994	19774400.0
2013-05-10	0.002793	0.077856	0.08461	0.073354	0.055834	12767600.0
2013-05-09	-0.0073939999999999995	0.071873	0.074853	0.06144500000000001	-0.148892	15657600.0
2013-05-08	0.005343	0.071859	0.082343	0.07111	0.107018	14363400.0
2013-05-07	0.006311	0.079377	0.08641	0.07586	0.125627	18318000.0
2013-05-06	0.005642	0.07258400000000001	0.082183	0.069552	0.11167200000000001	14482000.0
2013-05-03	0.010211	0.07537	0.090936	0.07537	0.200071	15546600.0
2013-05-02	0.005972	0.070754	0.083333	0.069213	0.11632	15547000.0
2013-05-01	0.013559	0.092297	0.105047	0.083971	0.26055900000000004	26820400.0
2013-04-30	-0.004579	0.07900700000000001	0.079525	0.06527999999999999	-0.088402	17755600.0
2013-04-29	0.0029010000000000004	0.081098	0.08291699999999999	0.072267	0.055838	16754000.0
2013-04-26	0.015215000000000001	0.075923	0.09517300000000001	0.07170399999999999	0.288477	27520000.0
2013-04-25	0.001967	0.076454	0.083852	0.073019	0.037223	24018600.0
2013-04-24	-0.0056229999999999995	0.078546	0.084589	0.06514600000000001	-0.10701300000000001	22903000.0
2013-04-23	0.010625	0.082836	0.08681900000000001	0.06955900000000001	0.200067	23914000.0
2013-04-22	-0.002219	0.07275	0.07619400000000001	0.06639099999999999	-0.041876	27501600.0
2013-04-19	0.014254	0.07111100000000001	0.091265	0.065737	0.26521500000000003	29289800.0
2013-04-18	-0.015509	0.07725	0.078308	0.056879	-0.293129	32357600.0
2013-04-17	-0.019077	0.067079	0.07123099999999999	0.051767999999999995	-0.36757399999999996	36055600.0
2013-04-16	0.006318	0.083222	0.087139	0.076955	0.120973	32861800.0
2013-04-15	-0.020238	0.071278	0.071278	0.051577	-0.395498	27089000.0
2013-04-12	0.004543999999999999	0.076146	0.082572	0.073576	0.088406	33938400.0
2013-04-11	0.004565	0.079252	0.083383	0.075379	0.088405	26442400.0
2013-04-10	0.008237000000000001	0.07460399999999999	0.087621	0.072522	0.158201	26478200.0
2013-04-09	-0.008408	0.07460399999999999	0.079509	0.056277	-0.162855	23151600.0
2013-04-08	0.001684	0.075638	0.078483	0.067106	0.032568	19046400.0
2013-04-05	-0.013295	0.055979999999999995	0.062358000000000004	0.044244	-0.26055700000000004	27949600.0
2013-04-04	0.007174	0.073577	0.086938	0.069722	0.139587	15531800.0
2013-04-03	-0.011347	0.07409600000000001	0.08248	0.055550999999999996	-0.22333699999999998	25813800.0
2013-04-02	0.022233000000000003	0.076422	0.10005399999999999	0.075903	0.428059	29034800.0
2013-04-01	-0.009692000000000001	0.066246	0.081677	0.056474	-0.18843800000000002	20077600.0
2013-03-28	0.005509	0.07755	0.08634299999999999	0.073672	0.106519	27182000.0
2013-03-27	0.006751999999999999	0.074933	0.08716900000000001	0.071289	0.129675	22330400.0
2013-03-26	-0.005992	0.08479500000000001	0.086865	0.069009	-0.115784	25929800.0
2013-03-25	0.01213	0.084857	0.095334	0.080929	0.231564	43688200.0
2013-03-22	0.020297	0.086033	0.101799	0.08255900000000001	0.379763	19189800.0
2013-03-21	-0.014153	0.074087	0.077512	0.058016	-0.26861199999999996	24035800.0
2013-03-20	0.021181000000000002	0.08984199999999999	0.105446	0.088228	0.39365900000000004	25300200.0
2013-03-19	-0.005945000000000001	0.079084	0.081491	0.057155	-0.11115599999999999	32476200.0
2013-03-18	-0.008352	0.06742000000000001	0.07405	0.056812	-0.157459	26053800.0
2013-03-15	-0.010933	0.072012	0.081718	0.06466799999999999	-0.208407	35299600.0
2013-03-14	0.014043	0.084939	0.09690800000000001	0.078821	0.26398299999999997	28377200.0
2013-03-13	-0.003193	0.081475	0.082271	0.069279	-0.060207000000000004	17323800.0
2013-03-12	-0.009968000000000001	0.078044	0.078044	0.063345	-0.189883	28815200.0
2013-03-11	0.003171	0.075143	0.08330599999999999	0.072246	0.060211	16923800.0
2013-03-08	0.009355	0.085998	0.094237	0.075633	0.175986	22782600.0
2013-03-07	-0.005631000000000001	0.07909	0.083319	0.073276	-0.10652400000000001	13348200.0
2013-03-06	-0.002442	0.084892	0.08911000000000001	0.073556	-0.046307999999999995	15663800.0
2013-03-05	0.014116	0.088175	0.097265	0.08630299999999999	0.263981	24707800.0
2013-03-04	0.008744	0.075304	0.09175599999999999	0.06883099999999999	0.162099	19551400.0
2013-03-01	0.006031	0.07772000000000001	0.08694500000000001	0.07066499999999999	0.111144	24473600.0
2013-02-28	-0.008966	0.077468	0.08580399999999999	0.069939	-0.166722	24696600.0
2013-02-27	0.011590000000000001	0.08179600000000001	0.097028	0.073091	0.213042	18656200.0
2013-02-26	0.007104000000000001	0.08263200000000001	0.08948099999999999	0.080715	0.129665	25640200.0
2013-02-25	-0.012528000000000001	0.083677	0.09071	0.063929	-0.23156	36091200.0
2013-02-22	-0.004241	0.072616	0.079889	0.067498	-0.078729	28505600.0
2013-02-21	-0.021245	0.073556	0.076456	0.053519000000000004	-0.40292	26115800.0
2013-02-20	-0.012062999999999999	0.081442	0.086912	0.065815	-0.231564	31255800.0
2013-02-19	0.005092	0.08040499999999999	0.088258	0.078572	0.097256	34180800.0
2013-02-15	0.02231	0.07774600000000001	0.10424100000000001	0.07774600000000001	0.416815	39906000.0
2013-02-14	0.005233	0.086614	0.094416	0.07343200000000001	0.09725700000000001	43627400.0
2013-02-13	0.029766	0.15996	0.16356199999999999	0.10372200000000001	0.537226	114136600.0
2013-02-12	0.00854	0.078501	0.090516	0.070399	0.152828	34855600.0
2013-02-11	-0.002838	0.07906200000000001	0.080177	0.069589	-0.050939	14686400.0
2013-02-08	0.0033659999999999996	0.081576	0.086887	0.077662	0.060201	30787000.0
2013-02-07	-0.0028399999999999996	0.077946	0.079898	0.0615	-0.050943	26062600.0
2013-02-06	-0.012997	0.076318	0.07714299999999999	0.062011000000000004	-0.236193	22999600.0
2013-02-05	0.027494	0.087818	0.11580499999999999	0.080468	0.48628599999999994	32715000.0
2013-02-04	-0.010622	0.075424	0.077102	0.057523000000000005	-0.189884	32342600.0
2013-02-01	0.013655	0.088692	0.094929	0.081037	0.24082399999999998	30707200.0
2013-01-31	-0.02434	0.064959	0.07685299999999999	0.048085	-0.43997200000000003	50031400.0
2013-01-30	-0.002046	0.084312	0.08596799999999999	0.07271799999999999	-0.03705	30076200.0
2013-01-29	-0.011625	0.080165	0.080165	0.062703	-0.213034	29795800.0
2013-01-28	-0.004779	0.08342100000000001	0.083692	0.07283099999999999	-0.087995	19535000.0
2013-01-25	0.004548	0.088893	0.088893	0.077437	0.08336	20791000.0
2013-01-24	-0.0105	0.08555700000000001	0.086367	0.068013	-0.19450699999999999	25238600.0
2013-01-23	0.0047729999999999995	0.081789	0.088026	0.079348	0.087991	19079800.0
2013-01-22	-0.011423	0.077206	0.079083	0.061657000000000003	-0.21304099999999998	27084600.0
2013-01-18	0.00801	0.078808	0.088537	0.07394400000000001	0.148203	23543400.0
2013-01-17	0.019653	0.08402799999999999	0.103317	0.080721	0.356607	22206600.0
2013-01-16	-0.0005099999999999999	0.075763	0.082098	0.07356	-0.009264	17708800.0
2013-01-15	0.007194	0.07823200000000001	0.08794099999999999	0.07379400000000001	0.129677	24884200.0
2013-01-14	0.011961	0.080742	0.09281299999999999	0.0799	0.21304	17253800.0
2013-01-11	-0.001039	0.076535	0.081863	0.07345	-0.018528	13955600.0
2013-01-10	0.002082	0.086082	0.089173	0.07484199999999999	0.037052	20995600.0
2013-01-09	0.006813	0.082165	0.090653	0.078487	0.12040899999999999	19628000.0
2013-01-08	0.00686	0.074492	0.08702599999999999	0.059963999999999996	0.12041600000000001	33510400.0
2013-01-07	-0.0044659999999999995	0.07338	0.07876799999999999	0.067708	-0.078733	19034000.0
2013-01-04	-0.000525	0.082737	0.085288	0.07423400000000001	-0.009264	19035000.0
2013-01-03	-0.011163	0.078778	0.081301	0.064484	-0.19914400000000002	22807600.0
2013-01-02	0.03105	0.09955900000000001	0.114586	0.09955900000000001	0.537231	35246400.0
2012-12-31	0.022441	0.07548300000000001	0.105029	0.072528	0.379763	26815200.0
2012-12-28	-0.0077930000000000004	0.075016	0.084398	0.070619	-0.13292	15174800.0
2012-12-27	-0.008311	0.08527	0.086142	0.057941999999999994	-0.142938	26906400.0
2012-12-26	-0.0016059999999999998	0.081785	0.08555900000000001	0.071046	-0.027661	17323000.0
2012-12-24	0.0034920000000000003	0.080902	0.091097	0.080611	0.059937	6787200.0
2012-12-21	-0.022578	0.071302	0.072156	0.053651	-0.39652800000000005	52317600.0
2012-12-20	0.002104	0.085539	0.090389	0.079833	0.03688	23073600.0
2012-12-19	-0.001051	0.08468300000000001	0.08838700000000001	0.079838	-0.018442	27300800.0
2012-12-18	0.013586	0.089309	0.102019	0.076887	0.235159	27629800.0
2012-12-17	0.027367000000000002	0.089739	0.11496500000000001	0.08380399999999999	0.46107700000000007	30059800.0
2012-12-14	-0.010828	0.081756	0.083224	0.069426	-0.184427	24665400.0
2012-12-13	-0.012828	0.084397	0.08845499999999999	0.062953	-0.221325	21327000.0
2012-12-12	0.000535	0.08845700000000001	0.094835	0.082078	0.00922	19773200.0
2012-12-11	0.004027	0.090802	0.09313099999999999	0.083816	0.069168	23422400.0
2012-12-10	0.005940999999999999	0.08205499999999999	0.099333	0.080591	0.101436	18474200.0
2012-12-07	-0.0029620000000000002	0.08761000000000001	0.08994500000000001	0.075055	-0.050716000000000004	23660400.0
2012-12-06	0.00705	0.085574	0.094689	0.08234	0.119881	16524400.0
2012-12-05	-0.008602	0.084398	0.087021	0.06982200000000001	-0.147549	22759000.0
2012-12-04	0.0032359999999999997	0.083813	0.089369	0.08118099999999999	0.055332000000000006	20603200.0
2012-12-03	-0.0032259999999999997	0.089353	0.090519	0.077985	-0.055332000000000006	16825000.0
2012-11-30	0.009224	0.08469199999999999	0.09646	0.081456	0.156769	23400200.0
2012-11-29	0.005456	0.08558099999999999	0.09149700000000001	0.07759400000000001	0.09222000000000001	22985600.0
2012-11-28	0.010195000000000001	0.083501	0.096948	0.072744	0.170597	26547800.0
2012-11-27	-0.009281999999999999	0.078773	0.08499	0.073148	-0.15676700000000002	17178200.0
2012-11-26	-0.007586	0.077934	0.08204700000000001	0.073233	-0.129106	14208200.0
2012-11-23	0.01151	0.092421	0.09687899999999999	0.086478	0.193659	7324200.0
2012-11-21	-0.0019149999999999998	0.08706699999999999	0.08706699999999999	0.075499	-0.032277	11961800.0
2012-11-20	0.015274000000000001	0.082892	0.10276700000000001	0.081085	0.2536	22119200.0
2012-11-19	0.015797	0.095104	0.10214	0.085927	0.258207	21389000.0
2012-11-16	0.008822	0.085323	0.09766699999999999	0.078534	0.142933	31911000.0
2012-11-15	-0.007344	0.084398	0.093588	0.07091900000000001	-0.119877	23212400.0
2012-11-14	-0.019662	0.08740099999999999	0.087701	0.060374000000000004	-0.327372	27147200.0
2012-11-13	-0.0016589999999999999	0.082299	0.09698899999999999	0.071806	-0.027668	25077800.0
2012-11-12	0.001384	0.084097	0.088	0.075991	0.023053999999999998	16493400.0
2012-11-09	-0.00221	0.078407	0.087693	0.073913	-0.036884	24235200.0
2012-11-08	-0.010388	0.079654	0.091809	0.072836	-0.175216	23182200.0
2012-11-07	-0.015872999999999998	0.074187	0.077396	0.051431	-0.272038	34788400.0
2012-11-06	-0.006945999999999999	0.08381799999999999	0.086426	0.076865	-0.11988299999999999	27263400.0
2012-11-05	-0.004786	0.077766	0.080938	0.058737	-0.08299400000000001	26431400.0
2012-11-02	0.001598	0.09132799999999999	0.096238	0.084975	0.027662	28295800.0
2012-11-01	0.000533	0.088154	0.09653300000000001	0.079486	0.009226	24153600.0
2012-10-31	-0.000799	0.085552	0.09277	0.07169400000000001	-0.013836000000000001	32405000.0
2012-10-26	0.033003	0.09245	0.126748	0.09245	0.553303	47384200.0
2012-10-25	-0.0016469999999999998	0.092139	0.09869	0.077848	-0.02766	21783200.0
2012-10-24	-0.000275	0.08975599999999999	0.0969	0.08142100000000001	-0.004612	25443200.0
2012-10-23	-0.016203	0.070634	0.074441	0.056285	-0.276656	28083800.0
2012-10-22	0.002165	0.081756	0.09085399999999999	0.077061	0.036887	21086200.0
2012-10-19	-0.009118000000000001	0.082071	0.090504	0.064914	-0.156769	29551400.0
2012-10-18	0.00458	0.083814	0.09842000000000001	0.077679	0.07839	27997000.0
2012-10-17	0.012270999999999999	0.08883300000000001	0.100662	0.084397	0.207481	20246200.0
2012-10-16	0.006587999999999999	0.088863	0.098686	0.085886	0.110667	19486600.0
2012-10-15	0.018165999999999998	0.085913	0.107128	0.08379199999999999	0.299703	23607600.0
2012-10-12	0.018503	0.089337	0.10724000000000002	0.085324	0.299706	24005600.0
2012-10-11	-0.0008529999999999999	0.090875	0.096735	0.08254700000000001	-0.01383	28032800.0
2012-10-10	-0.004529999999999999	0.08808200000000001	0.08808200000000001	0.07273099999999999	-0.073779	33420600.0
2012-10-09	-0.024579	0.079606	0.0829	0.056846	-0.410366	24560800.0
2012-10-08	-0.009031	0.07875900000000001	0.08232	0.073417	-0.152162	20438200.0
2012-10-05	0.0010960000000000002	0.090934	0.09865800000000001	0.083209	0.018448	16851800.0
2012-10-04	0.008287000000000001	0.091587	0.099376	0.085896	0.138328	18733800.0
2012-10-03	0.010045	0.087121	0.103459	0.08591	0.165989	20782800.0
2012-10-02	0.013002000000000001	0.08685	0.105546	0.08685	0.212101	25417400.0
2012-10-01	-0.005536999999999999	0.09576699999999999	0.102168	0.07565	-0.090835	22775200.0
2012-09-28	-0.001397	0.088148	0.093932	0.08267000000000001	-0.02295	20652000.0
2012-09-27	0.019077	0.09712	0.11263	0.094329	0.30751799999999996	25459600.0
2012-09-26	-0.020636	0.09088500000000001	0.093011	0.065063	-0.339647	27831800.0
2012-09-25	-0.015646	0.09654299999999999	0.103421	0.071424	-0.26161799999999996	34472400.0
2012-09-24	0.005797	0.087561	0.09899	0.083651	0.09637899999999999	20508200.0
2012-09-21	0.007511	0.09482	0.107244	0.089366	0.123932	48380200.0
2012-09-20	0.016111	0.085671	0.10753299999999999	0.08351599999999999	0.261623	29453800.0
2012-09-19	0.015208000000000001	0.08780299999999999	0.10812100000000001	0.085302	0.243256	34098000.0
2012-09-18	-0.00599	0.08470499999999999	0.089366	0.078802	-0.096386	17405200.0
2012-09-17	-0.0067989999999999995	0.090292	0.09276000000000001	0.076405	-0.11015699999999999	21152200.0
2012-09-14	0.001419	0.08782100000000001	0.095547	0.082876	0.022951	25266200.0
2012-09-13	0.019081	0.08653200000000001	0.112042	0.085587	0.302931	23728200.0
2012-09-12	0.009337999999999999	0.093816	0.10144600000000001	0.092863	0.146875	26434400.0
2012-09-11	0.002926	0.087772	0.09956799999999999	0.08490299999999999	0.045895	14032200.0
2012-09-10	-0.008415	0.092211	0.092211	0.07988200000000001	-0.133104	19227600.0
2012-09-07	-0.005484	0.08968	0.092195	0.082764	-0.08721	20046800.0
2012-09-06	0.027885000000000004	0.097768	0.120066	0.095506	0.431442	27559000.0
2012-09-05	0.005369	0.08806599999999999	0.096838	0.085792	0.08262	25761000.0
