2017-09-01	-0.005586	0.001650	0.003682	-0.007236	-0.439995	1547500.000000
2016-09-01	-0.001348	0.038833	0.041073	0.033231000000000004	-0.09628300000000001	2144200.0
2016-08-31	-0.001212	0.034916	0.039811	0.03058	-0.086655	3448800.0
2016-08-30	-0.009777	0.04779	0.052913999999999996	0.036571	-0.705886	2415500.0
2016-08-29	0.012711	0.053252999999999995	0.06166900000000001	0.052552	0.9061959999999999	3758900.0
2016-08-26	-0.019675	0.048756	0.057282000000000007	0.026618	-1.4308239999999999	3243700.0
2016-08-25	0.001576	0.046966	0.054403	0.045314	0.11446400000000001	2193300.0
2016-08-24	0.003824	0.045163999999999996	0.053735000000000005	0.042814	0.276619	2155400.0
2016-08-23	-0.005899000000000001	0.049718	0.055215	0.042158999999999995	-0.429238	2095600.0
2016-08-22	0.006332	0.050418	0.059130999999999996	0.047099	0.457855	2308200.0
2016-08-19	-0.013791	0.043297	0.045206	0.027201999999999997	-1.011116	3134500.0
2016-08-18	0.00274	0.045061000000000004	0.051216	0.041368	0.200325	4116000.0
2016-08-17	0.026379000000000003	0.048344	0.076419	0.043289999999999995	1.879143	4822000.0
2016-08-16	-0.004267	0.046806	0.049462	0.041914	-0.305237	4912900.0
2016-08-15	-0.012638	0.046273	0.05345	0.034819	-0.915725	1978700.0
2016-08-12	0.007427	0.053627	0.065584	0.049873	0.5341640000000001	3452700.0
2016-08-11	0.0051990000000000005	0.049462	0.056029999999999996	0.046527	0.372017	3495100.0
2016-08-10	0.003747	0.052272000000000006	0.057180999999999996	0.048202999999999996	0.26709	5318400.0
2016-08-09	-0.003467	0.04415	0.048623	0.035901	-0.248016	7438500.0
2016-08-08	-0.0050420000000000005	0.044170999999999995	0.052238	0.037912	-0.362465	2588700.0
2016-08-05	-0.01374	0.046698	0.046698	0.032156	-1.00158	2437400.0
2016-08-04	-0.0043	0.048344	0.056266	0.042334	-0.314781	2221600.0
2016-08-03	-0.008014	0.051054	0.055930999999999995	0.035065	-0.5914149999999999	2761900.0
2016-08-02	-0.002707	0.04483	0.048344	0.035506	-0.200318	2628300.0
2016-08-01	-0.005639	0.044447	0.04915	0.040685	-0.4197	1771400.0
2016-07-29	0.014037	0.0463	0.06578400000000001	0.046164	1.030189	3357600.0
2016-07-28	0.005489	0.048343000000000004	0.057249	0.044644	0.400627	2360800.0
2016-07-27	-0.013027	0.047668	0.047668	0.029008	-0.963409	2878000.0
2016-07-26	-0.013739	0.04741	0.048477	0.030873	-1.030205	2102000.0
2016-07-25	0.001274	0.045005	0.049812999999999996	0.0414	0.09539	1694100.0
2016-07-22	0.011727	0.048479	0.061853	0.046858	0.868042	1580500.0
2016-07-21	0.0038810000000000003	0.043597000000000004	0.053226	0.040478	0.286156	1618600.0
2016-07-20	-0.006809999999999999	0.046862	0.050499	0.040262	-0.505562	1408500.0
2016-07-19	0.000129	0.047805	0.05198099999999999	0.042147000000000004	0.009545	1495200.0
2016-07-18	0.0037409999999999995	0.050102	0.055510000000000004	0.048208	0.276634	1521400.0
2016-07-15	0.005056000000000001	0.050518	0.056498	0.048344	0.37200900000000003	1926000.0
2016-07-14	-0.008101	0.042008	0.044569	0.037425	-0.6009439999999999	2250900.0
2016-07-13	0.00465	0.05497899999999999	0.056063	0.049156	0.343383	2352000.0
2016-07-12	-0.009469	0.041905	0.046466	0.036002	-0.705863	2060400.0
2016-07-11	-0.000512	0.041639999999999996	0.049416	0.035338	-0.038155	1831500.0
2016-07-08	0.009294	0.047532	0.058222	0.035759	0.68679	2259200.0
2016-07-07	-0.018373	0.045687	0.048344	0.026160000000000003	-1.383125	2572000.0
2016-07-06	0.005991	0.048344	0.055292999999999995	0.042865	0.448326	2949100.0
2016-07-05	0.0075780000000000005	0.050229	0.057229999999999996	0.048478	0.56279	2470200.0
2016-07-01	-0.000898	0.050092000000000005	0.051707	0.036775	-0.06677999999999999	2212300.0
2016-06-30	0.019893	0.051636	0.069198	0.049167	1.449913	3348200.0
2016-06-29	-0.000392	0.051087	0.053280999999999995	0.042582999999999996	-0.028618	2847700.0
2016-06-28	0.019880000000000002	0.045826	0.069185	0.039532	1.421295	5903800.0
2016-06-27	0.010516	0.044527	0.061489	0.043114	0.744034	3362700.0
2016-06-24	0.002975	0.042388999999999996	0.060819000000000005	0.040263	0.209839	4332900.0
2016-06-23	0.002168	0.048486	0.050617	0.043797	0.152618	1412600.0
2016-06-22	-0.007532	0.04778	0.049613	0.039883999999999996	-0.5341640000000001	1795600.0
2016-06-21	-0.000135	0.046934	0.051445000000000005	0.040449	-0.009544	2809700.0
2016-06-20	0.0032380000000000004	0.05329400000000001	0.056123	0.041696	0.228927	4934300.0
2016-06-17	0.003113	0.047633999999999996	0.055578999999999996	0.043945	0.21939899999999998	7978000.0
2016-06-16	0.00285	0.041087	0.054889	0.038811	0.200325	3174000.0
2016-06-15	0.000136	0.048628	0.054889999999999994	0.042225	0.009544	3277300.0
2016-06-14	0.003815	0.048344	0.055486	0.045487	0.267075	5939400.0
2016-06-13	0.000545	0.050488	0.057062	0.047629000000000005	0.038162	3182900.0
2016-06-10	-0.005289	0.048201	0.051898	0.038818	-0.372025	2357200.0
2016-06-09	0.010829	0.046907	0.061277	0.042452	0.753579	1709000.0
2016-06-08	0.006207	0.049211000000000005	0.058899	0.047042	0.429237	1620300.0
2016-06-07	-0.00371	0.047912	0.056123	0.042725	-0.25753000000000004	1911600.0
2016-06-06	-0.002741	0.047194	0.051935	0.039724	-0.190781	2032600.0
2016-06-03	0.020702	0.058315	0.075032	0.055969000000000005	1.411743	3157600.0
2016-06-02	-0.002651	0.04498	0.048344	0.034742	-0.18123599999999998	2248900.0
2016-06-01	0.0018170000000000003	0.043214999999999996	0.052446000000000007	0.04175	0.124001	1929100.0
2016-05-31	0.008937	0.058748	0.069244	0.05475599999999999	0.604576	3876800.0
2016-05-27	0.000559	0.060226999999999996	0.061706	0.053127	0.037788	1373100.0
2016-05-26	0.008881	0.056361	0.070239	0.055764999999999995	0.595116	1846600.0
2016-05-25	0.0022600000000000003	0.05620700000000001	0.062488	0.050224	0.15113800000000002	2055000.0
2016-05-24	0.009125	0.061015	0.070523	0.057694	0.604584	1974200.0
2016-05-23	-0.011834	0.060688	0.06188099999999999	0.045326	-0.793503	2014900.0
2016-05-20	0.001411	0.06263200000000001	0.06337899999999999	0.055314	0.094467	2155800.0
2016-05-19	0.018244999999999997	0.053429	0.078218	0.044913	1.1997	2902100.0
2016-05-18	-0.020681	0.051451	0.060983	0.032239	-1.388634	3446900.0
2016-05-17	-0.015785	0.055961000000000004	0.059333000000000004	0.037052999999999996	-1.076897	2309800.0
2016-05-16	0.0018030000000000001	0.057425	0.062417999999999994	0.050230000000000004	0.12281099999999999	1513700.0
2016-05-13	-0.002629	0.058307000000000005	0.060943	0.048934	-0.17949	1723500.0
2016-05-12	0.007808	0.057419000000000005	0.068489	0.054172000000000005	0.529007	2509700.0
2016-05-11	0.002797	0.060228	0.06363300000000001	0.048979	0.188935	1837300.0
2016-05-10	0.00056	0.062301999999999996	0.064376	0.057119	0.03778	1702100.0
2016-05-09	0.002947	0.06068	0.064096	0.054887	0.19838	2059600.0
2016-05-06	-0.010001999999999999	0.060364	0.061982	0.037719	-0.680161	2378100.0
2016-05-05	-0.010855	0.057290999999999995	0.066745	0.042018	-0.746261	2697800.0
2016-05-04	0.011676	0.036086	0.074492	0.036086	0.793503	3191100.0
2016-05-03	-0.002219	0.055223	0.061537	0.048616	-0.151123	3912200.0
2016-05-02	0.008815	0.06200700000000001	0.073412	0.059044000000000006	0.595108	3025200.0
2016-04-29	0.006195	0.052190999999999994	0.065157	0.044739999999999995	0.415641	4506100.0
2016-04-28	0.003958	0.05067	0.063687	0.048126	0.264504	2678200.0
2016-04-27	0.012159999999999999	0.062234000000000005	0.078591	0.059205999999999995	0.80294	3244300.0
2016-04-26	-0.004273	0.059354	0.064179	0.050908999999999996	-0.283386	2322600.0
2016-04-25	0.001998	0.058751	0.062831	0.05436900000000001	0.132248	2588500.0
2016-04-22	0.007913	0.059971000000000003	0.06987	0.059971000000000003	0.519562	2552400.0
2016-04-21	-0.022088	0.0586	0.0586	0.031792	-1.483101	3555300.0
2016-04-20	-0.023894	0.060926	0.062525	0.032433	-1.643677	2552000.0
2016-04-19	-0.000686	0.057291999999999996	0.062668	0.052934	-0.047234	2431100.0
2016-04-18	-0.002464	0.0586	0.060194000000000004	0.045703	-0.170036	2644800.0
2016-04-15	0.004814	0.061075	0.066754	0.056852999999999994	0.33062800000000003	2405200.0
2016-04-14	-0.001374	0.0586	0.062962	0.052929	-0.094468	1620000.0
2016-04-13	-0.005736	0.061780999999999996	0.061780999999999996	0.046889	-0.396751	1790700.0
2016-04-12	0.004803	0.059181	0.065282	0.057291999999999996	0.330627	2776300.0
2016-04-11	-0.002328	0.05946900000000001	0.066571	0.055555999999999994	-0.160598	2627600.0
2016-04-08	0.000959	0.06251699999999999	0.066289	0.05656900000000001	0.066131	2416600.0
2016-04-07	0.0030239999999999998	0.056708	0.065585	0.055544	0.207825	2336400.0
2016-04-06	-0.004107	0.056281	0.061208000000000005	0.048311	-0.283394	4226800.0
2016-04-05	-0.020515000000000002	0.04469	0.046676999999999996	0.023966	-1.4453049999999998	7976200.0
2016-04-04	-0.010744	0.056213	0.056213	0.043154000000000005	-0.765152	2013700.0
2016-04-01	0.003594	0.053809	0.063955	0.047889999999999995	0.25504299999999996	2347700.0
2016-03-31	0.00495	0.055626	0.064689	0.052369000000000006	0.349518	2717800.0
2016-03-30	0.001474	0.060726999999999996	0.062287999999999996	0.050941	0.10392	1958600.0
2016-03-29	0.020368999999999998	0.063231	0.08103099999999999	0.057732000000000006	1.4075090000000001	2752800.0
2016-03-28	-0.003677	0.061772	0.067539	0.05254400000000001	-0.25504299999999996	1977000.0
2016-03-24	-0.001224	0.0586	0.059752	0.051688	-0.085022	1594600.0
2016-03-23	0.0075379999999999996	0.06179199999999999	0.070062	0.053812	0.519554	1828700.0
2016-03-22	-0.0091	0.05975	0.06018099999999999	0.048392000000000004	-0.632912	3009400.0
2016-03-21	0.002314	0.061338	0.063644	0.046207	0.160592	2450600.0
2016-03-18	-0.014621	0.059452	0.063428	0.042980000000000004	-1.029671	4697600.0
2016-03-17	0.013458000000000001	0.061478	0.07788400000000001	0.055722	0.9352030000000001	3286500.0
2016-03-16	0.007809	0.05511900000000001	0.07034800000000001	0.045547000000000004	0.5384369999999999	2903000.0
2016-03-15	0.008985	0.055965999999999995	0.06928200000000001	0.05538	0.6140220000000001	2094800.0
2016-03-14	0.001662	0.060359	0.062264	0.05405599999999999	0.113357	1862600.0
2016-03-11	0.0088	0.061704999999999996	0.06969	0.058896000000000004	0.5951310000000001	1880100.0
2016-03-10	-0.007073	0.05889400000000001	0.060655999999999995	0.043476999999999995	-0.48175	2179900.0
2016-03-09	0.005298	0.058304999999999996	0.067604	0.056829	0.35894699999999996	2312400.0
2016-03-08	0.00702	0.056667999999999996	0.066924	0.051019	0.472321	3067600.0
2016-03-07	0.008496	0.053052999999999996	0.069992	0.051254999999999995	0.5667800000000001	2382500.0
2016-03-04	0.009001	0.05179400000000001	0.070549	0.048466	0.5951310000000001	2772700.0
2016-03-03	0.017740000000000002	0.060447	0.077842	0.051211	1.1524729999999999	3726400.0
2016-03-02	-0.006931999999999999	0.055695	0.0586	0.033070999999999996	-0.453437	4450600.0
2016-03-01	0.000429	0.075571	0.076947	0.063795	0.02806	2510000.0
2016-02-29	-0.001428	0.069148	0.08014299999999999	0.066704	-0.093521	3622000.0
2016-02-26	-0.025197999999999998	0.065877	0.06811	0.040718	-1.692695	2800500.0
2016-02-25	0.008565000000000001	0.071102	0.07906	0.0684	0.570465	2114900.0
2016-02-24	0.004797	0.069904	0.075637	0.061002999999999995	0.31797	3482700.0
2016-02-23	0.001979	0.06401	0.076103	0.062196	0.130936	2559200.0
2016-02-22	0.018428	0.074227	0.089621	0.071764	1.1970290000000001	2529900.0
2016-02-19	-0.004158	0.066234	0.069607	0.057803	-0.27121	4156600.0
2016-02-18	-0.00028700000000000004	0.06225	0.076044	0.060411	-0.018706999999999998	6190800.0
2016-02-17	0.008966	0.07409400000000001	0.079816	0.063888	0.579819	2584000.0
2016-02-16	0.003046	0.077831	0.078917	0.06340599999999999	0.19639500000000001	2385500.0
2016-02-12	-0.003901	0.071309	0.07594400000000001	0.057559000000000006	-0.252494	2942500.0
2016-02-11	-0.015365	0.06412799999999999	0.07234299999999999	0.05135	-1.010002	2868700.0
2016-02-10	-0.0019879999999999997	0.065505	0.074007	0.048349	-0.130929	3266600.0
2016-02-09	0.013527	0.0693	0.090536	0.064223	0.879067	4020500.0
2016-02-08	-0.022094	0.055305999999999994	0.066742	0.039506	-1.4682389999999998	5684700.0
2016-02-05	0.008945	0.06793400000000001	0.084483	0.058066	0.589172	3758900.0
2016-02-04	0.00715	0.07144099999999999	0.088109	0.06456	0.467591	4016100.0
2016-02-03	0.000572	0.07174900000000001	0.077409	0.059967999999999994	0.037407	5527100.0
2016-02-02	-0.004132	0.054978	0.068234	0.045531999999999996	-0.27119499999999996	6008700.0
2016-02-01	-0.027574	0.041149	0.058188	0.03626	-1.8610380000000002	10798600.0
2016-01-29	0.017339	0.07744	0.088293	0.07065700000000001	1.150284	3498500.0
2016-01-28	0.017644999999999997	0.069147	0.096911	0.065006	1.150284	3579600.0
2016-01-27	-0.000143	0.067613	0.075435	0.060864999999999995	-0.009354000000000001	2320200.0
2016-01-26	0.0023	0.069608	0.084673	0.06745599999999999	0.149628	2075500.0
2016-01-25	-0.002867	0.06976	0.075125	0.06179	-0.18703499999999998	2287300.0
2016-01-22	0.018543	0.079449	0.09022100000000001	0.06976900000000001	1.187699	2118000.0
2016-01-21	-0.0034920000000000003	0.074279	0.074279	0.057476	-0.22445700000000002	2268700.0
2016-01-20	-0.016738	0.06241699999999999	0.067006	0.039317000000000005	-1.09417	3773800.0
2016-01-19	0.014808000000000002	0.07473400000000001	0.087619	0.066351	0.953888	3037000.0
2016-01-15	-0.011339	0.05901699999999999	0.06577000000000001	0.046432	-0.7388	3946600.0
2016-01-14	0.009418000000000001	0.068526	0.08401900000000001	0.06666699999999999	0.60788	3265900.0
2016-01-13	0.0017420000000000003	0.07147300000000001	0.078457	0.06867999999999999	0.11222	3646500.0
2016-01-12	-0.007348	0.072844	0.076541	0.055435000000000005	-0.476951	4318300.0
2016-01-11	-0.001582	0.070377	0.07560700000000001	0.06607	-0.102875	3989700.0
2016-01-08	0.014741999999999998	0.068832	0.09099600000000001	0.067271	0.94455	5391500.0
2016-01-07	0.000584	0.056807	0.073049	0.055714	0.037407	4011800.0
2016-01-06	0.0061719999999999995	0.06175800000000001	0.08218500000000001	0.057987000000000004	0.39277199999999995	2670700.0
2016-01-05	0.008597	0.06644800000000001	0.07960199999999999	0.049964999999999996	0.542423	2476000.0
2016-01-04	-0.002513	0.058709000000000004	0.067245	0.048591	-0.158992	3896700.0
2015-12-31	-0.015142	0.067432	0.06805499999999999	0.043456	-0.972584	2116100.0
2015-12-30	0.000583	0.067743	0.073663	0.06478300000000001	0.037407	1634900.0
2015-12-29	0.011493999999999999	0.071664	0.085216	0.070719	0.729442	1960500.0
2015-12-28	0.001328	0.067565	0.07293	0.063778	0.08417899999999999	1807900.0
2015-12-24	-0.004554	0.067416	0.068672	0.062547	-0.28991999999999996	738400.0
2015-12-23	0.014001	0.070256	0.085227	0.070256	0.879085	2334700.0
2015-12-22	0.008714	0.074281	0.080064	0.062875	0.542416	1935800.0
2015-12-21	-0.005082	0.076973	0.077932	0.057791999999999996	-0.317974	2448800.0
2015-12-18	-0.009476	0.064234	0.067876	0.05331	-0.5985189999999999	4921400.0
2015-12-17	-0.00044400000000000006	0.06819299999999999	0.075472	0.061863	-0.028064	2785500.0
2015-12-16	0.021466	0.07495800000000001	0.093224	0.071887	1.327976	3215300.0
2015-12-15	0.011468	0.07257100000000001	0.090392	0.069628	0.701393	2284400.0
2015-12-14	0.007859	0.067982	0.078364	0.063698	0.476948	2633100.0
2015-12-11	-0.004755	0.064708	0.073237	0.058476	-0.289906	2105200.0
2015-12-10	-0.014957	0.06833099999999999	0.070108	0.052338	-0.925842	1958900.0
2015-12-09	0.004248	0.065082	0.082442	0.061026	0.261848	2855200.0
2015-12-08	-0.0034770000000000005	0.067037	0.06994700000000001	0.053457000000000005	-0.21508400000000003	2956900.0
2015-12-07	-0.006906999999999999	0.065447	0.069301	0.059828	-0.430191	2880900.0
2015-12-04	0.021943	0.07537100000000001	0.09424099999999999	0.07373099999999999	1.337322	2827400.0
2015-12-03	-0.014666	0.06639099999999999	0.067522	0.05151699999999999	-0.9071309999999999	2918600.0
2015-12-02	-0.01884	0.067238	0.068507	0.047727	-1.187702	2609200.0
2015-12-01	0.000594	0.077237	0.079935	0.059619000000000005	0.037407	2284800.0
2015-11-30	0.0	0.06977699999999999	0.076602	0.068031	0.0	2550000.0
2015-11-27	0.002232	0.069142	0.078209	0.068505	0.140289	824800.0
2015-11-25	-0.003853	0.068191	0.07104400000000001	0.061853	-0.24315599999999998	1364600.0
2015-11-24	-0.00148	0.066136	0.06993400000000001	0.05775	-0.093514	1997900.0
2015-11-23	-0.011294	0.06864400000000001	0.07318	0.055972	-0.721965	2079100.0
2015-11-20	0.0026149999999999997	0.083202	0.091986	0.076928	0.16674	2918200.0
2015-11-19	0.004965	0.082906	0.09126000000000001	0.079438	0.31498699999999996	1743600.0
2015-11-18	0.002635	0.078806	0.083863	0.066162	0.166752	2119200.0
2015-11-17	-0.013861000000000002	0.078659	0.090659	0.061827	-0.889343	2017800.0
2015-11-16	0.015543000000000001	0.077222	0.09669	0.076589	0.981994	2454700.0
2015-11-13	0.00427	0.080074	0.090246	0.079438	0.26864699999999997	2739100.0
2015-11-12	-0.005856	0.075171	0.085127	0.068218	-0.37056	2380600.0
2015-11-11	0.007522	0.080712	0.08915	0.079279	0.472473	1529400.0
2015-11-10	0.001033	0.080553	0.088841	0.07784400000000001	0.06483799999999999	2067000.0
2015-11-09	-0.0017690000000000002	0.074665	0.084847	0.07021000000000001	-0.111171	2458900.0
2015-11-06	-0.034026	0.067605	0.070525	0.038560000000000004	-2.214096	2883200.0
2015-11-05	-0.004676	0.076532	0.08479099999999999	0.07347200000000001	-0.305733	1595400.0
2015-11-04	-0.00198	0.07852200000000001	0.088139	0.07485800000000001	-0.129685	2375300.0
2015-11-03	-0.000283	0.078827	0.089816	0.073028	-0.018539	2710500.0
2015-11-02	-0.0098	0.073847	0.084878	0.057978999999999996	-0.648476	3052600.0
2015-10-30	0.0077599999999999995	0.082332	0.09162100000000001	0.076545	0.50953	2937600.0
2015-10-29	-0.008948000000000001	0.075212	0.076571	0.056497000000000006	-0.592896	2861100.0
2015-10-28	-0.011609	0.081079	0.085107	0.055271	-0.778198	2160600.0
2015-10-27	-0.00659	0.07721499999999999	0.084328	0.069509	-0.444672	2262900.0
2015-10-26	-0.0032840000000000005	0.08224400000000001	0.084165	0.066883	-0.22234299999999999	2048400.0
2015-10-23	-0.018928999999999998	0.07711900000000001	0.079148	0.057990999999999994	-1.306229	2154700.0
2015-10-22	0.007711	0.081044	0.093457	0.077248	0.528053	2089900.0
2015-10-21	0.003121	0.082807	0.08910599999999999	0.076948	0.21307399999999999	2358200.0
2015-10-20	0.004361	0.076054	0.08547	0.074877	0.29644000000000004	2295400.0
2015-10-19	0.003145	0.07825700000000001	0.083275	0.068959	0.21308200000000002	1898600.0
2015-10-16	0.0046700000000000005	0.084479	0.089224	0.079438	0.31496399999999997	2018900.0
2015-10-15	0.009849	0.084379	0.092315	0.074347	0.65776	2241500.0
2015-10-14	0.0026420000000000003	0.079738	0.08619299999999999	0.076585	0.176003	1851800.0
2015-10-13	-0.001389	0.07554	0.080787	0.071042	-0.092628	1676100.0
2015-10-12	0.013799	0.079742	0.095549	0.07913400000000001	0.907882	1839900.0
2015-10-09	0.004384000000000001	0.080812	0.086155	0.07562200000000001	0.287193	2543800.0
2015-10-08	0.013328	0.07618899999999999	0.095835	0.074178	0.861557	1935100.0
2015-10-07	0.0	0.08083	0.083151	0.074024	0.0	1744700.0
2015-10-06	-0.007679000000000001	0.07713500000000001	0.079438	0.066083	-0.500267	2389900.0
2015-10-05	0.013987000000000001	0.083173	0.094847	0.077726	0.8986209999999999	2881900.0
2015-10-02	0.002747	0.084901	0.08880299999999999	0.068512	0.176018	3864800.0
2015-10-01	-0.017335	0.080511	0.082505	0.056739	-1.130226	3175100.0
2015-09-30	0.015731000000000002	0.082865	0.097821	0.08084	1.009788	2741000.0
2015-09-29	-0.002016	0.079904	0.084102	0.072286	-0.129692	2524900.0
2015-09-28	-0.008992	0.077589	0.084522	0.068499	-0.583633	2864100.0
2015-09-25	0.009219	0.080371	0.099186	0.07695	0.592903	2409800.0
2015-09-24	0.002889	0.073668	0.08474	0.072264	0.185264	2148100.0
2015-09-23	0.002027	0.078813	0.083969	0.076156	0.12970399999999999	1738400.0
2015-09-22	-0.003462	0.074455	0.081618	0.070562	-0.22234	2504600.0
2015-09-21	0.004638000000000001	0.082097	0.088824	0.077404	0.29646	2209300.0
2015-09-18	-0.006623	0.07322200000000001	0.090316	0.069958	-0.42615200000000003	3603700.0
2015-09-17	0.010327	0.07833899999999999	0.10346	0.076926	0.657746	1914300.0
2015-09-16	0.009840999999999999	0.082133	0.093708	0.079121	0.620697	2114900.0
2015-09-15	-0.00044	0.080706	0.082925	0.071989	-0.02779	1866500.0
2015-09-14	0.0051649999999999995	0.081509	0.089155	0.07784500000000001	0.32423	2242000.0
2015-09-11	0.0072840000000000005	0.077352	0.087461	0.074463	0.453945	2184900.0
2015-09-10	-0.011898	0.078011	0.08245	0.064058	-0.7503850000000001	2461700.0
2015-09-09	-0.009313	0.084307	0.08870499999999999	0.0675	-0.5929	2770900.0
2015-09-08	0.022163	0.090838	0.104003	0.090035	1.3803450000000002	3519000.0
2015-09-04	-0.012629999999999999	0.07309700000000001	0.078011	0.060573	-0.7967069999999999	2843000.0
2015-09-03	0.0	0.083401	0.08799900000000001	0.07484099999999999	0.0	3032000.0
2015-09-02	0.004277	0.09010499999999999	0.09074199999999999	0.073547	0.26866100000000004	2655100.0
2015-09-01	-0.027957	0.065974	0.07201	0.042296	-1.8064959999999999	2851100.0
2015-08-31	-0.018021000000000002	0.07731	0.07731	0.053299	-1.185806	3333600.0
2015-08-28	-0.0025280000000000003	0.078832	0.08125700000000001	0.062915	-0.166756	2427200.0
2015-08-27	0.008355	0.084635	0.08983200000000001	0.07363	0.546586	3314300.0
2015-08-26	0.014918	0.091817	0.098333	0.067772	0.961608	3872900.0
2015-08-25	-0.029436	0.106956	0.11011800000000001	0.055613	-1.9550400000000001	5231300.0
2015-08-24	-0.040318	0.065649	0.08371100000000001	0.040796	-2.790298	6395900.0
2015-08-21	-0.004226	0.08503	0.090929	0.078124	-0.293716	6976200.0
2015-08-20	-0.005516	0.083481	0.095929	0.078902	-0.385499	4340200.0
2015-08-19	0.000657	0.084049	0.095647	0.081615	0.045883999999999994	2018100.0
2015-08-18	-0.0017059999999999998	0.087203	0.092063	0.08363	-0.119316	1795400.0
2015-08-17	0.011278	0.09137	0.10553599999999999	0.08746699999999999	0.780181	2882700.0
2015-08-14	0.005872	0.08352899999999999	0.09676	0.078585	0.403855	1730100.0
2015-08-13	0.005907	0.08393300000000001	0.09695	0.076035	0.403877	3018100.0
2015-08-12	0.024903	0.08769099999999999	0.117222	0.085893	1.661301	3378500.0
2015-08-11	0.004561	0.087533	0.100935	0.083467	0.30291	1902700.0
2015-08-10	0.000138	0.090545	0.095214	0.084972	0.009178	1535600.0
2015-08-07	0.014159999999999999	0.087658	0.111332	0.083076	0.927047	1934100.0
2015-08-06	0.002389	0.09163400000000001	0.092399	0.074639	0.156014	2158800.0
2015-08-05	0.012953999999999999	0.089645	0.111823	0.087629	0.835258	2353600.0
2015-08-04	-0.020496	0.084629	0.087364	0.062147	-1.349258	3071300.0
2015-08-03	0.000279	0.092833	0.097544	0.08295599999999999	0.018356	1749300.0
2015-07-31	0.009149	0.097617	0.10666400000000001	0.09639099999999999	0.596611	2190500.0
2015-07-30	0.0056619999999999995	0.086252	0.097663	0.0807	0.36715	1569900.0
2015-07-29	0.007415000000000001	0.08809199999999999	0.098656	0.07954800000000001	0.477287	2542300.0
2015-07-28	0.014319	0.088545	0.10524800000000001	0.084763	0.908684	2792200.0
2015-07-27	0.008019	0.089649	0.104104	0.089649	0.504822	2191200.0
2015-07-24	0.0052759999999999994	0.089171	0.098113	0.085499	0.330436	2364000.0
2015-07-23	-0.007275	0.08632000000000001	0.089649	0.071261	-0.458938	2395500.0
2015-07-22	-0.0005809999999999999	0.088382	0.099313	0.087589	-0.036705	2236600.0
2015-07-21	-0.0075049999999999995	0.08681699999999999	0.089962	0.075811	-0.477299	2424400.0
2015-07-20	-0.005169	0.08808300000000001	0.089178	0.07775900000000001	-0.330425	1237800.0
2015-07-17	-0.007552	0.085299	0.089646	0.07908899999999999	-0.486458	2048800.0
2015-07-16	0.009493999999999999	0.090431	0.102184	0.088237	0.605781	2100200.0
2015-07-15	0.0046240000000000005	0.086814	0.095158	0.08335	0.293713	1607700.0
2015-07-14	0.001592	0.08838700000000001	0.09485199999999999	0.086495	0.100979	1746500.0
2015-07-13	0.0018850000000000002	0.09012200000000001	0.096916	0.08317100000000001	0.11931199999999999	2154500.0
2015-07-10	0.004516	0.092188	0.10282100000000001	0.085999	0.284535	1849900.0
2015-07-09	-0.011234000000000001	0.09278600000000001	0.094512	0.072543	-0.7159310000000001	3031600.0
2015-07-08	0.001442	0.085247	0.094519	0.083204	0.091777	3279100.0
2015-07-07	0.021813	0.096234	0.11823299999999999	0.093184	1.358441	3035700.0
2015-07-06	-0.000737	0.08676299999999999	0.092699	0.079061	-0.045902	3191500.0
2015-07-02	0.012375	0.095176	0.10540999999999999	0.095013	0.761833	2274400.0
2015-07-01	0.002991	0.094704	0.096496	0.085906	0.183567	2747400.0
2015-06-30	-0.006241	0.09272899999999999	0.09272899999999999	0.07702300000000001	-0.385491	3367600.0
2015-06-29	0.000297	0.088357	0.10358099999999999	0.08819500000000001	0.018357	2939000.0
2015-06-26	0.003431	0.08884	0.094691	0.082015	0.21110500000000001	1928400.0
2015-06-25	-0.009017	0.089007	0.092389	0.079667	-0.559894	2670000.0
2015-06-24	0.001332	0.088523	0.094167	0.086104	0.082611	3154000.0
2015-06-23	-0.010255	0.088692	0.08965	0.073689	-0.64251	3510900.0
2015-06-22	0.0030859999999999998	0.09925700000000001	0.100377	0.08692899999999999	0.192745	2494900.0
2015-06-19	-0.011618999999999999	0.089965	0.094079	0.075723	-0.734287	3985500.0
2015-06-18	0.0125	0.089811	0.10439100000000001	0.087247	0.7801899999999999	3381700.0
2015-06-17	0.009351	0.08932899999999999	0.102105	0.08755	0.578254	2737200.0
2015-06-16	0.004024	0.08721699999999999	0.094686	0.08267100000000001	0.24781799999999998	1697900.0
2015-06-15	0.004490999999999999	0.089001	0.098461	0.086228	0.275353	2489700.0
2015-06-12	-0.006987	0.083984	0.091272	0.081231	-0.431385	3758700.0
2015-06-11	0.0062829999999999995	0.09682400000000001	0.09926900000000001	0.090305	0.385498	2135500.0
2015-06-10	0.000299	0.094218	0.095522	0.088186	0.018364	2968300.0
2015-06-09	-0.0014939999999999999	0.088351	0.092909	0.08607200000000001	-0.091809	2792700.0
2015-06-08	-0.003127	0.088517	0.093223	0.084136	-0.19272999999999998	3405600.0
2015-06-05	-0.010902	0.08002100000000001	0.082428	0.070872	-0.679222	3602300.0
2015-06-04	-0.008037	0.086784	0.095381	0.07898200000000001	-0.504825	3238400.0
2015-06-03	-0.016669	0.089491	0.0909	0.065067	-1.064705	3345300.0
2015-06-02	-0.012908000000000001	0.08408099999999999	0.08454500000000001	0.063837	-0.835274	3020000.0
2015-06-01	-0.000283	0.090726	0.095516	0.086401	-0.018349	1769100.0
2015-05-29	-0.006340999999999999	0.091639	0.091946	0.079358	-0.41304700000000005	3582000.0
2015-05-28	0.001977	0.089029	0.095489	0.085645	0.128502	1899700.0
2015-05-27	-0.00045099999999999996	0.089767	0.092535	0.085155	-0.029358	2620000.0
2015-05-26	-0.006392	0.097162	0.099759	0.084177	-0.418389	2563900.0
2015-05-22	-0.0006940000000000001	0.096095	0.10098	0.092278	-0.045479	1415300.0
2015-05-21	0.001808	0.10220599999999999	0.107865	0.09593600000000001	0.11824100000000001	3154200.0
2015-05-20	-0.004155	0.098845	0.10295699999999999	0.092905	-0.272843	2738100.0
2015-05-19	-0.0009689999999999999	0.09336699999999999	0.102648	0.091998	-0.063697	1792200.0
2015-05-18	0.0009699999999999999	0.094275	0.10295699999999999	0.093514	0.063697	1396700.0
2015-05-15	0.00824	0.101143	0.11143099999999999	0.099454	0.536622	1714100.0
2015-05-14	0.009873	0.106276	0.11278900000000001	0.104571	0.6366649999999999	1722800.0
2015-05-13	-0.002673	0.099453	0.11491900000000001	0.092649	-0.172806	2544400.0
2015-05-12	0.001127	0.092486	0.104098	0.087996	0.07276200000000001	2253800.0
2015-05-11	-0.010865000000000001	0.098841	0.10603900000000001	0.087201	-0.709458	1772800.0
2015-05-08	0.012125	0.112009	0.121154	0.109529	0.782219	1927800.0
2015-05-07	0.003111	0.104273	0.112203	0.10069700000000001	0.200096	2107900.0
2015-05-06	-0.001553	0.099609	0.105974	0.08781	-0.100052	3461700.0
2015-05-05	-0.013099000000000001	0.097768	0.0993	0.074633	-0.854965	3344900.0
2015-05-04	0.000837	0.09562000000000001	0.112794	0.09562000000000001	0.054573	2210900.0
2015-05-01	0.000279	0.10129400000000001	0.105742	0.08672200000000001	0.018172999999999998	2282600.0
2015-04-30	-0.008575	0.096108	0.09777999999999999	0.07922799999999999	-0.5639109999999999	2837300.0
2015-04-29	-0.0060490000000000006	0.089931	0.09597699999999999	0.083734	-0.400185	2126100.0
2015-04-28	0.0023420000000000003	0.093848	0.102332	0.084303	0.15461	2206900.0
2015-04-27	-0.01319	0.101547	0.10483599999999998	0.07672899999999999	-0.8822399999999999	2022500.0
2015-04-24	0.004645000000000001	0.0972	0.116576	0.095999	0.309242	2868100.0
2015-04-23	0.009377	0.100363	0.113704	0.097482	0.618477	2067300.0
2015-04-22	0.005965	0.10326600000000001	0.108299	0.097013	0.391121	2774200.0
2015-04-21	-0.009072	0.09990700000000001	0.106405	0.084189	-0.6003109999999999	3569200.0
2015-04-20	0.01791	0.101761	0.12975899999999999	0.101761	1.164215	2332900.0
2015-04-17	-0.004596	0.09271599999999999	0.10251600000000001	0.091337	-0.300156	2942000.0
2015-04-16	-0.008561	0.095354	0.095658	0.082602	-0.5639109999999999	2373200.0
2015-04-15	0.011029	0.102523	0.113728	0.099147	0.718551	2953200.0
2015-04-14	0.0075959999999999995	0.100227	0.11043399999999999	0.098525	0.49115	1799600.0
2015-04-13	-0.011266	0.099453	0.100982	0.085997	-0.736748	1360800.0
2015-04-10	0.007426	0.100686	0.113472	0.097759	0.482079	1175600.0
2015-04-09	-0.005296	0.096695	0.097002	0.085049	-0.345627	1545800.0
2015-04-08	-0.00278	0.098995	0.100829	0.09120199999999999	-0.181923	2027300.0
2015-04-07	-0.010452	0.099453	0.10157000000000001	0.087357	-0.691246	1852900.0
2015-04-06	0.015786	0.100989	0.12126400000000001	0.100989	1.027779	2330000.0
2015-04-02	0.0009789999999999998	0.100991	0.10437300000000001	0.095148	0.063675	1784200.0
2015-04-01	0.009031	0.103177	0.113726	0.087973	0.5821	2596700.0
2015-03-31	-0.003795	0.097444	0.10563499999999999	0.086935	-0.245575	2479600.0
2015-03-30	0.010655	0.102265	0.115229	0.097735	0.682167	1427500.0
2015-03-27	0.000426	0.100704	0.107423	0.096484	0.027286	1962100.0
2015-03-26	-0.004809000000000001	0.097898	0.104896	0.089812	-0.309238	2370900.0
2015-03-25	-0.010636	0.099299	0.10653	0.086837	-0.691277	2456100.0
2015-03-24	-0.010249	0.09640800000000001	0.104326	0.085748	-0.67305	2376800.0
2015-03-23	0.000139	0.097169	0.10493699999999999	0.095342	0.009117	2383700.0
2015-03-20	0.00824	0.10267799999999999	0.114041	0.100375	0.536622	4294100.0
2015-03-19	-0.00445	0.09761900000000001	0.110154	0.089058	-0.29107	2562000.0
2015-03-18	0.027575	0.097725	0.135898	0.093013	1.755421	3216700.0
2015-03-17	0.000143	0.098039	0.104324	0.092698	0.009087	2293600.0
2015-03-16	0.014791	0.10375799999999999	0.122252	0.100569	0.927738	2621800.0
2015-03-13	-0.012317	0.099611	0.099768	0.07473099999999999	-0.782204	2858100.0
2015-03-12	0.015562999999999999	0.10664900000000001	0.121202	0.10441099999999999	0.973198	3042600.0
2015-03-11	-0.007363	0.103422	0.10913699999999998	0.091199	-0.46385200000000004	3759500.0
2015-03-10	-0.004456	0.097083	0.109726	0.09408	-0.281959	5119900.0
2015-03-09	-0.000144	0.099453	0.108302	0.097715	-0.009106	2359000.0
2015-03-06	-0.022478	0.08354400000000001	0.083853	0.068716	-1.455265	4783400.0
2015-03-05	0.008073	0.102879	0.117048	0.09992000000000001	0.51844	3371300.0
2015-03-04	-0.005072	0.093102	0.09713	0.090003	-0.32743	2640200.0
2015-03-03	0.009243000000000001	0.101017	0.110398	0.09101000000000001	0.591205	3734800.0
2015-03-02	-0.024553	0.099453	0.099453	0.066054	-1.609882	4422800.0
2015-02-27	0.001946	0.100064	0.107858	0.09425800000000001	0.12731900000000002	2220200.0
2015-02-26	-0.010452	0.100965	0.10399000000000001	0.084937	-0.691246	2416200.0
2015-02-25	-0.009562000000000001	0.104066	0.10586300000000001	0.087143	-0.638496	2381500.0
2015-02-24	0.002165	0.10840799999999999	0.121616	0.103305	0.144249	2217400.0
2015-02-23	-0.001216	0.108858	0.11380499999999999	0.101363	-0.081131	1660200.0
2015-02-20	0.00271	0.10840599999999999	0.112765	0.097734	0.180298	3342600.0
2015-02-19	-0.011784999999999999	0.104405	0.107673	0.091779	-0.793381	3625200.0
2015-02-18	0.020361	0.10643	0.132196	0.10643	1.343361	2974500.0
2015-02-17	0.003703	0.10824500000000001	0.12026300000000001	0.098205	0.24343099999999998	4604800.0
2015-02-13	-0.010988	0.11081300000000001	0.11081300000000001	0.08508500000000001	-0.730286	4098100.0
2015-02-12	-0.005397	0.111402	0.11634100000000001	0.097785	-0.360657	5422100.0
2015-02-11	-0.033132999999999996	0.102647	0.106698	0.070672	-2.290016	4040700.0
2015-02-10	0.019008	0.10915799999999999	0.13319	0.109011	1.289269	4019500.0
2015-02-09	-0.00634	0.109305	0.144905	0.09450800000000001	-0.43273999999999996	4549300.0
2015-02-06	-0.03787	0.10211	0.10380199999999999	0.057569	-2.686744	3980900.0
2015-02-05	0.013655	0.114873	0.126161	0.10458599999999998	0.9556959999999999	1779600.0
2015-02-04	-0.01209	0.10323	0.112969	0.09222000000000001	-0.8565219999999999	2138300.0
2015-02-03	0.011065	0.10815899999999999	0.12571300000000002	0.100595	0.7753680000000001	3045700.0
2015-02-02	0.010795	0.11334100000000001	0.125747	0.10266700000000001	0.748322	2560800.0
2015-01-30	-0.028431	0.104673	0.105094	0.07664299999999999	-2.028557	2939700.0
2015-01-29	0.016569999999999998	0.11058299999999999	0.129389	0.102034	1.163025	1887300.0
2015-01-28	-0.014306999999999999	0.10943900000000001	0.121938	0.091182	-1.018792	2090400.0
2015-01-27	0.000634	0.106348	0.115763	0.099743	0.04509	1523500.0
2015-01-26	-0.002023	0.10453	0.10915799999999999	0.093591	-0.144264	1617500.0
2015-01-23	0.0047	0.11254000000000002	0.12071199999999999	0.104931	0.333588	1507300.0
2015-01-22	-0.006938	0.11153699999999998	0.11531500000000001	0.093067	-0.49586499999999994	3053700.0
2015-01-21	0.011484000000000001	0.103921	0.12415999999999999	0.09642	0.811416	2466000.0
2015-01-20	0.007845	0.112581	0.118144	0.10259700000000001	0.5499729999999999	1912500.0
2015-01-16	0.007645	0.109877	0.11835699999999999	0.104271	0.531937	2559400.0
2015-01-15	0.009418000000000001	0.110319	0.122651	0.10292000000000001	0.649147	2655100.0
2015-01-14	0.000131	0.10669100000000001	0.116558	0.093052	0.009009999999999999	3647800.0
2015-01-13	-0.000784	0.119742	0.12684700000000002	0.100024	-0.0541	2347000.0
2015-01-12	0.0	0.112928	0.11495799999999999	0.09799400000000001	0.0	2177300.0
2015-01-09	-0.011245	0.111739	0.113602	0.092529	-0.784378	1815100.0
2015-01-08	0.011769	0.11771600000000002	0.127579	0.115105	0.8114319999999999	2164100.0
2015-01-07	0.004070000000000001	0.11221600000000001	0.12153699999999999	0.10275	0.279487	2908100.0
2015-01-06	-0.005095000000000001	0.11263599999999999	0.129298	0.101624	-0.351616	3290000.0
2015-01-05	-0.012131	0.106152	0.110733	0.092125	-0.8474879999999999	2779200.0
2015-01-02	0.007672	0.114351	0.119255	0.103822	0.531944	2210200.0
2014-12-31	-0.01788	0.11015	0.112133	0.08791	-1.26223	2080800.0
2014-12-30	-0.024056	0.10528699999999999	0.107776	0.07874400000000001	-1.7400509999999998	1990200.0
2014-12-29	0.011983	0.108598	0.131683	0.108598	0.856499	2761400.0
2014-12-26	0.011483	0.110573	0.12996	0.10731900000000001	0.811439	3526600.0
2014-12-24	0.019246	0.107716	0.134543	0.10641800000000001	1.334343	1414700.0
2014-12-23	0.005097	0.11379700000000001	0.123655	0.10466400000000001	0.351609	1923200.0
2014-12-22	0.014722	0.118426	0.13225399999999998	0.114748	1.0007700000000002	2747400.0
2014-12-19	0.0009289999999999999	0.10871600000000001	0.11828699999999999	0.096054	0.063095	4360700.0
2014-12-18	0.018386000000000003	0.11320699999999999	0.129701	0.10630899999999999	1.226158	2756200.0
2014-12-17	0.030366000000000004	0.11796500000000001	0.14469300000000002	0.115184	1.965454	2643800.0
2014-12-16	-0.00264	0.10962000000000001	0.129652	0.09929600000000001	-0.17131	2124900.0
2014-12-15	-0.010176000000000001	0.114344	0.114344	0.089482	-0.667168	2352100.0
2014-12-12	-0.008859	0.10704200000000001	0.116868	0.098878	-0.586029	3800000.0
2014-12-11	0.020729	0.119805	0.1411	0.115948	1.3433760000000001	3741000.0
2014-12-10	-0.008688	0.124761	0.13914	0.098451	-0.568	8403400.0
2014-12-09	0.002211	0.107625	0.116057	0.10547899999999999	0.144249	2094800.0
2014-12-08	0.0027719999999999997	0.11161800000000001	0.122379	0.106852	0.180305	1654000.0
2014-12-05	-0.008111	0.098332	0.108091	0.09573999999999999	-0.531921	1571500.0
2014-12-04	0.002204	0.10931099999999999	0.11634000000000001	0.10289200000000001	0.144241	1733000.0
2014-12-03	-0.0035689999999999997	0.10885399999999999	0.11266099999999998	0.099717	-0.23439000000000002	1496500.0
2014-12-02	0.0077480000000000005	0.10900499999999999	0.123276	0.103327	0.504883	2286000.0
2014-12-01	-0.003722	0.10319600000000001	0.115273	0.099221	-0.243432	2643200.0
2014-11-28	0.000276	0.10793499999999999	0.120933	0.107476	0.018029	1268500.0
2014-11-26	-0.001377	0.111449	0.114656	0.101675	-0.090164	1591000.0
2014-11-25	0.002484	0.10915799999999999	0.11482200000000001	0.101963	0.162277	2652800.0
2014-11-24	-0.0027300000000000002	0.118344	0.125672	0.11330499999999999	-0.178826	2431000.0
2014-11-21	0.007981	0.127116	0.13404100000000002	0.117728	0.518624	2576100.0
2014-11-20	0.002898	0.111553	0.122202	0.109083	0.187782	1786800.0
2014-11-19	0.0036009999999999996	0.11571	0.125469	0.11292200000000001	0.232483	1578000.0
2014-11-18	0.000554	0.117104	0.125318	0.112919	0.035759	1677100.0
2014-11-17	0.008244	0.116156	0.130063	0.114749	0.527565	1652500.0
2014-11-14	-0.009549	0.114475	0.11586700000000001	0.104879	-0.616974	2888400.0
2014-11-13	-0.006189	0.11942	0.124804	0.1085	-0.402382	2599300.0
2014-11-12	-0.016236	0.094739	0.10926500000000001	0.0902	-1.073013	2838000.0
2014-11-11	-0.006052	0.11548599999999999	0.118795	0.10646199999999999	-0.402382	2472200.0
2014-11-10	0.006361	0.118344	0.127425	0.111079	0.42026499999999994	2097400.0
2014-11-07	0.011084	0.123546	0.131198	0.119874	0.724274	2038500.0
2014-11-06	-0.014828999999999998	0.118344	0.119248	0.09392	-0.983582	3884700.0
2014-11-05	0.03286	0.122704	0.161477	0.119745	2.1102529999999997	4824700.0
2014-11-04	-0.010198	0.11911400000000001	0.122351	0.100773	-0.66169	1964500.0
2014-11-03	0.017672	0.121951	0.144067	0.12100999999999999	1.126671	3224200.0
2014-10-31	-0.003912	0.094283	0.121624	0.094283	-0.250382	4292900.0
2014-10-30	0.020094	0.122806	0.14225	0.110534	1.2608	3766900.0
2014-10-29	-0.0076370000000000006	0.117711	0.12293	0.09968099999999999	-0.482849	2347400.0
2014-10-28	0.004974	0.120887	0.12390699999999999	0.108171	0.31295	2520600.0
2014-10-27	-0.00509	0.11818499999999998	0.121823	0.11075299999999999	-0.321904	1679700.0
2014-10-24	0.008845	0.12025799999999999	0.13254200000000002	0.117067	0.5544060000000001	1751100.0
2014-10-23	0.000999	0.126807	0.129842	0.11610799999999999	0.062584	1818900.0
2014-10-22	0.000286	0.11578800000000002	0.130484	0.115469	0.017894	2647600.0
2014-10-21	0.007773	0.119953	0.128968	0.113192	0.482838	1810300.0
2014-10-20	0.010767	0.119808	0.132012	0.11671600000000001	0.661701	2033000.0
2014-10-17	0.011033	0.12262100000000001	0.133643	0.11061199999999999	0.670632	3108000.0
2014-10-16	0.024876	0.10519300000000001	0.153076	0.10519300000000001	1.475402	4927200.0
2014-10-15	-0.027134	0.110963	0.115719	0.074876	-1.65422	8471800.0
2014-10-14	-0.025861000000000002	0.12281800000000001	0.124096	0.08590700000000001	-1.618481	8512600.0
2014-10-13	-0.008921	0.12103599999999999	0.13006199999999998	0.10805	-0.563339	3822200.0
2014-10-10	0.002698	0.123901	0.137398	0.12088399999999999	0.169907	2966300.0
2014-10-09	-0.023433000000000002	0.118344	0.12020399999999999	0.091517	-1.511177	2729100.0
2014-10-08	0.027497000000000004	0.118503	0.150369	0.115954	1.7257650000000002	4582800.0
2014-10-07	0.001713	0.112758	0.12792	0.11243800000000001	0.10731900000000001	2797800.0
2014-10-06	0.00042800000000000005	0.118184	0.124731	0.11371300000000001	0.026820999999999998	1846800.0
2014-10-03	0.010387	0.12108599999999999	0.131734	0.113504	0.643818	2125600.0
2014-10-02	0.000866	0.118182	0.126256	0.114468	0.05363	1679200.0
2014-10-01	0.002461	0.12368499999999999	0.13194	0.11785799999999999	0.152016	2192300.0
2014-09-30	0.008908	0.124386	0.14578	0.124223	0.545445	2832700.0
2014-09-29	0.006615	0.11456300000000001	0.127385	0.11110999999999999	0.402385	1660400.0
2014-09-26	0.005915	0.124297	0.129919	0.112721	0.35767	1661100.0
2014-09-25	-0.007047	0.11653699999999999	0.124747	0.110134	-0.42920699999999995	1743800.0
2014-09-24	-0.002782	0.11998099999999999	0.12047200000000001	0.112776	-0.16989100000000001	1690200.0
2014-09-23	0.0	0.118344	0.1208	0.112121	0.0	3644500.0
2014-09-22	-0.008995999999999999	0.118344	0.11947999999999999	0.10471300000000001	-0.5543819999999999	1709700.0
2014-09-19	0.005838	0.116059	0.12732100000000002	0.116059	0.357673	3030300.0
2014-09-18	-0.0076760000000000005	0.118506	0.122555	0.10441500000000001	-0.473922	1756000.0
2014-09-17	-0.004182	0.124634	0.12544	0.10753800000000001	-0.259312	2307100.0
2014-09-16	0.009904000000000001	0.116552	0.13430599999999998	0.1159	0.608028	1719200.0
2014-09-15	0.001167	0.12095299999999999	0.125845	0.11442999999999999	0.07154500000000001	1272500.0
2014-09-12	-0.019165	0.112746	0.112746	0.092113	-1.198185	1942000.0
2014-09-11	0.005609	0.118344	0.126708	0.113197	0.348717	1605800.0
2014-09-10	-0.004866	0.116743	0.11978399999999999	0.1097	-0.30402399999999996	1497700.0
2014-09-09	-0.013831999999999999	0.114871	0.11723900000000001	0.102401	-0.876274	2497800.0
2014-09-08	-0.0061719999999999995	0.116932	0.11897100000000001	0.105637	-0.393456	2695700.0
2014-09-05	0.014515	0.120253	0.134736	0.119299	0.912064	2017300.0
2014-09-04	0.008757	0.118986	0.131026	0.115775	0.545441	2593400.0
2014-09-03	0.002735	0.119148	0.126876	0.117861	0.16989100000000001	1671500.0
2014-09-02	-0.010681	0.12009600000000001	0.12997	0.100188	-0.670624	2619800.0
2014-08-29	0.005297	0.116422	0.12490799999999999	0.114021	0.330841	1606400.0
2014-08-28	0.005325	0.11432	0.12445999999999999	0.11158299999999999	0.330845	1696000.0
2014-08-27	0.009444	0.12110599999999999	0.129717	0.119968	0.5812189999999999	1850600.0
2014-08-26	-0.009415999999999999	0.129058	0.13276	0.117148	-0.585037	1483300.0
2014-08-25	0.008343999999999999	0.132474	0.140102	0.129391	0.514126	1574200.0
2014-08-22	-0.002583	0.13003499999999998	0.132139	0.11676099999999999	-0.15956199999999998	1617300.0
2014-08-21	0.0005740000000000001	0.12793	0.136191	0.126797	0.035457999999999996	1606900.0
2014-08-20	0.0008619999999999999	0.127444	0.13003800000000001	0.12112200000000001	0.053184	1221800.0
2014-08-19	0.01325	0.128093	0.143368	0.126614	0.806687	1780800.0
2014-08-18	-0.003193	0.12923900000000002	0.133823	0.122526	-0.195027	1375600.0
2014-08-15	0.008931999999999999	0.132718	0.145603	0.131231	0.54073	2190900.0
2014-08-14	0.007673	0.129091	0.137747	0.127593	0.46096400000000004	1194800.0
2014-08-13	0.004149	0.129597	0.137453	0.12592	0.248203	1321500.0
2014-08-12	-0.0008880000000000001	0.125254	0.132602	0.12358399999999999	-0.05318	1372800.0
2014-08-11	-0.004422	0.127594	0.132083	0.118948	-0.265946	2103600.0
2014-08-08	0.031782	0.135812	0.164803	0.135812	1.8526770000000001	3872800.0
2014-08-07	0.013094999999999999	0.13261099999999998	0.145993	0.13261099999999998	0.753483	2863700.0
2014-08-06	-0.016663999999999998	0.121427	0.122794	0.105876	-0.975102	5188600.0
2014-08-05	-0.015216999999999998	0.126914	0.129102	0.10638199999999999	-0.904171	3036100.0
2014-08-04	-0.008284999999999999	0.12625699999999998	0.128093	0.099052	-0.496395	3911100.0
2014-08-01	-0.000739	0.122922	0.140935	0.12108800000000002	-0.044331	2601800.0
2014-07-31	-0.019284	0.122531	0.12613	0.10535699999999999	-1.178993	3266900.0
2014-07-30	-0.013728	0.129222	0.139869	0.10341099999999999	-0.850979	2588900.0
2014-07-29	-0.013403	0.12475	0.129684	0.112973	-0.842148	2231100.0
2014-07-28	0.014601	0.126316	0.14747000000000002	0.126316	0.9041870000000001	1806400.0
2014-07-25	-0.006823999999999999	0.133545	0.133545	0.11879100000000001	-0.42548800000000003	1101900.0
2014-07-24	0.001852	0.12118399999999999	0.13435899999999998	0.12118399999999999	0.11524200000000001	1203200.0
2014-07-23	0.00386	0.126641	0.13373800000000002	0.123899	0.239323	1314000.0
2014-07-22	-0.001142	0.133248	0.133409	0.125193	-0.070896	1690700.0
2014-07-21	-0.001996	0.12166099999999999	0.130826	0.121179	-0.124115	1564600.0
2014-07-18	0.014753	0.132987	0.147019	0.125319	0.9041819999999999	1852000.0
2014-07-17	-0.00903	0.126637	0.12987100000000001	0.117744	-0.5584720000000001	2012900.0
2014-07-16	0.0035960000000000002	0.131825	0.133123	0.120466	0.221627	1303200.0
2014-07-15	0.008999	0.127274	0.13955399999999998	0.126619	0.5495979999999999	2406500.0
2014-07-14	-0.008633	0.131663	0.13215	0.118029	-0.531894	1605000.0
2014-07-11	-0.0068590000000000005	0.125191	0.128092	0.119065	-0.42548	1257700.0
2014-07-10	0.011271999999999999	0.126625	0.14113399999999998	0.124832	0.6914399999999999	2191100.0
2014-07-09	0.000723	0.129724	0.13184500000000002	0.120751	0.044323	1726900.0
2014-07-08	0.004211	0.126127	0.133826	0.125144	0.257065	2702100.0
2014-07-07	0.002913	0.12546400000000002	0.13860799999999998	0.123492	0.177288	2767500.0
2014-07-03	-0.014072	0.12193699999999999	0.12193699999999999	0.102012	-0.8687280000000001	2603900.0
2014-07-02	-0.02136	0.125397	0.125556	0.09813	-1.347401	3615900.0
2014-07-01	-0.005033	0.12825	0.12967	0.114212	-0.31911799999999996	3214200.0
2014-06-30	0.009884	0.12681800000000001	0.14211	0.12331400000000001	0.620502	3228900.0
2014-06-27	-0.004358	0.12460399999999999	0.127775	0.117467	-0.27478400000000003	3406100.0
2014-06-26	0.019639	0.13359100000000002	0.150894	0.130356	1.214432	6884200.0
2014-06-25	-0.008246	0.12264000000000001	0.124725	0.114621	-0.514134	4956800.0
2014-06-24	0.0042829999999999995	0.12648199999999998	0.136951	0.12616	0.265927	1802200.0
2014-06-23	-0.004831	0.1321	0.136107	0.11751400000000001	-0.301392	2187200.0
2014-06-20	-0.008732	0.127616	0.134607	0.117129	-0.549606	3937400.0
2014-06-19	0.015011000000000002	0.13164	0.149703	0.13035	0.930774	3955600.0
2014-06-18	0.021466	0.12792699999999999	0.152637	0.12628	1.303078	2948400.0
2014-06-17	-0.000292	0.125952	0.130563	0.12167	-0.017712000000000002	2579800.0
2014-06-16	0.000877	0.126774	0.142762	0.124796	0.05318099999999999	2580400.0
2014-06-13	0.006027	0.12759500000000001	0.137544	0.121128	0.36344499999999996	2691700.0
2014-06-12	0.004726	0.12625999999999998	0.13742200000000002	0.117263	0.283673	1926600.0
2014-06-11	-0.013405000000000002	0.12497	0.12875	0.112477	-0.815533	2006600.0
2014-06-10	-0.005507	0.122044	0.12891	0.118611	-0.336864	1887200.0
2014-06-09	-0.012026	0.12550799999999998	0.1268	0.11194200000000001	-0.744618	1799600.0
2014-06-06	-0.005411	0.130823	0.134035	0.12006099999999999	-0.336861	1619800.0
2014-06-05	0.00257	0.125677	0.134051	0.123905	0.159565	2265100.0
2014-06-04	0.002576	0.12308699999999999	0.131967	0.120827	0.15956199999999998	2026200.0
2014-06-03	0.003879	0.126796	0.1349	0.125823	0.239353	2551100.0
2014-06-02	0.009281000000000001	0.128747	0.141343	0.12449400000000001	0.567329	2051300.0
2014-05-30	0.006421	0.129245	0.13583	0.123153	0.39003000000000004	2524100.0
2014-05-29	0.002487	0.129083	0.132384	0.12528699999999998	0.15070699999999998	2983800.0
2014-05-28	-0.006829000000000001	0.128584	0.130715	0.11874900000000001	-0.416637	3679400.0
2014-05-27	0.001442	0.144494	0.14909	0.13398800000000002	0.087871	2416100.0
2014-05-23	-0.007161	0.13988299999999998	0.140861	0.129779	-0.439384	2387600.0
2014-05-22	0.012471	0.141228	0.15723399999999998	0.137928	0.755764	1518500.0
2014-05-21	0.00058	0.1409	0.143541	0.134625	0.035144999999999996	1461700.0
2014-05-20	-0.001738	0.140235	0.147982	0.132324	-0.105458	1937500.0
2014-05-19	-0.018341999999999997	0.135986	0.136795	0.116247	-1.13364	2053600.0
2014-05-16	0.0035670000000000003	0.137603	0.14263599999999999	0.133056	0.219685	1513000.0
2014-05-15	-0.006943	0.138895	0.140991	0.128253	-0.43059899999999995	1309800.0
2014-05-14	0.011032	0.13988399999999998	0.157328	0.13988399999999998	0.67667	2071200.0
2014-05-13	0.006779	0.141046	0.14876	0.137271	0.41302799999999995	2003800.0
2014-05-12	-0.007586	0.141022	0.141348	0.128806	-0.465751	1901200.0
2014-05-09	-0.017164	0.13808800000000002	0.14129	0.11663599999999999	-1.0721209999999999	1664700.0
2014-05-08	-0.015649	0.135879	0.14060599999999998	0.11681099999999998	-0.9930379999999999	1425300.0
2014-05-07	0.022225	0.145499	0.163702	0.14388800000000002	1.3797	1942700.0
2014-05-06	-0.007308	0.134729	0.137927	0.127054	-0.456978	1895200.0
2014-05-05	0.004234	0.135519	0.144351	0.133752	0.26364499999999996	1621800.0
2014-05-02	-0.022351	0.132432	0.134159	0.10637100000000001	-1.423649	1906800.0
2014-05-01	-0.0008269999999999999	0.13855499999999998	0.145144	0.126162	-0.05271900000000001	1572100.0
2014-04-30	0.001104	0.144837	0.158186	0.13352999999999998	0.070301	2745300.0
2014-04-29	-0.003849	0.137458	0.139023	0.128228	-0.246063	2323800.0
2014-04-28	0.005668	0.137927	0.145951	0.131477	0.360302	1864600.0
2014-04-25	0.011326000000000001	0.137928	0.151611	0.13745	0.711838	1689200.0
2014-04-24	0.0064730000000000005	0.138728	0.149297	0.130721	0.40422399999999997	1489900.0
2014-04-23	0.002681	0.13664300000000001	0.149006	0.135519	0.166973	1732900.0
2014-04-22	0.001979	0.139375	0.143076	0.132618	0.123024	1602900.0
2014-04-21	0.000849	0.141309	0.14871600000000001	0.133097	0.052734	1235400.0
2014-04-17	-0.012023	0.133155	0.14047300000000001	0.123769	-0.755775	1831200.0
2014-04-16	0.013604	0.14163599999999998	0.153407	0.137121	0.8436549999999999	1799300.0
2014-04-15	0.004841	0.137765	0.14376	0.130474	0.298786	2149400.0
2014-04-14	0.011668000000000001	0.143009	0.155959	0.1376	0.71183	1865500.0
2014-04-11	-0.0023	0.13710999999999998	0.143651	0.132367	-0.14061700000000002	2285400.0
2014-04-10	-0.010242	0.135985	0.143593	0.120769	-0.632737	3407500.0
2014-04-09	-0.002554	0.136959	0.138735	0.119683	-0.158176	2687700.0
2014-04-08	0.018645	0.139737	0.162104	0.131349	1.133652	3601100.0
2014-04-07	-0.006176	0.137928	0.14283099999999999	0.130736	-0.377884	2503800.0
2014-04-04	-0.00215	0.141679	0.153422	0.13433900000000001	-0.13181700000000002	2602500.0
2014-04-03	-0.0072569999999999996	0.141004	0.142623	0.127889	-0.44817799999999997	2319900.0
2014-04-02	-0.0017050000000000001	0.137928	0.1431	0.129684	-0.10545299999999999	1818400.0
2014-04-01	-0.008311	0.135683	0.140653	0.1227	-0.51849	2418500.0
2014-03-31	-0.001407	0.140969	0.14481	0.124322	-0.087887	2850500.0
2014-03-28	0.001973	0.13584300000000002	0.140815	0.13231400000000001	0.12304000000000001	1866300.0
2014-03-27	0.008385	0.138898	0.148602	0.133399	0.518478	1819800.0
2014-03-26	0.004139	0.138902	0.152543	0.136304	0.254852	2189500.0
2014-03-25	0.0043	0.14086300000000002	0.14510399999999998	0.13385	0.263638	1658300.0
2014-03-24	-0.004139	0.137603	0.143287	0.12802	-0.254849	2236100.0
2014-03-21	0.004157	0.155053	0.157336	0.140537	0.254849	4528700.0
2014-03-20	-0.000859	0.142001	0.142001	0.12391300000000001	-0.052735000000000004	2537600.0
2014-03-19	-0.009503	0.140188	0.14971099999999998	0.11985	-0.5887680000000001	3163500.0
2014-03-18	-0.001417	0.137928	0.14228	0.131642	-0.087886	2411100.0
2014-03-17	0.010159	0.143463	0.150302	0.134508	0.623935	3800700.0
2014-03-14	0.005612	0.13661800000000002	0.14758800000000002	0.13187000000000001	0.34273200000000004	4787500.0
2014-03-13	0.0075379999999999996	0.138918	0.149475	0.135948	0.456974	3369800.0
2014-03-12	0.013666	0.137259	0.153981	0.13458299999999998	0.817268	2711200.0
2014-03-11	-0.004389	0.139259	0.139259	0.12793800000000002	-0.26364099999999996	2223000.0
2014-03-10	-0.001315	0.135766	0.141585	0.130113	-0.07909400000000001	2016900.0
2014-03-07	0.006915	0.13658800000000001	0.14696800000000002	0.13156600000000002	0.41303599999999996	3006800.0
2014-03-06	-0.008027	0.141747	0.144238	0.125804	-0.483329	2294500.0
2014-03-05	-0.011113	0.137435	0.13809200000000002	0.12249000000000002	-0.676663	2721300.0
2014-03-04	0.010205	0.149707	0.153356	0.142407	0.615139	2891000.0
2014-03-03	-0.011670999999999999	0.130877	0.138747	0.121367	-0.7118220000000001	2861700.0
2014-02-28	-0.002587	0.136128	0.141689	0.129914	-0.158184	4112500.0
2014-02-27	-0.0025800000000000003	0.137927	0.143963	0.129608	-0.158181	1652600.0
2014-02-26	-0.012737	0.142598	0.143725	0.12085699999999999	-0.790912	2633900.0
2014-02-25	-0.000421	0.1492	0.158376	0.14469300000000002	-0.026126999999999997	1893800.0
2014-02-24	-0.001401	0.147751	0.160933	0.14566099999999998	-0.087136	1514400.0
2014-02-21	-0.001538	0.149195	0.15673900000000002	0.144701	-0.095855	1549200.0
2014-02-20	0.012173999999999999	0.149052	0.165298	0.14710299999999998	0.749382	2032000.0
2014-02-19	-0.003105	0.14694200000000002	0.16168	0.141274	-0.191693	2125000.0
2014-02-18	-0.0035159999999999996	0.14823599999999998	0.150818	0.140651	-0.217865	2094900.0
2014-02-14	0.005942	0.144343	0.155382	0.138012	0.36599	2225000.0
2014-02-13	0.019175	0.142626	0.17058800000000002	0.14163399999999998	1.158951	2736000.0
2014-02-12	0.003182	0.145266	0.153897	0.141283	0.191708	1846600.0
2014-02-11	0.00949	0.15094100000000002	0.166021	0.14541199999999999	0.5664060000000001	3114000.0
2014-02-10	0.023308000000000002	0.15342	0.17570999999999998	0.14759	1.359375	3972400.0
2014-02-07	0.015168000000000001	0.150201	0.16586700000000001	0.14793800000000001	0.8713870000000001	2138000.0
2014-02-06	0.0035009999999999998	0.14671700000000001	0.154577	0.137285	0.200424	1735000.0
2014-02-05	-0.002278	0.143233	0.14759	0.133823	-0.13071	2684100.0
2014-02-04	-0.018921	0.147761	0.151522	0.12433699999999999	-1.106674	3507300.0
2014-02-03	-0.011633	0.14640699999999998	0.163644	0.13086	-0.688401	3096300.0
2014-01-31	0.012825999999999999	0.123115	0.171552	0.113873	0.749401	4436900.0
2014-01-30	0.011617	0.150534	0.163	0.148456	0.670975	2184200.0
2014-01-29	0.000302	0.144473	0.151054	0.140835	0.017418	2646200.0
2014-01-28	-0.002409	0.14759	0.151391	0.14137	-0.13941900000000002	2380500.0
2014-01-27	0.007431999999999999	0.148112	0.161863	0.146198	0.426986	2171700.0
2014-01-24	-0.007078	0.142232	0.15484900000000001	0.138257	-0.409549	2383200.0
2014-01-23	-0.010727	0.140751	0.145538	0.129638	-0.6274109999999999	2643500.0
2014-01-22	0.003589	0.14759	0.15376700000000001	0.146046	0.209144	2148200.0
2014-01-21	0.0089	0.151052	0.158843	0.149148	0.514115	2775200.0
2014-01-17	-0.002858	0.14482799999999998	0.148798	0.140167	-0.165573	1947600.0
2014-01-16	-0.002251	0.140873	0.14621199999999998	0.134156	-0.13070299999999999	1779500.0
2014-01-15	-0.0071519999999999995	0.147419	0.148445	0.138185	-0.418263	1613700.0
2014-01-14	-0.000893	0.148102	0.152032	0.14160999999999999	-0.052292	1750500.0
2014-01-13	-0.008999	0.147421	0.159273	0.134553	-0.531536	2852000.0
2014-01-10	0.022014	0.155377	0.173546	0.15312699999999999	1.2722280000000001	3385000.0
2014-01-09	0.024089	0.16070399999999999	0.177361	0.15467899999999998	1.359372	2961600.0
2014-01-08	0.001082	0.144751	0.155395	0.140317	0.060980999999999994	2935500.0
2014-01-07	0.01842	0.15283	0.169631	0.150842	1.019547	2196600.0
2014-01-06	0.000157	0.14993900000000002	0.15301099999999998	0.14289200000000002	0.008713	1889000.0
2014-01-03	-0.001101	0.14759	0.152824	0.139648	-0.061005	1739100.0
2014-01-02	-0.017159	0.146171	0.146703	0.125415	-0.967255	2282100.0
2013-12-31	0.004659	0.147768	0.155967	0.146699	0.26143299999999997	1386300.0
2013-12-30	-0.00031099999999999997	0.147234	0.155073	0.142601	-0.017437	1229800.0
2013-12-27	-0.00031	0.15044000000000002	0.152399	0.142247	-0.017426	957700.0
2013-12-26	-0.003403	0.14759	0.151673	0.137827	-0.191711	1077100.0
2013-12-24	0.008265999999999999	0.15099100000000001	0.161908	0.14419	0.461845	916800.0
2013-12-23	-0.006661	0.148479	0.156835	0.138701	-0.374694	2215800.0
2013-12-20	0.000775	0.153284	0.155596	0.14332	0.043563	3804600.0
2013-12-19	-0.0043219999999999995	0.145642	0.145642	0.128458	-0.24398000000000003	1766200.0
2013-12-18	0.014088999999999999	0.149566	0.165016	0.134116	0.784237	2489000.0
2013-12-17	0.00031299999999999996	0.14651199999999998	0.152802	0.1413	0.017437	1759000.0
2013-12-16	0.004404	0.148854	0.162752	0.14759	0.243988	1654400.0
2013-12-13	0.00126	0.147048	0.155	0.145421	0.069713	1918400.0
2013-12-12	0.003952000000000001	0.14632	0.158839	0.14468699999999998	0.21784299999999998	2525300.0
2013-12-11	-0.0039369999999999995	0.14759	0.150843	0.139638	-0.21784299999999998	1889200.0
2013-12-10	-0.0037649999999999997	0.14740999999999999	0.149391	0.134267	-0.20913299999999999	2476500.0
2013-12-09	-0.010556	0.14759	0.14759	0.131557	-0.592544	1638000.0
2013-12-06	0.015288	0.155006	0.170741	0.153016	0.845245	1765000.0
2013-12-05	-0.010603	0.143474	0.143474	0.132022	-0.592541	2452700.0
2013-12-04	-0.00151	0.140854	0.14996700000000002	0.133528	-0.084526	2141900.0
2013-12-03	0.007464	0.15729	0.16755	0.152069	0.414631	3696700.0
2013-12-02	-0.009244	0.15568800000000002	0.157114	0.137318	-0.518299	2912100.0
2013-11-29	-0.002152	0.15675999999999998	0.167794	0.152667	-0.12093	1396200.0
2013-11-27	-0.012898	0.157474	0.159406	0.135164	-0.734237	2885100.0
2013-11-26	-0.006781999999999999	0.16026700000000002	0.16148800000000002	0.143343	-0.388729	3993100.0
2013-11-25	-0.004053	0.160777	0.161994	0.152437	-0.233231	9847400.0
2013-11-22	-0.0017980000000000001	0.157823	0.160599	0.152273	-0.103653	8747500.0
2013-11-21	0.0016510000000000001	0.15921400000000002	0.16599	0.15348	0.095028	6287700.0
2013-11-20	-0.016096	0.15765	0.15953	0.136453	-0.9415629999999999	2505100.0
2013-11-19	-0.00118	0.155942	0.160381	0.151332	-0.069122	2120700.0
2013-11-18	0.004147	0.157135	0.165365	0.15199200000000002	0.241875	2442000.0
2013-11-15	0.0068590000000000005	0.15506	0.16559000000000001	0.154024	0.397354	2078500.0
2013-11-14	0.011006	0.16079100000000002	0.173706	0.157126	0.630588	1961700.0
2013-11-13	0.010358	0.151301	0.17016900000000001	0.143014	0.587391	3555000.0
2013-11-12	-0.0034909999999999997	0.15132400000000001	0.158001	0.146579	-0.198669	2080400.0
2013-11-11	0.0071849999999999995	0.159773	0.172516	0.153933	0.405987	1990500.0
2013-11-08	0.0010710000000000001	0.153752	0.15995299999999998	0.13408599999999998	0.060474	3464300.0
2013-11-07	-0.01045	0.159403	0.16553900000000002	0.142572	-0.596035	2786400.0
2013-11-06	0.022611000000000003	0.16356600000000002	0.184184	0.161056	1.2611809999999999	3075900.0
2013-11-05	0.009064000000000001	0.165429	0.18804300000000002	0.158554	0.501011	3635200.0
2013-11-04	-0.00156	0.162707	0.162707	0.14952100000000002	-0.08638	2513200.0
2013-11-01	0.005333	0.16146300000000002	0.168545	0.157105	0.29370100000000005	1881900.0
2013-10-31	-0.004372999999999999	0.159458	0.163254	0.143005	-0.241875	1812900.0
2013-10-30	-0.010355	0.156934	0.163554	0.14458800000000002	-0.57875	1561400.0
2013-10-29	0.005595	0.160709	0.166106	0.15585	0.310974	1499100.0
2013-10-28	-0.004949	0.155143	0.162663	0.146728	-0.276432	2149000.0
2013-10-25	0.0077930000000000004	0.154763	0.167213	0.150072	0.431911	1793800.0
2013-10-24	-0.00109	0.159091	0.163057	0.149359	-0.06046699999999999	1151800.0
2013-10-23	-0.001865	0.155671	0.164306	0.14991400000000002	-0.103656	1940700.0
2013-10-22	0.011474	0.158923	0.176028	0.158196	0.630588	2111500.0
2013-10-21	-0.000942	0.15765	0.159104	0.147651	-0.051834000000000005	1587600.0
2013-10-18	-0.0026620000000000003	0.160551	0.165627	0.150397	-0.146847	2331600.0
2013-10-17	0.010765	0.151052	0.172311	0.14372200000000002	0.587403	2243300.0
2013-10-16	0.022168	0.164955	0.183875	0.161396	1.183433	2414500.0
2013-10-15	-0.012937	0.153212	0.155246	0.142673	-0.699695	1799400.0
2013-10-14	-0.0054009999999999996	0.152317	0.154523	0.133743	-0.293702	2180800.0
2013-10-11	0.005752	0.158389	0.169672	0.15432	0.310975	1577100.0
2013-10-10	0.017558	0.163108	0.177976	0.157838	0.9329219999999999	2379000.0
2013-10-09	-0.001623	0.16122	0.173245	0.153892	-0.086376	3198100.0
2013-10-08	-0.0006490000000000001	0.156711	0.171733	0.154833	-0.034554	1878000.0
2013-10-07	-0.009161	0.150579	0.157091	0.14648599999999998	-0.492378	1008600.0
2013-10-04	0.004196	0.15765	0.164936	0.152792	0.22459400000000002	1526400.0
2013-10-03	-0.006096	0.152079	0.155978	0.13963699999999998	-0.32824699999999996	2243600.0
2013-10-02	-0.0027199999999999998	0.15302000000000002	0.15524200000000002	0.136352	-0.146851	3059600.0
2013-10-01	0.00047999999999999996	0.165802	0.172287	0.15301800000000002	0.025918	3267400.0
2013-09-30	0.000801	0.150233	0.16339800000000002	0.14633800000000002	0.04319	2847300.0
2013-09-27	-0.00605	0.153411	0.16022999999999998	0.142905	-0.328255	1673800.0
2013-09-26	0.006248	0.161915	0.168963	0.158577	0.336887	1560700.0
2013-09-25	-0.00047999999999999996	0.16005899999999998	0.168772	0.156723	-0.025917000000000003	2708400.0
2013-09-24	-0.0030329999999999997	0.157835	0.158389	0.14767	-0.164123	2714100.0
2013-09-23	0.005942	0.155976	0.16936199999999998	0.147053	0.31961	3349000.0
2013-09-20	-0.014871	0.161129	0.162961	0.138969	-0.8119890000000001	4126200.0
2013-09-19	-0.002839	0.156919	0.16952	0.149249	-0.155479	2394400.0
2013-09-18	0.026558999999999996	0.15783699999999998	0.191957	0.149026	1.4166530000000002	3471200.0
2013-09-17	0.010473	0.15765	0.169963	0.153482	0.552845	2839800.0
2013-09-16	-0.002774	0.169929	0.175785	0.151416	-0.146843	3667400.0
2013-09-13	0.025092	0.170818	0.193281	0.167139	1.295723	4241600.0
2013-09-12	0.019962	0.217102	0.223423	0.179574	1.010669	7915800.0
2013-09-11	0.0034240000000000004	0.157848	0.16974	0.143974	0.172768	4980000.0
2013-09-10	0.006722	0.16184	0.16602999999999998	0.154856	0.336887	2502500.0
2013-09-09	0.008517	0.159058	0.168717	0.157046	0.42327200000000004	2364400.0
2013-09-06	0.000348	0.159864	0.172948	0.15765	0.017276	2313300.0
2013-09-05	-0.0019089999999999999	0.154837	0.159659	0.144992	-0.095012	2220900.0
2013-09-04	0.007043000000000001	0.158924	0.170254	0.144761	0.34810599999999997	2861500.0
2013-09-03	-0.009768	0.17986	0.182063	0.155417	-0.487572	1881800.0
2013-08-30	-0.003075	0.168242	0.17363499999999998	0.160252	-0.153972	1698100.0
2013-08-29	-0.003575	0.165856	0.169041	0.160483	-0.179642	1592600.0
2013-08-28	0.0039310000000000005	0.168242	0.176034	0.160449	0.19675399999999998	1648800.0
2013-08-27	0.002914	0.160625	0.177858	0.157418	0.14542	2352600.0
2013-08-26	-0.008834999999999999	0.16983499999999999	0.17718399999999998	0.15851400000000002	-0.444824	2035500.0
2013-08-23	0.019045	0.169243	0.193935	0.16600499999999999	0.940953	7678300.0
2013-08-22	0.008204000000000001	0.17414200000000002	0.183325	0.16802	0.40203	6963700.0
2013-08-21	-0.010193	0.167021	0.167829	0.151873	-0.50468	2463800.0
2013-08-20	0.008714	0.169041	0.18921	0.169041	0.427696	2775400.0
2013-08-19	-0.001044	0.167413	0.180845	0.165377	-0.051315	2658900.0
2013-08-16	-0.008116	0.16661800000000002	0.169848	0.154506	-0.402035	2850300.0
2013-08-15	-0.01614	0.163082	0.16626	0.149179	-0.812649	2280300.0
2013-08-14	-0.02307	0.165548	0.168459	0.139742	-1.188999	2703900.0
2013-08-13	0.002996	0.168068	0.173517	0.166511	0.153969	3826200.0
2013-08-12	-0.0043100000000000005	0.16303399999999998	0.164778	0.158383	-0.22240100000000002	2277000.0
2013-08-09	0.000663	0.167877	0.171949	0.16283599999999998	0.034214	2498200.0
2013-08-08	0.007015	0.170603	0.17802300000000001	0.158692	0.359268	3037900.0
2013-08-07	0.009272	0.162931	0.188157	0.158004	0.47047100000000003	2901300.0
2013-08-06	-0.004698	0.16276400000000002	0.168844	0.14765999999999999	-0.23951399999999998	2711300.0
2013-08-05	0.002861	0.16805699999999998	0.17946600000000001	0.158615	0.145421	2554500.0
2013-08-02	-0.000168	0.170417	0.171401	0.16314	-0.008549	2237800.0
2013-08-01	0.0021920000000000004	0.176333	0.180473	0.160959	0.11119100000000001	2532300.0
2013-07-31	-0.001515	0.172583	0.176716	0.162546	-0.076981	2966400.0
2013-07-30	0.000674	0.174555	0.17869100000000002	0.16431400000000002	0.034214	2785400.0
2013-07-29	-0.002688	0.168255	0.171594	0.16334500000000002	-0.13685999999999998	1819800.0
2013-07-26	0.002695	0.16273900000000002	0.172782	0.155058	0.13685999999999998	2209800.0
2013-07-25	0.008666	0.167451	0.183343	0.167054	0.436253	2263100.0
2013-07-24	-0.016873	0.166892	0.170212	0.142285	-0.8639530000000001	2348200.0
2013-07-23	0.0011710000000000002	0.170996	0.17432	0.16747599999999999	0.059875	1198700.0
2013-07-22	0.001843	0.170216	0.175309	0.16786500000000001	0.094101	1193800.0
2013-07-19	-0.007979	0.170595	0.173316	0.15777	-0.410591	2559600.0
2013-07-18	0.011432	0.171792	0.183192	0.171399	0.581669	1991800.0
2013-07-17	0.0006730000000000001	0.176514	0.17710399999999998	0.16333699999999998	0.034222	1572200.0
2013-07-16	-0.0046890000000000005	0.16767	0.17413	0.158666	-0.239517	1451200.0
2013-07-15	0.015646	0.166655	0.19051300000000002	0.163275	0.786975	2096000.0
2013-07-12	0.004098	0.167044	0.175229	0.162653	0.205292	1931300.0
2013-07-11	0.020387	0.180448	0.194707	0.177392	1.00082	2114400.0
2013-07-10	0.000872	0.164555	0.172711	0.162313	0.042770999999999997	2476700.0
2013-07-09	0.008087	0.173562	0.18055	0.169657	0.393482	1914600.0
2013-07-08	0.0112	0.172989	0.185875	0.169248	0.538902	2381500.0
2013-07-05	-0.0015970000000000001	0.169871	0.172361	0.151818	-0.076984	2144800.0
2013-07-03	-0.000709	0.16282	0.171944	0.157844	-0.034214	1048400.0
2013-07-02	0.002489	0.16592300000000001	0.177771	0.164883	0.119755	2353200.0
2013-07-01	-0.010208	0.175624	0.179739	0.15196400000000002	-0.49613599999999997	2787300.0
2013-06-28	0.00602	0.184978	0.184978	0.163452	0.290844	4228700.0
2013-06-27	0.003375	0.173402	0.17984	0.169041	0.162525	2011900.0
2013-06-26	0.007517	0.1749	0.18306	0.16925	0.359268	2495000.0
2013-06-25	0.012138	0.17560599999999998	0.189795	0.164805	0.57312	3054200.0
2013-06-24	0.003454	0.156077	0.17987899999999998	0.150764	0.162522	3387700.0
2013-06-21	0.014196	0.178524	0.18887	0.159342	0.6586609999999999	4858000.0
2013-06-20	-0.026911	0.16631400000000002	0.167363	0.135484	-1.283108	3794500.0
2013-06-19	-0.022105	0.169041	0.173758	0.143199	-1.077805	3284600.0
2013-06-18	0.00476	0.170895	0.17563499999999999	0.164919	0.230965	2406400.0
2013-06-17	0.012313	0.175507	0.19157000000000002	0.172378	0.590225	3510200.0
2013-06-14	-0.006383	0.168419	0.172979	0.15971300000000002	-0.30794499999999997	2647300.0
2013-06-13	0.019523	0.16861800000000002	0.19376500000000002	0.166927	0.923832	3287300.0
2013-06-12	-0.000181	0.176647	0.18045	0.166717	-0.008553	3487900.0
2013-06-11	-0.008245	0.160449	0.170298	0.15667799999999998	-0.393486	3548400.0
2013-06-10	0.002696	0.172612	0.17618399999999998	0.162527	0.128308	2991600.0
2013-06-07	0.006148	0.176651	0.17813099999999998	0.163333	0.29084699999999997	3467900.0
2013-06-06	0.013563	0.168183	0.184896	0.160898	0.632988	4995300.0
2013-06-05	-0.009747	0.164224	0.168255	0.15213	-0.459354	4126600.0
2013-06-04	0.00198	0.177797	0.19076600000000002	0.172482	0.09314299999999999	8605900.0
2013-06-03	-0.017683	0.179107	0.187669	0.160102	-0.846744	7373200.0
2013-05-31	-0.009459	0.178504	0.19567400000000001	0.169816	-0.457241	3128100.0
2013-05-30	0.00035	0.184504	0.197955	0.17974500000000002	0.016926	2232100.0
2013-05-29	-0.011433	0.17341700000000002	0.180168	0.157256	-0.558854	2501700.0
2013-05-28	0.0019089999999999999	0.18119100000000002	0.195949	0.180372	0.093152	7417900.0
2013-05-24	-0.022562	0.17657899999999999	0.17718	0.15073499999999998	-1.126179	7056700.0
2013-05-23	-0.005231	0.168431	0.18098599999999998	0.147307	-0.262493	7343600.0
2013-05-22	-0.023562	0.178457	0.179624	0.148295	-1.210858	3058200.0
2013-05-21	-0.0009880000000000002	0.180792	0.18740199999999999	0.173793	-0.050804	1587900.0
2013-05-20	-0.006866	0.1806	0.181566	0.16863	-0.355625	1371900.0
2013-05-17	0.013084	0.18392	0.197416	0.18313800000000002	0.6689189999999999	2057700.0
2013-05-16	-0.0046159999999999994	0.179039	0.183322	0.17358800000000002	-0.237091	1650500.0
2013-05-15	0.0033079999999999997	0.17708	0.19153399999999998	0.17415	0.16936099999999998	2092000.0
2013-05-14	0.0129	0.182569	0.198793	0.181382	0.651996	2328700.0
2013-05-13	-0.001004	0.178021	0.18474200000000002	0.170708	-0.050808	1711400.0
2013-05-10	0.005046	0.180788	0.18774100000000002	0.17641700000000002	0.254025	1724900.0
2013-05-09	-0.017356	0.182353	0.185476	0.156	-0.8890950000000001	2806000.0
2013-05-08	-0.007056999999999999	0.17769100000000002	0.182343	0.169551	-0.36409	1446500.0
2013-05-07	0.007606999999999999	0.180596	0.190947	0.17883800000000002	0.38950300000000004	1788600.0
2013-05-06	-0.0072239999999999995	0.183895	0.18564	0.171873	-0.37257399999999996	1674800.0
2013-05-03	-0.003273	0.185818	0.188523	0.172097	-0.169349	2238200.0
2013-05-02	-0.000491	0.181179	0.18542899999999998	0.174225	-0.025414	1681800.0
2013-05-01	-0.008754999999999999	0.182518	0.18424100000000002	0.168158	-0.457241	1476600.0
2013-04-30	0.007679000000000001	0.17886400000000002	0.190826	0.17693499999999998	0.39798	2092200.0
2013-04-29	0.003278	0.172276	0.188923	0.166081	0.169353	1672400.0
2013-04-26	0.00428	0.180403	0.196927	0.176709	0.22015	1641700.0
2013-04-25	-0.0060539999999999995	0.178861	0.1806	0.16533499999999998	-0.313297	2704200.0
2013-04-24	0.0018030000000000001	0.183309	0.18776099999999998	0.173631	0.09314700000000001	1320200.0
2013-04-23	0.00082	0.183505	0.185829	0.171881	0.042328	1271800.0
2013-04-22	-0.001801	0.18040599999999998	0.184081	0.173058	-0.093132	1628500.0
2013-04-19	0.021237	0.18296099999999998	0.20646199999999998	0.17920899999999998	1.075359	2953200.0
2013-04-18	0.007922	0.183574	0.192332	0.178598	0.397984	1889200.0
2013-04-17	-0.008191	0.17684	0.178025	0.165192	-0.41490900000000003	1723200.0
2013-04-16	0.00928	0.183975	0.19254300000000002	0.170824	0.465713	1535100.0
2013-04-15	-0.014138	0.178629	0.185505	0.16428900000000002	-0.71973	1915200.0
2013-04-12	0.002167	0.180593	0.185317	0.179018	0.110069	3001600.0
2013-04-11	-0.0029920000000000003	0.18236	0.186678	0.177453	-0.152416	2910300.0
2013-04-10	0.005347	0.18118399999999998	0.194207	0.18118399999999998	0.270961	2514100.0
2013-04-09	-0.003662	0.194552	0.195142	0.175875	-0.186283	1891600.0
2013-04-08	0.007379000000000001	0.180392	0.189899	0.175045	0.37257399999999996	1257600.0
2013-04-05	0.002353	0.17423699999999998	0.18456	0.173443	0.118538	2656500.0
2013-04-04	0.012596	0.182594	0.19747	0.182594	0.626591	2275900.0
2013-04-03	0.002218	0.184612	0.18823900000000002	0.180583	0.110073	2210500.0
2013-04-02	0.007390000000000001	0.183625	0.191134	0.182204	0.364109	1525500.0
2013-04-01	0.000172	0.180783	0.183016	0.17611400000000002	0.008465	1124300.0
2013-03-28	0.011298	0.182013	0.195766	0.18119200000000002	0.550388	1832300.0
2013-03-27	-0.001042	0.17790999999999998	0.18324200000000002	0.174629	-0.050808	1423000.0
2013-03-26	0.012838999999999998	0.183063	0.199472	0.181609	0.618134	1960700.0
2013-03-25	0.001585	0.185771	0.188475	0.176201	0.07620199999999999	2199100.0
2013-03-22	-0.002635	0.180571	0.183476	0.175592	-0.127003	1901400.0
2013-03-21	-0.004895	0.176857	0.186974	0.17355299999999999	-0.237098	2032500.0
2013-03-20	0.008107	0.18494100000000002	0.19285	0.18494100000000002	0.389511	2168700.0
2013-03-19	0.005493	0.18224200000000002	0.190195	0.180149	0.262489	1683800.0
2013-03-18	-0.006339	0.172044	0.178283	0.171004	-0.304832	1380500.0
2013-03-15	0.007808	0.17616600000000002	0.195866	0.171974	0.372566	4006900.0
2013-03-14	0.000178	0.18224400000000002	0.18434	0.178261	0.008468999999999999	2076200.0
2013-03-13	0.005712	0.180565	0.191105	0.176981	0.270965	1922500.0
2013-03-12	-0.004973	0.18098599999999998	0.18098599999999998	0.170498	-0.237091	1154100.0
2013-03-11	0.007696	0.18162	0.190076	0.18098599999999998	0.364105	1681400.0
2013-03-08	0.0	0.181409	0.1831	0.17210799999999998	0.0	2671700.0
2013-03-07	-0.01045	0.181823	0.184124	0.168227	-0.499576	2064500.0
2013-03-06	-0.0008849999999999999	0.183703	0.186629	0.17513499999999999	-0.042339999999999996	1718100.0
2013-03-05	0.001773	0.186639	0.190826	0.18098599999999998	0.084675	2731700.0
2013-03-04	-0.000177	0.180149	0.184126	0.172823	-0.008465	3792700.0
2013-03-01	0.0075	0.177401	0.19026500000000002	0.170442	0.355622	2239700.0
2013-02-28	0.003404	0.181833	0.19072	0.17738900000000002	0.160885	2527200.0
2013-02-27	0.009588	0.18355	0.194232	0.18098599999999998	0.44878	1812800.0
2013-02-26	0.002412	0.18362	0.19711199999999998	0.17783800000000002	0.112621	2497200.0
2013-02-25	-0.011884	0.200873	0.21018299999999998	0.178231	-0.561592	3328200.0
2013-02-22	0.012208	0.194971	0.20782199999999998	0.19304300000000002	0.569973	1356400.0
2013-02-21	-0.003399	0.19133599999999998	0.193684	0.18728	-0.159252	1973500.0
2013-02-20	0.005397	0.192614	0.209998	0.19197	0.25145300000000004	2417000.0
2013-02-19	0.0122	0.195216	0.20933600000000002	0.194347	0.561592	2812700.0
2013-02-15	0.008261	0.196985	0.204651	0.196547	0.377178	3188200.0
2013-02-14	-0.0040219999999999995	0.190425	0.19347899999999998	0.181481	-0.184394	2418700.0
2013-02-13	0.001098	0.192825	0.196756	0.19151400000000002	0.050289	1481500.0
2013-02-12	0.005522	0.19106700000000001	0.199631	0.18930999999999998	0.25145300000000004	1564900.0
2013-02-11	0.000368	0.191725	0.19524	0.19084600000000002	0.016766	951100.0
2013-02-08	0.0	0.189968	0.194141	0.18623299999999998	0.0	1265700.0
2013-02-07	-0.000736	0.19458	0.199189	0.187116	-0.033524	1484900.0
2013-02-06	0.000736	0.18865	0.19524	0.18403599999999998	0.033524	1536300.0
2013-02-05	0.004439	0.19833900000000002	0.20716500000000002	0.196794	0.201168	1561200.0
2013-02-04	-0.001846	0.189519	0.192603	0.188638	-0.083813	1770300.0
2013-02-01	0.001109	0.19767300000000002	0.200099	0.1915	0.050282	1791400.0
2013-01-31	-0.007520000000000001	0.190417	0.192605	0.178819	-0.343659	3246600.0
2013-01-30	0.002943	0.191726	0.196993	0.18645899999999999	0.134106	2083500.0
2013-01-29	0.011349	0.19304300000000002	0.206583	0.19304300000000002	0.511303	2273500.0
2013-01-28	-0.0024129999999999998	0.194372	0.19547899999999999	0.18617899999999998	-0.108963	1332300.0
2013-01-25	0.001673	0.194596	0.199697	0.184393	0.075435	1674500.0
2013-01-24	0.008059	0.195726	0.204893	0.194385	0.360428	1418200.0
2013-01-23	0.0013130000000000001	0.189237	0.197297	0.18431199999999998	0.05867000000000001	2047600.0
2013-01-22	0.006992	0.191465	0.203414	0.18695599999999998	0.310139	1481500.0
2013-01-18	0.009731	0.194409	0.204653	0.191678	0.427483	2425700.0
2013-01-17	0.00019099999999999998	0.196458	0.200101	0.191449	0.008373	1538800.0
2013-01-16	-0.002475	0.19327	0.195769	0.186911	-0.10895899999999999	2380200.0
2013-01-15	0.002672	0.191221	0.196459	0.187122	0.117344	1840000.0
2013-01-14	-0.000763	0.193498	0.195546	0.188947	-0.033527999999999995	1237300.0
2013-01-11	0.004021	0.192814	0.19784100000000002	0.191672	0.17601	2290900.0
2013-01-10	0.000383	0.195786	0.197157	0.189615	0.016774	2484000.0
2013-01-09	-0.003246	0.19258699999999998	0.193499	0.182792	-0.142495	1643900.0
2013-01-08	-0.005507	0.189418	0.197121	0.182395	-0.24308400000000002	1911500.0
2013-01-07	-0.016436000000000003	0.185244	0.18591300000000002	0.170983	-0.7376020000000001	2076600.0
2013-01-04	0.01057	0.193493	0.21556199999999998	0.19281800000000002	0.469387	2881100.0
2013-01-03	0.001134	0.191691	0.198679	0.186505	0.050297	1540700.0
2013-01-02	0.021621	0.20594099999999999	0.21975999999999998	0.20594099999999999	0.9387700000000001	2330900.0
2012-12-31	0.014094999999999998	0.189539	0.21149400000000002	0.185335	0.603485	2152700.0
2012-12-28	-0.010461	0.187727	0.19581700000000002	0.1801	-0.452613	1696300.0
2012-12-27	-0.0017399999999999998	0.19189	0.196043	0.181507	-0.075432	2493400.0
2012-12-26	-0.0044280000000000005	0.194421	0.196029	0.186152	-0.192787	1828800.0
2012-12-24	0.0	0.190976	0.19510999999999998	0.182936	0.0	953900.0
2012-12-21	-0.004981	0.18892899999999999	0.195329	0.18321500000000002	-0.217926	4139800.0
2012-12-20	0.007722	0.202025	0.206862	0.19580699999999998	0.335273	2170700.0
2012-12-19	-0.008232999999999999	0.191673	0.19281500000000001	0.182079	-0.36041999999999996	2017000.0
2012-12-18	0.005196	0.191206	0.20085	0.188451	0.226307	2197400.0
2012-12-17	0.015041999999999998	0.196306	0.21285300000000001	0.194674	0.645409	1931900.0
2012-12-14	-0.0029219999999999997	0.192113	0.19374	0.184212	-0.125737	1609400.0
2012-12-13	-0.004267	0.191423	0.194431	0.18378699999999998	-0.184394	1196500.0
2012-12-12	-0.000775	0.19627999999999998	0.198823	0.189344	-0.03352	1969300.0
2012-12-11	0.000194	0.193968	0.199518	0.189574	0.008376999999999999	1616500.0
2012-12-10	-0.001935	0.191658	0.195582	0.188889	-0.083821	1338700.0
2012-12-07	0.0029100000000000003	0.199293	0.203228	0.19096	0.125725	1713800.0
2012-12-06	-0.0036729999999999996	0.194657	0.200423	0.184279	-0.159252	2036100.0
2012-12-05	0.026389	0.194937	0.228077	0.193753	1.1148	3365300.0
2012-12-04	-0.006895999999999999	0.19304300000000002	0.194454	0.183875	-0.293362	1729500.0
2012-12-03	-0.007044	0.19421	0.19421	0.179738	-0.301762	2372600.0
2012-11-30	0.008684	0.194691	0.203403	0.190924	0.368809	2853500.0
2012-11-29	0.004759	0.195645	0.202979	0.191624	0.20116099999999998	2296900.0
2012-11-28	0.008338	0.194164	0.203706	0.189155	0.349533	2865900.0
2012-11-27	-0.002172	0.20418599999999998	0.21394499999999997	0.202044	-0.091244	2800500.0
2012-11-26	0.010575	0.203209	0.224137	0.201525	0.43961300000000003	1798300.0
2012-11-23	-0.000797	0.20705700000000002	0.20873899999999998	0.196962	-0.033172	1053900.0
2012-11-21	-0.0035759999999999998	0.205854	0.209207	0.18885	-0.149311	2003800.0
2012-11-20	0.001193	0.20561500000000002	0.207533	0.192906	0.04977	2031700.0
2012-11-19	0.002592	0.213067	0.213067	0.20008499999999999	0.107826	2497300.0
2012-11-16	0.009461	0.207071	0.219204	0.201246	0.389843	2409800.0
2012-11-15	-0.004209	0.204889	0.21238	0.191115	-0.17419400000000002	2417900.0
2012-11-14	-0.006372999999999999	0.205855	0.21089699999999997	0.19577	-0.265415	2832900.0
2012-11-13	0.020736	0.202183	0.23429	0.199487	0.846038	4078000.0
2012-11-12	-0.002838	0.204881	0.20708000000000001	0.19681600000000002	-0.11613399999999999	2088500.0
2012-11-09	-0.002023	0.200737	0.208785	0.195858	-0.082928	2232400.0
2012-11-08	-0.008624	0.204163	0.22108899999999998	0.195217	-0.356674	2502200.0
2012-11-07	-0.021778	0.198755	0.20041099999999998	0.171553	-0.920693	2457800.0
2012-11-06	0.000786	0.20561500000000002	0.21248000000000003	0.201354	0.033192	1626400.0
2012-11-05	-0.014894	0.200018	0.20165	0.181362	-0.638691	1990100.0
2012-11-02	-0.006151	0.213031	0.213031	0.195881	-0.265415	2311700.0
2012-11-01	-0.0144	0.20789899999999997	0.20858400000000002	0.186655	-0.630394	3493800.0
2012-10-31	0.013635	0.21163400000000002	0.22367399999999998	0.203993	0.588909	2744600.0
2012-10-26	0.00231	0.204454	0.21072	0.195171	0.09954099999999999	2752100.0
2012-10-25	-0.009533	0.203546	0.203546	0.172744	-0.41473000000000004	4925200.0
2012-10-24	-0.004555	0.205157	0.20813099999999998	0.196691	-0.19906600000000002	1700200.0
2012-10-23	-0.005098	0.197419	0.20561500000000002	0.193777	-0.223942	1909500.0
2012-10-22	-0.010279	0.203361	0.20696599999999998	0.18623800000000001	-0.456208	1688000.0
2012-10-19	-0.001307	0.204489	0.208314	0.200214	-0.058066999999999994	2206600.0
2012-10-18	0.004311	0.20493699999999998	0.212168	0.200417	0.190781	1630300.0
2012-10-17	0.013103	0.20881999999999998	0.222098	0.206988	0.5723229999999999	1432600.0
2012-10-16	-0.001895	0.21018499999999998	0.210642	0.198302	-0.082939	1504700.0
2012-10-15	0.001518	0.205157	0.20904699999999998	0.199435	0.066349	1346300.0
2012-10-12	-0.0066	0.20856999999999998	0.210616	0.195839	-0.29031	1558100.0
2012-10-11	-0.0035700000000000003	0.21037199999999998	0.210825	0.19859200000000002	-0.15759700000000001	1328000.0
2012-10-10	0.007573000000000001	0.211092	0.218396	0.208353	0.33178	2261100.0
2012-10-09	-0.00396	0.20515999999999998	0.209252	0.197657	-0.174183	1997200.0
2012-10-08	-0.004318	0.20493499999999998	0.210821	0.193164	-0.190773	2309500.0
2012-10-05	-0.002248	0.210358	0.214875	0.202001	-0.09953	2764200.0
2012-10-04	0.0009369999999999999	0.21081399999999997	0.21827399999999997	0.206519	0.04147	1912000.0
2012-10-03	0.0018789999999999998	0.209465	0.21512699999999998	0.20765300000000003	0.082951	1627400.0
2012-10-02	0.007953	0.20789699999999997	0.21565900000000002	0.20515799999999998	0.348358	1439700.0
2012-10-01	-0.002456	0.209941	0.215862	0.20106	-0.10782699999999999	1548000.0
2012-09-28	0.002462	0.204929	0.213148	0.20013499999999998	0.10782699999999999	2392300.0
2012-09-27	-0.001513	0.20971700000000001	0.21085700000000002	0.200827	-0.066361	2061300.0
2012-09-26	0.0045579999999999996	0.20927800000000002	0.225994	0.20881999999999998	0.19906600000000002	2075900.0
2012-09-25	-0.008661	0.209247	0.21356	0.195173	-0.38153000000000004	2156800.0
2012-09-24	0.00778	0.205157	0.21705300000000002	0.203556	0.340068	1300400.0
2012-09-21	-0.000379	0.20835900000000002	0.21156	0.201269	-0.01659	2667600.0
2012-09-20	0.006875	0.209759	0.21689699999999998	0.20216099999999998	0.298603	1715600.0
2012-09-19	0.002105	0.210229	0.217613	0.204461	0.09124	1453700.0
2012-09-18	-0.006843000000000001	0.204927	0.207448	0.19553099999999998	-0.298603	1532900.0
2012-09-17	-0.0039759999999999995	0.20629899999999998	0.21040799999999998	0.196941	-0.17418599999999998	1566700.0
2012-09-14	-0.014368	0.20494	0.20651399999999998	0.185367	-0.638676	2169700.0
2012-09-13	0.015732	0.20447200000000001	0.224809	0.20447200000000001	0.688454	1852400.0
2012-09-12	-0.0034	0.208575	0.20971399999999998	0.199693	-0.149312	1409300.0
2012-09-11	-0.006381	0.20561500000000002	0.20810399999999998	0.197921	-0.282009	1253700.0
2012-09-10	0.002257	0.211511	0.213325	0.206521	0.099526	1242700.0
2012-09-07	-0.011344	0.204493	0.20740799999999998	0.19104000000000002	-0.505959	2011800.0
2012-09-06	0.024191	0.20951799999999998	0.23546799999999998	0.207452	1.0534059999999998	2460800.0
2012-09-05	-0.00019099999999999998	0.20814000000000002	0.212502	0.20308900000000002	-0.008301000000000001	1524000.0
