2017-09-01	-0.002278	-0.000599	0.001439	-0.008871	-0.189995	1606500.000000
2016-09-01	0.00036899999999999997	0.008237999999999999	0.011947	0.004652	0.029814999999999998	2336600.0
2016-08-31	0.0025859999999999998	0.006506999999999999	0.012333	0.004152	0.208657	3634900.0
2016-08-30	-0.00782	0.016346	0.016346	-0.002348	-0.635872	1563800.0
2016-08-29	0.007882	0.006383	0.017415	0.006383	0.635872	2527400.0
2016-08-26	0.008445000000000001	0.009507	0.018382	0.008631999999999999	0.6755979999999999	1990200.0
2016-08-25	-0.001117	0.0041340000000000005	0.007381	0.002886	-0.08943200000000001	1766400.0
2016-08-24	-0.005183	0.005886	0.007376000000000001	-0.000449	-0.417274	2173600.0
2016-08-23	0.001236	0.009367	0.011482	0.005388	0.09935	2204700.0
2016-08-22	0.002353	0.00713	0.009498999999999999	0.003889	0.188774	1875100.0
2016-08-19	0.002234	0.004633	0.009381	0.001385	0.17884	2133900.0
2016-08-18	-0.005678	0.005141	0.0061340000000000006	-0.007904000000000001	-0.45702299999999996	2644700.0
2016-08-17	0.003965	0.008004	0.010872	0.004262	0.317924	1606000.0
2016-08-16	-0.006525	0.006135	0.006135	-0.001795	-0.5265810000000001	2074100.0
2016-08-15	-0.001966	0.010712000000000001	0.011454	0.003539	-0.158958	2926600.0
2016-08-12	-0.0018399999999999998	0.004285	0.00626	0.001199	-0.14904	1203200.0
2016-08-11	0.00394	0.0073739999999999995	0.013199	0.0068790000000000006	0.31794	1649100.0
2016-08-10	0.000246	0.0072510000000000005	0.008119	0.003408	0.019882	2737800.0
2016-08-09	-0.000984	0.009231	0.011089	0.003907	-0.07949099999999999	1593100.0
2016-08-08	-0.002699	0.008483	0.008976999999999999	0.002802	-0.21858200000000003	1634600.0
2016-08-05	0.004684000000000001	0.008244	0.012711	0.006755	0.37754099999999996	2056100.0
2016-08-04	0.0017289999999999999	0.006755	0.010981	0.00427	0.13909100000000002	1934800.0
2016-08-03	0.000618	0.008745999999999999	0.01086	0.0033979999999999995	0.049683	1917400.0
2016-08-02	-0.006993999999999999	0.003543	0.006876999999999999	-0.004731	-0.566315	2300000.0
2016-08-01	0.000737	0.004035	0.012068	0.003293	0.059601	3062500.0
2016-07-29	0.003203	0.008243	0.013697999999999998	0.006631000000000001	0.258323	3428500.0
2016-07-28	0.004082	0.009618999999999999	0.012731000000000001	0.005138	0.327874	2755700.0
2016-07-27	-0.0033280000000000002	0.0077480000000000005	0.010229	0.000923	-0.268257	3052900.0
2016-07-26	-0.002091	0.006259000000000001	0.00725	0.002173	-0.1689	3342600.0
2016-07-25	0.000615	0.017657	0.018277	-0.001794	0.049675	3919100.0
2016-07-22	-0.000615	0.007869	0.008612	-0.001294	-0.049675	3100100.0
2016-07-21	-0.0012289999999999998	0.006506999999999999	0.010835	0.002673	-0.09935	3286100.0
2016-07-20	0.006306	0.011484999999999999	0.015466999999999998	0.009369	0.506699	2329800.0
2016-07-19	-0.000741	0.004144	0.007377	0.001906	-0.059615999999999995	2845800.0
2016-07-18	0.00024700000000000004	0.007751000000000001	0.014716	0.0017800000000000001	0.019882	2341600.0
2016-07-15	0.0004940000000000001	0.011858	0.016711	0.004889	0.039734	2946000.0
2016-07-14	-0.001974	0.014952000000000002	0.015946000000000002	0.0017870000000000002	-0.158966	2916300.0
2016-07-13	0.008713	0.011142	0.018158	0.008511	0.69548	3008800.0
2016-07-12	0.003247	0.008643999999999999	0.015431	0.008643999999999999	0.258308	3708700.0
2016-07-11	-0.009646	0.009245	0.009992000000000001	-0.004074	-0.7749550000000001	5613800.0
2016-07-08	0.001983	0.010249	0.013741	0.0038880000000000004	0.158973	5096200.0
2016-07-07	0.000992	0.012374	0.014497	-0.000734	0.079468	4150900.0
2016-07-06	0.002736	0.004629	0.014643999999999999	-0.0018809999999999999	0.21859	9547300.0
2016-07-05	0.036431	0.00451	0.043175	0.003472	2.807808	15646100.0
2016-07-01	0.013068999999999999	0.009895000000000001	0.024345	0.006706	0.9942850000000001	5501500.0
2016-06-30	0.00889	0.007613	0.015455000000000002	0.0072109999999999995	0.670395	5762900.0
2016-06-29	0.020281	0.012354	0.029176999999999998	0.012354	1.4989629999999998	3975200.0
2016-06-28	0.00822	0.010851000000000001	0.015503999999999999	0.00299	0.602592	4475300.0
2016-06-27	-0.009062	-0.0005650000000000001	0.007326999999999999	-0.007534000000000001	-0.67038	6520000.0
2016-06-24	-0.022202	-0.021452000000000002	0.002198	-0.021452000000000002	-1.679748	10406100.0
2016-06-23	0.014136000000000001	0.015144999999999999	0.020735	0.011588	1.05455	3091600.0
2016-06-22	0.000101	0.008743	0.012199	0.005490999999999999	0.007529999999999999	2359600.0
2016-06-21	0.002937	0.010584	0.012112999999999999	0.006201	0.21844499999999997	2178500.0
2016-06-20	0.010025	0.019068	0.025657	0.016391	0.73819	3463500.0
2016-06-17	-0.013222999999999999	0.005796	0.007116	-0.008020999999999999	-0.986763	7017800.0
2016-06-16	0.008757	0.00251	0.017268000000000002	0.0008699999999999999	0.647796	2719900.0
2016-06-15	-0.004561	0.009261	0.009873999999999999	0.0017120000000000002	-0.338958	2812800.0
2016-06-14	0.005811	0.0048649999999999995	0.014203	0.000453	0.42935200000000007	2571500.0
2016-06-13	-0.012284999999999999	0.004075	0.009243000000000001	-0.006162	-0.918961	3011600.0
2016-06-10	-0.010758	-0.000712	0.0012929999999999999	-0.006026	-0.813515	2265500.0
2016-06-09	0.0022960000000000003	0.004497	0.009823	0.0023870000000000002	0.17324900000000001	2348400.0
2016-06-08	0.007139	0.004584	0.01511	0.004483	0.534805	3007700.0
2016-06-07	0.004241	0.008031	0.015248	0.006506999999999999	0.31636	2492600.0
2016-06-06	0.007529000000000001	0.006609	0.017054	0.006609	0.557404	3082300.0
2016-06-03	-0.0035479999999999995	0.001813	0.004262	-0.003493	-0.26364099999999996	3014100.0
2016-06-02	0.0	0.000793	0.0073230000000000005	-0.00186	0.0	2168100.0
2016-06-01	0.004481000000000001	0.006506999999999999	0.013682	0.0011769999999999999	0.331428	3428000.0
2016-05-31	-0.005561	0.004274	0.005905	-0.003167	-0.413605	7108600.0
2016-05-27	-0.0029230000000000003	0.009062	0.010179	0.004183	-0.218086	3149200.0
2016-05-26	-0.0046159999999999994	0.008551000000000001	0.011181	0.0015710000000000001	-0.34594	2087900.0
2016-05-25	-0.003101	0.00734	0.013491999999999999	0.004113	-0.233123	2732800.0
2016-05-24	0.011433	0.009677	0.02314	0.006719	0.849785	4084600.0
2016-05-23	0.0009109999999999999	0.003757	0.011209	0.00049	0.06767999999999999	2510300.0
2016-05-20	0.007962	0.012983000000000001	0.022862	0.009073000000000001	0.586594	3157800.0
2016-05-19	-0.0036609999999999998	0.002303	0.006609	-0.005182	-0.27074499999999996	3748400.0
2016-05-18	-0.001117	0.005790999999999999	0.010502	-0.000251	-0.082718	2551200.0
2016-05-17	-0.002129	0.008555	0.012643000000000001	0.002322	-0.157936	2500400.0
2016-05-16	0.013146000000000001	0.011667	0.024194999999999998	0.007215000000000001	0.962601	3149300.0
2016-05-13	-0.007644	0.006811	0.011743	-0.002539	-0.5640109999999999	3174300.0
2016-05-12	0.0021449999999999998	0.009484999999999999	0.01278	0.002689	0.157914	2461700.0
2016-05-11	-0.00417	0.007839	0.012863	0.0026100000000000003	-0.308327	2517800.0
2016-05-10	0.012981999999999999	0.012613	0.021442	0.009601	0.9475549999999999	2501600.0
2016-05-09	-0.000515	0.007005	0.01095	0.002852	-0.037597000000000005	1787900.0
2016-05-06	0.010405	0.0077269999999999995	0.019475	0.004685	0.7520140000000001	2823800.0
2016-05-05	0.002085	0.012981999999999999	0.014874	0.00678	0.15040599999999998	2829700.0
2016-05-04	-0.010012	-0.0041329999999999995	0.005441	-0.007045999999999999	-0.7294619999999999	3793700.0
2016-05-03	-0.0052369999999999995	0.0012109999999999998	0.005145	-0.002102	-0.38354499999999997	2768300.0
2016-05-02	0.006615	0.007937999999999999	0.016796000000000002	0.004396	0.48131599999999997	2992600.0
2016-04-29	0.004151	0.003229	0.014948	0.002392	0.300804	3786900.0
2016-04-28	-0.008643000000000001	0.002027	0.01157	-0.002641	-0.631699	3159000.0
2016-04-27	0.008614	0.009612	0.018191	0.005845	0.624184	3489500.0
2016-04-26	-0.000933	0.0068920000000000006	0.009923999999999999	0.002711	-0.067688	2467900.0
2016-04-25	0.00031099999999999997	0.005951	0.00982	0.001873	0.022552000000000003	2812200.0
2016-04-22	0.00448	0.003001	0.015604	0.002895	0.32338	3240100.0
2016-04-21	0.011273	0.014943999999999999	0.035124	0.008465	0.804665	4932700.0
2016-04-20	0.000949	0.0064459999999999995	0.012612	0.001662	0.067665	3536500.0
2016-04-19	0.004981	0.011566	0.014343999999999999	0.009215000000000001	0.353462	2652500.0
2016-04-18	0.00255	0.008790000000000001	0.013394999999999999	0.0069689999999999995	0.180496	2376300.0
2016-04-15	0.0007440000000000001	0.009219	0.011576999999999999	0.00536	0.052642999999999995	1938100.0
2016-04-14	-0.0021219999999999998	0.012212	0.014244	0.005794	-0.15040599999999998	2258100.0
2016-04-13	0.008237000000000001	0.012029	0.017745	0.009225	0.579056	2354000.0
2016-04-12	0.008631999999999999	0.010865999999999999	0.019568000000000002	0.0088	0.6016229999999999	1997000.0
2016-04-11	-0.005473	0.008579	0.012907	0.0024129999999999998	-0.38354499999999997	2497600.0
2016-04-08	-0.000965	0.013118000000000001	0.018090000000000002	0.005013	-0.067672	1997200.0
2016-04-07	-0.005968	-0.000878	0.004494	-0.006786	-0.42113500000000004	3320000.0
2016-04-06	0.006111	0.006201	0.014847999999999998	0.0033909999999999995	0.428642	3390300.0
2016-04-05	-0.00512	0.001695	0.004921	-0.001531	-0.360962	2722800.0
2016-04-04	-0.019659	0.000767	0.000767	-0.013359000000000001	-1.4138030000000001	3838000.0
2016-04-01	0.008117000000000001	0.002727	0.01803	-0.003544	0.579048	2659700.0
2016-03-31	-0.001789	0.009526	0.00995	0.004009	-0.12783	2853200.0
2016-03-30	-0.002414	0.012062999999999999	0.014813999999999999	0.00476	-0.172966	3205400.0
2016-03-29	0.002948	0.007722	0.013453999999999999	0.001991	0.210571	2668400.0
2016-03-28	0.0021100000000000003	0.007934	0.013040000000000001	0.005381	0.150391	2663500.0
2016-03-24	-0.000633	0.003682	0.008147	0.000493	-0.045113	3940500.0
2016-03-23	-0.0009480000000000001	0.008465	0.00889	0.002518	-0.067696	2558400.0
2016-03-22	0.0024289999999999997	-0.0014349999999999999	0.013044	-0.003031	0.172959	3530000.0
2016-03-21	-0.0045119999999999995	0.006776999999999999	0.009637999999999999	-0.00043	-0.322815	2905400.0
2016-03-18	0.0186	0.014924000000000002	0.028633	0.009742	1.3063120000000001	9667000.0
2016-03-17	0.024756	0.011067	0.037947	0.009297	1.696709	5688400.0
2016-03-16	-0.00458	0.009189	0.00985	0.00027	-0.315315	3119000.0
2016-03-15	0.002514	0.0072	0.017356	0.0056549999999999994	0.17266099999999998	3547800.0
2016-03-14	0.009602	0.009293000000000001	0.023112999999999998	0.0036090000000000002	0.6531600000000001	3652900.0
2016-03-11	0.015693000000000002	0.020717	0.028867	0.016755000000000003	1.0510629999999999	3780300.0
2016-03-10	0.008364	0.01784	0.022406	0.008138	0.555557	3715400.0
2016-03-09	-0.005396	0.015299	0.015413	0.00247	-0.36036599999999996	3470200.0
2016-03-08	-0.014294999999999999	0.005598	0.007723999999999999	-0.006376	-0.96846	3980000.0
2016-03-07	-0.005181	0.0045060000000000005	0.007958	0.0008320000000000001	-0.35286	4424800.0
2016-03-04	-0.0013210000000000001	0.011518	0.017188	0.0034020000000000005	-0.090088	4546900.0
2016-03-03	0.003757	0.013978999999999998	0.017103999999999998	0.0073950000000000005	0.255249	3466900.0
2016-03-02	-0.001214	0.007286	0.020773	0.004723	-0.08258	4417800.0
2016-03-01	0.014899	0.016637	0.026931999999999998	0.014036000000000002	0.998497	5182200.0
2016-02-29	0.002246	0.007469	0.019034	0.004748	0.150169	5795000.0
2016-02-26	0.009177	0.013168000000000001	0.021406	0.010308	0.608101	4099900.0
2016-02-25	0.012156	0.00985	0.022357	0.006606999999999999	0.7958069999999999	2802600.0
2016-02-24	-0.001374	0.004299	0.012163	-0.001715	-0.09009600000000001	3622300.0
2016-02-23	-0.0049	0.005017	0.011461	-0.001428	-0.32283	2403300.0
2016-02-22	0.012695	0.019756	0.026516	0.018008	0.8258209999999999	3003400.0
2016-02-19	-0.000231	0.008685	0.013578	0.002393	-0.015007	3464600.0
2016-02-18	-0.004594	0.004515	0.011242	0.003007	-0.30030100000000004	2278100.0
2016-02-17	0.006706	0.016272	0.021059	0.011601	0.43543999999999994	3414000.0
2016-02-16	0.018488	0.024834000000000002	0.032088	0.020434	1.1786809999999999	3781100.0
2016-02-12	0.015911	0.019152000000000002	0.026400999999999997	0.012025	0.998508	3396900.0
2016-02-11	-0.019012	-0.009112	0.003095	-0.018001	-1.216224	3769400.0
2016-02-10	0.00023500000000000002	0.016133	0.029291	0.007953	0.015009999999999999	2858600.0
2016-02-09	0.012479	-0.000592	0.031334	-0.003232	0.788304	3399700.0
2016-02-08	-0.010583	0.0037939999999999996	0.007594	-0.015919	-0.675682	5931800.0
2016-02-05	-0.016309999999999998	0.004944	0.008681999999999999	-0.011059999999999999	-1.058567	3988500.0
2016-02-04	0.01658	0.007712	0.029562	0.0071189999999999995	1.058567	4046000.0
2016-02-03	0.007941	0.018827	0.023016	-0.00176	0.5030100000000001	3245100.0
2016-02-02	-0.018497	-0.0031899999999999997	0.000334	-0.012706	-1.193711	3550700.0
2016-02-01	-0.007963	0.007169	0.008568000000000001	-0.005767	-0.5180279999999999	3599200.0
2016-01-29	0.025807999999999998	0.016663999999999998	0.036749000000000004	0.010209000000000001	1.636658	5972000.0
2016-01-28	0.002611	0.016203	0.019799	0.006853	0.165168	4709200.0
2016-01-27	-0.005078	0.00985	0.020464	-0.002433	-0.322822	6406900.0
2016-01-26	0.0035549999999999996	-0.007982	0.016672	-0.027608999999999998	0.225223	8640600.0
2016-01-25	-0.011365	0.010087	0.0134	-0.003283	-0.728229	4108800.0
2016-01-22	0.010897	0.023246	0.02516	0.013319	0.690693	4687100.0
2016-01-21	-0.006706	0.004979	0.010681999999999999	-0.0038130000000000004	-0.427933	5075100.0
2016-01-20	-0.007125	-0.003715	0.010322	-0.015038999999999999	-0.457951	6241900.0
2016-01-19	0.0049299999999999995	0.023601	0.026683	0.0034490000000000002	0.3153	4429900.0
2016-01-15	-0.024281	-0.0059960000000000005	-0.00056	-0.016058000000000003	-1.59159	6405700.0
2016-01-14	0.009131	0.010434	0.02479	0.0015630000000000002	0.593093	4063800.0
2016-01-13	-0.022925	0.016921000000000002	0.017377	-0.014783000000000001	-1.52404	3924800.0
2016-01-12	0.001131	0.023322	0.023322	-0.0021379999999999997	0.075089	3822000.0
2016-01-11	-0.0005650000000000001	0.013844	0.016697	-0.000305	-0.037537	4395300.0
2016-01-08	0.0005650000000000001	0.012704	0.023893	0.008023	0.037537	4415400.0
2016-01-07	-0.025666	-0.006725	0.001173	-0.019295	-1.7492599999999998	5949000.0
2016-01-06	-0.01165	-0.0019140000000000001	0.005012	-0.00972	-0.8033140000000001	4858400.0
2016-01-05	0.001854	0.010511	0.014806999999999999	0.003461	0.127624	3760400.0
2016-01-04	-0.01292	-0.009937999999999999	-0.000805	-0.011352	-0.9009020000000001	5791900.0
2015-12-31	-0.005035	0.00509	0.01342	0.003251	-0.352852	2290100.0
2015-12-30	-0.008708	0.008884999999999999	0.010922	-0.0011949999999999999	-0.6156229999999999	1670100.0
2015-12-29	0.008136	0.016229	0.022607	0.012985	0.57058	2190800.0
2015-12-28	0.00010700000000000001	0.00758	0.011472	0.00412	0.007506999999999999	1691200.0
2015-12-24	-0.003414	0.006833	0.011682	0.006079	-0.240242	871400.0
2015-12-23	0.010567	0.013552000000000002	0.023134000000000002	0.011373999999999999	0.735725	2170400.0
2015-12-22	0.0028120000000000003	0.014655000000000001	0.015856	0.0016600000000000002	0.195206	2663900.0
2015-12-21	0.013702	0.01461	0.023797	0.013503	0.9384459999999999	3865500.0
2015-12-18	-0.007183	0.003476	0.013916	0.0012779999999999998	-0.49549899999999997	8431700.0
2015-12-17	-0.022394999999999998	0.016887	0.018928	-0.012980000000000002	-1.580345	4642300.0
2015-12-16	0.016962	0.016217	0.031404	0.009552	1.176994	4880800.0
2015-12-15	-0.008675	0.018665	0.021373	0.000794	-0.607238	6689400.0
2015-12-14	0.0037630000000000003	0.015105	0.019563	0.006299	0.26239	3927100.0
2015-12-11	-0.017221	-2.5e-05	0.005531	-0.010176000000000001	-1.221962	3887200.0
2015-12-10	0.001905	0.013013	0.021684000000000002	0.009588	0.134941	3009400.0
2015-12-09	-0.013574000000000001	0.004225	0.017847	-0.005278	-0.9745940000000001	3663600.0
2015-12-08	-0.005504	-0.005922	0.0071	-0.010228000000000001	-0.397331	5002500.0
2015-12-07	-0.0023829999999999997	0.011405	0.013186000000000002	0.005224	-0.17241700000000001	3007500.0
2015-12-04	0.020941	0.014081	0.034297	0.0113	1.4843520000000001	6020900.0
2015-12-03	-0.014899	0.011301	0.014778	-0.007139	-1.0720290000000001	4340500.0
2015-12-02	-0.006931999999999999	0.008475	0.01287	0.002616	-0.5022810000000001	2731100.0
2015-12-01	0.0026969999999999997	0.017176	0.022841	0.011196	0.194908	4305700.0
2015-11-30	-0.00475	0.011614	0.014119999999999999	0.00514	-0.344856	3943800.0
2015-11-27	0.000207	0.015165000000000001	0.016105	0.009525	0.014999	1149300.0
2015-11-25	0.0033159999999999995	0.014758000000000002	0.017168	0.010462	0.23989899999999997	1869400.0
2015-11-24	-0.007201000000000001	0.00225	0.006827	-0.002328	-0.524781	3092900.0
2015-11-23	-0.001438	0.011197	0.013378	0.003925	-0.10495	1739100.0
2015-11-20	0.0041259999999999995	0.013908000000000002	0.018289	0.012031	0.29986599999999997	2559300.0
2015-11-19	-0.000825	0.008799	0.014636000000000001	0.0068189999999999995	-0.05998200000000001	4299500.0
2015-11-18	0.017619	0.012149	0.030391	0.009709	1.259468	2676600.0
2015-11-17	0.002102	0.010556	0.021185	0.0061990000000000005	0.14994000000000002	2910700.0
2015-11-16	0.017212	0.012057	0.029355000000000003	0.0113	1.206978	3171400.0
2015-11-13	-0.005845	0.008398000000000001	0.01345	0.002809	-0.41232299999999994	2863600.0
2015-11-12	-0.010828	0.005772	0.015872	3.1e-05	-0.772171	2830800.0
2015-11-11	0.00021	0.012364	0.021934	0.01045	0.015	2682800.0
2015-11-10	-0.0030399999999999997	0.008331999999999999	0.012149	0.002395	-0.2174	2948800.0
2015-11-09	-0.004592000000000001	0.007712	0.012461	0.0008529999999999999	-0.329864	2547500.0
2015-11-06	0.001987	0.006542	0.013309999999999999	0.005062	0.142448	2645900.0
2015-11-05	-0.001775	0.01225	0.016261	0.008556	-0.127457	3783900.0
2015-11-04	0.00115	0.010878	0.015316	0.004009	0.082474	3819200.0
2015-11-03	0.001779	0.007807	0.015216999999999998	0.004631000000000001	0.127434	4252300.0
2015-11-02	0.023791999999999997	0.013468	0.037962	0.011951	1.664291	4995700.0
2015-10-30	0.002902	0.010865999999999999	0.020974	0.003474	0.202416	5301300.0
2015-10-29	0.004751	0.007696	0.017307	0.0025629999999999997	0.329849	3069400.0
2015-10-28	0.010255	0.012624	0.022223	0.008320999999999999	0.704697	3468900.0
2015-10-27	-0.007794	0.004185	0.008454000000000001	-0.000413	-0.5397649999999999	3499700.0
2015-10-26	-0.00474	0.011301	0.014678	0.003783	-0.329841	3215100.0
2015-10-23	-0.012343000000000002	0.014098	0.014098	-0.00936	-0.8696290000000001	6754300.0
2015-10-22	0.054533000000000005	0.004151	0.073599	-0.000388	3.643417	9387900.0
2015-10-21	-0.0034659999999999995	0.016276	0.017294	0.006325	-0.232391	6655900.0
2015-10-20	0.003141	0.007897	0.019014	0.00404	0.209907	3136000.0
2015-10-19	0.002361	0.007776000000000001	0.013687999999999999	0.004364	0.157433	2286600.0
2015-10-16	-0.001348	0.014138999999999999	0.015615	0.003011	-0.089974	4108100.0
2015-10-15	0.009293000000000001	0.013936000000000002	0.021615000000000002	0.008206	0.614754	2760100.0
2015-10-14	-0.010651	0.010847	0.013341	-0.0009449999999999999	-0.712196	4804000.0
2015-10-13	-0.0032409999999999995	0.0053100000000000005	0.014352	0.0028239999999999997	-0.217408	3082200.0
2015-10-12	0.010959	0.010386	0.022726	0.009472	0.727173	3084700.0
2015-10-09	-0.004275	0.010618	0.016988999999999997	0.004588	-0.284858	5202900.0
2015-10-08	0.0050880000000000005	0.008556	0.018276	0.005926	0.33734899999999995	4247400.0
2015-10-07	0.013871000000000001	0.0193	0.029154000000000003	0.016286000000000002	0.9071040000000001	3552700.0
2015-10-06	-0.009087999999999999	0.007165	0.010152	-0.006047	-0.599731	4949500.0
2015-10-05	0.015809	0.017719	0.029272000000000003	0.014100999999999999	1.027069	4349500.0
2015-10-02	0.015586000000000001	-0.002092	0.027063	-0.00624	0.9970549999999999	4080500.0
2015-10-01	0.001408	0.012012	0.017709	-0.001518	0.08995399999999999	4431300.0
2015-09-30	0.0257	0.0239	0.038264	0.020491	1.600575	7109400.0
2015-09-29	0.00983	0.018966999999999998	0.027941000000000004	0.015402	0.60625	6317300.0
2015-09-28	-0.033884	0.0073620000000000005	0.0114	-0.022567	-2.163055	7748200.0
2015-09-25	0.003176	0.024381	0.030576999999999997	0.014135	0.20207999999999998	6977300.0
2015-09-24	-0.007587000000000001	0.006086	0.0075049999999999995	-0.005501	-0.486492	4875400.0
2015-09-23	0.001168	0.014837999999999999	0.019573	0.010813	0.074836	3979800.0
2015-09-22	-0.009835	0.0028640000000000002	0.007552	-0.004169	-0.636177	6628100.0
2015-09-21	0.002436	0.016116	0.022813999999999997	0.008244	0.157173	5219900.0
2015-09-18	-0.021786	0.00145	0.001565	-0.01763	-1.437057	12345000.0
2015-09-17	-0.01277	0.012263	0.014532	-0.002375	-0.8532489999999999	4991800.0
2015-09-16	0.009842	0.010308	0.024288	0.00859	0.651169	4174700.0
2015-09-15	0.018785	0.018664	0.033723	0.014462000000000001	1.2200010000000001	4486500.0
2015-09-14	-0.0008060000000000001	0.015043	0.018193	0.007228	-0.052405999999999994	5224900.0
2015-09-11	0.009181	0.012708	0.022361000000000002	0.010119	0.591286	4046000.0
2015-09-10	-0.0041659999999999996	0.012123	0.016812	0.004268999999999999	-0.269448	4573800.0
2015-09-09	-0.012795	0.018383	0.022896	-0.0021	-0.838256	3602100.0
2015-09-08	0.022666	0.030695999999999998	0.036258	0.019808000000000003	1.4520030000000002	3958300.0
2015-09-04	-0.014847999999999998	-0.001047	0.005016	-0.005011	-0.965515	3752400.0
2015-09-03	0.006954000000000001	0.02081	0.028441	0.01494	0.449074	3967600.0
2015-09-02	0.017573	0.023815	0.030983	0.013661000000000001	1.115211	4536900.0
2015-09-01	-0.025626	-0.008125	0.0008380000000000001	-0.018602	-1.669075	6901400.0
2015-08-31	-0.01181	0.002706	0.015244	-0.012478	-0.778396	4644100.0
2015-08-28	-0.004522	0.008593	0.01157	-0.000454	-0.299385	4279700.0
2015-08-27	0.020653	0.021242	0.03702	0.015397999999999998	1.339744	5328600.0
2015-08-26	0.041331	0.037163	0.05554	0.020489	2.574711	6359400.0
2015-08-25	-0.009756	0.037409	0.037409	0.002218	-0.613739	5288700.0
2015-08-24	-0.033352	-0.036917	0.004323	-0.036917	-2.170528	8003900.0
2015-08-21	-0.020392	0.007123999999999999	0.009977	-0.007826000000000001	-1.354729	5621100.0
2015-08-20	-0.020633000000000002	0.005790999999999999	0.008138	-0.009073999999999999	-1.39962	4551400.0
2015-08-19	-0.009616	0.006302	0.012722	0.00021400000000000002	-0.658646	3079800.0
2015-08-18	-0.0015279999999999998	0.008302	0.014602	0.008302	-0.104782	1802100.0
2015-08-17	0.008029000000000001	0.008042	0.0213	0.004588	0.546379	1636200.0
2015-08-14	0.005418	0.015296	0.019216999999999998	0.010928	0.366737	1933900.0
2015-08-13	0.001551	0.013954	0.018778	0.008905	0.10479000000000001	2771800.0
2015-08-12	-0.008456	0.005157	0.005824	-0.008192	-0.576324	3961200.0
2015-08-11	-0.009679	0.0036899999999999997	0.008206999999999999	0.001377	-0.66613	2799800.0
2015-08-10	0.009774	0.019841	0.028183	0.019618	0.66613	2352400.0
2015-08-07	-0.005569	0.007855	0.012391	-0.001547	-0.381714	2229200.0
2015-08-06	-0.007479	0.013712	0.017116	0.002404	-0.5164340000000001	2188300.0
2015-08-05	0.005449	0.020009	0.025749	0.015483000000000002	0.374214	2842500.0
2015-08-04	0.0047079999999999995	0.012167	0.025033	0.010171	0.321854	3299400.0
2015-08-03	-0.002512	0.012501	0.016152	0.0018809999999999999	-0.17214200000000002	3110900.0
2015-07-31	-0.003266	0.014046000000000001	0.016472	0.0068790000000000006	-0.224548	4479500.0
2015-07-30	0.01045	0.008709999999999999	0.025535	0.008709999999999999	0.711044	6091600.0
2015-07-29	0.028394	0.018788	0.042622	0.0126	1.878639	7894300.0
2015-07-28	0.013529	0.021537999999999998	0.026764	0.016776	0.883179	5467100.0
2015-07-27	-0.006379	0.008790000000000001	0.014098	-0.00148	-0.419121	3985000.0
2015-07-24	-0.014262	0.010555	0.013058000000000002	-0.004232	-0.9505540000000001	5034800.0
2015-07-23	0.013544	0.026087	0.033466	0.017093999999999998	0.8906709999999999	9431700.0
2015-07-22	0.000797	0.012136	0.018713	0.009944	0.052383000000000006	5054200.0
2015-07-21	-0.008918	0.009742	0.012486	0.002309	-0.591278	4999000.0
2015-07-20	-0.001578	0.012943999999999999	0.014313999999999999	0.009405	-0.104782	3847900.0
2015-07-17	0.000225	0.010431000000000001	0.013628999999999999	0.007691	0.014961000000000002	2712700.0
2015-07-16	0.004189	0.016957	0.018907	0.009159	0.276932	5746600.0
2015-07-15	-0.007081999999999999	0.014879	0.015677	0.005315	-0.47153500000000004	7987300.0
2015-07-14	0.010909	0.015821	0.024685	0.014209999999999999	0.718529	18511100.0
2015-07-13	0.015580000000000002	0.019022999999999998	0.029894	0.017034999999999998	1.01043	6514400.0
2015-07-10	0.010613	0.021332	0.026885000000000003	0.016724	0.681099	6139200.0
2015-07-09	0.0	0.023222	0.026294	0.012708	0.0	6799300.0
2015-07-08	-0.015275	0.007825	0.009337	-0.00346	-0.995461	6761400.0
2015-07-07	0.013975	0.016954	0.029339999999999998	0.004804	0.898148	6584300.0
2015-07-06	-0.010714	0.002791	0.007693000000000001	0.00033999999999999997	-0.6960529999999999	9522700.0
2015-07-02	0.005328	0.015056	0.019865999999999998	0.012240000000000001	0.344292	4988700.0
2015-07-01	0.008763	0.017796	0.02182	0.014246	0.56134	7477800.0
2015-06-30	0.009912	0.019159	0.02645	0.016529	0.628708	7411000.0
2015-06-29	-0.011777	0.005621	0.010345	-0.001112	-0.755943	7914200.0
2015-06-26	0.003863	0.018043	0.020058000000000003	0.012114	0.24699699999999997	13521900.0
2015-06-25	0.000117	0.016501	0.01745	0.006659	0.0074659999999999995	3361600.0
2015-06-24	-0.001928	0.012884999999999999	0.017027	0.009926	-0.123482	3862400.0
2015-06-23	-0.006145	0.013365	0.016071000000000002	0.007719	-0.396065	2986600.0
2015-06-22	0.004776	0.019387	0.02447	0.018205000000000002	0.30638899999999997	3337900.0
2015-06-19	-0.00128	0.014541	0.018437000000000002	0.010882	-0.082214	5506800.0
2015-06-18	0.014399	0.017415	0.034897000000000004	0.01514	0.911693	4565100.0
2015-06-17	0.001182	0.015141	0.020296	0.012024	0.074727	3625900.0
2015-06-16	0.002013	0.013219999999999999	0.019226	0.012980000000000002	0.127048	2519000.0
2015-06-15	-0.0069370000000000005	0.009174	0.010962999999999999	0.0034479999999999997	-0.440903	3190000.0
2015-06-12	-0.010241	0.013243000000000001	0.014069	0.002617	-0.657612	4229600.0
2015-06-11	-0.001046	0.017254	0.019022999999999998	0.011356999999999999	-0.067253	3023900.0
2015-06-10	0.009623999999999999	0.017638	0.025378	0.014542	0.6127739999999999	3151600.0
2015-06-09	0.003415	0.015976	0.025056000000000002	0.012033	0.21671300000000002	3476000.0
2015-06-08	-0.01141	0.010998	0.013597	0.002257	-0.732334	4206900.0
2015-06-05	0.001049	0.012412999999999999	0.016788	0.010520999999999999	0.067253	2639900.0
2015-06-04	-0.016506	0.006634	0.010588	-0.004414	-1.07608	3624300.0
2015-06-03	0.005185	0.015009	0.02214	0.013022	0.336258	3139000.0
2015-06-02	-0.001266	0.009288	0.014775	0.005435	-0.082199	3279200.0
2015-06-01	0.006719	0.016656999999999998	0.024413999999999998	0.011368000000000001	0.433433	3791800.0
2015-05-29	-0.011452	0.011986	0.015238999999999999	-0.000795	-0.7472840000000001	4014500.0
2015-05-28	-0.001144	0.013729	0.01547	0.007114	-0.074737	4158500.0
2015-05-27	0.014388	0.014424000000000001	0.02961	0.012776000000000001	0.9266280000000001	4717600.0
2015-05-26	-0.004965	0.013956	0.018055	0.007044	-0.321343	3554100.0
2015-05-22	-0.0033369999999999997	0.015125	0.022247	0.010806	-0.21669699999999997	3875200.0
2015-05-21	-0.001379	0.014191999999999998	0.017573	0.010461	-0.089669	5032100.0
2015-05-20	0.006128	0.014776	0.023339	0.009967	0.396065	5421700.0
2015-05-19	-0.008824	0.014658000000000001	0.016634	0.004078	-0.5754090000000001	4759000.0
2015-05-18	0.009369	0.015832	0.028037	0.015832	0.605286	6175900.0
2015-05-15	-0.015824	0.013848	0.017313	-0.002783	-1.038727	10640300.0
2015-05-14	0.00561	0.021859	0.026272000000000004	0.015238	0.366173	12619700.0
2015-05-13	0.015698	0.06172999999999999	0.064679	0.019968	1.008835	24901400.0
2015-05-12	0.029200999999999998	0.011385	0.048416	0.011021	1.8233830000000002	12833600.0
2015-05-11	-0.005593	0.012248	0.015749000000000003	0.008867	-0.351234	2981000.0
2015-05-08	0.010097	0.022591	0.029542000000000002	0.021249	0.6277189999999999	3357900.0
2015-05-07	0.010323	0.013678999999999998	0.028464999999999997	0.013063	0.635197	4952400.0
2015-05-06	-0.000728	0.017988999999999998	0.021313	0.008015999999999999	-0.044844999999999996	4076200.0
2015-05-05	-0.003507	0.014787	0.017977	0.008898	-0.21670599999999998	3790200.0
2015-05-04	0.00206	0.015525	0.022902000000000002	0.014665000000000001	0.12704100000000002	2499700.0
2015-05-01	0.007816	0.017144	0.025197	0.015285	0.478256	3423300.0
2015-04-30	-0.011111	0.013316	0.014909	-0.00028399999999999996	-0.6875	3878100.0
2015-04-29	-0.005525	0.010886	0.013932	0.006620999999999999	-0.34375	4388900.0
2015-04-28	0.002046	0.011367	0.016861	0.008314	0.12703699999999998	3278500.0
2015-04-27	-0.0025210000000000002	0.023311000000000002	0.026720999999999998	0.011131	-0.15692899999999999	5910800.0
2015-04-24	-0.016413	0.010948000000000001	0.012745000000000001	-0.005104999999999999	-1.038723	7863700.0
2015-04-23	-0.006569	0.00633	0.013233000000000002	-0.0045	-0.418476	10063100.0
2015-04-22	0.000587	0.013231999999999999	0.017041999999999998	0.0077540000000000005	0.037364999999999995	5772900.0
2015-04-21	0.003297	0.016931	0.021471	0.015497	0.209229	3467600.0
2015-04-20	0.008312	0.021649	0.026106	0.018396	0.523109	3544500.0
2015-04-17	-0.014279	0.0063479999999999995	0.006942	-0.005645000000000001	-0.91169	4945500.0
2015-04-16	-0.0018690000000000002	0.010156	0.016675	0.008616	-0.11955999999999999	3817500.0
2015-04-15	0.0014039999999999999	0.011812000000000001	0.017984	0.011812000000000001	0.089676	3011200.0
2015-04-14	0.002933	0.010971	0.018708000000000002	0.007161	0.186817	3041000.0
2015-04-13	0.002942	0.018838999999999998	0.021705000000000002	0.01096	0.186817	3130500.0
2015-04-10	-0.0056170000000000005	0.018934	0.019171	0.007062000000000001	-0.358703	3812400.0
2015-04-09	0.001289	0.011451000000000001	0.017394	0.009311	0.082203	2168000.0
2015-04-08	0.00023500000000000002	0.014898	0.01799	0.009309999999999999	0.014957	3097400.0
2015-04-07	0.0042369999999999994	0.011198	0.026719999999999997	0.010362999999999999	0.269013	3478300.0
2015-04-06	0.009265	0.009601	0.028641000000000003	0.006347	0.582878	2160300.0
2015-04-02	0.003457	0.016718	0.02216	0.010793	0.216716	2604300.0
2015-04-01	-0.011778	0.013108000000000002	0.013825	-0.000276	-0.747276	3557600.0
2015-03-31	-0.008178	0.012053	0.013475	0.005653	-0.523098	3315300.0
2015-03-30	0.008839	0.016335	0.025303	0.016096	0.5604520000000001	2374900.0
2015-03-27	0.006286	0.013459	0.022723	0.011895000000000001	0.39606399999999997	2796600.0
2015-03-26	-0.000356	0.013338999999999998	0.021758	0.008888	-0.022419	3442700.0
2015-03-25	-0.016843	0.015191999999999999	0.016966	-0.002546	-1.0798370000000002	5413400.0
2015-03-24	-0.00968	0.01321	0.015553	0.006301	-0.626709	2845700.0
2015-03-23	-0.00436	0.018936	0.020219	0.011474	-0.283532	3703000.0
2015-03-20	0.001609	0.020109000000000002	0.022445	0.015553999999999998	0.10447000000000001	5148900.0
2015-03-19	-0.003094	0.014041999999999999	0.019165	0.007639	-0.201454	3435800.0
2015-03-18	0.011706999999999999	0.013075999999999999	0.033688	0.004242	0.753563	3670500.0
2015-03-17	-0.006106	0.009581999999999999	0.012509000000000001	0.005602	-0.395432	2546700.0
2015-03-16	0.018779	0.019597	0.035817	0.017569	1.193775	5333100.0
2015-03-13	-0.004208	0.0159	0.01685	0.0018859999999999999	-0.268608	3154900.0
2015-03-12	0.014105000000000001	0.018547	0.032638	0.018306	0.8878790000000001	3077000.0
2015-03-11	-0.0033079999999999997	0.016738	0.018899000000000003	0.011937	-0.208912	2765600.0
2015-03-10	-0.016727000000000002	0.0065769999999999995	0.007876000000000001	-0.000859	-1.074402	2950900.0
2015-03-09	0.010209000000000001	0.018046	0.028776999999999997	0.014588	0.6491239999999999	3093800.0
2015-03-06	-0.012972	0.011783	0.013666	0.000956	-0.8356549999999999	3960600.0
2015-03-05	0.002671	0.018616	0.021448	0.014368	0.1716	2987400.0
2015-03-04	-0.010798	-0.0009050000000000001	0.009835	-0.002539	-0.701332	6330000.0
2015-03-03	-0.004802000000000001	0.013234000000000001	0.015325	0.006843999999999999	-0.313362	2152800.0
2015-03-02	0.002177	0.015323	0.022658	0.015323	0.141762	2725000.0
2015-02-27	-0.006036	0.014981	0.016717	0.009426	-0.395447	2923000.0
2015-02-26	0.006764	0.015088999999999998	0.026389999999999997	0.013808	0.44019300000000006	2837600.0
2015-02-25	0.002068	0.015553999999999998	0.023726	0.013569	0.1343	3077200.0
2015-02-24	0.002073	0.012863	0.019296999999999998	0.012044	0.134323	3238600.0
2015-02-23	-0.009352	0.011271	0.015559	0.00594	-0.611808	2554900.0
2015-02-20	0.005043	0.015090000000000001	0.023825	0.008218000000000001	0.328277	5304300.0
2015-02-19	-0.002402	0.011141	0.016719	0.010793	-0.156692	2914700.0
2015-02-18	0.007489	0.016138	0.025152	0.011923999999999999	0.48498500000000005	2606400.0
2015-02-17	-0.00011499999999999999	0.015436000000000002	0.018011000000000003	0.012275	-0.007462000000000001	2531600.0
2015-02-13	0.002425	0.013791999999999999	0.019893	0.011445	0.156701	2608700.0
2015-02-12	0.010973	0.019104	0.027763	0.01768	0.701328	2695200.0
2015-02-11	0.00234	0.015544	0.021608000000000002	0.012452	0.14921600000000002	2775300.0
2015-02-10	0.01196	0.021793	0.029133	0.014694	0.753563	2558400.0
2015-02-09	-0.0040100000000000005	0.010265999999999999	0.019733	0.007989	-0.253666	2464400.0
2015-02-06	-0.008072	0.015187	0.019941999999999998	0.004488000000000001	-0.514824	2607600.0
2015-02-05	0.013517	0.022403	0.031319	0.021439	0.8505739999999999	2672800.0
2015-02-04	-0.007998	0.009923000000000001	0.016855000000000002	0.005261999999999999	-0.507366	3778600.0
2015-02-03	0.015286000000000001	0.027908	0.033005	0.022569	0.9550290000000001	5735400.0
2015-02-02	0.016509	0.016878	0.03316	0.006517	1.014709	4550900.0
2015-01-30	-0.018468000000000002	0.011053	0.013596	-0.003112	-1.156467	3908900.0
2015-01-29	0.013035	0.022269999999999998	0.029997000000000003	0.008289	0.80579	3595100.0
2015-01-28	-0.021148	0.02118	0.022141	-0.005472	-1.335534	5232800.0
2015-01-27	0.011714	0.025855	0.035936	0.015652000000000003	0.731182	4739200.0
2015-01-26	-0.005705	0.012756	0.016138	0.005027	-0.358131	4037800.0
2015-01-23	-0.00426	0.016138	0.016619	0.011087	-0.26859299999999997	4991200.0
2015-01-22	0.014893	0.024925	0.031882	0.014918	0.925183	5121500.0
2015-01-21	0.0034950000000000003	0.013566	0.024465999999999998	0.009770000000000001	0.216373	3989500.0
2015-01-20	0.005209	0.022293	0.027341000000000004	0.014413999999999998	0.320812	4463800.0
2015-01-16	0.006217	0.012916999999999998	0.023694	0.006476000000000001	0.380524	5606100.0
2015-01-15	-0.011925	0.021523	0.023237	0.003776	-0.7386550000000001	5530600.0
2015-01-14	-0.015768	0.005657	0.013006	-0.004340999999999999	-0.992325	6322400.0
2015-01-13	-0.0014210000000000002	0.026363	0.033701	0.006033	-0.089527	5059800.0
2015-01-12	-0.012393000000000001	0.010317	0.014475	-0.00025699999999999996	-0.790875	4024900.0
2015-01-09	-0.006736	0.019678	0.020975999999999998	0.007287	-0.432758	2749800.0
2015-01-08	0.015447999999999998	0.025724	0.033873	0.024766	0.9774129999999999	3904200.0
2015-01-07	0.006051	0.025541	0.029037	0.019514	0.38051999999999997	4361800.0
2015-01-06	-0.006834000000000001	0.019251	0.021765	0.0006929999999999999	-0.43274300000000004	3807000.0
2015-01-05	-0.009916	0.011041	0.014716	0.001083	-0.634197	3985000.0
2015-01-02	0.000117	0.019694999999999997	0.023014	0.009025	0.007458	2722100.0
2014-12-31	-0.006146	0.019908000000000002	0.022972	0.00954	-0.395443	2734600.0
2014-12-30	-0.007365999999999999	0.015903999999999998	0.016489	0.004676	-0.477501	2397600.0
2014-12-29	0.00173	0.010749	0.021059	0.009694	0.11192300000000001	1952600.0
2014-12-26	-0.000692	0.017309	0.020938	0.014381999999999999	-0.044792	1558000.0
2014-12-24	-0.003101	0.016255000000000002	0.016838	0.012987	-0.201424	1269600.0
2014-12-23	0.00115	0.020111	0.022331999999999998	0.015788	0.07463099999999999	3756200.0
2014-12-22	0.009156999999999998	0.022849	0.028391000000000003	0.019075	0.58873	3125500.0
2014-12-19	0.003139	0.018489	0.024759	0.013403	0.201202	6568800.0
2014-12-18	0.024541	0.031365	0.042273000000000005	0.026881	1.535225	4409100.0
2014-12-17	0.020794999999999998	0.017800999999999997	0.04106	0.012605	1.2743870000000002	5728100.0
2014-12-16	-0.013909999999999999	0.015843	0.024748	0.002545	-0.86449	5647200.0
2014-12-15	-0.004417	0.024108	0.027144	0.006861	-0.275746	3633900.0
2014-12-12	-0.002263	0.010520999999999999	0.025062	0.010399	-0.141594	3718100.0
2014-12-11	0.009743	0.019999	0.037251	0.01694	0.603653	3677600.0
2014-12-10	-0.014462000000000001	0.015256	0.015377000000000002	0.001509	-0.909214	4880300.0
2014-12-09	-0.004484	0.004340999999999999	0.012985	0.0029	-0.283199	2886300.0
2014-12-08	-0.0016489999999999999	0.015868	0.021621	0.012872	-0.104328	3207900.0
2014-12-05	0.003547	0.015262000000000001	0.022238	0.015142	0.22357600000000002	1867400.0
2014-12-04	-0.003182	0.012391	0.015268	0.0073549999999999996	-0.20121	2664600.0
2014-12-03	0.015194999999999998	0.019497	0.034347	0.018037	0.946456	3380800.0
2014-12-02	0.00614	0.021838	0.025266999999999998	0.017919	0.380085	3454400.0
2014-12-01	-0.005864	0.011828	0.014506	0.005376	-0.365173	3881400.0
2014-11-28	0.001318	0.017063	0.023524	0.016209	0.08197	2320600.0
2014-11-26	0.00084	0.021699	0.021699	0.015354	0.052174	1994400.0
2014-11-25	-0.001557	0.017063	0.01889	0.01487	-0.096886	2803600.0
2014-11-24	-0.0009570000000000001	0.017307	0.017672	0.011708	-0.059615999999999995	2034800.0
2014-11-21	0.013088999999999998	0.029019999999999997	0.033458	0.026184	0.804871	3539600.0
2014-11-20	-0.000727	0.009420999999999999	0.018292	0.004863	-0.044716000000000006	2153900.0
2014-11-19	-0.000121	0.017307	0.019647	0.01201	-0.007443000000000001	1962000.0
2014-11-18	0.002549	0.018912	0.023976	0.016194999999999998	0.156498	2508000.0
2014-11-17	0.001702	0.016564	0.021265	0.013966	0.104332	2408800.0
2014-11-14	-0.0020629999999999997	0.014097	0.018294	0.013109	-0.126693	2557400.0
2014-11-13	0.00048600000000000005	0.016936	0.020146999999999998	0.012736	0.029804	5956300.0
2014-11-12	0.011669	0.0378	0.0383	0.025304	0.707992	6164700.0
2014-11-11	0.0014759999999999999	0.02056	0.022312000000000002	0.012925999999999998	0.08943200000000001	2477400.0
2014-11-10	0.001232	0.017181000000000002	0.021190999999999998	0.015050999999999998	0.074539	2599200.0
2014-11-07	-0.0008619999999999999	0.017557	0.018058	0.009419	-0.05218099999999999	2259300.0
2014-11-06	0.006067	0.019826	0.024108	0.01378	0.365177	2129300.0
2014-11-05	0.009751000000000001	0.026463	0.028498000000000002	0.015653	0.581295	2331800.0
2014-11-04	0.00025	0.017434	0.020868	0.013236000000000001	0.014903999999999999	2490200.0
2014-11-03	-0.0053479999999999995	0.016674	0.017054	0.008829	-0.32045300000000004	3365000.0
2014-10-31	0.008656	0.025730000000000003	0.029814	0.021646000000000002	0.514221	5442000.0
2014-10-30	0.00517	0.013201	0.024875	0.010121999999999999	0.30554899999999996	2633300.0
2014-10-29	-0.005518	0.014883	0.019603	0.007611	-0.327911	4647100.0
2014-10-28	0.024015	0.0241	0.042129	0.023055000000000003	1.3936309999999998	4766700.0
2014-10-27	-0.0011539999999999999	0.010782	0.017437	0.009738	-0.067074	2191200.0
2014-10-24	0.007756	0.016649	0.025723000000000003	0.013888	0.447151	2462800.0
2014-10-23	0.023686000000000002	0.03023	0.047595	0.028480000000000002	1.333992	4276300.0
2014-10-22	-0.008918	0.023711000000000003	0.023711000000000003	0.007834	-0.506763	4638600.0
2014-10-21	0.02034	0.022207	0.039495999999999996	0.021799000000000002	1.132786	4200600.0
2014-10-20	-0.000802	0.015130000000000001	0.018938999999999998	0.006425	-0.044719999999999996	3897300.0
2014-10-17	0.008087	0.028413	0.034995	0.017855000000000003	0.44714	5370900.0
2014-10-16	0.030702999999999998	0.014339	0.053487	0.006423999999999999	1.647018	9111500.0
2014-10-15	-0.000278	-0.0012029999999999999	0.022958000000000003	-0.009256	-0.014903999999999999	8177200.0
2014-10-14	0.004184	0.021421	0.033764999999999996	0.015462	0.22357600000000002	6343500.0
2014-10-13	-0.002226	0.022686	0.035710000000000006	0.013343	-0.119236	7898300.0
2014-10-10	-0.012505	0.017307	0.023458	-0.004083	-0.678189	8159300.0
2014-10-09	-0.0244	0.018397999999999998	0.018397999999999998	-0.007925	-1.3563530000000001	5572300.0
2014-10-08	0.018016	0.020083	0.036328	0.012308	0.9837299999999999	4948600.0
2014-10-07	-0.021632	0.014726	0.014726	-0.005243	-1.207306	3869800.0
2014-10-06	-0.000667	0.021515	0.026266	0.013641	-0.037266	2600000.0
2014-10-03	0.006852	0.027968	0.032615	0.02291	0.380078	5669900.0
2014-10-02	-0.0020109999999999998	0.016488	0.020171	0.007076000000000001	-0.11178199999999999	6061400.0
2014-10-01	-0.018425999999999998	0.013558	0.017039	-0.003179	-1.043351	4149400.0
2014-09-30	0.002507	0.016501	0.035561	0.015293000000000001	0.141594	6947500.0
2014-09-29	-0.0015810000000000002	0.008194	0.018244999999999997	0.004307	-0.089431	4013400.0
2014-09-26	0.0035700000000000003	0.018113999999999998	0.022686	0.015424	0.201221	4020900.0
2014-09-25	-0.026888	0.012856999999999999	0.014034999999999999	-0.010178	-1.557583	5020300.0
2014-09-24	0.005303	0.019017	0.025200999999999998	0.015202	0.305561	4179600.0
2014-09-23	-0.009468	0.016277	0.017971	0.008848	-0.550773	2779700.0
2014-09-22	-0.016237	0.015031999999999998	0.015031999999999998	0.0006730000000000001	-0.9601370000000001	2767700.0
2014-09-19	0.001134	0.024912	0.026837	0.018366	0.066986	6362100.0
2014-09-18	0.008002	0.019528	0.027679000000000002	0.018364	0.46890699999999996	3736700.0
2014-09-17	0.014953999999999999	0.021643	0.040552	0.020198	0.863373	5555700.0
2014-09-16	0.012267	0.016097	0.032313999999999996	0.012242	0.699638	4082000.0
2014-09-15	-0.003252	0.02061	0.027632	0.01425	-0.186077	5486300.0
2014-09-12	-0.005176	0.018227	0.018622	0.012559	-0.297718	2521500.0
2014-09-11	0.00455	0.01518	0.023919	0.013590999999999999	0.260502	2175000.0
2014-09-10	0.0047020000000000005	0.019155000000000002	0.026072	0.017425	0.267952	2276100.0
2014-09-09	-0.006229999999999999	0.017961	0.018755	0.009236	-0.357266	2607500.0
2014-09-08	-0.001167	0.016906	0.021791	0.014528999999999999	-0.06699	2591900.0
2014-09-05	0.011805	0.015816999999999998	0.031582	0.014747999999999999	0.6698609999999999	2814400.0
2014-09-04	-0.00457	0.019287000000000002	0.023277000000000003	0.011175	-0.260502	2984700.0
2014-09-03	0.002224	0.026619999999999998	0.026619999999999998	0.019022	0.126526	3196700.0
2014-09-02	-0.00248	0.01942	0.022877	0.013304	-0.141407	3034300.0
2014-08-29	0.003668	0.022091999999999997	0.022893	0.014485	0.20839699999999997	1982300.0
2014-08-28	-0.004175	0.014636000000000001	0.016628999999999998	0.009718000000000001	-0.238175	2562500.0
2014-08-27	-0.008793	0.015066	0.018622	0.008084000000000001	-0.506111	1476800.0
2014-08-26	-0.000259	0.020334	0.021783	0.017306000000000002	-0.014884999999999999	2572900.0
2014-08-25	0.004024	0.022456999999999998	0.024968999999999998	0.019944999999999997	0.230725	1883700.0
2014-08-22	-0.005294	0.014413999999999998	0.017965000000000002	0.012704	-0.305149	2691400.0
2014-08-21	0.003368	0.019282	0.022844999999999997	0.015059000000000001	0.19350799999999999	2334700.0
2014-08-20	0.007176	0.018489	0.028058999999999997	0.015831	0.409355	3245200.0
2014-08-19	0.004588	0.018889	0.024097	0.016353	0.260509	2195800.0
2014-08-18	0.01517	0.024315	0.036243	0.021603999999999998	0.8484959999999999	2709400.0
2014-08-15	0.0036060000000000003	0.025424000000000002	0.030456999999999998	0.015493999999999999	0.20094700000000001	6283500.0
2014-08-14	0.0013369999999999999	0.015353	0.020257	0.013446000000000001	0.074432	3391500.0
2014-08-13	0.005919	0.024925	0.027529	0.020267	0.327484	2682300.0
2014-08-12	-0.011568	0.015507	0.016184999999999998	0.0044009999999999995	-0.647526	4511300.0
2014-08-11	0.004541	0.021752	0.028281999999999998	0.020799	0.253056	3241000.0
2014-08-08	0.012304	0.020826	0.031844	0.016419	0.677311	2903100.0
2014-08-07	-0.001485	0.023161	0.028111	0.014772	-0.08188200000000001	3771000.0
2014-08-06	0.006933	0.020146	0.028454000000000004	0.016406999999999998	0.379596	5776400.0
2014-08-05	-0.005946	0.01174	0.024541	0.006922	-0.327495	4475700.0
2014-08-04	0.008999	0.019039	0.0289	0.014733000000000001	0.491233	3752900.0
2014-08-01	-0.007309	0.018897999999999998	0.019312	0.006765	-0.401916	6803600.0
2014-07-31	-0.00391	0.012853999999999999	0.016974	0.006537	-0.21584299999999998	6681300.0
2014-07-30	0.001215	0.021235	0.023847	0.012022	0.066974	5692100.0
2014-07-29	-0.015024000000000001	0.017133000000000002	0.019841	0.001422	-0.8410340000000001	6753800.0
2014-07-28	-0.006342	0.016469	0.017815	0.009067	-0.357261	3621500.0
2014-07-25	-0.003686	0.013527	0.01822	0.012320999999999999	-0.20840100000000003	2595200.0
2014-07-24	0.004761	0.020104	0.026436	0.013772	0.267944	4367400.0
2014-07-23	-0.002507	0.02131	0.022788	0.013382	-0.14140999999999998	4790400.0
2014-07-22	0.008648999999999999	0.021603999999999998	0.033261	0.021603999999999998	0.48379099999999997	7100100.0
2014-07-21	0.000532	0.01591	0.020928	0.011299	0.029766	5396400.0
2014-07-18	0.014041	0.024811	0.037462999999999996	0.015184	0.7740560000000001	7630400.0
2014-07-17	-0.056433000000000004	-0.017581	-0.016413	-0.0399	-3.2972040000000002	13200500.0
2014-07-16	0.0033229999999999996	0.020705	0.024741	0.013935	0.19352	3437800.0
2014-07-15	-0.007232	0.016425	0.022888	0.009316	-0.42423599999999995	3698700.0
2014-07-14	0.0054859999999999996	0.023431	0.028369	0.019402000000000003	0.32003000000000004	3192600.0
2014-07-11	0.004872	0.018622	0.023846	0.015488	0.282833	2447900.0
2014-07-10	-0.003704	0.010165	0.019143	0.008084000000000001	-0.21584299999999998	2979200.0
2014-07-09	0.001279	0.021358000000000002	0.023181999999999998	0.016277	0.074428	3087700.0
2014-07-08	-0.004076	0.017585	0.020179	0.011876000000000001	-0.238163	3750400.0
2014-07-07	-0.011831999999999999	0.017212	0.017981	0.0049039999999999995	-0.699642	3427900.0
2014-07-03	0.008633	0.024959000000000002	0.030261	0.022761	0.506119	2725500.0
2014-07-02	-0.009182	0.015163	0.018366	0.0065780000000000005	-0.543331	3379100.0
2014-07-01	0.00978	0.024186000000000003	0.031431	0.023668	0.573105	3590400.0
2014-06-30	-0.005809	0.020166	0.020423	0.010519	-0.342373	4072900.0
2014-06-27	0.0011380000000000001	0.017077000000000002	0.021456	0.014244	0.066986	3331900.0
2014-06-26	-0.004906000000000001	0.017725	0.020416	0.008243	-0.29027600000000003	2622800.0
2014-06-25	0.004296	0.017593	0.0248	0.011415	0.253056	2747600.0
2014-06-24	-0.013444	0.019909	0.019909	0.006197	-0.8028109999999999	3678900.0
2014-06-23	-0.004338	0.019403999999999998	0.020162	0.013968000000000001	-0.26017399999999996	2703500.0
2014-06-20	0.007241	0.02131	0.027676999999999997	0.016472	0.431145	6036100.0
2014-06-19	-0.007065999999999999	0.017887	0.020794	0.011059000000000001	-0.423706	4345700.0
2014-06-18	0.0062369999999999995	0.020927	0.026906	0.015202	0.37167	2436300.0
2014-06-17	0.0012490000000000001	0.02131	0.023476	0.017999	0.07432899999999999	2154800.0
2014-06-16	-0.002491	0.017622	0.020799	0.015081	-0.148662	3143400.0
2014-06-13	0.0017469999999999999	0.018509	0.024492	0.017237	0.10406800000000001	2279100.0
2014-06-12	0.000499	0.015325	0.022711000000000002	0.015069999999999998	0.029736000000000002	3528700.0
2014-06-11	-0.004227000000000001	0.018134	0.019528999999999998	0.013822999999999998	-0.252739	2579400.0
2014-06-10	-0.00149	0.016491	0.020416	0.012692	-0.08921	1841400.0
2014-06-09	0.00224	0.017371	0.029681	0.017117	0.1338	4058200.0
2014-06-06	0.010943000000000001	0.020551	0.03261	0.019781	0.646713	3688400.0
2014-06-05	0.013643	0.020038999999999998	0.038375	0.013406999999999999	0.795395	3897900.0
2014-06-04	-0.004569	0.016673	0.018227	0.009683	-0.267608	3257400.0
2014-06-03	0.0019079999999999998	0.015889	0.022763	0.014462000000000001	0.111507	2733700.0
2014-06-02	0.0026780000000000003	0.022119999999999997	0.025371	0.012107	0.156101	2406100.0
2014-05-30	-0.0015279999999999998	0.017183	0.01952	0.013028	-0.089199	4487700.0
2014-05-29	-0.001652	0.019909	0.021983000000000003	0.01278	-0.09664099999999999	3134900.0
2014-05-28	0.000381	0.020817	0.024967	0.016408000000000002	0.022304	2958300.0
2014-05-27	0.002933	0.026802	0.027452999999999998	0.02056	0.170963	3384100.0
2014-05-23	0.004998	0.019517	0.02553	0.016119	0.28991	2859400.0
2014-05-22	0.022941999999999997	0.033949	0.049592000000000004	0.025658999999999998	1.300873	8946200.0
2014-05-21	0.019786	0.024409	0.040770999999999995	0.024409	1.100147	4151400.0
2014-05-20	-0.013453	0.01964	0.021658	0.003095	-0.758217	3076500.0
2014-05-19	0.006638	0.017066	0.031689999999999996	0.016118	0.371681	3121600.0
2014-05-16	0.0046689999999999995	0.020046	0.025894999999999998	0.015556	0.260178	4231700.0
2014-05-15	-0.003191	0.015434	0.018146000000000002	0.0068909999999999996	-0.17841400000000002	4019500.0
2014-05-14	-0.005553	0.016808	0.027326999999999997	0.012492	-0.312198	4078800.0
2014-05-13	0.00746	0.024664	0.031593	0.020725	0.416267	3746300.0
2014-05-12	0.014048	0.022527000000000002	0.034926	0.022527000000000002	0.773087	3653100.0
2014-05-09	0.010373	0.017961	0.030906	0.013228	0.564956	5644600.0
2014-05-08	0.006318	0.019489	0.034057	0.017108	0.341935	3763200.0
2014-05-07	0.003445	0.023002	0.024829	0.014428	0.18584	4129100.0
2014-05-06	-0.006028	0.016975	0.020468	0.013483000000000002	-0.32708000000000004	2691800.0
2014-05-05	-0.0036850000000000003	0.016151	0.019353	0.010722	-0.200695	2560300.0
2014-05-02	-0.004619	0.020325	0.021849	0.013674	-0.25275	3463400.0
2014-05-01	0.003134	0.019909	0.028944	0.018241999999999998	0.170975	4759300.0
2014-04-30	-0.000273	0.017963999999999997	0.020604	0.013934	-0.014874	4372200.0
2014-04-29	-0.0013599999999999999	0.020048	0.021991	0.012	-0.07432899999999999	5475800.0
2014-04-28	0.0061600000000000005	0.023119999999999998	0.027587999999999998	0.015441999999999999	0.334499	6213200.0
2014-04-25	-0.008281	0.019216999999999998	0.021571	0.008417000000000001	-0.45343	3204300.0
2014-04-24	0.0038159999999999995	0.024496	0.027275999999999998	0.019631	0.208134	3678000.0
2014-04-23	-0.002311	0.019216	0.022128000000000002	0.015194999999999998	-0.12637400000000001	4210500.0
2014-04-22	-0.013811000000000002	0.018542	0.019909	0.0052770000000000004	-0.7656470000000001	5662700.0
2014-04-21	0.023747	0.027049	0.04567	0.023549	1.2859909999999999	7684000.0
2014-04-17	-0.010862	0.010908	0.017001	0.001076	-0.594677	10285800.0
2014-04-16	0.008904	0.030947000000000002	0.032063999999999995	0.017953	0.483177	5374500.0
2014-04-15	0.005647999999999999	0.021314	0.026935	0.008107	0.304772	5046200.0
2014-04-14	-0.002885	0.028736	0.028736	0.007301	-0.156101	5905200.0
2014-04-11	-0.017941	0.013443	0.016883000000000002	0.001336	-0.9886520000000001	3608300.0
2014-04-10	-0.020093	0.019775	0.019909	-0.0009880000000000002	-1.129894	3192300.0
2014-04-09	0.021883	0.033273000000000004	0.043055	0.024731	1.204224	4055500.0
2014-04-08	0.002709	0.017837000000000002	0.026955	0.012726000000000001	0.14866600000000002	3102800.0
2014-04-07	-0.020822	0.016528	0.017475	-0.004033	-1.1670530000000001	2979000.0
2014-04-04	-0.005802000000000001	0.028382	0.031475	0.012648000000000001	-0.32706799999999997	3415500.0
2014-04-03	0.005302	0.021532	0.026264	0.015041999999999998	0.297336	2858800.0
2014-04-02	0.002392	0.021536000000000003	0.026143	0.018283	0.133801	3042100.0
2014-04-01	0.003467	0.020997	0.023717	0.014741999999999998	0.193271	3062800.0
2014-03-31	0.015297	0.029022000000000003	0.035511	0.024742	0.839985	2807000.0
2014-03-28	0.005855	0.026019999999999998	0.033519	0.021993000000000002	0.31964499999999996	2665100.0
2014-03-27	0.00109	0.016434	0.025192	0.014209000000000001	0.05946	4468600.0
2014-03-26	-0.01305	0.027868	0.02924	0.0066	-0.721047	3976600.0
2014-03-25	0.00148	0.027327999999999998	0.031588	0.017709	0.081662	2327700.0
2014-03-24	-0.013015	0.024944	0.025215	0.0027	-0.7275050000000001	2211900.0
2014-03-21	0.007358	0.029616000000000003	0.039999	0.025107	0.40829099999999996	5422200.0
2014-03-20	0.005109000000000001	0.020319999999999998	0.029657999999999997	0.01675	0.282085	2088500.0
2014-03-19	-0.011825	0.020738999999999997	0.024131	0.0033689999999999996	-0.660683	2492300.0
2014-03-18	0.005478	0.023601	0.029468	0.022919	0.304371	1861600.0
2014-03-17	0.014365000000000001	0.028479	0.039827999999999995	0.028064	0.786892	3270800.0
2014-03-14	-0.008598999999999999	0.019635	0.024437	0.011401999999999999	-0.475113	3669500.0
2014-03-13	-0.018333000000000002	0.026131	0.0264	0.000942	-1.03186	3284100.0
2014-03-12	-0.007981	0.014066	0.016471	0.008721	-0.45283900000000005	2873900.0
2014-03-11	-0.009332	0.022869999999999998	0.024062	0.010294	-0.534492	2768400.0
2014-03-10	-0.003616	0.020886000000000002	0.020886000000000002	0.01284	-0.20785900000000002	2956100.0
2014-03-07	0.007154000000000001	0.028056	0.030314999999999998	0.021946	0.40829	3720300.0
2014-03-06	0.006546	0.023822	0.030775	0.022084	0.37119	3021600.0
2014-03-05	0.000131	0.022084	0.025561	0.016735	0.007411	3320300.0
2014-03-04	0.010319	0.033036	0.036279	0.029523	0.579033	4219300.0
2014-03-03	-0.011766	0.011268	0.016074	0.0060609999999999995	-0.668113	3629300.0
2014-02-28	-0.00701	0.020884	0.028043000000000002	0.010808	-0.400868	5017400.0
2014-02-27	0.002734	0.015165999999999999	0.025403	0.014766999999999999	0.155895	3374100.0
2014-02-26	0.0	0.021681	0.026333999999999996	0.017692	0.0	3528000.0
2014-02-25	0.003396	0.019681	0.028085000000000002	0.016613	0.192997	3503000.0
2014-02-24	0.005384000000000001	0.024366	0.033888	0.023293	0.304367	3515300.0
2014-02-21	0.000526	0.019671	0.024099000000000002	0.015377000000000002	0.029698000000000002	3529300.0
2014-02-20	0.011026000000000001	0.024131	0.035526	0.018026	0.616154	3138400.0
2014-02-19	-0.008690999999999999	0.018726	0.028678	0.01133	-0.48995600000000006	3429100.0
2014-02-18	-0.006411	0.01754	0.023286	0.013397999999999998	-0.363747	3104100.0
2014-02-14	0.002755	0.020478	0.026373	0.016056	0.155888	2973500.0
2014-02-13	0.008868000000000001	0.012765	0.031689999999999996	0.010873	0.497379	3174900.0
2014-02-12	0.0021219999999999998	0.025481	0.029274	0.020875	0.118778	2762200.0
2014-02-11	0.004263	0.025363	0.032300999999999996	0.022098	0.23755700000000002	3325000.0
2014-02-10	-0.000666	0.023185	0.023185	0.013803999999999999	-0.037125	4141700.0
2014-02-07	0.019129	0.029318	0.043173	0.023221000000000002	1.046719	4158400.0
2014-02-06	0.01683	0.018605	0.038751	0.016350999999999997	0.9056700000000001	3931100.0
2014-02-05	-0.006033	0.016659999999999998	0.021002	0.006718000000000001	-0.326637	3593400.0
2014-02-04	0.005099	0.024941	0.032682	0.017904	0.274673	4525300.0
2014-02-03	-0.0246	0.023204	0.031441000000000004	-0.004666	-1.3585049999999999	5571700.0
2014-01-31	-0.012085	0.007312000000000001	0.017348	0.0027	-0.675541	4247000.0
2014-01-30	0.002263	0.025495	0.028758	0.017475	0.126194	4365000.0
2014-01-29	-0.001064	0.011912	0.028886000000000002	0.011776	-0.059379999999999995	5055700.0
2014-01-28	0.014980000000000002	0.033272	0.055324	0.021833	0.824009	5764500.0
2014-01-27	-0.000405	0.024863999999999997	0.030374	0.014669	-0.022269999999999998	4740600.0
2014-01-24	-0.038646	0.011082999999999999	0.014394999999999998	-0.018319	-2.2122040000000003	5300400.0
2014-01-23	-0.010648999999999999	0.011585	0.013682	0.005033	-0.616161	2405400.0
2014-01-22	-0.000769	0.021936	0.024031	0.009498000000000001	-0.044525	3433000.0
2014-01-21	0.0016690000000000001	0.030856	0.033479	0.018659000000000002	0.096496	6464600.0
2014-01-17	-0.008405	0.022581999999999998	0.022581999999999998	0.009967	-0.489967	3479900.0
2014-01-16	0.004092	0.021282	0.026897000000000004	0.019062	0.23756	3320700.0
2014-01-15	-0.0006389999999999999	0.022195	0.022716999999999998	0.013843000000000001	-0.037108999999999996	3734300.0
2014-01-14	0.027708	0.040862	0.050116	0.03134	1.566352	6122900.0
2014-01-13	-0.019696	0.016549	0.019573	0.000377	-1.135787	3392400.0
2014-01-10	0.002581	0.022862999999999998	0.024577	0.013241	0.148471	2726600.0
2014-01-09	0.012015999999999999	0.028752	0.034754	0.021547999999999998	0.682949	4068500.0
2014-01-08	0.000523	0.019547	0.026619999999999998	0.018078	0.029702	3002700.0
2014-01-07	0.008301000000000001	0.024781	0.030432999999999998	0.021953999999999998	0.467682	2646400.0
2014-01-06	-0.008751	0.026483999999999997	0.029952	0.01181	-0.497384	2579700.0
2014-01-03	0.001439	0.021282	0.028095	0.019678	0.081665	1570600.0
2014-01-02	-0.009715000000000001	0.014138	0.018768	0.00673	-0.556766	2651700.0
2013-12-31	0.004947	0.025137	0.028062	0.021681	0.282104	1390300.0
2013-12-30	-0.0029850000000000002	0.020486	0.022341999999999997	0.015581999999999999	-0.170749	1281200.0
2013-12-27	0.0016899999999999999	0.024600999999999998	0.027522	0.019556	0.09650800000000001	1102100.0
2013-12-26	0.002019	0.024408000000000003	0.025206	0.021215	0.11505499999999999	2522900.0
2013-12-24	0.0006519999999999999	0.01975	0.027205	0.01975	0.037113	1413800.0
2013-12-23	0.002613	0.027219999999999998	0.032025	0.020279	0.148422	2966800.0
2013-12-20	-0.000522	0.018279	0.028283999999999997	0.017612	-0.029682	4522100.0
2013-12-19	-0.003643	0.017361	0.019089	0.009917	-0.207798	3187200.0
2013-12-18	0.028089999999999997	0.021613999999999998	0.052361000000000005	0.019563999999999998	1.558445	4387100.0
2013-12-17	-0.0073030000000000005	0.024191999999999998	0.027312	0.011169	-0.408165	2964500.0
2013-12-16	0.017565	0.024789	0.042733999999999994	0.022994999999999998	0.964741	4607500.0
2013-12-13	-0.003232	0.021889	0.023540000000000002	0.013359000000000001	-0.178108	3557000.0
2013-12-12	0.004328	0.007243	0.030873	0.007104000000000001	0.23746799999999998	5235100.0
2013-12-11	-0.016234000000000002	0.021343	0.024061000000000003	0.001359	-0.905357	4073900.0
2013-12-10	-0.0030510000000000003	0.017006	0.020936	0.010365000000000001	-0.17069600000000001	2409900.0
2013-12-09	0.003461	0.028414	0.03059	0.020253999999999998	0.192951	2675000.0
2013-12-06	0.020097999999999998	0.033268	0.044505	0.030632	1.098324	2418100.0
2013-12-05	-0.000272	0.015788999999999997	0.027023000000000002	0.013015	-0.014846999999999999	2509200.0
2013-12-04	-0.001491	0.016352000000000002	0.028814999999999997	0.009704	-0.081631	2463400.0
2013-12-03	-0.010728	0.017641	0.019969999999999998	0.007503	-0.593692	3117000.0
2013-12-02	-0.003075	0.018746000000000002	0.027897	0.015605	-0.170678	3260100.0
2013-11-29	-0.007431	0.021207	0.024054	0.013073	-0.415596	1771900.0
2013-11-27	-0.000133	0.026358	0.029205000000000002	0.019039	-0.007412	1867500.0
2013-11-26	0.011406	0.028606	0.040396	0.028194	0.630787	4777000.0
2013-11-25	-0.001741	0.026404	0.026404	0.017646000000000002	-0.096458	1837200.0
2013-11-22	0.004305	0.022851	0.027112	0.020377000000000003	0.237461	2557100.0
2013-11-21	0.007318000000000001	0.027291000000000003	0.030060000000000003	0.022999000000000002	0.40074499999999996	2383400.0
2013-11-20	-0.004586	0.021063	0.026851	0.013483000000000002	-0.252315	2920100.0
2013-11-19	-0.005634	0.021203	0.024355	0.014351	-0.311688	2325100.0
2013-11-18	0.0008060000000000001	0.022026	0.028472000000000004	0.020106	0.044529	3720800.0
2013-11-15	0.000672	0.017909	0.025731	0.016262000000000002	0.037110000000000004	4302300.0
2013-11-14	0.009219	0.027569999999999997	0.037958	0.025077000000000002	0.5046229999999999	3841000.0
2013-11-13	-0.001894	0.017329	0.020784999999999998	0.015116999999999998	-0.10388900000000001	3421800.0
2013-11-12	-0.006186	0.019828	0.020927	0.00815	-0.34137399999999996	2996600.0
2013-11-11	-0.0032170000000000002	0.021613999999999998	0.023941999999999998	0.014218999999999999	-0.17810399999999998	2319400.0
2013-11-08	0.038853	0.029439	0.061876	0.029439	2.070488	6154900.0
2013-11-07	-0.016031999999999998	0.022734	0.025814	0.003696	-0.868275	2337500.0
2013-11-06	0.005372999999999999	0.025976999999999997	0.035829	0.023303	0.289425	2276300.0
2013-11-05	-0.002199	0.02035	0.021894999999999998	0.014733000000000001	-0.118736	1810900.0
2013-11-04	0.001652	0.021755	0.024709000000000002	0.013597	0.089058	2529000.0
2013-11-01	0.007490999999999999	0.024307	0.031392	0.020906	0.400737	3013900.0
2013-10-31	0.0006940000000000001	0.025016999999999998	0.02913	0.018352	0.037094	1931900.0
2013-10-30	-0.006893000000000001	0.021613999999999998	0.025557	0.01415	-0.37104699999999996	2058500.0
2013-10-29	0.005266	0.021331	0.027136	0.017366999999999997	0.282005	3016800.0
2013-10-28	0.0006929999999999999	0.022039	0.026148	0.016231	0.037105	2113900.0
2013-10-25	0.000833	0.019204	0.024025	0.013674	0.044532999999999996	2272500.0
2013-10-24	0.0020859999999999997	0.022325	0.026445	0.016215	0.11131300000000001	2628800.0
2013-10-23	-0.004707	0.021473	0.025291	0.013977000000000002	-0.252327	2678800.0
2013-10-22	0.0043100000000000005	0.022892	0.029426	0.020478	0.230053	3027100.0
2013-10-21	-0.0009720000000000001	0.024878	0.025870999999999998	0.018351	-0.051940999999999994	3447300.0
2013-10-18	-0.004287	0.026983	0.026983	0.01229	-0.23004899999999998	5531700.0
2013-10-17	0.045698	0.049093	0.072436	0.039786	2.3450580000000003	7771200.0
2013-10-16	0.001884	0.024723	0.027535000000000004	0.018358000000000003	0.096482	6263100.0
2013-10-15	-0.007620999999999999	0.019411	0.023816999999999998	0.013535	-0.39333	3208300.0
2013-10-14	0.001584	0.014699	0.025586	0.012787	0.08164199999999999	2027500.0
2013-10-11	0.006669	0.020725999999999998	0.029463999999999997	0.01569	0.34137	1896800.0
2013-10-10	0.027405000000000002	0.03333	0.050525	0.031961	1.365475	3561900.0
2013-10-09	-0.002526	0.021159	0.02298	0.014329	-0.12616	3861100.0
2013-10-08	-0.008105	0.021915	0.03155	0.012581	-0.40815	3929900.0
2013-10-07	-0.009632	0.015054	0.018185	0.009835	-0.489792	2262200.0
2013-10-04	0.007795000000000001	0.021915	0.034987	0.01906	0.393315	2593000.0
2013-10-03	-0.016491	0.017181000000000002	0.019397	-0.0026219999999999998	-0.846009	3360000.0
2013-10-02	-0.004894	0.017055	0.017055	0.0055850000000000006	-0.252311	3105700.0
2013-10-01	0.002164	0.023530000000000002	0.026330000000000003	0.018519	0.11131300000000001	3222000.0
2013-09-30	-0.007872	0.013719	0.020444999999999998	0.010356	-0.408154	3525500.0
2013-09-27	0.001433	0.019711000000000003	0.025713999999999997	0.016636	0.074211	3134200.0
2013-09-26	0.003019	0.022494999999999998	0.030132	0.018677000000000003	0.155834	2266100.0
2013-09-25	0.009359000000000001	0.025098	0.034289	0.020058000000000003	0.47866499999999995	3432800.0
2013-09-24	-0.008771	0.022572	0.023454	0.012286	-0.45253000000000004	3114500.0
2013-09-23	-0.00028700000000000004	0.017872	0.024628999999999998	0.017137	-0.014832	2846600.0
2013-09-20	-0.010103000000000001	0.022566	0.028383	0.01166	-0.52671	6759000.0
2013-09-19	-0.002979	0.026188999999999997	0.028508999999999996	0.01807	-0.155789	5248300.0
2013-09-18	0.006569	0.021547	0.029574	0.016877	0.34125900000000003	3559400.0
2013-09-17	-0.001141	0.023150999999999998	0.027669	0.018195	-0.059364	3432000.0
2013-09-16	0.005017	0.031507	0.034877	0.023596000000000002	0.25965900000000003	3707700.0
2013-09-13	0.004464	0.024486	0.026841000000000004	0.01551	0.229965	3255000.0
2013-09-12	0.00202	0.022132	0.025523	0.018151	0.10385499999999999	3295300.0
2013-09-11	0.012416	0.023030000000000002	0.034674	0.021089	0.63057	2753000.0
2013-09-10	0.011973000000000001	0.029991000000000004	0.041473	0.028179000000000003	0.600895	3072000.0
2013-09-09	0.01227	0.02489	0.036054	0.02489	0.608306	1805500.0
2013-09-06	-0.005802000000000001	0.023505	0.027610000000000003	0.00967	-0.28931799999999996	2599400.0
2013-09-05	0.003134	0.020916999999999998	0.028238	0.016799	0.155781	1826600.0
2013-09-04	0.017307	0.019191999999999997	0.041689	0.019191999999999997	0.8457030000000001	2787500.0
2013-09-03	0.005342	0.0315	0.038831	0.023389	0.259644	2234100.0
2013-08-30	-0.001372	0.02401	0.025256	0.016377000000000003	-0.06676499999999999	2021400.0
2013-08-29	0.004901	0.018854	0.036385	0.014002	0.23738499999999998	1700900.0
2013-08-28	-0.0016820000000000001	0.020266	0.026829000000000002	0.016672	-0.081604	2076700.0
2013-08-27	-0.018607	0.008489	0.011096	0.0008210000000000001	-0.9198799999999999	3179900.0
2013-08-26	-0.010395	0.020315	0.024261	0.011058	-0.5192829999999999	2126300.0
2013-08-23	0.000743	0.02244	0.025782	0.016821	0.037082	2350300.0
2013-08-22	0.016773	0.025382	0.042987	0.023219999999999998	0.823448	2210500.0
2013-08-21	-0.002111	0.020752	0.027377999999999996	0.017824	-0.10385499999999999	2554700.0
2013-08-20	-0.008076	0.022596	0.022596	0.012202	-0.400589	3152900.0
2013-08-19	0.001948	0.018462	0.030407999999999998	0.01785	0.096432	2575200.0
2013-08-16	0.0033079999999999997	0.021985	0.026902	0.018911	0.1632	2872300.0
2013-08-15	-0.0024	0.018459	0.028423	0.009875	-0.11869	3190900.0
2013-08-14	-0.014195	0.018509	0.019265	0.005664	-0.71217	2287600.0
2013-08-13	0.016687	0.022137999999999998	0.040421	0.021216	0.8234450000000001	2321900.0
2013-08-12	-0.007016	0.015119999999999998	0.020307	0.011916	-0.348664	2785700.0
2013-08-09	-0.0050490000000000005	0.021074000000000002	0.023048	0.015762	-0.252212	2054000.0
2013-08-08	-0.0023710000000000003	0.026679	0.029404000000000003	0.018047	-0.11871400000000001	2692300.0
2013-08-07	0.006562	0.021223	0.029758	0.018174	0.326416	3086300.0
2013-08-06	-0.0010429999999999999	0.021985	0.022746000000000002	0.016808	-0.051921	2652100.0
2013-08-05	-0.0016359999999999999	0.020009	0.022441	0.016816	-0.081604	2100900.0
2013-08-02	-0.006062	0.021834	0.021834	0.011862000000000001	-0.304161	2737100.0
2013-08-01	0.004455	0.029269	0.034885	0.026538	0.222557	3677500.0
2013-07-31	0.002531	0.022441	0.034309	0.021985	0.126113	3128400.0
2013-07-30	-0.000298	0.026091000000000003	0.032175999999999996	0.021224	-0.014843	2780800.0
2013-07-29	0.007044	0.018155	0.02995	0.014325999999999998	0.348671	2829700.0
2013-07-26	-0.008324	0.014542	0.017731999999999998	0.010592	-0.41543500000000005	3133200.0
2013-07-25	-0.005175	0.014731000000000001	0.018962	0.009895000000000001	-0.259648	4091600.0
2013-07-24	-0.0039770000000000005	0.02349	0.025446	0.014308000000000001	-0.200302	3523500.0
2013-07-23	-0.00396	0.023184	0.025433	0.017037	-0.200287	3260900.0
2013-07-22	-0.00757	0.022877	0.024811	0.009487	-0.385765	3661600.0
2013-07-19	0.013875	0.025756	0.041142000000000005	0.020778	0.697338	3879100.0
2013-07-18	-0.009648	0.01586	0.026018	-0.0016190000000000002	-0.48962	7251900.0
2013-07-17	0.004995	0.025138	0.030392000000000002	0.023036	0.252236	4244500.0
2013-07-16	-0.004825	0.021985	0.027812	0.008986	-0.24481999999999998	3325900.0
2013-07-15	0.0030800000000000003	0.026781	0.028579000000000004	0.021086	0.155796	4609600.0
2013-07-12	-0.002341	0.021536000000000003	0.023181	0.010920000000000001	-0.118702	4009200.0
2013-07-11	0.008112000000000001	0.033742	0.040073000000000004	0.021985	0.408016	5616300.0
2013-07-10	0.017712000000000002	0.021678	0.042234	0.021678	0.875374	6201100.0
2013-07-09	0.03383	0.036258	0.057351	0.036258	1.61721	6204400.0
2013-07-08	-0.002477	0.027522	0.029262	0.017397	-0.11869400000000001	3678600.0
2013-07-05	0.015244	0.030657999999999998	0.037885	0.028249	0.719589	2308900.0
2013-07-03	-0.000785	0.016047	0.025675999999999997	0.013638999999999998	-0.037094	1449700.0
2013-07-02	-0.015765	0.020247	0.02309	0.002398	-0.756679	4284900.0
2013-07-01	0.022116999999999998	0.029089	0.051852999999999996	0.026827999999999998	1.038578	4959300.0
2013-06-28	-0.005343	0.018612	0.023269	0.012188	-0.252239	5570700.0
2013-06-27	0.0045780000000000005	0.02876	0.030857	0.01779	0.21514499999999998	3338100.0
2013-06-26	0.017262	0.030927999999999997	0.044713	0.029123000000000003	0.79747	4347600.0
2013-06-25	0.01038	0.029193	0.035328	0.020903	0.47459399999999996	4103000.0
2013-06-24	-0.007245000000000001	0.014658000000000001	0.025358000000000002	0.007909000000000001	-0.33369099999999996	4102800.0
2013-06-21	-0.002409	0.027814	0.032576	0.012706	-0.111233	7884100.0
2013-06-20	-0.022299	0.011317	0.01517	-0.002972	-1.0529899999999999	4312200.0
2013-06-19	-0.010565999999999999	0.022394999999999998	0.029385	0.011275	-0.504253	4613400.0
2013-06-18	0.015623	0.021588	0.042239	0.017716	0.7341310000000001	3908900.0
2013-06-17	0.013596	0.030244	0.041527999999999995	0.029754000000000003	0.630306	4052700.0
2013-06-14	0.00064	0.021412999999999998	0.028122	0.016503999999999998	0.029658999999999998	2794300.0
2013-06-13	0.01759	0.022728	0.043709	0.018565	0.800873	2964900.0
2013-06-12	-0.013021000000000001	0.026010000000000002	0.026010000000000002	0.008425	-0.600658	3492100.0
2013-06-11	-0.001284	0.012054	0.025513	0.010085	-0.059315	3021400.0
2013-06-10	0.0030600000000000002	0.02437	0.030956	0.020255000000000002	0.14089200000000002	3284700.0
2013-06-07	0.027635000000000003	0.031193000000000002	0.051833000000000004	0.023916999999999997	1.238377	4465600.0
2013-06-06	-0.000165	0.02341	0.025101	0.009031	-0.007416	6119600.0
2013-06-05	-0.021848	0.020575	0.022229	-0.0030859999999999998	-1.001083	4562900.0
2013-06-04	-0.009299	0.0201	0.028952	0.00715	-0.430088	3902700.0
2013-06-03	0.008897	0.023056	0.032318	0.021568	0.40784000000000004	4153200.0
2013-05-31	-0.010879999999999999	0.017651	0.026320999999999997	0.011271	-0.5042449999999999	3558000.0
2013-05-30	0.004661	0.025845999999999997	0.033735	0.020423	0.215038	2767600.0
2013-05-29	-0.006071	0.014391	0.020597999999999998	0.011124	-0.281777	2774700.0
2013-05-28	0.007890000000000001	0.032602	0.04067	0.028486	0.363354	2612600.0
2013-05-24	-0.004647999999999999	0.016004	0.022394999999999998	0.011251	-0.21505	3017200.0
2013-05-23	-0.005895	0.015064	0.021581	0.012946000000000001	-0.27436	3723100.0
2013-05-22	-0.016916999999999998	0.022234999999999998	0.025598	0.000615	-0.800873	3720800.0
2013-05-21	-0.00359	0.021278000000000002	0.027500999999999998	0.017447999999999998	-0.17055499999999998	3101700.0
2013-05-20	0.012963999999999998	0.021263	0.035973000000000005	0.019969999999999998	0.608066	4717700.0
2013-05-17	0.015738	0.030275999999999997	0.039963	0.030112	0.726712	5061100.0
2013-05-16	0.0033840000000000003	0.017453	0.035410000000000004	0.017123	0.155723	6151900.0
2013-05-15	0.0033950000000000004	0.020742	0.027188999999999998	0.017932	0.15572	5213400.0
2013-05-14	0.004059	0.023888999999999997	0.030362	0.022727	0.185394	5114800.0
2013-05-13	-0.004847	0.018761	0.023386	0.016944	-0.222469	3036400.0
2013-05-10	0.002591	0.022064	0.025872000000000003	0.018917	0.118645	1927400.0
2013-05-09	0.001622	0.021897	0.030357	0.019244	0.074161	2648800.0
2013-05-08	0.0017879999999999999	0.021896000000000002	0.025552000000000002	0.019403999999999998	0.081562	2740400.0
2013-05-07	0.003588	0.025730000000000003	0.030066000000000002	0.020894	0.16314	2331000.0
2013-05-06	0.008388	0.022227	0.033325	0.018022999999999997	0.378185	2742300.0
2013-05-03	0.0056240000000000005	0.033048	0.036430000000000004	0.024931000000000002	0.252125	4975200.0
2013-05-02	0.005321	0.025625	0.031065	0.021715	0.237304	3288700.0
2013-05-01	-0.013128	0.017865	0.029776999999999998	0.008302	-0.593242	3782600.0
2013-04-30	0.011788	0.023413	0.044462	0.019849000000000002	0.526504	6733400.0
2013-04-29	0.004838	0.023418	0.030412	0.021371	0.215042	2774200.0
2013-04-26	-0.008273	0.02138	0.027638999999999997	0.013768	-0.370773	3467200.0
2013-04-25	0.008006000000000001	0.02393	0.038764	0.020178	0.35594899999999996	3455700.0
2013-04-24	0.014722999999999998	0.025336	0.042811	0.021357	0.645131	5005200.0
2013-04-23	0.001695	0.028633999999999996	0.031581	0.013729	0.074161	5807500.0
2013-04-22	-0.001861	0.022741	0.027931	0.012015000000000001	-0.08157	3144200.0
2013-04-19	0.018088	0.027855	0.041944999999999996	0.023804	0.778618	4657500.0
2013-04-18	-0.028288999999999998	-0.008068	0.0022	-0.014058000000000001	-1.253208	11990700.0
2013-04-17	-0.020013	0.017363999999999997	0.018369999999999997	-0.00075	-0.904674	4499300.0
2013-04-16	0.017526	0.028027	0.040655000000000004	0.025126	0.778625	2932600.0
2013-04-15	-0.026802999999999997	0.017745	0.022727	-0.005009	-1.22356	3803700.0
2013-04-12	-0.006135	0.019754	0.023055000000000003	0.00952	-0.28178800000000004	2218800.0
2013-04-11	0.00259	0.021897999999999997	0.028022000000000002	0.018588999999999998	0.118648	3124500.0
2013-04-10	0.020482	0.025772000000000003	0.044349	0.021213	0.9195180000000001	3106700.0
2013-04-09	-0.003785	0.023236	0.023740999999999998	0.012637	-0.170548	3419500.0
2013-04-08	0.003633	0.022057	0.028305	0.019693000000000002	0.163128	2254500.0
2013-04-05	-0.0032920000000000002	0.010109	0.019702	0.00607	-0.148304	3558500.0
2013-04-04	-0.005566	0.023734	0.028755000000000003	0.014528999999999999	-0.252128	4319300.0
2013-04-03	-0.010528000000000001	0.024051	0.025044	0.007657	-0.48200600000000005	4653100.0
2013-04-02	-0.0008089999999999999	0.025869999999999997	0.026697000000000002	0.018588999999999998	-0.037075	3415900.0
2013-04-01	-0.005792	0.017624	0.021572	0.011867	-0.266949	2886400.0
2013-03-28	0.005013	0.022394999999999998	0.028843	0.018262	0.22987399999999997	3358800.0
2013-03-27	0.0	0.016278	0.022890999999999998	0.013302000000000001	0.0	2460500.0
2013-03-26	0.013521	0.029181	0.036554	0.026668	0.6117739999999999	2362300.0
2013-03-25	-0.010216	0.02497	0.028452999999999996	0.007058	-0.466991	3768300.0
2013-03-22	0.007844	0.024318	0.032676	0.021476	0.35579299999999997	3058800.0
2013-03-21	-0.001957	0.01881	0.02932	0.017475	-0.088936	3014900.0
2013-03-20	0.000489	0.025985	0.031493	0.019642	0.022228	3815800.0
2013-03-19	-0.008575	0.026289	0.029929	0.008748	-0.392857	4587400.0
2013-03-18	-0.013408000000000002	0.011712	0.015466999999999998	0.006814	-0.622634	3289700.0
2013-03-15	0.000799	0.016768	0.027714999999999997	0.015461	0.037058999999999995	5560600.0
2013-03-14	0.0077269999999999995	0.024954	0.030717	0.02446	0.35578899999999997	2374800.0
2013-03-13	-0.000643	0.022649000000000002	0.023966	0.017218999999999998	-0.029639999999999996	2602500.0
2013-03-12	-0.0016059999999999998	0.023471000000000002	0.026264	0.016242	-0.074127	3738500.0
2013-03-11	0.005166	0.022979	0.028758	0.022813999999999997	0.237198	2295800.0
2013-03-08	0.008466	0.029642	0.033638	0.024812	0.385452	2950700.0
2013-03-07	-0.005666	0.024966	0.026622000000000003	0.016853	-0.259441	2703400.0
2013-03-06	-0.007232	0.024458	0.026758999999999998	0.013772	-0.333561	3081100.0
2013-03-05	0.009082	0.025633999999999997	0.035587	0.023809	0.4151	2674500.0
2013-03-04	0.001462	0.021983000000000003	0.024641	0.011517	0.066704	2662600.0
2013-03-01	-0.000487	0.017002	0.02547	0.012020999999999999	-0.022236000000000002	3094100.0
2013-02-28	0.005879	0.025486	0.035339999999999996	0.020977000000000003	0.266853	3385000.0
2013-02-27	0.015588	0.023662	0.042998	0.021626	0.696751	3032200.0
2013-02-26	0.006846	0.027083	0.034085000000000004	0.026742000000000002	0.303917	2807600.0
2013-02-25	-0.025544999999999998	0.023646	0.026808	-0.003481	-1.163746	4239700.0
2013-02-22	0.007706	0.024825999999999997	0.030695999999999998	0.023149	0.348377	2843300.0
2013-02-21	0.000328	0.018452	0.026672	0.016439	0.014836000000000002	3605300.0
2013-02-20	-0.013431	0.023972	0.026124	0.007753	-0.615242	5159400.0
2013-02-19	0.001946	0.023974000000000002	0.030442	0.020658000000000003	0.08895399999999999	2633700.0
2013-02-15	0.008502	0.023148	0.035189	0.017462000000000002	0.385449	4830800.0
2013-02-14	0.002294	0.018791	0.028513	0.014433000000000001	0.10376700000000001	3678900.0
2013-02-13	0.00082	0.026672	0.028518	0.016104	0.037072	3152000.0
2013-02-12	0.004779	0.025679	0.031073000000000003	0.022813999999999997	0.21495	3020600.0
2013-02-11	-0.0021379999999999997	0.022309	0.02315	0.014740000000000001	-0.096363	2463800.0
2013-02-08	0.010637	0.022474	0.033693	0.021454	0.4744	2021200.0
2013-02-07	-0.004303	0.025353	0.026199	0.013165999999999999	-0.192723	3251300.0
2013-02-06	-0.00412	0.009835	0.020285	0.009835	-0.185314	3009400.0
2013-02-05	0.012008	0.029296	0.037483999999999996	0.027589999999999996	0.5336989999999999	3030900.0
2013-02-04	-0.008434	0.018078	0.020953	0.013003	-0.37804	3224200.0
2013-02-01	0.009009999999999999	0.029299000000000002	0.033224000000000004	0.02452	0.40026100000000003	5212500.0
2013-01-31	-0.001166	0.019916	0.026905000000000002	0.016506	-0.051869000000000005	4551000.0
2013-01-30	-0.016394	0.019962999999999998	0.021137	0.0035310000000000003	-0.7412449999999999	4623600.0
2013-01-29	0.004777	0.007988	0.035955	0.002428	0.214954	5531000.0
2013-01-28	0.0028079999999999997	0.027712999999999998	0.03785	0.018928	0.126023	4708900.0
2013-01-25	0.000661	0.029407	0.031436	0.022137	0.029644	4294500.0
2013-01-24	0.000662	0.02366	0.034318	0.021968	0.029655	3800300.0
2013-01-23	0.000993	0.020612000000000002	0.024507	0.012991999999999998	0.044468	3929100.0
2013-01-22	-0.001818	0.020616	0.026869999999999998	0.017574	-0.081539	5477100.0
2013-01-18	-0.0032939999999999996	0.027868	0.027868	0.005629	-0.148251	4922600.0
2013-01-17	0.010654	0.028262	0.038479	0.021962	0.474404	3639700.0
2013-01-16	0.001333	0.019744	0.026735000000000002	0.015652000000000003	0.05927999999999999	3109400.0
2013-01-15	0.006712999999999999	0.020068	0.030366000000000004	0.016463	0.29651700000000003	3434000.0
2013-01-14	-0.0031780000000000003	0.022472	0.025722000000000002	0.018022999999999997	-0.14083900000000002	3200100.0
2013-01-11	-0.0035009999999999998	0.021449	0.024007	0.014969999999999999	-0.155678	4016600.0
2013-01-10	0.0031780000000000003	0.02555	0.026064	0.013578	0.140854	3830900.0
2013-01-09	0.036754	0.063953	0.07281900000000001	0.05225	1.5714190000000001	9661100.0
2013-01-08	-0.007058	0.019292	0.02792	0.013306	-0.303898	3636400.0
2013-01-07	0.0	0.052922000000000004	0.054154999999999995	0.017884	0.0	5890700.0
2013-01-04	0.001034	0.02299	0.030922	0.017702000000000002	0.044472000000000005	4717000.0
2013-01-03	0.009569	0.020679	0.039007	0.020679	0.407688	6700100.0
2013-01-02	0.028263999999999997	0.042207999999999996	0.051723000000000005	0.027754	1.171139	5128500.0
2012-12-31	0.015994	0.019281	0.040102	0.014447999999999999	0.6522939999999999	3194000.0
2012-12-28	-0.013625	0.014562	0.019697	0.007411	-0.5633279999999999	2205700.0
2012-12-27	0.002156	0.021159999999999998	0.028877999999999997	0.013626	0.088951	2416600.0
2012-12-26	-0.005005	0.022997	0.027201999999999997	0.015316999999999999	-0.207546	2038700.0
2012-12-24	-0.002141	0.021536000000000003	0.025368	0.01661	-0.088963	840700.0
2012-12-21	-0.007788	0.008874	0.017925999999999997	0.005254	-0.32614099999999996	4584500.0
2012-12-20	0.014909	0.025386000000000002	0.039533	0.024467	0.6152340000000001	4231600.0
2012-12-19	-0.011717	0.022269	0.023903	0.010648000000000001	-0.48921899999999996	4540100.0
2012-12-18	0.016787	0.021706	0.041461000000000005	0.020045	0.689357	4215600.0
2012-12-17	0.016141	0.027316000000000003	0.039698000000000004	0.026003	0.6522789999999999	4409500.0
2012-12-14	-0.006741	0.020763999999999998	0.024304	0.015359999999999999	-0.27425700000000003	3179800.0
2012-12-13	0.004024	0.02113	0.032917	0.016453	0.163078	5363100.0
2012-12-12	0.021773	0.029217	0.055024	0.022909	0.863533	6299800.0
2012-12-11	0.002247	0.026549	0.034595	0.022908	0.088913	4086200.0
2012-12-10	-0.0016820000000000001	0.023674	0.024822	0.018318	-0.06668500000000001	3435000.0
2012-12-07	0.008103	0.030425999999999998	0.034475	0.020784999999999998	0.318592	2495100.0
2012-12-06	-0.005248	0.019072	0.024059	0.014468	-0.207454	3622600.0
2012-12-05	0.0018780000000000001	0.026751	0.034437	0.015028	0.07409299999999999	3971700.0
2012-12-04	-0.003182	0.024249	0.027123	0.016587	-0.125958	3799200.0
2012-12-03	-0.010191	0.031445	0.032582	0.011915	-0.407486	5047600.0
2012-11-30	0.006152	0.023482	0.031494	0.019285	0.244484	4639900.0
2012-11-29	0.015909	0.029493000000000002	0.042091	0.027168	0.622364	5026800.0
2012-11-28	0.0113	0.024663	0.037403	0.020155000000000003	0.437115	6614500.0
2012-11-27	-0.00911	0.02368	0.025234	0.012222	-0.355614	5982000.0
2012-11-26	-0.014956	0.014683000000000002	0.016787	0.005883	-0.59272	4011000.0
2012-11-23	0.008484	0.025221	0.032166	0.023291	0.333397	1360400.0
2012-11-21	0.007599	0.024069	0.038843	0.020765000000000002	0.29636399999999996	3322800.0
2012-11-20	-0.004915	0.017294999999999998	0.018262	0.009751000000000001	-0.192642	3859200.0
2012-11-19	0.017504	0.031952	0.041203	0.030376999999999998	0.6742279999999999	3800900.0
2012-11-16	0.007949	0.025870999999999998	0.034997	0.020911000000000003	0.303761	5989800.0
2012-11-15	0.003307	0.023091999999999998	0.029263	0.0215	0.125946	5115700.0
2012-11-14	-0.013433	0.026826	0.029968	0.008171	-0.5186270000000001	6261500.0
2012-11-13	0.000768	0.017199000000000002	0.032725	0.015824	0.029639999999999996	3948600.0
2012-11-12	0.0009609999999999999	0.024079	0.03057	0.020734	0.037048000000000005	2390500.0
2012-11-09	0.002892	0.020135	0.035128	0.018754	0.111134	3751200.0
2012-11-08	-0.001924	0.023882	0.029199	0.020929	-0.07409299999999999	5119300.0
2012-11-07	-0.015719999999999998	0.012245	0.014183000000000001	0.004493	-0.614937	5115800.0
2012-11-06	0.011493999999999999	0.026232	0.04113	0.024664	0.44452700000000006	4262000.0
2012-11-05	0.0048119999999999994	0.022701	0.032549	0.020337	0.185226	7335400.0
2012-11-02	-0.006692	0.031508999999999995	0.037379	0.015465000000000001	-0.259312	7981700.0
2012-11-01	0.011019	0.028633	0.036941	0.027445999999999998	0.422314	8585500.0
2012-10-31	-0.000773	0.038512	0.056499	0.021117	-0.029636000000000003	6311200.0
2012-10-26	-0.009187	0.02525	0.025838	0.010562	-0.355633	6194100.0
2012-10-25	0.0	-0.007065000000000001	0.028775	-0.008435	0.0	16615100.0
2012-10-24	-0.002672	0.029737	0.041261	0.018409000000000002	-0.10372200000000001	4661000.0
2012-10-23	-0.008140999999999999	0.010505	0.019029	-0.002281	-0.318592	6504700.0
2012-10-22	-0.009748999999999999	0.022908	0.0325	0.003148	-0.385261	9706200.0
2012-10-19	-0.002058	0.017740000000000002	0.029227	0.012188	-0.08148999999999999	9262600.0
2012-10-18	-0.047237	-0.025958	-0.015013999999999998	-0.041462	-1.963383	18249500.0
2012-10-17	-0.008834	0.029077	0.030342	0.011178	-0.37044099999999996	6207700.0
2012-10-16	0.005507	0.027291000000000003	0.035835000000000006	0.026563999999999997	0.229687	3584200.0
2012-10-15	0.006436	0.025487	0.032073000000000004	0.022194	0.266712	3708600.0
2012-10-12	0.0	0.026402	0.03372	0.018352	0.0	4000300.0
2012-10-11	0.010844	0.02847	0.045485000000000005	0.025325999999999998	0.444538	3776200.0
2012-10-10	-0.0018039999999999998	0.02163	0.030861000000000003	0.019784	-0.074081	3678400.0
2012-10-09	-0.024635	0.022931	0.022931	-0.004078	-1.037258	5343400.0
2012-10-08	0.006553	0.022566	0.033622000000000006	0.018579	0.274124	2590900.0
2012-10-05	-0.001591	0.027815	0.032158	0.017682	-0.066674	2450300.0
2012-10-04	0.0019489999999999998	0.027462	0.030906	0.018396	0.081501	2633600.0
2012-10-03	0.010383	0.028238	0.038495999999999996	0.024207	0.42971099999999995	3111900.0
2012-10-02	-0.006933	0.026930000000000003	0.028931000000000002	0.010012	-0.288941	3322400.0
2012-10-01	0.019946000000000002	0.023292	0.060400999999999996	0.023292	0.814988	6474500.0
2012-09-28	-0.005411	0.01794	0.021815	0.008528	-0.222279	5589100.0
2012-09-27	0.007631999999999999	0.024221	0.036494	0.018085	0.311172	4923800.0
2012-09-26	0.009077	0.020383000000000002	0.039335	0.016818	0.366745	7151300.0
2012-09-25	-0.003288	0.023761	0.027127	0.017963	-0.133297	5549600.0
2012-09-24	-0.002914	0.01798	0.023201	0.013132	-0.11848399999999999	2317600.0
2012-09-21	-0.0021809999999999998	0.032506	0.033622000000000006	0.017434	-0.088867	6221100.0
2012-09-20	-0.009184000000000001	0.015280000000000002	0.017124	0.006615	-0.377682	3868800.0
2012-09-19	-0.002336	0.025416	0.032037	0.012541	-0.09627899999999999	5393700.0
2012-09-18	0.014952000000000002	0.020214	0.041868999999999996	0.020214	0.60725	4613400.0
2012-09-17	0.0014609999999999998	0.022265	0.028620999999999997	0.019835	0.05925	4172500.0
2012-09-14	-0.011731	0.026163	0.033553	0.006763	-0.481361	6374300.0
2012-09-13	0.011316	0.019089	0.040017000000000004	0.015352000000000001	0.45914799999999995	3308300.0
2012-09-12	0.004584	0.029016000000000004	0.033333999999999996	0.022259	0.185135	2641600.0
2012-09-11	0.008319	0.026220999999999998	0.033413	0.024707	0.33324000000000004	2692800.0
2012-09-10	-0.017616999999999997	0.017253	0.0206	0.004609	-0.718338	3737200.0
2012-09-07	0.010832	0.023572	0.036164999999999996	0.014738999999999999	0.436928	3327000.0
2012-09-06	0.030848	0.032673	0.055923	0.032285	1.207108	2841700.0
2012-09-05	-0.0009449999999999999	0.026277	0.033632	0.020663	-0.03703	2661800.0
