2017-09-01	0.002964	0.004447	0.007115	0.001581	0.300003	7825300.000000
2016-09-01	-0.002117	0.018105	0.01961	0.009292	-0.196999	6274200.0
2016-08-31	-0.004217	0.013384	0.015631	0.007712	-0.394012	7375200.0
2016-08-30	-0.000105	0.014133000000000001	0.019698	0.014133000000000001	-0.009857	6845000.0
2016-08-29	-0.003571	0.013711000000000001	0.016375999999999998	0.007206000000000001	-0.3349	7903000.0
2016-08-26	-0.003558	0.016372	0.021366	0.006703	-0.334915	6019600.0
2016-08-25	-0.0028179999999999998	0.013084	0.015203	0.010859	-0.265953	4518700.0
2016-08-24	-0.0015630000000000002	0.015625999999999998	0.017848	0.010337	-0.147751	5912500.0
2016-08-23	0.0010429999999999999	0.017956	0.021133000000000002	0.014462000000000001	0.098495	4996300.0
2016-08-22	-0.0053950000000000005	0.016046	0.016046	0.007409000000000001	-0.512207	5495300.0
2016-08-19	-0.0026899999999999997	0.012577	0.016674	0.008901000000000001	-0.25611100000000003	6362400.0
2016-08-18	-0.002271	0.015203	0.017823	0.01185	-0.216705	5250700.0
2016-08-17	-0.000103	0.014784	0.016146	0.011431	-0.009842	5697300.0
2016-08-16	-0.0022660000000000002	0.012694	0.016772	0.006525	-0.21671300000000002	5777800.0
2016-08-15	0.0026850000000000003	0.02055	0.023275	0.016041999999999997	0.25611100000000003	5299600.0
2016-08-12	-0.009512	0.015722	0.015722	0.0036780000000000003	-0.916069	9360300.0
2016-08-11	-0.0009199999999999999	0.01873	0.020701	0.007838	-0.088661	9233900.0
2016-08-10	0.01231	0.015518	0.042508	0.006592	1.17218	27181300.0
2016-08-09	0.009608	0.013719	0.026866	0.010431999999999999	0.906227	15548700.0
2016-08-08	-0.0008349999999999999	0.018169	0.020076	0.012555	-0.078811	7792000.0
2016-08-05	0.0070409999999999995	0.017764	0.024165	0.017230000000000002	0.6599729999999999	6528500.0
2016-08-04	-0.009678	0.009287	0.014041	0.0006230000000000001	-0.916069	10038300.0
2016-08-03	0.011367	0.015737	0.030376	0.015096	1.06382	9068700.0
2016-08-02	-0.005547	0.013184	0.017435	0.00479	-0.522057	7644100.0
2016-08-01	-0.004273	0.017319	0.017848	0.005998	-0.403854	7131600.0
2016-07-29	0.000417	0.014568000000000001	0.020178	0.014568000000000001	0.039389999999999994	8264000.0
2016-07-28	-0.00436	0.015941	0.016888999999999998	0.009829000000000001	-0.413704	7713500.0
2016-07-27	-0.0037229999999999997	0.015308	0.017723	0.006489	-0.354622	6911400.0
2016-07-26	-0.007187000000000001	0.011346	0.012806	0.004258	-0.6895060000000001	6274800.0
2016-07-25	-0.003275	0.017177	0.01884	0.010424	-0.315209	4825500.0
2016-07-22	-0.003061	0.019139	0.01945	0.009609999999999999	-0.295509	5381700.0
2016-07-21	-0.0021379999999999997	0.014686000000000001	0.024609	0.009002	-0.20685599999999998	6726600.0
2016-07-20	-0.012567	0.006834000000000001	0.007242	-0.008577	-1.231285	10664900.0
2016-07-19	-0.006790000000000001	0.011757	0.013581000000000001	0.007195	-0.6698069999999999	5742700.0
2016-07-18	0.003507	0.01622	0.02446	0.015915000000000002	0.34474899999999997	5051300.0
2016-07-15	-0.0017	0.019773	0.020992	0.010837000000000001	-0.16745	5764400.0
2016-07-14	0.000901	0.020692	0.024554	0.01317	0.088654	7461500.0
2016-07-13	-0.0031940000000000002	0.017838	0.021282	0.011656999999999999	-0.315201	5494700.0
2016-07-12	0.0022	0.017234	0.023428	0.015406	0.21669000000000002	8508500.0
2016-07-11	0.003614	0.017038	0.022642	0.012961000000000002	0.354614	5428000.0
2016-07-08	0.012296	0.023869	0.030057999999999998	0.018917	1.1918799999999998	6045800.0
2016-07-07	0.006855	0.014061	0.02289	0.013541	0.6599729999999999	5146000.0
2016-07-06	0.008089	0.015667	0.031583	0.013153999999999999	0.77256	6223300.0
2016-07-05	-0.003774	0.019865999999999998	0.022265	0.013607	-0.36183899999999997	5846400.0
2016-07-01	0.002147	0.021846	0.03115	0.021428	0.205368	5681600.0
2016-06-30	0.008662000000000001	0.023843	0.034071	0.021523	0.821449	7189500.0
2016-06-29	0.009682	0.031734	0.035779000000000005	0.025027	0.9094690000000001	6563600.0
2016-06-28	0.017694	0.034279000000000004	0.043164	0.030812	1.633133	7143100.0
2016-06-27	-0.013999000000000001	0.013925	0.017343	0.004203	-1.310417	9438400.0
2016-06-24	-0.033326999999999996	-0.008506	0.004609	-0.017491	-3.2271419999999997	15079900.0
2016-06-23	0.002328	0.029306	0.031169	0.020715	0.22492199999999998	5826100.0
2016-06-22	-0.000304	0.025268000000000002	0.030856	0.021336	-0.029335000000000003	4948900.0
2016-06-21	-0.007532	0.024221	0.024837	0.014362	-0.733437	5202500.0
2016-06-20	0.005757	0.033733	0.042823	0.027742000000000003	0.557404	8268600.0
2016-06-17	0.006302	0.02289	0.030476999999999997	0.021434	0.606316	8959400.0
2016-06-16	0.001119	0.017687	0.026324	0.007906	0.107574	7129700.0
2016-06-15	-0.0013210000000000001	0.020396	0.028813	0.020396	-0.127136	6663200.0
2016-06-14	0.008506999999999999	0.0187	0.032849	0.018491	0.811684	6125700.0
2016-06-13	0.002363	0.016380000000000002	0.039806	0.015854	0.22491399999999998	8766300.0
2016-06-10	-0.00511	0.015366	0.021219	0.011498999999999999	-0.48895299999999997	7204400.0
2016-06-09	-0.0020399999999999997	0.020283000000000002	0.021431	0.012773	-0.19558699999999998	5379400.0
2016-06-08	-0.003152	0.024034	0.027464999999999996	0.015819999999999997	-0.303154	5466200.0
2016-06-07	-0.004353	0.024855000000000002	0.025269	0.017816	-0.420509	5608400.0
2016-06-06	0.000304	0.024753	0.026409	0.019678	0.029343	4986600.0
2016-06-03	0.000304	0.021956	0.02465	0.012323	0.029335000000000003	6845600.0
2016-06-02	0.00203	0.017907	0.024654	0.015831	0.19559400000000002	4830100.0
2016-06-01	-0.007055	0.016909	0.020207	0.007222	-0.684562	7243900.0
2016-05-31	-0.010669	0.018092	0.018499	0.00504	-1.0463719999999999	10396200.0
2016-05-27	0.004809000000000001	0.022578	0.029954	0.022578	0.46940600000000005	4473200.0
2016-05-26	-0.0005009999999999999	0.022885	0.029029000000000003	0.019608	-0.048904	3852600.0
2016-05-25	0.003517	0.026791000000000002	0.035834	0.025661	0.342278	5667300.0
2016-05-24	0.003327	0.025362	0.031445	0.024640000000000002	0.322708	5250800.0
2016-05-23	-0.006013	0.020733	0.028214999999999997	0.015813999999999998	-0.586739	5588600.0
2016-05-20	0.013921000000000001	0.028709	0.038372	0.026319	1.339745	7297000.0
2016-05-19	-0.00596	0.01824	0.018549	0.007188	-0.5769810000000001	7063500.0
2016-05-18	-0.009406	0.018997	0.020838	0.006412	-0.919235	9323100.0
2016-05-17	-0.004185	0.026958999999999997	0.032054	0.014325	-0.410729	8694400.0
2016-05-16	-0.001592	0.021459	0.024104	0.010879	-0.15646300000000002	9113000.0
2016-05-13	-0.0117	0.022578	0.025896	0.009004999999999999	-1.163735	9570200.0
2016-05-12	-0.0056700000000000006	0.024677	0.028176	0.010981	-0.567199	11251700.0
2016-05-11	-0.040431	-0.026728	-0.016752	-0.034786000000000004	-4.214829	27068100.0
2016-05-10	0.011961	0.024422	0.036265	0.023646	1.232185	15177200.0
2016-05-09	-0.001895	0.027132	0.033623	0.017055	-0.19559400000000002	8130300.0
2016-05-06	0.005814	0.018484999999999998	0.030472000000000003	0.017315	0.596542	7383600.0
2016-05-05	0.012154	0.025636000000000003	0.036979000000000005	0.020408000000000003	1.232178	6466000.0
2016-05-04	-0.00106	0.017947	0.029475	0.016863	-0.107575	6445100.0
2016-05-03	-0.005558	0.017874	0.018952	0.011114	-0.567199	6218000.0
2016-05-02	0.010653	0.022974	0.035551	0.018022999999999997	1.0757139999999998	5285700.0
2016-04-29	-0.007402	0.021792	0.024347	0.006556	-0.752991	7006900.0
2016-04-28	-0.011873	0.015390000000000001	0.024618	0.008203	-1.222397	5658300.0
2016-04-27	0.003718	0.025503	0.0295	0.021311	0.381386	5996100.0
2016-04-26	0.0030600000000000002	0.022675999999999998	0.032357	0.018764	0.312927	6452900.0
2016-04-25	0.007709000000000001	0.019916999999999997	0.030954000000000002	0.018438999999999997	0.782341	6117100.0
2016-04-22	0.008357	0.024068	0.033309	0.022777000000000002	0.8410040000000001	5731300.0
2016-04-21	-0.003486	0.023469	0.030994999999999998	0.016439	-0.352036	6824800.0
2016-04-20	0.006138	0.026364	0.030947000000000002	0.015803	0.616081	7712000.0
2016-04-19	0.011431	0.027818	0.044343	0.027112	1.134384	10639800.0
2016-04-18	0.029313	0.033054	0.057428	0.032016	2.8261950000000002	10650400.0
2016-04-15	-0.00040599999999999995	0.021230000000000002	0.025274	0.017912	-0.039116000000000005	6146800.0
2016-04-14	-0.008544	0.025764	0.026587	0.010037	-0.8312370000000001	6676200.0
2016-04-13	0.02188	0.029720999999999997	0.048418	0.028985000000000004	2.082977	7967400.0
2016-04-12	0.011218	0.022684	0.035962	0.020454	1.056152	6277200.0
2016-04-11	-0.001556	0.027987	0.035517	0.020245	-0.14668299999999998	5916600.0
2016-04-08	0.002704	0.027576	0.029809	0.01875	0.25425	6982700.0
2016-04-07	-0.013541	0.018697	0.021948	0.006213000000000001	-1.2908549999999999	7525400.0
2016-04-06	0.004947999999999999	0.022156	0.029219	0.020786000000000002	0.46940600000000005	6952400.0
2016-04-05	-0.017025	0.003614	0.01149	-0.003639	-1.6429060000000002	10818800.0
2016-04-04	-0.0039369999999999995	0.024952000000000002	0.026397000000000004	0.017519999999999997	-0.381394	5334700.0
2016-04-01	-0.0024170000000000003	0.017327000000000002	0.022887	0.015061000000000001	-0.234695	5895500.0
2016-03-31	0.004044	0.023612	0.037672000000000004	0.023612	0.39115900000000003	7038800.0
2016-03-30	0.007640999999999999	0.030287	0.032266	0.024557	0.733436	5677500.0
2016-03-29	0.000714	0.02164	0.025497	0.014968	0.06847400000000001	5170800.0
2016-03-28	0.008948999999999999	0.025523	0.03562	0.024997	0.850784	5317100.0
2016-03-24	0.004028	0.019621	0.029548	0.016981	0.381386	5577700.0
2016-03-23	-0.007686	0.024045	0.025407	0.013880000000000002	-0.733444	5517700.0
2016-03-22	-0.008938	0.013541999999999998	0.021124	0.011984	-0.8605649999999999	6475700.0
2016-03-21	-0.00746	0.019691999999999998	0.021753	0.007115000000000001	-0.7236630000000001	7070300.0
2016-03-18	-0.004016	0.026479000000000003	0.028225	0.016007	-0.391175	10205100.0
2016-03-17	0.011784000000000001	0.020916	0.037848	0.020916	1.134392	6385600.0
2016-03-16	0.002036	0.021745	0.031322	0.014563	0.195595	6079400.0
2016-03-15	-0.005769	0.014402000000000002	0.01761	0.007882	-0.557419	5942400.0
2016-03-14	0.008883	0.022578	0.035942	0.021534	0.850784	6175000.0
2016-03-11	0.009275	0.028163	0.036382	0.027847000000000004	0.880135	5605800.0
2016-03-10	-0.0063490000000000005	0.025509999999999998	0.030536	0.0038350000000000003	-0.606308	5453500.0
2016-03-09	-0.0016359999999999999	0.02446	0.026968000000000002	0.01202	-0.156471	7010700.0
2016-03-08	-0.015796	0.017845	0.018359999999999998	0.004161	-1.53534	6229300.0
2016-03-07	0.00924	0.023512	0.03535	0.022578	0.889908	7218700.0
2016-03-04	-0.0034409999999999996	0.024441	0.026614	0.013058000000000002	-0.332489	6739800.0
2016-03-03	0.018763	0.030906	0.041975	0.021418	1.779816	8581300.0
2016-03-02	-0.0066560000000000005	0.022787	0.024463	0.009593	-0.6356510000000001	6498600.0
2016-03-01	0.022299	0.026646	0.045487	0.022685	2.082977	7139900.0
2016-02-29	0.002203	0.022578	0.033092	0.02172	0.20536100000000002	7794400.0
2016-02-26	-0.0035549999999999996	0.023219	0.028672000000000003	0.018622	-0.332497	5277000.0
2016-02-25	0.002305	0.027828	0.02815	0.011005	0.215141	4562300.0
2016-02-24	0.000524	0.014750999999999998	0.026545	-0.000472	0.048897	6945600.0
2016-02-23	-0.010273000000000001	0.023957	0.027353	0.009633	-0.968139	6253800.0
2016-02-22	0.014313999999999999	0.022578	0.043996	0.022578	1.329979	6980400.0
2016-02-19	-0.0016809999999999998	0.023223	0.028488	0.016024	-0.156472	6838200.0
2016-02-18	-0.0034560000000000003	0.031572	0.03275	0.011335	-0.32271500000000003	8773900.0
2016-02-17	0.027875999999999998	0.030943000000000002	0.061429	0.029731999999999998	2.532814	12610000.0
2016-02-16	0.019309	0.037386	0.046810000000000004	0.029758	1.721138	9050900.0
2016-02-12	0.009301	0.036279	0.037071	0.014652000000000002	0.821456	10786100.0
2016-02-11	0.016432	0.001286	0.048013	0.000826	1.427765	17523800.0
2016-02-10	-0.037587	-0.025272	-0.002787	-0.044656	-3.393386	32649800.0
2016-02-09	0.002171	0.0007099999999999999	0.034566	-0.011612	0.195579	19237400.0
2016-02-08	-0.018956	0.007984999999999999	0.012341	-0.025230000000000002	-1.7407	13750100.0
2016-02-05	-0.016033000000000002	0.021399	0.022149000000000002	0.001576	-1.496216	8898500.0
2016-02-04	0.003048	0.019676	0.039668	0.016774	0.28360799999999997	8350300.0
2016-02-03	0.021692	0.033339	0.047725	0.014891	1.9753880000000001	10878000.0
2016-02-02	-0.021335	0.010218999999999999	0.012046	-0.001925	-1.985177	7244400.0
2016-02-01	-0.006992	0.014681	0.021404	0.010625	-0.655204	7027200.0
2016-01-29	0.024484	0.030012	0.047615	0.023671	2.239441	8211600.0
2016-01-28	-0.008376	0.032118	0.032118	0.001437	-0.7725609999999999	7312700.0
2016-01-27	-0.020256	0.023003	0.026402	-0.002915	-1.906944	6328900.0
2016-01-26	0.010284	0.024724	0.034811	0.020432	0.958359	6915600.0
2016-01-25	-0.016615	0.017512	0.020256	0.0037939999999999996	-1.574455	7812200.0
2016-01-22	0.030632	0.043569	0.059557000000000006	0.039219	2.816421	12303800.0
2016-01-21	0.015993	0.026224	0.048214	0.019926	1.4473120000000002	12078200.0
2016-01-20	-0.015216999999999998	0.0030989999999999998	0.018987	-0.016053	-1.398415	16918100.0
2016-01-19	0.000745	0.034557	0.035319	0.013103	0.06844299999999999	13286800.0
2016-01-15	-0.052568	-0.013431	-0.00043	-0.035717	-5.094963	22135500.0
2016-01-14	0.006397	0.024343	0.037426	0.009183	0.616089	11147500.0
2016-01-13	-0.029370999999999998	0.026811	0.026811	-0.011085	-2.9142	11615400.0
2016-01-12	0.015412	0.033324	0.042329000000000006	0.026876	1.506005	8863900.0
2016-01-11	0.006751000000000001	0.032469	0.034942	0.015366	0.655204	9583200.0
2016-01-08	-0.002513	0.034191	0.037170999999999996	0.017439	-0.244484	10691600.0
2016-01-07	-0.008569	0.008313	0.032665	0.0038299999999999996	-0.8410110000000001	14680200.0
2016-01-06	-0.005352	0.0071730000000000006	0.028252999999999997	0.006971	-0.528083	13934500.0
2016-01-05	-0.020198	0.019499000000000002	0.019499000000000002	-0.008106	-2.034081	16212900.0
2016-01-04	-0.019985	0.0035039999999999997	0.006520999999999999	-0.010022	-2.053619	12531500.0
2015-12-31	-0.011849	0.020655	0.022289	0.010269	-1.232178	6609500.0
2015-12-30	-0.006911	0.020763	0.023819	0.014652000000000002	-0.723671	4917000.0
2015-12-29	-0.001585	0.028585000000000003	0.03011	0.01495	-0.166237	8607200.0
2015-12-28	0.013131	0.02876	0.045182	0.027118	1.359306	9092700.0
2015-12-24	0.0028420000000000003	0.019091	0.03304	0.017734	0.293381	4356100.0
2015-12-23	-0.011054999999999999	0.027081	0.027368	-0.000797	-1.153946	12372900.0
2015-12-22	0.001407	0.026414999999999998	0.02843	0.015287	0.14669100000000002	8644500.0
2015-12-21	-0.010490000000000001	0.03283	0.045170999999999996	-0.00011	-1.105065	22847200.0
2015-12-18	-0.0383	0.022578	0.026504000000000003	-0.019965	-4.1952739999999995	28376900.0
2015-12-17	-0.015643	0.025633	0.028779000000000002	0.006312	-1.7407	9375000.0
2015-12-16	0.014533	0.045644	0.046191	0.019296	1.59401	12304500.0
2015-12-15	0.025697	0.047827	0.059984	0.043432	2.747955	13361700.0
2015-12-14	0.012125	0.028635	0.039898	0.024849	1.281074	9702600.0
2015-12-11	-0.024558	0.022578	0.022578	-0.006412	-2.659935	12334900.0
2015-12-10	0.0	0.026179	0.030148	0.017131	0.0	6954500.0
2015-12-09	-0.008979000000000001	0.028308999999999997	0.034439	0.011748999999999999	-0.9814219999999999	9050700.0
2015-12-08	-0.011859999999999999	0.024793	0.025697	0.016204	-1.311783	7480600.0
2015-12-07	-0.003589	0.032016	0.032016	0.014809000000000001	-0.398392	6738500.0
2015-12-04	0.021003	0.036951	0.051391	0.035019	2.283486	8771300.0
2015-12-03	-0.018509	0.030667000000000003	0.035001	0.006022	-2.050278	10446600.0
2015-12-02	-0.012046	0.029133	0.029845999999999998	0.01522	-1.350647	7787800.0
2015-12-01	0.016921000000000002	0.0353	0.047181	0.030856	1.865646	8896100.0
2015-11-30	-0.014418	0.032977	0.033155000000000004	0.012863999999999999	-1.613006	16560300.0
2015-11-27	-0.029831	0.005978	0.010314	-0.013968000000000001	-3.4397889999999998	14912000.0
2015-11-25	0.006104	0.032099	0.041261	0.030877999999999996	0.699616	4751500.0
2015-11-24	-0.012309	0.016034	0.021808	0.010690999999999999	-1.428383	9158200.0
2015-11-23	-0.005414	0.031104000000000003	0.034104	0.019962	-0.6316	6986400.0
2015-11-20	0.011457	0.032601	0.042484	0.030780000000000002	1.321503	10821700.0
2015-11-19	0.004825	0.029133	0.038018	0.024777	0.553856	6101000.0
2015-11-18	0.017308	0.029930000000000002	0.048186	0.028424	1.95311	6744600.0
2015-11-17	0.001812	0.03082	0.043604000000000004	0.025493000000000002	0.204048	6434400.0
2015-11-16	0.009404000000000001	0.016856	0.040244999999999996	0.015691	1.049431	5770200.0
2015-11-13	-0.011789	0.026565	0.030993	0.012927000000000001	-1.331215	8078100.0
2015-11-12	-0.00266	0.021006999999999998	0.033283999999999994	0.015708	-0.301224	7223000.0
2015-11-11	-0.007665000000000001	0.030272000000000004	0.030535000000000003	0.020456000000000002	-0.8745350000000001	6381700.0
2015-11-10	0.00859	0.026923000000000002	0.038768000000000004	0.021089	0.9716950000000001	8240500.0
2015-11-09	0.006484	0.031179000000000002	0.038564	0.024773	0.7287680000000001	9317500.0
2015-11-06	0.023628	0.043705	0.063286	0.043432	2.594429	16803400.0
2015-11-05	-0.002208	0.029224	0.035312	0.014138999999999999	-0.242936	14843700.0
2015-11-04	-0.019819999999999997	0.038931	0.040623	-0.012998	-2.225173	20740800.0
2015-11-03	0.004346	0.028506999999999998	0.041299	0.024659999999999998	0.48584700000000003	7132100.0
2015-11-02	0.01143	0.035919	0.043338	0.031576	1.263206	6949500.0
2015-10-30	-0.0113	0.028775	0.030922	0.016877	-1.263206	8501600.0
2015-10-29	0.006122	0.029133	0.038674	0.027873000000000002	0.680191	6125100.0
2015-10-28	0.0050100000000000006	0.030942	0.035374	0.020901	0.553864	6452900.0
2015-10-27	0.002202	0.027048000000000003	0.035932	0.026685000000000004	0.242919	5857600.0
2015-10-26	0.0038020000000000003	0.028950999999999998	0.033592000000000004	0.020306	0.417832	5729600.0
2015-10-23	-0.001413	0.037857	0.037857	0.016411000000000002	-0.15548	7928400.0
2015-10-22	0.028704	0.034555	0.059608	0.031937	3.070549	10028900.0
2015-10-21	0.0022760000000000002	0.036910000000000005	0.045248000000000003	0.030726	0.242936	8769800.0
2015-10-20	0.0033799999999999998	0.029885000000000002	0.039098	0.028569	0.359512	9542400.0
2015-10-19	0.011364	0.029227999999999997	0.045582	0.026281	1.19519	8001900.0
2015-10-16	0.003244	0.032757999999999995	0.034950999999999996	0.025031	0.340088	5908900.0
2015-10-15	0.020429	0.036627999999999994	0.051227999999999996	0.034292	2.098847	6739200.0
2015-10-14	-0.008068	0.028263999999999997	0.031643	0.016002000000000002	-0.835648	5563600.0
2015-10-13	0.002257	0.02323	0.039197	0.019069	0.233208	8342700.0
2015-10-12	0.007484	0.032545	0.040247000000000005	0.029718	0.7676390000000001	5179000.0
2015-10-09	0.009081	0.033855	0.043299000000000004	0.029723000000000003	0.9230959999999999	7341800.0
2015-10-08	0.0118	0.027242000000000002	0.044064	0.022265	1.18547	7499100.0
2015-10-07	-0.003662	0.036273	0.037265	0.018125	-0.369239	6947200.0
2015-10-06	-0.0007700000000000001	0.032501999999999996	0.035673	0.022791	-0.077736	5660600.0
2015-10-05	0.008251999999999999	0.036127	0.041123	0.025236	0.8259350000000001	7144600.0
2015-10-02	0.003214	0.014497999999999999	0.032541	0.001167	0.320656	9105600.0
2015-10-01	0.004599	0.036887	0.041922	0.017855000000000003	0.45670299999999997	7503700.0
2015-09-30	0.027962	0.043211	0.060291	0.040312	2.701302	9190000.0
2015-09-29	0.009443	0.029342	0.045538	0.021609	0.9036709999999999	9466900.0
2015-09-28	-0.018046	0.025029	0.030056	0.008612	-1.758766	8238300.0
2015-09-25	-0.00318	0.038236	0.041201999999999996	0.018496000000000002	-0.310936	7179800.0
2015-09-24	-0.009353	0.023357	0.026701	0.005525	-0.923111	10706800.0
2015-09-23	-0.008976000000000001	0.028631	0.030539	0.017987	-0.8939520000000001	5818000.0
2015-09-22	-0.008897	0.016891999999999997	0.022565	0.009926	-0.893966	8330100.0
2015-09-21	0.005543	0.037538999999999996	0.03904	0.025330000000000002	0.553871	7152300.0
2015-09-18	-0.013052000000000001	0.019256	0.029232	0.011256	-1.321495	13559400.0
2015-09-17	0.0023079999999999997	0.031508999999999995	0.048832	0.027054	0.233192	7792600.0
2015-09-16	0.005124	0.028038	0.035501	0.022366999999999998	0.515	6509700.0
2015-09-15	-0.003757	0.023483	0.028935000000000002	0.009406999999999999	-0.37895999999999996	9171400.0
2015-09-14	-0.0063170000000000006	0.030807	0.03327	0.014456	-0.641319	6959800.0
2015-09-11	0.018324	0.026625	0.048191000000000005	0.025121	1.8267970000000002	9529800.0
2015-09-10	0.00677	0.028526999999999997	0.042362000000000004	0.023275999999999998	0.6704479999999999	9026100.0
2015-09-09	-0.02019	0.036455	0.038433999999999996	0.006079	-2.040542	9577500.0
2015-09-08	0.030108	0.049314	0.061545	0.044931	2.953949	8571500.0
2015-09-04	-0.010001000000000001	0.01874	0.027418	0.012685	-0.9911270000000001	9213800.0
2015-09-03	0.000981	0.032264	0.040647	0.02479	0.09716799999999999	8953300.0
2015-09-02	0.023916999999999997	0.043715	0.054264	0.029546	2.312614	12148200.0
2015-09-01	-0.023263	0.003172	0.023678	0.001657	-2.3028939999999998	14212600.0
2015-08-31	-0.005855	0.027325	0.028932	0.013366999999999999	-0.583023	8518200.0
2015-08-28	0.003034	0.029334	0.040918	0.025507	0.301223	11005200.0
2015-08-27	0.029627999999999998	0.05112	0.064291	0.034837	2.856766	17532200.0
2015-08-26	0.034832	0.059184	0.06777000000000001	0.033104	3.245453	13755900.0
2015-08-25	0.005558	0.076294	0.080179	0.033018	0.514992	19079400.0
2015-08-24	-0.035207999999999996	-0.027717000000000002	0.041211000000000005	-0.06291000000000001	-3.3814699999999998	30159200.0
2015-08-21	-0.011798000000000001	0.003204	0.035408999999999996	-0.005954	-1.146607	30875700.0
2015-08-20	-0.060404	0.008734	0.015115	-0.035544	-6.247962	34651300.0
2015-08-19	-0.004582	0.025668	0.036927999999999996	0.017873	-0.47614300000000004	9420800.0
2015-08-18	-0.019349	0.019601	0.021583	0.007899	-2.050263	12021500.0
2015-08-17	0.017637	0.030476999999999997	0.049493	0.026060000000000003	1.836487	7954000.0
2015-08-14	-0.003348	0.029994	0.030569	0.019561000000000002	-0.3498	7104500.0
2015-08-13	0.004954	0.031249000000000002	0.043754	0.026824	0.514999	9754500.0
2015-08-12	-0.009352	0.019604	0.023797	0.005406	-0.9814219999999999	16923500.0
2015-08-11	-0.027027	0.023014	0.024404	0.0008550000000000001	-2.915062	13574000.0
2015-08-10	0.015088999999999998	0.03525	0.044662	0.032803	1.6032790000000001	11617000.0
2015-08-07	0.007370000000000001	0.031029	0.038708	0.020694999999999998	0.777351	15791600.0
2015-08-06	-0.017914	0.027922000000000002	0.027922000000000002	-0.029432999999999997	-1.9239419999999998	57175200.0
2015-08-05	-0.091708	-0.06271	-0.036324	-0.07395800000000001	-10.844078	61011200.0
2015-08-04	0.004706	0.032362	0.03729	0.024799	0.553856	12624400.0
2015-08-03	0.009333	0.036680000000000004	0.04397	0.030591000000000004	1.088302	8426900.0
2015-07-31	-0.00025	0.029905	0.035049000000000004	0.025446	-0.029151999999999997	5767300.0
2015-07-30	0.001585	0.028016000000000003	0.033513	0.022005	0.184624	4430100.0
2015-07-29	0.01165	0.032521	0.041296	0.028699000000000002	1.340942	6083500.0
2015-07-28	0.0017760000000000002	0.032875	0.034789999999999995	0.025825999999999998	0.204049	6447300.0
2015-07-27	-0.00555	0.02671	0.028181	0.019353	-0.64132	5179300.0
2015-07-24	0.000926	0.033897000000000004	0.037795999999999996	0.027226999999999998	0.10688099999999999	4320900.0
2015-07-23	-0.004441	0.028874	0.032064999999999996	0.022578	-0.514992	3347200.0
2015-07-22	0.000168	0.028874	0.032497000000000005	0.025855	0.019431999999999998	4714100.0
2015-07-21	-0.002258	0.030682	0.031025999999999998	0.022678	-0.262352	4785200.0
2015-07-20	0.006058	0.032856	0.038138	0.029393	0.699615	6951000.0
2015-07-17	-0.0017640000000000002	0.025849	0.027663999999999998	0.020144	-0.204048	5109900.0
2015-07-16	0.006509	0.035222	0.036527	0.031221	0.748192	6303000.0
2015-07-15	0.0038179999999999998	0.030792	0.038301999999999996	0.029133	0.437271	4845200.0
2015-07-14	-0.0016940000000000002	0.028957999999999998	0.029917000000000003	0.026082	-0.194351	5061700.0
2015-07-13	0.013827	0.040711000000000004	0.04566	0.036292000000000005	1.56443	7595200.0
2015-07-10	0.007267	0.042042	0.045425	0.029756	0.816231	7020700.0
2015-07-09	0.0035590000000000005	0.043785000000000004	0.04718	0.031992	0.398384	7011300.0
2015-07-08	-0.016311000000000003	0.02386	0.025442	0.011644	-1.8559259999999997	8445200.0
2015-07-07	0.0121	0.035537	0.042386	0.021661	1.360366	8359900.0
2015-07-06	0.0063490000000000005	0.024657	0.0371	0.022867	0.709336	5880500.0
2015-07-02	-0.00139	0.031368	0.033960000000000004	0.023053999999999998	-0.155472	5549500.0
2015-07-01	0.01454	0.042464	0.045185	0.036932	1.6032870000000001	5435400.0
2015-06-30	0.009642	0.043176	0.051690999999999994	0.039695999999999995	1.053024	6946700.0
2015-06-29	-0.016871	0.027647	0.036919	0.017205	-1.874184	7618200.0
2015-06-26	0.004718	0.039820999999999995	0.041721	0.034756999999999996	0.521675	9509600.0
2015-06-25	0.0059770000000000005	0.042852	0.048857	0.040759	0.656937	6213500.0
2015-06-24	-0.005594	0.034123	0.036475	0.028785	-0.618286	5636200.0
2015-06-23	0.007751000000000001	0.038765	0.044145	0.036851	0.850151	6003100.0
2015-06-22	0.00808	0.042287	0.052122	0.041093	0.8791120000000001	5906200.0
2015-06-19	-0.005299	0.031553	0.037495	0.027620999999999996	-0.579643	9587700.0
2015-06-18	0.015517	0.038275	0.05424400000000001	0.035954	1.6713099999999999	6929900.0
2015-06-17	0.003872	0.036423000000000004	0.04332	0.033441000000000005	0.41540600000000005	4732300.0
2015-06-16	0.007987000000000001	0.036715	0.045547000000000004	0.032488	0.850151	3848300.0
2015-06-15	0.002092	0.028716000000000002	0.039449	0.025516	0.222198	5742200.0
2015-06-12	-0.006057	0.032405	0.034276	0.025012	-0.64727	4009900.0
2015-06-11	0.0056359999999999995	0.035212	0.044152	0.035212	0.5989680000000001	5036300.0
2015-06-10	0.013637999999999999	0.038743	0.051620000000000006	0.037121	1.4297799999999998	5128700.0
2015-06-09	-0.007045	0.035687	0.036255	0.019584999999999998	-0.743866	7711800.0
2015-06-08	-0.009156999999999998	0.032583999999999995	0.034555	0.024888999999999998	-0.9757389999999999	6068100.0
2015-06-05	0.0	0.035118	0.039529	0.030425999999999998	0.0	4323500.0
2015-06-04	-0.007826000000000001	0.03307	0.035863	0.024131	-0.840485	5748200.0
2015-06-03	0.0037920000000000002	0.035118	0.045119	0.032782	0.40574699999999997	4502600.0
2015-06-02	-0.001893	0.034745	0.037824	0.026349	-0.202873	4425900.0
2015-06-01	0.005346	0.045529	0.048248	0.036806	0.569984	6778900.0
2015-05-29	-0.001448	0.033245	0.035025	0.024628999999999998	-0.15457100000000001	5264900.0
2015-05-28	0.00145	0.03268	0.036713	0.027897	0.15457100000000001	3392000.0
2015-05-27	0.008498	0.03578	0.046185000000000004	0.033794	0.8984530000000001	3984200.0
2015-05-26	-0.007437	0.034273000000000005	0.040657	0.021036000000000003	-0.792191	5970800.0
2015-05-22	-0.001178	0.034274	0.039901	0.032587	-0.12558	4267700.0
2015-05-21	0.0017239999999999998	0.033615	0.039251	0.0323	0.183556	4880600.0
2015-05-20	-0.003256	0.037177999999999996	0.037459	0.030062000000000002	-0.347794	4393500.0
2015-05-19	0.002085	0.038495999999999996	0.04131	0.036432	0.22220700000000002	4549600.0
2015-05-18	0.000272	0.036714	0.039247000000000004	0.032397	0.028976	4868900.0
2015-05-15	0.0033659999999999996	0.036719	0.042275	0.032764	0.357452	5852200.0
2015-05-14	0.006776999999999999	0.039858	0.042797	0.033412	0.714882	4662000.0
2015-05-13	-0.000458	0.039477	0.041088	0.030760000000000003	-0.048286	4141400.0
2015-05-12	0.005893	0.035118	0.045222000000000005	0.026254000000000003	0.618286	6345000.0
2015-05-11	-0.013713999999999999	0.0354	0.0354	0.019888999999999997	-1.4587860000000001	6728500.0
2015-05-08	0.00778	0.044592	0.048761	0.038055	0.821159	6260600.0
2015-05-07	-0.004192	0.033986	0.035684	0.025684	-0.44438900000000003	8291200.0
2015-05-06	-0.009837	0.042124	0.045861	0.020266	-1.053009	8975300.0
2015-05-05	-0.0019809999999999997	0.056001999999999996	0.056281	0.030737	-0.21254	14619300.0
2015-05-04	0.004614	0.04411	0.044578	0.034931	0.492691	7566200.0
2015-05-01	0.016556	0.046829	0.053684	0.040355	1.738938	6205100.0
2015-04-30	-0.009926	0.033893	0.0387	0.015040000000000001	-1.053017	7770300.0
2015-04-29	-0.001001	0.03267	0.03945	0.028902999999999998	-0.106277	6024700.0
2015-04-28	-0.002179	0.040662000000000004	0.044420999999999995	0.023185	-0.23186500000000002	7324500.0
2015-04-27	0.005752	0.053736	0.055248	0.040222	0.608642	8479100.0
2015-04-24	0.004862	0.040152	0.049173	0.036923000000000004	0.5120239999999999	6355600.0
2015-04-23	0.00982	0.03531	0.053914	0.031954	1.024025	5983800.0
2015-04-22	0.002415	0.038387	0.040598	0.028293000000000002	0.251175	4060500.0
2015-04-21	-0.00499	0.041908999999999995	0.042483	0.028997000000000002	-0.521675	4579400.0
2015-04-20	0.014341	0.046179000000000005	0.052679	0.041231	1.4780959999999999	8094200.0
2015-04-17	-0.013043	0.032246	0.032246	0.015393	-1.36216	9663500.0
2015-04-16	0.010469	0.036763	0.047889999999999995	0.034344	1.081993	6379100.0
2015-04-15	0.003	0.037641	0.042591000000000004	0.037058999999999995	0.309136	4307300.0
2015-04-14	0.001408	0.034147000000000004	0.042796	0.031231000000000002	0.144928	5389300.0
2015-04-13	-0.0041140000000000005	0.03628	0.044313	0.030473	-0.42508	4201500.0
2015-04-10	0.001686	0.034731	0.038318	0.031627999999999996	0.173905	3251500.0
2015-04-09	0.003855	0.036578	0.041347	0.030447000000000002	0.39608000000000004	3924400.0
2015-04-08	0.008820999999999999	0.033155000000000004	0.047488999999999996	0.032467	0.898445	4277400.0
2015-04-07	-0.001893	0.036784	0.042762	0.032864	-0.193207	4694600.0
2015-04-06	-0.0034909999999999997	0.028380000000000002	0.040685	0.025744	-0.35744499999999996	4153500.0
2015-04-02	0.005311	0.035608999999999995	0.042972	0.029424000000000002	0.5409930000000001	3651600.0
2015-04-01	0.0052439999999999995	0.040447000000000004	0.046072	0.028801999999999998	0.531342	6117200.0
2015-03-31	-0.011590999999999999	0.030045999999999996	0.037069	0.023121	-1.1882709999999999	5701600.0
2015-03-30	0.006067	0.04081	0.049544	0.040712	0.618286	3831900.0
2015-03-27	0.002281	0.034725	0.04702	0.031577	0.23186500000000002	5330400.0
2015-03-26	0.002286	0.029893	0.043202	0.026246	0.23185	5915800.0
2015-03-25	-0.019699	0.038404	0.038501	0.014727	-2.038414	6964700.0
2015-03-24	-0.010256999999999999	0.030336000000000002	0.033492	0.024214	-1.072342	4493500.0
2015-03-23	-0.0019370000000000001	0.036741	0.039127999999999996	0.031395	-0.20286600000000002	5667000.0
2015-03-20	0.009872	0.039553	0.050254	0.036372	1.024025	8710100.0
2015-03-19	-0.005557	0.033872	0.040007999999999995	0.027161	-0.579643	4885600.0
2015-03-18	0.009443	0.034538	0.049248	0.023215	0.9757389999999999	5520600.0
2015-03-17	-0.003819	0.031550999999999996	0.033576	0.023357	-0.396096	4489400.0
2015-03-16	0.008737	0.039008	0.047663	0.031326	0.8984530000000001	6407300.0
2015-03-13	-0.006812	0.036181	0.036181	0.019181999999999998	-0.7052229999999999	8024200.0
2015-03-12	0.041598	0.044775999999999996	0.079787	0.044374000000000004	4.134780999999999	10730400.0
2015-03-11	-0.0019399999999999999	0.039336	0.044256000000000004	0.032909	-0.193207	4831900.0
2015-03-10	-0.020616	0.025383000000000003	0.026169	0.013779	-2.096397	6472600.0
2015-03-09	0.013869999999999999	0.036315	0.051071	0.035118	1.391159	4868900.0
2015-03-06	-0.011521	0.03157	0.034823	0.019941	-1.1689530000000001	5704200.0
2015-03-05	-0.005115	0.034824	0.037471	0.028255000000000002	-0.521675	3954700.0
2015-03-04	-0.007334	0.030349	0.031712	0.019837	-0.75354	4972300.0
2015-03-03	0.004344	0.034043000000000004	0.04245	0.028470999999999996	0.44439700000000004	4671900.0
2015-03-02	0.01739	0.037804000000000004	0.054015	0.037804000000000004	1.748588	5635500.0
2015-02-27	-0.004591	0.036206999999999996	0.04086	0.029177999999999996	-0.463707	4161600.0
2015-02-26	-0.009567	0.034432	0.036491	0.021097	-0.9757379999999999	5049000.0
2015-02-25	0.008598	0.035217	0.048073000000000005	0.035118	0.869468	6547200.0
2015-02-24	-0.003048	0.030682	0.035710000000000006	0.028807999999999997	-0.309143	4098800.0
2015-02-23	0.004208	0.037197	0.041851	0.034029000000000004	0.42506400000000005	5587100.0
2015-02-20	0.006353	0.034819	0.043088999999999995	0.023561000000000002	0.637612	5197000.0
2015-02-19	0.00028900000000000003	0.036514	0.037311000000000004	0.032029	0.028983999999999996	5094100.0
2015-02-18	-0.002497	0.027960000000000002	0.037206	0.027960000000000002	-0.251183	3760200.0
2015-02-17	-0.00047999999999999996	0.035715	0.037901	0.029156	-0.048301	4759300.0
2015-02-13	0.005696	0.036617000000000004	0.043413	0.033619	0.569976	5175600.0
2015-02-12	0.016786000000000002	0.038064999999999995	0.055237	0.033391000000000004	1.651993	6816800.0
2015-02-11	-0.000491	0.036032	0.036134	0.026485	-0.048309	5868200.0
2015-02-10	0.0018679999999999999	0.037459	0.039799	0.029522000000000003	0.183556	5726300.0
2015-02-09	-0.0028420000000000003	0.032886	0.039989	0.029335000000000003	-0.280152	5461800.0
2015-02-06	-0.0060409999999999995	0.035421	0.038648	0.025134	-0.5989760000000001	8535200.0
2015-02-05	0.013428	0.029804	0.051062	0.027249000000000002	1.313866	14089500.0
2015-02-04	0.076302	0.093309	0.12136	0.087039	6.936400999999999	32640500.0
2015-02-03	0.023605	0.040748	0.059664999999999996	0.038045999999999996	2.096382	12329100.0
2015-02-02	0.010664	0.038987	0.047522	0.024876	0.9370879999999999	9392000.0
2015-01-30	-0.024243999999999998	0.027123	0.032008999999999996	0.008579999999999999	-2.1833270000000002	10212300.0
2015-01-29	0.005935	0.040033	0.044389	0.022272999999999998	0.531342	7681700.0
2015-01-28	-0.013834	0.036991	0.040626	0.020137000000000002	-1.2559049999999998	6198400.0
2015-01-27	-0.01053	0.023892	0.032611	0.01757	-0.9660719999999999	5390000.0
2015-01-26	0.002639	0.032168	0.038178	0.026485	0.241531	5446900.0
2015-01-23	-0.004519	0.032616	0.039251999999999995	0.027286	-0.41541300000000003	4664700.0
2015-01-22	0.010407	0.039625	0.048529	0.03336	0.9467469999999999	7014200.0
2015-01-21	-0.006016	0.031076	0.035118	0.025067	-0.550651	7474700.0
2015-01-20	-0.0046229999999999995	0.035552999999999994	0.037402	0.019566	-0.42508	7940600.0
2015-01-16	0.008797	0.031278	0.044773	0.031058999999999996	0.801834	6117000.0
2015-01-15	0.001273	0.039293	0.043137	0.033031	0.11592899999999999	5662200.0
2015-01-14	-0.010085	0.022178	0.030876999999999998	0.014457	-0.927422	6485300.0
2015-01-13	0.0077280000000000005	0.044104000000000004	0.05670599999999999	0.037748000000000004	0.705231	9364300.0
2015-01-12	0.002228	0.039951	0.04072	0.029847000000000002	0.202881	6586200.0
2015-01-09	0.004905	0.037988	0.051452	0.037326	0.44438900000000003	8621300.0
2015-01-08	0.010341	0.046715	0.05151	0.043258	0.9274290000000001	7579400.0
2015-01-07	0.01023	0.044468	0.049312	0.037483999999999996	0.908112	6589500.0
2015-01-06	-0.005304	0.037247	0.044194	0.021448	-0.47337299999999993	6793100.0
2015-01-05	-0.014613	0.029929	0.030701999999999997	0.013366999999999999	-1.323525	7789400.0
2015-01-02	-0.004671	0.043031	0.047097	0.020392	-0.425072	5865400.0
2014-12-31	-0.005385	0.039818	0.044081	0.027795	-0.49269799999999997	4797000.0
2014-12-30	-0.008376999999999999	0.031975	0.035118	0.024279	-0.772858	3490100.0
2014-12-29	0.004946	0.031958999999999994	0.044922000000000004	0.031415	0.454056	3584400.0
2014-12-26	0.006461	0.038626	0.044875	0.036215	0.58931	3142400.0
2014-12-24	-0.002852	0.035118	0.039819	0.03162	-0.260849	2165700.0
2014-12-23	0.005202	0.038195	0.044677999999999995	0.037316	0.47338100000000005	5385800.0
2014-12-22	0.014103000000000001	0.04069	0.051499	0.038796	1.265556	7477500.0
2014-12-19	0.003023	0.0321	0.041713	0.026958999999999997	0.2705	12837900.0
2014-12-18	0.01346	0.044294	0.049051	0.040556	1.1882709999999999	9387500.0
2014-12-17	0.013419	0.037299	0.052453	0.035463	1.1689450000000001	6885900.0
2014-12-16	-0.008031	0.030563	0.047645	0.02635	-0.705231	6549400.0
2014-12-15	-0.006449	0.041227999999999994	0.048695	0.02041	-0.569984	6746800.0
2014-12-12	-0.002834	0.028687999999999998	0.044821	0.026093	-0.251183	7890900.0
2014-12-11	0.014036000000000002	0.042097	0.06005800000000001	0.037177999999999996	1.2269139999999998	8227800.0
2014-12-10	-0.014094999999999998	0.043537	0.047034	0.032597	-1.24968	10346100.0
2014-12-09	-0.009169	0.045034	0.045704	0.025476	-0.8204040000000001	9519900.0
2014-12-08	0.00042699999999999997	0.05330599999999999	0.056548	0.044361000000000005	0.038169999999999996	6682200.0
2014-12-05	0.005685	0.053447	0.056708	0.049511	0.5056	5226800.0
2014-12-04	0.001289	0.053903999999999994	0.054129	0.042194999999999996	0.114471	6017300.0
2014-12-03	-0.003851	0.04906	0.050406	0.037396	-0.343421	5492400.0
2014-12-02	0.008306000000000001	0.047708999999999994	0.060827	0.045107999999999995	0.734542	6664200.0
2014-12-01	0.002054	0.049634	0.055413	0.043629	0.18124400000000002	6714700.0
2014-11-28	0.006418999999999999	0.055230999999999995	0.060135	0.05181	0.562836	3853000.0
2014-11-26	0.0029460000000000003	0.051820000000000005	0.055479999999999995	0.048503	0.25756799999999996	4607200.0
2014-11-25	0.011812999999999999	0.049779000000000004	0.063782	0.049779000000000004	1.020722	7404200.0
2014-11-24	0.01821	0.052516999999999994	0.068307	0.052516999999999994	1.545387	6504100.0
2014-11-21	0.000675	0.057589999999999995	0.058887	0.046624	0.057242999999999995	7383500.0
2014-11-20	-0.010243	0.041622	0.044073	0.035787	-0.877639	8604000.0
2014-11-19	-0.005095000000000001	0.048042	0.048275	0.035618000000000004	-0.438805	7710000.0
2014-11-18	-0.001438	0.047347	0.051521000000000004	0.045028	-0.12401600000000002	4461600.0
2014-11-17	-0.004295	0.044811000000000004	0.048043999999999996	0.039616000000000005	-0.37204699999999996	4148400.0
2014-11-14	0.003426	0.050476	0.052445000000000006	0.047	0.29573	4281100.0
2014-11-13	0.006562999999999999	0.050607	0.05772000000000001	0.049791	0.562836	5098800.0
2014-11-12	-0.000889	0.045828	0.049906	0.040701999999999995	-0.076317	5262500.0
2014-11-11	0.002228	0.050960000000000005	0.051193999999999996	0.040685	0.190788	5896800.0
2014-11-10	-0.002445	0.05107	0.053166	0.036045	-0.209877	8155700.0
2014-11-07	-0.021738999999999998	0.018536	0.025713999999999997	0.010104	-1.90789	16176300.0
2014-11-06	0.010989	0.051615	0.05979400000000001	0.050003	0.9539489999999999	9938800.0
2014-11-05	0.007194	0.062777	0.062777	0.039457	0.620056	7021000.0
2014-11-04	-0.014828999999999998	0.05124600000000001	0.051361000000000004	0.026443	-1.2973709999999998	7928500.0
2014-11-03	0.003611	0.046669	0.053322	0.043916000000000004	0.31482	5447700.0
2014-10-31	0.012856999999999999	0.063263	0.06872400000000001	0.054433	1.106567	7472200.0
2014-10-30	0.0077069999999999994	0.047221	0.0601	0.041014999999999996	0.658234	4445300.0
2014-10-29	-0.004448	0.047225	0.052004999999999996	0.036851	-0.38158400000000003	5442100.0
2014-10-28	0.016733	0.055267	0.06617100000000001	0.0542	1.411842	4554400.0
2014-10-27	-0.0018059999999999999	0.046618	0.052770000000000004	0.043897000000000005	-0.152626	5644300.0
2014-10-24	0.007045999999999999	0.047322	0.05625700000000001	0.04339	0.591446	4937500.0
2014-10-23	0.010218000000000001	0.061634	0.066689	0.056218	0.8490139999999999	7245300.0
2014-10-22	-0.005026	0.053065	0.061087999999999996	0.041569	-0.41973900000000003	9314500.0
2014-10-21	0.02362	0.058080999999999994	0.074751	0.057223	1.926987	9170400.0
2014-10-20	0.02016	0.053277	0.070533	0.052275999999999996	1.612167	8302100.0
2014-10-17	0.025569	0.060329999999999995	0.085722	0.060329999999999995	1.993759	12381800.0
2014-10-16	-0.004143	0.020816	0.053255	0.015962999999999998	-0.324363	13216500.0
2014-10-15	-0.024483	0.026472000000000002	0.043539999999999995	-0.021494	-1.9651189999999998	21844400.0
2014-10-14	0.002741	0.05876900000000001	0.068388	0.04815	0.21939899999999998	8607100.0
2014-10-13	-0.027356000000000002	0.044022000000000006	0.049733	0.017775	-2.25132	9039800.0
2014-10-10	0.006534000000000001	0.050843	0.064052	0.044483	0.5342180000000001	12675300.0
2014-10-09	-0.027239	0.047323000000000004	0.04887	0.018055	-2.289475	8726200.0
2014-10-08	0.011479999999999999	0.047673	0.06079	0.038888	0.9539489999999999	7008000.0
2014-10-07	-0.016373	0.041645999999999996	0.044724	0.030282999999999997	-1.383224	6217600.0
2014-10-06	0.0012439999999999999	0.052303999999999996	0.056926	0.043771	0.10492699999999999	4047800.0
2014-10-03	0.019127	0.064097	0.07376	0.057454	1.583565	7549000.0
2014-10-02	-0.008001000000000001	0.048394	0.050311	0.014247	-0.667778	11051100.0
2014-10-01	-0.017297	0.048863	0.050747	0.026726999999999997	-1.469071	7512500.0
2014-09-30	0.002251	0.048393	0.056652999999999995	0.044851999999999996	0.190788	4824500.0
2014-09-29	0.0010140000000000001	0.040951	0.051937	0.031973	0.085862	5188600.0
2014-09-26	0.007608	0.049227	0.058035	0.04637	0.639145	5786400.0
2014-09-25	-0.015428	0.046048	0.050033	0.031985	-1.316452	7077400.0
2014-09-24	0.012909	0.048868	0.064062	0.047444	1.087493	5607000.0
2014-09-23	-0.010975	0.046279	0.047688	0.03583	-0.934867	6155800.0
2014-09-22	-0.013261000000000002	0.048275	0.049665	0.033214999999999995	-1.1447379999999998	5003000.0
2014-09-19	0.0016600000000000002	0.053612	0.057674	0.048855	0.143097	13382900.0
2014-09-18	0.00011100000000000001	0.048042	0.050247	0.043401	0.009529000000000001	4343600.0
2014-09-17	0.000665	0.051875	0.054081	0.044791000000000004	0.057250999999999996	4058100.0
2014-09-16	0.002109	0.043969	0.052348	0.04106	0.18123699999999998	4324600.0
2014-09-15	0.004573	0.049093	0.056458	0.046988999999999996	0.39113600000000004	4910000.0
2014-09-12	-0.0033350000000000003	0.049789	0.050954	0.039886000000000005	-0.286194	3870200.0
2014-09-11	0.005027	0.044527	0.054363999999999996	0.042888	0.429275	4065500.0
2014-09-10	-0.000893	0.047573000000000004	0.050849	0.03833	-0.076309	5078600.0
2014-09-09	-0.010601000000000001	0.047580000000000004	0.048043	0.036121	-0.9157790000000001	4797700.0
2014-09-08	-0.0041789999999999996	0.0462	0.047122000000000004	0.039284	-0.362518	4331200.0
2014-09-05	0.008875	0.048275	0.057578	0.047809	0.763161	4597100.0
2014-09-04	-0.008797	0.047468	0.051272000000000005	0.037554000000000004	-0.763161	5458700.0
2014-09-03	0.001542	0.051276	0.05243099999999999	0.046774	0.133545	3684000.0
2014-09-02	0.010236	0.051774	0.060521000000000005	0.051424	0.877647	5602000.0
2014-08-29	-0.003879	0.049319999999999996	0.050017	0.037819	-0.333885	4179400.0
2014-08-28	-0.001549	0.043751	0.049667	0.043519	-0.13355999999999998	2678400.0
2014-08-27	0.0038880000000000004	0.049672	0.052815999999999995	0.047809	0.333877	3739700.0
2014-08-26	-0.0039829999999999996	0.050942	0.051637999999999996	0.043171	-0.343406	4117700.0
2014-08-25	-0.001216	0.053603	0.055804	0.046074000000000004	-0.10494300000000001	3515400.0
2014-08-22	0.001217	0.045375	0.05430599999999999	0.045259	0.10494300000000001	4756400.0
2014-08-21	0.006011	0.050842	0.056326	0.049908	0.515129	4719100.0
2014-08-20	-0.002775	0.046296	0.047809	0.043387	-0.23850300000000002	3894500.0
2014-08-19	0.001334	0.050138999999999996	0.052003	0.044430000000000004	0.11448699999999999	4153000.0
2014-08-18	0.007729000000000001	0.052737	0.061073	0.051797	0.658234	4973300.0
2014-08-15	0.007561	0.053125	0.058449	0.049221	0.639137	8211000.0
2014-08-14	0.01153	0.05342	0.063951	0.050788	0.9634780000000001	8218000.0
2014-08-13	0.004472	0.054645000000000006	0.057170000000000006	0.050799000000000004	0.372055	4532300.0
2014-08-12	-0.003314	0.044081999999999996	0.049712	0.039649000000000004	-0.27665700000000004	4510100.0
2014-08-11	0.007484	0.05093	0.061914	0.050689	0.620079	5047900.0
2014-08-08	0.01567	0.049991	0.065192	0.049623	1.278274	6382700.0
2014-08-07	-0.012472	0.053117	0.053359000000000004	0.031810000000000005	-1.03025	7916900.0
2014-08-06	-0.0018440000000000002	0.041387	0.058788	0.041266000000000004	-0.152634	9789500.0
2014-08-05	-0.0056170000000000005	0.047073000000000004	0.048275	0.033615	-0.46743	9361800.0
2014-08-04	0.021785	0.057974	0.074549	0.056010000000000004	1.77433	8262700.0
2014-08-01	-0.005822	0.042293	0.049861	0.040096	-0.47697399999999995	6759200.0
2014-07-31	-0.01525	0.040822000000000004	0.045149	0.030004000000000003	-1.268738	6342400.0
2014-07-30	0.011717	0.053382000000000006	0.061287	0.046937	0.9634780000000001	7294200.0
2014-07-29	-0.010901000000000001	0.049958999999999996	0.050079000000000005	0.036367000000000003	-0.90625	5478700.0
2014-07-28	0.010669	0.050706	0.06031	0.043169	0.877632	4546800.0
2014-07-25	-0.006567	0.042236	0.047067000000000005	0.039217	-0.543747	4659800.0
2014-07-24	0.008833	0.053878999999999996	0.059484	0.051564	0.724999	4168200.0
2014-07-23	-0.001972	0.049491	0.052166	0.042802999999999994	-0.162171	3650200.0
2014-07-22	0.005482	0.055977	0.0583	0.045462999999999996	0.448349	4984200.0
2014-07-21	-0.000816	0.048275	0.050595999999999995	0.044488	-0.066772	4799800.0
2014-07-18	0.009173	0.053328999999999994	0.059987	0.050001	0.7440869999999999	4719100.0
2014-07-17	-0.003749	0.048029	0.058592	0.042379	-0.305275	6885900.0
2014-07-16	-0.009285999999999999	0.054845000000000005	0.06628300000000001	0.035742	-0.763153	10667200.0
2014-07-15	-0.007031	0.0461	0.046945999999999995	0.033533999999999994	-0.581902	7001300.0
2014-07-14	-0.0014960000000000002	0.055151	0.055513	0.0455	-0.12401500000000001	4012300.0
2014-07-11	0.00034500000000000004	0.049964	0.054309	0.042361	0.028618	5016000.0
2014-07-10	-0.004128	0.039982	0.052962	0.035894999999999996	-0.34343	7249700.0
2014-07-09	0.01584	0.049984	0.065734	0.048152	1.2973709999999998	6311200.0
2014-07-08	-0.00843	0.043432	0.045006	0.037258	-0.6963729999999999	4733600.0
2014-07-07	-0.002879	0.045498000000000004	0.048033	0.041998	-0.23848699999999998	4897800.0
2014-07-03	0.004627	0.051427999999999995	0.054823000000000004	0.049002	0.381569	3210400.0
2014-07-02	-0.00034700000000000003	0.049608	0.051184	0.045001	-0.028618	4439600.0
2014-07-01	0.008514	0.04913	0.06209	0.048519	0.69638	5608200.0
2014-06-30	0.005158	0.049995	0.057737000000000004	0.045448	0.41973900000000003	6991400.0
2014-06-27	0.010065000000000001	0.044302999999999995	0.059942999999999996	0.044302999999999995	0.810867	17932200.0
2014-06-26	0.006555	0.05802	0.05802	0.04665	0.524666	6424000.0
2014-06-25	0.014756	0.048148	0.06906799999999999	0.045739	1.1638190000000002	7899200.0
2014-06-24	-0.000967	0.047261000000000004	0.058534	0.044855	-0.076317	5057100.0
2014-06-23	-0.000724	0.048654	0.049667	0.041946	-0.057236	3946600.0
2014-06-20	-0.011341	0.052029	0.052154	0.036011	-0.90625	11073400.0
2014-06-19	0.002273	0.049152999999999995	0.052538999999999995	0.044136	0.181252	4326900.0
2014-06-18	0.00505	0.048527	0.055712	0.043863	0.40065	4536300.0
2014-06-17	-0.0016809999999999998	0.044248	0.050288	0.039591	-0.133553	4535900.0
2014-06-16	0.006039	0.046249	0.056377	0.045236	0.47696700000000003	5181100.0
2014-06-13	0.0	0.047641	0.05068	0.035614	0.0	4711100.0
2014-06-12	-0.01791	0.044793	0.046907	0.027013	-1.440453	7231400.0
2014-06-11	-0.0051920000000000004	0.046419	0.049017000000000005	0.0411	-0.419746	4300900.0
2014-06-10	-0.00854	0.047294	0.047294	0.038709	-0.6963729999999999	4632600.0
2014-06-09	0.010282	0.048151	0.063761	0.047283	0.829933	5667600.0
2014-06-06	-0.0020050000000000003	0.049882	0.050871	0.041969	-0.16217	5302800.0
2014-06-05	0.006409999999999999	0.049892	0.05711	0.044044	0.5151359999999999	5956000.0
2014-06-04	0.004292	0.0479	0.054773	0.041151	0.343422	5800100.0
2014-06-03	-0.004628	0.045787	0.047777	0.041433	-0.37204699999999996	4541400.0
2014-06-02	0.003095	0.051519	0.053390999999999994	0.048275	0.24803200000000003	3933800.0
2014-05-30	-0.00023799999999999998	0.04553	0.05276599999999999	0.043160000000000004	-0.019066	6352400.0
2014-05-29	0.005143	0.052287	0.054419	0.046143	0.41018599999999994	6522000.0
2014-05-28	-0.0016719999999999999	0.049026	0.050277999999999996	0.042141000000000005	-0.133544	4652100.0
2014-05-27	0.0050409999999999995	0.051294000000000006	0.056577999999999996	0.048275	0.40065	5197700.0
2014-05-23	0.011779000000000001	0.046238	0.061131	0.046238	0.9253309999999999	4580300.0
2014-05-22	0.001947	0.048275	0.055927	0.046361	0.152626	4652000.0
2014-05-21	0.013565	0.052541	0.064434	0.052541	1.049347	4736400.0
2014-05-20	0.000493	0.046852	0.057458	0.04142	0.038154	6023200.0
2014-05-19	0.00821	0.048796	0.061184	0.045015	0.629608	4896900.0
2014-05-16	0.002994	0.048536	0.051806	0.037681	0.22895100000000002	5823700.0
2014-05-15	-0.009516	0.044647000000000006	0.047109	0.026123	-0.734535	7687700.0
2014-05-14	-0.014133000000000001	0.044315	0.049552	0.029756	-1.106598	6192000.0
2014-05-13	-0.004125	0.048402	0.052472000000000005	0.039753	-0.324333	5274700.0
2014-05-12	0.0057350000000000005	0.049937999999999996	0.060938	0.049937999999999996	0.44836400000000004	5704400.0
2014-05-09	0.004289	0.044035000000000005	0.05367	0.039282	0.33387	5376600.0
2014-05-08	0.016316	0.04723	0.074126	0.045402	1.249679	9257700.0
2014-05-07	-0.009132	0.056296000000000006	0.06651599999999999	0.036502	-0.705925	11906800.0
2014-05-06	-0.002339	0.05305	0.053565999999999996	0.042854	-0.181251	10696500.0
2014-05-05	0.011331	0.049710000000000004	0.061327	0.041618	0.8680950000000001	5669800.0
2014-05-02	0.009427	0.049065	0.061319000000000005	0.049065	0.715462	7599300.0
2014-05-01	0.002773	0.048407	0.055277	0.047218	0.209877	6486800.0
2014-04-30	0.008901000000000001	0.046408	0.060138	0.042143	0.667755	6550200.0
2014-04-29	0.011056999999999999	0.05595700000000001	0.060404	0.047735	0.8203889999999999	4608700.0
2014-04-28	-0.005752	0.055376999999999996	0.059397000000000005	0.030185000000000003	-0.42926800000000004	7522700.0
2014-04-25	-0.017087	0.046563	0.046563	0.029439999999999997	-1.2973629999999998	6193300.0
2014-04-24	0.00088	0.051175	0.055393	0.04287	0.066772	4632700.0
2014-04-23	0.0008810000000000001	0.04933	0.054872000000000004	0.041941	0.066773	4148600.0
2014-04-22	0.004298	0.049732	0.05861	0.0496	0.324333	5876000.0
2014-04-21	-0.011001	0.047881	0.048144	0.031238	-0.83947	7080300.0
2014-04-17	0.013172999999999999	0.044955	0.065137	0.043627	0.9921110000000001	7627700.0
2014-04-16	0.016611	0.057992999999999996	0.066092	0.055429	1.230599	5958800.0
2014-04-15	0.000515	0.051921	0.056242999999999994	0.030583	0.038147	6398700.0
2014-04-14	0.007921	0.057666999999999996	0.059437000000000004	0.046097000000000006	0.581916	5964700.0
2014-04-11	-0.006451	0.048275	0.054225	0.038807999999999995	-0.47697399999999995	9204100.0
2014-04-10	-0.036784	0.054137	0.054137	0.009323999999999999	-2.8237	10160200.0
2014-04-09	0.011311	0.05354400000000001	0.060922000000000004	0.044191	0.8585659999999999	7004800.0
2014-04-08	0.00556	0.050129	0.055163	0.034894999999999995	0.419731	7085100.0
2014-04-07	-0.016163	0.048144	0.053097000000000005	0.023902	-1.240127	9000800.0
2014-04-04	-0.015424	0.056359000000000006	0.06316000000000001	0.031721	-1.201981	8894400.0
2014-04-03	0.000245	0.051483	0.055590999999999995	0.041472	0.019074	4930100.0
2014-04-02	0.0012259999999999999	0.050202	0.053415	0.044805000000000005	0.095398	6073500.0
2014-04-01	0.018734	0.052464	0.068436	0.052464	1.430923	6555000.0
2014-03-31	0.013673	0.057697000000000005	0.066854	0.057165999999999995	1.030281	6848800.0
2014-03-28	0.006498	0.051614	0.061364999999999996	0.046004	0.486504	5281700.0
2014-03-27	-0.0017809999999999998	0.044008	0.048141	0.030407999999999998	-0.13355999999999998	9194700.0
2014-03-26	-0.011691	0.053282	0.057366999999999994	0.035887999999999996	-0.8871620000000001	6750800.0
2014-03-25	0.000755	0.058164999999999994	0.059484	0.036538	0.057236	6692400.0
2014-03-24	-0.010703	0.052971000000000004	0.055840999999999995	0.03562	-0.8204040000000001	7642900.0
2014-03-21	-0.005692	0.063193	0.06436	0.038416000000000006	-0.438805	7840900.0
2014-03-20	0.003602	0.049186	0.054784000000000006	0.038381	0.27665	5968200.0
2014-03-19	-0.017929	0.051599	0.052238	0.023343	-1.402313	6403200.0
2014-03-18	0.007372	0.050078	0.059351	0.046858	0.572372	5395900.0
2014-03-17	0.016485	0.053903999999999994	0.06830499999999999	0.051417	1.259201	7280700.0
2014-03-14	0.0017519999999999999	0.047225	0.05457000000000001	0.043552999999999994	0.133553	7754700.0
2014-03-13	-0.017818	0.053041	0.056003	0.026119	-1.383217	8570600.0
2014-03-12	0.004071	0.042325	0.052672000000000004	0.035341000000000004	0.314796	6378300.0
2014-03-11	-0.011224	0.051088	0.052878999999999995	0.032289	-0.877624	7171600.0
2014-03-10	-0.002919	0.047892000000000004	0.05108	0.041644	-0.22895100000000002	5209700.0
2014-03-07	-0.013559	0.05154500000000001	0.052174	0.031671	-1.077957	7478100.0
2014-03-06	0.007983	0.050557	0.05765700000000001	0.050303	0.6296010000000001	5774400.0
2014-03-05	0.011871	0.054817	0.067518	0.052252	0.925323	7709700.0
2014-03-04	0.028316	0.063314	0.084026	0.062523	2.146393	8021400.0
2014-03-03	-0.016706	0.041658999999999995	0.046199000000000004	0.022849	-1.287827	8449400.0
2014-02-28	0.0041	0.052964	0.06273300000000001	0.044237	0.314797	7030700.0
2014-02-27	0.004995	0.047227	0.054951	0.045395	0.381576	4919800.0
2014-02-26	-0.001621	0.053764	0.057946000000000004	0.040172	-0.124008	5775600.0
2014-02-25	-0.006441	0.048145	0.056325	0.039314999999999996	-0.496055	6064300.0
2014-02-24	0.007488	0.053114999999999996	0.067375	0.05259199999999999	0.572364	6635200.0
2014-02-21	0.01187	0.046686	0.064954	0.043112	0.8967209999999999	8252300.0
2014-02-20	0.004057	0.05279400000000001	0.05864199999999999	0.047876	0.305252	5748700.0
2014-02-19	-0.008922	0.047221	0.050908999999999996	0.038	-0.6773140000000001	7024000.0
2014-02-18	0.004418	0.051847000000000004	0.058462	0.050921	0.3339	6136500.0
2014-02-14	0.017072999999999998	0.048006	0.06940199999999999	0.046525	1.268753	7001100.0
2014-02-13	-0.000129	0.043026999999999996	0.052715	0.038721	-0.009552	5955400.0
2014-02-12	0.0015429999999999999	0.046523	0.051239	0.046252999999999996	0.11448699999999999	6329500.0
2014-02-11	0.009473	0.049499	0.059974	0.048955	0.69638	8186200.0
2014-02-10	0.018369	0.048275	0.070994	0.046889	1.3259969999999999	8781600.0
2014-02-07	0.001456	0.041615	0.050217000000000005	0.035095	0.10491900000000001	11480100.0
2014-02-06	0.052953999999999994	0.10451600000000001	0.120877	0.092391	3.6250080000000002	19821900.0
2014-02-05	0.009993	0.063029	0.063029	0.038242	0.677299	11573300.0
2014-02-04	0.015144999999999999	0.062503	0.067146	0.046626999999999995	1.011193	11278800.0
2014-02-03	-0.036083	0.048997000000000006	0.050006999999999996	0.008428	-2.499344	11964800.0
2014-01-31	-0.008331	0.033672	0.049706	0.027944999999999998	-0.581909	7748500.0
2014-01-30	0.026497000000000003	0.059444000000000004	0.082076	0.058121000000000006	1.802963	7550500.0
2014-01-29	-0.021268000000000002	0.035186	0.039069	0.022959999999999998	-1.478623	8604800.0
2014-01-28	0.00872	0.04842	0.05915599999999999	0.048129000000000005	0.600983	5508400.0
2014-01-27	-0.006462999999999999	0.044670999999999995	0.051014	0.03386	-0.448341	7415100.0
2014-01-24	-0.027677999999999998	0.038603	0.040425	0.019261	-1.974694	7334900.0
2014-01-23	-0.006904	0.037418	0.043264	0.032128	-0.496032	6280900.0
2014-01-22	0.014959	0.046579	0.065652	0.046156	1.058876	6795100.0
2014-01-21	0.0029739999999999996	0.048416	0.061027	0.038639	0.209869	7507100.0
2014-01-17	-0.0030989999999999998	0.051382000000000004	0.054207000000000005	0.040788	-0.219414	6624800.0
2014-01-16	-0.000942	0.049826999999999996	0.049968	0.040372000000000005	-0.066772	5597400.0
2014-01-15	-0.002283	0.046163	0.057427	0.045459	-0.16217	7283900.0
2014-01-14	0.016105	0.05457000000000001	0.067017	0.048561	1.1256629999999999	5996500.0
2014-01-13	-0.028120999999999997	0.041461000000000005	0.044659	0.015738	-2.022377	8232800.0
2014-01-10	0.006542	0.050794	0.056812	0.043516	0.467438	6219000.0
2014-01-09	-0.004254	0.051619000000000005	0.051619000000000005	0.035732	-0.305267	8052900.0
2014-01-08	-0.014671	0.045391	0.047451	0.027264999999999998	-1.0684209999999998	10900300.0
2014-01-07	0.0068579999999999995	0.052422	0.060440999999999995	0.049381	0.49604799999999993	4494900.0
2014-01-06	-0.00381	0.054059	0.058329	0.039735	-0.276642	6816200.0
2014-01-03	-0.002098	0.048687	0.054185000000000004	0.044701	-0.152633	4060700.0
2014-01-02	-0.001702	0.043335000000000005	0.049647000000000004	0.041414	-0.12401600000000002	5200900.0
2013-12-31	0.00223	0.048962	0.051987	0.042499	0.16217	4692300.0
2013-12-30	0.025286000000000003	0.057298	0.079152	0.055888	1.793434	8578900.0
2013-12-27	-0.003618	0.048695999999999996	0.050522000000000004	0.038581	-0.257576	3844800.0
2013-12-26	0.010426999999999999	0.049694	0.060198	0.049125999999999996	0.7345510000000001	4620100.0
2013-12-24	0.007778	0.047845	0.056572000000000004	0.047845	0.5437390000000001	2883600.0
2013-12-23	0.012155	0.05536900000000001	0.061739999999999996	0.052039	0.839485	5621900.0
2013-12-20	-0.007811	0.050142	0.05675	0.039224	-0.543754	12989700.0
2013-12-19	0.010665000000000001	0.047404	0.061051	0.046823000000000004	0.7345430000000001	6768100.0
2013-12-18	0.021794	0.052725	0.071121	0.04056	1.46907	7971400.0
2013-12-17	0.002127	0.050950999999999996	0.054221000000000005	0.038165	0.14308900000000002	6829100.0
2013-12-16	0.012784	0.05264099999999999	0.06679500000000001	0.05264099999999999	0.849015	6246600.0
2013-12-13	-0.000144	0.052339	0.055802	0.043005	-0.009537	5784300.0
2013-12-12	-0.00043099999999999996	0.042556000000000004	0.053692	0.035332999999999996	-0.028610000000000003	8756300.0
2013-12-11	-0.014671	0.06358899999999999	0.06952	0.044313	-0.989441	9519200.0
2013-12-10	0.006469	0.058232000000000006	0.069275	0.058082	0.433464	7112200.0
2013-12-09	-0.004898	0.05973099999999999	0.061513	0.053197	-0.329804	6477100.0
2013-12-06	0.017514	0.072398	0.080256	0.069376	1.15905	5542000.0
2013-12-05	0.0037159999999999997	0.06607	0.07198500000000001	0.062885	0.245011	5587000.0
2013-12-04	0.001001	0.053929	0.070022	0.052411	0.065956	4883800.0
2013-12-03	-0.014243	0.05089	0.053733	0.038319	-0.951744	8304700.0
2013-12-02	0.0052450000000000005	0.064977	0.0728	0.064526	0.348656	6774600.0
2013-11-29	-0.00325	0.065265	0.068714	0.055518	-0.216729	4801000.0
2013-11-27	-0.00576	0.061664	0.06226	0.050482	-0.386352	5446100.0
2013-11-26	0.020648	0.063955	0.090889	0.063651	1.356941	8850000.0
2013-11-25	-0.006553	0.066356	0.066961	0.052146000000000005	-0.433464	5830600.0
2013-11-22	0.0037170000000000003	0.06136799999999999	0.067134	0.059092	0.24498699999999998	4667500.0
2013-11-21	0.010256	0.064742	0.073173	0.061828999999999995	0.669045	4498300.0
2013-11-20	0.001592	0.061216	0.073499	0.060601999999999996	0.10365999999999999	4726800.0
2013-11-19	-0.005468	0.061063	0.064575	0.054192	-0.358085	4801700.0
2013-11-18	-0.007143000000000001	0.062126	0.062581	0.051059	-0.471146	4904400.0
2013-11-15	-0.000285	0.057427	0.06348999999999999	0.054092999999999995	-0.018837	6184400.0
2013-11-14	0.015224000000000001	0.063832	0.079372	0.061678	0.989411	7246600.0
2013-11-13	0.017707	0.055892	0.08032	0.053855999999999994	1.130779	5681000.0
2013-11-12	-0.008341	0.061061000000000004	0.06292400000000001	0.04693	-0.5371130000000001	6586700.0
2013-11-11	-0.0035	0.05966900000000001	0.063692	0.055180999999999994	-0.226158	4954000.0
2013-11-08	0.021296000000000002	0.056790999999999994	0.096933	0.054421000000000004	1.347515	16182800.0
2013-11-07	-0.026812	0.066445	0.066445	0.031841	-1.7432830000000001	10496300.0
2013-11-06	0.002179	0.066303	0.073085	0.05767100000000001	0.14135	6503200.0
2013-11-05	0.0005809999999999999	0.060599	0.065072	0.049649	0.037682	5140600.0
2013-11-04	-0.002898	0.067367	0.06952	0.051989999999999995	-0.188462	4790200.0
2013-11-01	0.006123	0.063073	0.070345	0.059824	0.395775	5008600.0
2013-10-31	0.0017530000000000002	0.061216	0.074081	0.05935599999999999	0.11308299999999999	5706100.0
2013-10-30	-0.006529000000000001	0.065836	0.067067	0.045972000000000006	-0.42404899999999995	5816100.0
2013-10-29	-0.001159	0.063062	0.067215	0.057833	-0.075379	4450200.0
2013-10-28	-0.003754	0.062595	0.064587	0.05600700000000001	-0.245002	4469200.0
2013-10-25	0.003041	0.065366	0.07381900000000001	0.059987	0.197883	6613300.0
2013-10-24	0.013652000000000001	0.062151	0.077886	0.059658	0.876358	6045400.0
2013-10-23	-0.012754000000000001	0.058294000000000006	0.064292	0.046144	-0.829239	5864500.0
2013-10-22	0.020559	0.06639600000000001	0.085074	0.063414	1.309811	7860700.0
2013-10-21	0.00685	0.063113	0.068802	0.061374	0.433472	4845800.0
2013-10-18	0.01099	0.06249400000000001	0.074797	0.054346000000000005	0.6878770000000001	7587000.0
2013-10-17	0.0010550000000000002	0.05865700000000001	0.065055	0.055298	0.065968	6952100.0
2013-10-16	-0.001355	0.064411	0.067925	0.056264999999999996	-0.08480499999999999	7724800.0
2013-10-15	-0.005836	0.059628	0.062963	0.046925	-0.367504	5943100.0
2013-10-14	0.009364	0.055927	0.073558	0.054324000000000004	0.58424	6461500.0
2013-10-11	0.009607	0.062511	0.07756	0.059922	0.593655	6735000.0
2013-10-10	0.031294	0.07606900000000001	0.095928	0.072898	1.8752060000000002	7676600.0
2013-10-09	-0.006406	0.061548	0.064201	0.046293	-0.386349	8746900.0
2013-10-08	-0.009134	0.060065999999999994	0.064174	0.05103	-0.5559609999999999	8636300.0
2013-10-07	-0.010873	0.053252999999999995	0.061378999999999996	0.049352999999999994	-0.669053	5840900.0
2013-10-04	0.019994	0.061216	0.084589	0.060388	1.206173	6546000.0
2013-10-03	-0.013255000000000001	0.058599	0.062034000000000006	0.044042000000000005	-0.810394	7264100.0
2013-10-02	0.000771	0.054996	0.069565	0.054178	0.047115	7218800.0
2013-10-01	0.005272	0.059241999999999996	0.073722	0.059077	0.320385	4881200.0
2013-09-30	-0.010738	0.053728	0.057309000000000006	0.048193	-0.659622	7463200.0
2013-09-27	-0.000766	0.056824	0.06447	0.052270000000000004	-0.047108	5586000.0
2013-09-26	0.012258	0.059735	0.075048	0.057923	0.7444310000000001	6971200.0
2013-09-25	0.0020210000000000002	0.06286599999999999	0.071281	0.059236000000000004	0.12249000000000002	7281400.0
2013-09-24	-0.006640999999999999	0.06433	0.067936	0.053513	-0.40519	8272800.0
2013-09-23	-0.003999	0.061706	0.06888899999999999	0.055829	-0.245002	8286600.0
2013-09-20	-0.010804000000000001	0.05944	0.063154	0.048137	-0.6690520000000001	29076200.0
2013-09-19	-0.020712	0.049831	0.051570000000000005	0.034176	-1.309815	11864800.0
2013-09-18	0.001941	0.056304999999999994	0.06739500000000001	0.049016000000000004	0.122498	9865600.0
2013-09-17	0.000597	0.059472000000000004	0.065338	0.057727999999999995	0.037689	6450700.0
2013-09-16	0.003749	0.071241	0.07649199999999999	0.06423999999999999	0.23558800000000002	9716500.0
2013-09-13	0.018323	0.067374	0.086171	0.061377999999999995	1.130783	12718700.0
2013-09-12	0.024241	0.058892999999999994	0.101215	0.05242	1.460587	22426500.0
2013-09-11	0.017667	0.06611399999999999	0.079964	0.06375	1.045967	9439700.0
2013-09-10	0.020133	0.06983099999999999	0.084994	0.067075	1.168472	9919600.0
2013-09-09	0.003258	0.064846	0.068995	0.05914199999999999	0.188461	7224500.0
2013-09-06	0.001468	0.06415900000000001	0.070391	0.049617	0.084801	7319400.0
2013-09-05	0.003109	0.060522	0.069725	0.058611	0.179047	6356600.0
2013-09-04	0.002954	0.061042	0.06626699999999999	0.054075	0.16961600000000002	14014600.0
2013-09-03	0.001644	0.071509	0.081453	0.057204	0.094231	7016400.0
2013-08-30	-0.004093	0.062259	0.06451699999999999	0.052008000000000006	-0.23558400000000002	5404100.0
2013-08-29	0.0044399999999999995	0.060517999999999995	0.073607	0.05667899999999999	0.254432	5396200.0
2013-08-28	0.001977	0.05684500000000001	0.06926	0.05632	0.113076	7161700.0
2013-08-27	-0.010758	0.05343200000000001	0.061216	0.047724	-0.62193	7734500.0
2013-08-26	-0.006156	0.061732	0.067749	0.05434	-0.358074	4499100.0
2013-08-23	0.00146	0.066725	0.067242	0.058116999999999995	0.084801	5505900.0
2013-08-22	0.008178	0.064341	0.073019	0.061563	0.47116099999999994	5302300.0
2013-08-21	-0.011959000000000001	0.056757	0.061216	0.047668	-0.697308	7185400.0
2013-08-20	0.0008089999999999999	0.060529999999999994	0.070828	0.060529999999999994	0.047116000000000005	5192100.0
2013-08-19	-0.005469	0.060875	0.061387	0.055413	-0.320385	5659900.0
2013-08-16	-0.003367	0.054241	0.06325800000000001	0.049818	-0.197892	8238800.0
2013-08-15	-0.024703	0.049934	0.050598000000000004	0.032014999999999995	-1.488853	9014100.0
2013-08-14	-0.00031299999999999996	0.060719	0.064368	0.052757000000000005	-0.018852	6413700.0
2013-08-13	0.000782	0.066694	0.066694	0.052584000000000006	0.047115	6025100.0
2013-08-12	-0.012359	0.053511	0.056298	0.043838	-0.753845	8004900.0
2013-08-09	-0.015512999999999999	0.056697000000000004	0.061216	0.042655	-0.9611629999999999	7945500.0
2013-08-08	-0.002428	0.06813999999999999	0.07007200000000001	0.049783999999999995	-0.150776	8826400.0
2013-08-07	-0.017002	0.027662	0.049346	0.014842	-1.074249	16970500.0
2013-08-06	0.015600999999999999	0.062340999999999994	0.079541	0.060413	0.970593	11546300.0
2013-08-05	-0.007367	0.06105700000000001	0.06169500000000001	0.046856	-0.46172799999999997	7265800.0
2013-08-02	0.017595	0.064463	0.081187	0.060729	1.0836569999999999	6098500.0
2013-08-01	0.010981999999999999	0.069588	0.081242	0.069095	0.669044	6338100.0
2013-07-31	0.0073230000000000005	0.06535	0.07675900000000001	0.064523	0.44288999999999995	7155300.0
2013-07-30	-0.0066549999999999995	0.062695	0.065487	0.05284	-0.40519299999999997	6210500.0
2013-07-29	-0.005693999999999999	0.058276999999999995	0.062033000000000005	0.052887	-0.348667	3805800.0
2013-07-26	0.006662	0.059900999999999996	0.069765	0.053983	0.40520500000000004	4949600.0
2013-07-25	-0.001392	0.055963	0.062858	0.054978	-0.08480900000000001	5407800.0
2013-07-24	0.002948	0.06352200000000001	0.07224900000000001	0.062534	0.179047	5326800.0
2013-07-23	0.000776	0.064512	0.067313	0.060063	0.047108	4534500.0
2013-07-22	-0.011664	0.061052999999999996	0.063985	0.046558999999999996	-0.716164	5973600.0
2013-07-19	-0.010027	0.062345000000000005	0.06460199999999999	0.046544	-0.6219210000000001	7220400.0
2013-07-18	0.007037999999999999	0.066737	0.077615	0.066087	0.43346	4962800.0
2013-07-17	0.005075	0.06758099999999999	0.068233	0.05681	0.31096599999999996	6846700.0
2013-07-16	-0.013651	0.061538	0.063953	0.04512	-0.848083	7470900.0
2013-07-15	-0.015676	0.06185	0.067237	0.043946	-0.9894370000000001	6458000.0
2013-07-12	0.0060079999999999995	0.058188	0.067911	0.050856	0.37692600000000004	5889900.0
2013-07-11	0.025727999999999997	0.07331499999999999	0.092606	0.07331499999999999	1.5736729999999999	8329800.0
2013-07-10	-0.000462	0.059909000000000004	0.067099	0.055170000000000004	-0.02827	5761700.0
2013-07-09	0.003554	0.07122	0.07482799999999999	0.06023200000000001	0.21673499999999998	4556400.0
2013-07-08	0.013944999999999999	0.068865	0.077346	0.06687	0.838658	6679700.0
2013-07-05	0.0033009999999999997	0.065721	0.066889	0.052875	0.19788699999999998	5645800.0
2013-07-03	0.005533	0.054338	0.070778	0.049641000000000005	0.329808	3351800.0
2013-07-02	-0.01048	0.059556	0.064702	0.047106999999999996	-0.631352	7690500.0
2013-07-01	0.012352	0.072811	0.09096	0.06928200000000001	0.735004	8221600.0
2013-06-28	-0.008945	0.061882000000000006	0.07454	0.051723000000000005	-0.537117	10560300.0
2013-06-27	0.008068	0.068603	0.073976	0.065246	0.480584	4875900.0
2013-06-26	0.010229	0.067661	0.076311	0.064269	0.6030800000000001	5720400.0
2013-06-25	0.002082	0.068694	0.072433	0.062236	0.122502	6776700.0
2013-06-24	-0.0046229999999999995	0.053096000000000004	0.06561499999999999	0.045822	-0.27327399999999996	6494500.0
2013-06-21	0.012101	0.072174	0.08005	0.058477	0.706738	11892400.0
2013-06-20	-0.03653	0.042905	0.047854	0.019809999999999998	-2.21444	12260800.0
2013-06-19	-0.014704	0.059591	0.065442	0.045613	-0.904617	6871400.0
2013-06-18	0.012405	0.063191	0.077672	0.06236799999999999	0.753845	5234400.0
2013-06-17	0.010815	0.069533	0.083339	0.068701	0.6502	6752000.0
2013-06-14	-0.007776000000000001	0.056429999999999994	0.063362	0.050158	-0.471164	5311800.0
2013-06-13	0.020797	0.061216	0.084971	0.053298000000000005	1.2344389999999998	5584900.0
2013-06-12	-0.012695999999999999	0.069866	0.072028	0.045747	-0.763275	7663200.0
2013-06-11	-0.00047000000000000004	0.052737	0.06903	0.046918	-0.028267	6454800.0
2013-06-10	-0.015729	0.062198	0.06318	0.042398000000000005	-0.961158	6729500.0
2013-06-07	0.027083	0.069452	0.090293	0.063065	1.6113540000000002	7611300.0
2013-06-06	0.000317	0.06088	0.064579	0.043059	0.018844999999999997	8661900.0
2013-06-05	-0.019114	0.056269000000000007	0.057423	0.035655	-1.159046	8893600.0
2013-06-04	0.008621	0.06337899999999999	0.080012	0.062214	0.5182720000000001	8147700.0
2013-06-03	0.011414	0.06088	0.073666	0.051963	0.678463	8705600.0
2013-05-31	-0.024285	0.059903	0.067454	0.035281	-1.479435	11280900.0
2013-05-30	-0.024298	0.064099	0.07483	0.030144999999999998	-1.517132	13052700.0
2013-05-29	-0.006448000000000001	0.056124	0.057875	0.046099	-0.40518899999999997	6954000.0
2013-05-28	0.018323	0.069156	0.08179600000000001	0.06818400000000001	1.130783	8280000.0
2013-05-24	0.003986	0.053407	0.066097	0.04755	0.244995	8846100.0
2013-05-23	-0.005185	0.049887	0.059112	0.039691000000000004	-0.320377	7536200.0
2013-05-22	-0.00395	0.060088	0.075402	0.052189	-0.24501399999999998	8142400.0
2013-05-21	-0.004386	0.06490800000000001	0.06571	0.054636000000000004	-0.273266	7359100.0
2013-05-20	-0.006909	0.061216	0.061535	0.052769	-0.433472	5893300.0
2013-05-17	0.001655	0.056267	0.062972	0.048604	0.10366099999999999	9160100.0
2013-05-16	-0.017733000000000002	0.06043200000000001	0.064666	0.038163	-1.130783	8473100.0
2013-05-15	0.002964	0.06043	0.06625	0.056655	0.188472	7925900.0
2013-05-14	0.002228	0.06295	0.06389600000000001	0.055857000000000004	0.14133900000000002	9675400.0
2013-05-13	0.001786	0.057426	0.06627000000000001	0.056795000000000005	0.11308599999999999	5195000.0
2013-05-10	0.00795	0.061535	0.073314	0.055964	0.499432	8654000.0
2013-05-09	0.010305	0.057035	0.07922799999999999	0.053497	0.640774	11325000.0
2013-05-08	-0.0012109999999999998	0.06009199999999999	0.06009199999999999	0.036963	-0.07539	17803200.0
2013-05-07	0.015524000000000001	0.067415	0.07801699999999999	0.056486	0.951736	14539100.0
2013-05-06	0.004012	0.065965	0.074154	0.056466999999999996	0.24499899999999997	10239600.0
2013-05-03	0.014402000000000002	0.0662	0.077331	0.061216	0.8669319999999999	9196000.0
2013-05-02	0.0106	0.06440599999999999	0.073304	0.059537	0.631352	5249600.0
2013-05-01	0.005888	0.061891999999999996	0.072362	0.060541	0.348652	7468900.0
2013-04-30	-0.0025399999999999997	0.060037	0.062564	0.051783	-0.15076900000000001	8528800.0
2013-04-29	0.018264	0.077511	0.084887	0.07356599999999999	1.06482	7203900.0
2013-04-26	-0.002097	0.06224299999999999	0.06617999999999999	0.053514	-0.12250599999999999	7038500.0
2013-04-25	0.0009689999999999999	0.062415	0.065157	0.054534000000000006	0.056538	6680900.0
2013-04-24	-0.010385	0.063251	0.066472	0.044261	-0.612507	7335400.0
2013-04-23	0.009353	0.06789099999999999	0.071656	0.053173000000000005	0.546547	6260800.0
2013-04-22	0.00731	0.061733	0.070525	0.054148	0.42404200000000003	6306900.0
2013-04-19	0.026170999999999996	0.065816	0.088989	0.065816	1.479435	9488300.0
2013-04-18	-0.011371	0.060516999999999994	0.061041	0.047225	-0.650204	9203200.0
2013-04-17	-0.001152	0.054229	0.06016799999999999	0.048464	-0.065952	11531200.0
2013-04-16	0.031758999999999996	0.068065	0.09492	0.064821	1.762127	10309400.0
2013-04-15	-0.027581	0.056134	0.063319	0.031246	-1.573666	12027900.0
2013-04-12	0.0	0.056659	0.064371	0.056309000000000005	0.0	8533000.0
2013-04-11	0.00732	0.061216	0.071103	0.059627	0.41462	9241800.0
2013-04-10	0.016402	0.065343	0.07916000000000001	0.064805	0.9140469999999999	8438100.0
2013-04-09	0.0054399999999999995	0.059412	0.06879400000000001	0.055804	0.301536	8864800.0
2013-04-08	0.019411	0.06360700000000001	0.081815	0.06232000000000001	1.055394	9796200.0
2013-04-05	0.0019100000000000002	0.048317	0.063796	0.038735000000000006	0.103656	7034700.0
2013-04-04	0.005939	0.061772	0.069928	0.05991900000000001	0.320385	6412400.0
2013-04-03	-0.003655	0.064541	0.066572	0.052721000000000004	-0.197879	8101000.0
2013-04-02	0.013583000000000001	0.067768	0.07562999999999999	0.06627100000000001	0.725578	6575300.0
2013-04-01	-0.0019370000000000001	0.062898	0.067569	0.049072000000000005	-0.103657	6722400.0
2013-03-28	0.005843999999999999	0.063471	0.070049	0.061779999999999995	0.310967	6705600.0
2013-03-27	-0.002825	0.055782000000000005	0.05878	0.049223	-0.150773	6392400.0
2013-03-26	0.0074719999999999995	0.064992	0.071034	0.06348200000000001	0.39577199999999996	4675600.0
2013-03-25	-0.010039	0.065328	0.067384	0.044208	-0.537117	7881500.0
2013-03-22	0.008347	0.067624	0.07610399999999999	0.065174	0.442882	5500200.0
2013-03-21	-0.011064000000000001	0.057489	0.059539	0.046679000000000005	-0.593655	5168500.0
2013-03-20	0.011188	0.066493	0.077047	0.065551	0.593655	6018700.0
2013-03-19	-0.00915	0.061216	0.06532400000000001	0.041235	-0.49000900000000003	8884200.0
2013-03-18	-0.013025	0.052001	0.054028	0.045919	-0.70673	5125800.0
2013-03-15	-0.002944	0.056622000000000006	0.061767999999999997	0.05368200000000001	-0.160191	13788100.0
2013-03-14	0.00715	0.061401	0.0701	0.059921	0.386345	5908200.0
2013-03-13	0.004027	0.062145000000000006	0.067348	0.058057000000000004	0.216736	5209800.0
2013-03-12	-0.009539	0.05864	0.060663999999999996	0.043548	-0.5182760000000001	7159100.0
2013-03-11	0.004705	0.061216	0.067873	0.060292	0.254425	7155200.0
2013-03-08	0.018999000000000002	0.06573899999999999	0.083639	0.064985	1.008282	8157800.0
2013-03-07	-0.0007099999999999999	0.061216	0.063287	0.054626	-0.037697	4813700.0
2013-03-06	-0.002125	0.062155999999999996	0.06798	0.056895	-0.113076	5572600.0
2013-03-05	0.012186	0.064069	0.076051	0.063118	0.640778	7067900.0
2013-03-04	0.008494	0.057955999999999994	0.070998	0.054887	0.44288299999999997	6357400.0
2013-03-01	0.013556	0.055773	0.076379	0.055578999999999996	0.697311	8311500.0
2013-02-28	0.002019	0.062385	0.072125	0.059463	0.10366099999999999	6605000.0
2013-02-27	0.010761	0.061216	0.07618	0.06023200000000001	0.546543	7243500.0
2013-02-26	0.005785	0.065573	0.070127	0.061413999999999996	0.292118	6238300.0
2013-02-25	-0.012166	0.068063	0.07178	0.048306	-0.621929	9830200.0
2013-02-22	0.001477	0.065526	0.069248	0.056514999999999996	0.075386	7603600.0
2013-02-21	-0.007875	0.060828	0.065492	0.049749	-0.405197	6802500.0
2013-02-20	-0.020276	0.059122	0.06293	0.038937	-1.064816	8460700.0
2013-02-19	0.0021579999999999998	0.060644	0.067704	0.060453	0.113071	7780500.0
2013-02-15	0.013302000000000001	0.06450399999999999	0.075526	0.06141	0.687897	17783400.0
2013-02-14	-0.001456	0.060444000000000005	0.06527100000000001	0.056389	-0.075382	8564500.0
2013-02-13	0.000182	0.06372699999999999	0.067976	0.055809000000000004	0.009415	5701400.0
2013-02-12	0.003653	0.061604	0.067031	0.060052999999999995	0.188469	8758100.0
2013-02-11	0.0016460000000000001	0.061022	0.067429	0.05985700000000001	0.08480399999999999	6358600.0
2013-02-08	0.005519	0.061607	0.068244	0.060239999999999995	0.282696	9584300.0
2013-02-07	-0.002935	0.052457000000000004	0.060438	0.03961	-0.150768	11723200.0
2013-02-06	0.0042369999999999994	0.082914	0.084868	0.06356200000000001	0.21673499999999998	26833600.0
2013-02-05	0.007236	0.070273	0.071258	0.063185	0.367501	10246400.0
2013-02-04	-0.01264	0.05285700000000001	0.059467	0.045859	-0.650204	7717400.0
2013-02-01	0.013178	0.067125	0.080715	0.06653400000000001	0.669048	9552300.0
2013-01-31	0.001673	0.062202999999999994	0.070292	0.058454	0.08480900000000001	7333900.0
2013-01-30	-0.0037049999999999995	0.058464	0.061413	0.052568	-0.188469	9821800.0
2013-01-29	-0.006806	0.057116999999999994	0.058288	0.045013	-0.348652	7786400.0
2013-01-28	-0.000368	0.059265	0.064729	0.055751999999999996	-0.018849	7133500.0
2013-01-25	0.00797	0.058266	0.073215	0.054528	0.40520100000000003	7939400.0
2013-01-24	0.0	0.06279	0.079313	0.060626	0.0	13608000.0
2013-01-23	0.023137	0.063833	0.089996	0.062223	1.149624	13842700.0
2013-01-22	0.007451	0.062229999999999994	0.070543	0.057972	0.367501	6635200.0
2013-01-18	-0.001336	0.057774	0.059799	0.049067	-0.06596	8490900.0
2013-01-17	0.017077000000000002	0.067601	0.085312	0.067601	0.829239	10132100.0
2013-01-16	0.008612	0.056230999999999996	0.075549	0.05519299999999999	0.41461499999999996	7371800.0
2013-01-15	0.009883	0.058699	0.072963	0.05786	0.47116099999999994	7299500.0
2013-01-14	0.000197	0.05744	0.066461	0.052824	0.009411	9308800.0
2013-01-11	-0.004135	0.061842999999999995	0.066022	0.054112	-0.19788	7149000.0
2013-01-10	0.000197	0.063097	0.070829	0.057246000000000005	0.009422	8097400.0
2013-01-09	0.000394	0.06477000000000001	0.076687	0.061216	0.018849	8389000.0
2013-01-08	-0.00412	0.05934299999999999	0.065589	0.052888	-0.197884	8637600.0
2013-01-07	-0.023375999999999997	0.052473	0.052473	0.030106	-1.149627	9472100.0
2013-01-04	0.019137	0.064739	0.084633	0.063703	0.923473	8745900.0
2013-01-03	0.002153	0.060177999999999995	0.0662	0.055817	0.103649	7566600.0
2013-01-02	0.026310000000000004	0.082743	0.092334	0.079333	1.234428	11674700.0
2012-12-31	0.013021000000000001	0.055602	0.075251	0.053659000000000005	0.603085	10224500.0
2012-12-28	-0.007672	0.05736	0.064859	0.050289	-0.358074	6985800.0
2012-12-27	-0.006418999999999999	0.060152	0.06440900000000001	0.040993	-0.301544	6948200.0
2012-12-26	-0.000601	0.060578	0.06334400000000001	0.052067999999999996	-0.028270999999999998	4200200.0
2012-12-24	-0.0024	0.059517999999999995	0.065461	0.05782	-0.113075	2772000.0
2012-12-21	-0.01826	0.050381	0.057465999999999996	0.03517	-0.876351	15996900.0
2012-12-20	0.019824	0.058878999999999994	0.085016	0.058878999999999994	0.932892	8410700.0
2012-12-19	-0.005576	0.059737	0.067344	0.055299	-0.263855	8382100.0
2012-12-18	0.019075	0.062724	0.083612	0.058417	0.8857799999999999	14023800.0
2012-12-17	0.012532999999999999	0.06230700000000001	0.075389	0.061216	0.574814	10324500.0
2012-12-14	-0.008959	0.059054999999999996	0.06143200000000001	0.049115	-0.41461499999999996	8086400.0
2012-12-13	-0.010676999999999999	0.060575	0.062285	0.045610000000000005	-0.499432	6108000.0
2012-12-12	0.0032340000000000003	0.067221	0.07387	0.059928999999999996	0.150768	6474300.0
2012-12-11	0.0036509999999999997	0.062723	0.07606900000000001	0.06250800000000001	0.169628	9040000.0
2012-12-10	0.001218	0.060570000000000006	0.067035	0.060139	0.056527	5264500.0
2012-12-07	0.003669	0.063812	0.068138	0.060135	0.16962	5279200.0
2012-12-06	0.0045049999999999995	0.059913	0.067518	0.05513200000000001	0.20731	4828900.0
2012-12-05	0.005882	0.080354	0.090626	0.074015	0.26913400000000004	9182300.0
2012-12-04	0.00020299999999999997	0.076638	0.08101	0.06789400000000001	0.009281999999999999	8400900.0
2012-12-03	-0.007451	0.079899	0.08489	0.069051	-0.343377	8395400.0
2012-11-30	-0.001207	0.079463	0.08227999999999999	0.067327	-0.055687	12343900.0
2012-11-29	0.010569	0.084302	0.091748	0.08014099999999999	0.48259399999999997	7232200.0
2012-11-28	0.012346	0.07463	0.091924	0.060663	0.5568390000000001	8148500.0
2012-11-27	-0.00877	0.078172	0.081249	0.066524	-0.399067	6720400.0
2012-11-26	-0.0046689999999999995	0.071388	0.081231	0.069857	-0.213455	6935800.0
2012-11-23	0.011914	0.082161	0.090793	0.080169	0.538273	3353600.0
2012-11-21	0.004954999999999999	0.078847	0.088857	0.076623	0.22274000000000002	6763300.0
2012-11-20	0.011062	0.074589	0.090782	0.07189	0.491871	7465100.0
2012-11-19	0.010333	0.083875	0.091373	0.078194	0.45475	8512400.0
2012-11-16	-0.001053	0.080237	0.084095	0.067979	-0.046398	9833400.0
2012-11-15	0.00636	0.079112	0.088249	0.072716	0.278423	11416900.0
2012-11-14	-0.016472	0.079085	0.07931	0.057067999999999994	-0.7331850000000001	9776400.0
2012-11-13	0.010748	0.073652	0.09954	0.073652	0.47331599999999996	12269300.0
2012-11-12	0.008287000000000001	0.087358	0.09056399999999999	0.075223	0.361946	12344500.0
2012-11-09	-0.059552	0.011837	0.032508999999999996	0.0019320000000000001	-2.765628	34216900.0
2012-11-08	-0.000799	0.07772799999999999	0.093865	0.07407000000000001	-0.037125	11124200.0
2012-11-07	-0.0077269999999999995	0.081356	0.081356	0.058725	-0.361942	8533200.0
2012-11-06	0.0029809999999999997	0.082866	0.08565	0.072373	0.139209	7691200.0
2012-11-05	0.009226	0.09804299999999999	0.099123	0.07664800000000001	0.426907	9575100.0
2012-11-02	0.001607	0.095911	0.10370399999999999	0.077296	0.074249	14027500.0
2012-11-01	0.013436000000000002	0.081022	0.103617	0.081022	0.612522	10582900.0
2012-10-31	-0.019169	0.100535	0.102471	0.049972	-0.8909450000000001	20702900.0
2012-10-26	-0.0035810000000000004	0.079657	0.08351499999999999	0.061648	-0.167049	8359800.0
2012-10-25	-0.0077	0.083469	0.085597	0.062834	-0.36194299999999996	6794100.0
2012-10-24	-0.002167	0.08154600000000001	0.08430499999999999	0.073267	-0.102089	6069500.0
2012-10-23	-0.019888	0.067942	0.068358	0.055875	-0.955909	8531000.0
2012-10-22	-0.00212	0.075644	0.080627	0.06713200000000001	-0.102089	6131800.0
2012-10-19	-0.00992	0.079157	0.08100700000000001	0.060657	-0.48258199999999996	8454800.0
2012-10-18	0.002486	0.076894	0.086786	0.074009	0.120643	6290600.0
2012-10-17	0.020492	0.080877	0.101906	0.07940499999999999	0.9744649999999999	7787900.0
2012-10-16	0.00886	0.085574	0.092575	0.083665	0.417633	4997300.0
2012-10-15	0.003953	0.077513	0.08219800000000001	0.072614	0.185611	6871200.0
2012-10-12	0.004966	0.082008	0.086289	0.079225	0.23201799999999997	6135600.0
2012-10-11	-0.016988999999999997	0.080038	0.084877	0.056261	-0.807419	10118400.0
2012-10-10	-0.005824	0.075002	0.080023	0.068727	-0.278419	6407900.0
2012-10-09	-0.01567	0.077307	0.077513	0.059599	-0.761013	8072100.0
2012-10-08	-0.012081999999999999	0.065307	0.067952	0.060019	-0.593956	5827900.0
2012-10-05	0.00646	0.081812	0.088159	0.080174	0.31554	5223200.0
2012-10-04	0.0030489999999999996	0.082647	0.090039	0.07587	0.14848699999999998	6507800.0
2012-10-03	0.016073	0.079182	0.099422	0.078556	0.770302	6626600.0
2012-10-02	-0.008258	0.07875399999999999	0.081237	0.065096	-0.399075	7243900.0
2012-10-01	-0.004017	0.07813099999999999	0.08946699999999999	0.07009299999999999	-0.194889	6557200.0
2012-09-28	-0.005706	0.074029	0.076488	0.066651	-0.278427	6695200.0
2012-09-27	0.012322	0.081247	0.094939	0.078135	0.593968	5309400.0
2012-09-26	-0.01142	0.075052	0.078743	0.061721000000000005	-0.556843	8017900.0
2012-09-25	-0.007181	0.076902	0.087286	0.069775	-0.352665	7421200.0
2012-09-24	0.0034130000000000002	0.07608200000000001	0.083846	0.074857	0.167049	6148000.0
2012-09-21	0.001519	0.083242	0.09245	0.078945	0.074253	13229300.0
2012-09-20	-0.000759	0.071992	0.08180599999999999	0.071992	-0.037124000000000004	8598300.0
2012-09-19	0.015413999999999999	0.075021	0.099312	0.075021	0.7424430000000001	7822500.0
2012-09-18	-0.004794	0.075033	0.07689299999999999	0.069661	-0.23201	7100800.0
2012-09-17	-0.0038200000000000005	0.076895	0.07915900000000001	0.069485	-0.185604	7852900.0
2012-09-14	-0.004753	0.07443999999999999	0.080585	0.068704	-0.23202199999999998	9507000.0
2012-09-13	0.017408	0.078138	0.097729	0.078138	0.835255	11184700.0
2012-09-12	0.002715	0.078348	0.082319	0.071452	0.129925	7100200.0
2012-09-11	0.000776	0.076467	0.08065	0.07562999999999999	0.037124000000000004	6631700.0
2012-09-10	-0.004252000000000001	0.074805	0.078762	0.072098	-0.204174	7479300.0
2012-09-07	-0.002314	0.07772000000000001	0.080421	0.073357	-0.111366	8923600.0
2012-09-06	0.021067	0.075603	0.100425	0.07433	0.993031	10124600.0
2012-09-05	0.022755	0.08792799999999999	0.111795	0.08684299999999999	1.048713	16689300.0
