2017-09-01	-0.002406	0.002062	0.002864	-0.006529	-0.210007	1364000.000000
2016-09-01	-0.004143	0.043913	0.045747	0.036967	-0.316116	2428600.0
2016-08-31	0.001761	0.043913	0.046932	0.039974	0.13410899999999998	3546200.0
2016-08-30	-0.011437000000000001	0.043394	0.048455	0.030416000000000002	-0.881309	3101000.0
2016-08-29	0.006506999999999999	0.046395	0.052926	0.045872	0.498146	1923400.0
2016-08-26	-0.022146000000000002	0.044039999999999996	0.049533	0.019517	-1.7338790000000002	2400700.0
2016-08-25	0.002085	0.045193000000000004	0.050569	0.042505	0.162864	1858300.0
2016-08-24	0.00135	0.043016000000000006	0.047758	0.035582	0.10537	2048600.0
2016-08-23	-0.005372999999999999	0.04557	0.049776999999999995	0.038049	-0.421501	2199400.0
2016-08-22	0.002939	0.046853	0.0512	0.041867	0.229904	1888000.0
2016-08-19	-0.013651	0.039751	0.041138	0.024366	-1.082458	2631900.0
2016-08-18	0.013343	0.042251	0.057842	0.04174	1.044136	3960500.0
2016-08-17	0.015413	0.043913	0.061689999999999995	0.027044	1.187851	5850900.0
2016-08-16	-0.014818000000000001	0.041995	0.04289	0.027933	-1.1591040000000001	4649000.0
2016-08-15	-0.021919	0.045413	0.047789	0.020406	-1.753021	4025600.0
2016-08-12	-0.005005	0.046774	0.048764999999999996	0.038189999999999995	-0.402336	2634700.0
2016-08-11	0.0014320000000000001	0.045531999999999996	0.046155	0.039800999999999996	0.114952	2731400.0
2016-08-10	-0.001013	0.045842	0.052189	0.036507	-0.081413	2732100.0
2016-08-09	-0.000118	0.053559	0.058163	0.049825	-0.009484000000000001	3195900.0
2016-08-08	0.006055	0.055805999999999994	0.065697	0.049796	0.483605	3977500.0
2016-08-05	-0.011849	0.051585	0.051585	0.039832	-0.957741	3540200.0
2016-08-04	0.001057	0.05269600000000001	0.058889	0.05022	0.085342	2351700.0
2016-08-03	-0.004792	0.052952	0.054801	0.043954	-0.38879400000000003	3076800.0
2016-08-02	-0.001051	0.049506	0.055539	0.044212	-0.08533400000000001	3083400.0
2016-08-01	0.000701	0.052213	0.05960599999999999	0.051351	0.056892	2445500.0
2016-07-29	0.004577	0.057648000000000005	0.064332	0.054678	0.369827	3197300.0
2016-07-28	0.0043619999999999996	0.055050999999999996	0.062013	0.052191999999999995	0.350853	1724800.0
2016-07-27	-0.010729	0.052709000000000006	0.053324	0.034877	-0.8724059999999999	3751700.0
2016-07-26	-0.010843	0.053946	0.056379	0.040808	-0.8913719999999999	2250000.0
2016-07-25	0.002196	0.05443200000000001	0.057114	0.048824	0.180168	2185600.0
2016-07-22	0.012881	0.052702	0.069002	0.049615	1.0430979999999999	2226900.0
2016-07-21	0.005652	0.050084	0.061757000000000006	0.045986	0.45517700000000005	2342500.0
2016-07-20	-0.005388	0.054554	0.055172000000000006	0.044673000000000004	-0.43621000000000004	2124900.0
2016-07-19	0.001525	0.053564	0.057523000000000005	0.049235	0.123268	4025300.0
2016-07-18	0.003886	0.057162	0.063371	0.055548	0.312942	2965400.0
2016-07-15	0.002006	0.05754	0.061273	0.050821	0.161194	2334400.0
2016-07-14	-0.003527	0.047113999999999996	0.05319	0.044015	-0.284485	2990600.0
2016-07-13	0.0072239999999999995	0.061423	0.064171	0.055428	0.578454	3694900.0
2016-07-12	-0.018254	0.048301	0.051365999999999995	0.034446	-1.4887780000000002	3768900.0
2016-07-11	0.0	0.047443	0.055902999999999994	0.037021	0.0	2648500.0
2016-07-08	0.008442	0.052947	0.064075	0.041324	0.682747	2809900.0
2016-07-07	-0.02224	0.049235	0.052015	0.026869	-1.839645	4186600.0
2016-07-06	0.0034509999999999996	0.053704999999999996	0.059164	0.04679	0.284477	3785900.0
2016-07-05	0.015182	0.056525	0.071672	0.054308	1.2327649999999999	3746900.0
2016-07-01	-0.001865	0.056028999999999995	0.058979	0.042016000000000005	-0.151725	3402700.0
2016-06-30	0.019489	0.056434000000000005	0.07510599999999999	0.054429	1.55516	5473100.0
2016-06-29	0.002502	0.058072000000000006	0.061589	0.051036	0.199127	3699800.0
2016-06-28	-0.000595	0.051792	0.05467999999999999	0.043631	-0.047409	4507000.0
2016-06-27	0.018925	0.053914	0.076687	0.052763	1.4793020000000001	4392800.0
2016-06-24	0.004631000000000001	0.049156	0.070491	0.046327999999999994	0.36032800000000004	3699300.0
2016-06-23	0.002689	0.054941	0.05751799999999999	0.048497000000000005	0.20862600000000003	1582700.0
2016-06-22	-0.002073	0.055197	0.056869	0.051082	-0.161209	1697700.0
2016-06-21	0.0	0.05031	0.061113	0.047867	0.0	2042600.0
2016-06-20	-0.01181	0.051377	0.053537	0.033458	-0.929298	3800800.0
2016-06-17	0.005453	0.05519299999999999	0.06056	0.046120999999999995	0.426727	5575900.0
2016-06-16	0.012265	0.05934	0.06981699999999999	0.056753	0.9482729999999999	3395900.0
2016-06-15	-0.010679000000000001	0.05468200000000001	0.056728999999999995	0.040094	-0.8344959999999999	3229000.0
2016-06-14	0.009803000000000001	0.053262000000000004	0.06527899999999999	0.050548	0.758621	3120300.0
2016-06-13	0.004555	0.059226999999999995	0.06442	0.055722	0.350869	2872000.0
2016-06-10	-0.000246	0.054165	0.058966	0.046248000000000004	-0.018982	3223000.0
2016-06-09	0.009316	0.053506	0.066343	0.049576999999999996	0.711204	2533700.0
2016-06-08	0.006501000000000001	0.052577	0.06141	0.052577	0.49311099999999997	1672300.0
2016-06-07	0.0018789999999999998	0.059838	0.062876	0.054422000000000005	0.14225	1957700.0
2016-06-06	-0.002997	0.057055999999999996	0.05969	0.047838	-0.227608	3007800.0
2016-06-03	0.014441999999999998	0.06390499999999999	0.07486	0.063638	1.08104	4165500.0
2016-06-02	-0.0010119999999999999	0.05055	0.054421000000000004	0.040408	-0.07586699999999999	2453100.0
2016-06-01	0.010099	0.054824	0.065338	0.051454	0.749138	2917000.0
2016-05-31	0.003206	0.05496	0.059828	0.050497	0.237053	4165000.0
2016-05-27	0.00025699999999999996	0.054284000000000006	0.056989	0.049684	0.018974	2192900.0
2016-05-26	0.013125	0.055102	0.06908099999999999	0.055102	0.9577559999999999	1816700.0
2016-05-25	-0.0005200000000000001	0.05400599999999999	0.056198000000000005	0.045788	-0.037933	3613400.0
2016-05-24	0.011031000000000001	0.058293	0.067571	0.055662	0.796531	2423600.0
2016-05-23	-0.011039	0.055102	0.05701900000000001	0.041954000000000005	-0.8060149999999999	2755000.0
2016-05-20	0.00039	0.058526999999999996	0.058664	0.047704	0.028443	2444600.0
2016-05-19	0.005224	0.049045	0.060614	0.042848000000000004	0.379318	2883000.0
2016-05-18	-0.02688	0.053415	0.053415	0.023393999999999998	-2.005608	4103700.0
2016-05-17	-0.018394999999999998	0.064295	0.064295	0.040089	-1.398239	3682100.0
2016-05-16	0.002848	0.063104	0.068777	0.057562999999999996	0.21584299999999998	2426500.0
2016-05-13	-0.003824	0.065611	0.06653099999999999	0.054965	-0.290931	2612500.0
2016-05-12	0.00733	0.06375700000000001	0.07607	0.057932000000000004	0.5536800000000001	2762300.0
2016-05-11	0.005371	0.06880499999999999	0.071467	0.058823	0.403519	2704400.0
2016-05-10	0.0	0.07026900000000001	0.071467	0.062683	0.0	2457800.0
2016-05-09	0.008565999999999999	0.065074	0.079706	0.062389	0.638138	2679100.0
2016-05-06	-0.009978	0.06468099999999999	0.064946	0.041423	-0.750748	4454200.0
2016-05-05	0.002	0.06135	0.075199	0.05921900000000001	0.150154	3698400.0
2016-05-04	0.014967	0.06547599999999999	0.089534	0.062908	1.107338	4192400.0
2016-05-03	-0.001267	0.065611	0.074655	0.057915999999999995	-0.093842	3018900.0
2016-05-02	0.002031	0.066287	0.07710800000000001	0.06425800000000001	0.150162	2990200.0
2016-04-29	0.0056159999999999995	0.058401999999999996	0.072548	0.050648	0.41290299999999996	2727400.0
2016-04-28	0.003587	0.055509	0.070525	0.051414	0.262756	2287000.0
2016-04-27	0.014425	0.069627	0.088183	0.066442	1.041664	2927600.0
2016-04-26	0.002475	0.068526	0.071858	0.062417999999999994	0.178292	2105200.0
2016-04-25	-0.003246	0.06298200000000001	0.067825	0.057585000000000004	-0.234612	2807400.0
2016-04-22	0.008777	0.069799	0.076499	0.066867	0.628762	2711600.0
2016-04-21	-0.023785	0.065611	0.066837	0.038494	-1.7454759999999998	4967100.0
2016-04-20	-0.019927	0.06828200000000001	0.071754	0.043441	-1.492104	3238200.0
2016-04-19	-0.007587000000000001	0.067732	0.06879199999999999	0.051164	-0.572449	3543500.0
2016-04-18	0.005	0.065611	0.070939	0.058817999999999995	0.375374	1986400.0
2016-04-15	0.006923	0.065745	0.075268	0.064136	0.5161439999999999	2520800.0
2016-04-14	-0.002261	0.065343	0.067351	0.05798300000000001	-0.16893	1807800.0
2016-04-13	-0.0073549999999999996	0.068135	0.068135	0.051132	-0.553665	1899900.0
2016-04-12	0.009819	0.06976900000000001	0.078354	0.064404	0.7319720000000001	2075300.0
2016-04-11	-0.004137	0.06654600000000001	0.07122200000000001	0.061069000000000005	-0.309677	1928300.0
2016-04-08	0.0060539999999999995	0.07017999999999999	0.07985700000000001	0.068971	0.450431	1953700.0
2016-04-07	-0.0008820000000000001	0.063463	0.074339	0.063463	-0.06568099999999999	2506900.0
2016-04-06	-0.006758	0.061610000000000005	0.063877	0.049207	-0.506744	3309100.0
2016-04-05	-0.014675	0.065217	0.069553	0.048264999999999995	-1.116738	3002200.0
2016-04-04	-0.000493	0.065874	0.068895	0.056023	-0.037536	1903400.0
2016-04-01	0.0055780000000000005	0.06296900000000001	0.074064	0.060328	0.42229399999999995	3155300.0
2016-03-31	0.004107	0.065611	0.070385	0.058449	0.309685	2813000.0
2016-03-30	-0.001119	0.065081	0.067598	0.056867999999999995	-0.084458	1660100.0
2016-03-29	0.012078	0.06856	0.07875	0.05998	0.9008790000000001	2771700.0
2016-03-28	-0.003386	0.065611	0.073628	0.05973200000000001	-0.253372	1745700.0
2016-03-24	-0.000752	0.06200599999999999	0.069616	0.059202	-0.056304999999999994	2609500.0
2016-03-23	0.01179	0.065341	0.080876	0.059532	0.872742	2565700.0
2016-03-22	-0.008048	0.06427100000000001	0.069363	0.056498	-0.600601	2862800.0
2016-03-21	-0.001883	0.057451999999999996	0.069356	0.050631	-0.140755	2940600.0
2016-03-18	-0.004001	0.069208	0.071073	0.05801799999999999	-0.30030100000000004	6526800.0
2016-03-17	0.013172999999999999	0.066961	0.08275199999999999	0.061966999999999994	0.97596	4042000.0
2016-03-16	0.011531	0.067659	0.07967300000000001	0.052368	0.8445889999999999	3422100.0
2016-03-15	0.004246	0.06259400000000001	0.073015	0.061772	0.309678	3312300.0
2016-03-14	-0.0005139999999999999	0.068352	0.069448	0.058074	-0.037537	2902300.0
2016-03-11	0.0064719999999999995	0.074714	0.077886	0.06905900000000001	0.46921499999999994	2908900.0
2016-03-10	-0.003225	0.065611	0.070698	0.0564	-0.23461100000000001	4552800.0
2016-03-09	0.003106	0.061887	0.073334	0.05775	0.225227	5048700.0
2016-03-08	0.013377000000000002	0.066589	0.080425	0.06072	0.957199	4691500.0
2016-03-07	0.014368	0.063201	0.081063	0.06065	1.01352	3469800.0
2016-03-04	0.011301	0.060592999999999994	0.083101	0.056149	0.788253	3826800.0
2016-03-03	0.009507	0.067492	0.077044	0.055625	0.656907	4238000.0
2016-03-02	0.003817	0.065611	0.073311	0.052972000000000005	0.262764	12097000.0
2016-03-01	-0.01252	0.071062	0.071923	0.042944	-0.872735	6084700.0
2016-02-29	0.0033770000000000002	0.064603	0.07871	0.062155999999999996	0.234604	3519500.0
2016-02-26	-0.031528	0.060453	0.063799	0.030899	-2.261619	4250900.0
2016-02-25	0.019880000000000002	0.068597	0.086938	0.064047	1.398285	3494100.0
2016-02-24	0.001871	0.068175	0.074585	0.058915999999999996	0.131355	3869500.0
2016-02-23	-0.000401	0.06290599999999999	0.07031	0.056926	-0.028130000000000002	4231900.0
2016-02-22	0.00389	0.06918400000000001	0.075045	0.061466	0.27212600000000003	3893700.0
2016-02-19	-0.021782	0.061696	0.061696	0.037366	-1.557793	6272100.0
2016-02-18	0.009404000000000001	0.059119000000000005	0.081983	0.054179	0.666298	6529600.0
2016-02-17	-0.010356	0.068823	0.069662	0.051364	-0.741379	4989500.0
2016-02-16	0.000656	0.065052	0.069105	0.054569000000000006	0.046936	3550200.0
2016-02-12	-0.007292	0.06783099999999999	0.072687	0.047712	-0.525528	4520400.0
2016-02-11	-0.016897	0.060837	0.068203	0.047195999999999995	-1.238724	4053600.0
2016-02-10	0.000192	0.05885800000000001	0.07181900000000001	0.042213	0.014077000000000001	4134400.0
2016-02-09	-0.003032	0.071154	0.08557200000000001	0.064217	-0.22287800000000002	3806500.0
2016-02-08	0.001645	0.079728	0.091308	0.070872	0.12072000000000001	5350600.0
2016-02-05	0.005854	0.071248	0.085637	0.060011	0.42717	3521900.0
2016-02-04	0.00025499999999999996	0.072891	0.08330900000000001	0.06754500000000001	0.018577	4545900.0
2016-02-03	0.023583	0.07812899999999999	0.10450799999999999	0.077007	1.680809	4913300.0
2016-02-02	-0.003247	0.06414	0.076028	0.063301	-0.23216199999999998	4667000.0
2016-02-01	0.022576	0.07515	0.110903	0.072862	1.578651	6727100.0
2016-01-29	0.024908	0.084488	0.10530199999999999	0.083609	1.699372	4822400.0
2016-01-28	0.014639	0.073297	0.09991799999999999	0.068241	0.9843370000000001	2294000.0
2016-01-27	0.0026309999999999997	0.073586	0.086857	0.068516	0.17643699999999998	2087000.0
2016-01-26	0.00585	0.07986599999999999	0.09786399999999999	0.07596699999999999	0.390022	2601300.0
2016-01-25	-0.005265	0.077016	0.07850800000000001	0.06702000000000001	-0.352875	2398600.0
2016-01-22	0.015333000000000001	0.084289	0.094287	0.074746	1.012192	3161400.0
2016-01-21	-0.00462	0.081088	0.087723	0.060733	-0.30643400000000004	4501400.0
2016-01-20	-0.023784	0.068182	0.074364	0.039921	-1.615807	3593300.0
2016-01-19	0.014984	0.08269299999999999	0.09598999999999999	0.077016	1.0029219999999999	3179800.0
2016-01-15	-0.004007	0.063624	0.075825	0.056778999999999996	-0.269302	4635900.0
2016-01-14	0.009345000000000001	0.077317	0.093838	0.068757	0.6221770000000001	3645200.0
2016-01-13	0.006033	0.078227	0.093185	0.077169	0.399307	2622700.0
2016-01-12	-0.007795999999999999	0.081514	0.083313	0.058426	-0.520042	2976200.0
2016-01-11	0.011120999999999999	0.08005	0.092177	0.079292	0.733612	2968900.0
2016-01-08	-0.002247	0.07671499999999999	0.08412599999999999	0.07248099999999999	-0.148575	2198000.0
2016-01-07	-0.009184999999999999	0.064728	0.075518	0.062331	-0.612892	2887800.0
2016-01-06	0.002232	0.068006	0.084076	0.064401	0.14859	2382800.0
2016-01-05	0.007164	0.07671499999999999	0.08685	0.061589	0.473587	2706800.0
2016-01-04	-0.002801	0.069928	0.074151	0.058313	-0.185722	3565500.0
2015-12-31	-0.011082	0.07612100000000001	0.077314	0.055237	-0.742897	2990400.0
2015-12-30	-0.002487	0.07686699999999999	0.080289	0.073147	-0.16714500000000002	2062000.0
2015-12-29	0.006257	0.08225700000000001	0.08929400000000001	0.08061	0.41786899999999993	1943600.0
2015-12-28	-0.001666	0.072532	0.08015499999999999	0.070289	-0.111427	2351800.0
2015-12-24	0.0005549999999999999	0.07686699999999999	0.0827	0.07537100000000001	0.03714	1018200.0
2015-12-23	0.014799000000000001	0.079902	0.097508	0.07884	0.975044	2737700.0
2015-12-22	0.01633	0.08519700000000001	0.097537	0.074553	1.05864	2949000.0
2015-12-21	0.003017	0.082437	0.087078	0.072689	0.19500699999999999	2122600.0
2015-12-18	-0.012766	0.070451	0.074575	0.050594	-0.8357620000000001	6136900.0
2015-12-17	0.006711	0.07748200000000001	0.09208999999999999	0.071792	0.43645500000000004	4205800.0
2015-12-16	0.017286000000000003	0.083906	0.099549	0.08109	1.105057	4747800.0
2015-12-15	0.005698	0.07875399999999999	0.09385700000000001	0.073877	0.362159	4233300.0
2015-12-14	0.008992	0.076391	0.08734299999999999	0.067501	0.5664680000000001	3645400.0
2015-12-11	0.0060799999999999995	0.073034	0.08565	0.06984	0.380729	4730300.0
2015-12-10	-0.017197999999999998	0.07435599999999999	0.074513	0.056463	-1.09576	2959600.0
2015-12-09	0.002484	0.07261799999999999	0.093545	0.06837	0.157852	2703200.0
2015-12-08	-0.0008759999999999999	0.073251	0.078439	0.06601900000000001	-0.055714	3690100.0
2015-12-07	0.021778	0.073012	0.10128200000000001	0.07253	1.3557860000000002	4328100.0
2015-12-04	0.01223	0.081094	0.091012	0.07800499999999999	0.752174	2711300.0
2015-12-03	0.0015119999999999999	0.075401	0.086637	0.066608	0.092865	3960300.0
2015-12-02	-0.028357	0.074019	0.07496799999999999	0.045222000000000005	-1.792232	4304000.0
2015-12-01	0.004427	0.081475	0.087673	0.07098600000000001	0.27858299999999997	2846900.0
2015-11-30	0.003703	0.078462	0.088351	0.07750499999999999	0.23215100000000002	3847700.0
2015-11-27	-0.003101	0.077185	0.08609	0.073209	-0.195003	1482000.0
2015-11-25	-0.005288	0.075127	0.07813200000000001	0.068958	-0.334301	1973000.0
2015-11-24	0.001029	0.072908	0.079717	0.066575	0.06499400000000001	2860900.0
2015-11-23	-0.015774	0.076087	0.079204	0.056451	-1.012191	3441400.0
2015-11-20	0.008906	0.082527	0.09211799999999999	0.079225	0.566448	3734400.0
2015-11-19	0.019197	0.081514	0.09817999999999999	0.077668	1.197933	3770600.0
2015-11-18	0.020811	0.081938	0.100913	0.076703	1.272205	3856600.0
2015-11-17	-0.028052999999999998	0.07384600000000001	0.081319	0.043795999999999995	-1.764377	5423400.0
2015-11-16	0.012558	0.07686699999999999	0.090712	0.07477400000000001	0.780037	2782100.0
2015-11-13	-0.005944	0.079427	0.08806900000000001	0.067105	-0.371449	3497200.0
2015-11-12	-0.013777000000000001	0.073394	0.086021	0.061873000000000004	-0.8729020000000001	3095600.0
2015-11-11	0.012765	0.079424	0.09397	0.077346	0.798619	2733100.0
2015-11-10	0.003351	0.078551	0.087211	0.076626	0.208931	3068000.0
2015-11-09	0.0030989999999999998	0.087363	0.107955	0.08317999999999999	0.192638	5404300.0
2015-11-06	-0.051644	0.06782300000000001	0.068891	0.023273	-3.3849980000000004	7414700.0
2015-11-05	-0.006673	0.088128	0.093887	0.071306	-0.440338	4090100.0
2015-11-04	-0.004291	0.087533	0.094776	0.081949	-0.284371	3143800.0
2015-11-03	0.000831	0.085114	0.092967	0.079828	0.055039	2884100.0
2015-11-02	0.009934	0.08903	0.102605	0.084302	0.651306	3324400.0
2015-10-30	-0.001397	0.091012	0.094972	0.08552799999999999	-0.091728	2918900.0
2015-10-29	0.00028	0.084613	0.091165	0.07105399999999999	0.018356	3941400.0
2015-10-28	-0.011877	0.09145299999999999	0.09732400000000001	0.06480599999999999	-0.788925	2568500.0
2015-10-27	0.002215	0.090098	0.099452	0.086628	0.146774	3096000.0
2015-10-26	-0.020206000000000002	0.093055	0.093055	0.058315	-1.366844	5127700.0
2015-10-23	-0.017586	0.087339	0.092712	0.06889400000000001	-1.210907	2055000.0
2015-10-22	0.016247	0.092459	0.111203	0.08936000000000001	1.100822	2463000.0
2015-10-21	0.002171	0.093944	0.100156	0.088027	0.146775	2027500.0
2015-10-20	0.0016309999999999999	0.088764	0.097505	0.08609800000000001	0.110076	2418300.0
2015-10-19	-0.000136	0.088617	0.092913	0.077359	-0.009162	2183600.0
2015-10-16	0.001497	0.09529	0.100334	0.089653	0.100898	2575200.0
2015-10-15	0.015759	0.095372	0.10893499999999999	0.08934500000000001	1.0458	2307900.0
2015-10-14	-0.00262	0.090549	0.09626	0.08589	-0.174309	2226500.0
2015-10-13	-0.003982	0.08905	0.09429	0.081565	-0.26603000000000004	2391100.0
2015-10-12	0.00775	0.090098	0.108352	0.089947	0.51371	2304400.0
2015-10-09	-0.010137	0.08905199999999999	0.093682	0.075464	-0.678848	3071600.0
2015-10-08	0.004541	0.086048	0.098348	0.082148	0.302735	2343400.0
2015-10-07	-0.005746	0.09099299999999999	0.095169	0.08264099999999999	-0.385277	4093600.0
2015-10-06	0.00013700000000000002	0.088755	0.095468	0.07906	0.009163	4497800.0
2015-10-05	0.015563999999999998	0.095703	0.11039700000000001	0.087371	1.027435	3157200.0
2015-10-02	0.018254	0.100124	0.11045899999999999	0.08809299999999999	1.1833799999999999	4122600.0
2015-10-01	-0.017654	0.09085599999999999	0.092977	0.060701	-1.165039	3411000.0
2015-09-30	0.017107	0.093489	0.109979	0.088865	1.109993	3209800.0
2015-09-29	0.003974	0.089943	0.097061	0.083754	0.256851	2782500.0
2015-09-28	-0.003677	0.08824800000000001	0.098577	0.08439400000000001	-0.23849499999999998	3013900.0
2015-09-25	0.005546	0.089943	0.10715	0.083742	0.35775	3302500.0
2015-09-24	0.017803	0.086627	0.111871	0.083156	1.1283379999999998	3774200.0
2015-09-23	-0.000867	0.090571	0.093409	0.079221	-0.055023	1923800.0
2015-09-22	-0.012847999999999998	0.082784	0.089942	0.072824	-0.825626	3384900.0
2015-09-21	0.008639	0.087744	0.101556	0.08695900000000001	0.5504180000000001	2510900.0
2015-09-18	-0.00658	0.079807	0.092437	0.078715	-0.421993	5328200.0
2015-09-17	0.010551999999999999	0.090886	0.118461	0.087576	0.669659	4229200.0
2015-09-16	0.008602	0.095343	0.103289	0.09073400000000001	0.5412520000000001	3410400.0
2015-09-15	0.004099	0.090896	0.099513	0.080204	0.256855	2996300.0
2015-09-14	-0.000439	0.091055	0.098393	0.08642899999999999	-0.027519	2126500.0
2015-09-11	0.008856999999999999	0.088489	0.100075	0.082534	0.550407	3046100.0
2015-09-10	-0.0068909999999999996	0.089938	0.09473200000000001	0.078591	-0.431167	3225600.0
2015-09-09	-0.01658	0.094341	0.096385	0.07029500000000001	-1.054936	3278600.0
2015-09-08	0.016115	0.098722	0.107824	0.09457	1.009083	2895200.0
2015-09-04	-0.014722999999999998	0.080972	0.084119	0.069643	-0.935692	3287700.0
2015-09-03	0.0017350000000000002	0.09608799999999999	0.09924	0.088049	0.110077	2329300.0
2015-09-02	0.001593	0.10004400000000001	0.101623	0.08409900000000001	0.10091	3501800.0
2015-09-01	-0.02623	0.080106	0.080567	0.055509	-1.706272	3813100.0
2015-08-31	-0.020444999999999998	0.081816	0.089496	0.059378	-1.357674	4338400.0
2015-08-28	-0.0017929999999999999	0.0913	0.0913	0.069655	-0.119255	3022400.0
2015-08-27	0.010873	0.097544	0.10650899999999999	0.08949	0.715531	4762900.0
2015-08-26	0.021792	0.105779	0.11695799999999999	0.095066	1.403534	6795900.0
2015-08-25	-0.030784	0.10258800000000001	0.115379	0.055637	-2.0456849999999998	5583000.0
2015-08-24	-0.055664	0.060966	0.068498	0.023592	-3.9170760000000002	7492800.0
2015-08-21	-0.000782	0.081294	0.10088899999999999	0.077318	-0.055046000000000005	6031900.0
2015-08-20	-0.005699	0.084027	0.093486	0.076544	-0.403618	3740000.0
2015-08-19	0.012723	0.08809600000000001	0.10654100000000001	0.08109	0.8898309999999999	4419200.0
2015-08-18	-0.0036590000000000004	0.088246	0.089671	0.08269	-0.256866	2681100.0
2015-08-17	0.001964	0.09124	0.098234	0.086815	0.137596	2401600.0
2015-08-14	0.010452	0.08706900000000001	0.10307899999999999	0.083752	0.724701	2455800.0
2015-08-13	0.000265	0.087501	0.093993	0.07725800000000001	0.018364	2690600.0
2015-08-12	0.014705000000000001	0.089146	0.113301	0.086511	1.004486	4380600.0
2015-08-11	0.006416	0.105564	0.11793900000000002	0.098639	0.435501	3431800.0
2015-08-10	-0.004524	0.102175	0.10598800000000001	0.093962	-0.308479	3594500.0
2015-08-07	0.017741	0.09844299999999999	0.12456500000000001	0.091727	1.18856	3637500.0
2015-08-06	-0.0018920000000000002	0.102175	0.102175	0.082361	-0.12701400000000002	4098000.0
2015-08-05	0.0008119999999999999	0.10635	0.110674	0.098299	0.054443	1979300.0
2015-08-04	-0.013874000000000001	0.100999	0.100999	0.084678	-0.9435950000000001	2413800.0
2015-08-03	0.00997	0.10336300000000001	0.114946	0.10321500000000002	0.6713939999999999	2754400.0
2015-07-31	0.010483	0.11342999999999999	0.124384	0.11087899999999999	0.698624	2761200.0
2015-07-30	0.004651	0.096748	0.110768	0.095693	0.308487	2479200.0
2015-07-29	-0.000273	0.099161	0.10428499999999999	0.091324	-0.018143	2797100.0
2015-07-28	0.0017809999999999998	0.099156	0.10791300000000001	0.097344	0.11795	3242800.0
2015-07-27	0.018272999999999998	0.103251	0.127081	0.103098	1.1885379999999999	3104000.0
2015-07-24	0.0018170000000000003	0.102329	0.10926	0.0974	0.11795	1817700.0
2015-07-23	-0.011193	0.1005	0.101261	0.081615	-0.734916	3358700.0
2015-07-22	-0.0006900000000000001	0.10278399999999999	0.11130699999999999	0.10019700000000001	-0.045342	3316600.0
2015-07-21	-0.011601	0.101122	0.101122	0.083372	-0.771217	2939800.0
2015-07-20	-0.004078	0.102625	0.105321	0.09018999999999999	-0.272187	2897000.0
2015-07-17	-0.016575	0.097461	0.10114400000000001	0.082875	-1.125053	3779600.0
2015-07-16	0.010673	0.10351500000000001	0.116619	0.10292000000000001	0.716774	3137300.0
2015-07-15	0.0029809999999999997	0.10068200000000001	0.107402	0.095604	0.1996	2521500.0
2015-07-14	-0.007397	0.105288	0.10899400000000001	0.089575	-0.499008	3372500.0
2015-07-13	-0.000269	0.10513900000000001	0.110623	0.095802	-0.018158	2796000.0
2015-07-10	0.004051	0.10678800000000001	0.11854400000000001	0.100836	0.27220900000000003	2381600.0
2015-07-09	-0.009627	0.10453299999999999	0.10865999999999999	0.085965	-0.653251	4495900.0
2015-07-08	-0.006377000000000001	0.09573200000000001	0.10656800000000001	0.093829	-0.435517	2918900.0
2015-07-07	0.033219	0.10777300000000001	0.145445	0.10777300000000001	2.195664	6836500.0
2015-07-06	0.004412	0.099744	0.10931700000000001	0.097465	0.29033600000000004	2830200.0
2015-07-02	0.020399	0.111479	0.126365	0.107602	1.315575	3377400.0
2015-07-01	0.006514	0.104985	0.109979	0.09624400000000001	0.417358	2372500.0
2015-06-30	-0.003246	0.104353	0.10513099999999999	0.09533	-0.208679	3911300.0
2015-06-29	-0.002113	0.10341700000000001	0.113197	0.099381	-0.13610799999999998	3219700.0
2015-06-26	0.004528	0.100772	0.112935	0.098901	0.290352	4537300.0
2015-06-25	-0.003525	0.106215	0.10839100000000002	0.09829	-0.22683000000000003	2899700.0
2015-06-24	-0.011842	0.105707	0.109392	0.089124	-0.771202	4908400.0
2015-06-23	-0.017654	0.099912	0.10292899999999999	0.082566	-1.170418	3937400.0
2015-06-22	-0.0017760000000000002	0.10609	0.107445	0.09780900000000001	-0.11793499999999998	2246200.0
2015-06-19	-0.017977	0.099366	0.101879	0.081474	-1.21579	7284800.0
2015-06-18	0.019978	0.10413599999999999	0.124949	0.10413599999999999	1.324662	4779000.0
2015-06-17	0.007028	0.10141599999999999	0.11174300000000001	0.09260700000000001	0.462715	3861500.0
2015-06-16	0.0009660000000000001	0.104	0.105368	0.096702	0.063514	3215200.0
2015-06-15	-0.000414	0.1002	0.107798	0.096705	-0.027214	2928200.0
2015-06-12	-0.004529	0.094914	0.104747	0.094309	-0.299423	3788100.0
2015-06-11	0.011242	0.11028299999999999	0.119308	0.10997699999999999	0.734917	3427300.0
2015-06-10	-0.001109	0.109052	0.115469	0.100342	-0.07257100000000001	3512300.0
2015-06-09	-0.004417	0.100958	0.109477	0.096546	-0.290344	3618200.0
2015-06-08	-0.005490999999999999	0.099603	0.102175	0.093249	-0.362915	4761700.0
2015-06-05	-0.018326	0.09162999999999999	0.096086	0.081976	-1.233925	5564700.0
2015-06-04	0.000135	0.099204	0.109454	0.09861	0.009071	4544700.0
2015-06-03	-0.011326000000000001	0.101441	0.107169	0.079853	-0.7711939999999999	5561800.0
2015-06-02	-0.0125	0.096809	0.096809	0.083467	-0.8619389999999999	5105400.0
2015-06-01	0.003565	0.10988900000000001	0.111344	0.10159299999999999	0.24496500000000002	4027000.0
2015-05-29	-0.002896	0.105223	0.106674	0.09680599999999999	-0.199593	3115900.0
2015-05-28	-0.0034119999999999997	0.101886	0.103477	0.095523	-0.235908	3167200.0
2015-05-27	0.00594	0.10566700000000001	0.11148599999999999	0.10319400000000001	0.408279	2789200.0
2015-05-26	-0.0038130000000000004	0.101885	0.103479	0.091305	-0.26312199999999997	2851500.0
2015-05-22	-0.001444	0.099859	0.10376700000000001	0.095807	-0.09980800000000001	2150700.0
2015-05-21	-0.004965	0.10260699999999999	0.10361500000000001	0.09468700000000001	-0.344765	3192700.0
2015-05-20	0.004594	0.10232000000000001	0.113603	0.101597	0.31755900000000004	3395300.0
2015-05-19	0.002104	0.09579700000000001	0.106814	0.095362	0.145172	2802900.0
2015-05-18	-0.001576	0.099136	0.10391199999999999	0.094794	-0.108872	3076900.0
2015-05-15	0.008743	0.105679	0.117651	0.105679	0.598808	3333200.0
2015-05-14	0.014105000000000001	0.10084299999999999	0.12231199999999999	0.09891799999999999	0.9526600000000001	5111600.0
2015-05-13	-0.014105000000000001	0.10545999999999998	0.10925499999999999	0.08079	-0.9662629999999999	4505800.0
2015-05-12	-0.0035259999999999996	0.107671	0.113926	0.09894299999999999	-0.24242399999999997	4115000.0
2015-05-11	-0.0070030000000000005	0.11219100000000001	0.122735	0.103958	-0.484833	2892200.0
2015-05-08	0.003906	0.12596	0.13292	0.11305499999999999	0.269341	3378500.0
2015-05-07	0.005235	0.11363399999999999	0.123984	0.11363399999999999	0.359146	3601600.0
2015-05-06	0.002098	0.112758	0.120207	0.10633	0.143654	4844900.0
2015-05-05	-0.021934	0.10878	0.11206600000000001	0.088779	-1.535309	3820400.0
2015-05-04	0.0007700000000000001	0.11377999999999999	0.127363	0.110635	0.053871	2745900.0
2015-05-01	0.004254	0.11579	0.121821	0.103729	0.29628000000000004	2861400.0
2015-04-30	-0.010965	0.11363800000000002	0.11363800000000002	0.092905	-0.7721399999999999	4305700.0
2015-04-29	-0.0068379999999999995	0.10348399999999999	0.109126	0.096996	-0.48484099999999997	3873200.0
2015-04-28	0.0076560000000000005	0.10909	0.122591	0.10653199999999999	0.538712	2626000.0
2015-04-27	-0.013097	0.116445	0.11826800000000001	0.096528	-0.9337690000000001	2860900.0
2015-04-24	0.006975	0.11321500000000001	0.128186	0.11222599999999999	0.493827	2599700.0
2015-04-23	0.0071519999999999995	0.11193099999999999	0.127436	0.11150399999999999	0.502785	2429300.0
2015-04-22	0.0029460000000000003	0.11991500000000001	0.12290999999999999	0.110927	0.20650500000000002	2466800.0
2015-04-21	-0.006869	0.11406400000000001	0.124832	0.100462	-0.484818	3312000.0
2015-04-20	0.016815	0.11853399999999999	0.14028800000000002	0.11666099999999999	1.167183	2624900.0
2015-04-17	0.0	0.10917	0.119975	0.106577	0.0	2924500.0
2015-04-16	-0.0091	0.111353	0.113352	0.09550700000000001	-0.637458	2903600.0
2015-04-15	0.005542	0.115646	0.127848	0.11363699999999999	0.386062	2671800.0
2015-04-14	0.004661	0.115943	0.12430799999999999	0.11291500000000002	0.323212	2260200.0
2015-04-13	-0.007836	0.110203	0.115211	0.10376400000000001	-0.547669	2265500.0
2015-04-10	0.010778	0.11652799999999999	0.131136	0.116094	0.745217	2191300.0
2015-04-09	-0.003752	0.111187	0.11233900000000001	0.10268499999999998	-0.260384	2050900.0
2015-04-08	-0.004507	0.11162799999999999	0.11335	0.10015399999999999	-0.314247	3168200.0
2015-04-07	-0.007541	0.11221400000000001	0.11691199999999999	0.102392	-0.529732	3690800.0
2015-04-06	0.0165	0.120581	0.139248	0.118121	1.140274	5267500.0
2015-04-02	0.0018219999999999998	0.113345	0.120304	0.10841600000000001	0.125695	2505500.0
2015-04-01	0.000651	0.116101	0.122629	0.10478599999999999	0.044883	3388400.0
2015-03-31	0.011594	0.1129	0.127721	0.10790999999999999	0.790108	6030800.0
2015-03-30	0.012	0.119869	0.131304	0.11511700000000001	0.80806	3353500.0
2015-03-27	0.008742	0.118424	0.126363	0.11303099999999999	0.583595	3182700.0
2015-03-26	-0.008138	0.11214600000000001	0.117049	0.09401799999999999	-0.5476840000000001	4173700.0
2015-03-25	-0.014462000000000001	0.117441	0.123884	0.095622	-0.987625	2984200.0
2015-03-24	-0.009635	0.11204000000000001	0.12059600000000001	0.097972	-0.664406	2642300.0
2015-03-23	0.001696	0.113925	0.11842899999999999	0.11043900000000001	0.11671500000000001	3073000.0
2015-03-20	0.008683	0.115245	0.124623	0.11158199999999999	0.592567	7064800.0
2015-03-19	-0.005104	0.110573	0.12456800000000001	0.10503299999999999	-0.350143	4431200.0
2015-03-18	0.017581	0.113632	0.139444	0.10947799999999999	1.185165	5754400.0
2015-03-17	-0.008320999999999999	0.10863099999999999	0.116428	0.100687	-0.565658	2565900.0
2015-03-16	0.014743000000000001	0.122438	0.139456	0.121841	0.987632	3235700.0
2015-03-13	-0.0089	0.11318800000000001	0.11318800000000001	0.094546	-0.601554	3090000.0
2015-03-12	0.013462	0.119328	0.131473	0.118128	0.897827	3497400.0
2015-03-11	-0.005622	0.119148	0.121682	0.103939	-0.377083	4941000.0
2015-03-10	-0.000802	0.10543699999999999	0.12405999999999999	0.10216	-0.053863999999999995	5272100.0
2015-03-09	-0.002668	0.114374	0.12150599999999999	0.11066	-0.179573	3301300.0
2015-03-06	-0.033772	0.099136	0.099136	0.07028	-2.352348	6385700.0
2015-03-05	0.006487000000000001	0.11681400000000002	0.12548399999999998	0.11508	0.448921	2562900.0
2015-03-04	-0.005548	0.108176	0.11076199999999999	0.100273	-0.386085	2773200.0
2015-03-03	0.00584	0.11377999999999999	0.12028399999999999	0.107276	0.404045	3688300.0
2015-03-02	-0.018969	0.11278800000000001	0.11278800000000001	0.08315299999999999	-1.337792	5027800.0
2015-02-27	-0.000127	0.11278800000000001	0.118175	0.10626600000000001	-0.008971999999999999	2474500.0
2015-02-26	-0.005696	0.11744500000000001	0.11871400000000001	0.106591	-0.404037	2548600.0
2015-02-25	-0.01052	0.115175	0.11531400000000001	0.098437	-0.754189	3250200.0
2015-02-24	0.007444	0.11125	0.126708	0.106754	0.529717	3771500.0
2015-02-23	0.006987999999999999	0.11590299999999999	0.12651600000000002	0.109535	0.493835	3944000.0
2015-02-20	-0.00581	0.11335799999999999	0.11997000000000001	0.09436599999999999	-0.41300200000000004	4419200.0
2015-02-19	-0.022231	0.11708099999999999	0.11735599999999999	0.08833200000000001	-1.616135	5473000.0
2015-02-18	0.019902	0.111535	0.142259	0.10873	1.4186020000000001	4841300.0
2015-02-17	-0.0056359999999999995	0.1082	0.12884600000000002	0.099272	-0.404022	6286600.0
2015-02-13	-0.015050999999999998	0.112544	0.112544	0.088361	-1.095375	4677500.0
2015-02-12	-0.009651999999999999	0.111603	0.116502	0.100717	-0.7092890000000001	4835900.0
2015-02-11	-0.018409000000000002	0.10984000000000001	0.11264500000000001	0.089938	-1.378197	3368200.0
2015-02-10	0.017896000000000002	0.12303900000000001	0.146017	0.12018399999999999	1.3162610000000001	4130500.0
2015-02-09	-0.004933	0.12494000000000001	0.131163	0.112223	-0.364647	3937400.0
2015-02-06	-0.041628	0.115971	0.122973	0.07007200000000001	-3.210609	4356500.0
2015-02-05	0.008607	0.13159200000000001	0.13525299999999998	0.121653	0.658134	2548600.0
2015-02-04	-0.009219	0.12284400000000001	0.129582	0.11118299999999999	-0.711486	3686300.0
2015-02-03	-0.002529	0.123106	0.12595	0.115481	-0.195679	3980100.0
2015-02-02	-0.0016059999999999998	0.122592	0.126334	0.111108	-0.124497	3610600.0
2015-01-30	-0.024843	0.11810699999999999	0.124776	0.095584	-1.9743950000000001	3526400.0
2015-01-29	0.017189	0.124527	0.146542	0.118256	1.342956	2850500.0
2015-01-28	-0.009806	0.127441	0.140241	0.11096500000000001	-0.77375	3199800.0
2015-01-27	0.0019199999999999998	0.12325599999999999	0.133415	0.12186	0.151199	1907000.0
2015-01-26	-0.001916	0.12325799999999999	0.124146	0.11299300000000001	-0.151199	1749500.0
2015-01-23	0.001015	0.128459	0.132011	0.124145	0.08004	1815400.0
2015-01-22	-0.0005639999999999999	0.126301	0.132133	0.11501600000000001	-0.044464	2542200.0
2015-01-21	0.011290000000000001	0.12196300000000002	0.138504	0.11426900000000001	0.8804620000000001	2834700.0
2015-01-20	0.003892	0.125557	0.12929000000000002	0.11641800000000001	0.30238400000000004	3179900.0
2015-01-16	0.0068	0.12401	0.13256400000000002	0.122325	0.524734	3903900.0
2015-01-15	0.012487	0.127023	0.140932	0.12006900000000001	0.951622	3886000.0
2015-01-14	0.002574	0.11926800000000001	0.128477	0.11361099999999999	0.195633	3383100.0
2015-01-13	0.005411	0.128235	0.14781	0.12651500000000002	0.40912600000000005	3529600.0
2015-01-12	0.000942	0.127973	0.131813	0.12069200000000001	0.071137	2300200.0
2015-01-09	0.001415	0.126918	0.132089	0.116577	0.106735	2679100.0
2015-01-08	0.004025	0.130389	0.135181	0.12573	0.30238400000000004	2165100.0
2015-01-07	0.003207	0.1252	0.133613	0.11798900000000001	0.240127	2583500.0
2015-01-06	0.016416999999999998	0.12548499999999999	0.150867	0.12548499999999999	1.209549	5290900.0
2015-01-05	-0.014397	0.118379	0.122526	0.10513499999999999	-1.076156	3780400.0
2015-01-02	0.006104999999999999	0.124399	0.133686	0.118342	0.45358999999999994	2266200.0
2014-12-31	-0.013694999999999999	0.12599200000000002	0.13050599999999998	0.10846900000000001	-1.031662	2802400.0
2014-12-30	-0.024531	0.124399	0.124399	0.09474500000000001	-1.8943560000000002	2983900.0
2014-12-29	0.011887	0.12361300000000001	0.143792	0.122958	0.907173	4068700.0
2014-12-26	0.009886	0.12651600000000002	0.143719	0.126384	0.7470479999999999	2984900.0
2014-12-24	0.015416	0.12628	0.145092	0.12628	1.14727	2407400.0
2014-12-23	0.0008380000000000001	0.126551	0.132468	0.12278499999999999	0.062286	2022200.0
2014-12-22	0.009173	0.127385	0.136478	0.12426300000000001	0.675896	2688100.0
2014-12-19	-0.001927	0.126024	0.132391	0.11979300000000001	-0.142296	4738100.0
2014-12-18	0.020155000000000003	0.124537	0.147061	0.12205	1.4585569999999999	4349700.0
2014-12-17	0.009303	0.131233	0.138625	0.120773	0.6670229999999999	3382100.0
2014-12-16	-0.006409000000000001	0.12606199999999998	0.136732	0.11151099999999999	-0.462471	3606600.0
2014-12-15	-0.018744999999999998	0.124399	0.127391	0.10250699999999999	-1.3785020000000001	4389300.0
2014-12-12	-0.0024129999999999998	0.11938	0.132945	0.11721	-0.177879	3339500.0
2014-12-11	0.007781000000000001	0.12891	0.141624	0.128637	0.569191	2956600.0
2014-12-10	0.000852	0.12426199999999998	0.137944	0.122483	0.06225599999999999	3936100.0
2014-12-09	0.006737999999999999	0.12123099999999999	0.13404100000000002	0.118201	0.489158	3871300.0
2014-12-08	0.011148	0.126906	0.14348	0.126906	0.800408	3740300.0
2014-12-05	-0.019672	0.112657	0.11538699999999999	0.095453	-1.440758	3577200.0
2014-12-04	0.004636	0.124948	0.131395	0.121655	0.337959	2533800.0
2014-12-03	-0.004494	0.121395	0.126038	0.113201	-0.329063	2207300.0
2014-12-02	0.004146	0.122205	0.131803	0.11575999999999999	0.30237600000000003	3174700.0
2014-12-01	0.013597	0.11731099999999998	0.149972	0.11411400000000001	0.978302	5087200.0
2014-11-28	0.015184	0.128773	0.15120699999999998	0.127926	1.076126	2393300.0
2014-11-26	0.006823	0.126672	0.13548	0.126672	0.48026199999999997	1990600.0
2014-11-25	0.001518	0.126391	0.128098	0.117001	0.10672000000000001	4188600.0
2014-11-24	-0.009276000000000001	0.128487	0.130742	0.11368699999999998	-0.658111	5065200.0
2014-11-21	-0.004989	0.131832	0.132253	0.111356	-0.355744	5247700.0
2014-11-20	-0.002613	0.124399	0.130554	0.12020299999999999	-0.186775	2114100.0
2014-11-19	0.000872	0.122859	0.129579	0.115719	0.062264	2756400.0
2014-11-18	0.000124	0.126499	0.13252	0.11851800000000001	0.008865000000000001	3762500.0
2014-11-17	0.015041999999999998	0.125252	0.143871	0.124115	1.05835	2983100.0
2014-11-14	0.001519	0.11813599999999999	0.131801	0.11813599999999999	0.106735	3204600.0
2014-11-13	-0.01077	0.127074	0.133411	0.108346	-0.764862	4119200.0
2014-11-12	-0.024613999999999997	0.112793	0.118699	0.093976	-1.7920759999999998	5524500.0
2014-11-11	-0.001811	0.132713	0.139294	0.129149	-0.132103	2740400.0
2014-11-10	0.008893999999999999	0.135595	0.148597	0.13518	0.6429819999999999	2582500.0
2014-11-07	0.011211	0.135738	0.14818599999999998	0.13322	0.8015439999999999	3273200.0
2014-11-06	-0.027904	0.124849	0.12784	0.102278	-2.052299	6788300.0
2014-11-05	0.015444	0.138632	0.158375	0.132142	1.118629	5372500.0
2014-11-04	-0.0018210000000000001	0.13614500000000002	0.14110599999999998	0.127876	-0.132125	2402100.0
2014-11-03	0.0028	0.136424	0.141537	0.131172	0.20259000000000002	2347200.0
2014-10-31	-0.0017010000000000003	0.138215	0.140699	0.12221099999999999	-0.123313	3229600.0
2014-10-30	0.025165	0.139985	0.164596	0.136733	1.7792430000000001	3293600.0
2014-10-29	-0.005575	0.134193	0.14263199999999998	0.119003	-0.396362	2701300.0
2014-10-28	0.0013650000000000001	0.13658599999999999	0.138417	0.12222000000000001	0.096901	3206300.0
2014-10-27	0.00386	0.13644900000000001	0.14719400000000002	0.135318	0.273025	2045500.0
2014-10-24	0.002873	0.136311	0.142124	0.135035	0.202606	2846500.0
2014-10-23	-0.001123	0.138151	0.14013399999999998	0.128237	-0.079277	2946900.0
2014-10-22	0.013656999999999999	0.137184	0.153551	0.135749	0.9512709999999999	3736100.0
2014-10-21	-0.0052829999999999995	0.13746	0.138745	0.127749	-0.36994099999999996	3715900.0
2014-10-20	0.013643	0.137345	0.152834	0.1372	0.9424819999999999	2503200.0
2014-10-17	0.003326	0.13648	0.14141800000000002	0.119051	0.228988	3517500.0
2014-10-16	-0.009252	0.122512	0.129706	0.108554	-0.64299	5226200.0
2014-10-15	0.00037999999999999997	0.129128	0.146402	0.11473299999999999	0.026420999999999997	6592100.0
2014-10-14	0.018861000000000003	0.142651	0.170517	0.134878	1.285995	5818900.0
2014-10-13	0.007548999999999999	0.13339700000000002	0.158666	0.13251	0.510865	4942800.0
2014-10-10	0.00576	0.14066800000000002	0.15315299999999998	0.14022300000000001	0.387558	3985700.0
2014-10-09	-0.008565999999999999	0.134581	0.144306	0.124267	-0.58133	3471900.0
2014-10-08	0.024465	0.137733	0.163999	0.135318	1.620682	3963000.0
2014-10-07	0.001865	0.135318	0.148778	0.132293	0.12331400000000001	3057600.0
2014-10-06	-0.00133	0.139094	0.14166199999999998	0.130183	-0.088059	1814200.0
2014-10-03	0.0024	0.135772	0.139709	0.125326	0.158532	2670700.0
2014-10-02	-0.004117	0.13411199999999998	0.142404	0.129136	-0.273056	3516100.0
2014-10-01	0.007089	0.13957	0.149895	0.136685	0.46684200000000003	5296800.0
2014-09-30	0.007818	0.136389	0.150927	0.13287000000000002	0.510857	4188600.0
2014-09-29	0.001485	0.129341	0.137004	0.125356	0.09689299999999999	2041500.0
2014-09-26	0.001623	0.134244	0.139923	0.12534	0.105698	2988200.0
2014-09-25	0.003392	0.134702	0.142557	0.134394	0.220207	4234700.0
2014-09-24	0.000543	0.136243	0.13886300000000001	0.131157	0.035225	2160500.0
2014-09-23	-0.002707	0.135011	0.141005	0.131322	-0.176155	3157900.0
2014-09-22	-0.006856999999999999	0.129518	0.134555	0.121581	-0.44921099999999997	3061600.0
2014-09-19	0.012248	0.140262	0.150614	0.137945	0.792724	4045600.0
2014-09-18	-0.011036	0.138069	0.139138	0.119274	-0.722267	3476900.0
2014-09-17	-0.0006730000000000001	0.139746	0.142495	0.129363	-0.044052	2991900.0
2014-09-16	0.012391	0.143048	0.153096	0.141656	0.8015439999999999	3483900.0
2014-09-15	0.005201	0.139825	0.145263	0.136872	0.334717	2300300.0
2014-09-12	-0.018802000000000003	0.13028599999999999	0.132574	0.112295	-1.233139	3826100.0
2014-09-11	0.014580000000000001	0.141042	0.152335	0.13702	0.9424739999999999	2865400.0
2014-09-10	-0.0054210000000000005	0.133164	0.134857	0.125625	-0.352333	2977000.0
2014-09-09	-0.014688	0.130922	0.133196	0.11788399999999999	-0.9688950000000001	3669300.0
2014-09-08	-0.000134	0.130922	0.136076	0.126223	-0.008819	3403400.0
2014-09-05	0.011889	0.135778	0.14896900000000002	0.135011	0.775131	3010900.0
2014-09-04	0.002166	0.13239800000000002	0.14115899999999998	0.129323	0.14093	2247900.0
2014-09-03	0.005582	0.137791	0.14521099999999998	0.13609100000000002	0.361138	2121400.0
2014-09-02	-0.007298999999999999	0.135778	0.136852	0.12150799999999999	-0.475655	4079200.0
2014-08-29	0.009276000000000001	0.13686700000000002	0.146004	0.135938	0.5989760000000001	2985100.0
2014-08-28	0.00521	0.13064800000000001	0.143257	0.12971400000000002	0.33468600000000004	1872700.0
2014-08-27	0.008435	0.13735899999999998	0.14536500000000002	0.135475	0.537289	1890000.0
2014-08-26	-0.009043	0.13454000000000002	0.137651	0.123651	-0.581326	2118900.0
2014-08-25	0.00151	0.140148	0.145445	0.136097	0.09689400000000001	1795200.0
2014-08-22	-0.002328	0.142157	0.14790799999999998	0.128479	-0.14974200000000001	2518100.0
2014-08-21	0.003848	0.136098	0.145148	0.133446	0.24662699999999999	2020900.0
2014-08-20	-0.0016460000000000001	0.130645	0.134851	0.12643900000000002	-0.10569	2073300.0
2014-08-19	0.010959	0.136578	0.14839000000000002	0.13453099999999998	0.695843	2188000.0
2014-08-18	0.0	0.138625	0.144137	0.132641	0.0	1826000.0
2014-08-15	0.000139	0.132168	0.145084	0.131695	0.008801	2981800.0
2014-08-14	0.016212999999999998	0.135798	0.15404500000000002	0.135798	1.012939	3587200.0
2014-08-13	0.004888	0.138776	0.143923	0.132664	0.303867	2141900.0
2014-08-12	-0.002794	0.149067	0.153559	0.142973	-0.174198	2847600.0
2014-08-11	-0.002369	0.152105	0.156106	0.14410499999999998	-0.148071	2116800.0
2014-08-08	0.016288999999999998	0.153797	0.167132	0.153472	1.001659	2756900.0
2014-08-07	0.010882	0.155338	0.176545	0.151557	0.661953	3607400.0
2014-08-06	-0.016061000000000002	0.146326	0.146811	0.12384300000000001	-0.9929459999999999	7066800.0
2014-08-05	-0.016897	0.137292	0.148105	0.123776	-1.062607	3111600.0
2014-08-04	-0.010145999999999999	0.147948	0.148577	0.11536500000000001	-0.644554	4511200.0
2014-08-01	0.01123	0.149856	0.16784300000000002	0.148424	0.7055279999999999	3960200.0
2014-07-31	-0.012594	0.14119	0.148891	0.132546	-0.801323	3249000.0
2014-07-30	-0.012570999999999999	0.14888099999999999	0.15151900000000001	0.126378	-0.8100390000000001	2782200.0
2014-07-29	-0.005511	0.14826	0.14949400000000002	0.138382	-0.357102	2236300.0
2014-07-28	0.016118	0.149673	0.168022	0.148419	1.027767	3281100.0
2014-07-25	-0.011076	0.145314	0.15043099999999998	0.133682	-0.714214	2142900.0
2014-07-24	0.008583	0.149669	0.162339	0.148887	0.548729	2240800.0
2014-07-23	0.001501	0.148105	0.151395	0.145129	0.09581	1677100.0
2014-07-22	-0.0009539999999999999	0.149201	0.150922	0.144819	-0.06096699999999999	2016700.0
2014-07-21	0.0034189999999999997	0.145121	0.15595699999999998	0.143708	0.21774000000000002	2043300.0
2014-07-18	0.010365000000000001	0.15191300000000002	0.161116	0.143821	0.653259	2604800.0
2014-07-17	-0.000828	0.152544	0.154605	0.143032	-0.052253999999999995	3007900.0
2014-07-16	0.005414	0.149221	0.155437	0.142845	0.33968000000000004	1894100.0
2014-07-15	0.006848999999999999	0.14938900000000002	0.161907	0.14938900000000002	0.426788	2253700.0
2014-07-14	-0.008592	0.1489	0.150651	0.137922	-0.540024	2358300.0
2014-07-11	-0.003177	0.14985	0.152863	0.14366400000000001	-0.200317	1863000.0
2014-07-10	0.0038829999999999997	0.146831	0.158136	0.146831	0.24387399999999998	2001700.0
2014-07-09	-0.002903	0.14588299999999998	0.15128	0.13826300000000002	-0.182892	1993500.0
2014-07-08	0.010338	0.150351	0.16639	0.149067	0.644523	3182400.0
2014-07-07	0.0026620000000000003	0.14585399999999998	0.153252	0.143924	0.165509	3140000.0
2014-07-03	-0.011493000000000001	0.14381300000000002	0.14381300000000002	0.12569	-0.722958	3496500.0
2014-07-02	-0.01915	0.14607799999999999	0.146858	0.12081800000000001	-1.2280959999999999	4515700.0
2014-07-01	-0.007548	0.14826	0.14887899999999998	0.13758199999999998	-0.487755	1998700.0
2014-06-30	0.006648	0.149196	0.158854	0.14561300000000002	0.426781	2854400.0
2014-06-27	0.007243	0.14371199999999998	0.159246	0.141044	0.461635	2173700.0
2014-06-26	0.0017800000000000001	0.145904	0.150777	0.143547	0.11321700000000001	2259000.0
2014-06-25	0.009398	0.14588399999999999	0.160005	0.144297	0.5922890000000001	2983300.0
2014-06-24	0.000138	0.14874	0.151596	0.145566	0.008697	2350700.0
2014-06-23	0.00041500000000000006	0.14921700000000002	0.151122	0.14016800000000001	0.026157999999999997	2527700.0
2014-06-20	-0.012426999999999999	0.148732	0.149516	0.13227	-0.7926449999999999	4002400.0
2014-06-19	0.011325	0.14921500000000001	0.163802	0.131457	0.714241	4881800.0
2014-06-18	0.024041999999999997	0.147618	0.176033	0.145995	1.4807059999999999	3447500.0
2014-06-17	-0.005765	0.143585	0.14439200000000002	0.13405999999999998	-0.357121	2325700.0
2014-06-16	0.0040950000000000005	0.152644	0.164153	0.147781	0.252602	2666000.0
2014-06-13	0.003542	0.14566500000000002	0.154775	0.139484	0.217746	2599900.0
2014-06-12	0.013643	0.14794000000000002	0.166408	0.13458399999999998	0.8274459999999999	4287000.0
2014-06-11	-0.01248	0.146151	0.14940799999999999	0.133125	-0.766468	3554400.0
2014-06-10	-0.00494	0.145513	0.151022	0.140976	-0.304863	2362500.0
2014-06-09	-0.0067280000000000005	0.144726	0.146818	0.136196	-0.418075	2299600.0
2014-06-06	-0.005437	0.147785	0.15146600000000002	0.140422	-0.33969499999999997	2145200.0
2014-06-05	0.010139	0.145842	0.161686	0.144548	0.627121	2472900.0
2014-06-04	0.004385	0.146481	0.153626	0.143396	0.27000799999999997	1998200.0
2014-06-03	-0.002117	0.147781	0.14891500000000002	0.138706	-0.13065	2420400.0
2014-06-02	-0.0032359999999999997	0.146005	0.14923599999999998	0.140513	-0.200336	1919200.0
2014-05-30	0.0021149999999999997	0.14503	0.15101900000000001	0.139688	0.130653	2531000.0
2014-05-29	0.002403	0.150377	0.151675	0.141777	0.148071	1817700.0
2014-05-28	0.004258	0.148431	0.1556	0.14794200000000002	0.2613	2230100.0
2014-05-27	0.002561	0.160847	0.164115	0.150556	0.15678699999999998	2299100.0
2014-05-23	-0.003827	0.146477	0.154289	0.14306	-0.235195	1523300.0
2014-05-22	0.008865999999999999	0.149419	0.159762	0.149419	0.540047	1834700.0
2014-05-21	-0.002283	0.150726	0.15301900000000002	0.143027	-0.13936199999999999	1885300.0
2014-05-20	-0.002987	0.149575	0.156271	0.138796	-0.18291500000000002	2656200.0
2014-05-19	-0.014716	0.14665699999999998	0.148588	0.125577	-0.914551	3489800.0
2014-05-16	-0.00042	0.14714000000000002	0.15196500000000002	0.142958	-0.026131	2023300.0
2014-05-15	0.0015429999999999999	0.15036	0.16308699999999998	0.148911	0.09581	2668100.0
2014-05-14	0.004652	0.151342	0.16072899999999998	0.146648	0.28743	2578600.0
2014-05-13	-0.000557	0.164934	0.168169	0.157332	-0.034462	3120000.0
2014-05-12	-0.0030559999999999997	0.164438	0.166534	0.15395599999999998	-0.189529	3618000.0
2014-05-09	-0.011807	0.16041	0.163916	0.144794	-0.7409100000000001	3813600.0
2014-05-08	-0.013275	0.159943	0.159943	0.14138900000000001	-0.844284	3008600.0
2014-05-07	0.010264	0.161523	0.174072	0.158187	0.6461180000000001	2520200.0
2014-05-06	-0.006121	0.156624	0.16136	0.150309	-0.387676	2847200.0
2014-05-05	0.009058	0.16072899999999998	0.172518	0.159136	0.568604	2776800.0
2014-05-02	-0.023063	0.155593	0.155593	0.128045	-1.481839	4505100.0
2014-05-01	0.001208	0.162443	0.165248	0.14873	0.077553	2267600.0
2014-04-30	-0.000537	0.161663	0.168983	0.159639	-0.034454000000000005	3001700.0
2014-04-29	-0.00361	0.159798	0.16585	0.153125	-0.23262800000000003	2617600.0
2014-04-28	0.010811	0.160728	0.174218	0.156807	0.689209	3717400.0
2014-04-25	0.012866999999999998	0.161047	0.176457	0.161047	0.80986	2546600.0
2014-04-24	0.0061979999999999995	0.16056900000000002	0.172399	0.153376	0.387692	2121100.0
2014-04-23	-0.002473	0.161207	0.173805	0.15738	-0.155083	2491200.0
2014-04-22	0.004554	0.159127	0.167937	0.1532	0.284294	2210400.0
2014-04-21	-0.001516	0.161848	0.168726	0.15321099999999999	-0.094761	1808100.0
2014-04-17	-0.009013	0.155657	0.165484	0.146146	-0.568615	2851800.0
2014-04-16	0.005769	0.163758	0.16758399999999998	0.156744	0.36186999999999997	2591500.0
2014-04-15	0.010267	0.16056800000000002	0.172808	0.15944	0.637512	3372100.0
2014-04-14	0.0032020000000000004	0.164122	0.169454	0.157336	0.198166	2119600.0
2014-04-11	0.0034920000000000003	0.15975599999999998	0.171916	0.157	0.215367	2751000.0
2014-04-10	-0.0032020000000000004	0.161698	0.171719	0.154103	-0.198151	2982500.0
2014-04-09	-0.009516	0.158968	0.16056900000000002	0.138638	-0.594448	4726000.0
2014-04-08	0.019258	0.159424	0.18373499999999998	0.151266	1.180294	5126400.0
2014-04-07	0.009221	0.162376	0.18016	0.1604	0.560001	4313700.0
2014-04-04	0.0005679999999999999	0.164683	0.17737	0.16105799999999998	0.034447000000000005	2831100.0
2014-04-03	0.002704	0.164528	0.168824	0.159737	0.163681	1674900.0
2014-04-02	-0.005801	0.16072899999999998	0.16072899999999998	0.151531	-0.353214	1976000.0
2014-04-01	-0.007723000000000001	0.163499	0.163499	0.148831	-0.473854	2507200.0
2014-03-31	0.011073000000000001	0.164519	0.174735	0.162706	0.6719970000000001	3099100.0
2014-03-28	0.00028399999999999996	0.160894	0.162048	0.15248699999999998	0.017238	3083000.0
2014-03-27	0.013237	0.163234	0.176762	0.156553	0.7925909999999999	3027800.0
2014-03-26	-0.006007	0.161227	0.166207	0.15276099999999998	-0.361824	3294200.0
2014-03-25	0.008655	0.162236	0.173622	0.159222	0.516903	3099700.0
2014-03-24	0.003474	0.152832	0.166778	0.152832	0.20677199999999998	3001400.0
2014-03-21	-0.001301	0.170294	0.174153	0.158212	-0.077537	4560600.0
2014-03-20	0.006695	0.15904000000000001	0.17002	0.150424	0.396309	4275400.0
2014-03-19	-0.021782	0.156763	0.159242	0.12701800000000002	-1.318135	5175100.0
2014-03-18	-0.012095999999999999	0.162198	0.162851	0.14244400000000002	-0.740925	4195700.0
2014-03-17	0.005658	0.164997	0.171565	0.157445	0.344616	3401200.0
2014-03-14	0.001842	0.159413	0.16994	0.156946	0.11200399999999999	2939200.0
2014-03-13	0.0029850000000000002	0.161224	0.171122	0.159244	0.18091500000000002	3912500.0
2014-03-12	0.012811000000000001	0.16005999999999998	0.1761	0.159726	0.7667579999999999	3202400.0
2014-03-11	-0.0021550000000000002	0.16356300000000001	0.16456300000000001	0.150725	-0.129234	2764700.0
2014-03-10	-0.00628	0.157747	0.160895	0.14962899999999998	-0.37906599999999996	2542800.0
2014-03-07	0.00042800000000000005	0.158574	0.163381	0.150453	0.025844	3668800.0
2014-03-06	-0.001141	0.163047	0.163543	0.152616	-0.068928	3589600.0
2014-03-05	-0.00014199999999999998	0.161226	0.170495	0.157915	-0.008605	2192700.0
2014-03-04	0.000999	0.168848	0.169511	0.157912	0.06030599999999999	2626700.0
2014-03-03	-0.01171	0.15598	0.16351300000000002	0.146318	-0.715061	2508400.0
2014-02-28	0.006389	0.160234	0.172924	0.15941	0.387676	2931100.0
2014-02-27	-0.0063490000000000005	0.15876400000000002	0.16384	0.150412	-0.387676	2480900.0
2014-02-26	-0.002112	0.1622	0.165631	0.15566300000000002	-0.129242	3431200.0
2014-02-25	-0.001125	0.160402	0.172155	0.15795399999999998	-0.06891599999999999	2615100.0
2014-02-24	-0.005315	0.160891	0.170795	0.15423399999999998	-0.327378	2522500.0
2014-02-21	-0.0034850000000000003	0.158626	0.168495	0.156199	-0.215381	2926100.0
2014-02-20	0.000279	0.161376	0.167202	0.15603499999999998	0.017218999999999998	3481800.0
2014-02-19	0.003077	0.159105	0.17533900000000002	0.148066	0.18954100000000002	3274600.0
2014-02-18	0.0007	0.165765	0.18054800000000001	0.15813	0.043087	4797900.0
2014-02-14	0.00028	0.156666	0.163491	0.151141	0.017223	2784900.0
2014-02-13	0.007902	0.15876300000000002	0.171702	0.156798	0.48244899999999996	2269900.0
2014-02-12	0.004963	0.159412	0.166983	0.15628399999999998	0.301525	2509700.0
2014-02-11	0.007916	0.172406	0.185844	0.169586	0.477188	2631900.0
2014-02-10	0.010716	0.17155499999999999	0.18782000000000001	0.165687	0.639084	3071500.0
2014-02-07	-0.000286	0.168036	0.175244	0.162504	-0.01704	3805000.0
2014-02-06	0.005602	0.17491600000000002	0.181827	0.16615	0.33231	2774000.0
2014-02-05	-0.004575	0.17256	0.17256	0.162493	-0.272675	2848800.0
2014-02-04	-0.007379999999999999	0.177398	0.177398	0.156911	-0.443092	3625600.0
2014-02-03	-0.0022660000000000002	0.174564	0.19234600000000002	0.164759	-0.13634100000000002	5425300.0
2014-01-31	0.010445	0.16483599999999998	0.186833	0.1645	0.622047	4776100.0
2014-01-30	0.013045	0.176119	0.189387	0.175609	0.766899	3444400.0
2014-01-29	0.00247	0.171351	0.181923	0.168793	0.144852	4436700.0
2014-01-28	0.001309	0.17390899999999998	0.177324	0.169128	0.076687	2460900.0
2014-01-27	0.006885	0.174255	0.186118	0.173739	0.400489	3862100.0
2014-01-24	-0.00394	0.167402	0.18726700000000002	0.164491	-0.230064	4705900.0
2014-01-23	-0.001748	0.168268	0.17493499999999998	0.161943	-0.102264	2873700.0
2014-01-22	0.0020440000000000002	0.173396	0.181447	0.172368	0.119304	2314400.0
2014-01-21	0.013911000000000001	0.178951	0.191109	0.177041	0.8009649999999999	3029700.0
2014-01-17	0.003118	0.173742	0.179491	0.17078	0.178955	3302500.0
2014-01-16	0.003426	0.17566500000000002	0.180385	0.17216900000000002	0.19598	3000100.0
2014-01-15	-0.006512	0.171657	0.175304	0.164536	-0.374935	3473700.0
2014-01-14	-0.002951	0.174433	0.17755	0.16941199999999998	-0.170399	3290600.0
2014-01-13	-0.011955	0.164157	0.16689500000000002	0.15645799999999999	-0.6987270000000001	3940100.0
2014-01-10	0.010608	0.1791	0.201752	0.17823599999999998	0.613495	4036300.0
2014-01-09	0.000295	0.174259	0.176335	0.166649	0.017056	2379900.0
2014-01-08	-0.009345000000000001	0.170826	0.172025	0.159003	-0.545353	3881300.0
2014-01-07	0.0077989999999999995	0.174776	0.18341	0.174258	0.451622	2772200.0
2014-01-06	0.000589	0.17495	0.178405	0.169075	0.03408	2470000.0
2014-01-03	-0.003229	0.174428	0.178045	0.166161	-0.18748099999999998	2593100.0
2014-01-02	-0.012607	0.176798	0.177479	0.156391	-0.741314	3371000.0
2013-12-31	-0.0014470000000000002	0.173397	0.175095	0.167624	-0.08522	2041000.0
2013-12-30	0.002321	0.171014	0.177993	0.171014	0.136356	1573900.0
2013-12-27	0.002618	0.17646900000000001	0.1821	0.173397	0.153389	1947700.0
2013-12-26	-0.0073620000000000005	0.173229	0.175092	0.16306500000000002	-0.43458100000000005	2568200.0
2013-12-24	0.003331	0.170508	0.180366	0.166429	0.19598	1426400.0
2013-12-23	-0.006475	0.180828	0.180828	0.165969	-0.38345	3044700.0
2013-12-20	0.00448	0.174755	0.185101	0.171871	0.264153	3196400.0
2013-12-19	-0.007744	0.169023	0.169192	0.152361	-0.46013699999999996	3073100.0
2013-12-18	0.019743	0.17391099999999998	0.197766	0.16567300000000001	1.150341	3823400.0
2013-12-17	-0.001898	0.173396	0.176479	0.16431700000000002	-0.110775	2973500.0
2013-12-16	0.004693	0.189229	0.190778	0.174772	0.272671	3504500.0
2013-12-13	0.0	0.178042	0.181312	0.16892100000000002	0.0	2939600.0
2013-12-12	-0.002049	0.175285	0.181983	0.16978900000000002	-0.119297	3530600.0
2013-12-11	-0.013569999999999999	0.173229	0.173567	0.15696400000000002	-0.800964	3492400.0
2013-12-10	-0.007735	0.17222300000000001	0.175249	0.162977	-0.46013699999999996	1732100.0
2013-12-09	-0.005414	0.173567	0.173567	0.15969	-0.323806	2014600.0
2013-12-06	0.008477	0.180312	0.189417	0.175422	0.502738	2293700.0
2013-12-05	-0.004577	0.171553	0.173735	0.16249	-0.27267399999999997	1990200.0
2013-12-04	0.002437	0.168015	0.18198	0.16246300000000002	0.14486300000000002	2357200.0
2013-12-03	0.0020109999999999998	0.170195	0.179636	0.163957	0.119282	2326700.0
2013-12-02	-0.0050030000000000005	0.176419	0.176419	0.15981199999999998	-0.29823299999999997	2622100.0
2013-11-29	-0.001	0.17474	0.184125	0.168875	-0.059647000000000006	1478000.0
2013-11-27	-0.006667	0.173401	0.177729	0.160916	-0.400486	2541000.0
2013-11-26	-0.006903	0.173567	0.175055	0.165467	-0.417538	3158800.0
2013-11-25	-0.001968	0.174227	0.176702	0.169938	-0.119289	2196400.0
2013-11-22	0.005371	0.17058199999999998	0.187003	0.16460999999999998	0.323807	3480000.0
2013-11-21	0.010281	0.17641600000000002	0.189655	0.169713	0.613506	3432100.0
2013-11-20	-0.015326	0.17538299999999998	0.17736300000000002	0.155251	-0.928783	2656400.0
2013-11-19	-0.005871	0.173567	0.176028	0.16192	-0.35788000000000003	2620200.0
2013-11-18	-0.003621	0.173894	0.17438499999999998	0.164741	-0.221554	2422700.0
2013-11-15	0.004056000000000001	0.166347	0.17832699999999999	0.166018	0.24711999999999998	2821700.0
2013-11-14	0.008319	0.176877	0.189122	0.174229	0.502728	2576200.0
2013-11-13	-0.00028199999999999997	0.167943	0.173567	0.15851300000000001	-0.017041	3678900.0
2013-11-12	-0.010076	0.182213	0.18548800000000001	0.16944	-0.615261	11658900.0
2013-11-11	0.000276	0.186798	0.19400599999999998	0.179754	0.016831	1945400.0
2013-11-08	-0.006719	0.18224100000000001	0.182892	0.156858	-0.41296000000000005	9150600.0
2013-11-07	-0.003961	0.186471	0.191657	0.17853	-0.24443800000000002	8123300.0
2013-11-06	0.010490000000000001	0.186307	0.199572	0.182705	0.640567	2341000.0
2013-11-05	-0.000276	0.187945	0.195476	0.18336	-0.016857	3639500.0
2013-11-04	-0.000552	0.189253	0.189744	0.17289000000000002	-0.033714	2553300.0
2013-11-01	0.010874	0.190275	0.204004	0.188952	0.657402	2892200.0
2013-10-31	-0.0038880000000000004	0.1868	0.189107	0.16884100000000002	-0.23598899999999998	2822500.0
2013-10-30	-0.0084	0.185981	0.19366	0.176015	-0.5141220000000001	2529100.0
2013-10-29	0.003454	0.186635	0.193521	0.183356	0.21070500000000003	1848700.0
2013-10-28	0.0	0.18548699999999999	0.192209	0.18138900000000002	0.0	2665400.0
2013-10-25	0.010331	0.18614	0.199226	0.181336	0.623711	1807700.0
2013-10-24	-0.001116	0.18829100000000001	0.18978	0.17952200000000001	-0.067444	2111900.0
2013-10-23	0.008722	0.185637	0.209837	0.18547	0.522568	4412500.0
2013-10-22	0.014702000000000002	0.187995	0.209164	0.18664	0.8681180000000001	2921300.0
2013-10-21	-0.000286	0.185116	0.188502	0.17766700000000002	-0.016869	2143300.0
2013-10-18	0.004012	0.189361	0.1931	0.185111	0.236	2428500.0
2013-10-17	0.011155	0.182518	0.20211199999999999	0.17444	0.648991	3028600.0
2013-10-16	0.017391	0.189444	0.207105	0.187171	0.9945450000000001	3285900.0
2013-10-15	-0.010645	0.18249200000000002	0.185087	0.168824	-0.615284	3163900.0
2013-10-14	-0.003921	0.18216300000000002	0.184575	0.16561900000000002	-0.22755799999999998	2289500.0
2013-10-11	0.0082	0.18542899999999998	0.196548	0.18178	0.47198900000000005	2327500.0
2013-10-10	0.011554	0.19033699999999998	0.200355	0.17575	0.657406	2579900.0
2013-10-09	0.004613	0.188413	0.20730500000000002	0.183999	0.261291	2986100.0
2013-10-08	0.012963999999999998	0.185398	0.207575	0.184862	0.724838	3177200.0
2013-10-07	-0.001355	0.183613	0.194151	0.18147	-0.075863	1484500.0
2013-10-04	0.001508	0.185934	0.19291	0.183072	0.08427799999999999	1525500.0
2013-10-03	-0.013680000000000001	0.181531	0.18241300000000002	0.1653	-0.775413	2690300.0
2013-10-02	-0.000297	0.18329700000000002	0.18753	0.1773	-0.01683	1945500.0
2013-10-01	0.007337000000000001	0.198375	0.200151	0.188781	0.412971	2455300.0
2013-09-30	-0.001794	0.18221500000000002	0.19179100000000002	0.18115	-0.101143	2529200.0
2013-09-27	-0.011086	0.180859	0.188225	0.16963399999999998	-0.6321140000000001	2299600.0
2013-09-26	0.005797999999999999	0.18753	0.193704	0.187177	0.328705	2034800.0
2013-09-25	-0.006353	0.193307	0.19541	0.17893399999999998	-0.362427	2387500.0
2013-09-24	-0.000591	0.18401800000000001	0.190325	0.181741	-0.033714	2712900.0
2013-09-23	0.005493	0.179602	0.197744	0.174846	0.31185100000000004	2536100.0
2013-09-20	-0.008391	0.187345	0.188218	0.16760799999999998	-0.480408	5327700.0
2013-09-19	-0.002496	0.186123	0.19431099999999998	0.17723699999999998	-0.143291	2916500.0
2013-09-18	0.028856	0.184858	0.230388	0.180018	1.60981	3957200.0
2013-09-17	0.0024230000000000002	0.185932	0.19761199999999998	0.185573	0.13486099999999998	3620900.0
2013-09-16	0.0073230000000000005	0.221585	0.223214	0.190272	0.40455599999999997	4418900.0
2013-09-13	0.008927	0.18701900000000002	0.19797599999999999	0.186836	0.488842	2587000.0
2013-09-12	-0.0052060000000000006	0.18901400000000002	0.193374	0.176298	-0.286556	2332500.0
2013-09-11	-0.009704	0.187371	0.187551	0.167221	-0.539406	3288300.0
2013-09-10	0.005795000000000001	0.188823	0.193528	0.181043	0.32027	1772900.0
2013-09-09	0.0018329999999999998	0.187377	0.19064	0.181758	0.101128	2389200.0
2013-09-06	0.010031	0.19123099999999998	0.204231	0.191048	0.547852	2649300.0
2013-09-05	0.0017	0.186471	0.191606	0.181519	0.092712	2123200.0
2013-09-04	-0.004156	0.18701900000000002	0.187202	0.17185899999999998	-0.227566	2648100.0
2013-09-03	-0.009756	0.191716	0.195153	0.17127799999999999	-0.539413	2316800.0
2013-08-30	-0.0009140000000000001	0.18882000000000002	0.19550599999999999	0.180508	-0.050579	2031600.0
2013-08-29	-0.005905	0.185393	0.186291	0.176232	-0.328705	1649500.0
2013-08-28	0.003037	0.187552	0.194399	0.181786	0.168575	1671900.0
2013-08-27	0.0009119999999999999	0.179618	0.197652	0.178175	0.050572000000000006	2352000.0
2013-08-26	-0.008440000000000001	0.18754400000000002	0.190762	0.176457	-0.471997	1913700.0
2013-08-23	0.006218	0.18701099999999998	0.195468	0.18161300000000002	0.345566	1819400.0
2013-08-22	0.001975	0.188815	0.193322	0.181784	0.109574	2316900.0
2013-08-21	-0.014672999999999999	0.185405	0.185405	0.165687	-0.8259780000000001	3356700.0
2013-08-20	0.006934999999999999	0.185934	0.20900900000000003	0.185755	0.38769499999999996	4740300.0
2013-08-19	-0.010738	0.184701	0.188948	0.171784	-0.606834	2446900.0
2013-08-16	-0.012664	0.182802	0.186121	0.165331	-0.724846	3060500.0
2013-08-15	-0.016082	0.179423	0.185612	0.165327	-0.935528	2922800.0
2013-08-14	-0.014563999999999999	0.18901199999999999	0.18901199999999999	0.163771	-0.859722	3149100.0
2013-08-13	0.0007070000000000001	0.198158	0.202566	0.196972	0.041687	4044200.0
2013-08-12	0.0	0.199345	0.200701	0.194259	0.0	7953000.0
2013-08-09	-0.006458	0.199516	0.201874	0.189747	-0.38343	7238000.0
2013-08-08	0.0025329999999999997	0.201541	0.20728200000000002	0.19630699999999998	0.150036	9963900.0
2013-08-07	-0.000984	0.194623	0.20154	0.19006900000000002	-0.05835	3032200.0
2013-08-06	-0.003503	0.200188	0.202205	0.191279	-0.208382	2343400.0
2013-08-05	-0.005296	0.20386400000000002	0.204032	0.192996	-0.316742	2286900.0
2013-08-02	0.003356	0.198174	0.204549	0.194819	0.200047	1962200.0
2013-08-01	0.007183	0.20526	0.21083600000000002	0.199684	0.42510600000000004	2143100.0
2013-07-31	-0.006854000000000001	0.19834200000000002	0.200691	0.187602	-0.408432	2739800.0
2013-07-30	0.0037909999999999997	0.204401	0.21130700000000002	0.199853	0.225056	1927800.0
2013-07-29	0.006074	0.196803	0.211378	0.196295	0.358429	1799400.0
2013-07-26	0.002691	0.194416	0.203423	0.190848	0.15837400000000001	1915400.0
2013-07-25	0.001419	0.19628099999999998	0.203428	0.193048	0.083359	1818900.0
2013-07-24	-0.011359000000000001	0.199516	0.199516	0.180169	-0.675182	1419100.0
2013-07-23	0.00763	0.200532	0.211042	0.197989	0.450111	1846500.0
2013-07-22	-0.001552	0.19731500000000002	0.200531	0.195114	-0.091671	1665500.0
2013-07-19	-0.003795	0.200021	0.20153900000000002	0.19294	-0.225071	2310600.0
2013-07-18	0.006222999999999999	0.203078	0.21088200000000001	0.200872	0.366768	2394500.0
2013-07-17	0.003121	0.20632199999999998	0.207173	0.196451	0.18337699999999998	2036300.0
2013-07-16	-0.0073230000000000005	0.199684	0.20289400000000002	0.18329600000000001	-0.433449	2263800.0
2013-07-15	0.012259	0.19814500000000002	0.21746999999999997	0.19711900000000002	0.716858	2862500.0
2013-07-12	0.0035759999999999998	0.19934100000000002	0.20569099999999998	0.191274	0.20838099999999998	2061600.0
2013-07-11	0.019099	0.206855	0.22487100000000002	0.205631	1.091961	2544100.0
2013-07-10	0.006309	0.197748	0.21130100000000002	0.193524	0.35841799999999996	2153400.0
2013-07-09	0.0063490000000000005	0.20358099999999998	0.207655	0.198798	0.35843600000000003	2762900.0
2013-07-08	0.0068379999999999995	0.200219	0.20806599999999997	0.196652	0.383442	3097400.0
2013-07-05	-0.0017809999999999998	0.201286	0.203067	0.18384	-0.10002899999999999	3014600.0
2013-07-03	0.0031260000000000003	0.19575599999999999	0.20361300000000002	0.191827	0.175053	1606500.0
2013-07-02	0.0050869999999999995	0.198966	0.210812	0.19771	0.283401	5239700.0
2013-07-01	-0.009778	0.206794	0.20945999999999998	0.182089	-0.550144	2681700.0
2013-06-28	-0.000296	0.19826300000000002	0.20856799999999998	0.1924	-0.016666	2761600.0
2013-06-27	-0.0013310000000000002	0.204652	0.20997600000000002	0.195603	-0.075032	2371800.0
2013-06-26	0.022535	0.208393	0.231618	0.207486	1.2419930000000001	3856700.0
2013-06-25	0.010083	0.203716	0.21764499999999998	0.195652	0.550148	2636500.0
2013-06-24	-0.00183	0.19255	0.207367	0.188159	-0.100025	2935900.0
2013-06-21	0.007373	0.206871	0.219771	0.190839	0.40010100000000004	6334900.0
2013-06-20	-0.024281	0.19572799999999999	0.196268	0.16893699999999998	-1.350357	4726600.0
2013-06-19	-0.022131	0.199156	0.205486	0.172782	-1.2586709999999999	3312900.0
2013-06-18	0.008574	0.201103	0.21156599999999998	0.189753	0.48346300000000003	3188700.0
2013-06-17	0.000148	0.20926199999999998	0.22309600000000002	0.195959	0.008343000000000001	2751000.0
2013-06-14	0.002223	0.199684	0.209639	0.198973	0.12504200000000001	2001000.0
2013-06-13	0.013515000000000001	0.201486	0.21734	0.198603	0.7501909999999999	3312700.0
2013-06-12	-0.009225	0.207181	0.210037	0.185583	-0.516804	3053000.0
2013-06-11	-0.010015999999999999	0.193323	0.203749	0.185724	-0.566811	2626500.0
2013-06-10	0.002954	0.20571	0.21262199999999998	0.196494	0.166699	2312400.0
2013-06-07	0.002815	0.202706	0.21176999999999999	0.19222	0.158386	2740000.0
2013-06-06	0.010328	0.199684	0.21261300000000002	0.195375	0.57515	3626000.0
2013-06-05	-0.005063000000000001	0.19629000000000002	0.200042	0.189143	-0.283406	3339000.0
2013-06-04	-0.0007440000000000001	0.199506	0.20486100000000002	0.1929	-0.041675	3327400.0
2013-06-03	0.004034	0.200222	0.21241100000000002	0.18624100000000002	0.225052	3915700.0
2013-05-31	-0.005646	0.196832	0.220894	0.192911	-0.316765	4277400.0
2013-05-30	0.0023829999999999997	0.20629499999999998	0.223088	0.20236400000000002	0.133388	3949000.0
2013-05-29	-0.008856000000000001	0.19153900000000001	0.19330899999999998	0.171706	-0.5001369999999999	4533900.0
2013-05-28	-0.016405	0.203342	0.208044	0.174255	-0.941917	6062000.0
2013-05-24	-0.012615000000000001	0.19504100000000002	0.19813599999999998	0.181111	-0.733528	2802200.0
2013-05-23	-0.0061259999999999995	0.192164	0.19831700000000002	0.17011500000000002	-0.358429	3412400.0
2013-05-22	-0.016809	0.198508	0.20690999999999998	0.174981	-1.00026	2951900.0
2013-05-21	0.0008410000000000001	0.199684	0.20473	0.18925699999999998	0.050018	2973500.0
2013-05-20	-0.0040490000000000005	0.199516	0.201024	0.192314	-0.24174099999999998	2136400.0
2013-05-17	0.006464	0.203899	0.20845100000000003	0.196987	0.383438	3226900.0
2013-05-16	-0.01495	0.197691	0.198854	0.180918	-0.900249	2494000.0
2013-05-15	0.012971000000000002	0.200273	0.219619	0.1996	0.771057	3189000.0
2013-05-14	0.004319	0.21221500000000001	0.227421	0.21221500000000001	0.255661	4030000.0
2013-05-13	-0.005679999999999999	0.208353	0.210537	0.199114	-0.338142	8248300.0
2013-05-10	0.0018039999999999998	0.20986	0.215077	0.201782	0.107208	7864800.0
2013-05-09	-0.011795	0.214549	0.21604600000000002	0.19459200000000001	-0.709244	7705500.0
2013-05-08	-0.010719	0.21255300000000002	0.214198	0.19626500000000002	-0.651516	3328900.0
2013-05-07	0.010974	0.21272	0.226525	0.210058	0.659775	2927500.0
2013-05-06	-0.021082	0.209785	0.211414	0.185362	-1.294785	3431600.0
2013-05-03	-0.004146	0.21871500000000002	0.22017399999999998	0.202176	-0.25567199999999995	3091600.0
2013-05-02	-0.001469	0.212229	0.216439	0.201705	-0.09073300000000001	2473400.0
2013-05-01	-0.004122	0.20932800000000001	0.216746	0.20561999999999997	-0.25563400000000003	1639500.0
2013-04-30	0.0	0.209812	0.21384299999999998	0.20255599999999999	0.0	2240700.0
2013-04-29	0.004542	0.215469	0.2213	0.21255300000000002	0.28039200000000003	1657800.0
2013-04-26	-0.0037259999999999997	0.21190799999999999	0.217072	0.207389	-0.230908	2431100.0
2013-04-25	0.005621	0.217259	0.222939	0.212229	0.346371	2000400.0
2013-04-24	0.0041659999999999996	0.21402	0.22396	0.206198	0.25565	1812500.0
2013-04-23	0.00175	0.21843	0.21843	0.20553400000000002	0.10721900000000001	1876300.0
2013-04-22	-0.000807	0.21206399999999997	0.21467399999999998	0.20554	-0.049469	1454600.0
2013-04-19	0.015019	0.215864	0.231427	0.21255300000000002	0.9071620000000001	2052200.0
2013-04-18	0.00123	0.214211	0.218852	0.20907199999999998	0.07421900000000001	1656200.0
2013-04-17	-0.0057090000000000005	0.20793899999999998	0.209092	0.195412	-0.34636300000000003	2159400.0
2013-04-16	0.017706	0.220604	0.234526	0.21523699999999998	1.055618	2576600.0
2013-04-15	-0.009319	0.209894	0.22285500000000003	0.201253	-0.560818	2515900.0
2013-04-12	-0.0027329999999999998	0.209736	0.21653000000000003	0.20609	-0.164928	2546500.0
2013-04-11	0.005221	0.21488600000000002	0.223548	0.211887	0.3134	2409100.0
2013-04-10	0.002341	0.21839699999999998	0.223573	0.21338800000000002	0.14019	2130700.0
2013-04-09	-0.005342	0.21388200000000002	0.21388200000000002	0.20458099999999999	-0.32163200000000003	1950100.0
2013-04-08	0.013324	0.211207	0.22988699999999998	0.206663	0.791706	3433000.0
2013-04-05	0.003622	0.204784	0.21795799999999999	0.203433	0.214435	3556100.0
2013-04-04	0.001116	0.211031	0.21695	0.211031	0.06597599999999999	4730300.0
2013-04-03	-0.012531	0.207377	0.213221	0.195021	-0.7504850000000001	3975000.0
2013-04-02	0.004148	0.215571	0.218254	0.212218	0.247414	2077900.0
2013-04-01	-0.0037189999999999996	0.212052	0.21221900000000002	0.20386700000000002	-0.22266799999999998	1691600.0
2013-03-28	0.01213	0.214075	0.22878400000000002	0.21153899999999998	0.717487	2971600.0
2013-03-27	0.010853	0.20742600000000003	0.227935	0.205546	0.635037	2954800.0
2013-03-26	0.009533	0.21565900000000002	0.22566599999999998	0.21531399999999998	0.552547	2505500.0
2013-03-25	-0.004674	0.21409899999999998	0.21890700000000002	0.203452	-0.27215500000000004	2152400.0
2013-03-22	0.004981	0.212381	0.218766	0.209274	0.288643	2019400.0
2013-03-21	-0.001989	0.20876399999999998	0.21427600000000002	0.203597	-0.11546	2461300.0
2013-03-20	0.0070090000000000005	0.214635	0.225041	0.213594	0.404114	1829000.0
2013-03-19	0.004164999999999999	0.215166	0.22265500000000002	0.21133400000000002	0.239155	1773800.0
2013-03-18	-0.004718	0.20614000000000002	0.212727	0.204753	-0.27214499999999997	1461500.0
2013-03-15	0.000286	0.204057	0.213767	0.200936	0.01648	3299800.0
2013-03-14	0.000286	0.213941	0.217063	0.208044	0.01651	2090300.0
2013-03-13	0.005321	0.21272800000000003	0.222318	0.210461	0.305134	2299900.0
2013-03-12	-0.003582	0.21237899999999998	0.212727	0.204213	-0.206181	1872000.0
2013-03-11	0.002154	0.21063800000000002	0.21533899999999997	0.21046399999999998	0.123707	1294700.0
2013-03-08	0.001294	0.21325	0.216563	0.20418499999999998	0.074226	1756700.0
2013-03-07	-0.004722	0.21394200000000002	0.21394200000000002	0.20543899999999998	-0.27214	2472100.0
2013-03-06	-0.003991	0.21324400000000002	0.213417	0.203739	-0.230931	2000800.0
2013-03-05	0.006455	0.21550999999999998	0.224034	0.21237899999999998	0.371125	2129600.0
2013-03-04	0.006642	0.206425	0.224635	0.202747	0.379348	2630200.0
2013-03-01	0.0	0.197845	0.212903	0.19154100000000002	0.0	5228500.0
2013-02-28	-0.012548	0.21151599999999998	0.21203400000000003	0.196128	-0.725727	5066900.0
2013-02-27	0.0077599999999999995	0.214993	0.224227	0.211856	0.44533599999999995	2327500.0
2013-02-26	0.006945999999999999	0.21729	0.227291	0.21500999999999998	0.395862	2123900.0
2013-02-25	-0.005039	0.213775	0.227217	0.206269	-0.288643	3210300.0
2013-02-22	0.009153	0.213258	0.22418000000000002	0.213081	0.519551	1857700.0
2013-02-21	-0.00029	0.20938299999999999	0.216428	0.20850300000000002	-0.01648	2294900.0
2013-02-20	-0.0015949999999999998	0.210619	0.218883	0.208333	-0.090713	2152900.0
2013-02-19	0.013222999999999999	0.21575999999999998	0.228766	0.21575999999999998	0.742222	2754300.0
2013-02-15	0.000883	0.21255300000000002	0.215763	0.20863	0.049492	2667800.0
2013-02-14	-0.011915	0.198458	0.21766300000000002	0.194934	-0.676266	3359200.0
2013-02-13	0.0012369999999999998	0.213876	0.22428499999999998	0.20858400000000002	0.07010599999999999	2638700.0
2013-02-12	0.005207	0.22534	0.232433	0.22463000000000002	0.293637	9078700.0
2013-02-11	0.002029	0.22516	0.229602	0.222673	0.114177	8209900.0
2013-02-08	-0.000579	0.22320700000000002	0.22604899999999997	0.220543	-0.032626999999999996	8084600.0
2013-02-07	-0.001013	0.22285500000000003	0.228177	0.21380700000000002	-0.057102	3111600.0
2013-02-06	0.003339	0.223735	0.230321	0.21839499999999998	0.187607	2642800.0
2013-02-05	0.0077540000000000005	0.228739	0.238605	0.228381	0.432278	2869400.0
2013-02-04	-0.007118000000000001	0.222665	0.228008	0.215719	-0.39965100000000003	2703700.0
2013-02-01	0.0014550000000000001	0.23015100000000002	0.237999	0.22694	0.081554	3691300.0
2013-01-31	0.004383	0.224795	0.23464699999999997	0.219958	0.244687	3308400.0
2013-01-30	0.0067670000000000004	0.232541	0.23849299999999998	0.225507	0.375183	3114800.0
2013-01-29	0.005176	0.22768000000000002	0.23547600000000002	0.22478	0.285488	2246700.0
2013-01-28	-0.00427	0.228395	0.229298	0.218467	-0.236538	2769700.0
2013-01-25	0.0017699999999999999	0.229665	0.229846	0.21754899999999996	0.09787	2301100.0
2013-01-24	0.005786	0.22732199999999997	0.238234	0.22332	0.318096	3334900.0
2013-01-23	0.001486	0.22349899999999998	0.228963	0.216759	0.081573	2336300.0
2013-01-22	0.007484	0.22256199999999998	0.235224	0.221094	0.40781100000000003	2583900.0
2013-01-18	0.011966	0.228834	0.24071900000000002	0.224563	0.6443399999999999	3205400.0
2013-01-17	0.004412	0.23108499999999998	0.23835900000000002	0.22642199999999998	0.23653000000000002	2448800.0
2013-01-16	-0.004845	0.22252199999999997	0.224935	0.216025	-0.260997	2331600.0
2013-01-15	0.010093000000000001	0.226048	0.23936100000000002	0.22079899999999997	0.538311	3139600.0
2013-01-14	-0.004567	0.226235	0.226235	0.218023	-0.244687	2518600.0
2013-01-11	0.004895	0.22623600000000002	0.233738	0.22398600000000002	0.26100999999999996	2237700.0
2013-01-10	0.005536999999999999	0.22680300000000003	0.233026	0.223031	0.293613	2794000.0
2013-01-09	0.001695	0.226048	0.22831500000000002	0.21981399999999998	0.089714	2503400.0
2013-01-08	0.002317	0.225291	0.233244	0.221125	0.122353	2428500.0
2013-01-07	-0.004765	0.22096	0.222845	0.214365	-0.25285	2579500.0
2013-01-04	0.0029289999999999997	0.226615	0.23171799999999998	0.224536	0.154968	1749500.0
2013-01-03	-0.002153	0.22189899999999999	0.22944299999999998	0.21643	-0.114185	2326400.0
2013-01-02	0.018966	0.24065300000000003	0.253337	0.239693	0.9869120000000001	3196300.0
2012-12-31	0.012537999999999999	0.22235100000000002	0.242393	0.21807100000000001	0.6443479999999999	3135900.0
2012-12-28	-0.010987	0.219506	0.225279	0.211808	-0.5709380000000001	2883500.0
2012-12-27	-0.005619	0.22490100000000002	0.22719699999999998	0.20729499999999998	-0.293617	2411500.0
2012-12-26	-0.007897	0.230605	0.230605	0.214468	-0.41598199999999996	2120600.0
2012-12-24	0.001085	0.225478	0.22794899999999998	0.218446	0.05709500000000001	1581200.0
2012-12-21	-0.008301000000000001	0.226425	0.233776	0.215871	-0.44044099999999997	8491200.0
2012-12-20	0.004633	0.22604899999999997	0.235327	0.21847399999999997	0.24469000000000002	3313600.0
2012-12-19	-0.011601	0.22399000000000002	0.22399000000000002	0.210889	-0.619881	3121400.0
2012-12-18	0.011581000000000001	0.229456	0.243087	0.22851	0.611721	7248300.0
2012-12-17	0.014888	0.22931500000000002	0.24526199999999998	0.228546	0.774849	3463900.0
2012-12-14	-0.001721	0.224706	0.22758299999999998	0.21914299999999998	-0.089725	2063300.0
2012-12-13	-0.00591	0.226239	0.22719299999999998	0.213655	-0.309929	2244800.0
2012-12-12	0.00031099999999999997	0.228528	0.2394	0.224904	0.016319	3311400.0
2012-12-11	-0.0006219999999999999	0.22566799999999998	0.23271999999999998	0.22299899999999998	-0.032626999999999996	3414600.0
2012-12-10	0.0	0.224714	0.22948000000000002	0.22338000000000002	0.0	2244800.0
2012-12-07	0.002338	0.227577	0.232163	0.222227	0.12234500000000001	2555600.0
2012-12-06	-0.004499	0.227	0.228521	0.21729899999999996	-0.236538	2802400.0
2012-12-05	0.013522	0.22508499999999998	0.249567	0.222386	0.701435	3896500.0
2012-12-04	-0.005784	0.225665	0.229498	0.21627399999999997	-0.301781	2883500.0
2012-12-03	0.0023510000000000002	0.23123600000000002	0.23892	0.22604899999999997	0.122353	5382400.0
2012-11-30	0.02292	0.23823200000000003	0.257687	0.23823200000000003	1.166336	7223600.0
2012-11-29	0.011183	0.22744	0.24075300000000002	0.222869	0.5627939999999999	3353800.0
2012-11-28	0.001786	0.22664600000000001	0.23122399999999999	0.2151	0.08972100000000001	2518100.0
2012-11-27	0.004567	0.228848	0.23984699999999998	0.226048	0.22836700000000001	3136300.0
2012-11-26	0.014227000000000002	0.223412	0.253632	0.223412	0.701443	6020900.0
2012-11-23	0.0004969999999999999	0.22848400000000002	0.229904	0.21752600000000002	0.024471	1981500.0
2012-11-21	-0.006086	0.225242	0.228469	0.20709	-0.301777	3274800.0
2012-11-20	-0.003279	0.227054	0.228863	0.212982	-0.163128	2823100.0
2012-11-19	0.001478	0.233296	0.234303	0.219002	0.073403	3895500.0
2012-11-16	0.017204	0.226868	0.247756	0.224206	0.840103	4525300.0
2012-11-15	-0.014322999999999999	0.222617	0.23149899999999998	0.20364300000000002	-0.7096020000000001	3702900.0
2012-11-14	-0.008246	0.233356	0.233356	0.211335	-0.411889	4119000.0
2012-11-13	0.009113	0.23873699999999998	0.259948	0.237525	0.45111899999999994	4939300.0
2012-11-12	-0.008231	0.23956	0.24176399999999998	0.21732100000000001	-0.41083500000000006	3658700.0
2012-11-09	-0.009590999999999999	0.24017199999999997	0.241958	0.223703	-0.483353	11296400.0
2012-11-08	-0.006037	0.255958	0.2672	0.233868	-0.306114	9688400.0
2012-11-07	-0.017637	0.237488	0.24000700000000003	0.210169	-0.9102899999999999	4243800.0
2012-11-06	0.000156	0.244464	0.249889	0.2402	0.008064	2461800.0
2012-11-05	-0.013550999999999999	0.234481	0.23696599999999998	0.22090900000000002	-0.708912	3184600.0
2012-11-02	-0.005665	0.245544	0.24972600000000003	0.233	-0.298053	9485600.0
2012-11-01	-0.005785	0.240418	0.24457600000000002	0.232481	-0.306111	2983500.0
2012-10-31	0.008908	0.23964699999999997	0.254709	0.239265	0.467217	3246600.0
2012-10-26	0.00556	0.24136300000000002	0.251716	0.237529	0.29002	2595700.0
2012-10-25	0.006684999999999999	0.245802	0.24985500000000002	0.237696	0.34639000000000003	2330100.0
2012-10-24	-0.010309	0.241936	0.24422800000000003	0.227419	-0.539734	2479400.0
2012-10-23	-0.0077859999999999995	0.23870999999999998	0.24401599999999998	0.23093899999999998	-0.41082799999999997	2780500.0
2012-10-22	-0.000153	0.238141	0.24136300000000002	0.229235	-0.008072	3273100.0
2012-10-19	-0.001372	0.24136300000000002	0.24704	0.231712	-0.072483	3237200.0
2012-10-18	0.005056000000000001	0.24174299999999999	0.24859	0.240222	0.265827	2363700.0
2012-10-17	0.010998	0.244439	0.26097600000000004	0.24290100000000003	0.5719529999999999	2423900.0
2012-10-16	0.0	0.24616999999999997	0.247131	0.23309499999999997	0.0	2678100.0
2012-10-15	0.006234	0.240589	0.250069	0.235945	0.32222	2068400.0
2012-10-12	-0.004963	0.24348000000000003	0.246561	0.232699	-0.257782	2243200.0
2012-10-11	-0.004631000000000001	0.245962	0.24691999999999997	0.23408099999999998	-0.24166500000000002	2147100.0
2012-10-10	-0.007811	0.24136300000000002	0.24174299999999999	0.23033499999999998	-0.410839	2060700.0
2012-10-09	0.0009199999999999999	0.23945999999999998	0.245169	0.234702	0.048327999999999996	2365800.0
2012-10-08	0.0038469999999999997	0.24079	0.248813	0.236587	0.201397	1502200.0
2012-10-05	-0.00627	0.24345100000000003	0.24516	0.23263000000000003	-0.330284	2021800.0
2012-10-04	0.009417	0.244429	0.254202	0.243088	0.49139799999999995	3109800.0
2012-10-03	0.000309	0.24136300000000002	0.246155	0.235996	0.016113	2952300.0
2012-10-02	0.005902	0.245412	0.25466700000000003	0.244448	0.306115	2952600.0
2012-10-01	-0.006328	0.24557800000000002	0.248452	0.23293200000000003	-0.33029200000000003	4272200.0
2012-09-28	0.011396	0.24078200000000002	0.25667199999999996	0.239231	0.5880770000000001	4051000.0
2012-09-27	-0.004197	0.2431	0.24387199999999998	0.235188	-0.217506	1938700.0
2012-09-26	-0.000155	0.243871	0.252168	0.240398	-0.008053	2808200.0
2012-09-25	-0.004795000000000001	0.241171	0.24635500000000002	0.23502699999999999	-0.249725	3199800.0
2012-09-24	0.008895	0.24213800000000002	0.254148	0.240975	0.459163	3657600.0
2012-09-21	0.002346	0.243887	0.245441	0.236314	0.12083900000000002	6699400.0
2012-09-20	0.007883	0.238231	0.255258	0.238231	0.402778	3543400.0
2012-09-19	0.004275	0.24313200000000001	0.25001100000000004	0.24155900000000002	0.217507	4334300.0
2012-09-18	-0.015279	0.239815	0.24329800000000001	0.21988000000000002	-0.789452	5639300.0
2012-09-17	-0.000779	0.24349	0.250452	0.23846199999999998	-0.040287	6654700.0
2012-09-14	-0.007268999999999999	0.24654600000000002	0.24789	0.228884	-0.378616	3911100.0
2012-09-13	0.009524	0.241169	0.253573	0.23787399999999997	0.49138999999999994	4314000.0
2012-09-12	-0.00636	0.241941	0.244252	0.233082	-0.330273	3380400.0
2012-09-11	-0.005707	0.241171	0.24327800000000002	0.23427800000000001	-0.298057	2097400.0
2012-09-10	0.0017	0.24232199999999998	0.24635	0.237527	0.088611	2687400.0
2012-09-07	-0.004308	0.24136300000000002	0.245373	0.23200500000000002	-0.225559	2509700.0
2012-09-06	0.008221	0.24386599999999997	0.25156799999999996	0.2404	0.42695200000000005	3298800.0
2012-09-05	-0.005246	0.24059699999999998	0.24347	0.23351	-0.273887	2973900.0
