2017-09-01	-0.008714	0.002113	0.002377	-0.011883	-0.329998	5859200.000000
2016-09-01	-0.005588	0.035845	0.039205000000000004	0.030652	-0.182937	4717400.0
2016-08-31	0.00562	0.037979	0.045045	0.03245	0.182937	3947500.0
2016-08-30	-0.0070480000000000004	0.038593999999999996	0.040119	0.027613	-0.231075	3169400.0
2016-08-29	0.004425	0.043189	0.047785	0.037981	0.144421	3441500.0
2016-08-26	-0.017676	0.040099	0.048525	0.019634	-0.58733	3669700.0
2016-08-25	-0.005762	0.038893000000000004	0.039192000000000005	0.031113	-0.192574	2707000.0
2016-08-24	0.003469	0.037093	0.044599	0.03439	0.115543	3634900.0
2016-08-23	0.004647	0.041912	0.050962	0.041912	0.154057	4157000.0
2016-08-22	0.0017460000000000002	0.04222	0.043731	0.035269999999999996	0.057774	2267300.0
2016-08-19	-0.009796	0.0362	0.036799	0.021537999999999998	-0.327374	4797100.0
2016-08-18	0.003759	0.03499	0.045502	0.031085	0.125168	6161600.0
2016-08-17	0.010225	0.037380000000000004	0.051641	0.02494	0.336998	6249000.0
2016-08-16	-0.011551	0.034395	0.037694	0.026297000000000004	-0.38514	5527400.0
2016-08-15	-0.008872	0.037405	0.042755	0.029082	-0.298477	4053000.0
2016-08-12	0.0037340000000000003	0.047245999999999996	0.058286000000000004	0.041876	0.125164	8397600.0
2016-08-11	-0.011415999999999999	0.038535	0.044729000000000005	0.020543000000000002	-0.387054	10155500.0
2016-08-10	-0.008926	0.052065999999999994	0.055281	0.026926	-0.30535500000000004	7980100.0
2016-08-09	-0.0072	0.056679999999999994	0.058711	0.039847	-0.24809699999999998	4428300.0
2016-08-08	-0.0008300000000000001	0.052033	0.053193	0.043334	-0.028625	5399400.0
2016-08-05	-0.005229999999999999	0.047108	0.049993	0.03932	-0.181301	5256300.0
2016-08-04	-0.006562999999999999	0.047687	0.054851	0.038803	-0.229016	4137900.0
2016-08-03	-0.00571	0.049113	0.051962	0.038001	-0.200389	4390200.0
2016-08-02	-0.018153	0.041819	0.043497	0.027270999999999997	-0.6488689999999999	5497700.0
2016-08-01	0.004828	0.045725	0.05977999999999999	0.042351	0.171764	6175900.0
2016-07-29	0.011394	0.046836	0.063326	0.043424000000000004	0.400769	4709500.0
2016-07-28	0.007379000000000001	0.047113999999999996	0.057998	0.043391000000000006	0.25764000000000004	3151900.0
2016-07-27	-0.013481	0.041475	0.045995999999999995	0.024804	-0.47711099999999995	4032300.0
2016-07-26	-0.010933	0.047973	0.049371	0.034	-0.391232	2768700.0
2016-07-25	0.0024059999999999997	0.045732	0.050495	0.041530000000000004	0.08588	4605200.0
2016-07-22	0.026056	0.051998	0.076717	0.05171	0.906517	5397000.0
2016-07-21	0.0057929999999999995	0.049419	0.05549	0.047973	0.200383	5175400.0
2016-07-20	-0.009021	0.047113999999999996	0.048546	0.038232999999999996	-0.314896	3166500.0
2016-07-19	-0.002454	0.04483	0.047402	0.040257	-0.08588	2813900.0
2016-07-18	0.004933	0.047973	0.058312	0.044814	0.171756	4696900.0
2016-07-15	0.002748	0.050276999999999995	0.054021000000000007	0.045957	0.095425	3234700.0
2016-07-14	-0.009796	0.041985	0.045692	0.034286000000000004	-0.343513	5638400.0
2016-07-13	0.008784	0.052864	0.057754	0.043371	0.305347	5766900.0
2016-07-12	0.000824	0.047973	0.056035	0.045382	0.028626	6280500.0
2016-07-11	0.008031	0.046522	0.057260000000000005	0.038106	0.276725	4174800.0
2016-07-08	0.011484999999999999	0.049441000000000006	0.06089	0.038286	0.391232	4925300.0
2016-07-07	-0.025389	0.042824	0.045112	0.017933	-0.8874280000000001	4205400.0
2016-07-06	0.011599	0.048263	0.061576	0.041606	0.400776	5411700.0
2016-07-05	-0.005493	0.037612	0.045670999999999996	0.032719	-0.19084600000000002	4415900.0
2016-07-01	0.001375	0.050567	0.050855000000000004	0.039037999999999996	0.047707	4526000.0
2016-06-30	0.035308	0.050658999999999996	0.085273	0.042005	1.183242	8834900.0
2016-06-29	0.006881	0.05157899999999999	0.05909	0.04557	0.229016	7386900.0
2016-06-28	0.008384	0.051912	0.057063	0.042217000000000005	0.27672199999999997	6935600.0
2016-06-27	0.005816	0.044317	0.057725	0.033956	0.190841	7964400.0
2016-06-24	-0.016023	0.032981	0.049772000000000004	0.024585	-0.534366	9643200.0
2016-06-23	0.015103	0.05193	0.063801	0.046451	0.496197	4466200.0
2016-06-22	-0.009493999999999999	0.050385	0.051591	0.036818000000000004	-0.314892	3011200.0
2016-06-21	0.009292	0.048886	0.063188	0.041582999999999995	0.30535500000000004	3564900.0
2016-06-20	-0.0060609999999999995	0.050695	0.053417	0.041017000000000005	-0.20039400000000002	4645700.0
2016-06-17	0.012862	0.043991	0.061452	0.04154	0.419861	7031900.0
2016-06-16	0.000585	0.047667	0.055023	0.043069	0.019084999999999998	3648200.0
2016-06-15	0.010043999999999999	0.049831	0.069026	0.047664	0.324436	6146700.0
2016-06-14	-0.015988	0.047973	0.049192	0.023906	-0.524826	7535300.0
2016-06-13	-0.0057799999999999995	0.050093	0.055242999999999993	0.041916	-0.190842	3840600.0
2016-06-10	-0.015366999999999999	0.045288999999999996	0.049763	0.023816999999999998	-0.515274	6099300.0
2016-06-09	0.002568	0.047675	0.052458000000000005	0.034519	0.085877	4182000.0
2016-06-08	0.009505	0.049483	0.058538	0.047068	0.314892	2616900.0
2016-06-07	-0.008567	0.049769	0.050367	0.035704	-0.286267	2934600.0
2016-06-06	0.001716	0.050671	0.056665999999999994	0.043776999999999996	0.057250999999999996	3349100.0
2016-06-03	0.006913	0.054312	0.06578200000000001	0.053708000000000006	0.229016	6505400.0
2016-06-02	0.009009	0.044623	0.057719000000000006	0.041273000000000004	0.295806	4468600.0
2016-06-01	0.004085	0.048279	0.054701	0.045527	0.13359100000000002	4429700.0
2016-05-31	-0.001748	0.048279	0.050414999999999995	0.036677999999999995	-0.05725499999999999	6070200.0
2016-05-27	0.004683	0.0492	0.053801	0.044906	0.15267999999999998	3243100.0
2016-05-26	0.008559	0.048901	0.060965	0.046117	0.27671799999999996	3546000.0
2016-05-25	-0.0032359999999999997	0.037799	0.049207	0.025775	-0.104958	7127900.0
2016-05-24	0.007708	0.047352	0.056052	0.047041	0.24809699999999998	5451900.0
2016-05-23	-0.015757	0.049502	0.051642999999999994	0.030543	-0.515282	4264200.0
2016-05-20	0.002633	0.051039	0.051959000000000005	0.041841	0.085877	3775000.0
2016-05-19	0.009748999999999999	0.040234	0.060667	0.038686	0.314899	4812300.0
2016-05-18	-0.014269	0.043701	0.047363	0.027222000000000003	-0.467567	6337100.0
2016-05-17	-0.010945	0.047973	0.051294000000000006	0.030467	-0.362606	4522100.0
2016-05-16	-0.006297	0.044974	0.050373	0.035676	-0.209931	4656100.0
2016-05-13	-0.014663999999999998	0.045018	0.045905	0.028173	-0.49619300000000005	3297800.0
2016-05-12	0.003396	0.047677	0.05509	0.037001	0.114506	4991600.0
2016-05-11	0.013130000000000001	0.048514	0.063836	0.044909	0.43703100000000006	4084000.0
2016-05-10	-0.001418	0.059627	0.062327999999999995	0.051226999999999995	-0.047272	5166700.0
2016-05-09	-0.012052	0.057526999999999995	0.060490999999999996	0.0433	-0.406616	4962900.0
2016-05-06	0.008479	0.05125	0.07456499999999999	0.050651999999999996	0.28368000000000004	5874600.0
2016-05-05	0.003403	0.055428	0.074023	0.053928	0.113476	6663400.0
2016-05-04	0.013800999999999999	0.056919000000000004	0.079724	0.056615	0.453891	5857900.0
2016-05-03	-0.008834999999999999	0.055116	0.060541	0.041253	-0.29314	6234400.0
2016-05-02	0.0	0.062651	0.06626699999999999	0.049389999999999996	0.0	3817100.0
2016-04-29	-0.001991	0.049406	0.058428999999999995	0.040684	-0.066193	5351900.0
2016-04-28	-0.005375	0.047954000000000004	0.062613	0.043766	-0.17966	4237900.0
2016-04-27	0.021086	0.060582000000000004	0.087463	0.059664999999999996	0.690284	5210000.0
2016-04-26	0.013169	0.061860000000000005	0.07485900000000001	0.059384000000000006	0.425522	5578400.0
2016-04-25	0.0023469999999999997	0.051323	0.06187	0.04698	0.075649	4263700.0
2016-04-22	0.021882	0.064184	0.082888	0.062916	0.690289	4671300.0
2016-04-21	-0.013893	0.055026	0.057526999999999995	0.037208	-0.44443699999999997	5733700.0
2016-04-20	-0.027873000000000002	0.057526999999999995	0.060565999999999995	0.025619	-0.917227	4683800.0
2016-04-19	0.010745999999999999	0.062442	0.074113	0.05722000000000001	0.349869	6451700.0
2016-04-18	0.0017460000000000002	0.051066	0.06245	0.042143	0.05674	4954900.0
2016-04-15	-0.016314	0.057526999999999995	0.057526999999999995	0.039972	-0.538994	10508700.0
2016-04-14	0.005178	0.057526999999999995	0.06848	0.05600599999999999	0.170212	3804300.0
2016-04-13	-0.009122	0.057829	0.057829	0.043358999999999995	-0.302597	3613900.0
2016-04-12	0.015634000000000002	0.056915	0.07559199999999999	0.053853	0.510627	6072300.0
2016-04-11	-0.004611	0.058137	0.068194	0.051127	-0.151302	3712100.0
2016-04-08	0.010189	0.0643	0.07877	0.0643	0.330967	4889700.0
2016-04-07	0.001166	0.057526999999999995	0.066466	0.055061	0.037823	4498700.0
2016-04-06	-0.008381999999999999	0.054471000000000006	0.057833	0.041939	-0.274227	8075900.0
2016-04-05	-0.025626999999999997	0.052167	0.052464	0.028937	-0.860497	6124000.0
2016-04-04	-0.0042060000000000005	0.058417	0.060788999999999996	0.049817	-0.14183800000000002	4469000.0
2016-04-01	-0.005577	0.053988	0.06018099999999999	0.042487	-0.189125	7634500.0
2016-03-31	0.012137	0.060811000000000004	0.073048	0.060811000000000004	0.406612	7228500.0
2016-03-30	-0.007285	0.059305	0.059601	0.049231	-0.24585700000000002	4239900.0
2016-03-29	0.015074	0.05993300000000001	0.075875	0.048202999999999996	0.501167	7564300.0
2016-03-28	-0.004248	0.056329	0.062918	0.046745	-0.141842	4532600.0
2016-03-24	0.016993	0.057526999999999995	0.077021	0.046257	0.557904	6011200.0
2016-03-23	-0.008	0.056923	0.072635	0.042722	-0.264771	11565300.0
2016-03-22	0.00344	0.056616999999999994	0.067229	0.049947000000000005	0.113472	3895800.0
2016-03-21	0.0011480000000000001	0.054795	0.064812	0.052367	0.037831000000000004	5840400.0
2016-03-18	-0.0020050000000000003	0.059648	0.063586	0.049954000000000005	-0.066189	10125300.0
2016-03-17	0.0037380000000000004	0.05996	0.064217	0.050533999999999996	0.122928	5451500.0
2016-03-16	0.008116	0.054154999999999995	0.068256	0.043427	0.26476700000000003	4999900.0
2016-03-15	-0.0043289999999999995	0.053253999999999996	0.060578999999999994	0.04593	-0.141842	5020900.0
2016-03-14	-0.002304	0.0557	0.06179	0.050219	-0.075649	4753100.0
2016-03-11	0.0	0.06361699999999999	0.06514	0.048697000000000004	0.0	5709500.0
2016-03-10	0.016388999999999997	0.060002999999999994	0.078572	0.055670000000000004	0.529537	7670700.0
2016-03-09	-0.0017530000000000002	0.052584000000000006	0.06154400000000001	0.048877	-0.056732000000000005	7158500.0
2016-03-08	0.009139	0.056903999999999996	0.069998	0.041003	0.293137	8925800.0
2016-03-07	0.016786000000000002	0.061331	0.0794	0.055625	0.529533	6904600.0
2016-03-04	0.008464	0.050494	0.07511	0.046018	0.26476500000000003	8438600.0
2016-03-03	0.023515	0.059163	0.083049	0.047711	0.718658	9165400.0
2016-03-02	0.017312	0.052201	0.076834	0.027569	0.520083	7379200.0
2016-03-01	0.008892	0.06692999999999999	0.073311	0.048124	0.26477	9942300.0
2016-02-29	-0.007564	0.057526999999999995	0.07119199999999999	0.048195	-0.226946	9706300.0
2016-02-26	-0.007817000000000001	0.053559	0.062818	0.030411	-0.2364	12901100.0
2016-02-25	0.007244	0.05719400000000001	0.065188	0.051199	0.217489	6092600.0
2016-02-24	0.017953999999999998	0.057865999999999994	0.07990499999999999	0.053798	0.529537	8639000.0
2016-02-23	-0.015778	0.037505000000000004	0.055191	0.034501	-0.47279899999999997	8711300.0
2016-02-22	0.014405000000000001	0.06599	0.074115	0.05685	0.42552	6908500.0
2016-02-19	-0.006677	0.053155999999999995	0.054501	0.040378	-0.19858	7164000.0
2016-02-18	0.011579	0.057866999999999995	0.076235	0.056507	0.34042	7686700.0
2016-02-17	0.002257	0.061277	0.06639099999999999	0.047981	0.066189	7477400.0
2016-02-16	0.018385	0.068984	0.081136	0.057179999999999995	0.529541	9254100.0
2016-02-12	0.004949	0.057178	0.068343	0.046013	0.14184000000000002	8523700.0
2016-02-11	-0.026027999999999996	0.045973	0.056167999999999996	0.019466999999999998	-0.765938	9973400.0
2016-02-10	-0.016124	0.036463999999999996	0.050506	0.021418	-0.482256	11043000.0
2016-02-09	-0.012979	0.059641999999999994	0.069212	0.048422	-0.39329899999999995	9553500.0
2016-02-08	-0.016413	0.063348	0.075033	0.042249	-0.505671	10060600.0
2016-02-05	0.020155000000000003	0.07484600000000001	0.091071	0.06060700000000001	0.608679	10945400.0
2016-02-04	0.020247	0.06958099999999999	0.095256	0.067892	0.599308	14215700.0
2016-02-03	0.048773000000000004	0.071435	0.124227	0.068246	1.376547	15097400.0
2016-02-02	0.004667	0.057213	0.073587	0.04689	0.1311	9865600.0
2016-02-01	0.014542	0.061752	0.087393	0.056696	0.40266	9496300.0
2016-01-29	0.029955000000000002	0.078679	0.1036	0.077191	0.8053279999999999	11951200.0
2016-01-28	0.023528999999999998	0.068273	0.101775	0.060278	0.618038	6801600.0
2016-01-27	0.007543000000000001	0.072878	0.09014	0.06022	0.196648	6107400.0
2016-01-26	0.025037	0.071037	0.10091900000000001	0.070251	0.63677	6930000.0
2016-01-25	-0.031038	0.066749	0.070559	0.033985	-0.8146869999999999	8437100.0
2016-01-22	0.022246000000000002	0.071397	0.093985	0.06945	0.571216	7102600.0
2016-01-21	0.023898	0.071879	0.097799	0.059917	0.599312	9040000.0
2016-01-20	-0.031114	0.059005999999999996	0.060551	0.014575	-0.805325	10755100.0
2016-01-19	0.006555	0.074503	0.08617000000000001	0.068281	0.16855699999999998	8888300.0
2016-01-15	-0.016123	0.046848	0.070188	0.031543	-0.42139099999999996	10213200.0
2016-01-14	0.013434999999999999	0.067504	0.08960599999999999	0.053933	0.346478	9442100.0
2016-01-13	-0.014315999999999999	0.068656	0.0763	0.045342	-0.374571	8058300.0
2016-01-12	-0.004277	0.07245900000000001	0.07245900000000001	0.049244	-0.11237	6826900.0
2016-01-11	0.008627	0.072882	0.08862	0.067892	0.22474299999999997	8189500.0
2016-01-08	-0.000719	0.07019299999999999	0.073262	0.05293200000000001	-0.018732	7965800.0
2016-01-07	-0.012416	0.053875	0.067892	0.048193	-0.327751	5509700.0
2016-01-06	0.001065	0.057652999999999996	0.072443	0.052723	0.028095	6714500.0
2016-01-05	0.006793	0.064456	0.076292	0.046893000000000004	0.177923	5588400.0
2016-01-04	0.007201999999999999	0.05674	0.076736	0.050972	0.187283	7318200.0
2015-12-31	0.002889	0.065964	0.074062	0.053622	0.074915	5492900.0
2015-12-30	-0.009302	0.059868	0.067892	0.050698	-0.243473	4437100.0
2015-12-29	0.006843999999999999	0.073662	0.077124	0.065968	0.177923	4773500.0
2015-12-28	0.00036	0.064044	0.070586	0.052884	0.009363	4582500.0
2015-12-24	-0.001439	0.06328099999999999	0.070582	0.062512	-0.037454	1830300.0
2015-12-23	0.009811	0.06828	0.081085	0.0644	0.252834	5226200.0
2015-12-22	0.003281	0.065945	0.075289	0.058938	0.084276	6229700.0
2015-12-21	0.019703000000000002	0.074641	0.09210800000000001	0.06551	0.496306	9824800.0
2015-12-18	0.011278	0.063877	0.085556	0.054242	0.280931	17123600.0
2015-12-17	0.006051	0.067892	0.082028	0.058602	0.149824	8133300.0
2015-12-16	0.030799	0.069141	0.107027	0.06705900000000001	0.739775	11191900.0
2015-12-15	0.007462999999999999	0.06957	0.092639	0.067892	0.177923	10699100.0
2015-12-14	-0.018504	0.06995	0.070774	0.032899	-0.449484	10904700.0
2015-12-11	-0.020393	0.05902	0.070312	0.043695	-0.505672	7304000.0
2015-12-10	-0.003387	0.0695	0.075126	0.057844000000000007	-0.084276	6954200.0
2015-12-09	0.0011300000000000001	0.061453999999999995	0.08881499999999999	0.058637	0.028089	5832900.0
2015-12-08	-0.008221	0.061507000000000006	0.065497	0.046342	-0.206011	5723200.0
2015-12-07	0.001872	0.067892	0.075488	0.0507	0.046822	9614600.0
2015-12-04	-0.015844	0.075761	0.08009	0.048612	-0.40266399999999997	11246200.0
2015-12-03	-0.007315	0.063205	0.07336000000000001	0.056174	-0.18728499999999998	5566600.0
2015-12-02	-0.018312000000000002	0.064057	0.067125	0.045269	-0.47757700000000003	6722600.0
2015-12-01	0.019773	0.074539	0.09018	0.072193	0.505671	7261800.0
2015-11-30	-0.011224	0.067892	0.072145	0.054746	-0.29028899999999996	8702800.0
2015-11-27	-0.002888	0.069819	0.07328899999999999	0.06249400000000001	-0.074917	2248800.0
2015-11-25	-0.00288	0.06673899999999999	0.06942899999999999	0.056359000000000006	-0.074915	4534500.0
2015-11-24	0.003975	0.064032	0.075611	0.057471	0.10300799999999999	8228500.0
2015-11-23	-0.011786	0.067129	0.070562	0.053017999999999996	-0.309019	6350600.0
2015-11-20	-0.005682	0.072443	0.08040599999999999	0.045897	-0.14983	9698200.0
2015-11-19	0.001422	0.07055	0.085741	0.067512	0.037457	5961600.0
2015-11-18	0.015529	0.06827799999999999	0.086789	0.060178999999999996	0.40266399999999997	9515200.0
2015-11-17	-0.033507999999999996	0.06565499999999999	0.07385599999999999	0.028754000000000002	-0.898968	9481200.0
2015-11-16	0.010939	0.067892	0.07995	0.06525399999999999	0.29029099999999997	7055300.0
2015-11-13	-0.007703	0.068266	0.07985700000000001	0.056675	-0.206011	14599100.0
2015-11-12	-0.010738	0.061973	0.071961	0.056054999999999994	-0.29029499999999997	6872800.0
2015-11-11	0.004523	0.071608	0.07681	0.065662	0.12173900000000001	6158300.0
2015-11-10	0.008421	0.069765	0.087002	0.067892	0.224741	6872200.0
2015-11-09	0.025632	0.083735	0.122549	0.082582	0.6669689999999999	13740900.0
2015-11-06	-0.022616999999999998	0.064859	0.070493	0.041571	-0.6021270000000001	9663100.0
2015-11-05	-0.012371	0.08062000000000001	0.083588	0.063927	-0.333483	6174500.0
2015-11-04	0.020694	0.079886	0.10184700000000001	0.077614	0.5465439999999999	10957400.0
2015-11-03	0.004935	0.079127	0.087498	0.069234	0.129692	6290900.0
2015-11-02	0.016117	0.081441	0.099226	0.081441	0.41685600000000006	7919600.0
2015-10-30	-0.023435	0.082528	0.098764	0.04628	-0.620657	13220500.0
2015-10-29	0.00105	0.075728	0.082531	0.054939	0.027792	7659300.0
2015-10-28	0.00035	0.082911	0.095388	0.066274	0.009266	9476400.0
2015-10-27	-0.021255	0.074697	0.077657	0.051012	-0.574337	7118500.0
2015-10-26	-0.023108	0.07986900000000001	0.084569	0.047693	-0.639185	9366200.0
2015-10-23	-0.037085	0.074286	0.076026	0.038778	-1.0653	7759300.0
2015-10-22	0.018057	0.08376	0.10041699999999999	0.081988	0.509495	5454100.0
2015-10-21	-0.003924	0.081272	0.089039	0.072447	-0.11116400000000001	4600900.0
2015-10-20	0.013253999999999998	0.080581	0.098465	0.078792	0.370541	6908300.0
2015-10-19	-0.009192	0.076318	0.07950800000000001	0.061787	-0.259377	7893800.0
2015-10-16	-0.01615	0.08404	0.085784	0.058238	-0.46317299999999995	9455500.0
2015-10-15	0.018756000000000002	0.08377000000000001	0.106504	0.058194	0.5280130000000001	12145600.0
2015-10-14	-0.0065379999999999995	0.081625	0.083389	0.066803	-0.18526600000000001	9707800.0
2015-10-13	-0.014180000000000002	0.07881200000000001	0.084726	0.062113	-0.407595	7265600.0
2015-10-12	0.006814	0.08371100000000001	0.098772	0.08231000000000001	0.19453499999999999	6161300.0
2015-10-09	-0.001943	0.079158	0.084402	0.071467	-0.05558099999999999	7877600.0
2015-10-08	0.024891999999999997	0.07735800000000001	0.10996199999999999	0.069476	0.694762	8113100.0
2015-10-07	-0.002648	0.08308099999999999	0.090585	0.07379	-0.07410800000000001	7145900.0
2015-10-06	-0.00297	0.07737000000000001	0.084139	0.064188	-0.083373	7908100.0
2015-10-05	0.016097	0.085662	0.113174	0.083128	0.444647	9407000.0
2015-10-02	0.021233000000000002	0.09022899999999999	0.10242799999999999	0.07655	0.574335	7145500.0
2015-10-01	-0.016835	0.078417	0.081325	0.056245	-0.46317299999999995	7442200.0
2015-09-30	0.018868	0.086914	0.10209800000000001	0.07876699999999999	0.509493	6715900.0
2015-09-29	-0.0017120000000000002	0.08653200000000001	0.092816	0.069895	-0.04632	7098200.0
2015-09-28	-0.010169	0.072189	0.091949	0.064138	-0.277904	9685500.0
2015-09-25	0.014792	0.091019	0.103645	0.079136	0.398332	10390400.0
2015-09-24	0.0017230000000000001	0.073928	0.08769099999999999	0.058303999999999995	0.046319	14645200.0
2015-09-23	0.019677	0.090128	0.118576	0.07950700000000001	0.518753	14892400.0
2015-09-22	-0.067497	0.078093	0.08163	0.004876	-1.9082759999999999	22482400.0
2015-09-21	-0.012617	0.080206	0.08963600000000001	0.065189	-0.361277	7578600.0
2015-09-18	-0.020906	0.060016999999999994	0.078824	0.055572	-0.611391	9166300.0
2015-09-17	0.01642	0.07916000000000001	0.11009200000000001	0.074642	0.472437	6882300.0
2015-09-16	0.018695	0.080924	0.101813	0.078091	0.528017	7829800.0
2015-09-15	0.010942	0.084877	0.094898	0.07736	0.305701	5180800.0
2015-09-14	0.015488	0.086413	0.10604100000000001	0.086413	0.426116	5358800.0
2015-09-11	-0.0016809999999999998	0.076968	0.08241	0.07225	-0.046316	4009100.0
2015-09-10	-0.001343	0.088929	0.091103	0.074072	-0.037058	6509200.0
2015-09-09	-0.016507	0.081289	0.087348	0.05955	-0.463171	4512100.0
2015-09-08	0.019178999999999998	0.09222000000000001	0.101664	0.088588	0.528021	3842800.0
2015-09-04	-0.017845	0.070232	0.0738	0.055605999999999996	-0.500232	5798400.0
2015-09-03	0.010013	0.084552	0.09356	0.078787	0.277908	6765400.0
2015-09-02	0.0	0.088155	0.0932	0.074823	0.0	8101400.0
2015-09-01	-0.026008	0.067224	0.075296	0.044062	-0.741079	9394300.0
2015-08-31	-0.020382	0.071257	0.072632	0.042033999999999995	-0.592863	10317600.0
2015-08-28	-0.010088	0.075424	0.084272	0.052622	-0.296433	7408700.0
2015-08-27	0.008906	0.087061	0.091525	0.070924	0.259377	7495000.0
2015-08-26	0.034211	0.107205	0.130287	0.08945	0.9634030000000001	18016000.0
2015-08-25	-0.068627	0.097036	0.106627	0.004432	-2.07502	26465600.0
2015-08-24	-0.010909	0.068385	0.09717200000000001	0.051702	-0.333488	20428100.0
2015-08-21	-0.023669	0.07823	0.084298	0.051401999999999996	-0.7410770000000001	11659800.0
2015-08-20	-0.011118000000000001	0.073823	0.087719	0.065927	-0.352013	7130700.0
2015-08-19	0.017262	0.075974	0.101355	0.07083300000000001	0.537289	10487300.0
2015-08-18	0.005686999999999999	0.073692	0.086293	0.067229	0.176002	6873900.0
2015-08-17	0.009976	0.075265	0.099087	0.074286	0.305693	5618700.0
2015-08-14	0.010076	0.07423400000000001	0.09302200000000001	0.070608	0.305694	4358200.0
2015-08-13	0.001836	0.073894	0.086112	0.062336	0.055584	5347600.0
2015-08-12	0.028633999999999996	0.081545	0.11381500000000001	0.080526	0.8429719999999999	9158600.0
2015-08-11	-0.002797	0.091731	0.102232	0.08190800000000001	-0.082563	6390300.0
2015-08-10	-0.008015000000000001	0.090374	0.09474199999999999	0.073909	-0.23852399999999999	5871400.0
2015-08-07	0.014066999999999998	0.087312	0.112527	0.08390399999999999	0.41282700000000006	7885800.0
2015-08-06	0.008194	0.09175499999999999	0.100687	0.073892	0.238529	8023900.0
2015-08-05	-0.00063	0.09553099999999999	0.105144	0.08866399999999999	-0.018353	5450000.0
2015-08-04	-0.021572	0.090373	0.092725	0.06518	-0.6421789999999999	7201300.0
2015-08-03	0.011218	0.089358	0.106682	0.088679	0.33026300000000003	7933400.0
2015-07-31	0.013902000000000001	0.10037	0.118623	0.097959	0.403658	8661600.0
2015-07-30	0.016378	0.089338	0.11244000000000001	0.089338	0.46787399999999996	9999700.0
2015-07-29	0.004516	0.105157	0.116058	0.077731	0.128436	12841200.0
2015-07-28	0.01208	0.097867	0.116372	0.095376	0.339437	15265400.0
2015-07-27	-0.009059000000000001	0.089685	0.104849	0.080163	-0.256872	11910000.0
2015-07-24	-0.010563	0.09003799999999999	0.098063	0.07817400000000001	-0.30274	11874900.0
2015-07-23	-0.04698	0.085715	0.086047	0.033507	-1.412796	17092500.0
2015-07-22	0.0	0.09037	0.097353	0.087377	0.0	10607300.0
2015-07-21	-0.018269	0.087426	0.089058	0.069797	-0.5596140000000001	10944400.0
2015-07-20	-0.002986	0.08841	0.08841	0.07701799999999999	-0.09174	4751400.0
2015-07-17	-0.002977	0.09003799999999999	0.096203	0.079329	-0.09174	8497500.0
2015-07-16	0.022527000000000002	0.09003799999999999	0.118243	0.09003799999999999	0.678875	8909700.0
2015-07-15	0.002441	0.08937200000000001	0.093697	0.081389	0.073391	2760000.0
2015-07-14	0.002141	0.092704	0.098371	0.085037	0.064215	5996200.0
2015-07-13	-0.001526	0.093699	0.096362	0.080053	-0.045862	12455400.0
2015-07-10	0.007692	0.09003799999999999	0.10345399999999999	0.086684	0.22934699999999997	7911000.0
2015-07-09	-0.0030670000000000003	0.092378	0.098397	0.081678	-0.091738	8876100.0
2015-07-08	-0.005188	0.083385	0.094029	0.07773	-0.155962	6312700.0
2015-07-07	0.025986000000000002	0.095157	0.1228	0.094816	0.761444	7060300.0
2015-07-06	-0.003432	0.086636	0.095479	0.075753	-0.10091699999999999	4672400.0
2015-07-02	0.010085	0.097252	0.11065	0.094847	0.29357300000000003	5545800.0
2015-07-01	0.009866	0.09316	0.10113899999999999	0.09073099999999999	0.284391	4725100.0
2015-06-30	-0.01195	0.095179	0.101006	0.072213	-0.348612	7108100.0
2015-06-29	-0.009654000000000001	0.089019	0.100561	0.079175	-0.284393	4868200.0
2015-06-26	0.0024980000000000002	0.091739	0.09650399999999999	0.079828	0.073391	6203600.0
2015-06-25	-0.02288	0.08937200000000001	0.08937200000000001	0.065098	-0.688049	6473700.0
2015-06-24	-0.00061	0.090037	0.09469	0.08605	-0.018351	9213000.0
2015-06-23	-0.017963999999999997	0.08546799999999999	0.08807899999999999	0.069477	-0.550442	4738400.0
2015-06-22	-0.0038770000000000002	0.094914	0.09686499999999999	0.078659	-0.119255	6092700.0
2015-06-19	-0.021307	0.08590199999999999	0.089402	0.065857	-0.669696	9187200.0
2015-06-18	0.00234	0.090994	0.101199	0.09035599999999999	0.073383	7200200.0
2015-06-17	0.005294	0.09003799999999999	0.099976	0.083626	0.165132	3781400.0
2015-06-16	0.00562	0.088425	0.099065	0.082945	0.174305	3823700.0
2015-06-15	-0.0026550000000000002	0.084893	0.092932	0.08039099999999999	-0.082565	11695100.0
2015-06-12	-0.010218999999999999	0.08494600000000001	0.091947	0.077944	-0.321083	4317300.0
2015-06-11	0.002048	0.096735	0.097691	0.085892	0.064211	5961900.0
2015-06-10	0.032316000000000004	0.120984	0.128885	0.114399	0.981613	10599000.0
2015-06-09	0.0	0.088062	0.09596299999999999	0.084111	0.0	6235200.0
2015-06-08	-0.009572	0.092972	0.093298	0.077321	-0.29356	5518900.0
2015-06-05	-0.004763	0.082249	0.08809	0.073488	-0.146786	6446200.0
2015-06-04	0.0050869999999999995	0.08645	0.10993399999999999	0.085145	0.15596	6137700.0
2015-06-03	-0.009191	0.091653	0.093593	0.076788	-0.284393	7581700.0
2015-06-02	-0.0076489999999999995	0.082982	0.08715099999999999	0.068551	-0.238527	5356700.0
2015-06-01	0.00473	0.095837	0.102604	0.087782	0.146786	5153000.0
2015-05-29	-0.0035340000000000002	0.091322	0.092285	0.078158	-0.11008299999999999	5831100.0
2015-05-28	0.0	0.09003799999999999	0.094533	0.082011	0.0	4866400.0
2015-05-27	0.0017699999999999999	0.09035900000000001	0.09679199999999999	0.088429	0.055038	4382200.0
2015-05-26	-0.014825999999999999	0.08877	0.089404	0.064688	-0.46787399999999996	5360300.0
2015-05-22	-0.001741	0.08655800000000001	0.09288400000000001	0.08023200000000001	-0.05505	3515000.0
2015-05-21	0.0037869999999999996	0.090672	0.099563	0.08718	0.11926500000000001	3902000.0
2015-05-20	-0.008376999999999999	0.089408	0.09224199999999999	0.078703	-0.266045	6592600.0
2015-05-19	0.0037689999999999998	0.083401	0.098255	0.080872	0.11926099999999999	4894900.0
2015-05-18	-0.00029	0.085614	0.092565	0.080559	-0.009175	4533800.0
2015-05-15	0.028623000000000003	0.094912	0.128387	0.088088	0.880705	10690800.0
2015-05-14	0.013599000000000002	0.093332	0.10585	0.093002	0.41283100000000006	5125300.0
2015-05-13	-0.007499	0.091672	0.099192	0.077287	-0.22935	4512200.0
2015-05-12	0.008089	0.097207	0.113027	0.086	0.24541500000000002	5837900.0
2015-05-11	-0.01621	0.097579	0.10763099999999999	0.078124	-0.49992200000000003	6456500.0
2015-05-08	0.002956	0.11318099999999999	0.12293699999999999	0.097246	0.090897	5698000.0
2015-05-07	0.011663	0.10181799999999999	0.119255	0.100173	0.354496	6089700.0
2015-05-06	-0.017049	0.10243699999999999	0.1047	0.072038	-0.527199	7090200.0
2015-05-05	-0.022695	0.09511599999999999	0.101753	0.0692	-0.718069	5815600.0
2015-05-04	0.020222999999999998	0.099851	0.127903	0.093724	0.627178	8521700.0
2015-05-01	0.002939	0.101466	0.10664100000000001	0.089824	0.090891	4652400.0
2015-04-30	0.005914	0.099848	0.10733	0.086185	0.181792	8962700.0
2015-04-29	0.002966	0.092669	0.10833	0.081902	0.090898	6279100.0
2015-04-28	0.010487999999999999	0.095228	0.11303099999999999	0.091931	0.318131	5970200.0
2015-04-27	-0.020258	0.101465	0.103726	0.070779	-0.6271770000000001	7503300.0
2015-04-24	0.029314	0.100505	0.142065	0.099176	0.881684	8896500.0
2015-04-23	-0.000604	0.100505	0.107483	0.09485700000000001	-0.018181	6611600.0
2015-04-22	0.0	0.10648599999999998	0.110141	0.09651799999999999	0.0	4660800.0
2015-04-21	-0.01634	0.100173	0.109325	0.078274	-0.499924	5410000.0
2015-04-20	0.020309	0.105175	0.134856	0.103174	0.608997	5495700.0
2015-04-17	-0.01198	0.09424199999999999	0.103797	0.081062	-0.363578	6315500.0
2015-04-16	-0.008316	0.094945	0.09527200000000001	0.079914	-0.254504	5686000.0
2015-04-15	0.0062759999999999995	0.10313199999999999	0.11858599999999998	0.102146	0.190876	6227300.0
2015-04-14	0.009961	0.103826	0.112792	0.099177	0.299954	4408300.0
2015-04-13	-0.007490000000000001	0.096877	0.101491	0.089956	-0.22724	5349600.0
2015-04-10	-0.002092	0.102146	0.10806700000000001	0.094582	-0.063621	5221000.0
2015-04-09	0.001497	0.098197	0.10511400000000001	0.090291	0.045444	4553800.0
2015-04-08	-0.011834	0.099196	0.099522	0.0852	-0.363579	6112000.0
2015-04-07	-0.0008869999999999999	0.099523	0.105701	0.09692100000000001	-0.027268999999999998	4823600.0
2015-04-06	0.013481	0.10313900000000001	0.123244	0.099843	0.409025	4218800.0
2015-04-02	0.016134	0.101178	0.124622	0.101178	0.48175100000000004	7314700.0
2015-04-01	-0.022612	0.067767	0.081842	0.057291999999999996	-0.690806	15762200.0
2015-03-31	0.001192	0.09197999999999999	0.10508900000000002	0.08444199999999999	0.036358	15554300.0
2015-03-30	0.035153	0.102548	0.144275	0.100512	1.036198	10019300.0
2015-03-27	-0.0027670000000000004	0.10490899999999999	0.112352	0.09476	-0.081804	5915800.0
2015-03-26	-0.009744	0.09715800000000001	0.10419300000000001	0.08543300000000001	-0.290862	6625600.0
2015-03-25	-0.011141	0.100836	0.106799	0.08493400000000001	-0.336309	6295100.0
2015-03-24	-0.004497	0.09786399999999999	0.105449	0.085003	-0.136349	5804300.0
2015-03-23	0.0048189999999999995	0.10182999999999999	0.115747	0.100504	0.145432	6028400.0
2015-03-20	-0.001504	0.106129	0.11903299999999999	0.097526	-0.045443	13007900.0
2015-03-19	-0.013937999999999999	0.095605	0.10996099999999999	0.078966	-0.427204	6306500.0
2015-03-18	0.02399	0.09816799999999999	0.13558699999999999	0.093825	0.718065	7967900.0
2015-03-17	0.0073420000000000004	0.09849	0.120029	0.091086	0.21814899999999998	5903200.0
2015-03-16	0.009262000000000001	0.105947	0.12361	0.105947	0.272685	4363000.0
2015-03-13	-0.009177	0.09714400000000001	0.09714400000000001	0.071903	-0.272685	6460400.0
2015-03-12	0.027019	0.107431	0.140267	0.107431	0.781697	7057300.0
2015-03-11	-0.009337	0.104967	0.10907599999999999	0.085792	-0.27268600000000004	7506700.0
2015-03-10	0.000935	0.101201	0.11765199999999999	0.094346	0.027268999999999998	7370800.0
2015-03-09	-0.005268	0.102219	0.10630999999999999	0.08312699999999999	-0.15452	5834400.0
2015-03-06	-0.021231	0.08449	0.088494	0.071809	-0.636263	9210200.0
2015-03-05	0.01073	0.123107	0.123107	0.106244	0.318131	7615500.0
2015-03-04	-0.012114	0.104504	0.104504	0.084513	-0.363585	6757100.0
2015-03-03	0.005787	0.10486400000000001	0.11056099999999999	0.09246499999999999	0.172697	9019100.0
2015-03-02	-0.032133999999999996	0.100173	0.100173	0.063198	-0.9907469999999999	6958500.0
2015-02-27	-0.001178	0.098229	0.10308900000000001	0.091426	-0.036351999999999995	5259200.0
2015-02-26	-0.015366999999999999	0.10432000000000001	0.10432000000000001	0.068275	-0.481749	8003400.0
2015-02-25	-0.008623	0.098276	0.10428399999999999	0.08910499999999999	-0.27268200000000004	8408900.0
2015-02-24	0.029899000000000002	0.100173	0.138604	0.09659	0.918041	8546900.0
2015-02-23	0.01168	0.102479	0.113023	0.098196	0.354487	7384700.0
2015-02-20	-0.000898	0.10083099999999999	0.104452	0.089639	-0.027272	6656600.0
2015-02-19	-0.014159	0.103094	0.103743	0.078429	-0.43628999999999996	5242700.0
2015-02-18	0.024479	0.100505	0.13109400000000002	0.097513	0.7362479999999999	7284900.0
2015-02-17	-0.012534	0.09754700000000001	0.102471	0.080474	-0.381758	10842400.0
2015-02-13	-0.027004000000000004	0.045548000000000005	0.086437	0.041714	-0.845326	15086800.0
2015-02-12	0.005254	0.1021	0.111733	0.088613	0.163615	10372800.0
2015-02-11	-0.012395999999999999	0.09414700000000001	0.095416	0.08177899999999999	-0.39085	7057000.0
2015-02-10	0.015081	0.10903900000000001	0.129964	0.103566	0.46846499999999996	9576800.0
2015-02-09	-0.014856999999999999	0.10937000000000001	0.112224	0.08875599999999999	-0.46846499999999996	7265400.0
2015-02-06	-0.043716000000000005	0.102726	0.105152	0.052684	-1.441437	9248200.0
2015-02-05	0.011329	0.114298	0.132395	0.10570999999999998	0.369369	5572400.0
2015-02-04	-0.020038	0.105496	0.106097	0.083254	-0.666668	6137100.0
2015-02-03	0.024411000000000002	0.111544	0.138948	0.106925	0.792797	8529600.0
2015-02-02	0.000278	0.10877300000000001	0.121708	0.099841	0.009011	7152300.0
2015-01-30	-0.026735000000000002	0.100712	0.109105	0.079429	-0.891892	6645100.0
2015-01-29	0.000811	0.11000399999999999	0.117204	0.095904	0.027024	4336800.0
2015-01-28	-0.01096	0.10911400000000002	0.12068599999999999	0.09694900000000001	-0.36936599999999997	3891100.0
2015-01-27	0.001875	0.107329	0.120706	0.10703199999999999	0.063061	3790800.0
2015-01-26	-0.0008029999999999999	0.10673699999999998	0.111489	0.09752899999999999	-0.027031	4240600.0
2015-01-23	0.003222	0.11358	0.121924	0.11209000000000001	0.10811199999999999	3209000.0
2015-01-22	-0.019479	0.116724	0.117601	0.081078	-0.666672	6754000.0
2015-01-21	0.019865999999999998	0.10762000000000001	0.132949	0.099277	0.666672	6153900.0
2015-01-20	-0.003478	0.113568	0.115944	0.092484	-0.11711500000000001	6483400.0
2015-01-16	0.002951	0.107919	0.117748	0.107324	0.099091	6242400.0
2015-01-15	0.00948	0.118122	0.124135	0.108802	0.315326	7519700.0
2015-01-14	0.01123	0.103316	0.124294	0.101796	0.36936599999999997	5915800.0
2015-01-13	-0.003276	0.11818599999999999	0.128186	0.100914	-0.108108	5461000.0
2015-01-12	0.0038369999999999997	0.118522	0.122781	0.10118300000000001	0.126125	5081800.0
2015-01-09	-0.0016420000000000002	0.121241	0.123671	0.101501	-0.054054	4250100.0
2015-01-08	0.00772	0.114901	0.13663	0.11000399999999999	0.252246	5369300.0
2015-01-07	0.0013800000000000002	0.11368199999999999	0.120117	0.10571400000000002	0.045041000000000005	7522000.0
2015-01-06	-0.007670999999999999	0.11365399999999999	0.129163	0.099969	-0.252243	7595900.0
2015-01-05	-0.028480000000000002	0.10202699999999999	0.10970899999999999	0.069823	-0.9639629999999999	8794400.0
2015-01-02	0.013215000000000001	0.11000499999999999	0.12706800000000001	0.11000499999999999	0.44144399999999995	4972900.0
2014-12-31	-0.026772000000000004	0.11087899999999999	0.114375	0.078249	-0.918911	5585600.0
2014-12-30	-0.01372	0.10713099999999999	0.112016	0.088166	-0.47748500000000005	5195900.0
2014-12-29	0.010992	0.109423	0.130921	0.10884200000000001	0.37838299999999997	6680100.0
2014-12-26	0.009511	0.111177	0.133466	0.107951	0.324318	5896700.0
2014-12-24	0.016380000000000002	0.110302	0.14010899999999998	0.110302	0.549546	4669900.0
2014-12-23	0.006215	0.11390399999999999	0.1268	0.108805	0.20721399999999998	3387700.0
2014-12-22	-0.015953	0.09849400000000001	0.10528199999999999	0.079015	-0.540543	7505400.0
2014-12-19	0.002132	0.1103	0.120948	0.099357	0.072075	11473300.0
2014-12-18	0.02597	0.113646	0.13883199999999998	0.10727300000000001	0.855843	7033000.0
2014-12-17	0.031004000000000004	0.11469700000000001	0.15442999999999998	0.11375899999999999	0.990993	6012800.0
2014-12-16	-0.0008449999999999999	0.10906700000000001	0.132511	0.101252	-0.027023000000000002	4986900.0
2014-12-15	-0.011414	0.11587599999999999	0.11773	0.091772	-0.369373	5022900.0
2014-12-12	-0.00965	0.103271	0.115819	0.09562000000000001	-0.315316	4831800.0
2014-12-11	0.009182	0.11124	0.13347699999999998	0.11000399999999999	0.297299	6106100.0
2014-12-10	-0.011551	0.11153099999999999	0.12313199999999999	0.096877	-0.37837600000000005	6630300.0
2014-12-09	0.014792	0.109075	0.133239	0.107526	0.47747399999999995	7073800.0
2014-12-08	0.006744	0.114059	0.120921	0.105326	0.216221	6076500.0
2014-12-05	-0.002802	0.096942	0.11000399999999999	0.09134400000000001	-0.09009199999999999	5929800.0
2014-12-04	-0.014633000000000002	0.11184300000000001	0.12103699999999999	0.089778	-0.47748500000000005	7111100.0
2014-12-03	-0.013078999999999999	0.109702	0.114541	0.08308600000000001	-0.43242700000000006	6845500.0
2014-12-02	0.012693000000000001	0.11000399999999999	0.128076	0.104797	0.41441400000000006	7609800.0
2014-12-01	0.001936	0.10294600000000001	0.12166600000000001	0.094967	0.063072	6538300.0
2014-11-28	0.013449000000000001	0.108761	0.125866	0.10378399999999999	0.43242600000000003	1879600.0
2014-11-26	0.014497	0.115053	0.12704300000000002	0.113791	0.45945600000000003	3623500.0
2014-11-25	-0.001986	0.111579	0.113153	0.09237000000000001	-0.063063	7273000.0
2014-11-24	-0.027586000000000003	0.106636	0.11000399999999999	0.07785299999999999	-0.900898	6313500.0
2014-11-21	0.008625	0.120814	0.12359400000000001	0.10691600000000001	0.279278	6310900.0
2014-11-20	-0.0030510000000000003	0.109081	0.110928	0.101691	-0.099095	4463700.0
2014-11-19	0.007264	0.10659300000000001	0.11868800000000002	0.098219	0.234227	5864200.0
2014-11-18	0.00224	0.113424	0.12337000000000001	0.108761	0.07207100000000001	4759400.0
2014-11-17	0.008472	0.10780999999999999	0.124424	0.10498900000000001	0.27026700000000003	5903500.0
2014-11-14	0.0014140000000000001	0.105296	0.115969	0.104354	0.04505	6540700.0
2014-11-13	-0.015864	0.115874	0.12390599999999999	0.087761	-0.513514	7855000.0
2014-11-12	-0.035177	0.102851	0.102851	0.068573	-1.180175	9901000.0
2014-11-11	-0.00133	0.12013800000000001	0.127877	0.114184	-0.044670999999999995	4316500.0
2014-11-10	-0.004501	0.11717000000000001	0.118652	0.09938999999999999	-0.151889	6093800.0
2014-11-07	0.008814	0.12044	0.132996	0.117451	0.29484499999999997	7367800.0
2014-11-06	-0.002132	0.117156	0.12371900000000001	0.104627	-0.07148	9413300.0
2014-11-05	0.028791000000000004	0.128451	0.15699200000000002	0.121393	0.9381299999999999	9276100.0
2014-11-04	0.001923	0.117399	0.125394	0.10755999999999999	0.062542	5560900.0
2014-11-03	-0.005193	0.118021	0.126892	0.10670299999999999	-0.169758	5617000.0
2014-10-31	-0.002997	0.125039	0.125039	0.103996	-0.09827799999999999	6733200.0
2014-10-30	0.040249	0.126224	0.167148	0.124955	1.268709	7745400.0
2014-10-29	-0.01287	0.12143699999999999	0.12582100000000002	0.091999	-0.410984	6396700.0
2014-10-28	0.015341	0.123378	0.136415	0.1167	0.48246000000000006	5821200.0
2014-10-27	-0.014833	0.11392000000000001	0.12425699999999999	0.097317	-0.47352	5317300.0
2014-10-24	0.024369	0.122774	0.154542	0.120528	0.759428	6678700.0
2014-10-23	0.0	0.124378	0.133042	0.117961	0.0	5655500.0
2014-10-22	-0.003428	0.11380799999999999	0.132036	0.112849	-0.10720299999999999	6219100.0
2014-10-21	0.000285	0.125962	0.13076	0.109008	0.008923	5633700.0
2014-10-20	0.017743000000000002	0.11826800000000001	0.139754	0.11761700000000001	0.5450189999999999	4413000.0
2014-10-17	0.008506999999999999	0.127453	0.141242	0.11432	0.259104	6149800.0
2014-10-16	0.004716	0.10308099999999999	0.136398	0.090876	0.142954	8453700.0
2014-10-15	-0.020497	0.12506	0.131199	0.075948	-0.63436	12145000.0
2014-10-14	0.015538	0.12154100000000001	0.14483800000000002	0.117604	0.47353	9050800.0
2014-10-13	-0.020672	0.121172	0.129527	0.095465	-0.643291	8493600.0
2014-10-10	0.0008619999999999999	0.12439000000000001	0.137898	0.118601	0.026804	10466600.0
2014-10-09	-0.028747	0.119869	0.12393	0.08644500000000001	-0.9202600000000001	8928800.0
2014-10-08	0.030782999999999998	0.123109	0.15466400000000002	0.12085499999999999	0.9560069999999999	7995800.0
2014-10-07	-0.0008619999999999999	0.116349	0.139512	0.11281	-0.026808	5998400.0
2014-10-06	-0.002581	0.12245299999999999	0.12405799999999999	0.11058	-0.080419	2686400.0
2014-10-03	0.004319	0.121178	0.12504500000000002	0.106998	0.134025	3679300.0
2014-10-02	0.004628	0.116007	0.132195	0.11374000000000001	0.142949	6402400.0
2014-10-01	0.014081	0.122528	0.160613	0.12187100000000001	0.42886899999999994	9386000.0
2014-09-30	-0.000587	0.124823	0.134666	0.11596300000000001	-0.017876	6897700.0
2014-09-29	0.012166	0.11393099999999999	0.134854	0.10928099999999999	0.366324	5266600.0
2014-09-26	0.0029760000000000003	0.122243	0.12524100000000002	0.111916	0.08934600000000001	3452000.0
2014-09-25	-0.009142	0.119244	0.12353499999999999	0.10901199999999998	-0.276976	4061500.0
2014-09-24	-0.006155	0.120229	0.12088499999999999	0.11005999999999999	-0.187626	7232400.0
2014-09-23	-0.004958	0.11663299999999999	0.12250899999999999	0.10814700000000001	-0.15188800000000002	6179100.0
2014-09-22	-0.0034869999999999996	0.11371500000000001	0.135508	0.108511	-0.10721800000000001	8712200.0
2014-09-19	0.01865	0.120901	0.14045	0.12023900000000001	0.562884	9054900.0
2014-09-18	0.0029690000000000003	0.117583	0.129546	0.11691800000000001	0.08934199999999999	5932500.0
2014-09-17	-0.004139	0.12156099999999999	0.125201	0.11064	-0.125082	5923200.0
2014-09-16	0.017755	0.11857100000000001	0.141474	0.11452899999999999	0.527138	4805600.0
2014-09-15	0.01126	0.12060699999999999	0.137297	0.12060699999999999	0.330585	4612300.0
2014-09-12	-0.011729	0.11385899999999999	0.11621500000000001	0.096691	-0.34845	5154600.0
2014-09-11	0.0063560000000000005	0.12026099999999999	0.134827	0.119244	0.187624	4266900.0
2014-09-10	-0.002415	0.11992	0.12025799999999999	0.10133400000000001	-0.071474	5686800.0
2014-09-09	-0.009569	0.114559	0.114559	0.104852	-0.285907	4414900.0
2014-09-08	-0.010944	0.119245	0.123879	0.103024	-0.33058000000000004	3519900.0
2014-09-05	0.00775	0.11690899999999999	0.13058699999999998	0.11357300000000001	0.232303	6089500.0
2014-09-04	0.008719	0.11487	0.129003	0.112178	0.25909699999999997	8163200.0
2014-09-03	0.013097999999999999	0.126063	0.136972	0.124358	0.384191	4442300.0
2014-09-02	-0.017654	0.11957899999999999	0.120584	0.091782	-0.527143	6541800.0
2014-08-29	0.012727	0.120601	0.133489	0.118566	0.375255	3622200.0
2014-08-28	0.007019	0.114121	0.132906	0.110023	0.205494	4007100.0
2014-08-27	0.014237	0.12028399999999999	0.135526	0.12028399999999999	0.41098999999999997	4544600.0
2014-08-26	-0.015839	0.119926	0.126404	0.100494	-0.464596	4101800.0
2014-08-25	0.013584	0.12166300000000001	0.137559	0.118208	0.393124	4532200.0
2014-08-22	0.004340999999999999	0.11716199999999999	0.13208499999999998	0.116815	0.125082	5511200.0
2014-08-21	0.008126999999999999	0.117145	0.136738	0.117145	0.232298	5913000.0
2014-08-20	0.0009390000000000001	0.11994500000000001	0.12134600000000001	0.11539200000000001	0.026804	2562600.0
2014-08-19	0.0044	0.12240999999999999	0.125576	0.11432	0.125085	4918500.0
2014-08-18	0.000629	0.12382	0.129803	0.116781	0.01787	4037400.0
2014-08-15	-0.0009429999999999999	0.119948	0.13225499999999998	0.11256300000000001	-0.026806	5611300.0
2014-08-14	0.012083	0.122803	0.135971	0.121024	0.339516	3249000.0
2014-08-13	-0.0034850000000000003	0.11995399999999999	0.124919	0.111088	-0.09828200000000001	3471900.0
2014-08-12	-0.007474	0.128478	0.131998	0.119327	-0.21234499999999998	4970700.0
2014-08-11	-0.00031099999999999997	0.13235	0.137628	0.126368	-0.008844	4956100.0
2014-08-08	0.017744	0.131671	0.151368	0.13023800000000002	0.495468	5967700.0
2014-08-07	0.012187	0.133138	0.152712	0.131326	0.33621	7241800.0
2014-08-06	0.0016059999999999998	0.126971	0.134595	0.11571600000000001	0.044243	11411100.0
2014-08-05	-0.007334	0.127355	0.137447	0.11870499999999999	-0.203497	6683900.0
2014-08-04	-0.005707	0.129522	0.12988	0.098703	-0.159262	10079600.0
2014-08-01	0.0148	0.13242	0.166604	0.130965	0.406992	9734300.0
2014-07-31	0.002257	0.127323	0.147733	0.122584	0.061938	9236100.0
2014-07-30	-0.014616999999999998	0.135985	0.137062	0.107971	-0.406994	7976600.0
2014-07-29	-0.015024000000000001	0.129884	0.133776	0.11184300000000001	-0.424692	6292800.0
2014-07-28	0.015898	0.128801	0.154676	0.127723	0.44238599999999995	5683400.0
2014-07-25	-0.011317	0.127396	0.136634	0.11495999999999999	-0.318519	3689000.0
2014-07-24	0.001574	0.116004	0.13664400000000002	0.112801	0.044241	6165100.0
2014-07-23	-0.000629	0.132372	0.136995	0.126682	-0.017697	4568700.0
2014-07-22	-0.013962	0.13094	0.132693	0.113756	-0.39814299999999997	8779400.0
2014-07-21	0.0043630000000000006	0.135522	0.13833900000000002	0.12178499999999999	0.123867	8362900.0
2014-07-18	0.004382	0.138375	0.14438800000000002	0.127408	0.123865	10140000.0
2014-07-17	-0.030055000000000002	0.12646400000000002	0.135728	0.09626900000000001	-0.875923	10091300.0
2014-07-16	0.00274	0.131614	0.133679	0.122669	0.079631	8855000.0
2014-07-15	-0.001216	0.130582	0.13608	0.124053	-0.035387	9073200.0
2014-07-14	-0.026347000000000002	0.135926	0.135926	0.09945599999999999	-0.787443	10240200.0
2014-07-11	-0.016880000000000003	0.12365999999999999	0.13056700000000002	0.10918599999999999	-0.5131680000000001	9178300.0
2014-07-10	0.002919	0.126609	0.137166	0.126609	0.088476	7476400.0
2014-07-09	-0.001748	0.131885	0.135507	0.12464000000000001	-0.053089	7582500.0
2014-07-08	-0.001164	0.134186	0.135501	0.125304	-0.035387	7229000.0
2014-07-07	0.011481	0.133233	0.148205	0.132234	0.345056	10563100.0
2014-07-03	-0.017924000000000002	0.12305	0.12305	0.104425	-0.548551	8016300.0
2014-07-02	-0.031093	0.12548900000000002	0.126756	0.086865	-0.9820979999999999	11109800.0
2014-07-01	-0.021381999999999998	0.117845	0.123422	0.101425	-0.6901189999999999	7022700.0
2014-06-30	0.005236	0.135222	0.143319	0.128993	0.16810999999999998	6268600.0
2014-06-27	0.004985	0.12554300000000002	0.137124	0.12554300000000002	0.15925599999999998	4781200.0
2014-06-26	-0.003037	0.133047	0.136167	0.122749	-0.097328	6052300.0
2014-06-25	0.000276	0.128365	0.135232	0.12430799999999999	0.008846	5481600.0
2014-06-24	-0.001929	0.128058	0.131796	0.124319	-0.061926999999999996	7616700.0
2014-06-23	-0.013058000000000002	0.13608	0.13977	0.105334	-0.424691	7060200.0
2014-06-20	-0.01103	0.131151	0.132063	0.114123	-0.36275100000000005	7978100.0
2014-06-19	0.008684	0.132999	0.14312	0.131772	0.283116	8169900.0
2014-06-18	0.015432	0.128681	0.149859	0.128681	0.495479	9111900.0
2014-06-17	0.004985	0.133994	0.14244500000000002	0.13149	0.15925599999999998	11725700.0
2014-06-16	0.010918	0.136567	0.154603	0.134035	0.345062	16125600.0
2014-06-13	0.018534000000000002	0.13055999999999998	0.155054	0.12379200000000001	0.5750890000000001	16372600.0
2014-06-12	-0.01902	0.107476	0.117276	0.10052	-0.601627	44407700.0
2014-06-11	-0.037944	0.097694	0.123547	0.08644	-1.2475319999999999	15362000.0
2014-06-10	0.002157	0.133286	0.139992	0.129629	0.070778	4505300.0
2014-06-09	-0.008820999999999999	0.12570599999999998	0.131447	0.11875799999999999	-0.291973	5265900.0
2014-06-06	-0.001335	0.131747	0.13838499999999998	0.126618	-0.044239999999999995	5092100.0
2014-06-05	0.005098	0.125083	0.139033	0.12478	0.168107	11936100.0
2014-06-04	0.002151	0.126895	0.133277	0.121425	0.070785	5338800.0
2014-06-03	0.01612	0.131165	0.150311	0.12715	0.522007	7579800.0
2014-06-02	-0.0062450000000000006	0.123794	0.126863	0.114587	-0.203495	5888600.0
2014-05-30	0.021353	0.13211900000000001	0.154999	0.13023800000000002	0.6812729999999999	8227400.0
2014-05-29	0.001945	0.133379	0.149395	0.127098	0.061940999999999996	13233500.0
2014-05-28	0.017241	0.122571	0.1526	0.122252	0.5397069999999999	11226300.0
2014-05-27	0.036017	0.147448	0.18981199999999998	0.147117	1.0882610000000001	13649700.0
2014-05-23	-0.001462	0.125942	0.13783900000000002	0.12495099999999999	-0.044236000000000004	5391300.0
2014-05-22	0.00885	0.127905	0.14590799999999998	0.12557100000000002	0.265435	5910800.0
2014-05-21	0.000295	0.131572	0.132573	0.11723199999999999	0.008844	7732400.0
2014-05-20	-0.002355	0.128907	0.138223	0.12358399999999999	-0.070784	6647900.0
2014-05-19	-0.011637999999999999	0.128923	0.13484200000000002	0.114783	-0.353904	7399200.0
2014-05-16	-0.00521	0.129584	0.131547	0.120752	-0.15925599999999998	9026600.0
2014-05-15	-0.007184	0.130888	0.13413599999999998	0.121145	-0.22119	6663800.0
2014-05-14	-0.014722999999999998	0.132798	0.135678	0.111358	-0.46008699999999997	8136500.0
2014-05-13	0.006497	0.145311	0.151753	0.139192	0.201725	6628900.0
2014-05-12	-0.022099	0.141733	0.146458	0.113072	-0.701652	7377600.0
2014-05-09	-0.007675	0.139846	0.14765899999999998	0.13109500000000002	-0.245581	6544400.0
2014-05-08	-0.0076170000000000005	0.13705599999999998	0.137987	0.12123800000000001	-0.24558600000000003	5039600.0
2014-05-07	0.019978	0.13826	0.165467	0.13826	0.6314890000000001	7082400.0
2014-05-06	-0.005519	0.150541	0.15117	0.13197799999999998	-0.17540799999999998	8674500.0
2014-05-05	0.011161	0.137931	0.15733699999999998	0.13475	0.350826	6138200.0
2014-05-02	-0.004168	0.139842	0.149662	0.1202	-0.131557	10116700.0
2014-05-01	0.027405000000000002	0.153829	0.17824	0.150899	0.841989	14724500.0
2014-04-30	-0.031786	0.07839199999999999	0.114317	0.07839199999999999	-1.00864	22499100.0
2014-04-29	-0.009038	0.137972	0.141407	0.123607	-0.289427	7561500.0
2014-04-28	0.006895	0.141731	0.150849	0.139215	0.219271	4933500.0
2014-04-25	0.006942	0.140158	0.14934	0.136675	0.219263	5107100.0
2014-04-24	0.003064	0.14460499999999998	0.15063900000000002	0.13380699999999998	0.096487	5935400.0
2014-04-23	0.000278	0.143335	0.157631	0.13825199999999999	0.008764	4688800.0
2014-04-22	-0.001391	0.138572	0.145234	0.130959	-0.04385	4297300.0
2014-04-21	-0.0033280000000000002	0.137945	0.151225	0.130673	-0.105251	4115900.0
2014-04-17	-0.004967	0.136383	0.142675	0.126315	-0.157875	6481400.0
2014-04-16	0.006667	0.13730799999999999	0.14807599999999999	0.132874	0.21050100000000002	3607100.0
2014-04-15	0.020119	0.145004	0.163097	0.14338900000000002	0.622715	7257600.0
2014-04-14	0.003698	0.13983399999999999	0.145671	0.136916	0.114025	7474200.0
2014-04-11	0.001995	0.138534	0.14763199999999999	0.136909	0.061394000000000004	6017700.0
2014-04-10	-0.005667	0.142097	0.151789	0.129496	-0.175419	6041500.0
2014-04-09	-0.007034	0.141442	0.146895	0.118022	-0.21926700000000002	10072800.0
2014-04-08	0.024503	0.134571	0.168424	0.128655	0.745516	11128600.0
2014-04-07	0.006382	0.139497	0.158681	0.139497	0.192955	8272000.0
2014-04-04	0.020426	0.141846	0.177286	0.140158	0.6051770000000001	12336200.0
2014-04-03	0.008057	0.1422	0.152407	0.136416	0.236808	5372900.0
2014-04-02	0.000597	0.140499	0.14935	0.131307	0.017542	7751600.0
2014-04-01	-0.0020859999999999997	0.141517	0.143895	0.12487000000000001	-0.061399	4374000.0
2014-03-31	0.008111	0.143926	0.16242	0.14118599999999998	0.236816	7783300.0
2014-03-28	0.014321	0.138074	0.157876	0.13355799999999998	0.41222600000000004	7200800.0
2014-03-27	0.011714	0.140861	0.156677	0.129966	0.333283	6203800.0
2014-03-26	-0.01488	0.140158	0.142582	0.110036	-0.429766	10412000.0
2014-03-25	0.0	0.139466	0.143621	0.124231	0.0	6480600.0
2014-03-24	0.011674	0.140509	0.15487	0.13910799999999998	0.33328800000000003	9380000.0
2014-03-21	0.037616000000000004	0.184863	0.194677	0.160512	1.034943	14184900.0
2014-03-20	0.009981	0.13538599999999998	0.154107	0.12253800000000001	0.271892	7417700.0
2014-03-19	-0.002889	0.141622	0.154067	0.13100799999999999	-0.078935	8728500.0
2014-03-18	0.004190999999999999	0.142731	0.14898	0.136115	0.11401700000000001	4165300.0
2014-03-17	0.012402	0.143507	0.15578699999999998	0.135693	0.33328800000000003	5664300.0
2014-03-14	0.004261	0.137169	0.153612	0.133806	0.114022	5138000.0
2014-03-13	0.010934000000000001	0.13978	0.159048	0.139025	0.28943	4760400.0
2014-03-12	0.011394	0.13672	0.153532	0.134045	0.298208	3311800.0
2014-03-11	-0.0013390000000000001	0.150079	0.150079	0.132527	-0.035082999999999996	3017000.0
2014-03-10	0.002012	0.139776	0.145511	0.131747	0.052621	4319100.0
2014-03-07	0.000335	0.135186	0.140923	0.114532	0.00877	8027800.0
2014-03-06	-0.015522	0.137146	0.1443	0.11492999999999999	-0.41222299999999995	7124700.0
2014-03-05	-0.003947	0.140533	0.14390899999999998	0.13228199999999998	-0.10524800000000001	3923200.0
2014-03-04	0.012320999999999999	0.14927	0.158003	0.140158	0.32451599999999997	5405800.0
2014-03-03	-0.012496	0.133784	0.137534	0.12553599999999998	-0.33328800000000003	3731100.0
2014-02-28	0.007955	0.14469300000000002	0.15565299999999999	0.143182	0.210497	4556400.0
2014-02-27	-0.008218000000000001	0.13790999999999998	0.142407	0.12291700000000001	-0.219263	6059700.0
2014-02-26	0.0019760000000000003	0.143163	0.151049	0.139407	0.05262000000000001	3632200.0
2014-02-25	-0.000987	0.139033	0.15329	0.132655	-0.026310000000000004	5710400.0
2014-02-24	-0.000986	0.140158	0.160023	0.138284	-0.026310000000000004	10331900.0
2014-02-21	0.006285	0.14129	0.15826199999999999	0.135255	0.166641	8383400.0
2014-02-20	0.009012000000000001	0.139397	0.152336	0.131405	0.23680700000000002	6189200.0
2014-02-19	-0.002995	0.136743	0.150782	0.128776	-0.07893700000000001	7017500.0
2014-02-18	0.010424	0.140925	0.157027	0.136325	0.27189800000000003	8591300.0
2014-02-14	0.011565	0.13783099999999998	0.155671	0.134729	0.29820100000000005	7124200.0
2014-02-13	0.015895	0.137794	0.165767	0.136613	0.403453	9758900.0
2014-02-12	-0.0075450000000000005	0.140158	0.140549	0.125691	-0.192957	5453900.0
2014-02-11	0.002381	0.149536	0.160902	0.14208900000000002	0.060751	7608300.0
2014-02-10	-0.001359	0.148757	0.156585	0.14406	-0.034714999999999996	7130200.0
2014-02-07	-0.001696	0.160485	0.160485	0.136259	-0.043394	8783500.0
2014-02-06	0.021830000000000002	0.150283	0.193004	0.150283	0.546745	13763200.0
2014-02-05	-0.00173	0.146699	0.159055	0.138728	-0.043396	9930800.0
2014-02-04	-0.002071	0.161825	0.163416	0.146313	-0.052071000000000006	9383600.0
2014-02-03	-0.001034	0.157047	0.168173	0.14035899999999998	-0.026032999999999997	14382800.0
2014-01-31	0.00034500000000000004	0.144727	0.164999	0.143932	0.00868	10412300.0
2014-01-30	0.028379	0.156776	0.188659	0.154323	0.694277	9974500.0
2014-01-29	0.003203	0.15063900000000002	0.15884	0.146128	0.07810399999999999	6105400.0
2014-01-28	-0.003546	0.16004300000000002	0.161269	0.140021	-0.08678200000000001	5937900.0
2014-01-27	-0.0024760000000000003	0.159616	0.159616	0.144535	-0.060752999999999995	8275000.0
2014-01-24	-0.001766	0.147804	0.18645699999999998	0.147397	-0.043392	13769700.0
2014-01-23	0.0067540000000000005	0.146135	0.163339	0.143677	0.164894	8749000.0
2014-01-22	0.012963999999999998	0.149375	0.168877	0.147715	0.312423	7702700.0
2014-01-21	0.020956	0.155245	0.17685	0.153974	0.49466899999999997	7407300.0
2014-01-17	-0.007661	0.155222	0.158165	0.13756600000000002	-0.18224100000000001	4560900.0
2014-01-16	0.023906999999999998	0.156584	0.181119	0.154001	0.555416	5250000.0
2014-01-15	-0.004463	0.152279	0.160421	0.144994	-0.104143	4730800.0
2014-01-14	-0.003336	0.15270699999999998	0.163384	0.146727	-0.078102	5425400.0
2014-01-13	-0.006993000000000001	0.151007	0.152703	0.13998	-0.164892	4403100.0
2014-01-10	0.005179	0.15782100000000002	0.176152	0.155263	0.121496	5591900.0
2014-01-09	0.005954999999999999	0.15270799999999998	0.162143	0.149277	0.13885699999999998	5646400.0
2014-01-08	-0.002228	0.154847	0.159125	0.145005	-0.052071000000000006	5820200.0
2014-01-07	0.005226	0.160021	0.16131199999999998	0.147978	0.121498	7045500.0
2014-01-06	0.006386	0.151846	0.162668	0.149249	0.147532	7416700.0
2014-01-03	-0.020243	0.140829	0.143797	0.121744	-0.477312	10155900.0
2014-01-02	-0.008032	0.155224	0.160272	0.142603	-0.190928	4981900.0
2013-12-31	-0.003275	0.15479500000000002	0.160666	0.143893	-0.078106	5990800.0
2013-12-30	0.012155	0.152704	0.169256	0.152704	0.28639000000000003	6644300.0
2013-12-27	-0.001471	0.15482200000000002	0.163298	0.14973699999999998	-0.034709	5190800.0
2013-12-26	-0.003665	0.15523499999999998	0.15903499999999998	0.14679	-0.086792	4314000.0
2013-12-24	0.005527000000000001	0.14845799999999998	0.161195	0.14845799999999998	0.130178	3008500.0
2013-12-23	-0.0044020000000000005	0.156084	0.16496	0.145093	-0.10413900000000001	7468100.0
2013-12-20	0.001469	0.153973	0.172175	0.145929	0.034711	15041900.0
2013-12-19	-0.025421	0.144441	0.145678	0.118862	-0.616168	8965000.0
2013-12-18	0.0072120000000000005	0.151864	0.16183699999999998	0.131918	0.173568	8901400.0
2013-12-17	-0.0018	0.15145	0.155183	0.144398	-0.04339	6953500.0
2013-12-16	0.002888	0.151863	0.16559100000000002	0.151863	0.069424	7439400.0
2013-12-13	-0.007168000000000001	0.15104	0.15806099999999998	0.136998	-0.173567	5259400.0
2013-12-12	-0.003927	0.148577	0.15845	0.141995	-0.095465	6389700.0
2013-12-11	-0.006737000000000001	0.150645	0.155548	0.14083800000000002	-0.16488599999999998	8753000.0
2013-12-10	-0.009484000000000001	0.152279	0.152684	0.137304	-0.23431999999999997	8036900.0
2013-12-09	0.0010550000000000002	0.151874	0.15471	0.13931400000000002	0.026032999999999997	7622300.0
2013-12-06	0.022654	0.15517999999999998	0.179626	0.151865	0.5467420000000001	10564800.0
2013-12-05	0.003971	0.151447	0.156855	0.128152	0.095463	8978100.0
2013-12-04	0.010579999999999999	0.14807599999999999	0.166573	0.143872	0.251682	6298900.0
2013-12-03	0.018959	0.14713900000000002	0.174554	0.145426	0.442594	7430100.0
2013-12-02	-0.00037200000000000004	0.15399200000000002	0.159987	0.140718	-0.008678	6551900.0
2013-11-29	-0.001114	0.152279	0.16425499999999998	0.150141	-0.026035000000000003	2698000.0
2013-11-27	-0.000371	0.150569	0.156555	0.148859	-0.008679000000000001	5061500.0
2013-11-26	-0.010283	0.152279	0.152279	0.13916099999999998	-0.242998	5950700.0
2013-11-25	-0.004388	0.152279	0.153122	0.140904	-0.10414100000000001	8766500.0
2013-11-22	-0.01085	0.151862	0.15603	0.138944	-0.260353	4956400.0
2013-11-21	0.001812	0.153532	0.16605699999999998	0.15019200000000002	0.043398	5914600.0
2013-11-20	-0.0043289999999999995	0.159762	0.170985	0.14645999999999998	-0.104143	6054400.0
2013-11-19	-0.011412	0.150636	0.155156	0.13502	-0.277712	6382000.0
2013-11-18	-0.002845	0.157607	0.160885	0.14818199999999998	-0.069424	5301900.0
2013-11-15	0.007885	0.15021400000000001	0.16838699999999998	0.148562	0.190922	6205800.0
2013-11-14	-0.0057020000000000005	0.153101	0.160082	0.144477	-0.138851	8289600.0
2013-11-13	0.0071790000000000005	0.14773	0.164687	0.145248	0.173566	6644000.0
2013-11-12	-0.023569999999999997	0.15298499999999998	0.159851	0.133197	-0.583642	28029600.0
2013-11-11	0.017996	0.160578	0.187712	0.15934500000000001	0.43772799999999995	6911000.0
2013-11-08	-0.007703	0.156942	0.15775799999999998	0.131241	-0.18881900000000001	22279200.0
2013-11-07	-0.015512	0.16630599999999998	0.170322	0.144217	-0.386235	19444500.0
2013-11-06	0.026902999999999996	0.172112	0.199745	0.167575	0.652304	11405500.0
2013-11-05	-0.011892	0.164693	0.17814100000000002	0.15124500000000002	-0.291821	7630500.0
2013-11-04	-0.00279	0.16672599999999999	0.167945	0.150471	-0.068664	8122800.0
2013-11-01	0.004555	0.16959100000000002	0.174899	0.161427	0.11158	5961600.0
2013-10-31	-0.00035	0.167549	0.176527	0.14796099999999998	-0.008584999999999999	8674500.0
2013-10-30	0.017825	0.18420799999999998	0.200407	0.155132	0.429147	13746500.0
2013-10-29	-0.000712	0.165101	0.176723	0.155139	-0.017164	8997400.0
2013-10-28	0.003934	0.15218299999999998	0.174268	0.15218299999999998	0.094412	9471500.0
2013-10-25	0.007931	0.165521	0.174341	0.16048099999999998	0.188824	7844400.0
2013-10-24	-0.008223000000000001	0.161768	0.172182	0.148855	-0.197407	10766900.0
2013-10-23	-0.025096	0.15251199999999998	0.157385	0.126521	-0.617971	17272900.0
2013-10-22	0.003849	0.165916	0.174069	0.150017	0.094413	13606800.0
2013-10-21	-0.005913	0.166722	0.173206	0.149701	-0.145912	8483600.0
2013-10-18	-0.009986	0.165903	0.166706	0.151861	-0.24890500000000002	8291100.0
2013-10-17	0.010087	0.162669	0.191442	0.150106	0.24890500000000002	8530700.0
2013-10-16	-0.026083999999999996	0.142999	0.154839	0.128395	-0.660888	12641000.0
2013-10-15	-0.016656	0.160831	0.162384	0.142979	-0.42915	4814900.0
2013-10-14	-0.010546999999999999	0.158957	0.159725	0.136684	-0.27465100000000003	4465300.0
2013-10-11	0.006302	0.16626	0.182104	0.161236	0.163073	4292700.0
2013-10-10	0.01481	0.167846	0.184317	0.15412	0.377651	4712200.0
2013-10-09	0.013993	0.17027	0.19253800000000001	0.16708900000000002	0.351902	6397900.0
2013-10-08	0.0075650000000000005	0.162697	0.185134	0.162697	0.188826	4835000.0
2013-10-07	-0.005132	0.158723	0.17347100000000001	0.155933	-0.128744	3547000.0
2013-10-04	0.0020570000000000002	0.166299	0.17189100000000002	0.162704	0.051498	2668600.0
2013-10-03	-0.018175999999999998	0.158826	0.159218	0.141179	-0.46348199999999995	4836600.0
2013-10-02	0.002362	0.159598	0.174928	0.153701	0.060085	4460600.0
2013-10-01	0.0	0.16627999999999998	0.17139000000000001	0.158025	0.0	3800100.0
2013-09-30	-0.003363	0.162358	0.170194	0.152564	-0.085832	5293000.0
2013-09-27	-0.011632	0.16239	0.167424	0.145353	-0.300402	3696500.0
2013-09-26	-0.007258	0.167407	0.170482	0.147034	-0.188825	3895100.0
2013-09-25	-0.006881	0.162429	0.170445	0.153266	-0.18024500000000002	3999200.0
2013-09-24	0.0032869999999999996	0.166633	0.173527	0.15859	0.085827	4779400.0
2013-09-23	0.009625	0.162394	0.186756	0.149633	0.24890900000000002	5134200.0
2013-09-20	-0.023022	0.165479	0.16736800000000002	0.137522	-0.609388	8146500.0
2013-09-19	-0.005803	0.16547699999999999	0.17110999999999998	0.147823	-0.15449200000000002	4835700.0
2013-09-18	0.022413	0.157805	0.197742	0.15473199999999998	0.583639	7667000.0
2013-09-17	0.003971	0.16433	0.175125	0.160474	0.102997	4998800.0
2013-09-16	0.001657	0.174755	0.18441	0.16239800000000001	0.042914	4790400.0
2013-09-13	0.004997	0.167817	0.172475	0.164713	0.12874000000000002	2911000.0
2013-09-12	-0.0033200000000000005	0.163553	0.169743	0.156591	-0.085827	4263000.0
2013-09-11	-0.01985	0.163963	0.16623800000000002	0.137044	-0.523558	6418000.0
2013-09-10	0.015868	0.172034	0.18474400000000002	0.16433	0.41198	5382200.0
2013-09-09	-0.001979	0.16625399999999999	0.169329	0.154722	-0.05149600000000001	4326900.0
2013-09-06	0.008652	0.170529	0.187589	0.169753	0.223156	5153400.0
2013-09-05	-0.0013289999999999999	0.163552	0.168199	0.156195	-0.034331	3413700.0
2013-09-04	0.0	0.162003	0.16935999999999998	0.15	0.0	5969900.0
2013-09-03	-0.013119	0.171597	0.175036	0.14752300000000002	-0.343319	4924600.0
2013-08-30	0.002301	0.165484	0.17544200000000001	0.16433499999999998	0.060076	4478200.0
2013-08-29	-0.009443	0.160548	0.16585999999999998	0.150305	-0.24889899999999998	4534500.0
2013-08-28	0.004908	0.16472	0.175395	0.160145	0.128744	4248300.0
2013-08-27	-0.00456	0.156752	0.168517	0.152577	-0.12016099999999999	4692900.0
2013-08-26	-0.008398000000000001	0.16284300000000002	0.165101	0.15494000000000002	-0.223156	4960900.0
2013-08-23	0.007812	0.169652	0.17572000000000002	0.16017	0.20598899999999998	4208700.0
2013-08-22	0.028801	0.166271	0.20451	0.16354000000000002	0.7381310000000001	6907200.0
2013-08-21	-0.008631999999999999	0.162393	0.163553	0.147694	-0.223156	6150900.0
2013-08-20	0.008707	0.164711	0.18383	0.160418	0.223156	7457000.0
2013-08-19	-0.009947	0.160079	0.169737	0.14926199999999998	-0.257486	6060200.0
2013-08-16	-0.010173999999999999	0.165866	0.170072	0.148276	-0.26607	6852200.0
2013-08-15	0.000985	0.157828	0.168163	0.155149	0.025742	5531700.0
2013-08-14	0.000657	0.161654	0.168165	0.149397	0.017166	4321300.0
2013-08-13	-0.010731999999999998	0.16207	0.16889	0.149187	-0.28323200000000004	6001500.0
2013-08-12	-0.006398	0.172705	0.17458800000000002	0.164799	-0.169948	17857900.0
2013-08-09	-0.0028710000000000003	0.173468	0.179099	0.167837	-0.076475	15148500.0
2013-08-08	0.016537	0.177991	0.200124	0.174175	0.43336099999999994	22236800.0
2013-08-07	0.019504	0.173734	0.20213399999999998	0.169844	0.50134	4575100.0
2013-08-06	-0.012406	0.17338900000000002	0.17646199999999998	0.156868	-0.322895	4950500.0
2013-08-05	0.000327	0.17569400000000002	0.18953	0.16915999999999998	0.008498	3881300.0
2013-08-02	-0.005843999999999999	0.176847	0.18105	0.163855	-0.152951	6556500.0
2013-08-01	0.0068650000000000004	0.17646199999999998	0.18608	0.167998	0.17844000000000002	5356500.0
2013-07-31	-0.027654	0.174602	0.175724	0.134576	-0.739259	8441500.0
2013-07-30	-0.007258	0.18316	0.191701	0.167934	-0.195441	5774800.0
2013-07-29	0.0012640000000000001	0.16903800000000002	0.186886	0.165692	0.033993	4472300.0
2013-07-26	0.004443	0.173112	0.182449	0.166762	0.118958	3507600.0
2013-07-25	0.010584	0.174204	0.19081199999999998	0.17194	0.280409	4371500.0
2013-07-24	-0.02866	0.173914	0.175013	0.139451	-0.78175	5500300.0
2013-07-23	-0.006499	0.173933	0.18085299999999999	0.165919	-0.17844000000000002	4162400.0
2013-07-22	0.008427	0.175377	0.187498	0.17390799999999998	0.229423	4183700.0
2013-07-19	0.0065980000000000006	0.177216	0.18498	0.172779	0.17844200000000002	7718300.0
2013-07-18	0.012727	0.18396099999999999	0.196691	0.18321199999999999	0.339892	4540400.0
2013-07-17	-0.001271	0.182082	0.183578	0.17161099999999999	-0.033982	2700300.0
2013-07-16	-0.002536	0.176101	0.177593	0.165656	-0.067981	3232800.0
2013-07-15	0.01643	0.17381300000000002	0.199974	0.171539	0.43336099999999994	4249600.0
2013-07-12	0.0012900000000000001	0.176847	0.179884	0.166597	0.033989	4027400.0
2013-07-11	0.014066	0.186086	0.19417	0.182621	0.365383	4495500.0
2013-07-10	-0.007790000000000001	0.173027	0.174173	0.164242	-0.203934	4193700.0
2013-07-09	0.011823	0.178393	0.19423800000000002	0.178006	0.30590100000000003	5535200.0
2013-07-08	0.023874	0.178034	0.204942	0.177242	0.603309	5742400.0
2013-07-05	-0.011303	0.173717	0.176064	0.151807	-0.288908	4050000.0
2013-07-03	-0.004633	0.173342	0.175678	0.164385	-0.11896300000000001	2435600.0
2013-07-02	-0.0032979999999999997	0.174906	0.18849100000000002	0.170248	-0.084972	5380600.0
2013-07-01	-0.018135	0.179514	0.182563	0.15055	-0.475851	6744700.0
2013-06-28	-0.006755	0.176847	0.182903	0.167383	-0.17844200000000002	8028700.0
2013-06-27	-0.008293	0.178348	0.18210199999999999	0.163708	-0.22093000000000002	6104200.0
2013-06-26	0.008687	0.182526	0.19275	0.179118	0.229427	5649200.0
2013-06-25	0.015022999999999998	0.182996	0.202982	0.164932	0.390877	9471300.0
2013-06-24	0.010561	0.165195	0.202093	0.15897999999999998	0.271913	10042500.0
2013-06-21	0.013378	0.185506	0.203611	0.178027	0.339892	10979800.0
2013-06-20	-0.025424000000000002	0.169175	0.17416099999999998	0.144625	-0.662791	8717500.0
2013-06-19	-0.015087999999999999	0.173824	0.181002	0.158712	-0.399368	7551900.0
2013-06-18	0.013666999999999999	0.177229	0.192931	0.174932	0.35688200000000003	5715700.0
2013-06-17	0.0032649999999999997	0.182226	0.188373	0.17531	0.084974	5985200.0
2013-06-14	-0.002605	0.17723	0.18796	0.173014	-0.067979	4795200.0
2013-06-13	0.010197	0.179944	0.18884700000000001	0.166007	0.263418	7421200.0
2013-06-12	-0.025641000000000004	0.181373	0.186654	0.14591700000000002	-0.6797850000000001	7517400.0
2013-06-11	-0.006053	0.169348	0.187719	0.166349	-0.161446	6231400.0
2013-06-10	0.000956	0.184352	0.184352	0.168966	0.025488	7029400.0
2013-06-07	-0.004444	0.177594	0.184692	0.16003399999999998	-0.11896099999999998	8881600.0
2013-06-06	0.002865	0.174224	0.183591	0.170852	0.076475	7665900.0
2013-06-05	-0.005698	0.171258	0.177964	0.161572	-0.152952	6200500.0
2013-06-04	-0.000633	0.173496	0.178708	0.165305	-0.016991	5335600.0
2013-06-03	0.008615000000000001	0.178349	0.202006	0.173467	0.22942600000000002	7446200.0
2013-05-31	-0.005079	0.179088	0.193659	0.170869	-0.135958	6706200.0
2013-05-30	-0.004739	0.18465499999999999	0.203619	0.170154	-0.12745499999999998	7609200.0
2013-05-29	-0.012173	0.166929	0.181989	0.15370599999999998	-0.3314	11085000.0
2013-05-28	-0.075325	0.091258	0.11231500000000001	0.084465	-2.21779	21262800.0
2013-05-24	-0.002016	0.171423	0.17583	0.166	-0.059479	5317900.0
2013-05-23	0.003468	0.17072400000000001	0.18807100000000002	0.163922	0.101971	6516300.0
2013-05-22	-0.011711	0.17583800000000002	0.191973	0.16003900000000001	-0.348391	6951600.0
2013-05-21	0.000572	0.177856	0.1866	0.17382	0.016993	4822000.0
2013-05-20	-0.0045520000000000005	0.178855	0.18454700000000002	0.169481	-0.135956	5001400.0
2013-05-17	0.010348	0.18090599999999998	0.19376	0.177861	0.305898	8445600.0
2013-05-16	-0.011367	0.17316800000000002	0.177181	0.15979100000000002	-0.339889	5448800.0
2013-05-15	0.005429	0.175502	0.19500399999999998	0.166759	0.161449	5806100.0
2013-05-14	0.0020039999999999997	0.178868	0.18796500000000002	0.176173	0.059483	5229400.0
2013-05-13	-0.014391	0.175518	0.178507	0.158583	-0.433363	5390400.0
2013-05-10	0.004213000000000001	0.18514	0.192143	0.18213900000000002	0.126354	17513300.0
2013-05-09	-0.0030800000000000003	0.185146	0.19146300000000002	0.17883	-0.092653	19023700.0
2013-05-08	0.005632	0.1848	0.196167	0.1848	0.168465	6715000.0
2013-05-07	0.007376000000000001	0.190172	0.197917	0.187141	0.219013	4482600.0
2013-05-06	-0.015638	0.176201	0.179516	0.15929400000000002	-0.47172600000000003	6246200.0
2013-05-03	-0.014584	0.190734	0.198574	0.168847	-0.446445	7020700.0
2013-05-02	-0.011156999999999999	0.18294100000000002	0.18294100000000002	0.15903699999999998	-0.345371	7128600.0
2013-05-01	-0.020261	0.179862	0.184925	0.157075	-0.640189	10795200.0
2013-04-30	-0.007147	0.18274100000000001	0.18776900000000002	0.16923	-0.22744099999999998	9138000.0
2013-04-29	0.012055	0.190639	0.201451	0.188095	0.379064	5515400.0
2013-04-26	0.003764	0.18682100000000001	0.194802	0.186502	0.11793	5252900.0
2013-04-25	0.000807	0.188418	0.195127	0.17723699999999998	0.025268000000000002	4920200.0
2013-04-24	0.007866	0.185853	0.19841	0.184565	0.24429	6020100.0
2013-04-23	0.005454	0.189407	0.193615	0.179371	0.16847	5118700.0
2013-04-22	-0.000273	0.187141	0.190701	0.18293299999999998	-0.008425	4755700.0
2013-04-19	0.006034	0.18942	0.19658299999999998	0.18193099999999998	0.18532	8778900.0
2013-04-18	0.010812	0.190103	0.202938	0.18352000000000002	0.328516	5430800.0
2013-04-17	0.001945	0.182524	0.193406	0.180875	0.058973000000000005	5760500.0
2013-04-16	0.004464	0.189459	0.192772	0.180847	0.134779	5703500.0
2013-04-15	-0.010492	0.181241	0.189435	0.17468599999999998	-0.320106	7489400.0
2013-04-12	0.001106	0.184516	0.18943800000000002	0.18254700000000001	0.033705	5674100.0
2013-04-11	0.0011070000000000001	0.18944	0.190754	0.18287	0.033689	4606600.0
2013-04-10	0.012042	0.191795	0.20509299999999997	0.187806	0.362221	5629000.0
2013-04-09	0.007903	0.18781099999999998	0.20188299999999998	0.18379	0.235853	6023000.0
2013-04-08	0.008253	0.185114	0.196938	0.178019	0.244284	5033700.0
2013-04-05	0.012097	0.179618	0.20492	0.17688299999999998	0.353792	7700600.0
2013-04-04	0.006377000000000001	0.18851700000000002	0.197463	0.187141	0.185318	4152200.0
2013-04-03	-0.005477	0.188167	0.191247	0.178243	-0.160046	5618700.0
2013-04-02	0.009604000000000001	0.188868	0.199233	0.187832	0.277975	3965400.0
2013-04-01	-0.0034799999999999996	0.185075	0.189207	0.180599	-0.101078	3403300.0
2013-03-28	0.013224000000000001	0.186094	0.20563	0.18435	0.37905900000000003	5909600.0
2013-03-27	0.007698999999999999	0.181516	0.197687	0.18011	0.21901500000000002	3956800.0
2013-03-26	0.007759	0.193163	0.200248	0.189975	0.21900999999999998	3411500.0
2013-03-25	-0.010043999999999999	0.190648	0.19660999999999998	0.172762	-0.2864	7315700.0
2013-03-22	0.004451	0.187141	0.195595	0.18432300000000001	0.126356	5326700.0
2013-03-21	0.000297	0.187141	0.19031199999999998	0.181855	0.008421	4541100.0
2013-03-20	0.006573000000000001	0.189978	0.196717	0.18643099999999999	0.185318	5125300.0
2013-03-19	0.002096	0.190695	0.199581	0.181809	0.058966	7023400.0
2013-03-18	0.0003	0.179674	0.191052	0.177897	0.008426000000000001	5792400.0
2013-03-15	0.028017	0.18421700000000002	0.222229	0.1791	0.766548	13230900.0
2013-03-14	0.008695999999999999	0.187878	0.198201	0.186772	0.235857	4526800.0
2013-03-13	0.004054	0.18751099999999998	0.193434	0.18455	0.10951500000000002	2748900.0
2013-03-12	-0.010491	0.186408	0.188972	0.172123	-0.28641	5169600.0
2013-03-11	0.008715	0.18270699999999998	0.19933299999999998	0.18270699999999998	0.235859	5732000.0
2013-03-08	0.009742	0.191244	0.200571	0.184902	0.261135	7031000.0
2013-03-07	0.000314	0.184901	0.191992	0.184901	0.008423	5519400.0
2013-03-06	0.011769	0.19053900000000001	0.205265	0.18865099999999999	0.311676	5991000.0
2013-03-05	0.003191	0.18751900000000002	0.20002	0.186004	0.084234	6050300.0
2013-03-04	0.013912	0.184452	0.206344	0.182148	0.362221	4751600.0
2013-03-01	-0.002582	0.18599100000000002	0.189822	0.173733	-0.067396	4596200.0
2013-02-28	0.006495999999999999	0.187141	0.198707	0.182514	0.168472	5757000.0
2013-02-27	0.006209	0.187141	0.19606400000000002	0.17938199999999999	0.160052	5747400.0
2013-02-26	0.008237000000000001	0.190661	0.211783	0.19027	0.210588	10892200.0
2013-02-25	-0.004592000000000001	0.192202	0.205051	0.180911	-0.117931	5673800.0
2013-02-22	0.009603	0.18753399999999998	0.20758200000000002	0.18753399999999998	0.24428899999999998	6990800.0
2013-02-21	-0.002971	0.183221	0.186749	0.18087	-0.075815	5121300.0
2013-02-20	-0.009807	0.184424	0.188305	0.17317000000000002	-0.25271	7586000.0
2013-02-19	-0.00098	0.18559	0.192181	0.168919	-0.025273	6884600.0
2013-02-15	-0.002931	0.19023299999999999	0.193712	0.181729	-0.075811	7314500.0
2013-02-14	-0.011428	0.182746	0.189625	0.172046	-0.299034	7106500.0
2013-02-13	-0.011268	0.20909299999999997	0.20909299999999997	0.190956	-0.298212	7103600.0
2013-02-12	0.016868	0.207587	0.22795100000000001	0.20643499999999998	0.43902700000000006	22986900.0
2013-02-11	0.01094	0.206038	0.22468200000000002	0.2006	0.281649	20162800.0
2013-02-08	-0.009244	0.20604899999999998	0.20604899999999998	0.186038	-0.240221	21198800.0
2013-02-07	0.012589	0.231363	0.27033	0.220452	0.32305500000000004	14706000.0
2013-02-06	0.004214	0.202508	0.213073	0.192725	0.10768699999999999	6445500.0
2013-02-05	0.003252	0.21073699999999998	0.21505500000000002	0.202492	0.082835	5386100.0
2013-02-04	-0.009023	0.202924	0.20564699999999997	0.189307	-0.23194	6390900.0
2013-02-01	-0.013041	0.209123	0.209123	0.187237	-0.339624	7900000.0
2013-01-31	0.0060799999999999995	0.206044	0.215702	0.197546	0.157383	6222500.0
2013-01-30	-0.002553	0.209515	0.211827	0.201809	-0.066263	6402400.0
2013-01-29	0.004811	0.202557	0.220754	0.201783	0.12425	8766800.0
2013-01-28	0.005482	0.211096	0.21498899999999999	0.200974	0.140818	8024300.0
2013-01-25	0.020402	0.20760100000000004	0.231832	0.194889	0.513591	10195400.0
2013-01-24	0.013338	0.208814	0.22451300000000002	0.208814	0.331343	5171800.0
2013-01-23	-0.015106999999999999	0.203239	0.204428	0.185398	-0.381052	14468800.0
2013-01-22	0.002634	0.20521599999999998	0.21276799999999998	0.197266	0.066273	5518600.0
2013-01-18	0.010313	0.21081799999999998	0.222464	0.20318699999999998	0.25679	11610400.0
2013-01-17	0.013144999999999999	0.218189	0.23243000000000003	0.216155	0.323063	10465300.0
2013-01-16	-0.002689	0.205175	0.20882699999999998	0.197871	-0.06626699999999999	5496800.0
2013-01-15	0.011217	0.208434	0.221975	0.20638299999999998	0.273355	5846100.0
2013-01-14	0.004438	0.20967600000000003	0.21544699999999997	0.205967	0.10768900000000001	4470300.0
2013-01-11	0.001025	0.210504	0.21504299999999998	0.205141	0.024853	3997100.0
2013-01-10	0.000684	0.20844200000000002	0.213396	0.201423	0.016565	5649100.0
2013-01-09	-0.012496	0.206796	0.21128000000000002	0.190895	-0.30649299999999996	5359700.0
2013-01-08	-0.008704	0.205183	0.207204	0.187804	-0.21537199999999998	4508700.0
2013-01-07	-0.013213999999999998	0.204013	0.20600700000000002	0.190055	-0.331343	4629300.0
2013-01-04	0.006986	0.20680199999999999	0.21603899999999998	0.20439200000000002	0.17395	5456900.0
2013-01-03	0.008048	0.209632	0.22258699999999998	0.205179	0.198811	6282800.0
2013-01-02	0.0026899999999999997	0.22141100000000002	0.22952899999999998	0.20355	0.06626699999999999	15490900.0
2012-12-31	0.0234	0.20471099999999998	0.237529	0.200141	0.563285	8085200.0
2012-12-28	-0.012908000000000001	0.199822	0.20761300000000002	0.190801	-0.314781	4394900.0
2012-12-27	-0.000679	0.204745	0.210891	0.189993	-0.016565	5429200.0
2012-12-26	-0.006408	0.206389	0.211275	0.19783900000000001	-0.157385	4574500.0
2012-12-24	-0.007697	0.19831500000000002	0.201951	0.187003	-0.190519	2625500.0
2012-12-21	-0.002337	0.20156	0.20720300000000003	0.189871	-0.057990999999999994	12326900.0
2012-12-20	-0.005644	0.208406	0.214017	0.192374	-0.140826	5459000.0
2012-12-19	-0.016329	0.20838600000000002	0.20878000000000002	0.184731	-0.414175	7117300.0
2012-12-18	0.023053999999999998	0.204783	0.23503400000000002	0.20317000000000002	0.571566	14372500.0
2012-12-17	0.009103	0.205983	0.220228	0.205983	0.223663	7654900.0
2012-12-14	-0.000674	0.20761	0.21167800000000003	0.197035	-0.016569	4393200.0
2012-12-13	-0.007358	0.20720300000000003	0.212452	0.190246	-0.18224100000000001	4406400.0
2012-12-12	-0.003001	0.20760599999999998	0.212839	0.20076300000000002	-0.07455099999999999	5402600.0
2012-12-11	0.008745000000000001	0.20801599999999998	0.226694	0.204361	0.215376	6731600.0
2012-12-10	0.005411	0.21006100000000003	0.21659299999999998	0.20026300000000002	0.13253	5666400.0
2012-12-07	0.003393	0.208842	0.213757	0.203926	0.082836	5089100.0
2012-12-06	-0.003045	0.20801999999999998	0.214554	0.192501	-0.074552	7532700.0
2012-12-05	0.018959	0.2097	0.234668	0.203874	0.45560100000000003	11604500.0
2012-12-04	-0.010236	0.204732	0.21132199999999998	0.194023	-0.248511	9910100.0
2012-12-03	-0.030113	0.20720300000000003	0.20720300000000003	0.163661	-0.7538090000000001	14925900.0
2012-11-30	0.008678	0.209621	0.218083	0.202771	0.21537399999999998	9366100.0
2012-11-29	0.0036850000000000003	0.20720300000000003	0.21691	0.20315899999999998	0.091124	7470000.0
2012-11-28	0.0030239999999999998	0.20193	0.212071	0.190572	0.074556	9245700.0
2012-11-27	0.015007	0.21626199999999998	0.23767199999999997	0.211732	0.36447399999999996	16481900.0
2012-11-26	0.026251999999999998	0.21776700000000002	0.253683	0.21692199999999998	0.621275	11979300.0
2012-11-23	-0.009706000000000001	0.208877	0.212225	0.188373	-0.231946	3941200.0
2012-11-21	-0.0044859999999999995	0.20636999999999997	0.214285	0.191374	-0.10768699999999999	6499100.0
2012-11-20	-0.007194	0.205963	0.208858	0.189006	-0.173955	6576900.0
2012-11-19	-0.0020510000000000003	0.21380700000000002	0.214633	0.194822	-0.049696	7919600.0
2012-11-16	-0.004086	0.206792	0.208436	0.192406	-0.099411	10020800.0
2012-11-15	0.0	0.20555900000000002	0.218712	0.197749	0.0	9651200.0
2012-11-14	-0.019038	0.209623	0.21325100000000002	0.181801	-0.47216499999999995	10858500.0
2012-11-13	-0.010084000000000001	0.197823	0.21299099999999999	0.19024000000000002	-0.252651	9505800.0
2012-11-12	-0.010929000000000001	0.230132	0.235659	0.206051	-0.276834	6805900.0
2012-11-09	-0.018302000000000002	0.22040700000000002	0.22389499999999998	0.203742	-0.47225200000000006	21982300.0
2012-11-08	0.007951999999999999	0.23519	0.248862	0.23050199999999998	0.203558	26131300.0
2012-11-07	-0.015962	0.22393000000000002	0.22431399999999999	0.188181	-0.415257	11093000.0
2012-11-06	-0.0018739999999999998	0.22739099999999998	0.23429699999999998	0.212427	-0.048855	8860700.0
2012-11-05	-0.023191999999999997	0.213917	0.224036	0.189931	-0.618812	10727300.0
2012-11-02	-0.024122	0.22084299999999998	0.226329	0.178052	-0.6595270000000001	25142000.0
2012-11-01	-0.061487	0.23571	0.264543	0.14097200000000001	-1.791296	30872100.0
2012-10-31	0.008171	0.22885	0.239578	0.22539	0.23612600000000003	7575200.0
2012-10-26	-0.004209	0.228503	0.23126	0.219888	-0.122135	6706400.0
2012-10-25	-0.006412	0.232267	0.232609	0.21275100000000002	-0.187271	7812900.0
2012-10-24	-0.010754999999999999	0.229852	0.229852	0.213594	-0.31754299999999996	5368000.0
2012-10-23	-0.015744	0.217824	0.22015700000000002	0.20682199999999998	-0.47226	4744000.0
2012-10-22	-0.004593	0.22384400000000002	0.228158	0.215216	-0.138418	4455600.0
2012-10-19	-0.01254	0.22848600000000002	0.228814	0.208497	-0.382687	5239500.0
2012-10-18	0.00997	0.230475	0.240734	0.226834	0.301264	3612700.0
2012-10-17	0.016991	0.231861	0.250372	0.23085100000000003	0.504826	4128300.0
2012-10-16	-0.0019149999999999998	0.23151799999999997	0.23588499999999998	0.21942399999999998	-0.056998	3769400.0
2012-10-15	0.012462	0.228158	0.24346399999999999	0.225097	0.3664	4613400.0
2012-10-12	-0.010414	0.231861	0.232871	0.211666	-0.309402	4257500.0
2012-10-11	0.005234	0.23086500000000001	0.24811999999999998	0.221392	0.154705	5699100.0
2012-10-10	0.004427	0.230198	0.23563499999999998	0.227479	0.130274	4633200.0
2012-10-09	0.005285	0.227133	0.238407	0.224742	0.154697	5124500.0
2012-10-08	0.001114	0.22884200000000002	0.232605	0.22166	0.032572000000000004	3048100.0
2012-10-05	-0.0041600000000000005	0.229861	0.231564	0.221006	-0.122137	3880700.0
2012-10-04	0.011501	0.23194800000000002	0.24331599999999998	0.228158	0.333833	5003700.0
2012-10-03	0.003378	0.227467	0.23438	0.225739	0.09771200000000001	4237200.0
2012-10-02	0.003672	0.229893	0.23544400000000001	0.22121999999999997	0.10585	4487700.0
2012-10-01	-0.005059	0.230919	0.235407	0.220219	-0.146572	4627300.0
2012-09-28	-0.001963	0.22505799999999998	0.22953600000000002	0.219546	-0.05699	4624500.0
2012-09-27	0.001405	0.22919299999999998	0.23712800000000003	0.22574299999999997	0.040715	3794800.0
2012-09-26	-0.000281	0.22953800000000002	0.237815	0.227469	-0.008139	4664500.0
2012-09-25	-0.007248	0.227816	0.228843	0.219256	-0.211702	5806500.0
2012-09-24	0.01385	0.23301799999999998	0.24690399999999998	0.230935	0.398973	5756000.0
2012-09-21	-0.001975	0.230237	0.231276	0.221229	-0.057003	8258000.0
2012-09-20	-0.001408	0.226082	0.227812	0.217433	-0.04071	3715500.0
2012-09-19	0.0008460000000000001	0.231967	0.23543000000000003	0.222965	0.024431	3956700.0
2012-09-18	-0.0008449999999999999	0.224007	0.23058	0.22020100000000004	-0.024431	4182700.0
2012-09-17	-0.012242	0.23089200000000001	0.23089200000000001	0.20936300000000002	-0.358256	12203400.0
2012-09-14	0.010402	0.232647	0.24266	0.226086	0.30126	9441400.0
2012-09-13	0.020075	0.226397	0.25387	0.226397	0.56996	7618200.0
2012-09-12	-0.01747	0.22019899999999998	0.222622	0.19528299999999998	-0.504818	13599800.0
2012-09-11	-0.005882	0.23125500000000002	0.232975	0.216462	-0.170986	5041200.0
2012-09-10	-0.012448	0.22578	0.22612	0.207774	-0.366402	6729500.0
2012-09-07	-0.001381	0.228498	0.22985500000000003	0.220694	-0.040714	3800700.0
2012-09-06	0.011173	0.23330399999999998	0.248056	0.232275	0.325689	4102400.0
2012-09-05	-0.008584999999999999	0.23428000000000002	0.235301	0.216254	-0.252409	6421800.0
