2017-09-01	0.000291	0.002500	0.005524	-0.003838	0.050003	11648800.000000
2016-09-01	0.000396	0.002061	0.004044	-0.004123	0.049995	13536100.0
2016-08-31	0.002225	-0.001907	0.00302	-0.00588	0.280007	14200600.0
2016-08-30	-0.0055320000000000005	0.00047400000000000003	0.00047400000000000003	-0.010985	-0.700005	17804300.0
2016-08-29	0.012643999999999999	-0.004882	0.014165	-0.004882	1.5800020000000001	15925900.0
2016-08-26	0.008637	0.001292	0.010493	0.000161	1.07	17504800.0
2016-08-25	0.0033200000000000005	-0.002915	0.007208	-0.003077	0.409996	10730800.0
2016-08-24	-0.007156	0.0008039999999999999	0.002573	-0.010292	-0.89	12243700.0
2016-08-23	0.001772	0.0029	0.007571	0.000805	0.22000100000000003	13309500.0
2016-08-22	0.004775	-0.001861	0.010278	-0.0036420000000000003	0.590004	14386400.0
2016-08-19	-0.002825	-0.002502	0.002018	-0.005084	-0.350006	11688300.0
2016-08-18	-0.003699	-0.002895	-0.000884	-0.00587	-0.459999	12400800.0
2016-08-17	0.008678	0.00292	0.008759000000000001	-0.00365	1.07	13794200.0
2016-08-16	-0.004843	-0.003228	0.000161	-0.009040000000000001	-0.599999	14222400.0
2016-08-15	-0.007847	0.00023999999999999998	0.00032	-0.009448999999999999	-0.9799950000000001	19295100.0
2016-08-12	-0.00016	-0.0016010000000000002	0.000801	-0.005765	-0.020005000000000002	12159000.0
2016-08-11	0.00016	0.002562	0.004004	-0.001041	0.020005000000000002	11729500.0
2016-08-10	-0.001439	8e-05	0.003358	-0.004158	-0.180001	10670100.0
2016-08-09	-0.0015970000000000001	0.0006389999999999999	0.006626000000000001	-0.005828	-0.200004	19621000.0
2016-08-08	0.0008789999999999999	0.000799	0.002397	-0.004794	0.11	15233900.0
2016-08-05	0.006353	0.004986	0.011901	0.002091	0.7900010000000001	20184000.0
2016-08-04	0.015101	0.00351	0.018611000000000003	0.0	1.8499990000000002	21066000.0
2016-08-03	-0.004712	0.0	0.006743000000000001	-0.006337	-0.579994	18525300.0
2016-08-02	-0.009814	-0.0020109999999999998	0.003942	-0.018019	-1.220002	23968400.0
2016-08-01	0.0029850000000000002	-0.000726	0.005164	-0.008714	0.369996	25006900.0
2016-07-29	-0.00848	-0.0028	0.00672	-0.010320000000000001	-1.059998	35058800.0
2016-07-28	0.013459	0.033889999999999997	0.040457	0.0023510000000000002	1.660004	78955800.0
2016-07-27	0.017488999999999998	0.009899	0.031183	0.002392	2.119995	52654200.0
2016-07-26	-0.0033710000000000003	0.003042	0.003618	-0.007234999999999999	-0.409996	17612000.0
2016-07-25	0.005207	0.0032229999999999997	0.007025	-0.026612	0.629997	18487400.0
2016-07-22	0.0032340000000000003	-0.005887	0.0033159999999999995	-0.010779	0.389999	18422400.0
2016-07-21	-0.010745000000000001	0.0	0.0014759999999999999	-0.013696999999999999	-1.3099969999999999	17801700.0
2016-07-20	0.010860999999999999	0.005306	0.013183000000000002	-0.00041500000000000006	1.3099969999999999	20046500.0
2016-07-19	0.010388	-0.0031829999999999996	0.012398000000000001	-0.005947999999999999	1.239998	21541300.0
2016-07-18	0.021478999999999998	0.003936	0.023532	0.00025699999999999996	2.510002	20868400.0
2016-07-15	-0.0036659999999999996	0.0038369999999999997	0.008440999999999999	-0.006053	-0.43	16646000.0
2016-07-14	0.004367	0.0061649999999999995	0.007364	-0.000685	0.5100020000000001	14579700.0
2016-07-13	-0.009752	0.003901	0.003985	-0.0106	-1.150001	16207700.0
2016-07-12	0.000509	0.006448000000000001	0.0072109999999999995	-0.002545	0.059997	15217700.0
2016-07-11	0.005374	0.004009	0.012453	0.002218	0.630005	17711600.0
2016-07-08	0.011998	0.005006	0.014243	0.0	1.39	18142600.0
2016-07-07	-0.0072840000000000005	-0.0006	0.002314	-0.011482	-0.849999	16630200.0
2016-07-06	0.021891	-0.0073549999999999996	0.022680000000000002	-0.010771	2.5	24337600.0
2016-07-05	8.8e-05	-0.002189	8.8e-05	-0.010684	0.009995	14207000.0
2016-07-01	-0.000788	-0.0007	0.007437999999999999	-0.004113	-0.08999700000000001	14980000.0
2016-06-30	0.001051	0.0044670000000000005	0.008935	-0.004292	0.119995	23192700.0
2016-06-29	0.012955000000000001	0.005945000000000001	0.013753	0.003017	1.460007	20968300.0
2016-06-28	0.034230000000000003	0.015234000000000001	0.034688	0.014499000000000001	3.729996	26813800.0
2016-06-27	-0.027748000000000002	-0.00455	-0.00455	-0.03435	-3.110001	36130400.0
2016-06-24	-0.026069	-0.035367	-0.012165	-0.035454	-3.0	40643100.0
2016-06-23	0.010270999999999999	0.004038	0.010359	-0.0032479999999999996	1.1699979999999999	16176900.0
2016-06-22	-0.004109000000000001	0.002361	0.003147	-0.006731999999999999	-0.46999300000000005	14846300.0
2016-06-21	0.008909	0.0066159999999999995	0.01623	0.005292	1.009994	19166300.0
2016-06-20	0.003097	0.0066359999999999995	0.015041999999999998	-0.002389	0.350006	20785400.0
2016-06-17	-0.011977	0.000262	0.00035	-0.015998	-1.370002	24644300.0
2016-06-16	-0.001832	-0.006370000000000001	-0.0008730000000000001	-0.014485	-0.209999	19236300.0
2016-06-15	-0.0029579999999999997	0.0031320000000000002	0.00435	-0.007568999999999999	-0.340004	19819400.0
2016-06-14	0.008688	0.001053	0.008776	-0.003247	0.9900049999999999	17618500.0
2016-06-13	-0.022895	-0.013890999999999999	-0.009775	-0.028383	-2.6700060000000003	31718200.0
2016-06-10	-0.016363	-0.008603	-0.003796	-0.019399	-1.9399950000000001	18510800.0
2016-06-09	0.001436	-0.002196	0.00245	-0.005744	0.169999	13859200.0
2016-06-08	0.00535	0.0	0.007133	-0.004161	0.629997	14505600.0
2016-06-07	-0.008671	0.003788	0.004293	-0.009428	-1.0299989999999999	17103000.0
2016-06-06	0.0027010000000000003	0.001266	0.008103	-0.0009289999999999999	0.32	12744700.0
2016-06-03	-0.003868	0.00042	0.00042	-0.008997	-0.459999	14135100.0
2016-06-02	0.001263	-0.000758	0.005557	-0.004715	0.150001	13228300.0
2016-06-01	-0.000252	-0.0026089999999999998	0.002273	-0.008333	-0.029999	15029500.0
2016-05-31	-0.004775	0.00067	0.006031	-0.010554000000000001	-0.569999	23547600.0
2016-05-27	-0.000753	0.000753	0.003181	-0.00385	-0.090004	13464400.0
2016-05-26	0.013402	0.0029690000000000003	0.015862	0.000254	1.5800020000000001	18481300.0
2016-05-25	0.001614	0.003653	0.008241	-0.002719	0.190002	20019800.0
2016-05-24	0.014918	0.002328	0.015175999999999999	0.0012929999999999999	1.7299959999999999	20183600.0
2016-05-23	-0.01176	0.000597	0.00213	-0.012015000000000001	-1.379997	20441000.0
2016-05-20	0.0046229999999999995	0.001284	0.010102	0.001199	0.54	18944800.0
2016-05-19	-0.0071400000000000005	-0.0051	-0.0013599999999999999	-0.015045	-0.8400040000000001	20544100.0
2016-05-18	0.0025559999999999997	-0.004686999999999999	0.00784	-0.0052829999999999995	0.300004	21642300.0
2016-05-17	-0.011123000000000001	0.0012640000000000001	0.002865	-0.012387	-1.32	21328600.0
2016-05-16	-0.009515000000000001	-0.003589	-0.0016690000000000001	-0.020533000000000003	-1.14	31247800.0
2016-05-13	-0.003908	0.000831	0.002993	-0.004988	-0.470001	18124300.0
2016-05-12	0.006359	0.003849	0.011044	-0.005187	0.7600020000000001	22035500.0
2016-05-11	-0.008133	-0.0007469999999999999	0.0048130000000000004	-0.008962999999999999	-0.9800030000000001	22038400.0
2016-05-10	0.010567	0.003187	0.010567	-0.002013	1.260002	23220000.0
2016-05-09	-0.002092	0.00041799999999999997	0.006611	-0.0049380000000000005	-0.25	21138100.0
2016-05-06	0.01426	-0.005517	0.015533000000000002	-0.005942	1.68	26216200.0
2016-05-05	-0.002118	-0.000169	0.0077930000000000004	-0.006861	-0.25	22056700.0
2016-05-04	0.005365	-0.006983	0.007409000000000001	-0.007324	0.629998	23448400.0
2016-05-03	-0.009615	-0.008856000000000001	-0.0034579999999999997	-0.013072	-1.14	24117500.0
2016-05-02	0.00842	0.0021260000000000003	0.009781	-0.00859	0.9899979999999999	28095200.0
2016-04-29	0.007281999999999999	0.000771	0.009509	-0.007624	0.849999	37140600.0
2016-04-28	0.07199900000000001	0.09817200000000001	0.109285	0.06740800000000001	7.8400039999999995	87110100.0
2016-04-27	0.0011949999999999999	-0.007540000000000001	0.001655	-0.022527000000000002	0.129997	52213100.0
2016-04-26	-0.012171	0.003542	0.003633	-0.017711	-1.339996	22521500.0
2016-04-25	-0.004161	-0.006241	0.000995	-0.013477000000000001	-0.46	21017900.0
2016-04-22	-0.025388	-0.019658000000000002	-0.014898	-0.039051	-2.880004	38458200.0
2016-04-21	0.009073000000000001	0.0011560000000000001	0.01441	-0.000978	1.0200040000000001	20875200.0
2016-04-20	0.001158	0.001247	0.008727	-0.006501000000000001	0.129997	21027900.0
2016-04-19	0.016659	0.0058850000000000005	0.018108000000000003	-0.011679	1.8400040000000002	30210500.0
2016-04-18	0.007388	0.0009119999999999999	0.010671	-0.004013	0.809998	21092700.0
2016-04-15	-0.010826	-0.00045099999999999996	0.001173	-0.014796	-1.199997	20922800.0
2016-04-14	0.002986	0.000995	0.013845	-0.002262	0.329994	28473300.0
2016-04-13	-0.000904	0.014646000000000001	0.018443	-0.036976999999999996	-0.099999	88227400.0
2016-04-12	0.014863999999999999	0.003211	0.01991	0.0	1.620003	26248100.0
2016-04-11	-0.014824	0.000633	0.002531	-0.016812999999999998	-1.6399990000000002	39762300.0
2016-04-08	-0.026487	0.005368	0.006072	-0.032911	-3.010002	48497800.0
2016-04-07	-0.000616	0.000704	0.010376999999999999	-0.005628	-0.07	20714500.0
2016-04-06	0.013277	0.002228	0.014169	0.001782	1.489998	20814600.0
2016-04-05	-0.002932	-0.003909	0.006841	-0.005775	-0.330002	22962400.0
2016-04-04	-0.030243	-0.017146	-0.013009999999999999	-0.038342	-3.5099949999999995	48487900.0
2016-04-01	0.017178	-0.0030670000000000003	0.018142	-0.006573000000000001	1.96	24760500.0
2016-03-31	-0.005231	0.0	0.002703	-0.008108	-0.599999	21207500.0
2016-03-30	-0.012399	0.0050799999999999994	0.007319	-0.015326	-1.440002	33235200.0
2016-03-29	0.02155	0.001231	0.023133	-0.00044	2.449997	29825300.0
2016-03-28	0.005661	0.002388	0.013622	-0.0008849999999999999	0.639999	21351800.0
2016-03-24	0.0045320000000000004	-0.003643	0.004887	-0.007642	0.5100020000000001	17839100.0
2016-03-23	0.002584	-0.0021379999999999997	0.008374	-0.002227	0.290001	18562000.0
2016-03-22	0.0035759999999999998	-0.004381	0.009209	-0.0060799999999999995	0.400002	19001100.0
2016-03-21	0.003589	0.001884	0.008255	-0.003768	0.400001	18448000.0
2016-03-18	0.0038729999999999997	0.004864	0.01261	-0.006756	0.43	36256900.0
2016-03-17	-0.010341	-0.000267	0.004546	-0.012925999999999998	-1.1600030000000001	24241200.0
2016-03-16	0.013644	-0.001626	0.016536000000000002	-0.00515	1.510002	24744800.0
2016-03-15	0.007098	-0.007098	0.008554	-0.009555	0.779999	17618500.0
2016-03-14	0.004386999999999999	-0.001188	0.008409	-0.00585	0.479995	17249400.0
2016-03-11	0.019475	0.010809000000000001	0.019568000000000002	0.005591	2.090004	20697600.0
2016-03-10	-0.0017670000000000001	0.003721	0.010697	-0.016184999999999998	-0.190002	24854300.0
2016-03-09	0.014916	0.007268999999999999	0.014916	-0.004154	1.5800020000000001	20493300.0
2016-03-08	0.0018920000000000002	-0.008985	0.015511000000000002	-0.012579	0.199997	25617000.0
2016-03-07	-0.024541	-0.0029519999999999998	-0.0029519999999999998	-0.033859	-2.659996	31436400.0
2016-03-04	-0.01086	0.004289	0.004289	-0.015058000000000002	-1.1900030000000001	24938900.0
2016-03-03	-0.003365	0.002729	0.0031829999999999996	-0.012824	-0.36999499999999996	21353100.0
2016-03-02	0.001184	-0.001275	0.006647	-0.009561	0.129997	25670200.0
2016-03-01	0.027123	0.008511	0.027123	0.00636	2.900002	26817300.0
2016-02-29	-0.009266	-0.0029649999999999998	0.009174	-0.010841	-1.0	32779000.0
2016-02-26	-0.0013880000000000001	0.00583	0.012768999999999999	-0.00842	-0.150002	26686200.0
2016-02-25	0.011134	0.002152	0.011134	-0.011881999999999998	1.1900030000000001	29906300.0
2016-02-24	0.013465000000000001	-0.011853	0.014129	-0.025792000000000002	1.4199979999999999	34412400.0
2016-02-23	-0.015864	-0.002893	0.002893	-0.019037000000000002	-1.700005	25319300.0
2016-02-22	0.024768000000000002	0.008798	0.035192	0.007363	2.590004	35709700.0
2016-02-19	0.010631	-0.008891	0.014980000000000002	-0.013627	1.099999	32404500.0
2016-02-18	-0.016444999999999998	0.005703	0.007605	-0.020627	-1.7299959999999999	29593500.0
2016-02-17	0.035331	0.004035	0.040449	-0.011908	3.5899959999999997	44073400.0
2016-02-16	-0.003921	0.017547	0.018822	-0.017351	-0.400001	45687200.0
2016-02-12	0.000981	0.017957	0.022862999999999998	-0.008046	0.099998	36176800.0
2016-02-11	0.009009999999999999	-0.013861000000000002	0.040693	-0.02099	0.910004	43670600.0
2016-02-10	0.014667	0.020193	0.037271	0.007031999999999999	1.459999	45179400.0
2016-02-09	-0.002105	-0.026164999999999997	0.026566000000000003	-0.029373000000000003	-0.209999	62709000.0
2016-02-08	-0.041511	-0.035169	-0.013356	-0.063515	-4.32	71229700.0
2016-02-05	-0.058105	-0.008870000000000001	-0.008236	-0.06616	-6.4199980000000005	76894700.0
2016-02-04	-0.019523	-0.007898	-0.0066549999999999995	-0.030525999999999998	-2.2000040000000003	38890200.0
2016-02-03	-0.016752	0.005759	0.006369	-0.042405	-1.9199990000000002	56919300.0
2016-02-02	-0.004171	-0.00252	0.021721999999999998	-0.016422	-0.479995	59778600.0
2016-02-01	0.025666	0.000535	0.031281	-0.001782	2.879997	46132700.0
2016-01-29	0.028412	-0.0011	0.034186	-0.002475	3.099998	62739500.0
2016-01-28	0.15521400000000002	0.134992	0.168237	0.10968800000000001	14.660004	107475300.0
2016-01-27	-0.029689999999999998	0.0046229999999999995	0.005239	-0.03195	-2.889999	58699400.0
2016-01-26	0.0034020000000000005	0.007731	0.008968	-0.013916	0.329994	26877100.0
2016-01-25	-0.009496	0.007964	0.015724000000000002	-0.010312	-0.93	32482000.0
2016-01-22	0.040144	0.023895	0.041525	0.014125	3.7799980000000004	30495400.0
2016-01-21	-0.002014	0.005935	0.017381999999999998	-0.018336	-0.189994	30518900.0
2016-01-20	-0.009553	-0.025509	-0.002729	-0.061831	-0.910004	59051400.0
2016-01-19	0.003054	0.016426	0.025798	-0.011056	0.290001	30998300.0
2016-01-15	-0.034562999999999997	-0.044627	-0.02023	-0.0491	-3.4000019999999997	45935600.0
2016-01-14	0.0307	0.004296	0.035939	-0.031329	2.930001	48658600.0
2016-01-13	-0.039549	0.012177	0.012177	-0.041864	-3.9300010000000003	33410600.0
2016-01-12	0.019075	0.015280000000000002	0.025126	0.00041	1.8600009999999998	28395400.0
2016-01-11	0.001849	0.005959000000000001	0.013047999999999999	-0.019932	0.18	29932400.0
2016-01-08	-0.006025	0.020016	0.026348000000000003	-0.009089	-0.589996	35402300.0
2016-01-07	-0.049043	-0.023988	-0.014956	-0.055064999999999996	-5.050003	45172900.0
2016-01-06	0.002336	-0.015575	0.010124	-0.017814	0.239998	25096200.0
2016-01-05	0.004989	0.006554000000000001	0.014575999999999999	-0.005381	0.5100020000000001	23258200.0
2016-01-04	-0.023313999999999998	-0.025893	-0.023122999999999998	-0.046914	-2.440003	37912400.0
2015-12-31	-0.014686000000000001	-0.002071	-0.000471	-0.015063	-1.5599969999999999	18298700.0
2015-12-30	-0.009696	-0.002424	-9.300000000000001e-05	-0.011188	-1.040001	13115000.0
2015-12-29	0.012555	0.004626	0.017087	0.0030210000000000002	1.3300020000000001	17179900.0
2015-12-28	0.008665	0.0	0.009141	-0.004666	0.9100030000000001	13069700.0
2015-12-24	0.0037270000000000003	0.001051	0.006595	-0.001242	0.39	6501800.0
2015-12-23	-0.00834	0.003602	0.005686999999999999	-0.015638	-0.8800049999999999	19599700.0
2015-12-22	0.007063	0.004295	0.008495	0.00038199999999999996	0.740005	14597100.0
2015-12-21	0.007016	0.008362	0.010669	-0.004229	0.729996	16138800.0
2015-12-18	-0.020523	-0.001318	0.003483	-0.021182	-2.18	35994200.0
2015-12-17	-0.005338	0.006555	0.00899	-0.00618	-0.57	21675700.0
2015-12-16	0.021425	0.007843000000000001	0.024294999999999997	-0.003443	2.239998	22680500.0
2015-12-15	-0.001051	0.006115	0.010892	-0.003631	-0.110001	21764300.0
2015-12-14	0.024873	0.0016649999999999998	0.025656	-0.006462999999999999	2.5400009999999997	24648100.0
2015-12-11	-0.031303	-0.012047	-0.010245	-0.033295	-3.2999949999999996	26427700.0
2015-12-10	0.007839	0.004302	0.017208	-0.001816	0.82	17414500.0
2015-12-09	-0.017748	-0.002911	-0.000469	-0.027607999999999997	-1.89	23517300.0
2015-12-08	0.008333	-0.015244999999999998	0.012309	-0.015718	0.8799969999999999	20401800.0
2015-12-07	-0.005368	0.002825	0.006122	-0.014315000000000001	-0.569999	15474900.0
2015-12-04	0.017245	0.00412	0.032094	-0.002587	1.8000029999999998	21224700.0
2015-12-03	-0.015933000000000003	0.0018859999999999999	0.007354	-0.025643	-1.690003	23236500.0
2015-12-02	-0.009802	-0.00112	0.007468000000000001	-0.012416	-1.050003	24429100.0
2015-12-01	0.027629	0.00566	0.027916000000000003	0.002494	2.880005	22781900.0
2015-11-30	-0.011475	0.003698	0.006164	-0.016121	-1.209999	20383200.0
2015-11-27	0.000379	0.00351	0.0052179999999999995	-0.0052179999999999995	0.039993	5913100.0
2015-11-25	-0.003121	0.00558	0.008133	-0.006053	-0.329994	15150800.0
2015-11-24	-0.011314	-0.008883	-0.004301	-0.023936000000000002	-1.209999	23577300.0
2015-11-23	-0.0034479999999999997	-0.0012109999999999998	0.001398	-0.011554	-0.370003	19897200.0
2015-11-20	0.009976	0.005458	0.015152	0.0033880000000000004	1.059998	22129600.0
2015-11-19	-0.014011000000000001	-0.003804	-0.000371	-0.016888	-1.509995	25520600.0
2015-11-18	0.025112	0.006372999999999999	0.026157999999999997	0.002473	2.64	23836500.0
2015-11-17	0.010477	0.005575	0.020761	0.0009609999999999999	1.089996	26807200.0
2015-11-16	0.000866	-0.0060609999999999995	0.002116	-0.033477999999999994	0.090004	49309200.0
2015-11-13	-0.037677999999999996	-0.0028699999999999997	0.002129	-0.038789	-4.07	30278400.0
2015-11-12	-0.009082	-0.004862	0.003486	-0.009265	-0.9900049999999999	20924700.0
2015-11-11	0.010194	0.003336	0.018163	-0.0074140000000000005	1.099998	25057100.0
2015-11-10	0.013335	-0.0049770000000000005	0.015588	-0.011738	1.4200059999999999	25031700.0
2015-11-09	-0.005696	-0.0009339999999999999	0.010738	-0.011578	-0.61	26383500.0
2015-11-06	-0.015262999999999999	-0.00662	-0.000184	-0.026204	-1.660004	35084300.0
2015-11-05	0.046373000000000004	0.046758	0.06455599999999999	0.03858	4.82	63232900.0
2015-11-04	0.013258	0.005947	0.015208000000000001	-0.000975	1.36	43469300.0
2015-11-03	-0.007065999999999999	-0.0008710000000000001	0.0032909999999999997	-0.008808	-0.729996	21242300.0
2015-11-02	0.013141	-0.0024519999999999998	0.014709999999999999	-0.0077469999999999995	1.3399969999999999	24003900.0
2015-10-30	-0.027745999999999996	-0.0035280000000000003	-0.001526	-0.030797	-2.909996	33487100.0
2015-10-29	0.0065260000000000006	-0.002303	0.008829	-0.0065260000000000006	0.68	20316700.0
2015-10-28	0.004822	0.001929	0.007522	-0.007522	0.5	24081500.0
2015-10-27	-0.000675	-0.007998	0.00318	-0.013202	-0.07	23795500.0
2015-10-26	0.015461	9.8e-05	0.015853	-0.006263	1.579995	25961200.0
2015-10-23	0.025283	0.022474	0.031905	0.004915999999999999	2.520004	42809700.0
2015-10-22	0.026362	0.0070019999999999995	0.02698	0.004531	2.559997	26392100.0
2015-10-21	0.001134	0.003814	0.012165	-0.005464	0.110001	21917800.0
2015-10-20	-0.014928	0.00264	0.011373999999999999	-0.019397	-1.4700010000000001	30700500.0
2015-10-19	0.009535	-0.003691	0.01056	-0.0063560000000000005	0.93	23729900.0
2015-10-16	0.016465	0.002293	0.016986	-0.006357	1.5800020000000001	25412900.0
2015-10-15	0.020091	0.00978	0.023706	0.008823000000000001	1.8899990000000002	27557500.0
2015-10-14	-0.000531	-0.000425	0.011475	-0.005419	-0.050003	19253400.0
2015-10-13	-0.001485	-0.006365	0.011776	-0.007532	-0.139999	19480300.0
2015-10-12	0.01094	0.000858	0.014586000000000002	-0.006113	1.0200040000000001	18449600.0
2015-10-09	0.008327	0.00465	0.013734	-0.002487	0.769997	20012900.0
2015-10-08	0.000758	-0.005520000000000001	0.008874	-0.020887	0.069999	27290500.0
2015-10-07	-0.0043100000000000005	0.0033399999999999997	0.009267000000000001	-0.015409	-0.400001	24129300.0
2015-10-06	-0.012871	0.000745	0.001702	-0.017764	-1.209999	22172800.0
2015-10-05	0.021071	0.009448999999999999	0.023895	0.006408	1.940002	27292500.0
2015-10-02	0.012314	-0.02254	0.013744	-0.028367000000000003	1.120003	37881700.0
2015-10-01	0.01168	0.0016690000000000001	0.01168	-0.017130000000000003	1.049995	29283700.0
2015-09-30	0.037268	0.020422	0.038652	0.015461	3.230004	36169100.0
2015-09-29	-0.028472000000000004	-0.001233	0.009528	-0.039120999999999996	-2.5400009999999997	42281800.0
2015-09-28	-0.038374	-0.007437999999999999	-0.005174	-0.049477	-3.559998	41199900.0
2015-09-25	-0.017371	0.014616999999999998	0.015253000000000001	-0.024891	-1.640007	28961600.0
2015-09-24	0.004682	-0.009684	0.008513	-0.01841	0.440003	29106000.0
2015-09-23	0.010865000000000001	0.004733	0.01463	-0.001721	1.010002	21701400.0
2015-09-22	-0.027106	-0.018629	-0.009105	-0.037991000000000004	-2.590004	36888900.0
2015-09-21	0.012182	0.0023309999999999997	0.02214	0.001271	1.150001	28790000.0
2015-09-18	0.0006360000000000001	-0.012084000000000001	0.009009999999999999	-0.013674	0.060006	62300000.0
2015-09-17	0.009524	-0.0008560000000000001	0.022044	-0.0058850000000000005	0.889999	27841800.0
2015-09-16	0.00592	0.0	0.007534999999999999	-0.0029059999999999997	0.549995	16321200.0
2015-09-15	0.006392	0.00065	0.010183	-0.005633	0.590004	18859400.0
2015-09-14	0.0028239999999999997	0.0028239999999999997	0.0061920000000000005	-0.004889	0.259995	20127900.0
2015-09-11	0.0007610000000000001	-0.0032619999999999997	0.0010869999999999999	-0.009241	0.07	21185000.0
2015-09-10	0.017028	-0.004091	0.017912	-0.008956	1.540001	26437400.0
2015-09-09	0.010164	0.013962	0.027364999999999997	0.007148000000000001	0.9100030000000001	32551100.0
2015-09-08	0.014388999999999999	0.016202	0.022434	0.006458	1.269997	27012500.0
2015-09-04	0.001248	-0.010777	0.002723	-0.016449000000000002	0.11	27328700.0
2015-09-03	-0.019357	-0.001446	-0.000779	-0.024029	-1.739997	27048200.0
2015-09-02	0.030494	0.018113	0.030494	0.004586	2.659996	27190500.0
2015-09-01	-0.0246	-0.028849	-0.00044699999999999997	-0.032763	-2.199997	36097400.0
2015-08-31	-0.017361	-0.0045049999999999995	0.00044	-0.023294	-1.5800020000000001	32850700.0
2015-08-28	0.014265	0.0016719999999999999	0.019503	0.000669	1.2799989999999999	33215900.0
2015-08-27	0.029131999999999998	0.021906000000000002	0.032917	0.0	2.5400009999999997	42431400.0
2015-08-26	0.050482	0.035542000000000004	0.053735000000000005	0.003133	4.190002	45124300.0
2015-08-25	0.011085	0.059203	0.067974	0.011085	0.910004	52021200.0
2015-08-24	-0.046131	-0.10492699999999999	-0.046131	-0.163374	-3.9700019999999996	83710700.0
2015-08-21	-0.049691	-0.033569	-0.015238	-0.05466	-4.5	62778700.0
2015-08-20	-0.049837	-0.018571	-0.005666	-0.050887	-4.75	44598200.0
2015-08-19	0.001471	-0.005674	0.009772	-0.010613	0.14	23156500.0
2015-08-18	0.013201	0.0015970000000000001	0.020441	0.0011710000000000002	1.239998	22278800.0
2015-08-17	-0.00519	0.0	0.000424	-0.010909	-0.48999799999999993	18313500.0
2015-08-14	0.010596	0.0011769999999999999	0.013807	-0.002355	0.9899979999999999	15929700.0
2015-08-13	-0.008069	-0.001486	0.005733	-0.008918	-0.7600020000000001	17451800.0
2015-08-12	0.0060880000000000005	-0.009826999999999999	0.008759000000000001	-0.025956	0.569999	27050500.0
2015-08-11	-0.005629	-0.004461	0.006479	-0.013277	-0.529999	22491000.0
2015-08-10	-0.001591	0.014634000000000001	0.016967	-0.007104999999999999	-0.150001	21624200.0
2015-08-07	-0.008621	0.0027329999999999998	0.002944	-0.015875	-0.82	23199100.0
2015-08-06	-0.013687000000000001	0.007673	0.023849000000000002	-0.020946	-1.319999	42271300.0
2015-08-05	0.025303	0.012652	0.032213	0.011907	2.380004	29813200.0
2015-08-04	-0.00085	-0.003718	0.006267	-0.008604	-0.080001	20136000.0
2015-08-03	0.0013830000000000001	-0.005106	0.011382	-0.012871	0.129997	29343100.0
2015-07-31	-0.012604	-0.002731	0.011764	-0.013234000000000001	-1.199997	46509000.0
2015-07-30	-0.018352	-0.021445	-0.012166	-0.053511	-1.779999	86211300.0
2015-07-29	0.01784	0.010809000000000001	0.020884	-0.005772	1.6999970000000002	64648300.0
2015-07-28	0.011893	0.007115000000000001	0.014761000000000002	-0.009132	1.120003	35236000.0
2015-07-27	-0.028675	-0.0038159999999999995	-0.003507	-0.032181	-2.779999	38585400.0
2015-07-24	0.015821	0.020013	0.024308	0.00461	1.509995	33444900.0
2015-07-23	-0.016488	-0.000824	0.004225	-0.02298	-1.599999	29418800.0
2015-07-22	-0.013721	-0.01677	-0.008232999999999999	-0.025103999999999998	-1.349998	28299500.0
2015-07-21	0.004902	0.010622	0.013584	-0.007864	0.479995	39453300.0
2015-07-20	0.030957	0.009266	0.038223	0.004107	2.940003	54860500.0
2015-07-17	0.04535	0.018712	0.049972	0.018602	4.120003	54001600.0
2015-07-16	0.012143000000000001	0.0057929999999999995	0.012255	0.00011100000000000001	1.089996	21804100.0
2015-07-15	0.000892	0.003568	0.014606999999999998	-0.0028989999999999997	0.080002	30886600.0
2015-07-14	-0.004661	0.003996	0.007769	-0.004994	-0.419998	26627800.0
2015-07-13	0.024446000000000002	0.008073	0.025810000000000003	0.005344	2.150001	29976700.0
2015-07-10	0.024103	0.017117	0.027247000000000004	0.010362999999999999	2.07	23245900.0
2015-07-09	0.0026850000000000003	0.012609	0.022767	0.0	0.22999499999999998	23144200.0
2015-07-08	-0.018	-0.010662999999999999	-0.005389	-0.020294	-1.569999	24399300.0
2015-07-07	-0.0037689999999999998	0.002856	0.0034270000000000004	-0.026499	-0.330002	33059900.0
2015-07-06	0.002979	-0.009165000000000001	0.01031	-0.01031	0.260002	24635900.0
2015-07-02	0.004372	0.005638000000000001	0.006097999999999999	-0.006559000000000001	0.379997	16908800.0
2015-07-01	0.013290999999999999	0.011659000000000001	0.025417	0.008395	1.140007	25260000.0
2015-06-30	-0.00035	0.009323999999999999	0.010489	-0.002681	-0.030006	23016500.0
2015-06-29	-0.025111	-0.015907	-0.005795000000000001	-0.025906000000000002	-2.2099990000000003	35957900.0
2015-06-26	0.000341	0.001591	0.004092	-0.013071000000000001	0.029999	38214600.0
2015-06-25	-0.009903	0.004501	0.006077	-0.011479000000000001	-0.879998	27302000.0
2015-06-24	0.011152	-0.002503	0.015588999999999999	-0.004893	0.9800040000000001	41370200.0
2015-06-23	0.037055000000000005	0.0025960000000000002	0.038117000000000005	0.000236	3.139999	50667900.0
2015-06-22	0.027027	0.010908	0.029814999999999998	0.009696	2.229996	29383100.0
2015-06-19	-0.004825	-0.000965	0.0008439999999999999	-0.009528	-0.400002	23353200.0
2015-06-18	0.013694	-0.001834	0.017117	-0.0026899999999999997	1.120003	26782600.0
2015-06-17	0.009006	0.008636	0.01431	0.003454	0.730003	18350300.0
2015-06-16	0.004337	0.001363	0.009912	-0.003221	0.349999	13693700.0
2015-06-15	-0.010058	-0.01202	-0.007359	-0.017908	-0.82	18805100.0
2015-06-12	-0.0036659999999999996	-0.005621	0.003177	-0.007698999999999999	-0.300003	11417900.0
2015-06-11	-0.004017	0.0018260000000000001	0.009007	-0.009737	-0.330002	18656800.0
2015-06-10	0.01847	0.001983	0.023925	0.0017350000000000002	1.490006	21531200.0
2015-06-09	0.0	-0.000868	0.0064459999999999995	-0.016735	0.0	16497500.0
2015-06-08	-0.017896000000000002	-0.003896	-0.001704	-0.02447	-1.4700010000000001	16915500.0
2015-06-05	0.001097	-0.002194	0.004997	-0.006581	0.089996	16143100.0
2015-06-04	-0.004731	-0.003639	0.006186	-0.011281	-0.389999	20863900.0
2015-06-03	0.024863	0.011313	0.025981999999999998	0.01007	2.0	31594700.0
2015-06-02	0.0018679999999999999	-0.006601	0.013202	-0.009092	0.150001	18923300.0
2015-06-01	0.013890999999999999	0.001389	0.015027	-0.006693000000000001	1.099999	18119000.0
2015-05-29	-0.011978	-0.002495	-0.000998	-0.015844999999999998	-0.96	16134600.0
2015-05-28	-0.004966	-0.0037240000000000003	0.006456	-0.006828	-0.400001	11982000.0
2015-05-27	0.015378999999999999	0.003403	0.016765000000000002	0.001261	1.2200010000000001	14160900.0
2015-05-26	-0.015024000000000001	-0.001366	0.000745	-0.018128000000000002	-1.209999	16321300.0
2015-05-22	0.000746	-0.001615	0.010313	-0.002858	0.059998	19567900.0
2015-05-21	-0.000869	-0.004469	0.004593	-0.005835	-0.07	13402700.0
2015-05-20	-0.000992	-0.001984	0.005829	-0.014511000000000001	-0.07999400000000001	23056900.0
2015-05-19	-0.003091	0.004575	0.010015000000000001	-0.004079999999999999	-0.25	17955400.0
2015-05-18	0.00572	-0.001119	0.011937	-0.002363	0.459999	21613700.0
2015-05-15	-0.011675	0.000492	0.001843	-0.014625	-0.9500049999999999	27069900.0
2015-05-14	0.037353	0.006374	0.043473000000000005	0.002932	2.930001	49438000.0
2015-05-13	0.012652	0.003357	0.013813999999999998	0.0024530000000000003	0.9800030000000001	21512300.0
2015-05-12	-0.00705	-0.001795	-0.001538	-0.015639	-0.550003	21285300.0
2015-05-11	-0.006369	-0.00038199999999999996	0.006623	-0.007388	-0.5	18874100.0
2015-05-08	0.0010199999999999999	0.008543	0.0102	-0.0051	0.080002	19943600.0
2015-05-07	0.004225	-0.00128	0.010754999999999999	-0.006914	0.330002	19749400.0
2015-05-06	0.006962	0.005286	0.016117	-0.006575	0.54	28663000.0
2015-05-05	-0.015861	-0.0032990000000000003	-0.000127	-0.020175	-1.25	22311300.0
2015-05-04	-0.0022789999999999998	0.004304	0.008862	-0.0045579999999999996	-0.18	14692000.0
2015-05-01	0.002793	0.005967	0.012568000000000001	-0.008379000000000001	0.22000100000000003	24136400.0
2015-04-30	-0.021126	-0.005716	0.006089	-0.026718000000000002	-1.700004	28999000.0
2015-04-29	-0.0026030000000000003	-0.008304	0.0088	-0.014378	-0.209999	26430300.0
2015-04-28	-0.015016999999999999	-0.000977	-0.000122	-0.02051	-1.230004	23775300.0
2015-04-27	0.004661	0.00417	0.017172	0.001227	0.38000500000000004	25446000.0
2015-04-24	-0.010678	0.004368	0.006431	-0.011285	-0.8800049999999999	29660400.0
2015-04-23	-0.026232	-0.006263	0.011343	-0.026232	-2.219993	73728100.0
2015-04-22	0.012078	0.008371	0.013394	0.000359	1.009994	45548000.0
2015-04-21	0.006379	0.010952	0.016849	0.005416	0.530007	27171900.0
2015-04-20	0.028595999999999996	0.009408	0.029338999999999997	0.005693999999999999	2.309997	28796800.0
2015-04-17	-0.018588	-0.010084000000000001	-0.00243	-0.023569	-1.5299989999999999	24215000.0
2015-04-16	-0.004836	-0.002902	0.004353	-0.006770999999999999	-0.400001	13769700.0
2015-04-15	-0.009698	0.000359	0.0016760000000000002	-0.014966	-0.809998	22390900.0
2015-04-14	0.006144	0.001927	0.008192	-0.006867	0.509995	19634200.0
2015-04-13	0.011824	-0.001341	0.023159	-0.001463	0.970001	26883100.0
2015-04-10	-0.001582	0.000487	0.0053549999999999995	-0.003164	-0.129997	12529700.0
2015-04-09	-0.0013369999999999999	0.0026739999999999997	0.00632	-0.006928	-0.110001	15927300.0
2015-04-08	-0.00048600000000000005	0.003766	0.009475	-0.005831	-0.040001	18966700.0
2015-04-07	-0.001456	0.002547	0.011887	-0.002669	-0.120002	17467000.0
2015-04-06	0.010790000000000001	-0.009318	0.015326	-0.009318	0.8800040000000001	19062900.0
2015-04-02	-0.001347	0.007102	0.010898	-0.002816	-0.11	19664100.0
2015-04-01	-0.006689	0.0034049999999999996	0.0060810000000000005	-0.016419	-0.550003	22058200.0
2015-03-31	-0.011779000000000001	-0.0036060000000000003	0.0036060000000000003	-0.011899	-0.9799959999999999	19734300.0
2015-03-30	-0.001201	0.006122	0.012485	-0.010684	-0.100006	24527700.0
2015-03-27	0.0034939999999999997	0.004457	0.011323999999999999	-0.0015660000000000001	0.290001	18372600.0
2015-03-26	0.001085	-0.002412	0.010251	-0.009406999999999999	0.090004	32794800.0
2015-03-25	-0.028014999999999998	0.002227	0.002462	-0.028014999999999998	-2.39	37436100.0
2015-03-24	0.010423	0.0033159999999999995	0.019424	0.001066	0.879998	32576500.0
2015-03-23	0.007518	0.0014320000000000001	0.013841999999999998	-0.005967	0.629997	27357300.0
2015-03-20	0.012689	0.007734	0.022356	0.003867	1.050003	44466300.0
2015-03-19	0.022741	0.002595	0.025831	0.001112	1.839996	42099500.0
2015-03-18	0.019531	-0.0013859999999999999	0.023688999999999998	-0.0023940000000000003	1.550003	36912400.0
2015-03-17	0.016524	0.003715	0.021903	0.0034579999999999997	1.290001	22170000.0
2015-03-16	0.000256	-0.001153	0.000897	-0.008841	0.019997	19305400.0
2015-03-13	-0.011149	-0.004181	0.0057009999999999995	-0.015837	-0.8799969999999999	18557300.0
2015-03-12	0.017533	0.006833	0.01908	0.004383	1.36	16093300.0
2015-03-11	0.000258	0.0032240000000000003	0.011347	-0.00374	0.019997	20215700.0
2015-03-10	-0.023791999999999997	-0.011833	-0.0022660000000000002	-0.023791999999999997	-1.8899990000000002	23067100.0
2015-03-09	-0.007123999999999999	-0.004125	-0.00125	-0.017248	-0.57	18925100.0
2015-03-06	-0.014776	-0.003817	0.001478	-0.016993	-1.199997	24488600.0
2015-03-05	0.003832	0.004079	0.013472999999999999	0.001854	0.30999699999999997	27825700.0
2015-03-04	0.016332	-0.0037689999999999998	0.019472	-0.009422	1.3000040000000002	28126700.0
2015-03-03	-0.0018809999999999999	-0.001755	-0.000627	-0.015423	-0.150002	18635000.0
2015-03-02	0.009877	0.00037999999999999997	0.01127	-0.005698	0.779999	21662500.0
2015-02-27	-0.017908	0.003358	0.010198	-0.022261000000000003	-1.4400030000000001	30739200.0
2015-02-26	0.010684	0.0040219999999999995	0.02275	0.0020109999999999998	0.8500059999999999	31111900.0
2015-02-25	0.014149	0.000637	0.022307	0.000637	1.110001	25593800.0
2015-02-24	-0.004947	-0.004312	0.008118	-0.009386	-0.389999	18897100.0
2015-02-23	-0.013267	0.0007509999999999999	0.0036299999999999995	-0.019024	-1.060006	24139100.0
2015-02-20	0.006044	0.001637	0.011584	-0.00277	0.480004	36931700.0
2015-02-19	0.035328	0.00365	0.040803	0.003129	2.7099990000000003	45851200.0
2015-02-18	0.014683000000000002	0.004497	0.017196	-0.001984	1.110001	22426400.0
2015-02-17	-0.001848	-0.005809	0.015447999999999998	-0.008714	-0.14	25254400.0
2015-02-13	-0.006428	0.003017	0.00328	-0.009576000000000001	-0.490005	18621900.0
2015-02-12	-0.00366	0.004575	0.004705	-0.008104	-0.279999	17235000.0
2015-02-11	0.017556	-0.00133	0.020747	-0.002128	1.32	20877400.0
2015-02-10	0.010075	0.005508	0.01209	0.0008060000000000001	0.75	15811300.0
2015-02-09	-0.00040300000000000004	-0.00564	0.004834000000000001	-0.013696999999999999	-0.029999	16194300.0
2015-02-06	-0.015077000000000002	0.000926	0.00119	-0.017987	-1.14	21211000.0
2015-02-05	-0.000264	0.001058	0.004628	-0.005553	-0.019996	15062600.0
2015-02-04	0.00305	-0.004111	0.012598999999999999	-0.0051719999999999995	0.22999499999999998	20277400.0
2015-02-03	0.0054670000000000005	0.002667	0.007868	-0.015068999999999999	0.410004	26957700.0
2015-02-02	-0.01212	0.002635	0.00303	-0.028455	-0.920006	41955300.0
2015-01-30	-0.026795	0.0	0.0020510000000000003	-0.028845999999999997	-2.0899959999999997	42649500.0
2015-01-29	0.023084999999999998	0.008001000000000001	0.023347	-0.026626	1.760002	61293500.0
2015-01-28	0.00607	0.014780000000000001	0.024544999999999997	0.002903	0.459999	53306400.0
2015-01-27	-0.022194	-0.010194	-0.008	-0.024128999999999998	-1.720001	20110000.0
2015-01-26	-0.00424	0.001927	0.008223000000000001	-0.006938	-0.330002	19260800.0
2015-01-23	0.002318	0.0	0.006954000000000001	-0.007856	0.18	16746500.0
2015-01-22	0.011858	0.005603	0.013161	-0.000782	0.910004	19519500.0
2015-01-21	0.006558	-0.001049	0.013904	-0.005115	0.5	25096700.0
2015-01-20	0.014099	0.007183	0.015031000000000001	-0.004789	1.059998	22821600.0
2015-01-16	0.01526	-0.000135	0.017151	-0.002836	1.129997	21791500.0
2015-01-15	-0.029233999999999996	0.001573	0.0038020000000000003	-0.03592	-2.229996	34134000.0
2015-01-14	-0.002224	-0.000392	0.00981	-0.005494	-0.169998	25741000.0
2015-01-13	-0.0035189999999999996	0.006648	0.017727	-0.011340000000000001	-0.270004	25179600.0
2015-01-12	-0.013121	0.001286	0.0033450000000000003	-0.019681	-1.019997	19190200.0
2015-01-09	-0.005628	0.000256	0.005628	-0.012535	-0.44000200000000006	21157000.0
2015-01-08	0.026657999999999998	0.0077480000000000005	0.027315	-0.000919	2.029998	23961000.0
2015-01-07	0.0	0.008011	0.01589	-0.004334	0.0	22045300.0
2015-01-06	-0.013472999999999999	0.000518	0.005182	-0.023708	-1.04	27399300.0
2015-01-05	-0.016061000000000002	-0.005991	0.010198	-0.020268	-1.259995	26452200.0
2015-01-02	0.005511	0.007178	0.011664	-0.004102000000000001	0.43	18177500.0
2014-12-31	-0.015147999999999998	0.004039	0.007320999999999999	-0.017166999999999998	-1.200004	19935400.0
2014-12-30	-0.009997	-0.002124	0.007123	-0.011497	-0.799996	14370800.0
2014-12-29	-0.009408	-0.00359	0.002228	-0.013246	-0.7600020000000001	14134700.0
2014-12-26	0.000124	0.003095	0.006314	-0.0032189999999999996	0.010001999999999999	10647400.0
2014-12-24	0.0019850000000000002	0.00521	0.010172	0.001737	0.159996	7685500.0
2014-12-23	-0.010313	0.006998000000000001	0.00884	-0.012891	-0.839996	19865800.0
2014-12-22	0.019653999999999998	0.0025039999999999997	0.025162999999999998	0.0015019999999999999	1.57	31395800.0
2014-12-19	0.018877	0.004464	0.020408000000000003	-0.000893	1.4799950000000002	43335000.0
2014-12-18	0.030088	0.010248	0.030088	0.005256	2.2900009999999997	34222100.0
2014-12-17	0.019012	0.0042840000000000005	0.023029	0.0028120000000000003	1.419999	29203900.0
2014-12-16	-0.029874	-0.010391	0.005195	-0.031173000000000003	-2.2999959999999997	31554600.0
2014-12-15	-0.010793	0.008095	0.009636	-0.016318	-0.8400040000000001	29396500.0
2014-12-12	0.001286	-0.007333	0.014794999999999999	-0.009134	0.099999	28091600.0
2014-12-11	0.020347	0.004463	0.030717	0.0039380000000000005	1.550003	33462100.0
2014-12-10	-0.008589	-0.002473	0.00924	-0.010020999999999999	-0.659996	32210500.0
2014-12-09	0.004182	-0.01725	0.005358	-0.022739	0.319999	25358600.0
2014-12-08	0.002095	-0.002357	0.011655	-0.012572	0.159996	25733900.0
2014-12-05	0.014886000000000002	0.007443000000000001	0.020202	0.0015949999999999998	1.120003	24306400.0
2014-12-04	0.004808	-0.000668	0.008948000000000001	-0.002938	0.360001	14362800.0
2014-12-03	-0.007686	-0.00106	0.003578	-0.014047	-0.580002	16689900.0
2014-12-02	0.004794	0.0030629999999999998	0.010786	-0.000799	0.360001	16773900.0
2014-12-01	-0.033462	-0.0056630000000000005	-0.005019	-0.037323	-2.599999	31789900.0
2014-11-28	0.001031	0.000644	0.008374	-0.005024	0.07999400000000001	15992000.0
2014-11-26	0.026312000000000002	-0.001322	0.028428	-0.0015869999999999999	1.9900060000000002	32695300.0
2014-11-25	0.021889	0.002702	0.023375	0.001621	1.619995	32250200.0
2014-11-24	0.003525	-0.0028469999999999997	0.008136	-0.005424	0.260002	22103800.0
2014-11-21	0.002038	0.012228	0.012228	-0.001359	0.150002	23060400.0
2014-11-20	0.003682	-0.007228	0.009	-0.011182	0.269996	19154900.0
2014-11-19	-0.013586	-0.004439	0.0026899999999999997	-0.016546	-1.009994	25441200.0
2014-11-18	0.001347	0.002829	0.007543000000000001	-0.00458	0.099998	20690500.0
2014-11-17	-0.008546999999999999	0.0	0.010417000000000001	-0.013355	-0.639999	28701200.0
2014-11-14	0.008485	0.000269	0.009158	-0.0028280000000000002	0.629997	19476900.0
2014-11-13	-0.00629	0.000268	0.006959	-0.014454	-0.470001	26448500.0
2014-11-12	0.001474	-0.004423	0.007104000000000001	-0.014341	0.11	26536600.0
2014-11-11	-0.0052	-0.000667	-0.000267	-0.012933000000000002	-0.389999	18715700.0
2014-11-10	-0.007936	-0.003175	-0.0015869999999999999	-0.013094999999999999	-0.5999979999999999	21575100.0
2014-11-07	0.004518	0.001727	0.007972	-0.003189	0.339996	20774000.0
2014-11-06	0.005746	0.000802	0.01029	-0.0069489999999999994	0.43	21383000.0
2014-11-05	-0.012276	0.0099	0.013728	-0.017687	-0.93	35913000.0
2014-11-04	0.025447	0.004737	0.025582	-0.003113	1.880005	39326000.0
2014-11-03	-0.014802000000000001	0.0064010000000000004	0.0070680000000000005	-0.017202000000000002	-1.110001	40727000.0
2014-10-31	0.011874	0.011065	0.021455000000000002	0.004588	0.8799969999999999	44544000.0
2014-10-30	-0.023069	-0.010678	-0.006723000000000001	-0.039019	-1.75	83270000.0
2014-10-29	-0.06079	-0.065866	-0.048161	-0.074161	-4.909996	106120000.0
2014-10-28	0.006104	-0.0012460000000000001	0.010962000000000001	-0.008844	0.48999799999999993	74212000.0
2014-10-27	-0.004834000000000001	0.000868	0.0016120000000000002	-0.01128	-0.389999	30169000.0
2014-10-24	0.007871	0.001999	0.009745	-0.008995999999999999	0.629997	32248000.0
2014-10-23	0.021309	0.012888	0.028837	0.008166	1.6699979999999999	35056000.0
2014-10-22	-0.004067	0.001652	0.014740999999999999	-0.008642	-0.319999	41862000.0
2014-10-21	0.022612	0.007927	0.023262	0.0025989999999999997	1.740005	32252000.0
2014-10-20	0.013166999999999998	-0.004608	0.015009999999999999	-0.0075049999999999995	1.0	34701000.0
2014-10-17	0.045711	0.02203	0.0464	0.015421	3.32	76342000.0
2014-10-16	-0.007922	-0.033056	0.001912	-0.035924	-0.580002	53529000.0
2014-10-15	-0.005164	-0.025818999999999998	0.0028539999999999998	-0.044435	-0.379997	61528000.0
2014-10-14	0.00822	0.013838	0.016304	-0.012878	0.5999979999999999	50299000.0
2014-10-13	0.001097	0.004389	0.025648	-0.0053490000000000005	0.07999400000000001	43938000.0
2014-10-10	-0.03952	-0.004215999999999999	0.007772	-0.041497000000000006	-3.0	52146000.0
2014-10-09	-0.020769	-0.0030960000000000002	0.0030960000000000002	-0.021543	-1.609993	32487000.0
2014-10-08	0.016123	-0.001442	0.018613	-0.015597999999999999	1.2299959999999999	32976000.0
2014-10-07	-0.016374	-0.006575	0.005028	-0.017019	-1.269997	25317000.0
2014-10-06	0.00155	-0.003228	0.005811	-0.007619	0.119996	25729000.0
2014-10-03	0.0046700000000000005	0.008822	0.012714	0.0023350000000000003	0.36	23340000.0
2014-10-02	0.006924	0.000261	0.012149	-0.011888	0.529999	36488000.0
2014-10-01	-0.031502999999999996	-0.0032890000000000003	-0.002783	-0.039727	-2.489998	55090000.0
2014-09-30	0.0005059999999999999	0.00443	0.008987	-0.005063000000000001	0.040001	35899000.0
2014-09-29	0.002665	-0.008504000000000001	0.005204	-0.011169	0.209999	34031000.0
2014-09-26	0.020332	0.004790999999999999	0.020978999999999998	0.001425	1.57	28872000.0
2014-09-25	-0.016807	0.0007639999999999999	0.005093	-0.017953	-1.32	37533000.0
2014-09-24	0.003193	-0.002427	0.004215	-0.009963	0.25	30680000.0
2014-09-23	0.019400999999999998	-0.0061200000000000004	0.023828	-0.009895999999999999	1.489998	36814000.0
2014-09-22	-0.014247	-0.01168	-0.004877	-0.025157	-1.110001	31961000.0
2014-09-19	0.011818	0.005195	0.016883000000000002	-0.007273000000000001	0.910004	76671000.0
2014-09-18	0.007458	0.004448	0.011776	0.001178	0.57	23031000.0
2014-09-17	0.0046	-0.001577	0.015378999999999999	-0.006703	0.349998	28693000.0
2014-09-16	0.020113	-0.014213	0.022124	-0.020247	1.5	37742000.0
2014-09-15	-0.037429000000000004	-0.004259000000000001	-0.0029690000000000003	-0.052272000000000006	-2.900001	49679000.0
2014-09-12	-0.005647	0.001283	0.004877	-0.010523999999999999	-0.43999499999999997	26676800.0
2014-09-11	0.006328	-0.003875	0.012010999999999999	-0.004908	0.48999799999999993	32219000.0
2014-09-10	0.009913	-0.001956	0.016694999999999998	-0.0020870000000000003	0.7600020000000001	29909000.0
2014-09-09	-0.015663	-0.0038520000000000004	0.003595	-0.021697	-1.2200010000000001	28882000.0
2014-09-08	0.008154	0.0	0.011778	-0.0032359999999999997	0.629997	28183000.0
2014-09-05	0.017248	0.001975	0.018828	-0.004608	1.3100049999999999	29476000.0
2014-09-04	0.001582	0.000791	0.014506	-0.003956	0.119995	26676000.0
2014-09-03	-0.011085	0.005999	0.010433	-0.014085	-0.8499979999999999	32389000.0
2014-09-02	0.02486	0.002539	0.025127	0.0	1.86	34979000.0
2014-08-29	0.012998	0.005957	0.012998	0.002031	0.9599989999999999	26241000.0
2014-08-28	-0.010318	-0.008442	-0.00268	-0.012059	-0.769996	21947000.0
2014-08-27	-0.017509	-0.009084	-0.006187	-0.019747	-1.3300020000000001	36323000.0
2014-08-26	0.01253	-0.000267	0.01293	-0.0038659999999999996	0.940002	23993000.0
2014-08-25	0.006035	0.004961999999999999	0.009521	0.00295	0.44999700000000004	19734000.0
2014-08-22	0.0	-0.003084	0.002146	-0.01341	0.0	20897000.0
2014-08-21	-0.003208	0.00147	0.0050799999999999994	-0.005347	-0.239998	20102000.0
2014-08-20	-0.006375	-0.00425	-0.0014609999999999998	-0.008898999999999999	-0.48000299999999996	22917000.0
2014-08-19	0.009385	0.002949	0.013272999999999998	-0.001072	0.700005	26679000.0
2014-08-18	0.013038	0.005025	0.014804	0.004482	0.9599989999999999	23974000.0
2014-08-15	-0.009018	0.000269	0.004711	-0.017497	-0.670006	38846600.0
2014-08-14	0.0071849999999999995	0.002711	0.008269	-0.001084	0.5300060000000001	22207000.0
2014-08-13	0.012907	0.003982	0.019497	0.0030210000000000002	0.939995	29266000.0
2014-08-12	-0.008306000000000001	-0.004765999999999999	-0.001498	-0.016612000000000002	-0.61	27419000.0
2014-08-11	0.005201	0.005475	0.011634	0.0	0.380004	24591000.0
2014-08-08	-0.001503	0.003143	0.003553	-0.008337	-0.11	27202000.0
2014-08-07	0.009659000000000001	0.007312999999999999	0.021112	0.0031739999999999997	0.699997	38141000.0
2014-08-06	-0.0030269999999999997	-0.009217	0.014169999999999999	-0.012381	-0.22000100000000003	30986000.0
2014-08-05	-0.011155	-0.004217	0.001088	-0.018093	-0.82	34986000.0
2014-08-04	0.015893	0.0	0.021006	0.0	1.150001	30777000.0
2014-08-01	-0.003992	-0.005919	0.007845999999999999	-0.015141	-0.290001	43535000.0
2014-07-31	-0.027183	-0.009106	-0.006829000000000001	-0.029994999999999997	-2.029998	43992000.0
2014-07-30	0.01316	0.006783	0.020079	0.005698	0.970001	36853000.0
2014-07-29	-0.016151	-0.002669	0.0	-0.020021	-1.209999	41324000.0
2014-07-28	-0.0035909999999999996	-0.000266	0.004123	-0.017822	-0.270004	41725000.0
2014-07-25	0.002801	0.000133	0.009202	-0.004268	0.209999	45917000.0
2014-07-24	0.05176	0.06550700000000001	0.076448	0.045168	3.690002	124168000.0
2014-07-23	0.029161000000000003	0.006784999999999999	0.029738999999999998	0.004908	2.020004	78435000.0
2014-07-22	-0.001873	0.005187	0.005331	-0.011382999999999999	-0.13000499999999998	40398000.0
2014-07-21	0.014322999999999999	0.0057	0.022508	0.001169	0.9800040000000001	49539000.0
2014-07-18	0.030266	0.005873	0.030869	-0.003764	2.009994	42456000.0
2014-07-17	-0.018475	-0.009311	0.0028079999999999997	-0.023943	-1.25	38188000.0
2014-07-16	0.007295	0.005508	0.011464	-0.001489	0.49000600000000005	29541600.0
2014-07-15	-0.010751	0.000884	0.002798	-0.024153	-0.730004	44213200.0
2014-07-14	0.023515	0.011908	0.027585000000000002	0.008440999999999999	1.560006	38537000.0
2014-07-11	0.022661	0.00632	0.026514	-0.001233	1.469993	39212000.0
2014-07-10	-0.001539	-0.02555	0.005695	-0.029552	-0.099998	44422000.0
2014-07-09	0.035213999999999995	0.010357	0.037604000000000005	0.006214	2.210003	51432000.0
2014-07-08	-0.03875	-0.0035229999999999997	0.004135	-0.047174	-2.530003	68926000.0
2014-07-07	-0.015085	0.000151	0.004224	-0.01765	-1.0	28745000.0
2014-07-03	-0.002408	0.00617	0.008277	-0.010384000000000001	-0.159996	25203200.0
2014-07-02	-0.023656	-0.000294	0.0035259999999999996	-0.033353	-1.610001	41895000.0
2014-07-01	0.011443	0.0043100000000000005	0.01709	0.001486	0.769997	33243000.0
2014-06-30	-0.004586	-0.002071	0.004734	-0.006953	-0.30999699999999997	27102800.0
2014-06-27	0.007001	0.002681	0.008491	-0.00432	0.470001	46461000.0
2014-06-26	-0.0045969999999999995	0.008304	0.008304	-0.008006999999999998	-0.31000500000000003	47714000.0
2014-06-25	0.026172000000000004	-0.00213	0.02678	-0.002282	1.720001	44308000.0
2014-06-24	0.005354	-0.000153	0.027535000000000004	-0.0015300000000000001	0.349998	57335000.0
2014-06-23	0.013488	-0.002791	0.017985	-0.004340999999999999	0.8700030000000001	34560000.0
2014-06-20	0.002487	0.001865	0.007305	-0.015387	0.160004	46466000.0
2014-06-19	-0.019207	-0.002134	-0.000305	-0.021189	-1.260002	34245000.0
2014-06-18	0.018633	0.001397	0.020963	-0.005435	1.1999959999999998	35570000.0
2014-06-17	0.0032719999999999997	-0.001402	0.010749	-0.004051	0.21	27715000.0
2014-06-16	-0.004806	-0.0052710000000000005	0.0058909999999999995	-0.011628	-0.309998	31046000.0
2014-06-13	0.003266	0.006377000000000001	0.010577	-0.007155	0.209999	29419000.0
2014-06-12	-0.022650999999999998	0.001064	0.010490000000000001	-0.026148	-1.489998	55730000.0
2014-06-11	0.000152	-0.006842	0.00045599999999999997	-0.013228	0.010001999999999999	44242000.0
2014-06-10	0.04596	0.010337	0.046756	0.009859999999999999	2.889996	69338000.0
2014-06-09	0.0060799999999999995	-0.0016	0.01344	-0.011359999999999999	0.38000100000000003	37617000.0
2014-06-06	-0.010919	0.002849	0.004589	-0.016458	-0.689999	42442000.0
2014-06-05	-0.002368	0.005052	0.016104	-0.00821	-0.150001	47352000.0
2014-06-04	0.007476000000000001	-0.006679999999999999	0.011452	-0.012725	0.470001	36514000.0
2014-06-03	-0.003329	-0.007292	0.00539	-0.012048	-0.21000300000000002	32217000.0
2014-06-02	-0.003475	-0.001106	0.004581	-0.019747	-0.21999699999999997	35996000.0
2014-05-30	-0.008303	0.0018800000000000002	0.005327	-0.019897	-0.530003	45253500.0
2014-05-29	0.005039	0.005196	0.012439	0.0	0.320004	42700000.0
2014-05-28	0.00047300000000000006	-0.001418	0.010397	-0.013548	0.029998	47795000.0
2014-05-27	0.034719	0.0044009999999999995	0.035207999999999996	0.0035859999999999998	2.130002	55682000.0
2014-05-23	0.013713999999999999	-0.001818	0.015366999999999999	-0.006114	0.8299979999999999	38294000.0
2014-05-22	0.000496	0.007439	0.016366	-0.0014880000000000002	0.029998	54200000.0
2014-05-21	0.032958	0.0	0.033128	-0.005294	1.9300009999999999	58992000.0
2014-05-20	-0.010978	0.004898	0.016551	-0.017396000000000002	-0.649998	53931000.0
2014-05-19	0.02051	-0.002241	0.026543	-0.007756	1.189999	43034000.0
2014-05-16	0.001727	0.006732999999999999	0.009151000000000001	-0.010532	0.100002	47933000.0
2014-05-15	-0.022116999999999998	0.0005059999999999999	0.0025329999999999997	-0.028870999999999997	-1.310002	56814000.0
2014-05-14	-0.010028	-0.005014	0.010362999999999999	-0.014708	-0.600002	47429000.0
2014-05-13	0.0	-0.002841	0.017717	-0.0053490000000000005	0.0	48525000.0
2014-05-12	0.045248000000000003	0.012928	0.046471	0.012928	2.59	48575000.0
2014-05-09	0.008457	0.001586	0.01568	-0.006695	0.480004	52584000.0
2014-05-08	-0.010978	-0.002788	0.024916999999999998	-0.015508000000000001	-0.630001	61251000.0
2014-05-07	-0.019477	0.0041	0.013156000000000001	-0.038784	-1.14	78587000.0
2014-05-06	-0.04394	-0.00392	-0.001143	-0.044593	-2.6900020000000002	55901000.0
2014-05-05	0.01257	-0.013066999999999999	0.014719999999999999	-0.021171000000000002	0.7600020000000001	46057000.0
2014-05-02	-0.011284	0.0024530000000000003	0.012101	-0.015863	-0.6900029999999999	54189000.0
2014-05-01	0.022917	0.010873	0.041819999999999996	0.007193000000000001	1.370003	82429000.0
2014-04-30	0.028031	-0.009802	0.029235	-0.017025	1.629997	76093000.0
2014-04-29	0.035802999999999995	-0.000891	0.038119	-0.005344	2.0100029999999998	75557000.0
2014-04-28	-0.027205	0.0058920000000000005	0.010397	-0.05285	-1.57	107758000.0
2014-04-25	-0.051914	-0.014786	-0.014128	-0.054214	-3.16	92502000.0
2014-04-24	-0.007986	0.036506	0.037321	-0.025913	-0.49000200000000005	138769000.0
2014-04-23	-0.026494999999999998	0.006664	0.007139	-0.028082	-1.6699979999999999	95908700.0
2014-04-22	0.029229	0.023024	0.035924	0.016003	1.789997	60631000.0
2014-04-21	0.039023	0.008823000000000001	0.039023	0.003563	2.300003	60364000.0
2014-04-17	-0.013061000000000001	-0.007033	0.014400999999999999	-0.016745	-0.7800020000000001	88040000.0
2014-04-16	0.010662	0.011845999999999999	0.018616	-0.022846	0.630001	78774000.0
2014-04-15	0.003396	0.006792	0.013415	-0.051112	0.200001	108623000.0
2014-04-14	0.006151	0.026652999999999996	0.032804	-0.012813999999999999	0.36	72325000.0
2014-04-11	-0.010648999999999999	-0.026369	0.019438999999999998	-0.031271	-0.630001	91452000.0
2014-04-10	-0.052075	0.010735	0.012338	-0.059766	-3.25	114988000.0
2014-04-09	0.072521	0.024746999999999998	0.07338	0.017185	4.220001	100215000.0
2014-04-08	0.021773	0.012818000000000001	0.030904	0.003863	1.239998	78836000.0
2014-04-07	0.0035240000000000002	-0.014978	0.022026	-0.023084	0.200001	108488000.0
2014-04-04	-0.046058	0.007564	0.011935	-0.053286	-2.740002	125214400.0
2014-04-03	-0.051499	-0.00271	0.007175	-0.057239	-3.2299990000000003	83859000.0
2014-04-02	0.0015970000000000001	0.009422	0.0206	-0.006547	0.100002	66277000.0
2014-04-01	0.039508999999999996	0.0036520000000000003	0.040173	0.0	2.379997	59291000.0
2014-03-31	0.003833	0.012831	0.025162999999999998	-0.002333	0.230004	53011000.0
2014-03-28	-0.015745	0.006069	0.016073	-0.026733999999999997	-0.960003	67052000.0
2014-03-27	0.009604000000000001	0.001987	0.025004	-0.039907	0.580002	112650000.0
2014-03-26	-0.069348	-0.0023120000000000003	0.000925	-0.069656	-4.5	97503900.0
2014-03-25	0.012325	0.012325	0.032605	-0.004992	0.7900010000000001	68786000.0
2014-03-24	-0.046698	-0.0007440000000000001	0.0017850000000000001	-0.057704	-3.14	85696000.0
2014-03-21	0.004032	0.008362	0.014185	-0.011796	0.269997	59999900.0
2014-03-20	-0.018611000000000003	-0.00337	-0.000146	-0.020809	-1.269997	44439000.0
2014-03-19	-0.013730000000000001	-0.00028900000000000003	0.0014449999999999999	-0.024859	-0.9500040000000001	43981000.0
2014-03-18	0.006546	0.000291	0.012511	-0.0064010000000000004	0.450004	40827000.0
2014-03-17	0.015062	0.006793	0.018163	-0.016243	1.019997	52197000.0
2014-03-14	-0.016127000000000002	-0.00494	0.008717	-0.019903999999999998	-1.110001	48227000.0
2014-03-13	-0.028922000000000003	0.005784	0.006631000000000001	-0.038516	-2.049995	57091000.0
2014-03-12	0.011127	-0.0034240000000000004	0.017832	-0.015691999999999998	0.779999	46340500.0
2014-03-11	-0.026794	0.006525	0.007774	-0.028738	-1.9300009999999999	59408300.0
2014-03-10	0.031948000000000004	0.013897	0.033668000000000003	0.010172	2.229996	59871600.0
2014-03-07	-0.014681	0.0033880000000000004	0.0048	-0.019339	-1.039993	38927000.0
2014-03-06	-0.0102	0.004331000000000001	0.004471	-0.018443	-0.730004	46026500.0
2014-03-05	0.040262	0.012936000000000001	0.046076	0.011918999999999999	2.769997	74567700.0
2014-03-04	0.02062	0.018543	0.022104	0.0031149999999999997	1.389999	42013500.0
2014-03-03	-0.015337	-0.021911	-0.005989	-0.028484	-1.049995	56824100.0
2014-02-28	-0.006963	0.0076879999999999995	0.013635	-0.022628	-0.48000299999999996	66783700.0
2014-02-27	-0.00462	0.001155	0.010829	-0.005631000000000001	-0.32	41653700.0
2014-02-26	-0.008447	0.004868	0.019614	-0.014315999999999999	-0.589996	55322700.0
2014-02-25	-0.013138999999999998	0.002402	0.0031079999999999997	-0.018791	-0.930001	52077000.0
2014-02-24	0.031929	0.002187	0.041551	-0.000729	2.190003	76620300.0
2014-02-21	-0.014936000000000001	0.0008619999999999999	0.004739	-0.016947	-1.040001	70932400.0
2014-02-20	0.023068	-0.004849	0.030121	-0.034234	1.569999	130928900.0
2014-02-19	0.011293000000000001	-0.003715	0.026449	-0.004458	0.759995	62087100.0
2014-02-18	0.00313	-0.002236	0.006706999999999999	-0.015203	0.21000700000000003	43809900.0
2014-02-14	-0.003565	0.002525	0.003713	-0.009059999999999999	-0.240006	36694900.0
2014-02-13	0.044686000000000003	-0.004189	0.044686000000000003	-0.006206000000000001	2.880005	61911700.0
2014-02-12	-0.006168	0.0010789999999999999	0.0032380000000000004	-0.012336	-0.400001	47282100.0
2014-02-11	0.020456000000000002	0.003147	0.022817	-0.003147	1.299999	45675600.0
2014-02-10	-0.011970999999999999	-0.00031099999999999997	0.002643	-0.013215000000000001	-0.770001	43666100.0
2014-02-07	0.034749	0.0017699999999999999	0.038771	0.000965	2.16	60704300.0
2014-02-06	-0.000482	-0.011738	0.009487	-0.011738	-0.029999	42086500.0
2014-02-05	-0.008924	-0.00015900000000000002	0.006534000000000001	-0.023586000000000003	-0.560001	51685100.0
2014-02-04	0.020657	0.009271	0.027001	0.005529999999999999	1.27	45985500.0
2014-02-03	-0.017419999999999998	0.007352	0.019178999999999998	-0.029887	-1.09	74866600.0
2014-01-31	0.024394	-0.009987000000000001	0.037492000000000004	-0.014899	1.489998	87794600.0
2014-01-30	0.141042	0.160471	0.16757	0.12946	7.550003	150178900.0
2014-01-29	-0.029198	-0.009612	-0.0034460000000000003	-0.035365	-1.61	92995600.0
2014-01-28	0.029692000000000003	0.008777	0.032306	0.008403	1.59	48191200.0
2014-01-27	-0.016529	0.005142	0.008999	-0.04775	-0.9000020000000001	73924100.0
2014-01-24	-0.038495	-0.008476000000000001	-0.003708	-0.039377999999999996	-2.18	55200700.0
2014-01-23	-0.015302000000000001	-0.019823	-0.014431999999999999	-0.031647	-0.8799969999999999	47951800.0
2014-01-22	-0.017091	0.005811	0.013673	-0.024097999999999998	-1.0	61352900.0
2014-01-21	0.039254000000000004	0.0053289999999999995	0.040497000000000005	0.0035520000000000005	2.2099990000000003	48669200.0
2014-01-17	-0.015562000000000001	0.001923	0.011016	-0.019584	-0.89	40849200.0
2014-01-16	-0.007118000000000001	-0.005903	0.007292	-0.013368000000000001	-0.409999	34541800.0
2014-01-15	-0.002425	0.004157	0.014375	-0.008140000000000001	-0.140004	33663400.0
2014-01-14	0.032731	0.009837	0.033447000000000005	0.0033979999999999995	1.8300020000000001	37503600.0
2014-01-13	-0.035036000000000005	-0.000518	0.00535	-0.044183999999999994	-2.029999	63010900.0
2014-01-10	0.012583	-0.001573	0.018874000000000002	-0.002796	0.7199979999999999	42449500.0
2014-01-09	-0.017345	0.007213	0.012536	-0.027134	-1.0099989999999999	92253300.0
2014-01-08	0.005352	-0.005525	0.008459999999999999	-0.011913	0.310002	56682400.0
2014-01-07	0.012587000000000001	0.008741	0.023601	0.00035	0.719997	77207400.0
2014-01-06	0.048387	-0.002566	0.049487	-0.009348	2.64	68852600.0
2014-01-03	-0.002742	0.005666	0.017182	-0.00329	-0.149998	38246200.0
2014-01-02	0.001098	0.0032939999999999996	0.01043	-0.008417000000000001	0.059997	43195500.0
2013-12-31	0.017501	0.007634	0.021411000000000003	0.0037240000000000003	0.940003	43076200.0
2013-12-30	-0.031205	-0.009198999999999999	-0.00469	-0.036255	-1.73	68307000.0
2013-12-27	-0.039667	-0.004331000000000001	-0.000866	-0.042959	-2.2900009999999997	60466000.0
2013-12-26	-0.003968	0.006211	0.007245999999999999	-0.010179	-0.22999899999999998	55101000.0
2013-12-24	0.0032890000000000003	0.008655	0.014021	-0.014887000000000001	0.189999	46617800.0
2013-12-23	0.048076999999999995	0.006894	0.058054999999999995	0.005987	2.650001	98297000.0
2013-12-20	0.0012720000000000001	-0.00218	0.0018170000000000003	-0.014896000000000001	0.07	239824000.0
2013-12-19	-0.009358	-0.022313999999999997	-0.0068379999999999995	-0.029151999999999997	-0.520001	89753200.0
2013-12-18	0.012941999999999999	0.0	0.018775	-0.020233	0.7099989999999999	76003000.0
2013-12-17	0.019513	0.017655	0.02546	0.007991	1.05	78751000.0
2013-12-16	0.00919	-0.0013130000000000001	0.022131	-0.007689	0.490001	85119000.0
2013-12-13	0.028748000000000003	-0.00328	0.032221	-0.009454	1.489998	82641000.0
2013-12-12	0.049615	0.033819	0.054475	0.025921	2.450001	92723000.0
2013-12-11	-0.017313	0.0059700000000000005	0.010348	-0.024677	-0.869999	65776000.0
2013-12-10	0.02887	-0.0040950000000000005	0.039517000000000004	-0.006142	1.41	68479000.0
2013-12-09	0.018772999999999998	0.003129	0.021485	-0.0041719999999999995	0.900001	36056000.0
2013-12-06	-0.008275	0.01324	0.021721	-0.013033000000000001	-0.400001	42938000.0
2013-12-05	-0.005759	-0.009667	0.001645	-0.015425999999999999	-0.279999	43855000.0
2013-12-04	0.040445	-0.005778	0.043655	-0.010058	1.8899990000000002	60890000.0
2013-12-03	-0.007012000000000001	-0.006587000000000001	0.002975	-0.016362	-0.33000100000000004	32086000.0
2013-12-02	0.001064	-0.00234	0.011274	-0.015954	0.050003	50774000.0
2013-11-29	0.011184999999999999	0.005593	0.015487	0.000215	0.519996	22953900.0
2013-11-27	0.013075	0.001743	0.016996999999999998	-0.007845	0.600003	44993000.0
2013-11-26	0.023873	-0.0035700000000000003	0.030119999999999997	-0.028336	1.069999	82016000.0
2013-11-25	-0.0305	0.0028120000000000003	0.009085	-0.047372000000000004	-1.41	82565000.0
2013-11-22	-0.010064	0.007281	0.012206	-0.015846000000000002	-0.470001	40545000.0
2013-11-21	0.005815	0.012061	0.022184	0.0056	0.27000100000000005	34886000.0
2013-11-20	0.00151	0.005393	0.025669	-0.0010789999999999999	0.069999	53933000.0
2013-11-19	0.011564	0.009382	0.025529	-0.0024	0.529999	75602000.0
2013-11-18	-0.064885	-0.011018	-0.003469	-0.065497	-3.179996	85910000.0
2013-11-15	0.000408	0.002449	0.010001999999999999	-0.005716	0.019996	42453000.0
2013-11-14	0.005748	-0.000205	0.017656	-0.01396	0.280003	75117000.0
2013-11-13	0.045055	-0.008153	0.045698	-0.0118	2.099998	79245000.0
2013-11-12	0.008874	-0.0043289999999999995	0.025325	-0.008009	0.41	68196000.0
2013-11-11	-0.027982	-0.010309	0.0	-0.037870999999999995	-1.329998	80910000.0
2013-11-08	-0.0006309999999999999	0.005257	0.022918	-0.006518	-0.030001999999999997	70731000.0
2013-11-07	-0.031758999999999996	0.002443	0.015269	-0.037052	-1.559998	97128000.0
2013-11-06	-0.019757	0.002993	0.006784999999999999	-0.027939	-0.990002	67889000.0
2013-11-05	0.039195	-0.008917	0.040647	-0.014724000000000001	1.89	76835000.0
2013-11-04	-0.030754000000000004	-0.007638	0.0	-0.034774	-1.5299989999999999	80371000.0
2013-11-01	-0.009162	0.012745999999999999	0.037443000000000004	-0.009759	-0.459999	95033000.0
2013-10-31	0.024485	-0.037747	0.06100800000000001	-0.051213999999999996	1.200001	248809000.0
2013-10-30	-0.007895000000000001	0.012145999999999999	0.016397	-0.013158000000000001	-0.390004	127073000.0
2013-10-29	-0.016524	0.009954000000000001	0.011149	-0.01951	-0.8299979999999999	102143000.0
2013-10-28	-0.033109	-0.007892	-0.0048119999999999994	-0.045043	-1.720001	73472000.0
2013-10-25	-0.009533	0.013918	0.015062	-0.010867	-0.5	45085000.0
2013-10-24	0.010597	0.009249	0.018112	-0.005973	0.549999	46775000.0
2013-10-23	-0.014806	-0.017654	-0.008162	-0.029423	-0.779998	57207000.0
2013-10-22	-0.021727	0.008914	0.016899	-0.030641	-1.1699979999999999	83204000.0
2013-10-21	-0.006823999999999999	0.008484	0.010882	-0.013094999999999999	-0.370003	58235000.0
2013-10-18	0.038498000000000004	0.037732	0.050182	0.026623	2.010002	88260000.0
2013-10-17	0.020923	-0.000391	0.021119	-0.003715	1.07	71522000.0
2013-10-16	0.033131	0.010909	0.035151999999999996	0.008081	1.6399990000000002	64678000.0
2013-10-15	-0.000202	0.009695	0.030095	-0.006665000000000001	-0.009998	81167000.0
2013-10-14	0.008145	-0.01629	0.010588	-0.024435	0.399997	68781000.0
2013-10-11	0.0012230000000000001	0.00265	0.016718	-0.005301	0.060002	58428000.0
2013-10-10	0.048749	0.023518999999999998	0.062219000000000003	0.022664	2.279999	99774000.0
2013-10-09	-0.007849	0.005091	0.014849000000000001	-0.039881	-0.36999899999999997	147297000.0
2013-10-08	-0.06690399999999999	0.001583	0.001583	-0.068092	-3.380001	136081000.0
2013-10-07	-0.010188	-0.006074	0.004898	-0.012539	-0.520001	57204000.0
2013-10-04	0.03782	0.011997	0.040260000000000004	0.00793	1.8600009999999998	74447000.0
2013-10-03	-0.021877	0.003779	0.008751	-0.024263999999999997	-1.099999	82045000.0
2013-10-02	-0.002777	-0.005752	0.013487	-0.009322	-0.139999	62834000.0
2013-10-01	0.003783	-0.005176	0.015927	-0.015529	0.189998	98114000.0
2013-09-30	-0.019711000000000003	-0.021468	0.007026	-0.028102999999999996	-1.010002	100095000.0
2013-09-27	0.016868	-0.001984	0.017662	-0.010518000000000001	0.8500030000000001	81410500.0
2013-09-26	0.018803	0.01112	0.023049	0.0008089999999999999	0.93	98220100.0
2013-09-25	0.020846	0.016099000000000002	0.022497	0.000206	1.009998	87879700.0
2013-09-24	0.026701	0.027972000000000004	0.05234199999999999	0.020555	1.260002	136716100.0
2013-09-23	-0.0063170000000000006	-0.004422	0.001263	-0.025268000000000002	-0.300003	75177000.0
2013-09-20	0.03284	0.0073950000000000005	0.035233	-0.005220000000000001	1.510002	115508400.0
2013-09-19	0.016582	0.0061909999999999995	0.01813	0.0	0.75	63972400.0
2013-09-18	0.00355	-0.005103	0.008875	-0.014865999999999999	0.16	79317000.0
2013-09-17	0.060221000000000004	-0.00023500000000000002	0.068925	-0.001882	2.560002	91934600.0
2013-09-16	-0.040623	0.012187	0.014218000000000001	-0.042428	-1.8000029999999998	70424200.0
2013-09-13	-0.009831999999999999	0.00648	0.0073739999999999995	-0.018324	-0.439999	52765300.0
2013-09-12	-0.006439	0.010879	0.012877000000000001	-0.008659	-0.290001	68072300.0
2013-09-11	0.033027999999999995	-0.004816	0.034174	-0.011238	1.4400030000000001	72328300.0
2013-09-10	-0.009991	0.004541	0.004995	-0.018392	-0.440003	54540300.0
2013-09-09	0.002048	0.009329	0.019112999999999998	-0.005688	0.09	75794700.0
2013-09-06	0.030239	0.01008	0.04571	-0.006095000000000001	1.290001	117535700.0
2013-09-05	0.021063	0.000239	0.023696000000000002	-0.000239	0.880001	50035400.0
2013-09-04	-0.00215	0.0033439999999999998	0.007165	-0.01027	-0.09	42581900.0
2013-09-03	0.014047	0.013319999999999999	0.02107	0.005328	0.5799979999999999	48774900.0
2013-08-30	0.000242	0.017925999999999997	0.02374	-0.0053289999999999995	0.010001999999999999	67735100.0
2013-08-29	0.018002	0.008385	0.030333	0.0061649999999999995	0.73	58303400.0
2013-08-28	0.022956999999999998	0.008073	0.030525	0.006055	0.91	57918200.0
2013-08-27	-0.041122000000000006	-0.015965	-0.003387	-0.046444	-1.7000009999999999	72695100.0
2013-08-26	0.019482	0.008631	0.034279000000000004	0.001726	0.7900010000000001	94162400.0
2013-08-23	0.051881	0.011673000000000001	0.053956	0.009857	2.0	86442300.0
2013-08-22	0.006002	0.0013050000000000002	0.011221	0.000522	0.22999899999999998	21931200.0
2013-08-21	-0.002343	-0.000781	0.011455	-0.006769	-0.09	46116900.0
2013-08-20	0.015869	0.014282	0.020365	-0.0031739999999999997	0.599999	57995200.0
2013-08-19	0.019687	0.009439	0.032362	0.0016179999999999999	0.729999	57609600.0
2013-08-16	0.014223	0.011214	0.025438	0.0093	0.520001	45840800.0
2013-08-15	-0.002456	-0.007913	0.01146	-0.01719	-0.090001	56521100.0
2013-08-14	-0.009995	-0.005132	0.014316999999999998	-0.010805	-0.369998	48423900.0
2013-08-13	-0.031397	0.000523	0.002616	-0.037938	-1.200001	65379200.0
2013-08-12	-0.007273000000000001	-0.007792	0.0	-0.01039	-0.279999	31161000.0
2013-08-09	-0.001038	0.001297	0.005189	-0.013752	-0.040001	43532300.0
2013-08-08	-0.008490000000000001	0.006689	0.008232999999999999	-0.01132	-0.329998	41301000.0
2013-08-07	0.008301000000000001	0.001556	0.010117000000000001	-0.022049000000000003	0.32	68854800.0
2013-08-06	-0.016331000000000002	-0.002041	0.001531	-0.031896	-0.64	63950800.0
2013-08-05	0.029961	0.009987000000000001	0.033377	0.005256	1.14	79994800.0
2013-08-02	0.014937	0.004534000000000001	0.026674	0.000267	0.5599970000000001	73058500.0
2013-08-01	0.01875	0.013587	0.040489	0.003261	0.6900029999999999	106066500.0
2013-07-31	-0.022057	0.00877	0.018071	-0.034547	-0.830002	154828700.0
2013-07-30	0.062094	0.006209	0.071408	-0.003105	2.200001	173582800.0
2013-07-29	0.041752	0.0017640000000000002	0.047633	0.0	1.420002	124718800.0
2013-07-26	-0.010186	-0.017171000000000002	0.010768000000000002	-0.023283	-0.350003	136028900.0
2013-07-25	0.296115	0.265183	0.31573	0.23538299999999998	7.850001	365457900.0
2013-07-24	0.014543	0.007271	0.015308	-0.003062	0.38000100000000003	82635600.0
2013-07-23	0.003071	0.0019190000000000001	0.009597	-0.003071	0.08	28221600.0
2013-07-22	0.006569	0.00425	0.00966	-0.006182	0.17	27526300.0
2013-07-19	-0.011459	-0.013751	-0.0026739999999999997	-0.022154	-0.300001	46539700.0
2013-07-18	-0.017636000000000002	0.003752	0.004503	-0.019887000000000002	-0.47	24806900.0
2013-07-17	0.012537999999999999	0.0019	0.017477	-0.0007599999999999999	0.33	21518500.0
2013-07-16	0.0015220000000000001	0.004186	0.017884	-0.010274	0.039999	30817600.0
2013-07-15	0.014280000000000001	0.000772	0.020069	-0.010034999999999999	0.370001	24234000.0
2013-07-12	0.003875	-0.002712	0.004649	-0.010074	0.10000099999999999	16537900.0
2013-07-11	0.000388	0.006202	0.007751999999999999	-0.013566	0.01	26777400.0
2013-07-10	0.012559	0.003925	0.013736000000000002	-0.000393	0.319999	26721800.0
2013-07-09	0.031162	0.014569	0.031566000000000004	0.01295	0.770001	30387900.0
2013-07-08	0.013951	0.004103	0.027493	0.002052	0.339998	27064600.0
2013-07-05	-0.006117	0.005302	0.00571	-0.013050999999999998	-0.149999	20229500.0
2013-07-03	0.0045060000000000005	-0.007784	0.01229	-0.010651	0.11	10404400.0
2013-07-02	-0.016122	-0.0044340000000000004	-0.0016120000000000002	-0.020556	-0.399999	18394100.0
2013-07-01	-0.002814	0.003617	0.007234999999999999	-0.01045	-0.07	20582200.0
2013-06-28	0.008921	0.000811	0.012976	-0.009732	0.21999899999999997	96778900.0
2013-06-27	0.020694999999999998	0.003311	0.028145999999999997	0.002069	0.5	34694100.0
2013-06-26	-0.003711	0.010722	0.016495	-0.010722	-0.09	29890300.0
2013-06-25	0.012949	0.008354	0.020468	0.004177	0.30999899999999997	24713200.0
2013-06-24	-0.024052	-0.023645	-0.017122	-0.046881	-0.59	40626000.0
2013-06-21	0.02636	0.02887	0.033473	0.0062759999999999995	0.630001	45833900.0
2013-06-20	-0.016865	-0.001234	0.0181	-0.027149	-0.409999	42765600.0
2013-06-19	0.004131	-0.000413	0.040479	-0.004543999999999999	0.1	31790600.0
2013-06-18	0.007909999999999999	0.002914	0.027893	0.0024980000000000002	0.189999	36709100.0
2013-06-17	0.016503999999999998	0.011849	0.026238	0.005078	0.39000100000000004	33664500.0
2013-06-14	-0.004214	-0.007164	0.006742000000000001	-0.019806	-0.10000099999999999	30677100.0
2013-06-13	-0.0016829999999999998	-0.002104	0.0025239999999999998	-0.021034999999999998	-0.04	31189300.0
2013-06-12	-0.01082	0.00541	0.009571	-0.018727	-0.26000100000000004	26445800.0
2013-06-11	-0.012329999999999999	-0.012329999999999999	0.000822	-0.013563999999999998	-0.29999899999999996	29885900.0
2013-06-10	0.044654	0.033061	0.056247000000000005	0.030056	1.039999	58393000.0
2013-06-07	0.013931	0.002612	0.01872	-0.004789	0.320002	38699200.0
2013-06-06	0.003057	0.0039299999999999995	0.008297	-0.010043999999999999	0.069999	31260700.0
2013-06-05	-0.026361000000000002	-0.007228	0.008078	-0.031037000000000002	-0.62	53819700.0
2013-06-04	-0.013836000000000001	0.0016769999999999999	0.0033539999999999998	-0.022222	-0.33	34760800.0
2013-06-03	-0.020534	-0.003285	-0.001232	-0.026282999999999997	-0.5	35733800.0
2013-05-31	-0.008147	0.003259	0.016293000000000002	-0.011405	-0.199999	35925000.0
2013-05-30	0.052744000000000006	0.034733999999999994	0.06260700000000001	0.026157999999999997	1.229999	60733200.0
2013-05-29	-0.032365	-0.012863	-0.012033	-0.034855000000000004	-0.78	64237800.0
2013-05-28	-0.008638	0.009461	0.009461	-0.016043	-0.209999	50079700.0
2013-05-24	-0.029927999999999996	-0.0035909999999999996	-0.0035909999999999996	-0.039106	-0.75	58727900.0
2013-05-23	-0.003975	-0.014308000000000001	0.014706	-0.015501	-0.10000099999999999	37663100.0
2013-05-22	-0.019486	-0.00039	0.007405	-0.028839	-0.5	45314500.0
2013-05-21	-0.003882	0.00427	0.012422	-0.006599	-0.1	26261300.0
2013-05-20	-0.018667	-0.002667	-0.002286	-0.021333	-0.49	42402900.0
2013-05-17	0.004592000000000001	0.010333	0.017987	0.002679	0.120001	29462700.0
2013-05-16	-0.017669	-0.004511	-0.0018800000000000002	-0.026316000000000003	-0.470001	35499100.0
2013-05-15	-0.017362	-0.005541	-0.002955	-0.024751	-0.47	30299800.0
2013-05-14	0.009321	0.0026100000000000003	0.017151	0.0	0.25	24930300.0
2013-05-13	0.005247	-0.002999	0.024363	-0.005622	0.14	29068800.0
2013-05-10	-0.013314	0.003698	0.009615	-0.017381999999999998	-0.360001	30847100.0
2013-05-09	-0.00295	-0.001475	0.015855	-0.009956	-0.08	33457200.0
2013-05-08	0.008553	-0.00037200000000000004	0.015247	-0.008925	0.230002	34654900.0
2013-05-07	-0.024665	-0.000725	0.010156	-0.026115	-0.680001	41259100.0
2013-05-06	-0.026139	0.0007059999999999999	0.005298	-0.029318	-0.739999	43939400.0
2013-05-03	-0.022782	0.002416	0.003452	-0.028305	-0.66	58506400.0
2013-05-02	0.056143	0.021144999999999997	0.057966	0.020051	1.539999	104257000.0
2013-05-01	-0.012243	0.002881	0.0054020000000000006	-0.016565	-0.34	64567600.0
2013-04-30	0.029281	0.00556	0.032246	0.001112	0.79	36245700.0
2013-04-29	0.004842	0.011545999999999999	0.020857	0.00037200000000000004	0.13	29201100.0
2013-04-26	0.027161	0.017598	0.056617999999999995	0.017598	0.710001	33018000.0
2013-04-25	0.001149	-0.001532	0.011106999999999999	-0.004213000000000001	0.029998	17150000.0
2013-04-24	0.005004	-0.001925	0.016166	-0.006928	0.130001	19729900.0
2013-04-23	0.00038500000000000003	0.009626000000000001	0.013862000000000001	-0.007701	0.010001000000000001	25191500.0
2013-04-22	0.009328	0.003109	0.024485	-0.001166	0.239999	25687600.0
2013-04-19	0.001557	-0.002725	0.01051	-0.014013	0.039999	20380900.0
2013-04-18	-0.035298	0.007135	0.007135	-0.055576	-0.939998	39059000.0
2013-04-17	-0.010773	-0.010029999999999999	0.010401	-0.019688	-0.290001	26440600.0
2013-04-16	0.015083000000000001	0.010935	0.022247	-0.004525	0.4	27365900.0
2013-04-15	-0.032117	-0.008759000000000001	0.00292	-0.037956000000000004	-0.88	30275400.0
2013-04-12	-0.022127	-0.000714	-0.000714	-0.027837	-0.62	28697400.0
2013-04-11	0.016322	-0.003264	0.019224	-0.011607	0.45	33368500.0
2013-04-10	0.036856	0.015795	0.04701	0.011659000000000001	0.98	45949400.0
2013-04-09	-0.009683	-0.010056	0.00149	-0.016015	-0.26	21311100.0
2013-04-08	-0.019715	-0.0073019999999999995	-0.0069370000000000005	-0.027747000000000004	-0.539999	27256000.0
2013-04-05	0.011821	-0.007758	0.026967	-0.016993	0.319999	64566600.0
2013-04-04	0.031238	0.014094999999999998	0.037333	-0.005333	0.82	82016800.0
2013-04-03	0.032651	0.016128999999999998	0.038159	0.011015	0.83	48195200.0
2013-04-02	-0.004309	0.009401000000000001	0.02311	-0.009009	-0.110001	35153300.0
2013-04-01	-0.001955	0.001955	0.012119	-0.011728	-0.049999	22249300.0
2013-03-28	-0.019548	0.0	0.003066	-0.021847	-0.51	28585700.0
2013-03-27	0.034907	-0.008329999999999999	0.042444	-0.019437	0.880001	52297400.0
2013-03-26	0.0031829999999999996	-0.00199	0.013928	-0.003979	0.08	26957200.0
2013-03-25	-0.023319	0.0007769999999999999	0.002721	-0.025262	-0.600001	39199000.0
2013-03-22	-0.000389	0.0023309999999999997	0.010490000000000001	-0.004274	-0.01	18456300.0
2013-03-21	-0.00464	-0.007734	0.009667	-0.011601	-0.120001	24336100.0
2013-03-20	-0.025988999999999998	0.004896	0.005273	-0.029001999999999997	-0.689998	44006500.0
2013-03-19	0.0022649999999999997	0.00151	0.015478	-0.01057	0.059999000000000004	25254200.0
2013-03-18	-0.006004	-0.010506999999999999	0.005253	-0.032645	-0.16	26653700.0
2013-03-15	-0.014422999999999998	-0.00037	0.00074	-0.017752	-0.39000100000000004	31597400.0
2013-03-14	-0.001477	0.000739	0.012925	-0.009231999999999999	-0.039999	27646400.0
2013-03-13	-0.026949	-0.007546	-0.006468000000000001	-0.032699	-0.75	39619500.0
2013-03-12	-0.011016	-0.0014210000000000002	0.006397	-0.019190000000000002	-0.30999899999999997	27569600.0
2013-03-11	0.006437999999999999	0.0017879999999999999	0.024319999999999998	-0.004649	0.18	35642100.0
2013-03-08	-0.021694	-0.005248	-0.003849	-0.029741000000000004	-0.620001	44198900.0
2013-03-07	0.041166	0.004372	0.044808999999999995	0.000729	1.129999	74540200.0
2013-03-06	-0.0025440000000000003	0.021075999999999998	0.022165999999999998	-0.006177	-0.069999	33532600.0
2013-03-05	-0.007215000000000001	0.005772	0.016595	-0.018397999999999998	-0.199999	40622200.0
2013-03-04	-0.00216	-0.00072	0.010079000000000001	-0.012239	-0.060002	32400700.0
2013-03-01	0.01945	-0.007339	0.031927	-0.016146999999999998	0.530001	54064800.0
2013-02-28	0.014141999999999998	-0.001117	0.016003	-0.019725	0.379999	83027800.0
2013-02-27	-0.018985	-0.001825	-0.001825	-0.027747000000000004	-0.519998	44319700.0
2013-02-26	0.0044	0.0033	0.006967	-0.020902	0.119999	31611700.0
2013-02-25	0.0051600000000000005	0.001106	0.018798	0.000737	0.140001	34652000.0
2013-02-22	-0.005499	0.012463	0.012830000000000001	-0.016862000000000002	-0.150002	36350200.0
2013-02-21	-0.041462	-0.006325	0.0031620000000000003	-0.046029	-1.1799979999999999	49642300.0
2013-02-20	-0.016246	-0.000346	0.004148	-0.02074	-0.470001	42098200.0
2013-02-19	0.02154	-0.0031780000000000003	0.026836000000000002	-0.007062000000000001	0.61	49396400.0
2013-02-15	-0.0063159999999999996	0.0007019999999999999	0.008772	-0.014386000000000001	-0.18	33109300.0
2013-02-14	0.021138999999999998	0.003941	0.025797000000000004	0.003583	0.59	35615800.0
2013-02-13	0.01973	-0.000365	0.034709	-0.0021920000000000004	0.539999	50164000.0
2013-02-12	-0.031493	-0.020878	-0.003539	-0.041047	-0.889999	93498700.0
2013-02-11	-0.010158	0.002102	0.004553	-0.017863	-0.28999899999999995	37361800.0
2013-02-08	-0.00349	0.008376999999999999	0.01815	-0.004887	-0.10000099999999999	37708800.0
2013-02-07	-0.013769	0.002065	0.003442	-0.02685	-0.399999	34540100.0
2013-02-06	0.014315999999999999	0.0034920000000000003	0.022696	0.000698	0.41	38375900.0
2013-02-05	0.018854	0.005336	0.030238	-0.00249	0.529998	47948200.0
2013-02-04	-0.05449	-0.022536	-0.017827000000000003	-0.057853999999999996	-1.619999	92362200.0
2013-02-01	-0.040349	0.000968	0.001291	-0.043577	-1.25	85856700.0
2013-01-31	-0.008323	-0.066901	0.0073620000000000005	-0.080026	-0.26	190744900.0
2013-01-30	0.014615000000000001	0.006171	0.022735	0.0029230000000000003	0.449999	87682100.0
2013-01-29	-0.051739999999999994	-0.014475	-0.012319	-0.054203999999999995	-1.68	72976500.0
2013-01-28	0.029486000000000002	0.01078	0.030755	0.00856	0.93	59682500.0
2013-01-25	0.014801	0.010618	0.027349000000000002	0.001609	0.46000100000000005	54363600.0
2013-01-24	0.008436	0.014601	0.021738999999999998	-0.000324	0.26	43845100.0
2013-01-23	0.0029289999999999997	0.01204	0.025057	0.002278	0.09	48899800.0
2013-01-22	0.036076	0.003034	0.04147	0.0026969999999999997	1.07	55243300.0
2013-01-18	-0.015926	0.00564	0.009954000000000001	-0.028865	-0.47999899999999995	49631500.0
2013-01-17	0.009715000000000001	0.007705	0.019094999999999997	0.00603	0.28999899999999995	40256700.0
2013-01-16	-0.008306000000000001	0.003654	0.008306000000000001	-0.018937	-0.25	75332700.0
2013-01-15	-0.027464	-0.010015999999999999	0.024556	-0.034572000000000006	-0.850001	173242600.0
2013-01-14	-0.024275	0.011349	0.015447999999999998	-0.034678	-0.769998	98892800.0
2013-01-11	0.013419	-0.0006389999999999999	0.021086	-0.00639	0.42	89598000.0
2013-01-10	0.023209999999999998	0.000327	0.028114	-0.010134	0.7099989999999999	95316400.0
2013-01-09	0.05265	0.020991	0.052994000000000006	0.014797	1.530001	104787700.0
2013-01-08	-0.012237	0.003059	0.006118	-0.019035	-0.360001	45871300.0
2013-01-07	0.022949	-0.002434	0.035814	-0.003825	0.66	83781800.0
2013-01-04	0.03565	0.008642	0.041772000000000004	0.0021609999999999997	0.99	72715400.0
2013-01-03	-0.008214	-0.004286	0.016786000000000002	-0.014643000000000002	-0.23	63140600.0
2013-01-02	0.051841	0.030804	0.058602999999999995	0.030052999999999996	1.379999	69846400.0
2012-12-31	0.027402999999999997	0.011193	0.041683	0.007719	0.710001	60374500.0
2012-12-28	-0.005374	-0.021881	0.002303	-0.034549	-0.139999	56574800.0
2012-12-27	-0.017352	0.001509	0.010939	-0.037344	-0.46000100000000005	43481700.0
2012-12-26	-0.015596	0.003713	0.009283	-0.020423	-0.42	33175400.0
2012-12-24	0.025514	0.009139	0.026656	-0.002285	0.67	28230100.0
2012-12-21	-0.040205	-0.025585	-0.012792	-0.045322	-1.100001	54555200.0
2012-12-20	-0.0018239999999999999	0.002919	0.006931999999999999	-0.010215	-0.049999	35574800.0
2012-12-19	-0.010826	0.004331000000000001	0.018405	-0.027426999999999997	-0.29999899999999996	61390300.0
2012-12-18	0.035887999999999996	0.00785	0.043364	0.005607	0.9599989999999999	60512900.0
2012-12-17	-0.002238	-0.001492	0.007087	-0.018277	-0.059999000000000004	57742500.0
2012-12-14	-0.050637	-0.002125	0.003187	-0.052408	-1.430001	91631600.0
2012-12-13	0.02393	0.000363	0.042422	-0.005439	0.66	81051600.0
2012-12-12	-0.014296000000000001	0.000715	0.005718	-0.021800999999999997	-0.4	46704200.0
2012-12-11	0.005029	0.008261	0.014368	-0.0064659999999999995	0.14	77099100.0
2012-12-10	0.012731999999999999	-0.011641	0.024736	-0.014187	0.35	50608500.0
2012-12-07	0.019281	0.003708	0.030032999999999997	-0.0048200000000000005	0.520001	51751900.0
2012-12-06	-0.026705	-0.001083	0.001444	-0.032118	-0.74	46001500.0
2012-12-05	0.009104000000000001	0.010561	0.016023	-0.0072829999999999995	0.25	58976300.0
2012-12-04	0.015531999999999999	0.00074	0.026626999999999998	-0.013314	0.419998	72869200.0
2012-12-03	-0.034286000000000004	0.0	0.031429	-0.036429	-0.9599989999999999	123526100.0
2012-11-30	0.02489	-0.002196	0.02489	-0.020498	0.68	127049600.0
2012-11-29	0.036419	0.005311	0.044006	-0.007587000000000001	0.9599989999999999	88759700.0
2012-11-28	0.008031	-0.008031	0.013002000000000001	-0.015296	0.21000100000000002	49205600.0
2012-11-27	0.008095999999999999	0.003855	0.021588	-0.018504	0.209999	85760600.0
2012-11-26	0.080833	0.039167	0.08708300000000001	0.03375	1.9400009999999999	123865000.0
2012-11-23	-0.013158000000000001	0.010690999999999999	0.014803	-0.018092	-0.32	29520900.0
2012-11-21	0.052814	0.005195	0.061904999999999995	-0.002165	1.22	89862400.0
2012-11-20	0.007853	-0.00829	0.042756999999999996	-0.009599	0.18	46655300.0
2012-11-19	-0.027164999999999998	0.016978	0.023769	-0.031409	-0.639999	85021300.0
2012-11-16	0.062697	0.0036079999999999997	0.079387	0.00045099999999999996	1.389999	107182200.0
2012-11-15	-0.008497	-0.0008939999999999999	0.006261	-0.031752999999999997	-0.190001	78857700.0
2012-11-14	0.125881	0.012085	0.13293	0.003525	2.5	229751000.0
2012-11-13	-0.010463	-0.02292	0.001993	-0.025411000000000003	-0.209999	71775100.0
2012-11-12	0.044768	-0.003123	0.049974	-0.017699	0.860001	67349200.0
2012-11-09	-0.03902	-0.001501	0.0005	-0.043022000000000005	-0.780001	42295500.0
2012-11-08	-0.023449	0.002443	0.012702	-0.023937	-0.47999899999999995	34254600.0
2012-11-07	-0.033066000000000005	-0.015116	-0.010392	-0.037788999999999996	-0.700001	33396800.0
2012-11-06	-0.0037649999999999997	-0.000471	0.005647	-0.012235	-0.08	29062700.0
2012-11-05	0.0033049999999999998	-0.0037770000000000004	0.014163999999999998	-0.012276	0.07	31806700.0
2012-11-02	-0.0014140000000000001	0.002357	0.022631000000000002	-0.006601	-0.029999	38344400.0
2012-11-01	0.004737	-0.0014210000000000002	0.015632	-0.004737	0.099998	37713900.0
2012-10-31	-0.03783	-0.051048	-0.020055	-0.05515	-0.83	99378200.0
2012-10-26	-0.027482	-0.007092	0.014184	-0.030142000000000002	-0.6199979999999999	73175800.0
2012-10-25	-0.028842000000000003	0.002583	0.0034439999999999996	-0.032716	-0.6700010000000001	76142000.0
2012-10-24	0.19128199999999998	0.237436	0.24359	0.171795	3.73	228949900.0
2012-10-23	0.009317	-0.0036229999999999995	0.024845	-0.011387000000000001	0.18	78381200.0
2012-10-22	0.016842	0.010526	0.022632	0.0026320000000000002	0.32	32447300.0
2012-10-19	0.0010539999999999998	0.0010539999999999998	0.004215	-0.009484000000000001	0.02	34835000.0
2012-10-18	-0.045272	-0.009054000000000001	-0.004527000000000001	-0.049799	-0.899999	52157400.0
2012-10-17	0.020534	0.001027	0.051335000000000006	-0.005647	0.399999	44074500.0
2012-10-16	-0.002049	0.008197	0.008709	-0.011271	-0.04	21834700.0
2012-10-15	0.0	0.008197	0.018443	-0.001537	0.0	20189700.0
2012-10-12	-0.011646	0.0	0.002532	-0.013671	-0.23	18809400.0
2012-10-11	0.005601	0.01222	0.016293000000000002	-0.001527	0.110001	21817300.0
2012-10-10	-0.029164999999999996	-0.014828999999999998	-0.014334999999999999	-0.038557	-0.590001	39321800.0
2012-10-09	-0.008333	-0.00049	0.007353	-0.021078	-0.17	27161800.0
2012-10-08	-0.024390000000000002	-0.024390000000000002	-0.007652	-0.035868000000000004	-0.51	32236700.0
2012-10-05	-0.04738	-0.020957	-0.014579	-0.048747000000000006	-1.040001	40529300.0
2012-10-04	0.005497	0.022446	0.026111000000000002	-0.01924	0.120001	46892100.0
2012-10-03	-0.019758	0.001347	0.009879	-0.021105000000000002	-0.44	32000100.0
2012-10-02	0.012733	0.004093	0.022738	-0.007731	0.28	29341400.0
2012-10-01	0.015235	0.019391	0.042936	0.003232	0.33	51262700.0
2012-09-28	0.065945	0.012303	0.080217	0.008858	1.34	65486000.0
2012-09-27	-0.014549000000000001	0.017943999999999998	0.018429	-0.022308	-0.300001	30215900.0
2012-09-26	0.016765000000000002	-0.006409999999999999	0.024655	-0.023669	0.34	38271900.0
2012-09-25	-0.024531	0.019721000000000002	0.020202	-0.027417	-0.51	46291700.0
2012-09-24	-0.09055099999999999	-0.047244	-0.038495	-0.10936099999999999	-2.07	79106500.0
2012-09-21	0.011951999999999999	0.016822	0.028774	0.000443	0.27000100000000005	51218100.0
2012-09-20	-0.030056	-0.011593000000000001	-0.002147	-0.032202999999999996	-0.700001	57248900.0
2012-09-19	0.064929	0.005487	0.068587	-0.004573	1.42	78782800.0
2012-09-18	0.016263999999999997	0.0037170000000000003	0.021375	-0.0069700000000000005	0.350001	36760500.0
2012-09-17	-0.021818	0.030455	0.034091	-0.022727	-0.48	50667600.0
2012-09-14	0.062289	0.02028	0.066152	0.009174	1.290001	72819800.0
2012-09-13	-0.010511	0.001433	0.026277999999999996	-0.015288999999999999	-0.22000100000000003	65041600.0
2012-09-12	0.0772	0.068451	0.089038	0.043747	1.5	121584000.0
2012-09-11	0.032961000000000004	0.005848	0.040936	0.002127	0.620001	50508200.0
2012-09-10	-0.008957	0.004215	0.011590999999999999	-0.022655	-0.17000099999999999	24797800.0
2012-09-07	0.0010550000000000002	0.007384	0.024262	-0.009493999999999999	0.020000999999999998	36371700.0
2012-09-06	0.020452	0.008611	0.036598	0.007534999999999999	0.379999	46066500.0
2012-09-05	0.047941000000000004	0.030456999999999998	0.05753	0.025381	0.85	60781800.0
