2017-09-01	-0.002119	0.001916	0.003353	-0.004450	-1.989990	915900.000000
2016-09-01	0.002255	0.002868	0.005176	-0.003585	1.730041	925100.0
2016-08-31	-0.002653	-0.002705	0.0	-0.004824	-2.040039	1248600.0
2016-08-30	-0.003963	-0.0036520000000000003	0.002999	-0.006876999999999999	-3.059997	1130000.0
2016-08-29	0.003392	-0.0010400000000000001	0.007081999999999999	-0.0038009999999999997	2.610046	847600.0
2016-08-26	0.000169	-0.000533	0.008669	-0.004627	0.13000499999999998	1166700.0
2016-08-25	-0.000299	-0.00343	0.0029230000000000003	-0.008387	-0.230042	926900.0
2016-08-24	-0.00316	-0.001943	0.003134	-0.006489	-2.4400020000000002	1072000.0
2016-08-23	-9.1e-05	0.004313	0.005556	-0.00047300000000000006	-0.070007	928200.0
2016-08-22	-0.004217	-0.002773	-0.001135	-0.006925	-3.269959	951400.0
2016-08-19	-0.002675	-0.003215	-0.000515	-0.005621	-2.080017	861500.0
2016-08-18	-0.00309	0.000128	0.003783	-0.0037310000000000004	-2.409973	719400.0
2016-08-17	0.003564	0.00023199999999999997	0.004722	-0.004645000000000001	2.7699580000000004	924200.0
2016-08-16	-0.006774	-0.002735	-0.001866	-0.011497	-5.299987000000001	1028000.0
2016-08-15	-0.0009960000000000001	0.000677	0.005452	-0.003971	-0.7799689999999999	938200.0
2016-08-12	-0.002077	-0.004268	-0.001854	-0.0056700000000000006	-1.630005	740500.0
2016-08-11	0.000217	0.000408	0.006461	-0.002179	0.169983	975100.0
2016-08-10	0.000536	-0.00065	0.003254	-0.0018899999999999998	0.419983	786400.0
2016-08-09	0.003198	-0.0008439999999999999	0.009184000000000001	-0.0015220000000000001	2.5	1318900.0
2016-08-08	-0.000588	-0.000281	0.000524	-0.005279	-0.45996099999999995	1107900.0
2016-08-05	0.01375	0.0028120000000000003	0.014813	0.0009460000000000001	10.609986	1801200.0
2016-08-04	-0.002031	-0.001242	0.001151	-0.005671	-1.570008	1140300.0
2016-08-03	0.002736	-0.005045	0.002775	-0.0055119999999999995	2.109986	1287400.0
2016-08-02	-0.0023420000000000003	-0.0054210000000000005	0.0038299999999999996	-0.006508	-1.809998	1784500.0
2016-08-01	0.00532	-0.010015999999999999	0.015141	-0.010015999999999999	4.090027	2700500.0
2016-07-29	0.030674	0.035929	0.043759	0.027966	22.880005	3841500.0
2016-07-28	0.005581	0.007104999999999999	0.009275	-0.0033299999999999996	4.139953	3530200.0
2016-07-27	0.004536999999999999	-0.00018999999999999998	0.00818	-0.001923	3.3500370000000004	1512500.0
2016-07-26	-0.001825	-0.000987	0.002595	-0.007435	-1.3500370000000002	1186700.0
2016-07-25	-0.003999	-0.002787	-0.000175	-0.007055	-2.96997	1032400.0
2016-07-22	0.005564	0.004372999999999999	0.006241	-0.002802	4.109985	1259800.0
2016-07-21	-0.003454	-0.00112	0.000675	-0.0072299999999999994	-2.559997	1026300.0
2016-07-20	0.0057399999999999994	0.000502	0.007015	0.00018999999999999998	4.22998	1289700.0
2016-07-19	0.004334	-0.005301	0.004375	-0.006514	3.179993	1227500.0
2016-07-18	0.019351	0.003973	0.022616	0.0018620000000000002	13.930053	1295500.0
2016-07-15	-0.001526	0.00663	0.006644	-0.002629	-1.100036	1279300.0
2016-07-14	0.005536999999999999	0.006416	0.007295	0.001465	3.970032	950200.0
2016-07-13	-0.005079	0.004135	0.0046630000000000005	-0.005259000000000001	-3.6600349999999997	935900.0
2016-07-12	0.007761	0.0056359999999999995	0.010978	0.001147	5.549988	1336900.0
2016-07-11	0.013406	0.00343	0.015419	0.002282	9.460022	1111800.0
2016-07-08	0.014769	0.005954	0.014884	0.001546	10.27002	1575200.0
2016-07-07	-0.003454	0.00044400000000000006	0.000616	-0.013694	-2.4100349999999997	1304200.0
2016-07-06	0.004058	-0.0071519999999999995	0.009684	-0.008431999999999999	2.820008	1411900.0
2016-07-05	-0.006093	-0.0045049999999999995	-0.003247	-0.014774	-4.26001	1462600.0
2016-07-01	0.010273000000000001	0.000145	0.012354	4.3e-05	7.1100460000000005	1344700.0
2016-06-30	0.011679	0.0019879999999999997	0.012001000000000001	-0.000672	7.989991000000001	1597700.0
2016-06-29	0.005985	0.004353	0.010865999999999999	0.002015	4.070007	1932600.0
2016-06-28	0.017628	0.016027	0.018062	0.007093	11.779967999999998	2173800.0
2016-06-27	-0.010308	-0.00625	-0.004324000000000001	-0.017677000000000002	-6.959961	2629000.0
2016-06-24	-0.03797	-0.038041000000000005	-0.017766999999999998	-0.040492	-26.650024	4449000.0
2016-06-23	0.006323	-1.4000000000000001e-05	0.006437999999999999	-0.014997	4.409973	2171400.0
2016-06-22	0.002184	0.004483	0.00707	-0.004107	1.5200200000000001	1184300.0
2016-06-21	0.003215	0.006761	0.013059999999999999	-0.002451	2.22998	1465600.0
2016-06-20	0.002877	0.010192	0.015555000000000001	0.002443	1.9900509999999998	2082500.0
2016-06-17	-0.02624	-0.002407	-0.002168	-0.030841000000000004	-18.640014	3402400.0
2016-06-16	-0.011907	-0.0055780000000000005	-0.003157	-0.021783	-8.559998	1982500.0
2016-06-15	0.0009050000000000001	0.001016	0.0065569999999999995	-0.0013369999999999999	0.649963	1214500.0
2016-06-14	-0.000125	-0.002617	0.005721	-0.007294	-0.089965	1306100.0
2016-06-13	-0.00146	-0.004031	0.008381999999999999	-0.004031	-1.049988	1258900.0
2016-06-10	-0.012586	-0.012504000000000001	-0.003692	-0.016676	-9.170044	1216400.0
2016-06-09	0.000412	-0.007429000000000001	0.00173	-0.008162	0.29998800000000003	988900.0
2016-06-08	0.016228	0.0102	0.016633000000000002	0.005484	11.630005	1583700.0
2016-06-07	0.00014	0.004591	0.0075780000000000005	0.0	0.100036	1336200.0
2016-06-06	-0.008015999999999999	0.003558	0.003558	-0.010701	-5.790039	1565300.0
2016-06-03	-0.011035	-0.001547	-0.0012460000000000001	-0.013472	-8.059997000000001	1226300.0
2016-06-02	-0.005108	-0.002248	-0.001539	-0.013594	-3.75	1341800.0
2016-06-01	-0.002134	-0.0016170000000000002	0.002025	-0.006878	-1.569947	1253600.0
2016-05-31	0.004177	-0.001256	0.00965	-0.001911	3.0599979999999998	2129500.0
2016-05-27	0.011793999999999999	-0.000152	0.013556	-0.000166	8.539978	1974000.0
2016-05-26	-0.001586	-0.0033090000000000003	0.004219	-0.00688	-1.150025	1576300.0
2016-05-25	0.007194	0.00093	0.010304	-0.000535	5.179993	1629200.0
2016-05-24	0.022507	0.00372	0.023756	0.00372	15.850037	1929500.0
2016-05-23	-0.007749	-0.004523	0.002449	-0.007834	-5.5	1330700.0
2016-05-20	0.013451	0.0018559999999999998	0.020362	0.000286	9.419983	1828400.0
2016-05-19	-0.00893	-0.006043	-0.000892	-0.013911000000000001	-6.309998	1670200.0
2016-05-18	0.000566	-0.003625	0.0076040000000000005	-0.007929	0.400025	1766800.0
2016-05-17	-0.01432	-0.000698	0.00702	-0.017279	-10.260010000000001	2001200.0
2016-05-16	0.007962	-0.002392	0.010762	-0.007287	5.659973	1317100.0
2016-05-13	-0.0034770000000000005	-0.001935	0.004699	-0.005678	-2.479981	1314500.0
2016-05-12	-0.002768	0.002475	0.005536	-0.008794	-1.9799799999999999	1360700.0
2016-05-11	-0.01091	0.00031800000000000003	0.0017980000000000001	-0.014353	-7.890014999999999	1692100.0
2016-05-10	0.014419999999999999	0.0054	0.014869	0.003956	10.279969	1569600.0
2016-05-09	0.002503	0.0012369999999999998	0.010673	-0.001575	1.780029	1510300.0
2016-05-06	0.013815000000000001	-0.0043479999999999994	0.01487	-0.004737	9.690002	1826100.0
2016-05-05	0.008236	0.002875	0.009516	2.8999999999999997e-05	5.7299809999999995	1683500.0
2016-05-04	0.004824	-0.0027010000000000003	0.010674	-0.004838	3.3400269999999996	1693500.0
2016-05-03	-0.008379000000000001	-0.0019190000000000001	-0.00053	-0.008893999999999999	-5.850037	1543800.0
2016-05-02	0.007504	0.006667	0.011009999999999999	-0.0029	5.200012	1645300.0
2016-04-29	0.00288	-0.000463	0.009551	-0.0029230000000000003	1.9899900000000001	2487700.0
2016-04-28	-0.020996	0.0034289999999999998	0.011801	-0.023079	-14.820007	2867300.0
2016-04-27	-0.0032479999999999996	-0.0012	0.001186	-0.022277	-2.299988	3098600.0
2016-04-26	-0.020756	0.003139	0.003617	-0.027828	-15.010009	2744600.0
2016-04-25	0.006094	-0.003715	0.0071790000000000005	-0.004424	4.3800040000000005	1959200.0
2016-04-22	-0.053179	-0.04326	-0.030324	-0.059976	-40.369995	5951900.0
2016-04-21	0.008596	0.0036009999999999996	0.010337	-0.004145	6.470032	3060500.0
2016-04-20	-0.0016710000000000002	0.005398	0.005573	-0.0051990000000000005	-1.26001	1529200.0
2016-04-19	-0.01654	0.003783	0.004292	-0.022541	-12.679992	2030500.0
2016-04-18	0.010026	0.001924	0.011923999999999999	-0.00224	7.609985000000001	1556000.0
2016-04-15	0.0077	0.001036	0.010356	-0.000672	5.799988	1809300.0
2016-04-14	0.0019690000000000003	0.003046	0.007436	0.00131	1.480041	1135300.0
2016-04-13	0.011614	0.008169	0.015193	0.001576	8.629944	1707100.0
2016-04-12	0.009496	0.002581	0.010501	-0.006915	6.990050999999999	1353000.0
2016-04-11	-0.0041259999999999995	0.005236	0.007914000000000001	-0.004194	-3.050048	1220100.0
2016-04-08	-0.001526	0.004985	0.006984000000000001	-0.00639	-1.130005	1290800.0
2016-04-07	-0.007254999999999999	-0.000429	0.001757	-0.012619	-5.409973	1453200.0
2016-04-06	0.010694	-0.002751	0.011439	-0.003036	7.890014	1053700.0
2016-04-05	-0.01005	-0.009781	-0.003341	-0.013309999999999999	-7.48999	1132300.0
2016-04-04	-0.006161	0.0002	0.003854	-0.009975	-4.619994999999999	1134200.0
2016-04-01	0.006658	-0.008524	0.007234999999999999	-0.010672	4.959961	1576700.0
2016-03-31	-0.007435	-0.0017059999999999998	0.000426	-0.012778	-5.580017	1718800.0
2016-03-30	0.007734	0.007156999999999999	0.017603	0.00533	5.760008999999999	1782400.0
2016-03-29	0.015323	0.0014449999999999999	0.018704	-0.006503	11.239991	1903800.0
2016-03-28	-0.002407	0.002026	0.005018	-0.0038079999999999998	-1.769959	1301300.0
2016-03-24	-0.00374	-0.008197	-0.000424	-0.009566	-2.76001	1594900.0
2016-03-23	-0.003631	0.002173	0.0067090000000000006	-0.00621	-2.6900020000000002	1432100.0
2016-03-22	-0.0018059999999999999	-0.006239	0.003921	-0.006239	-1.340027	1269700.0
2016-03-21	0.0060869999999999995	-0.001491	0.0066430000000000005	-0.005536999999999999	4.490051	1836500.0
2016-03-18	-0.000244	0.005529999999999999	0.00572	-0.008065000000000001	-0.180053	2980700.0
2016-03-17	0.0022960000000000003	0.000489	0.009483	-0.000122	1.690002	1860800.0
2016-03-16	0.010655	-0.002691	0.012549	-0.0052450000000000005	7.76001	1624400.0
2016-03-15	-0.002957	-0.004887	0.002464	-0.00783	-2.159973	1721000.0
2016-03-14	0.0050490000000000005	-1.4000000000000001e-05	0.011942	-0.002298	3.669983	1718300.0
2016-03-11	0.01964	0.010073	0.019781	0.006039	14.0	1970800.0
2016-03-10	0.010748	0.004084	0.015881	-0.002666	7.580017	2833500.0
2016-03-09	0.01624	0.006484	0.016874	4.3e-05	11.270019	1421500.0
2016-03-08	-0.0017120000000000002	-0.009451000000000001	0.012414	-0.014126	-1.190002	2076300.0
2016-03-07	-0.022127	-0.005613	-0.0039369999999999995	-0.033746	-15.730042000000001	2985100.0
2016-03-04	-0.002148	0.003607	0.005713	-0.008983	-1.529968	1972100.0
2016-03-03	-0.008945	-0.000236	0.0008349999999999999	-0.017848	-6.429993	1958000.0
2016-03-02	5.6000000000000006e-05	0.000264	0.001656	-0.009474	0.039978	1629000.0
2016-03-01	0.030152999999999996	0.008384	0.030152999999999996	0.002866	21.039978	2151400.0
2016-02-29	-0.010354	-0.006737000000000001	0.008255	-0.010481	-7.299987	2481100.0
2016-02-26	-0.000964	0.0040100000000000005	0.010882	-0.006929	-0.6799930000000001	2243500.0
2016-02-25	0.008848	0.000643	0.009177	-0.012828999999999998	6.190002	1642200.0
2016-02-24	0.005332	-0.009959	0.005964	-0.021657	3.710022	1963600.0
2016-02-23	-0.015019	-0.007092	0.002746	-0.018231999999999998	-10.610046	2009300.0
2016-02-22	0.007918000000000001	0.009331	0.017591	0.002283	5.550049	1949800.0
2016-02-19	0.005104999999999999	-0.003327	0.008218000000000001	-0.004732	3.559997	1589300.0
2016-02-18	-0.015599000000000002	0.002259	0.005576	-0.017462000000000002	-11.050048	1883200.0
2016-02-17	0.025181	0.010261	0.027135000000000003	0.00055	17.400024	2492600.0
2016-02-16	0.012603	0.015503999999999999	0.02286	0.0038829999999999997	8.599976	2520000.0
2016-02-12	-0.001039	0.010467	0.015576	-0.006601999999999999	-0.709961	2141400.0
2016-02-11	-0.0014759999999999999	-0.013331	0.007645	-0.022294	-1.01001	3024000.0
2016-02-10	0.008863	0.012903999999999999	0.034213	0.005928	6.01001	2638000.0
2016-02-09	-0.006781999999999999	-0.015262000000000001	0.025134	-0.020462	-4.630005000000001	3608900.0
2016-02-08	-0.001214	-0.022997	0.0006730000000000001	-0.030004000000000003	-0.830017	4247400.0
2016-02-05	-0.034519	-0.005847	-0.005678	-0.03935	-24.440003	5105700.0
2016-02-04	-0.026054	-0.005695	6.9e-05	-0.034513999999999996	-18.940002	5168700.0
2016-02-03	-0.049304	0.0072840000000000005	0.012882	-0.057739	-37.700012	6171000.0
2016-02-02	0.016822	0.043218	0.050358999999999994	0.016822	12.650024	6348100.0
2016-02-01	0.012181	0.010108	0.020069	0.00043099999999999996	9.049988	5139200.0
2016-01-29	0.016403	0.00078	0.019194	-0.005691	11.989989999999999	3474300.0
2016-01-28	0.044244	0.031758	0.048144	0.017657	30.970032	2676400.0
2016-01-27	-0.018302000000000002	0.000884	0.007286	-0.026156	-13.049988	2194200.0
2016-01-26	0.001925	0.0030629999999999998	0.009288	-0.007293000000000001	1.369995	1331700.0
2016-01-25	-0.018725	-0.002303	0.006108	-0.021013	-13.580017000000002	1711700.0
2016-01-22	0.026407999999999997	0.024073	0.030483999999999997	0.01915	18.659973	2011800.0
2016-01-21	0.011654000000000001	0.00534	0.029693999999999998	-0.005713	8.140015	2412200.0
2016-01-20	-0.004759	-0.018781	0.007209999999999999	-0.040652999999999995	-3.3399660000000004	3445000.0
2016-01-19	0.010569	0.012744	0.022363	-0.001498	7.339966	2268100.0
2016-01-15	-0.028361	-0.031383	-0.011165000000000001	-0.041065	-20.269959	3592400.0
2016-01-14	0.020212	0.00688	0.030497000000000003	-0.016358	14.159973	2225800.0
2016-01-13	-0.035134	0.0065829999999999994	0.011941	-0.03782	-25.510009	2501700.0
2016-01-12	0.014022	0.007891	0.017765	0.001797	10.039978	2024500.0
2016-01-11	0.002184	0.002995	0.006137	-0.015297999999999999	1.560058	2090600.0
2016-01-08	-0.01641	0.006966	0.009415999999999999	-0.018434	-11.920044	2450900.0
2016-01-07	-0.02317	-0.017899	-0.006885	-0.033027999999999995	-17.229979999999998	2963700.0
2016-01-06	0.0014	-0.016941	0.006195	-0.018394999999999998	1.039978	1947000.0
2016-01-05	0.000998	0.006214	0.013696000000000002	-0.004314	0.7399899999999999	1950700.0
2016-01-04	-0.022454	-0.020926	-0.019528999999999998	-0.036398	-17.039978	3272800.0
2015-12-31	-0.015719999999999998	-0.001946	-0.001946	-0.01642	-12.119995	1489600.0
2015-12-30	-0.0072109999999999995	0.0	0.001288	-0.012490000000000001	-5.599976	1293300.0
2015-12-29	0.018478	0.005482	0.022911	0.005141	14.089966	1765000.0
2015-12-28	0.018854	0.006039	0.019495	0.001497	14.109986	1515300.0
2015-12-24	-0.002546	-0.001013	0.0013859999999999999	-0.004918	-1.909974	527200.0
2015-12-23	0.000413	0.004627	0.005613	-0.008	0.309998	1565900.0
2015-12-22	0.002982	0.005189	0.009468	-0.002996	2.22998	1365400.0
2015-12-21	0.011443	0.009225	0.014459	0.000933	8.460022	1525700.0
2015-12-18	-0.013503999999999999	-0.003896	0.006271	-0.015050999999999998	-10.119995	3148700.0
2015-12-17	-0.011423	0.005712	0.006055	-0.011991	-8.660034	1553400.0
2015-12-16	0.019761	0.008878	0.023122999999999998	-0.005334	14.690002999999999	1993300.0
2015-12-15	-0.005843999999999999	0.006993999999999999	0.013788	-0.006365999999999999	-4.3699959999999995	2666200.0
2015-12-14	0.012045	0.003952000000000001	0.013345	-0.019895	8.900025	2412500.0
2015-12-11	-0.014130000000000002	-0.011075	-0.005004	-0.016959000000000002	-10.590027000000001	2224400.0
2015-12-10	-0.00286	0.00165	0.005640999999999999	-0.010351	-2.149963	1984900.0
2015-12-09	-0.014113999999999998	-0.004197	0.00244	-0.033277	-10.760010000000001	2700000.0
2015-12-08	-0.001153	-0.007023000000000001	0.002031	-0.011857	-0.8800049999999999	1829500.0
2015-12-07	-0.0046429999999999996	0.0012519999999999999	0.0025039999999999997	-0.015284	-3.559998	1812300.0
2015-12-04	0.018962	0.0007440000000000001	0.021195	-0.003375	14.27002	2757300.0
2015-12-03	-0.012907	0.004761	0.008676999999999999	-0.021971	-9.840027000000001	2590600.0
2015-12-02	-0.006075	0.002425	0.011623	-0.010534	-4.659973	2230400.0
2015-12-01	0.032911	0.006072999999999999	0.035483	0.005521	24.440002	2134600.0
2015-11-30	-0.010209999999999999	-0.0019329999999999998	0.006224	-0.011982	-7.660034	2097600.0
2015-11-27	0.00282	0.000414	0.007031	-0.0008820000000000001	2.109986	838500.0
2015-11-25	-0.000174	-0.00018700000000000002	0.004971	-0.002967	-0.13000499999999998	1122100.0
2015-11-24	-0.010185	-0.005265	-0.000927	-0.024273	-7.6999509999999995	2333100.0
2015-11-23	-0.000819	0.001123	0.008073	-0.006318	-0.619996	1414500.0
2015-11-20	0.024634	0.010997	0.026422	0.006215999999999999	18.190003	2212300.0
2015-11-19	-0.002149	-0.001703	0.002703	-0.0034729999999999995	-1.590027	1327100.0
2015-11-18	0.020267	0.003144	0.022211	0.002344	14.700012	1684300.0
2015-11-17	-0.005021	0.000453	0.003958	-0.008139	-3.6600339999999996	1510900.0
2015-11-16	0.016681	-0.001953	0.017419999999999998	-0.007908	11.960022	1905900.0
2015-11-13	-0.019459999999999998	-0.002817	-0.000109	-0.01983	-14.22998	2075500.0
2015-11-12	-0.0056700000000000006	-0.005983	0.0032630000000000003	-0.009184999999999999	-4.170044	1837200.0
2015-11-11	0.009720999999999999	0.005684000000000001	0.01741	0.0026219999999999998	7.080017	1366400.0
2015-11-10	0.004732	-0.000676	0.007863	-0.008815	3.429992	1608000.0
2015-11-09	-0.012088	-0.004852	0.001295	-0.019530000000000002	-8.869995	2069800.0
2015-11-06	0.003432	0.000342	0.0056890000000000005	-0.005797999999999999	2.51001	1511600.0
2015-11-05	0.004313	0.0018679999999999999	0.015616	0.0018679999999999999	3.140015	1861600.0
2015-11-04	0.008239	-0.00022200000000000003	0.015149000000000001	-0.00036	5.950012	1706700.0
2015-11-03	0.001456	-0.00312	0.004909	-0.008860999999999999	1.049988	1565400.0
2015-11-02	0.014490000000000001	0.000352	0.015208000000000001	-0.006978	10.299987	1886300.0
2015-10-30	-0.008523000000000001	-0.0016600000000000002	0.001506	-0.009583	-6.109985	1908800.0
2015-10-29	0.005568	-0.003436	0.007448000000000001	-0.004124	3.9699709999999997	1456000.0
2015-10-28	0.006295	-0.001637	0.006337	-0.0076359999999999996	4.460022	2178900.0
2015-10-27	-0.006019	-0.007576	0.001178	-0.011545999999999999	-4.290039	2245800.0
2015-10-26	0.015356	-0.000641	0.02443	-0.0010539999999999998	10.780028999999999	2716600.0
2015-10-23	0.077034	0.116157	0.119993	0.076267	50.210021999999995	6653900.0
2015-10-22	0.014284999999999999	0.006365	0.023638	0.002179	9.179993	4071000.0
2015-10-21	-0.011795	0.005951	0.008596	-0.013147999999999998	-7.670044	1791100.0
2015-10-20	-0.02375	-0.003093	-0.002072	-0.032885000000000005	-15.819947	2490000.0
2015-10-19	0.005889	-0.0015400000000000001	0.006977	-0.0039570000000000004	3.8999639999999998	1477300.0
2015-10-16	0.000695	0.0035810000000000004	0.004881	-0.006861	0.46002200000000004	1611100.0
2015-10-15	0.016248	0.005375	0.018383	0.005068	10.580017	1885700.0
2015-10-14	-0.001748	0.001395	0.010869	-0.005289	-1.140015	1415500.0
2015-10-13	0.008706	-0.005443	0.017230000000000002	-0.005443	5.630005000000001	1807700.0
2015-10-12	0.0047539999999999995	-0.002362	0.007598000000000001	-0.007147	3.0599979999999998	1275200.0
2015-10-09	0.006962	0.001314	0.010686	-0.006011	4.450012	1648700.0
2015-10-08	-0.004982	-0.001557	0.003254	-0.026154000000000004	-3.200012	2182100.0
2015-10-07	-0.004772	0.005887	0.008009	-0.020590999999999998	-3.080017	2092700.0
2015-10-06	0.006189	-0.0041	0.012128	-0.007701	3.9700309999999996	2166300.0
2015-10-05	0.023225	0.008119	0.025682	0.000144	14.559998	1803600.0
2015-10-02	0.025553	-0.006691	0.026256	-0.013349000000000001	15.619995000000001	2684800.0
2015-10-01	0.004717	-8.2e-05	0.006032	-0.014086000000000001	2.869995	1867600.0
2015-09-30	0.022606	0.013966999999999999	0.023178	0.009681	13.450012	2413400.0
2015-09-29	0.000134	0.004018	0.016995	-0.00785	0.079956	2309500.0
2015-09-28	-0.02791	-0.002663	0.004306	-0.036913999999999995	-17.079956	3127700.0
2015-09-25	-0.0221	0.006344	0.006344	-0.02365	-13.830017000000002	2174000.0
2015-09-24	0.005527000000000001	-0.009191	0.00797	-0.016004	3.440003	2240100.0
2015-09-23	-0.00053	-0.0010279999999999998	0.010020999999999999	-0.00432	-0.330017	1470900.0
2015-09-22	-0.020065	-0.013281999999999999	-0.012417000000000001	-0.03149	-12.75	2562900.0
2015-09-21	0.009837	0.008184	0.011506	-0.00526	6.190002	1788500.0
2015-09-18	-0.021232	-0.009504	-0.004511	-0.024701	-13.650023999999998	5133400.0
2015-09-17	0.010881	0.002846	0.023459999999999998	-0.001509	6.920044	2274700.0
2015-09-16	0.001322	0.0005200000000000001	0.004424	-0.0044399999999999995	0.839965	1286500.0
2015-09-15	0.019094	0.0055520000000000005	0.024806	0.000867	11.900025	2084400.0
2015-09-14	-0.004043	-0.00011200000000000001	0.000144	-0.010131999999999999	-2.53003	1702300.0
2015-09-11	0.007114	-0.002575	0.00713	-0.006325	4.420044	1373500.0
2015-09-10	0.014085	0.00062	0.018671	-0.002105	8.630005	1905300.0
2015-09-09	-0.003156	0.010673	0.019295	-0.008232	-1.940002	1702100.0
2015-09-08	0.023239	0.019627000000000002	0.025986000000000002	0.005693	13.959960999999998	2279500.0
2015-09-04	-0.009155	-0.010309	-0.004586	-0.018144	-5.549988	2089000.0
2015-09-03	-0.013169	0.00433	0.008741	-0.01875	-8.090027000000001	1759600.0
2015-09-02	0.027685	0.013047999999999999	0.027685	0.0032119999999999996	16.550048999999998	2575600.0
2015-09-01	-0.033093	-0.025702	-0.008718	-0.039062	-20.460022	3702100.0
2015-08-31	-0.019242	-0.0045049999999999995	0.008598	-0.020146999999999998	-12.130005	2176700.0
2015-08-28	-0.011339	-0.0075120000000000004	-0.001145	-0.020467	-7.22998	1978700.0
2015-08-27	0.014301	0.017149	0.023814	-0.010531	8.989989999999999	3491300.0
2015-08-26	0.079992	0.048603	0.085301	0.029189	46.559996999999996	4235900.0
2015-08-25	-0.012805	0.042910000000000004	0.047218	-0.014416	-7.549987	3538000.0
2015-08-24	-0.03734	-0.064459	-0.02147	-0.077439	-22.869995	5770300.0
2015-08-21	-0.05310499999999999	-0.010898999999999999	-0.010482	-0.053337	-34.350037	4265200.0
2015-08-20	-0.021289	-0.008231	0.0031620000000000003	-0.027236	-14.070007	2855300.0
2015-08-19	0.00727	0.0007160000000000001	0.016567	-0.002957	4.7700190000000005	2131600.0
2015-08-18	-0.0071719999999999996	0.001559	0.004736	-0.011212	-4.73999	1456100.0
2015-08-17	0.005707	-0.000487	0.006483	-0.008948000000000001	3.75	1051700.0
2015-08-14	0.001021	-0.002194	0.005187	-0.0057740000000000005	0.669983	1072100.0
2015-08-13	-0.004715	-0.000361	0.007490000000000001	-0.011976	-3.109986	1810700.0
2015-08-12	-0.001846	0.003481	0.006386	-0.012849000000000001	-1.2200309999999999	2936700.0
2015-08-11	0.042684	0.055970000000000006	0.064965	0.032411	27.050048999999998	5029200.0
2015-08-10	-0.002471	0.00658	0.012813	-0.006376	-1.570008	1809200.0
2015-08-07	-0.011483	-0.003812	0.0	-0.020181	-7.380005000000001	1403900.0
2015-08-06	-0.001709	0.001895	0.002484	-0.01791	-1.100036	1572600.0
2015-08-05	0.023091	0.008073	0.029575	0.006214	14.530029	2334300.0
2015-08-04	-0.003105	-0.00442	0.005703	-0.006416	-1.9600220000000002	1490900.0
2015-08-03	0.008951	-0.00043200000000000004	0.011902	-0.00043200000000000004	5.600037	1304500.0
2015-07-31	-0.011034	-0.001913	0.0005059999999999999	-0.011208	-6.980042	1706100.0
2015-07-30	0.001044	-0.003054	0.0052060000000000006	-0.015635	0.660034	1474200.0
2015-07-29	0.006258	0.001274	0.008535	-0.008519	3.929993	1575100.0
2015-07-28	0.00118	0.008879999999999999	0.008879999999999999	-0.006297	0.7399899999999999	1727300.0
2015-07-27	0.005934	-0.004105	0.017224	-0.004907	3.700012	2675400.0
2015-07-24	-0.03216	0.004222	0.006038	-0.033774	-20.720031	3625700.0
2015-07-23	-0.026913999999999997	-0.001254	0.002311	-0.031868	-17.819947	3029100.0
2015-07-22	-0.000302	-0.002129	0.024672	-0.004983	-0.200012	3929300.0
2015-07-21	-0.001086	-0.011779000000000001	0.015052000000000001	-0.013152	-0.720032	3377200.0
2015-07-20	-0.014727	-0.020344	-0.006018	-0.029602	-9.909972999999999	5860900.0
2015-07-17	0.160524	0.119255	0.163177	0.112357	93.080017	11164900.0
2015-07-16	0.035039999999999995	0.008747	0.036521	0.008532	19.630005	4768300.0
2015-07-15	-0.001568	-0.0017289999999999999	0.009629	-0.007681	-0.8800049999999999	1784600.0
2015-07-14	0.026622000000000003	0.000384	0.035311	0.000293	14.549988	3244100.0
2015-07-13	0.030974	0.005187	0.03203	0.004282	16.419983	2206500.0
2015-07-10	0.018149000000000002	0.010773999999999999	0.022816	0.009353	9.450012	1956700.0
2015-07-09	0.007449	0.01217	0.013428	0.006811	3.8499760000000003	1839400.0
2015-07-08	-0.015599000000000002	-0.007562	-0.004354	-0.016971	-8.190002999999999	1296700.0
2015-07-07	0.004131	0.000516	0.00635	-0.014688	2.1600349999999997	1597200.0
2015-07-06	-0.001032	-0.007451	0.003535	-0.008407	-0.540039	1280500.0
2015-07-02	0.002989	-0.001456	0.005385	-0.001456	1.5599969999999999	1235900.0
2015-07-01	0.002555	0.008107	0.009951999999999999	-0.004379999999999999	1.330017	1961000.0
2015-06-30	-0.0019370000000000001	0.008629000000000001	0.00907	-0.001956	-1.01001	2217200.0
2015-06-29	-0.019128	-0.012564	-0.0057929999999999995	-0.020971	-10.169982000000001	1937800.0
2015-06-26	-0.006614	0.003793	0.004727	-0.007248999999999999	-3.539978	2109100.0
2015-06-25	-0.0048530000000000005	0.0019149999999999998	0.0056890000000000005	-0.0048530000000000005	-2.6100470000000002	1335700.0
2015-06-24	-0.004884	-0.0008880000000000001	-0.0008880000000000001	-0.008918	-2.6399529999999998	1286600.0
2015-06-23	0.004255	0.002694	0.006148	-0.005463	2.289978	1197500.0
2015-06-22	0.0027949999999999997	0.005404	0.013136000000000002	0.001565	1.5	1250300.0
2015-06-19	-7.4e-05	0.0008939999999999999	0.002832	-0.0069310000000000005	-0.039978	1893500.0
2015-06-18	0.014113999999999998	0.003288	0.016797	0.002891	7.46997	1833100.0
2015-06-17	0.002102	0.00231	0.005358	-0.005775	1.1099860000000001	1294200.0
2015-06-16	0.001802	0.0022760000000000002	0.004628	-0.003111	0.9500120000000001	1071800.0
2015-06-15	-0.009637	-0.008134	-0.007571	-0.015648	-5.130005000000001	1632700.0
2015-06-12	-0.004265	-0.00563	-0.002787	-0.008324	-2.279968	955800.0
2015-06-11	-0.0038759999999999997	0.0032329999999999998	0.004267	-0.0068379999999999995	-2.080017	1217500.0
2015-06-10	0.018987	0.005069	0.022157	0.00505	10.0	1815000.0
2015-06-09	-0.000266	0.0013859999999999999	0.004499	-0.0072510000000000005	-0.140015	1455300.0
2015-06-08	-0.012188	-3.8e-05	0.0014810000000000001	-0.013294	-6.5	1520600.0
2015-06-05	-0.006279	-0.0006519999999999999	0.000932	-0.007788	-3.369995	1388200.0
2015-06-04	-0.006681	-0.004719	0.000518	-0.011086	-3.609986	1348300.0
2015-06-03	0.002096	0.001354	0.008012	-0.003839	1.130005	1714500.0
2015-06-02	0.009719	-0.0019850000000000002	0.016873	-0.004981	5.190003	1939000.0
2015-06-01	0.0035329999999999997	0.008795	0.008795	-0.004416	1.880005	1904300.0
2015-05-29	-0.014209999999999999	-0.004465	-0.002131	-0.015432	-7.670044	2597400.0
2015-05-28	-1.8e-05	-0.0032979999999999997	0.001519	-0.006558	-0.009949	1029800.0
2015-05-27	0.014033000000000002	0.0009019999999999999	0.015461	-0.001146	7.469971000000001	1525000.0
2015-05-26	-0.014422999999999998	-0.003684	-0.002055	-0.018941	-7.789978	2406500.0
2015-05-22	-0.004424	-0.00435	0.003097	-0.005529999999999999	-2.400025	1176200.0
2015-05-21	0.0060079999999999995	-0.002448	0.008473999999999999	-0.006101	3.23999	1462700.0
2015-05-20	0.003554	0.0021030000000000003	0.010347	-0.008166	1.910035	1430800.0
2015-05-19	0.009506	0.003156	0.015705	0.00139	5.059997	1966900.0
2015-05-18	-0.002903	-0.003447	0.0018170000000000003	-0.009366	-1.549988	2003400.0
2015-05-15	-0.008451	0.001449	0.001623	-0.014896000000000001	-4.550048	1971300.0
2015-05-14	0.016578	0.007836	0.017711	0.005268	8.780028999999999	1403900.0
2015-05-13	0.0010960000000000002	0.002873	0.009984	-0.000728	0.580017	1252300.0
2015-05-12	-0.012431999999999999	-0.007654	-0.00465	-0.019489	-6.660034	1634200.0
2015-05-11	-0.004682	0.000279	0.006986	-0.005239	-2.519959	905300.0
2015-05-08	0.014169999999999999	0.011212	0.019691	-0.010740999999999999	7.519959	1527600.0
2015-05-07	0.012361	-0.000439	0.017626	-0.004712	6.480041	1546300.0
2015-05-06	-0.012395999999999999	0.0008289999999999999	0.002977	-0.018302000000000002	-6.580017	1567000.0
2015-05-05	-0.018455000000000003	-0.004752	-0.001923	-0.019211000000000002	-9.980041	1383100.0
2015-05-04	0.005354	0.0011710000000000002	0.011470999999999999	-0.00528	2.880005	1308000.0
2015-05-01	0.001042	0.0020280000000000003	0.0040939999999999995	-0.009752	0.5599970000000001	1768200.0
2015-04-30	-0.021381	-0.002204	-0.000892	-0.025552000000000002	-11.739989999999999	2082200.0
2015-04-29	-0.008308	-0.005797999999999999	0.0	-0.012236	-4.599976	1698800.0
2015-04-28	-0.003043	-0.001314	0.00117	-0.009009999999999999	-1.690002	1491000.0
2015-04-27	-0.01445	-0.000218	0.004325	-0.018300999999999998	-8.142883	2398000.0
2015-04-24	0.033016000000000004	0.034918	0.044132	0.018739	18.010559	4932500.0
2015-04-23	0.014155000000000001	0.003031	0.021497	0.001604	7.6140740000000005	4184800.0
2015-04-22	0.010104	0.000805	0.013315	-0.004158	5.380249	1593500.0
2015-04-21	-0.002634	0.003979	0.007490000000000001	-0.0031850000000000003	-1.406128	1844700.0
2015-04-20	0.02162	0.0029579999999999997	0.022975	0.000859	11.298950999999999	1679200.0
2015-04-17	-0.018265	-0.009629	-0.007418999999999999	-0.02396	-9.723267	2151800.0
2015-04-16	0.002385	-0.004939	0.005746	-0.005483	1.2664799999999998	1299800.0
2015-04-15	0.004035	-0.003186	0.008183	-0.013518	2.134155	2318800.0
2015-04-14	-0.016284	-0.005416	-0.002968	-0.020546000000000002	-8.755982000000001	2604100.0
2015-04-13	-0.0015550000000000002	-0.002963	0.0075	-0.005	-0.8376459999999999	1645300.0
2015-04-10	-0.001424	0.002792	0.002792	-0.006417	-0.767944	1409400.0
2015-04-09	-0.001532	-0.0010710000000000001	0.000628	-0.0113	-0.8276979999999999	1557800.0
2015-04-08	0.008546999999999999	0.0025329999999999997	0.012718	0.0025329999999999997	4.577453	1178500.0
2015-04-07	0.000475	0.00245	0.011038	-0.001425	0.254273	1302800.0
2015-04-06	0.002306	-0.006181	0.005378	-0.011129	1.2316280000000002	1324400.0
2015-04-02	-0.012957	-0.003152	-0.003152	-0.016059	-7.010742	1716300.0
2015-04-01	-0.009927	0.0010949999999999998	0.00573	-0.015511000000000002	-5.42511	1963000.0
2015-03-31	-0.0073	-0.003677	0.004855	-0.009618999999999999	-4.018982	1588000.0
2015-03-30	0.006729000000000001	0.005982	0.009355	-0.00031	3.679871	1287500.0
2015-03-27	-0.012303	-0.003909	0.000198	-0.012681	-6.811278999999999	1897400.0
2015-03-26	-0.006469	-0.002139	0.000206	-0.014558000000000001	-3.6051029999999997	1572600.0
2015-03-25	-0.020002000000000002	0.000544	0.0036299999999999995	-0.020081	-11.373778999999999	2152200.0
2015-03-24	0.020365	0.006711	0.028239	0.004295	11.348877	2583200.0
2015-03-23	-0.0027660000000000002	0.000125	0.0035689999999999997	-0.008084000000000001	-1.545777	1643800.0
2015-03-20	0.004247	0.006559000000000001	0.006684999999999999	0.0019	2.363526	2616800.0
2015-03-19	-0.002699	-0.000197	0.0023239999999999997	-0.0059960000000000005	-1.50586	1197200.0
2015-03-18	0.015721000000000002	0.003014	0.01623	-0.006971	8.636292	2134500.0
2015-03-17	-0.006618000000000001	-0.00505	-0.00128	-0.01174	-3.6599730000000004	1805500.0
2015-03-16	0.013137000000000001	0.006631999999999999	0.017412	-0.002412	7.170288	1640900.0
2015-03-13	-0.014743000000000001	-0.003618	0.005202	-0.020324000000000002	-8.167542	1703500.0
2015-03-12	0.007856	0.004227000000000001	0.009415999999999999	-0.001306	4.318116000000001	1389600.0
2015-03-11	-0.006901000000000001	0.000234	0.005639	-0.007802	-3.819519	1820700.0
2015-03-10	-0.02433	-0.008086	-0.007031999999999999	-0.024822	-13.802063	1792300.0
2015-03-09	0.002052	-0.0014529999999999999	0.004554	-0.00731	1.161804	1062100.0
2015-03-06	-0.013288	-0.000782	0.002346	-0.014896000000000001	-7.624085000000001	1659100.0
2015-03-05	0.003418	0.002878	0.007918000000000001	7e-05	1.954651	1389600.0
2015-03-04	-0.000471	-0.0030859999999999998	0.0060490000000000006	-0.009815	-0.269287	1876800.0
2015-03-03	0.004026	-0.001558	0.007089	-0.008436	2.293701	1704700.0
2015-03-02	0.023173	0.003815	0.024624	0.000627	12.904602	2129600.0
2015-02-27	0.005257	-0.002232	0.016616	-0.004645000000000001	2.911988	2410100.0
2015-02-26	0.021347	-0.001214	0.022561	-0.004358	11.578186	2311500.0
2015-02-25	0.014513	-0.000354	0.018896	-0.0012029999999999999	7.758728	1825900.0
2015-02-24	0.007859	-0.0035909999999999996	0.009174	-0.006881	4.168579	1005000.0
2015-02-23	-0.013062	-0.005381	-0.004659	-0.017700999999999998	-7.020752000000001	1457800.0
2015-02-20	-0.007220999999999999	0.000479	0.001621	-0.013022999999999998	-3.909241	1444300.0
2015-02-19	0.005874	-0.003076	0.006318	-0.0031309999999999997	3.161316	989100.0
2015-02-18	-0.005784	-0.002653	0.004882	-0.009819	-3.131409	1453000.0
2015-02-17	-0.011238	-0.003971	0.0018030000000000001	-0.014426	-6.153137	1616800.0
2015-02-13	0.011198999999999999	0.0007740000000000001	0.012856	0.000368	6.0633550000000005	1900300.0
2015-02-12	0.012986000000000001	0.002388	0.016512	-0.00242	6.940979	1620200.0
2015-02-11	-0.001807	-0.003054	0.0028120000000000003	-0.006634	-0.967347	1377700.0
2015-02-10	0.017259	0.002785	0.018699	-0.0017239999999999998	9.085022	1749800.0
2015-02-09	-0.0059700000000000005	-0.00565	0.001883	-0.009379	-3.161316	1267700.0
2015-02-06	0.006481999999999999	0.00011399999999999999	0.018234	-0.002218	3.4106449999999997	1763500.0
2015-02-05	0.00922	0.00197	0.01098	-0.001282	4.806824	1849700.0
2015-02-04	-0.012244	0.0	0.0064849999999999994	-0.015059000000000001	-6.462281	1663600.0
2015-02-03	0.001438	-0.000908	0.009309999999999999	-0.009877	0.757935	2038600.0
2015-02-02	-0.0113	-0.005220000000000001	-0.002844	-0.029876999999999997	-6.023499	2849800.0
2015-01-30	0.046724	0.010183	0.057201	0.009517	23.794709	5606300.0
2015-01-29	0.001294	0.001961	0.002137	-0.017255	0.658172	4186300.0
2015-01-28	-0.016640000000000002	0.008002	0.008407	-0.016640000000000002	-8.606384	1683800.0
2015-01-27	-0.030978	-0.009791	-0.008427	-0.031800999999999996	-16.534607	1904000.0
2015-01-26	-0.008779	-0.00263	-0.001759	-0.019039	-4.72699	1543700.0
2015-01-23	0.010404	0.002246	0.014559	-0.002601	5.5448	2281700.0
2015-01-22	0.031561	0.006640000000000001	0.035306	0.003204	16.305176	2676900.0
2015-01-21	0.021977	0.0006900000000000001	0.024423	-0.001381	11.109528	2268700.0
2015-01-20	-0.002322	0.0057469999999999995	0.008699	-0.004062	-1.176758	2232000.0
2015-01-16	0.012535	-0.003547	0.012754000000000001	-0.0035670000000000003	6.272766000000001	2298200.0
2015-01-15	0.001837	0.009384	0.009603	-0.006209	0.91748	2715800.0
2015-01-14	0.009452	-0.003084	0.014209000000000001	-0.006409000000000001	4.677155	2215500.0
2015-01-13	0.007370000000000001	0.01277	0.021175	-0.000325	3.620056	2370400.0
2015-01-12	-0.0072959999999999995	-0.002479	-0.000391	-0.017353	-3.6100769999999995	2326700.0
2015-01-09	-0.012950999999999999	0.004138	0.004456	-0.015696	-6.492187	2071300.0
2015-01-08	0.003153	-0.006206000000000001	0.00475	-0.020156	1.575683	3353500.0
2015-01-07	-0.001713	0.010041	0.010527	-0.004602	-0.857635	2065000.0
2015-01-06	-0.023177	0.002199	0.0044859999999999995	-0.024947999999999998	-11.877381	2899900.0
2015-01-05	-0.020846	-0.0029530000000000003	-0.000915	-0.022389	-10.910095	2059800.0
2015-01-02	-0.00302	0.004958	0.009251	-0.004369	-1.585632	1447500.0
2014-12-31	-0.007579000000000001	0.001565	0.00411	-0.008709999999999999	-4.008972	1368200.0
2014-12-30	0.00016999999999999999	-0.004224	0.001546	-0.006034	0.08972100000000001	876200.0
2014-12-29	-0.006928	-0.003445	0.002715	-0.007526000000000001	-3.6898190000000004	2278500.0
2014-12-26	0.009948	0.0	0.010364	-0.002761	5.245544000000001	1040500.0
2014-12-24	-0.00343	-0.000151	0.002203	-0.0067280000000000005	-1.815002	705900.0
2014-12-23	0.010898	0.004058	0.018462	0.002705	5.704346	2197600.0
2014-12-22	0.0165	-0.000523	0.01958	-0.000523	8.496704	2723700.0
2014-12-19	0.010272	0.000802	0.012952000000000002	-0.008196	5.235595	3690200.0
2014-12-18	0.0123	0.015964	0.017786	-0.000376	6.1929940000000006	2926700.0
2014-12-17	0.019177	0.00325	0.023436000000000002	0.002866	9.473999000000001	2883100.0
2014-12-16	-0.035831	-0.00436	-0.00146	-0.048268	-18.35962	3964200.0
2014-12-15	-0.00937	0.007866	0.008561	-0.010392	-4.846679	2813400.0
2014-12-12	-0.018322	-0.009142	0.000303	-0.018322	-9.653504	1994500.0
2014-12-11	0.004334	0.0033079999999999997	0.014941	0.001977	2.273804	1610800.0
2014-12-10	-0.013705000000000002	-0.000544	0.00555	-0.014643000000000002	-7.290039	1712200.0
2014-12-09	0.012126000000000001	-0.009184000000000001	0.013682	-0.012296	6.372559	1871300.0
2014-12-08	0.003275	0.0035600000000000002	0.010928	-0.002799	1.715271	2329300.0
2014-12-05	-0.022427000000000002	-0.011744	-0.008226	-0.02425	-12.017028999999999	2565600.0
2014-12-04	0.011274	-0.000301	0.01133	-0.005138	5.973633	1392100.0
2014-12-03	-0.004553	-0.004328	0.004208	-0.008412000000000001	-2.42334	1277900.0
2014-12-02	-9.4e-05	-0.000543	0.0031850000000000003	-0.0074930000000000005	-0.049866	1526600.0
2014-12-01	-0.014819999999999998	-0.005408	-0.000775	-0.018401	-8.008057	2115300.0
2014-11-28	0.002702	0.000463	0.003016	-0.006977	1.455994	1148300.0
2014-11-26	-0.001312	-0.00037	0.000869	-0.007462999999999999	-0.708008	1522900.0
2014-11-25	0.003356	-0.0005009999999999999	0.008734	-0.001239	1.804993	1789900.0
2014-11-24	0.003293	0.000279	0.009674	-0.003498	1.765198	1706300.0
2014-11-21	0.004992	0.012676999999999999	0.013668000000000001	0.003235	2.662658	2224200.0
2014-11-20	-0.0040219999999999995	-0.010689	-0.0035009999999999998	-0.011006	-2.154052	1563300.0
2014-11-19	0.0036630000000000005	-5.6000000000000006e-05	0.006	-0.009252	1.954589	1392200.0
2014-11-18	-0.002758	0.0018449999999999999	0.010121	-0.004361	-1.475891	1962600.0
2014-11-17	-0.014493	-0.001506	-0.001121	-0.018992	-7.8684080000000005	1726000.0
2014-11-14	-0.001797	0.002384	0.002384	-0.0059229999999999994	-0.977356	1289500.0
2014-11-13	-0.0035259999999999996	0.00455	0.00455	-0.006998000000000001	-1.924682	1339300.0
2014-11-12	-0.005415	0.000182	0.000309	-0.009304	-2.971863	1129600.0
2014-11-11	0.0051140000000000005	0.001827	0.008128	-0.002173	2.792358	965500.0
2014-11-10	0.011978	0.0008320000000000001	0.015859	1.8e-05	6.462219	1134600.0
2014-11-07	-0.0019	0.007693000000000001	0.007693000000000001	-0.006217	-1.02716	1633700.0
2014-11-06	-0.007107	-0.000769	0.001768	-0.009067	-3.869385	1333200.0
2014-11-05	-0.014780000000000001	0.004855	0.004855	-0.018155	-8.167541	2032200.0
2014-11-04	-0.001999	-0.003998	0.000504	-0.010662	-1.1069950000000002	1244200.0
2014-11-03	-0.006904	-0.006403	-0.002111	-0.010464	-3.8494260000000002	1382200.0
2014-10-31	0.015936000000000002	0.016427	0.016827	0.008068	8.745971	2035000.0
2014-10-30	0.001784	-0.000692	0.0063170000000000006	-0.010595	0.977356	1455600.0
2014-10-29	0.0007830000000000001	0.0020039999999999997	0.009637	-0.003498	0.428833	1770500.0
2014-10-28	0.015034	0.004124	0.015182	0.001572	8.107727	1270900.0
2014-10-27	0.001834	-0.005095000000000001	0.008578	-0.005095000000000001	0.9873049999999999	1185300.0
2014-10-24	-0.0077209999999999996	0.000699	0.0016539999999999999	-0.015056	-4.188537999999999	1973100.0
2014-10-23	0.021156	0.012408	0.027238	0.005894	11.239136	2348800.0
2014-10-22	0.011718000000000001	0.006362	0.025183	0.004292	6.153137	2919200.0
2014-10-21	0.010944	0.008352	0.011424	-0.003322	5.684387999999999	2336200.0
2014-10-20	0.018917	-0.003365	0.020717	-0.006006	9.643524000000001	2607500.0
2014-10-17	-0.025433	0.005224	0.012334999999999999	-0.030467	-13.303498000000001	5539300.0
2014-10-16	-0.010414	-0.02081	-0.001132	-0.028357	-5.504882	3708500.0
2014-10-15	-0.014704	-0.012882	-0.009555	-0.03651	-7.888306	3719300.0
2014-10-14	0.008870999999999999	0.010671	0.026219	-7.5e-05	4.717041	2222500.0
2014-10-13	-0.020717	0.000918	0.009201	-0.020919	-11.249146000000001	2581600.0
2014-10-10	-0.029222	-0.005634	0.0075769999999999995	-0.030006	-16.345092	3081900.0
2014-10-09	-0.020297	-0.002306	-0.0017640000000000002	-0.023476	-11.588196	2524800.0
2014-10-08	0.015538999999999999	0.003246	0.017987	-0.011087	8.736023	1990800.0
2014-10-07	-0.023573	-0.00511	-0.0036030000000000003	-0.023573	-13.572754000000002	1911300.0
2014-10-06	0.0035979999999999996	0.0061189999999999994	0.009943	-0.00146	2.064331	1214600.0
2014-10-03	0.009122	0.00521	0.012532999999999999	0.0042450000000000005	5.185791	1141700.0
2014-10-02	0.0031850000000000003	-0.001689	0.006405	-0.008711	1.804993	1178400.0
2014-10-01	-0.015744	-0.002338	0.000381	-0.017925999999999997	-9.065064	1445400.0
2014-09-30	0.0017350000000000002	0.000989	0.006055	-0.00609	0.9972540000000001	1621700.0
2014-09-29	-0.001282	-0.00927	0.001889	-0.010276	-0.7379760000000001	1282400.0
2014-09-26	0.003547	0.001739	0.007286	-0.000696	2.034423	1443600.0
2014-09-25	-0.02199	-0.0007480000000000001	-1.7e-05	-0.023487	-12.894592	1925900.0
2014-09-24	0.011805	0.0005679999999999999	0.014627000000000001	-0.00105	6.841187	1728100.0
2014-09-23	-0.010624	-0.0008849999999999999	-0.0008849999999999999	-0.010845	-6.222901	1471400.0
2014-09-22	-0.014612	-0.0037909999999999997	-0.003575	-0.021172	-8.686157000000001	1689500.0
2014-09-19	0.011557	0.0037840000000000005	0.012235	0.00039	6.791321000000001	3736600.0
2014-09-18	0.0076950000000000005	0.003814	0.008157	0.000393	4.487732	1444500.0
2014-09-17	0.008311	0.000103	0.013053	-0.002026	4.806762	1692800.0
2014-09-16	0.011953	-0.000593	0.014657	-0.000768	6.831238000000001	1480300.0
2014-09-15	-0.004378	-0.004656	-0.001164	-0.012872999999999999	-2.513061	1597500.0
2014-09-12	-0.009856	-0.000602	0.000499	-0.011852	-5.7143559999999995	1601600.0
2014-09-11	-0.003001	-0.004699	-0.002212	-0.011729999999999999	-1.745178	1221000.0
2014-09-10	0.003597	0.000843	0.004286	-0.007005	2.08429	977300.0
2014-09-09	-0.014769999999999998	-0.00139	-0.001221	-0.016482	-8.686158	1287200.0
2014-09-08	0.006211	0.0008869999999999999	0.009708	0.000375	3.630005	1431000.0
2014-09-05	0.007045	0.003437	0.007853	-5.2000000000000004e-05	4.088806	1632300.0
2014-09-04	0.0069900000000000006	0.003564	0.013946	0.002215	4.028931	1458100.0
2014-09-03	0.001057	0.004625	0.009804	-0.004036	0.608337	1215100.0
2014-09-02	0.010024	0.000437	0.010898999999999999	-0.000717	5.714295	1578400.0
2014-08-29	0.004215999999999999	0.003742	0.004989	-0.003744	2.393432	1083700.0
2014-08-28	-0.003152	-0.002522	0.003941	-0.00683	-1.795043	1292900.0
2014-08-27	-0.011871	-0.001021	0.00109	-0.013424	-6.841247999999999	1703300.0
2014-08-26	-0.004033	0.001827	0.002758	-0.006239	-2.333618	1639600.0
2014-08-25	-0.004051	0.003708	0.004188	-0.006111	-2.353516	1361400.0
2014-08-22	-0.001389	0.000377	0.003199	-0.00468	-0.8078	789000.0
2014-08-21	-0.001916	-0.001146	1.7e-05	-0.005731	-1.116882	914800.0
2014-08-20	-0.004038	-0.0016699999999999998	-0.000273	-0.00731	-2.363526	1036700.0
2014-08-19	0.008073	0.004878	0.008898	0.0031609999999999997	4.6871339999999995	978600.0
2014-08-18	0.015136000000000002	0.004586	0.019233	0.0043939999999999995	8.656189	1284100.0
2014-08-15	-0.002036	0.005586	0.008231	-0.007187000000000001	-1.166748	1519100.0
2014-08-14	-0.000226	0.002436	0.0054280000000000005	-0.006784999999999999	-0.129639	985400.0
2014-08-13	0.021412999999999998	0.008139	0.021804	0.005367	12.016967999999999	1439200.0
2014-08-12	-0.009068999999999999	-0.005917	-0.0034869999999999996	-0.012327	-5.135864	1542000.0
2014-08-11	-0.001565	0.0021449999999999998	0.0030239999999999998	-0.00487	-0.887574	1214700.0
2014-08-08	0.009603	0.00035499999999999996	0.01223	-0.005343	5.3952029999999995	1494700.0
2014-08-07	-0.0053219999999999995	0.0028710000000000003	0.006208	-0.009312	-3.005798	1110900.0
2014-08-06	0.0023079999999999997	-0.005822	0.009963	-0.008971999999999999	1.300476	1334300.0
2014-08-05	-0.014098	-0.005409000000000001	-0.002041	-0.01839	-8.057922999999999	1551200.0
2014-08-04	0.012506999999999999	0.005247	0.016394	-0.0034799999999999996	7.060669	1427300.0
2014-08-01	-0.009675	-0.0020989999999999997	0.007628	-0.015308	-5.514892	1955200.0
2014-07-31	-0.026931	-0.011609999999999999	-0.006418000000000001	-0.029655	-15.776673	2102700.0
2014-07-30	0.003091	0.001605	0.0066430000000000005	-0.0027489999999999997	1.8050540000000002	1016400.0
2014-07-29	-0.008449	-0.0031320000000000002	-0.001524	-0.011996	-4.976379	1349800.0
2014-07-28	0.002682	-0.0016129999999999999	0.005908	-0.007244	1.575683	986800.0
2014-07-25	-0.007297	-0.004972	-0.0025109999999999998	-0.010651	-4.318115	932400.0
2014-07-24	-0.004413	0.000789	0.005906000000000001	-0.007064	-2.6228029999999998	1035100.0
2014-07-23	0.002085	-0.002539	0.005229	-0.003766	1.236573	1233100.0
2014-07-22	0.00894	0.002121	0.017269999999999997	0.001917	5.255615	1699100.0
2014-07-21	-0.009427	-0.005596	-0.001143	-0.016547	-5.594666	2062100.0
2014-07-18	0.037212999999999996	0.033587	0.040211000000000004	0.014413999999999998	21.291565	4014100.0
2014-07-17	-0.015326	-0.005372	-0.002866	-0.024114	-8.905578	3016500.0
2014-07-16	-0.003625	0.0055060000000000005	0.00619	-0.004412	-2.1141970000000003	1397100.0
2014-07-15	-0.000154	0.0014880000000000002	0.001599	-0.014208000000000002	-0.089722	1623000.0
2014-07-14	0.009824	0.005905	0.010411	-0.001986	5.674378	1854000.0
2014-07-11	0.014147999999999999	0.001418	0.017072	0.00056	8.057922	1621700.0
2014-07-10	-0.008645	-0.017654	0.0008849999999999999	-0.019216	-4.9663699999999995	1356700.0
2014-07-09	0.008738	0.000858	0.009858	-0.003001	4.976319	1116700.0
2014-07-08	-0.019167	-0.007883	-0.004675	-0.027676999999999997	-11.129456	1909500.0
2014-07-07	-0.004241	-0.0016589999999999999	0.002907	-0.008790000000000001	-2.473205	1064600.0
2014-07-03	0.004113	0.001743	0.004594	-0.00243	2.388427	714100.0
2014-07-02	-0.000575	0.001167	0.0047539999999999995	-0.003913000000000001	-0.334045	1056300.0
2014-07-01	0.012846000000000002	0.0052840000000000005	0.015853	0.002381	7.369750999999999	1447900.0
2014-06-30	-0.0033950000000000004	0.00246	0.004036	-0.004314	-1.954651	1313700.0
2014-06-27	0.002153	0.002049	0.006719	-0.003819	1.236633	2236900.0
2014-06-26	-0.00458	0.004061	0.006567	-0.011751000000000001	-2.642761	1741900.0
2014-06-25	0.024849	0.0011330000000000001	0.027169	0.0010630000000000001	13.991577	1969300.0
2014-06-24	-0.000584	0.000425	0.013622	-0.006973999999999999	-0.32910100000000003	2207100.0
2014-06-23	0.01544	-0.002175	0.01553	-0.0037920000000000002	8.566528	1536800.0
2014-06-20	0.0026309999999999997	0.003514	0.00483	-0.008124	1.455994	4508300.0
2014-06-19	0.0027649999999999997	0.001572	0.0029460000000000003	-0.008783	1.5258180000000001	2456800.0
2014-06-18	0.019079	0.003407	0.019429	0.001823	10.331603999999999	1741700.0
2014-06-17	-0.002333	-0.000147	0.001911	-0.009095	-1.266541	1444500.0
2014-06-16	-0.013557	-0.004531	-0.003878	-0.018559	-7.459473	1702500.0
2014-06-13	0.0007440000000000001	0.0016510000000000001	0.0017230000000000001	-0.010501	0.408875	1220500.0
2014-06-12	-0.013403	-0.0027559999999999998	-0.001521	-0.018574	-7.469482000000001	1458400.0
2014-06-11	-0.0030510000000000003	-0.004549	-0.0011949999999999999	-0.009865	-1.705323	1100100.0
2014-06-10	-0.002793	-0.0028640000000000002	0.002633	-0.007506999999999999	-1.565735	1351700.0
2014-06-09	0.010408	0.001474	0.01181	-0.000521	5.77417	1467500.0
2014-06-06	0.004386999999999999	0.007509999999999999	0.007509999999999999	-0.008973	2.42334	1736700.0
2014-06-05	0.016965	0.003195	0.018893	-0.000386	9.214722	1689100.0
2014-06-04	-0.0005139999999999999	-0.006313	0.006735	-0.011359000000000001	-0.27923600000000004	1816400.0
2014-06-03	-0.01623	-0.005308	-0.0028699999999999997	-0.020544	-8.965392999999999	1866600.0
2014-06-02	-0.010645	0.0014470000000000002	0.0018039999999999998	-0.025291	-5.943726	1435000.0
2014-05-30	-0.000339	0.001286	0.002268	-0.007445	-0.189453	1771100.0
2014-05-29	-0.002849	0.002973	0.00413	-0.005288	-1.595642	1354100.0
2014-05-28	-0.0075450000000000005	-0.002438	0.0033399999999999997	-0.008745999999999999	-4.258301	1652000.0
2014-05-27	0.023972999999999998	0.005971	0.024064	0.0029850000000000002	13.213745000000001	2104100.0
2014-05-23	0.014016999999999998	0.004036	0.015740999999999998	-0.002495	7.61908	1932100.0
2014-05-22	0.011356	0.004063000000000001	0.016069	0.003414	6.10321	1615800.0
2014-05-21	0.017309	0.005908	0.017768	0.004039	9.144898	1196200.0
2014-05-20	0.001721	0.0016640000000000001	0.013936000000000002	-0.004841	0.907532	1784700.0
2014-05-19	0.015808000000000003	-0.001786	0.017575	-0.005852	8.207458	1277700.0
2014-05-16	0.00125	0.002712	0.0035	-0.008731000000000001	0.648255	1485200.0
2014-05-15	-0.012665000000000001	-0.0018039999999999998	-0.0014810000000000001	-0.017526	-6.651795	1704300.0
2014-05-14	-0.012081	-0.000169	-0.000169	-0.014632	-6.422363	1191700.0
2014-05-13	0.005982	0.00183	0.011604999999999999	-0.0007740000000000001	3.161316	1653400.0
2014-05-12	0.021572	0.009215000000000001	0.022091999999999997	0.00054	11.159363	1912500.0
2014-05-09	0.015127000000000002	-0.000489	0.017417	-0.013307	7.708862	2439400.0
2014-05-08	0.002039	-0.002941	0.014256	-0.006883	1.03714	2021300.0
2014-05-07	-0.010055	0.0012619999999999999	0.002989	-0.022984	-5.165801999999999	3224300.0
2014-05-06	-0.024005000000000002	-0.004888	-0.001895	-0.024156	-12.635315	1689000.0
2014-05-05	-0.000227	-0.0058909999999999995	0.001837	-0.012521	-0.11969	1024100.0
2014-05-02	-0.006436	0.004536	0.004987	-0.010803	-3.4106449999999997	1688500.0
2014-05-01	0.008905	0.0008539999999999999	0.011904999999999999	-0.005279	4.677185	1905500.0
2014-04-30	-0.001971	-0.00018999999999999998	0.0005679999999999999	-0.009816	-1.0371700000000001	1751100.0
2014-04-29	0.0204	-0.00048300000000000003	0.023804	-0.001605	10.521118	2699000.0
2014-04-28	0.0018789999999999998	0.0019370000000000001	0.004688	-0.025921	0.9673459999999999	3335500.0
2014-04-25	-0.017099	-0.005046	-0.0008759999999999999	-0.018547	-8.955383	2100300.0
2014-04-24	-0.003378	0.00594	0.008938	-0.009147	-1.775146	1883100.0
2014-04-23	-0.014716	-0.001907	-0.0017579999999999998	-0.016006	-7.84845	2052300.0
2014-04-22	0.01171	3.8e-05	0.016288	-0.0021	6.173035	2365300.0
2014-04-21	-0.013953	0.0	0.001119	-0.019586000000000003	-7.459473	2566700.0
2014-04-17	-0.036726999999999996	-0.013888999999999999	-0.01265	-0.045620999999999995	-20.384033	6809500.0
2014-04-16	0.037469	0.012229	0.038327	0.0066359999999999995	20.044922	4893200.0
2014-04-15	0.007361	0.008075	0.011136	-0.026402999999999996	3.909301	3855000.0
2014-04-14	0.003619	0.014418	0.025443	-0.00196	1.914734	2575000.0
2014-04-11	-0.019133	-0.015528	-0.001756	-0.026657	-10.321655	3924800.0
2014-04-10	-0.041107	0.001524	0.001524	-0.042968	-23.126526000000002	4036800.0
2014-04-09	0.016652	0.008506	0.018868	-0.003514	9.214722	3330800.0
2014-04-08	0.031125	0.008269	0.031311	0.006429000000000001	16.704101	3151200.0
2014-04-07	-0.009187	-0.004419	0.009831999999999999	-0.029439999999999997	-4.976318	4401600.0
2014-04-04	-0.046688	0.008618	0.014094	-0.046934	-26.527161	6369300.0
2014-04-03	0.004832	0.005026	0.035767	-0.005062	2.732483	5099100.0
2014-04-02	-0.00028199999999999997	0.057885	0.066419	-0.008763	-0.159546	147100.0
2014-04-01	0.018295	0.003124	0.020612000000000002	0.003124	10.16211	7900.0
2014-03-31	-0.005393	0.012322	0.012518000000000001	-0.005464	-3.01178	10800.0
2014-03-28	0.00274	0.004906000000000001	0.014271	0.000376	1.5258180000000001	41200.0
2014-03-27	-0.012309	0.004564	0.004564	-0.022106999999999998	-6.940491000000001	13100.0
2014-03-26	-0.023086000000000002	0.002839	0.011090000000000001	-0.023490999999999998	-13.325073000000001	5179200.0
2014-03-25	0.000682	0.0069689999999999995	0.010286	-0.009439	0.393554	4838400.0
2014-03-24	-0.021225	0.0009720000000000001	0.001572	-0.031351	-12.508117	6096800.0
2014-03-21	-0.011795	0.0076430000000000005	0.010416	-0.012287000000000001	-7.033631	6441000.0
2014-03-20	-0.001743	0.000584	0.008639	-0.003244	-1.041137	3381900.0
2014-03-19	-0.009915	0.000446	0.000603	-0.013911000000000001	-5.982544	3237800.0
2014-03-18	0.016072	0.002156	0.016299	0.000805	9.544189	3643500.0
2014-03-17	0.016456000000000002	0.0055	0.020694	0.004528	9.613953	4340300.0
2014-03-14	-0.013675	-0.005946	0.0015220000000000001	-0.013902000000000001	-8.099609	4604900.0
2014-03-13	-0.015108000000000002	0.000538	0.002651	-0.01867	-9.085938	4708600.0
2014-03-12	0.006092	-0.0029920000000000003	0.00655	-0.013166999999999998	3.641357	3943200.0
2014-03-11	-0.009558	0.001816	0.00227	-0.012323	-5.768371	3438800.0
2014-03-10	-0.002651	0.000741	0.002346	-0.008808	-1.604004	2438200.0
2014-03-07	-0.003952000000000001	0.005895	0.006051	-0.006698999999999999	-2.401001	3041500.0
2014-03-06	0.001108	0.0033	0.006476000000000001	0.000279	0.672485	2545600.0
2014-03-05	0.002757	0.00011499999999999999	0.006725	-0.002881	1.668763	2479700.0
2014-03-04	0.010161	0.010235	0.011067	0.0056619999999999995	6.0871580000000005	2946300.0
2014-03-03	-0.010661	-0.007320999999999999	-0.006425	-0.019339	-6.455811	4225300.0
2014-02-28	-0.00292	0.000927	0.004085	-0.010654	-1.7733759999999998	4644500.0
2014-02-27	-0.000787	-0.001459	0.003327	-0.00259	-0.47815	2529400.0
2014-02-26	0.000139	0.003279	0.007279000000000001	-0.005115	0.084656	3979100.0
2014-02-25	0.006177	0.002829	0.009889	-0.0017239999999999998	3.731018	2888100.0
2014-02-24	0.007244	0.0013039999999999998	0.013599000000000002	0.001088	4.343689	3361100.0
2014-02-21	-0.000266	0.003073	0.004784	-0.0010550000000000002	-0.159363	3738500.0
2014-02-20	0.001472	0.000665	0.0037840000000000005	-0.0017629999999999998	0.881653	3414300.0
2014-02-19	-0.007053	-0.004608	-0.001371	-0.01105	-4.254028	4222900.0
2014-02-18	0.006718000000000001	-0.0011560000000000001	0.008372	-0.002328	4.024902	4233500.0
2014-02-14	0.0024170000000000003	-0.003575	0.003742	-0.005917	1.44458	4389700.0
2014-02-13	0.011132	-0.005005	0.011132	-0.0059240000000000004	6.580384	3686400.0
2014-02-12	-0.002932	-0.000992	-0.000151	-0.0073939999999999995	-1.7385259999999998	3461800.0
2014-02-11	0.014707	0.006173	0.016148	-0.000614	8.592835000000001	4116900.0
2014-02-10	-0.0038299999999999996	-0.00479	0.004213000000000001	-0.007151	-2.246582	3904800.0
2014-02-07	0.015068999999999999	0.006612000000000001	0.015465999999999999	0.000517	8.707336	5292000.0
2014-02-06	0.014661000000000002	0.0069370000000000005	0.014835	0.003805	8.348694	3907600.0
2014-02-05	0.0044280000000000005	0.004586	0.011079	-0.008909	2.51062	4806800.0
2014-02-04	0.004173	0.004023	0.019031	0.003159	2.3561400000000003	5644800.0
2014-02-03	-0.040255	-0.0014990000000000001	0.0006349999999999999	-0.041457	-23.681213	9172400.0
2014-01-31	0.040145	0.031672000000000006	0.045051	0.013863	22.704895	11174200.0
2014-01-30	0.02572	0.034401999999999995	0.041168	0.018366	14.181823000000001	10220800.0
2014-01-29	-0.014328	-0.003464	-0.0011220000000000002	-0.021006	-8.014953	4777500.0
2014-01-28	0.019778	0.008254000000000001	0.022266	0.007909000000000001	10.849364999999999	4436900.0
2014-01-27	-0.02011	0.00202	0.002376	-0.036981	-11.257812	8739800.0
2014-01-24	-0.031265	-0.007836	-0.005646	-0.03198	-18.067322	7814000.0
2014-01-23	-0.004222999999999999	-0.004309	-0.002172	-0.009141	-2.450806	3912700.0
2014-01-22	0.001134	0.002501	0.0036009999999999996	-0.004159	0.657532	3154500.0
2014-01-21	0.011447	0.009039	0.011708	0.000669	6.560425	3974500.0
2014-01-17	-0.004921	0.000545	0.003814	-0.010395999999999999	-2.834351	5422800.0
2014-01-16	0.0066170000000000005	0.00041799999999999997	0.008105	-0.00054	3.785767	3380300.0
2014-01-15	-0.000679	0.003123	0.004872	-0.004881	-0.38855	3915000.0
2014-01-14	0.023527	0.013331	0.024952000000000002	0.00455	13.160704999999998	4983700.0
2014-01-13	-0.006371	-0.003283	0.014803	-0.011511	-3.586547	4855800.0
2014-01-10	-5.3e-05	0.007821	0.007821	-0.007069	-0.029907999999999997	4302900.0
2014-01-09	-0.00963	0.0019370000000000001	0.00262	-0.013731	-5.474487	4184500.0
2014-01-08	0.002081	0.006268999999999999	0.007429000000000001	-0.0048909999999999995	1.180603	4501700.0
2014-01-07	0.019278	0.006874	0.020021	0.003437	10.729736	5124300.0
2014-01-06	0.011149	0.007248999999999999	0.012543	0.001303	6.137023999999999	3551800.0
2014-01-03	-0.007295	0.001689	0.003423	-0.007358	-4.04486	3345800.0
2014-01-02	-0.006772	-0.004685	-0.002641	-0.011109	-3.7808230000000003	3656400.0
2013-12-31	0.01014	0.002506	0.010401	-0.002884	5.604004	2725900.0
2013-12-30	-0.007994	0.0017350000000000002	0.0018780000000000001	-0.008387	-4.453308	2481300.0
2013-12-27	0.0008410000000000001	0.002273	0.0025239999999999998	-0.004045	0.468261	3151100.0
2013-12-26	0.005055	0.001952	0.00644	-0.002833	2.7995	2685500.0
2013-12-24	-0.0029230000000000003	-0.000117	0.000126	-0.0062770000000000005	-1.623902	1473800.0
2013-12-23	0.013156000000000001	0.00656	0.013791999999999999	0.004089	7.2129520000000005	3456000.0
2013-12-20	0.013257	0.0019149999999999998	0.013763	0.001639	7.173096000000001	6547600.0
2013-12-19	0.001355	-0.003669	0.006673999999999999	-0.005227000000000001	0.7323	3343800.0
2013-12-18	0.013918	0.00186	0.014105000000000001	-0.010112999999999999	7.417175	4437100.0
2013-12-17	-0.002908	-0.000149	0.0072510000000000005	-0.004287	-1.5541989999999999	3082800.0
2013-12-16	0.011491	0.003026	0.013103	0.00115	6.072265	3216000.0
2013-12-13	-0.00857	0.005084	0.005915999999999999	-0.011281	-4.567871	4340900.0
2013-12-12	-0.006804000000000001	0.002116	0.0052450000000000005	-0.0076950000000000005	-3.651306	3204800.0
2013-12-11	-0.006795000000000001	0.002526	0.00614	-0.008749	-3.671265	3436400.0
2013-12-10	0.006047	-0.001846	0.013143	-0.00231	3.2478029999999998	3721600.0
2013-12-09	0.00773	0.001047	0.011628	-0.0017289999999999999	4.119568	2976200.0
2013-12-06	0.011851	0.011775	0.011974	0.002591	6.241638	2868200.0
2013-12-05	-0.000794	-0.000926	0.001399	-0.0067	-0.41845699999999997	2275800.0
2013-12-04	0.004671	-0.001794	0.010178	-0.003095	2.450806	2392000.0
2013-12-03	-0.001157	-0.003348	0.008497	-0.005178	-0.607727	3364700.0
2013-12-02	-0.004823	0.0037	0.006379999999999999	-0.008333	-2.54541	2756600.0
2013-11-29	-0.003311	-0.0008939999999999999	0.0033020000000000002	-0.003443	-1.753479	2394400.0
2013-11-27	0.004441	0.0034200000000000003	0.009061	0.0015019999999999999	2.341247	2255500.0
2013-11-26	0.011932	0.002553	0.014886000000000002	-0.002859	6.216675	4589600.0
2013-11-25	0.013606	0.005107	0.020641999999999997	0.0030329999999999997	6.993835000000001	3238000.0
2013-11-22	-0.0021079999999999996	-0.000629	0.002031	-0.00469	-1.0859370000000002	2517700.0
2013-11-21	0.011503	0.004588	0.015650999999999998	0.0036090000000000002	5.858032	2191700.0
2013-11-20	-0.0028190000000000003	0.004633	0.007959	-0.004721	-1.439606	1934500.0
2013-11-19	-0.006156	0.000165	0.003102	-0.00824	-3.163116	2271600.0
2013-11-18	-0.001945	0.0021190000000000002	0.014687	-0.00418	-1.001282	3532500.0
2013-11-15	-0.0016129999999999999	-0.000348	0.002676	-0.004753	-0.8318479999999999	2562100.0
2013-11-14	0.002673	0.0014039999999999999	0.007051000000000001	-0.002053	1.374817	2342100.0
2013-11-13	0.020449000000000002	-0.004971	0.020825	-0.005219	10.306366	3170500.0
2013-11-12	0.001178	-0.00286	0.0068969999999999995	-0.005531	0.592773	2445200.0
2013-11-11	-0.005354	-0.006417	-9.8e-05	-0.007903	-2.709838	2233500.0
2013-11-08	0.008015999999999999	0.000794	0.010467	0.000546	4.024932	2591100.0
2013-11-07	-0.014471000000000001	-0.00013700000000000002	0.0011539999999999999	-0.014774	-7.372375	3371700.0
2013-11-06	0.001204	0.003994	0.005365	-0.00602	0.612701	1832600.0
2013-11-05	-0.0044729999999999995	-0.005613	0.005399	-0.008468999999999999	-2.286438	2371500.0
2013-11-04	-0.000906	0.004343	0.00519	-0.004878	-0.46325600000000006	2286000.0
2013-11-01	-0.003435	0.001174	0.005259000000000001	-0.0053170000000000005	-1.763398	2576100.0
2013-10-31	0.000155	-0.001446	0.010772	-0.00626	0.079712	3292200.0
2013-10-30	-0.0056159999999999995	0.0011480000000000001	0.0012259999999999999	-0.009882	-2.899109	2658000.0
2013-10-29	0.020926	0.004039	0.021616	-0.001478	10.580323	3222000.0
2013-10-28	-0.000197	0.0	0.008107	-0.002177	-0.09963999999999999	2326000.0
2013-10-25	-0.010092	0.003189	0.003189	-0.014440999999999999	-5.15567	4076100.0
2013-10-24	-0.005682	0.000446	0.008881	-0.006409000000000001	-2.919068	4199700.0
2013-10-23	0.02424	-0.005958	0.027556999999999998	-0.006326	12.159424000000001	5346300.0
2013-10-22	0.0036880000000000003	0.0016940000000000002	0.009668000000000001	-0.0074849999999999995	1.843109	4433700.0
2013-10-21	-0.008019	4.9e-05	0.007504	-0.011726	-4.0398559999999994	7283700.0
2013-10-18	0.137963	0.098775	0.14252	0.095872	61.081055000000006	23219400.0
2013-10-17	-0.010289	-0.005612	-0.001258	-0.013696999999999999	-4.602753	8545000.0
2013-10-16	0.018163	0.004376	0.018503	0.002268	7.980072	4030200.0
2013-10-15	0.006734	-0.000399	0.010865999999999999	-0.002408	2.938996	3195600.0
2013-10-14	0.004725	-0.006111999999999999	0.0048850000000000005	-0.007568999999999999	2.052307	2496400.0
2013-10-11	0.004319	-0.002545	0.006035	-0.003386	1.8679810000000001	2828300.0
2013-10-10	0.014465	0.009323999999999999	0.015153999999999999	0.005083	6.1669	4527400.0
2013-10-09	0.002565	0.003057	0.010519	-0.012522	1.090912	5322400.0
2013-10-08	-0.013942	-0.00048499999999999997	0.000277	-0.016298	-6.012482	3901800.0
2013-10-07	-0.0075769999999999995	-0.0056170000000000005	0.0018800000000000002	-0.009446	-3.2926330000000004	2596800.0
2013-10-04	-0.004268999999999999	-0.0012439999999999999	0.001621	-0.006951000000000001	-1.8630369999999998	2726100.0
2013-10-03	-0.013401	1.1e-05	0.006881	-0.017894	-5.927765	4249800.0
2013-10-02	0.001116	-0.004814	0.0026609999999999997	-0.01035	0.493134	3001700.0
2013-10-01	0.012661	0.004954999999999999	0.013425999999999999	0.004726	5.524292	3382100.0
2013-09-30	-0.0005480000000000001	-0.008341	0.005078	-0.00922	-0.239105	3457600.0
2013-09-27	-0.002027	-0.003815	-0.00074	-0.007812	-0.886658	2527000.0
2013-09-26	0.001072	0.00122	0.006293	-0.002542	0.46823100000000006	2529200.0
2013-09-25	-0.010836	-0.000327	-0.000327	-0.012674	-4.787048	3310200.0
2013-09-24	0.000384	0.0	0.004061	-0.005753	0.169372	2984600.0
2013-09-23	-0.018392	-0.0077069999999999994	-0.0016829999999999998	-0.019831	-8.273986	3568000.0
2013-09-20	0.005254	0.0	0.006389	-0.003083	2.351165	8723000.0
2013-09-19	-0.005458	0.002956	0.002956	-0.008768000000000001	-2.45578	3207600.0
2013-09-18	0.019422	0.000271	0.020156	-0.003431	8.572875999999999	3883800.0
2013-09-17	-0.001859	-0.000394	0.0007099999999999999	-0.007615	-0.8219299999999999	2528200.0
2013-09-16	-0.0014730000000000001	0.008020000000000001	0.008919	-0.004724	-0.6525569999999999	2682900.0
2013-09-13	-0.004468	0.0016120000000000002	0.002934	-0.009204	-1.9875490000000002	2660600.0
2013-09-12	-0.003493	0.00135	0.0019079999999999998	-0.006895999999999999	-1.559143	2199100.0
2013-09-11	0.008462	-0.000146	0.009340000000000001	-0.002914	3.745941	3233200.0
2013-09-10	0.000698	0.002218	0.004448	-0.004561	0.308838	2584700.0
2013-09-09	0.00963	0.004718	0.011562000000000001	0.003229	4.219208	2478300.0
2013-09-06	2.3e-05	0.003274	0.004797999999999999	-0.0066170000000000005	0.009949	3134800.0
2013-09-05	0.009098	0.0021449999999999998	0.009465000000000001	-2.3e-05	3.950195	2592100.0
2013-09-04	0.013075999999999999	-3.5e-05	0.015249	-0.006055	5.604004	4097600.0
2013-09-03	0.015916999999999997	0.008809	0.022777000000000002	0.008324	6.714813	4110400.0
2013-08-30	-0.009972	0.000386	0.0030510000000000003	-0.011538	-4.249054	3737100.0
2013-08-29	0.008108	0.0006129999999999999	0.013941	4.7e-05	3.4271550000000004	2968000.0
2013-08-28	-0.001882	0.000118	0.006187	-0.0028	-0.797028	2669700.0
2013-08-27	-0.018744	-0.007814	-0.00307	-0.021341	-8.089661	3481100.0
2013-08-26	-0.00439	-0.000241	0.00539	-0.0047799999999999995	-1.902893	2112800.0
2013-08-23	-0.004006	0.004716	0.00491	-0.0045320000000000004	-1.743438	2162200.0
2013-08-22	0.005038	0.0038770000000000002	0.006235	0.001058	2.181823	1746200.0
2013-08-21	0.004518	0.006043	0.013277	0.001248	1.9476930000000001	3527700.0
2013-08-20	-0.000266	0.0031190000000000002	0.007462999999999999	-0.002437	-0.11456300000000001	2475100.0
2013-08-19	0.010199	0.0009339999999999999	0.01761	0.00063	4.353668	3635300.0
2013-08-16	-0.003199	0.001884	0.0032340000000000003	-0.003629	-1.369873	3362700.0
2013-08-15	-0.011669	-0.006174	-0.005622	-0.013578	-5.056030000000001	3752300.0
2013-08-14	-0.012981999999999999	-0.003268	-0.001157	-0.015989	-5.698639	4179900.0
2013-08-13	-0.004811	0.001491	0.0033770000000000002	-0.010514	-2.12207	2850200.0
2013-08-12	-0.005503	-0.003942	-0.0038299999999999996	-0.009838	-2.440826	2764200.0
2013-08-09	-0.0025210000000000002	-0.002353	0.003204	-0.00298	-1.1208200000000001	2657200.0
2013-08-08	0.002257	0.0054340000000000005	0.005827000000000001	-0.006018	1.001252	2987000.0
2013-08-07	-0.006603	-0.001707	0.002097	-0.008343000000000001	-2.948944	2768600.0
2013-08-06	-0.009315	-0.000343	0.005204	-0.010243	-4.19925	3023400.0
2013-08-05	-0.001732	-0.001302	-0.001158	-0.00813	-0.7820739999999999	2629100.0
2013-08-02	0.0025989999999999997	-0.000863	0.003074	-0.0037600000000000003	1.1705940000000001	3440600.0
2013-08-01	0.018553	0.008167	0.018924	0.008167	8.204253999999999	4292700.0
2013-07-31	-0.003558	0.002323	0.006274	-0.00532	-1.579071	4363200.0
2013-07-30	0.009804	0.003616	0.015119999999999998	-0.0015869999999999999	4.308838	3524300.0
2013-07-29	-0.003479	-0.000508	0.010695999999999999	-0.005038	-1.534241	3797800.0
2013-07-26	-0.002647	-0.0008	0.0025800000000000003	-0.006421	-1.1706239999999999	3568600.0
2013-07-25	-0.016835	-0.010001000000000001	-0.006701	-0.018629	-7.571594	6024600.0
2013-07-24	-0.0009960000000000001	0.0038280000000000002	0.0071920000000000005	-0.00343	-0.448334	4172500.0
2013-07-23	-0.0075769999999999995	0.0	0.002526	-0.012221	-3.437103	4106600.0
2013-07-22	0.015726	0.006023	0.017922999999999998	0.000446	7.023650999999999	5828100.0
2013-07-19	-0.015461	-0.026431	-0.008487999999999999	-0.03851	-7.013702	14773700.0
2013-07-18	-0.008568000000000001	0.000479	0.0015789999999999999	-0.016722	-3.920319	7296100.0
2013-07-17	-0.001153	0.001511	0.007884	-0.003599	-0.528015	3023400.0
2013-07-16	-0.005494	0.002639	0.003547	-0.011669	-2.530518	3980700.0
2013-07-15	0.001831	0.001408	0.005417	-0.007194	0.841858	3935600.0
2013-07-12	0.002999	-0.000261	0.002999	-0.0054329999999999995	1.3748479999999998	5155600.0
2013-07-11	0.015729	0.007737000000000001	0.016358	0.002793	7.098388000000001	5187700.0
2013-07-10	0.0008289999999999999	-0.001977	0.006518	-0.005369	0.373596	3429500.0
2013-07-09	0.000166	0.006529999999999999	0.008684	-0.007856	0.074738	3973500.0
2013-07-08	0.012983000000000001	0.006402	0.014303	0.004018	5.77832	3953700.0
2013-07-05	0.007965	0.004039	0.010131	0.001027	3.5168150000000002	3416500.0
2013-07-03	0.0046700000000000005	-0.002731	0.007775	-0.004318	2.052308	2101700.0
2013-07-02	-0.006273	0.002613	0.003514	-0.01195	-2.774598	3797000.0
2013-07-01	0.008531	0.006906	0.013300999999999999	0.005259000000000001	3.7409980000000003	3462400.0
2013-06-28	0.0037630000000000003	-0.0024739999999999996	0.005439	-0.0032840000000000005	1.643829	4716100.0
2013-06-27	0.003915	0.005895	0.012637	0.0034340000000000004	1.703613	3867300.0
2013-06-26	0.008601000000000001	0.008716	0.013623	0.005045	3.71109	3676400.0
2013-06-25	-0.0041270000000000005	0.008588	0.011371	-0.00607	-1.788299	5125500.0
2013-06-24	-0.012646	-0.010273000000000001	-0.005233	-0.020069999999999998	-5.549194	6056300.0
2013-06-21	-0.004306	0.004069	0.00581	-0.01319	-1.897889	7994300.0
2013-06-20	-0.017698	-0.007428	0.00035499999999999996	-0.019285	-7.940246000000001	6769200.0
2013-06-19	6.7e-05	0.000833	0.011348	-0.003464	0.029907	5853600.0
2013-06-18	0.016214	0.002708	0.016643	0.002369	7.158142	4350000.0
2013-06-17	0.012811000000000001	0.004788000000000001	0.016444999999999998	0.003703	5.5840760000000005	4308500.0
2013-06-14	-0.002235	0.003535	0.00878	-0.0032719999999999997	-0.976318	4506700.0
2013-06-13	0.005757	-0.00344	0.008808	-0.007431	2.50061	4155200.0
2013-06-12	-0.0089	0.006422	0.007036	-0.011548000000000001	-3.9003910000000004	4426100.0
2013-06-11	-0.011694	-0.0070209999999999995	-0.003617	-0.012019	-5.1855459999999995	3528300.0
2013-06-10	0.011923999999999999	0.002694	0.012811000000000001	0.00040899999999999997	5.225402	4693000.0
2013-06-07	0.017452000000000002	0.006684999999999999	0.017765	0.000786	7.516846000000001	5369200.0
2013-06-06	0.005746	0.005351	0.007712	-0.014516999999999999	2.460754	5177400.0
2013-06-05	0.000698	0.0039689999999999994	0.012047	-0.002293	0.29889	4229300.0
2013-06-04	-0.009831	0.000254	0.0034119999999999997	-0.015629	-4.249085	3751100.0
2013-06-03	-0.004121	0.002043	0.003156	-0.018595	-1.788299	4969900.0
2013-05-31	0.000528	-0.003032	0.007166	-0.003721	0.229156	3953500.0
2013-05-30	0.002822	0.001854	0.012195999999999999	-0.002188	1.220429	4257200.0
2013-05-29	-0.014706	-0.006309	-0.003722	-0.019268	-6.455811	4041800.0
2013-05-28	0.009103	0.011656999999999999	0.02155	0.008107	3.960175	4531900.0
2013-05-24	-0.010727	-0.00853	-0.004497	-0.013344	-4.717347	4610700.0
2013-05-23	-0.0074540000000000006	-0.013963999999999999	0.000607	-0.017337	-3.3026120000000003	4567200.0
2013-05-22	-0.01935	-0.004862	0.0025800000000000003	-0.022151	-8.742218	5140300.0
2013-05-21	-0.0017170000000000002	-0.0005610000000000001	0.003445	-0.012019	-0.7771	3980700.0
2013-05-20	-0.000715	-0.004598	0.012561	-0.004598	-0.323791	4562300.0
2013-05-17	0.005875	0.006804000000000001	0.010643000000000001	-0.003706	2.6450810000000002	5604800.0
2013-05-16	-0.013124	0.003396	0.0044659999999999995	-0.015155000000000002	-5.987549	6443200.0
2013-05-15	0.032454000000000004	0.009469	0.033006	0.007801000000000001	14.341247000000001	8001600.0
2013-05-14	0.010906	-3.4e-05	0.012717000000000001	-0.00044400000000000006	4.7671209999999995	3170300.0
2013-05-13	-0.0030670000000000003	-0.0015220000000000001	0.002545	-0.007781999999999999	-1.344941	2907700.0
2013-05-10	0.01004	0.0043950000000000005	0.010395999999999999	0.00078	4.358674	3809500.0
2013-05-09	-0.002461	-0.0031940000000000002	0.006901999999999999	-0.006181	-1.071015	4417600.0
2013-05-08	0.019131	-0.000268	0.019423	-0.005039	8.169402999999999	4955000.0
2013-05-07	-0.005014	0.001695	0.002693	-0.012628	-2.1519470000000003	3932600.0
2013-05-06	0.018718000000000002	0.003003	0.019073	0.003003	7.885437	4298500.0
2013-05-03	0.019419	0.00886	0.020721	0.007702	8.024933	5044000.0
2013-05-02	0.011189	-0.00040199999999999996	0.01721	-0.0016820000000000001	4.572845	4051600.0
2013-05-01	-0.005021	-0.0015890000000000001	0.000182	-0.009956999999999999	-2.062255	2920800.0
2013-04-30	0.0067269999999999995	-7.3e-05	0.010475	-0.001685	2.74472	4630600.0
2013-04-29	0.022011000000000003	0.002283	0.026552999999999997	0.001971	8.787048	4618800.0
2013-04-26	-0.009492	-0.001854	-0.0016809999999999998	-0.015474000000000002	-3.825653	4993900.0
2013-04-25	-0.0053479999999999995	0.003442	0.003713	-0.007155	-2.16687	3999200.0
2013-04-24	0.00687	0.00026000000000000003	0.012502	0.000124	2.764618	3671800.0
2013-04-23	0.009736	0.001112	0.019235	0.000312	3.8804629999999998	4601600.0
2013-04-22	0.0003	0.0009130000000000001	0.005113	-0.031093	0.11956800000000001	5788300.0
2013-04-19	0.044338999999999996	0.004243	0.049000999999999996	0.00045700000000000005	16.916565	11649800.0
2013-04-18	-0.021276	0.003565	0.00414	-0.027218	-8.293915	6669800.0
2013-04-17	-0.013625	-0.008343999999999999	-0.003189	-0.019247	-5.384796	4089100.0
2013-04-16	0.01463	0.00596	0.017994	0.002545	5.698639	3496900.0
2013-04-15	-0.010278	-0.00519	0.008797	-0.016493	-4.044830999999999	4924500.0
2013-04-12	-0.00043	0.0020239999999999998	0.002163	-0.009438	-0.169372	3285500.0
2013-04-11	0.000266	0.0034170000000000003	0.0036950000000000004	-0.007745	0.10461400000000001	4072500.0
2013-04-10	0.016113	0.006776999999999999	0.018903	-0.0021219999999999998	6.241608	3971900.0
2013-04-09	0.003614	0.000839	0.011486	-0.002246	1.3947450000000001	4330700.0
2013-04-08	-0.010472	-0.005490999999999999	-0.00447	-0.018709	-4.084687000000001	5685300.0
2013-04-05	-0.015118000000000001	-0.011332	-0.010163	-0.023482	-5.987549	6893400.0
2013-04-04	-0.013806	-0.002419	-0.000558	-0.018482	-5.54422	4913400.0
2013-04-03	-0.008413	0.000517	0.0014269999999999999	-0.015213999999999998	-3.407226	3489900.0
2013-04-02	0.014790000000000001	0.004181	0.017025	0.003507	5.902862	4098200.0
2013-04-01	0.008814	0.001033	0.010149	-0.001184	3.486939	3628100.0
2013-03-28	-0.010551999999999999	0.001657	0.0033759999999999997	-0.011661	-4.219176999999999	4592600.0
2013-03-27	-0.012014	-0.007065000000000001	-0.006670999999999999	-0.013651	-4.861786	4342500.0
2013-03-26	0.0034340000000000004	0.004768	0.005385	-0.002285	1.3848260000000001	2392600.0
2013-03-25	-0.0008269999999999999	0.002592	0.011008	-0.004307	-0.33376999999999996	3436800.0
2013-03-22	-0.0011710000000000002	0.0042899999999999995	0.004906000000000001	-0.001997	-0.473206	2987400.0
2013-03-21	-0.004235	-0.0041979999999999995	0.0027129999999999997	-0.005965	-1.7185669999999997	2966200.0
2013-03-20	0.004178	0.006790999999999999	0.00763	0.000148	1.6886599999999998	2938500.0
2013-03-19	0.004370000000000001	0.0042710000000000005	0.014187	-0.0016589999999999999	1.7584229999999998	4212000.0
2013-03-18	-0.007995	-0.011420999999999999	-0.001891	-0.015756	-3.242859	3690300.0
2013-03-15	-0.008813	-0.0037	-0.001509	-0.009981	-3.6064760000000002	6222500.0
2013-03-14	-0.004568	0.002036	0.002036	-0.009595999999999999	-1.8779599999999999	3314700.0
2013-03-13	-0.002779	0.00035	0.003722	-0.006404000000000001	-1.145691	3294800.0
2013-03-12	-0.008637	-0.004922999999999999	-0.00351	-0.013356	-3.5915529999999998	4031600.0
2013-03-11	0.0039689999999999994	0.000204	0.009837	-2.4e-05	1.64383	3201200.0
2013-03-08	-0.001297	0.002282	0.002786	-0.009068000000000001	-0.537964	5845600.0
2013-03-07	0.001467	0.0032240000000000003	0.0063030000000000004	-0.002165	0.607727	4120700.0
2013-03-06	-0.00861	0.002898	0.006439	-0.011674	-3.5965269999999996	5767400.0
2013-03-05	0.020816	0.009044	0.022702	0.009008	8.518066000000001	8118400.0
2013-03-04	0.018991	-0.001104	0.020653	-0.0014759999999999999	7.626403999999999	5571900.0
2013-03-01	0.006228	-0.0042439999999999995	0.0074140000000000005	-0.0063030000000000004	2.485687	4367000.0
2013-02-28	0.0017760000000000002	0.0016510000000000001	0.009015	0.0015630000000000002	0.707367	4548500.0
2013-02-27	0.012213	0.00591	0.018503	0.00124	4.806976000000001	4067300.0
2013-02-26	-0.0008089999999999999	0.0053490000000000005	0.006551	-0.008055	-0.318817	4421500.0
2013-02-25	-0.011179000000000001	0.003239	0.010879	-0.011529000000000001	-4.453308	4625000.0
2013-02-22	0.005254	0.0046890000000000005	0.00719	-0.002175	2.082214	4123100.0
2013-02-21	0.0038740000000000003	0.006991	0.016392	-0.001565	1.529267	7039000.0
2013-02-20	-0.017835	-0.0019210000000000002	0.002627	-0.018665	-7.168152	5549000.0
2013-02-19	0.017606999999999998	0.00391	0.017796	0.003014	6.953949000000001	5885500.0
2013-02-15	0.006435	-0.000533	0.006905	-0.0009519999999999999	2.525513	5480000.0
2013-02-14	0.006336	-0.003998	0.007511	-0.006502	2.470764	3483500.0
2013-02-13	0.0027670000000000004	-0.00073	0.005956	-0.000935	1.075958	2405200.0
2013-02-12	-0.002198	-0.0008560000000000001	0.007004000000000001	-0.0038979999999999996	-0.8567809999999999	3731900.0
2013-02-11	-0.0037560000000000002	-0.008875	-0.003018	-0.014796	-1.4695129999999998	4351800.0
2013-02-08	0.014756	0.007984999999999999	0.016434999999999998	0.007248999999999999	5.68869	6062700.0
2013-02-07	0.004908	-0.00061	0.011218	-0.006064	1.8829349999999998	5701600.0
2013-02-06	0.005785	-0.008711	0.009429	-0.009455	2.2067259999999997	4171700.0
2013-02-05	0.008854	0.00278	0.015928	0.000593	3.3474730000000004	3755300.0
2013-02-04	-0.021377	-0.010199	-0.006614	-0.022344	-8.259064	6103700.0
2013-02-01	0.026347000000000002	0.003322	0.02767	0.003189	9.917847	7520100.0
2013-01-31	0.002467	-0.004404	0.005028	-0.004749000000000001	0.926514	3280500.0
2013-01-30	0.000199	8e-05	0.009646	-0.0010220000000000001	0.07470700000000001	3478900.0
2013-01-29	0.0039299999999999995	-0.005302	0.008284999999999999	-0.005581	1.4695129999999998	3507200.0
2013-01-28	-0.003901	-0.002534	0.002561	-0.007669	-1.464508	3266300.0
2013-01-25	-0.0007160000000000001	-0.004561	0.0056619999999999995	-0.005251	-0.269013	4468400.0
2013-01-24	0.017141	-0.00035099999999999997	0.020674	-0.001335	6.331268	6790600.0
2013-01-23	0.05496	0.047120999999999996	0.065631	0.046837000000000004	19.24289	11862400.0
2013-01-22	-0.002328	0.000213	0.001178	-0.012761	-0.816956	7613100.0
2013-01-18	-0.009574	-0.00135	0.002038	-0.014044	-3.3922730000000003	6477700.0
2013-01-17	-0.005411	0.0035240000000000002	0.006222	-0.005831	-1.9277650000000002	4439500.0
2013-01-16	-0.013436000000000002	-0.00349	-0.000814	-0.015533000000000002	-4.851837000000001	4061900.0
2013-01-15	0.002323	-0.00542	0.016246	-0.015416	0.836884	7884700.0
2013-01-14	-0.022622	-0.0040409999999999995	0.002987	-0.023837999999999998	-8.338745	5749200.0
2013-01-11	-0.002009	0.000701	0.001281	-0.006986	-0.742218	2579900.0
2013-01-10	0.0045520000000000005	0.006381	0.009321	-0.006259000000000001	1.6737360000000001	3685000.0
2013-01-09	0.006573000000000001	-0.001405	0.006887000000000001	-0.006409000000000001	2.401001	4064500.0
2013-01-08	-0.001974	0.001075	0.0021100000000000003	-0.014046000000000001	-0.72232	3364700.0
2013-01-07	-0.0043630000000000006	-0.003415	0.001911	-0.010014	-1.603974	3323800.0
2013-01-04	0.01976	0.007835	0.024597	0.005541	7.123291	5547600.0
2013-01-03	0.0005809999999999999	0.002323	0.012001000000000001	-0.003498	0.209229	4653700.0
2013-01-02	0.022435	0.017021	0.027736	0.012962999999999999	7.905365	5101500.0
2012-12-31	0.010528000000000001	-1.4000000000000001e-05	0.015086000000000002	-0.005729	3.6712339999999997	4009600.0
2012-12-28	-0.008892	-0.006513	0.000878	-0.008892	-3.1282650000000003	2814500.0
2012-12-27	-0.00364	-0.00244	-4.2e-05	-0.014474	-1.285187	3307000.0
2012-12-26	-0.0008880000000000001	-0.002015	0.004764	-0.009993	-0.313812	2373500.0
2012-12-24	-0.008565999999999999	-0.001565	-0.000629	-0.011403	-3.053559	1688000.0
2012-12-21	-0.009317	-0.011615	-0.004901	-0.016391	-3.352447	7078300.0
2012-12-20	0.003124	0.004374	0.006305	-0.00436	1.120788	3326400.0
2012-12-19	-0.0013310000000000002	-0.000499	0.002677	-0.0060880000000000005	-0.47818	3851500.0
2012-12-18	0.00040199999999999996	-0.005799	0.011543000000000001	-0.00795	0.14444	6032300.0
2012-12-17	0.026811	0.005043	0.028435000000000002	0.002935	9.374878	6093400.0
2012-12-14	-0.001053	-0.005023	0.007286	-0.006077	-0.368622	4276100.0
2012-12-13	0.007369	0.02632	0.027108999999999998	0.002853	2.560394	6915500.0
2012-12-12	0.000976	0.003372	0.009514	-0.004879	0.338746	4870100.0
2012-12-11	0.01672	0.006682	0.024073	0.003356	5.7085870000000005	5395200.0
2012-12-10	0.001768	0.001725	0.010874	-0.000614	0.602753	2743600.0
2012-12-07	-0.010013	0.0056	0.008320000000000001	-0.012602	-3.447083	3852900.0
2012-12-06	0.0048119999999999994	-0.000334	0.011326000000000001	-0.0048119999999999994	1.6488040000000002	2935500.0
2012-12-05	-0.004645000000000001	0.001621	0.005021	-0.01259	-1.598999	3738700.0
2012-12-04	-0.00607	-0.00036	0.00037400000000000004	-0.013736000000000002	-2.102112	3998200.0
2012-12-03	-0.004468	0.005542	0.010768000000000002	-0.0061	-1.554168	4401300.0
2012-11-30	0.009366	-0.0008380000000000001	0.010594	-0.008961	3.2278740000000004	6350800.0
2012-11-29	0.012023	0.006012	0.014962999999999999	-0.002443	4.094666	5573700.0
2012-11-28	0.019323	-0.004026	0.021172	-0.010168	6.45581	6106700.0
2012-11-27	0.014459999999999999	-0.001482	0.020947999999999998	-0.004764	4.7621459999999995	5036100.0
2012-11-26	-0.010209999999999999	-0.002291	-0.001452	-0.013399000000000001	-3.397277	4425700.0
2012-11-23	0.003154	0.006157	0.006202	0.00034500000000000004	1.046081	1851800.0
2012-11-21	-0.0061200000000000004	-0.001463	-0.000254	-0.014284	-2.042328	4240200.0
2012-11-20	0.002634	0.001946	0.014650999999999999	-0.005447	0.876709	4192900.0
2012-11-19	0.032494999999999996	0.013165000000000001	0.033592000000000004	0.012902	10.475739	4754100.0
2012-11-16	-0.000124	-0.001962	0.008898999999999999	-0.017396000000000002	-0.039856	6902000.0
2012-11-15	-0.008107	-0.003908	0.011417	-0.013256	-2.635132	3711500.0
2012-11-14	-0.009863	0.002443	0.004749000000000001	-0.012972999999999998	-3.237854	3349200.0
2012-11-13	-0.010287000000000001	-0.0043549999999999995	0.002553	-0.011518	-3.412232	3200200.0
2012-11-12	0.0043289999999999995	0.001086	0.010211	-0.003258	1.429657	2822300.0
2012-11-09	0.016465	0.003618	0.024606	-0.0030510000000000003	5.349945	6251500.0
2012-11-08	-0.02223	0.0046170000000000004	0.006551	-0.023819	-7.3872979999999995	5213300.0
2012-11-07	-0.021416	-0.009857	-0.005118999999999999	-0.022341	-7.272766000000001	4481200.0
2012-11-06	-0.001816	0.0036899999999999997	0.005183	-0.007921	-0.617676	3177300.0
2012-11-05	-0.007209999999999999	-0.004972	-0.001541	-0.017967	-2.470734	3283900.0
2012-11-02	0.00047999999999999996	0.010471	0.011576999999999999	-0.00032	0.164399	4666100.0
2012-11-01	0.010716	-0.001176	0.015581	-0.002322	3.6313779999999998	4115500.0
2012-10-31	0.007628	0.006976	0.008665	-0.00022200000000000003	2.565368	3085400.0
2012-10-26	-0.003851	-0.001859	0.007776000000000001	-0.009679	-1.300109	3916200.0
2012-10-25	0.000679	0.003986	0.006939	-0.005596	0.22912600000000002	4820100.0
2012-10-24	-0.004483	0.00948	0.009774	-0.0074670000000000005	-1.519288	5011600.0
2012-10-23	0.002475	-0.009812999999999999	0.012759999999999999	-0.009828	0.8368530000000001	5855000.0
2012-10-22	-0.004576	-0.001144	0.0041659999999999996	-0.017733000000000002	-1.554168	8141500.0
2012-10-19	-0.019007	0.015222999999999999	0.016835	-0.033094	-6.580353	23050400.0
2012-10-18	-0.080067	6.6e-05	0.005202	-0.105216	-30.13205	24977900.0
2012-10-17	0.014488999999999998	-0.001007	0.01563	-0.005961999999999999	5.374848	4602900.0
2012-10-16	0.00502	-0.001147	0.008111	-0.0061	1.853058	4131800.0
2012-10-15	-0.005062	-0.003773	-0.001235	-0.018865	-1.877961	6060700.0
2012-10-12	-0.008956	0.000492	0.004511	-0.009821	-3.352417	4826400.0
2012-10-11	0.009294	0.011201000000000001	0.018723	0.007696	3.447083	4785600.0
2012-10-10	0.0006320000000000001	-0.002997	0.0046229999999999995	-0.007795000000000001	0.2341	4095000.0
2012-10-09	-0.018144	0.002415	0.004592000000000001	-0.020202	-6.849303999999999	6028900.0
2012-10-08	-0.012779	-0.008662999999999999	-0.005302	-0.017586	-4.8866879999999995	3931800.0
2012-10-05	-0.000521	0.0034630000000000004	0.008242	-0.003958	-0.199249	5492200.0
2012-10-04	0.007279000000000001	0.000328	0.009692000000000001	-0.004065999999999999	2.764618	4926700.0
2012-10-03	0.007279000000000001	-0.001678	0.009155	-0.006328	2.74472	4433100.0
2012-10-02	-0.006288	0.004489	0.005527000000000001	-0.015109000000000001	-2.386047	5601200.0
2012-10-01	0.009649	0.00603	0.013916999999999999	0.0022660000000000002	3.626403	6359700.0
2012-09-28	-0.002644	-0.003106	0.003701	-0.007072	-0.996276	5587700.0
2012-09-27	0.004035	0.008614	0.012449	-0.002402	1.514312	7891600.0
2012-09-26	0.0057399999999999994	0.000921	0.016125	-0.010892	2.141999	11388200.0
2012-09-25	-0.000294	0.004897	0.020697	-0.0022949999999999997	-0.109589	12162400.0
2012-09-24	0.020968	-0.004074	0.021866999999999998	-0.005095000000000001	7.66626	7154200.0
2012-09-21	0.008062	0.0056170000000000005	0.009339	0.002747	2.924042	12765800.0
2012-09-20	0.000852	-0.004164999999999999	0.005333	-0.008631999999999999	0.308837	5836500.0
2012-09-19	0.012836000000000002	-0.001086	0.014312	-0.0026030000000000003	4.5927739999999995	6219700.0
2012-09-18	0.011691	-0.0030989999999999998	0.012226	-0.004507	4.134521	4149000.0
2012-09-17	0.00042300000000000004	-0.002212	0.004509	-0.006595	0.14941400000000002	3027800.0
2012-09-14	0.005156	0.0050420000000000005	0.009858	0.001374	1.813233	5256500.0
2012-09-13	0.021943	0.003199	0.026226999999999997	-0.000492	7.551666	5337900.0
2012-09-12	-0.0018920000000000002	-0.004016	0.0039299999999999995	-0.016339	-0.6525270000000001	5304300.0
2012-09-11	-0.012244	-0.0040100000000000005	-0.000171	-0.013942	-4.273987	3761500.0
2012-09-10	-0.007619	0.005111999999999999	0.009431	-0.010989	-2.6799619999999997	5139100.0
2012-09-07	0.009651	0.000858	0.018373	-0.0024739999999999996	3.362396	6490100.0
2012-09-06	0.027442	0.007698	0.028161000000000002	0.0058909999999999995	9.305114999999999	6109700.0
2012-09-05	-0.00047000000000000004	-0.001527	0.008017	-0.00279	-0.159393	3429100.0
