2017-09-01	0.006072	0.002602	0.007140	-0.000734	0.910004	3375500.000000
2016-09-01	0.00082	0.026035000000000003	0.030461000000000002	0.019778999999999998	0.107498	3851800.0
2016-08-31	0.000149	0.021686	0.027714	0.019472999999999997	0.019516	4650600.0
2016-08-30	-0.0033439999999999998	0.02519	0.027091000000000004	0.016291999999999997	-0.43974300000000005	3440600.0
2016-08-29	0.00655	0.032364	0.035732	0.03022	0.855591	3227700.0
2016-08-26	-0.007901	0.028536000000000002	0.034232	0.017068	-1.040314	4193400.0
2016-08-25	0.00274	0.026023	0.036913	0.023282	0.359742	3168900.0
2016-08-24	-0.008516	0.025138999999999998	0.028763	0.01789	-1.127823	4113000.0
2016-08-23	0.006502	0.03302	0.037732	0.03302	0.855606	2961100.0
2016-08-22	-0.000886	0.029599	0.031497000000000004	0.025195	-0.116699	2752500.0
2016-08-19	0.004896	0.025637	0.035861000000000004	0.024874	0.641708	3959000.0
2016-08-18	-0.009916	0.027630000000000002	0.028536000000000002	0.015618	-1.312546	4430800.0
2016-08-17	-0.000587	0.023025	0.030348000000000003	0.017362	-0.077774	5222200.0
2016-08-16	-0.006056000000000001	0.032964	0.040468000000000004	0.01803	-0.806991	7286100.0
2016-08-15	0.003588	0.032603	0.039080000000000004	0.031247000000000004	0.476409	6327400.0
2016-08-12	-0.0034289999999999998	0.020731	0.031163	0.017953999999999998	-0.45693900000000004	4090000.0
2016-08-11	0.010619	0.033922	0.042948	0.025275	1.400024	4183300.0
2016-08-10	-0.003747	0.029972000000000002	0.034431	0.020602000000000002	-0.495834	3438000.0
2016-08-09	-0.000734	0.028988999999999997	0.035181	0.021967	-0.09726	3180400.0
2016-08-08	-0.005113	0.028536000000000002	0.032217	0.022902000000000002	-0.6805720000000001	3182800.0
2016-08-05	0.006321	0.035718	0.041313	0.032694	0.836151	3022100.0
2016-08-04	-0.007369	0.019006	0.029587000000000002	0.016529	-0.981979	3802900.0
2016-08-03	-0.001166	0.027862	0.028536000000000002	0.017143000000000002	-0.155564	3642600.0
2016-08-02	-0.011170000000000001	0.029574	0.030241000000000004	0.014083000000000002	-1.507004	3898100.0
2016-08-01	0.003834	0.027197000000000002	0.033744	0.025633999999999997	0.5152899999999999	3157800.0
2016-07-29	0.00203	0.024809	0.034201999999999996	0.024659	0.27224699999999996	3662600.0
2016-07-28	0.012105	0.027631	0.042194	0.026951999999999997	1.604233	3230000.0
2016-07-27	-0.003218	0.030492000000000002	0.035606	0.022595	-0.427796	3030800.0
2016-07-26	0.001832	0.028536000000000002	0.036147000000000006	0.025221	0.243073	2575600.0
2016-07-25	-0.000147	0.028762	0.031023000000000002	0.025749	-0.019455	3352600.0
2016-07-22	0.003307	0.031106	0.032845	0.027705	0.4375	2627200.0
2016-07-21	-0.009752	0.023671	0.026514999999999997	0.014015000000000001	-1.3027950000000001	4938100.0
2016-07-20	0.003139	0.031689999999999996	0.032064999999999996	0.026958999999999997	0.41806000000000004	3092000.0
2016-07-19	0.004693999999999999	0.026499	0.033892	0.022652000000000002	0.622238	3831500.0
2016-07-18	0.011575	0.033726	0.041509	0.028765	1.5167389999999998	3730900.0
2016-07-15	0.001784	0.03297	0.036563	0.029376999999999997	0.233337	5323000.0
2016-07-14	0.007337000000000001	0.035005	0.038008	0.030616	0.9528049999999999	3122300.0
2016-07-13	-0.009493000000000001	0.028536000000000002	0.031282	0.015263999999999998	-1.244507	4235500.0
2016-07-12	-0.002294	0.029220999999999997	0.034929	0.022068	-0.30137600000000003	3615800.0
2016-07-11	0.006029	0.032288	0.040326999999999995	0.029377999999999998	0.787521	4577000.0
2016-07-08	0.024245	0.037711	0.05363	0.037084	3.091774	4806200.0
2016-07-07	-0.003116	0.026035000000000003	0.033305	0.020641	-0.39862800000000004	3973600.0
2016-07-06	0.017163	0.027343	0.046507	0.025992	2.158394	4933200.0
2016-07-05	-0.0020829999999999998	0.028377999999999997	0.03536	0.019649	-0.26249	4096600.0
2016-07-01	0.015115	0.033369	0.048996	0.032	1.8764419999999997	5645200.0
2016-06-30	0.002512	0.027729000000000004	0.032493	0.018281	0.311127	6642000.0
2016-06-29	-0.001255	0.03152	0.036117	0.023455	-0.15557100000000001	5782100.0
2016-06-28	0.022941	0.038600999999999996	0.052131	0.036209	2.780655	5385000.0
2016-06-27	-0.013687000000000001	0.019911	0.023247	0.005915	-1.682007	5656900.0
2016-06-24	-0.014731999999999999	0.010978	0.024608	0.006168	-1.8375549999999998	8979800.0
2016-06-23	0.005407	0.03966	0.040626999999999996	0.027326999999999997	0.6708529999999999	4784500.0
2016-06-22	-0.0010960000000000002	0.028133999999999996	0.038439999999999995	0.025799000000000002	-0.13610899999999998	3723700.0
2016-06-21	0.0009400000000000001	0.031276	0.034097	0.025876999999999997	0.11666099999999999	3600900.0
2016-06-20	0.003775	0.036545	0.04237	0.030801	0.46669099999999997	3880300.0
2016-06-17	-0.001727	0.029827999999999997	0.031928	0.023448	-0.21390599999999999	7541900.0
2016-06-16	0.00656	0.024634	0.036746	0.021463999999999997	0.806977	4431800.0
2016-06-15	0.0103	0.032643	0.04915	0.030588999999999998	1.254211	5140000.0
2016-06-14	-0.020261	0.024352000000000002	0.025398	0.003432	-2.5181430000000002	7303500.0
2016-06-13	-0.007762000000000001	0.029414999999999997	0.033486	0.020233	-0.972252	4830900.0
2016-06-10	-0.003635	0.021775	0.027979	0.019865999999999998	-0.456962	3926000.0
2016-06-09	-0.002238	0.025997000000000003	0.030521	0.024171	-0.281937	3450500.0
2016-06-08	-0.0025399999999999997	0.029249	0.031465	0.023232	-0.320862	3742400.0
2016-06-07	0.005651	0.030049	0.041354	0.029570999999999997	0.7097479999999999	4434000.0
2016-06-06	-0.019356	0.021353999999999998	0.021744	0.003006	-2.479248	8051700.0
2016-06-03	-0.00506	0.029469	0.031022000000000004	0.016962	-0.6513979999999999	4149600.0
2016-06-02	0.0044	0.028692000000000002	0.035324	0.024635	0.563904	3858500.0
2016-06-01	-0.002195	0.028536000000000002	0.028536000000000002	0.020985	-0.281967	4744300.0
2016-05-31	-0.00848	0.031006	0.032782	0.016725999999999998	-1.098649	6366900.0
2016-05-27	-0.0008210000000000001	0.034017	0.040418	0.028695	-0.10639900000000001	4004600.0
2016-05-26	0.006381	0.033319	0.042866	0.031223	0.822159	3996800.0
2016-05-25	-0.0012	0.034637	0.042855000000000004	0.031459	-0.15477	5017500.0
2016-05-24	0.014762	0.039841	0.053136	0.038818	1.87648	5181500.0
2016-05-23	-0.003261	0.033783999999999995	0.038801999999999996	0.02955	-0.41593199999999997	3854500.0
2016-05-20	0.0009109999999999999	0.035118	0.044301	0.034019	0.116074	5089800.0
2016-05-19	-0.000304	0.031351	0.036687	0.026095	-0.038696	4577200.0
2016-05-18	-0.0017420000000000003	0.026264999999999997	0.039893	0.018354	-0.222466	8258900.0
2016-05-17	-0.024678	0.017133000000000002	0.027369	0.0014730000000000001	-3.2305759999999997	15989600.0
2016-05-16	0.0166	0.039376	0.060421	0.033474000000000004	2.1375740000000003	8394800.0
2016-05-13	-0.007899	0.030935	0.042644999999999995	0.024925	-1.025254	5295800.0
2016-05-12	-0.000819	0.039251	0.039251	0.024624	-0.10641400000000001	5355600.0
2016-05-11	-0.023344	0.028524	0.030404	0.007773	-3.104859	6058400.0
2016-05-10	0.009322	0.034469	0.045852	0.034317	1.228394	3662800.0
2016-05-09	0.00398	0.033024	0.039729	0.030358	0.522339	3552300.0
2016-05-06	0.007648	0.032404	0.042614	0.031099	0.9962610000000001	3350900.0
2016-05-05	-0.003625	0.031644	0.035468	0.023077	-0.47396800000000006	3474900.0
2016-05-04	0.004608	0.026562	0.040471	0.023027000000000002	0.599701	3192100.0
2016-05-03	-0.011099	0.029302999999999996	0.032266	0.018588	-1.460556	3388200.0
2016-05-02	0.016133	0.037569	0.052085	0.037105	2.089264	4284400.0
2016-04-29	0.008739	0.033706	0.046091	0.026229000000000002	1.1219940000000002	4610100.0
2016-04-28	-0.022247	0.026702999999999998	0.031501	0.009035	-2.921051	5553600.0
2016-04-27	0.003029	0.034092000000000004	0.041043	0.029432	0.396575	3488100.0
2016-04-26	-0.002285	0.029594	0.038359	0.027993999999999998	-0.299865	3507200.0
2016-04-25	-7.4e-05	0.030204	0.034395999999999996	0.023344999999999998	-0.009659000000000001	2835400.0
2016-04-22	0.007875	0.035782	0.042158	0.024722	1.025253	4180900.0
2016-04-21	-0.004364	0.034168000000000004	0.036157	0.027744	-0.570663	3542200.0
2016-04-20	-0.001846	0.036229000000000004	0.038748000000000005	0.026534	-0.24182199999999998	4760200.0
2016-04-19	-0.009941	0.033862	0.035374	0.019125	-1.315444	4649500.0
2016-04-18	0.013258	0.032331	0.047569	0.031795	1.731353	3964300.0
2016-04-15	0.004763	0.03417	0.040864	0.030785000000000003	0.619049	3508900.0
2016-04-14	0.00396	0.031236	0.040583	0.026447000000000002	0.5126649999999999	4183300.0
2016-04-13	-0.004019	0.037555	0.037555	0.024938	-0.522339	4324800.0
2016-04-12	0.0103	0.036116	0.047154	0.03464	1.325135	4251400.0
2016-04-11	-0.004565	0.033553	0.045159	0.028756	-0.590012	3472700.0
2016-04-08	-0.0018679999999999999	0.039654	0.039654	0.027607	-0.241821	2924400.0
2016-04-07	-0.011592	0.028442000000000002	0.032336000000000004	0.016153	-1.518586	3953700.0
2016-04-06	0.00639	0.031327	0.042774	0.028024	0.831833	3364800.0
2016-04-05	-0.002002	0.028879000000000002	0.040379000000000005	0.026579000000000002	-0.261154	4068600.0
2016-04-04	0.0	0.043216000000000004	0.044442	0.030029000000000004	0.0	3547600.0
2016-04-01	0.010643000000000001	0.031306	0.047577	0.031306	1.37352	4259400.0
2016-03-31	7.5e-05	0.034947000000000006	0.040604	0.030608	0.009644	3685900.0
2016-03-30	0.007170999999999999	0.038857	0.045257	0.03675	0.918884	3138300.0
2016-03-29	0.010604	0.033231000000000004	0.048217	0.030944	1.344467	3405400.0
2016-03-28	0.004753	0.034972	0.044561	0.0341	0.599709	2621100.0
2016-03-24	0.001843	0.028463	0.038149	0.027828	0.23212399999999997	3448700.0
2016-03-23	-0.002833	0.033862	0.038533	0.028794999999999998	-0.35787199999999997	3625300.0
2016-03-22	-0.003206	0.030706	0.035519999999999996	0.025261000000000002	-0.406235	3946500.0
2016-03-21	-0.002588	0.035279000000000005	0.040001999999999996	0.025362	-0.328857	3817000.0
2016-03-18	0.0035909999999999996	0.035916000000000003	0.04342	0.033467000000000004	0.45460500000000004	8069200.0
2016-03-17	0.003296	0.031088	0.039727	0.024907	0.41590900000000003	4130900.0
2016-03-16	0.005705	0.033225	0.045021	0.026688999999999997	0.7157439999999999	3609600.0
2016-03-15	0.006753	0.033381	0.047022	0.032097	0.841514	4033900.0
2016-03-14	0.0029579999999999997	0.033621	0.043519999999999996	0.030964999999999996	0.367562	3653200.0
2016-03-11	0.020415	0.042732	0.057432000000000004	0.040761	2.485817	4626600.0
2016-03-10	-0.001111	0.035257	0.041819	0.019753	-0.135407	4503700.0
2016-03-09	-0.005445	0.036391	0.040389	0.022522	-0.667404	4047000.0
2016-03-08	0.009882	0.03172	0.056273000000000004	0.029907	1.1993790000000002	5280900.0
2016-03-07	0.0048579999999999995	0.034994	0.047661	0.034994	0.586807	4161200.0
2016-03-04	-0.009779000000000001	0.044219999999999995	0.045286	0.026101999999999997	-1.192848	6448200.0
2016-03-03	0.009635	0.036319	0.05337000000000001	0.032843000000000004	1.163986	5009700.0
2016-03-02	-0.000875	0.037728	0.040952999999999996	0.029292000000000002	-0.10582000000000001	3967500.0
2016-03-01	0.01273	0.045075	0.055041999999999994	0.038375	1.51989	4916900.0
2016-02-29	-0.016949000000000002	0.039547000000000006	0.045558	0.021352	-2.058593	5575300.0
2016-02-26	-0.00473	0.045529	0.04684	0.031927	-0.577164	4608200.0
2016-02-25	0.009951	0.040789	0.049892	0.033589	1.202438	4738800.0
2016-02-24	0.008673	0.035539999999999995	0.049982	0.026106999999999998	1.038918	7935500.0
2016-02-23	0.013675	0.074664	0.076272	0.043778	1.616096	11168700.0
2016-02-22	0.009531999999999999	0.050738	0.063296	0.043306	1.115853	7796900.0
2016-02-19	0.014337	0.038248000000000004	0.054537999999999996	0.028976	1.654579	5435500.0
2016-02-18	-0.01023	0.037146	0.038689999999999995	0.025396000000000002	-1.192818	4460700.0
2016-02-17	0.014903999999999999	0.048426	0.059132000000000004	0.043377	1.712273	5970700.0
2016-02-16	0.026737	0.055634	0.072435	0.051879999999999996	2.9916840000000002	6966400.0
2016-02-12	0.026927	0.054323	0.068549	0.041842000000000004	2.933975	5361600.0
2016-02-11	-0.009271	0.028182	0.038274	0.020362	-1.019684	6447100.0
2016-02-10	0.004128	0.045391	0.060546	0.041282	0.45212600000000003	5307600.0
2016-02-09	0.017971	0.031089999999999996	0.071519	0.028673	1.93354	7572900.0
2016-02-08	-0.039337000000000004	0.026155	0.03544	-0.021256	-4.405762	11286600.0
2016-02-05	-0.038643000000000004	0.037659	0.038603	-0.006975	-4.501968	8117700.0
2016-02-04	-0.02165	0.038372	0.040471	0.003101	-2.578041	9171800.0
2016-02-03	-0.011815	0.045771	0.046932999999999996	0.008594	-1.423699	7485700.0
2016-02-02	-0.009802	0.030507999999999997	0.03889	0.024756	-1.192833	5832200.0
2016-02-01	0.005964	0.032604	0.050541	0.024916	0.7214659999999999	4674100.0
2016-01-29	0.028458999999999998	0.047113999999999996	0.069132	0.043543	3.3476190000000003	7616200.0
2016-01-28	0.00584	0.042968	0.049124	0.028773000000000003	0.682983	4871600.0
2016-01-27	-0.005155	0.041759	0.05758200000000001	0.028148000000000003	-0.6060260000000001	5431000.0
2016-01-26	0.004026	0.039718	0.045868	0.030407999999999998	0.47136000000000006	4475600.0
2016-01-25	-0.008553	0.044798000000000004	0.048777999999999995	0.029386000000000002	-1.0100559999999998	4854700.0
2016-01-22	0.021128	0.051826	0.078027	0.051307000000000005	2.443367	6554500.0
2016-01-21	0.032286	0.047758999999999996	0.088463	0.045617000000000005	3.6169589999999996	8993900.0
2016-01-20	-0.027555	0.023315	0.029999	-0.01401	-3.174454	11331400.0
2016-01-19	0.004445	0.050969	0.06274	0.035798	0.509842	6350700.0
2016-01-15	-0.0032600000000000003	0.017821	0.052844	0.008957	-0.375168	10465900.0
2016-01-14	-0.014662	0.038605	0.040575	0.012145999999999999	-1.712288	13389100.0
2016-01-13	-0.047768	0.039383999999999995	0.039383999999999995	-0.013616	-5.858314	8932200.0
2016-01-12	0.013595	0.047812	0.06450700000000001	0.039961	1.64495	5695700.0
2016-01-11	0.015172999999999999	0.047686	0.057838	0.041141000000000004	1.808472	6811600.0
2016-01-08	-0.011962	0.048169	0.048915	0.023797	-1.44294	7104500.0
2016-01-07	-0.028508999999999996	0.022232	0.029883	0.004273	-3.5399849999999997	12551000.0
2016-01-06	-0.01035	0.02815	0.035323	0.024643	-1.298645	8199600.0
2016-01-05	-0.004883	0.040182	0.046447	0.031457	-0.615677	5320900.0
2016-01-04	-0.008922	0.022726	0.030272000000000004	0.017537999999999998	-1.135086	8050900.0
2015-12-31	-0.008249	0.037443000000000004	0.041263	0.030894	-1.058152	3172200.0
2015-12-30	-0.002618	0.038613999999999996	0.042345999999999995	0.036282	-0.3367	2484700.0
2015-12-29	0.0076879999999999995	0.044954	0.052475	0.044249000000000004	0.981224	3037400.0
2015-12-28	-0.001655	0.034463	0.039547000000000006	0.031647	-0.211639	2607200.0
2015-12-24	-0.001578	0.037126	0.042437	0.036032999999999996	-0.202019	1517100.0
2015-12-23	0.009327	0.044356	0.051056	0.039547000000000006	1.183189	3244800.0
2015-12-22	0.004340999999999999	0.040022	0.047227	0.032818	0.548348	3401900.0
2015-12-21	0.007829000000000001	0.045212	0.050079000000000005	0.038669999999999996	0.9811780000000001	3414800.0
2015-12-18	-0.00807	0.03464	0.039231	0.028942000000000002	-1.019684	9840600.0
2015-12-17	-0.011663	0.040799	0.044552999999999995	0.024686000000000003	-1.491012	4345800.0
2015-12-16	0.012263	0.046515	0.055304	0.032184	1.5487520000000001	4711700.0
2015-12-15	-0.005454	0.044351	0.051202	0.033089999999999994	-0.692612	4921800.0
2015-12-14	0.012036	0.044726999999999996	0.053015999999999994	0.041699	1.510254	5960100.0
2015-12-11	-0.015844	0.039547000000000006	0.039547000000000006	0.022057	-2.0200810000000002	5300800.0
2015-12-10	0.004852	0.04002	0.052867	0.038758999999999995	0.615647	4185600.0
2015-12-09	-0.014495	0.034654000000000004	0.046848	0.02145	-1.8662040000000002	5055600.0
2015-12-08	-0.000672	0.030077999999999997	0.044437	0.027749	-0.086578	4731400.0
2015-12-07	-0.00446	0.035452	0.041556	0.029193	-0.577179	5444300.0
2015-12-04	0.027496	0.044469999999999996	0.070512	0.042881999999999997	3.463058	5387100.0
2015-12-03	-0.021523	0.037294	0.041956	0.016163	-2.7704459999999997	6688000.0
2015-12-02	-0.004612	0.040553	0.041249	0.032897	-0.596405	5022700.0
2015-12-01	0.008551999999999999	0.041341	0.049998	0.039313	1.096588	5267600.0
2015-11-30	-0.006382	0.047714	0.048644	0.030742000000000002	-0.823609	8057900.0
2015-11-27	0.000669	0.04539	0.050508	0.043218	0.086212	3337700.0
2015-11-25	0.007859	0.044851999999999996	0.056965999999999996	0.043758	1.0056	5300900.0
2015-11-24	0.008302	0.039657	0.055417999999999995	0.03816	1.053467	6672700.0
2015-11-23	0.017587000000000002	0.044149	0.063635	0.044149	2.193176	6329700.0
2015-11-20	0.026407	0.048264	0.07172200000000001	0.046042	3.208359	8191900.0
2015-11-19	0.002529	0.044066	0.05306	0.03928	0.306465	4662200.0
2015-11-18	0.002853	0.0463	0.0487	0.031570999999999995	0.344788	6502000.0
2015-11-17	0.044191	0.078885	0.091673	0.063677	5.1142199999999995	10517100.0
2015-11-16	0.007	0.044584	0.053111	0.032054	0.804474	7785700.0
2015-11-13	-0.030773000000000002	0.038161	0.039425999999999996	0.011174	-3.648903	8728800.0
2015-11-12	-0.007217	0.039711	0.046326	0.030333999999999996	-0.8619389999999999	4285700.0
2015-11-11	-0.004391	0.045566	0.045566	0.03798	-0.526764	3240200.0
2015-11-10	0.006104999999999999	0.044065	0.051780999999999994	0.040291	0.727883	3872900.0
2015-11-09	-0.011748	0.042657	0.045308999999999995	0.025335	-1.417435	4988800.0
2015-11-06	0.002068	0.040411	0.047388	0.036674	0.249016	3752000.0
2015-11-05	0.002712	0.044815	0.049395	0.040568	0.32562199999999997	3059400.0
2015-11-04	-0.002228	0.042652999999999996	0.045894	0.035507	-0.268165	4101200.0
2015-11-03	0.010047	0.042638	0.057829	0.039113	1.197136	4313700.0
2015-11-02	0.006228	0.049216	0.05259400000000001	0.041953	0.7374649999999999	3715600.0
2015-10-30	8.1e-05	0.041108	0.053608	0.041108	0.009567	4991500.0
2015-10-29	-0.001534	0.040776	0.046257	0.035126	-0.181954	4635300.0
2015-10-28	-0.005222	0.043394	0.045155	0.025274	-0.622528	6821500.0
2015-10-27	-0.00432	0.039973	0.044817	0.034208999999999996	-0.517173	3674800.0
2015-10-26	0.00321	0.043646	0.052947	0.039205000000000004	0.383094	4550200.0
2015-10-23	0.00201	0.049606	0.05581900000000001	0.032478	0.23942600000000003	5281600.0
2015-10-22	0.008597	0.04923	0.054140999999999995	0.040592	1.015175	5855300.0
2015-10-21	0.0036630000000000005	0.047889	0.054092999999999995	0.043299000000000004	0.43098400000000003	3491800.0
2015-10-20	-0.002031	0.042368	0.044743	0.037787	-0.239425	3279100.0
2015-10-19	0.002933	0.043043	0.048062	0.039555	0.344787	3097700.0
2015-10-16	0.007634999999999999	0.042606	0.05280599999999999	0.042606	0.8906629999999999	4068800.0
2015-10-15	0.012804	0.047187	0.059428999999999996	0.045277	1.474877	3448900.0
2015-10-14	-0.011019	0.041745	0.046467	0.026547	-1.283341	5200400.0
2015-10-13	-0.002379	0.043035000000000004	0.047488999999999996	0.037639	-0.27774	2971400.0
2015-10-12	0.004698	0.045526	0.053787	0.041309	0.545906	2861900.0
2015-10-09	0.00223	0.04596	0.047944	0.039060000000000004	0.258583	3893500.0
2015-10-08	0.011784000000000001	0.041181999999999996	0.057937	0.039786	1.350395	4958200.0
2015-10-07	0.008173	0.048724	0.054354999999999994	0.042477	0.9289860000000001	4680100.0
2015-10-06	-0.0043630000000000006	0.043273	0.044149	0.033374	-0.49802399999999997	5275400.0
2015-10-05	0.011798999999999999	0.05248	0.057266	0.045035000000000006	1.331238	4528700.0
2015-10-02	0.006665000000000001	0.031032999999999998	0.051911	0.02345	0.747009	4359800.0
2015-10-01	0.013335	0.050838999999999995	0.058976	0.037368	1.474892	5215200.0
2015-09-30	0.02285	0.05765	0.069302	0.054229	2.470909	5395600.0
2015-09-29	-0.010429	0.045156	0.051744000000000005	0.023101	-1.139679	7908800.0
2015-09-28	-0.022614	0.042270999999999996	0.049873	0.0183	-2.528382	5994600.0
2015-09-25	0.003438	0.052137	0.060573	0.041456	0.38309499999999996	5478900.0
2015-09-24	0.001463	0.036689	0.048463	0.032195	0.162796	5172300.0
2015-09-23	0.003195	0.0446	0.050911	0.042886	0.354363	4084900.0
2015-09-22	-0.006691	0.03358	0.042447000000000006	0.029012	-0.747017	4631600.0
2015-09-21	0.012681999999999999	0.051767999999999995	0.062198	0.045509	1.3982620000000001	5201100.0
2015-09-18	-0.023662	0.031751	0.037861	0.018202	-2.6720349999999997	11366700.0
2015-09-17	0.0007639999999999999	0.048669	0.061873000000000004	0.039275	0.08619600000000001	6607100.0
2015-09-16	0.014116	0.04325	0.060775	0.042261	1.570656	5285100.0
2015-09-15	0.012638	0.044604000000000005	0.061440999999999996	0.036594999999999996	1.388703	4994000.0
2015-09-14	-0.006151	0.044691	0.04632	0.034923	-0.6799930000000001	4248700.0
2015-09-11	0.008298	0.039406000000000004	0.05299500000000001	0.036944	0.9098360000000001	4472800.0
2015-09-10	0.004563	0.044424	0.057342	0.041583999999999996	0.49800900000000003	5259100.0
2015-09-09	-0.021129	0.050247	0.053475999999999996	0.019666	-2.3559799999999997	5316400.0
2015-09-08	0.017567	0.055738	0.064407	0.046978	1.9250029999999998	5775800.0
2015-09-04	-0.018696	0.026955	0.036	0.016299	-2.087807	5752000.0
2015-09-03	0.00103	0.049079000000000005	0.058491999999999995	0.041460000000000004	0.114922	5302900.0
2015-09-02	0.030157999999999997	0.060402	0.075639	0.055692	3.2658080000000003	6487400.0
2015-09-01	-0.024165	0.027207	0.034056	0.014321	-2.681603	7392900.0
2015-08-31	-0.00902	0.044911	0.049198	0.035267	-1.010025	5444500.0
2015-08-28	-0.00119	0.047414	0.056601	0.042865	-0.133423	5016000.0
2015-08-27	0.014922999999999999	0.063678	0.06901900000000001	0.044034	1.648461	7579100.0
2015-08-26	0.044697	0.078688	0.097319	0.059963	4.726227	9313200.0
2015-08-25	-0.013951	0.091056	0.091056	0.034079000000000005	-1.49601	10221100.0
2015-08-24	-0.031163999999999997	-0.005736	0.046936	-0.167276	-3.4493720000000003	13983100.0
2015-08-21	-0.036336	0.040759	0.047898	0.011245	-4.173553	10190700.0
2015-08-20	-0.018084	0.042797	0.047499	0.030487	-2.115364	5555500.0
2015-08-19	-0.00032599999999999996	0.048354	0.057926	0.04374	-0.038117000000000005	6481700.0
2015-08-18	0.025898	0.06813999999999999	0.085412	0.062178	2.953896	11021900.0
2015-08-17	-0.00041799999999999997	0.043769	0.058228999999999996	0.040527	-0.047646	7255600.0
2015-08-14	0.0061329999999999996	0.051934	0.057137	0.044528	0.695588	5135500.0
2015-08-13	0.011301	0.05223	0.071312	0.050357	1.267295	6255500.0
2015-08-12	0.0	0.044472000000000005	0.051160000000000004	0.03172	0.0	4575800.0
2015-08-11	0.000766	0.044289999999999996	0.054285	0.041969	0.085785	4080000.0
2015-08-10	0.00573	0.054851	0.06212	0.053325	0.638413	3408900.0
2015-08-07	0.0031739999999999997	0.050726	0.05486799999999999	0.042443	0.352569	3986100.0
2015-08-06	-0.012203	0.052934	0.053912	0.032300999999999996	-1.372139	4768900.0
2015-08-05	0.003999	0.057054999999999995	0.058395	0.045626	0.447838	4299100.0
2015-08-04	0.005475	0.047131	0.057815	0.043719	0.609841	3008200.0
2015-08-03	-0.001196	0.05475599999999999	0.055474	0.041664	-0.133393	3645000.0
2015-07-31	0.004894	0.054151	0.064515	0.048655000000000004	0.543129	4301200.0
2015-07-30	0.000773	0.045588	0.052801999999999995	0.040267000000000004	0.085747	3291100.0
2015-07-29	0.013323	0.05239	0.067011	0.05193300000000001	1.457893	5104000.0
2015-07-28	0.015653999999999998	0.05587	0.06765700000000001	0.050487	1.686577	4176800.0
2015-07-27	-0.0045780000000000005	0.047432999999999996	0.052237	0.041335000000000004	-0.495483	4468200.0
2015-07-24	-0.008727	0.050838999999999995	0.055327	0.038842	-0.952866	4427800.0
2015-07-23	-0.002698	0.052297	0.060516999999999994	0.045173000000000005	-0.295402	4308900.0
2015-07-22	0.009134	0.050387	0.06071	0.048912	0.9909819999999999	5485200.0
2015-07-21	0.003968	0.049466	0.054648	0.042710000000000005	0.428795	4660600.0
2015-07-20	-0.00926	0.029112	0.046165	0.028379	-1.010041	6107500.0
2015-07-17	-0.0022660000000000002	0.04727	0.051935	0.042788	-0.247757	5497600.0
2015-07-16	-0.007354	0.052099	0.052462	0.033576	-0.809921	5234800.0
2015-07-15	0.001907	0.050011	0.056652	0.046827	0.20963299999999999	3364600.0
2015-07-14	0.0040030000000000005	0.045812	0.055220000000000005	0.044807	0.438309	3688900.0
2015-07-13	0.015915000000000002	0.059765	0.067281	0.058466	1.715164	4171900.0
2015-07-10	0.015443	0.06162	0.069253	0.056155	1.6389310000000001	4631400.0
2015-07-09	0.003423	0.061946	0.064498	0.05135599999999999	0.362091	3516000.0
2015-07-08	-0.012456	0.043116	0.050026	0.034526	-1.334022	3794100.0
2015-07-07	0.009701999999999999	0.053237	0.06191	0.043621	1.0291059999999999	5515900.0
2015-07-06	-0.001525	0.037982	0.053607	0.03704	-0.161995	3864700.0
2015-07-02	-0.005175	0.054241	0.055833	0.040382	-0.552666	3845000.0
2015-07-01	0.008459	0.06193099999999999	0.065331	0.052676	0.895699	4216200.0
2015-06-30	0.005337	0.05525700000000001	0.061048000000000005	0.04994	0.562187	5938800.0
2015-06-29	-0.018295	0.039772	0.046856	0.029519999999999998	-1.962898	5187400.0
2015-06-26	0.003207	0.054421000000000004	0.059751	0.049372000000000006	0.34304	4208500.0
2015-06-25	-0.0009789999999999998	0.057779	0.062169	0.048438	-0.10482799999999999	4466300.0
2015-06-24	-0.007334	0.04724	0.054102	0.041769	-0.790886	3716100.0
2015-06-23	0.000973	0.051043	0.05429199999999999	0.048166	0.10482799999999999	3075900.0
2015-06-22	0.005692	0.05413300000000001	0.060573	0.052733	0.609833	3190200.0
2015-06-19	0.005185	0.047494999999999996	0.06307	0.045618	0.55265	9255100.0
2015-06-18	0.012492	0.055071	0.066851	0.052221000000000004	1.314972	7222600.0
2015-06-17	0.002177	0.054225999999999996	0.059557000000000006	0.046895	0.22868400000000003	5722200.0
2015-06-16	0.002	0.048416	0.053663	0.046985	0.209625	3466600.0
2015-06-15	-0.005334	0.045955	0.048137	0.039501999999999995	-0.56218	3965200.0
2015-06-12	-0.0062	0.045693	0.05229400000000001	0.041261	-0.657493	4301900.0
2015-06-11	0.002793	0.049655	0.062232	0.049655	0.295387	3642800.0
2015-06-10	0.013238	0.053011	0.065371	0.048124	1.381661	3967900.0
2015-06-09	-0.003639	0.048129000000000005	0.052521000000000005	0.040874	-0.38113400000000003	3659000.0
2015-06-08	-0.003987	0.047278	0.053649	0.044331	-0.419281	3449000.0
2015-06-05	-0.009779000000000001	0.048336000000000004	0.048524	0.038261	-1.038605	4505400.0
2015-06-04	-0.015022999999999998	0.04353	0.049466	0.031010000000000003	-1.619873	4328600.0
2015-06-03	0.014069	0.050688	0.06724	0.048149000000000004	1.496002	6337500.0
2015-06-02	0.004591	0.046348	0.059858	0.045308	0.485954	6088200.0
2015-06-01	0.0022440000000000003	0.060248	0.063751	0.05343	0.236969	5114500.0
2015-05-29	-0.006864	0.051748	0.058801	0.047327999999999995	-0.72985	5310600.0
2015-05-28	0.000267	0.052688	0.060119000000000006	0.052217999999999994	0.028433999999999997	2806100.0
2015-05-27	0.011087999999999999	0.056086000000000004	0.070257	0.053898	1.165848	4147800.0
2015-05-26	-0.010967	0.053535	0.055228	0.041212	-1.165848	4612600.0
2015-05-22	0.0013390000000000001	0.053721000000000005	0.059938	0.049859	0.142174	3694000.0
2015-05-21	-0.0008029999999999999	0.05391	0.057204	0.050522000000000004	-0.085297	4238600.0
2015-05-20	-0.002136	0.05363099999999999	0.060204999999999995	0.044521	-0.22749299999999997	7004500.0
2015-05-19	-0.017406	0.07155800000000001	0.07488	0.036676	-1.886177	11133200.0
2015-05-18	0.008646	0.059879999999999996	0.066675	0.053271000000000006	0.9288860000000001	6878200.0
2015-05-15	0.012596	0.054851	0.0688	0.053909000000000006	1.336441	4575800.0
2015-05-14	0.006745	0.0632	0.064813	0.051624	0.710869	3815700.0
2015-05-13	-0.01182	0.058789999999999995	0.059072	0.041725	-1.260612	4340700.0
2015-05-12	0.005541	0.047686	0.06371399999999999	0.044951	0.587662	4053800.0
2015-05-11	-0.005068	0.052882000000000005	0.059167	0.048848	-0.540284	3725200.0
2015-05-08	0.022083000000000002	0.077667	0.088022	0.07488600000000001	2.303238	6435300.0
2015-05-07	0.015972999999999998	0.055915999999999993	0.078515	0.054454999999999996	1.6397560000000002	5400200.0
2015-05-06	0.002313	0.056407000000000006	0.06333899999999999	0.047034	0.23695300000000002	3996600.0
2015-05-05	-0.018172	0.046796	0.053314	0.035101	-1.8956680000000001	4164800.0
2015-05-04	0.004654999999999999	0.058796	0.063707	0.052825	0.48339899999999997	3366800.0
2015-05-01	0.024023	0.05504	0.08275199999999999	0.05375800000000001	2.43592	6696900.0
2015-04-30	-0.015913999999999998	0.05358400000000001	0.059891999999999994	0.034756	-1.639732	9041600.0
2015-04-29	-0.016911000000000002	0.051128	0.052464	0.031092	-1.7724529999999998	7238900.0
2015-04-28	-0.007272	0.050399	0.058639	0.042348000000000004	-0.767754	5743300.0
2015-04-27	-0.020316	0.058288	0.05884400000000001	0.032583999999999995	-2.189476	5618000.0
2015-04-24	-0.002282	0.054299	0.055779999999999996	0.045226	-0.246437	2878300.0
2015-04-23	0.008584999999999999	0.052704999999999995	0.069233	0.051025	0.9193879999999999	3945300.0
2015-04-22	-0.00159	0.05532	0.056345000000000006	0.045904	-0.170593	4065500.0
2015-04-21	0.002747	0.061023	0.06551	0.051674	0.293815	3899500.0
2015-04-20	0.00678	0.06351	0.070004	0.060498	0.720352	4396300.0
2015-04-17	-0.011202	0.050759	0.05262000000000001	0.04015	-1.203743	6245200.0
2015-04-16	-0.000705	0.054016999999999996	0.060062	0.051041	-0.07582799999999999	4013000.0
2015-04-15	-0.005261	0.059942999999999996	0.06577100000000001	0.048842	-0.568695	4210800.0
2015-04-14	-0.003408	0.052827	0.060017999999999995	0.042778	-0.369667	4072500.0
2015-04-13	-0.006942	0.052476	0.056778999999999996	0.046892	-0.7582479999999999	2982000.0
2015-04-10	0.005848	0.05411900000000001	0.064985	0.053658000000000004	0.635041	3658100.0
2015-04-09	-0.008824	0.053853	0.061064	0.041805	-0.9667899999999999	4674000.0
2015-04-08	0.011286	0.051994000000000005	0.068978	0.050700999999999996	1.222695	3753500.0
2015-04-07	-0.0056549999999999994	0.053938	0.06275	0.048431	-0.616081	3188300.0
2015-04-06	0.00358	0.045	0.064343	0.044631	0.38861	3248900.0
2015-04-02	0.012463	0.05019	0.071733	0.049351	1.3364340000000001	4064800.0
2015-04-01	-0.004225	0.057547	0.058661000000000005	0.044081999999999996	-0.45496400000000004	4737700.0
2015-03-31	-0.008898	0.04648	0.061850999999999996	0.0451	-0.966766	4128800.0
2015-03-30	0.006763	0.065232	0.07533200000000001	0.061248000000000004	0.729812	3968400.0
2015-03-27	0.01326	0.052316999999999995	0.072503	0.051565999999999994	1.4122780000000001	3879300.0
2015-03-26	-0.011524	0.052070000000000005	0.05272	0.03555	-1.2416610000000001	5409600.0
2015-03-25	-0.021266	0.053314	0.05921799999999999	0.03224	-2.341141	4725800.0
2015-03-24	0.0006889999999999999	0.05622100000000001	0.071038	0.054766999999999996	0.075821	4026900.0
2015-03-23	-0.012086	0.050999	0.057375	0.042288	-1.345909	4095200.0
2015-03-20	0.020233	0.058613	0.080967	0.056597	2.2084349999999997	8446000.0
2015-03-19	-0.007925	0.05622100000000001	0.058221	0.045860000000000005	-0.871994	3545600.0
2015-03-18	0.004326	0.053488	0.062707	0.034319	0.47390699999999997	4773600.0
2015-03-17	-0.007897	0.045531	0.051236000000000004	0.042723000000000004	-0.871994	3715900.0
2015-03-16	0.014631	0.059726	0.071487	0.059634000000000006	1.592339	4820300.0
2015-03-13	-0.011025	0.05404	0.056948	0.035956	-1.213211	4626900.0
2015-03-12	0.026798000000000002	0.062318	0.086671	0.061571	2.871925	5742000.0
2015-03-11	0.004531	0.056165	0.066662	0.053634	0.48339799999999994	4356500.0
2015-03-10	-0.018315	0.047587	0.052095	0.035717	-1.9904400000000002	5685000.0
2015-03-09	0.0069900000000000006	0.059820000000000005	0.070013	0.059727999999999996	0.754387	5351200.0
2015-03-06	-0.012596	0.060926	0.060926	0.042994	-1.376762	5169200.0
2015-03-05	0.010020999999999999	0.064812	0.072851	0.06324099999999999	1.0844340000000001	4088700.0
2015-03-04	-0.011286	0.05425599999999999	0.054987	0.04384	-1.235306	3799000.0
2015-03-03	-0.00043099999999999996	0.060377	0.06046900000000001	0.048414	-0.047157	3784800.0
2015-03-02	0.011939	0.061485000000000005	0.081817	0.061485000000000005	1.291878	5971900.0
2015-02-27	-0.0054600000000000004	0.058722	0.06313400000000001	0.05293200000000001	-0.594071	5732600.0
2015-02-26	-0.007996	0.057642	0.061471000000000005	0.050348000000000004	-0.876976	5649900.0
2015-02-25	-0.0037689999999999998	0.06591799999999999	0.06591799999999999	0.05229400000000001	-0.414917	7328200.0
2015-02-24	0.039811	0.10977100000000001	0.113738	0.087386	4.215134	12775500.0
2015-02-23	0.000356	0.06755499999999999	0.069161	0.056311	0.03772	5638000.0
2015-02-20	0.011718000000000001	0.059226	0.072991	0.051961	1.22586	7276100.0
2015-02-19	-0.009376	0.060658000000000004	0.064824	0.047685000000000005	-0.9901270000000001	5910600.0
2015-02-18	-8.9e-05	0.056680999999999995	0.062077999999999994	0.051	-0.00943	3731600.0
2015-02-17	0.000983	0.058573	0.063691	0.048431999999999996	0.103744	6028600.0
2015-02-13	-0.002407	0.05905	0.06264299999999999	0.052337	-0.254623	5098600.0
2015-02-12	0.016771	0.065275	0.078638	0.059507000000000004	1.744507	4592200.0
2015-02-11	-0.0032530000000000002	0.059798000000000004	0.061714	0.052228	-0.339463	4552900.0
2015-02-10	0.021506	0.064873	0.085037	0.063601	2.197152	5414400.0
2015-02-09	-0.00642	0.058912	0.064553	0.050743	-0.660096	4243800.0
2015-02-06	0.000459	0.06329	0.06776599999999999	0.055312	0.04715	4223700.0
2015-02-05	0.00535	0.066044	0.069566	0.057925	0.546921	4471800.0
2015-02-04	0.01091	0.058985	0.077873	0.055623	1.103302	6765200.0
2015-02-03	0.026907999999999998	0.06514	0.089816	0.064327	2.649757	5969200.0
2015-02-02	9.6e-05	0.064125	0.066359	0.031525	0.009445	5012800.0
2015-01-30	-0.029733999999999997	0.048053	0.05297999999999999	0.028542	-3.0175400000000003	7000000.0
2015-01-29	0.027497000000000004	0.064519	0.090843	0.05814	2.715783	6529300.0
2015-01-28	-0.003994	0.061980999999999994	0.08336	0.054821	-0.396065	4917300.0
2015-01-27	-0.011281999999999999	0.044715	0.054985	0.040926	-1.131561	4606500.0
2015-01-26	0.009395	0.060368	0.071841	0.057349000000000004	0.9335479999999999	4192300.0
2015-01-23	-0.0066	0.06186799999999999	0.064568	0.05287000000000001	-0.660096	4072300.0
2015-01-22	0.024534	0.069175	0.08894400000000001	0.06057100000000001	2.395172	5804100.0
2015-01-21	0.002712	0.058414	0.068788	0.052765	0.26403899999999997	5899200.0
2015-01-20	-0.008356	0.067802	0.068922	0.042441	-0.8203889999999999	5331300.0
2015-01-16	0.030788999999999997	0.05889400000000001	0.095114	0.052385	2.9326630000000002	6403800.0
2015-01-15	-0.015881	0.06749400000000001	0.070904	0.041664	-1.537064	6895000.0
2015-01-14	-0.010508	0.047076	0.057197000000000005	0.041555	-1.027847	5384400.0
2015-01-13	-0.006608	0.070523	0.076921	0.047570999999999995	-0.6506430000000001	5395200.0
2015-01-12	-0.004481000000000001	0.063299	0.064513	0.052077	-0.44320600000000004	4992900.0
2015-01-09	-0.017148	0.062058	0.062058	0.041588	-1.72567	5717600.0
2015-01-08	0.022124	0.070219	0.086673	0.066664	2.178299	6464600.0
2015-01-07	0.034275	0.074545	0.097446	0.07149900000000001	3.262726	5091000.0
2015-01-06	-0.003062	0.068951	0.068951	0.050834	-0.292351	4910100.0
2015-01-05	-0.020981	0.053804	0.053804	0.0334	-2.04628	5878100.0
2015-01-02	-0.014671	0.062388	0.067439	0.037232999999999995	-1.4521709999999999	4323700.0
2014-12-31	0.006712999999999999	0.06535	0.07826699999999999	0.06341799999999999	0.660079	5821600.0
2014-12-30	-0.002487	0.059556	0.062599	0.053570000000000007	-0.245162	2927800.0
2014-12-29	0.007518	0.05873099999999999	0.071201	0.05546	0.7355189999999999	3492700.0
2014-12-26	0.001835	0.06477000000000001	0.06825099999999999	0.059649	0.179176	2594900.0
2014-12-24	-0.001928	0.063433	0.06680499999999999	0.058425	-0.18859800000000002	1819000.0
2014-12-23	0.002512	0.062108000000000003	0.06764099999999999	0.058624	0.245178	4067700.0
2014-12-22	0.015403	0.06379800000000001	0.07753099999999999	0.06359	1.4804760000000001	5418900.0
2014-12-19	0.012516	0.06310199999999999	0.07447899999999999	0.061944000000000006	1.188164	12500600.0
2014-12-18	0.017485	0.075474	0.079226	0.064327	1.631348	6594000.0
2014-12-17	0.019369	0.066259	0.083195	0.060796	1.7727959999999998	6096400.0
2014-12-16	-0.029885000000000002	0.053367	0.062376	0.028033999999999996	-2.8195189999999997	7829300.0
2014-12-15	0.002706	0.062913	0.075986	0.055261000000000005	0.254616	5488300.0
2014-12-12	-0.004887	0.054334	0.07083300000000001	0.051162	-0.462067	5983300.0
2014-12-11	0.013443	0.064113	0.086836	0.06272	1.254174	6864000.0
2014-12-10	-0.007025	0.057489	0.066748	0.051740999999999995	-0.660096	5357000.0
2014-12-09	-0.007866	0.052654999999999993	0.055716999999999996	0.04104	-0.744941	5280500.0
2014-12-08	0.007928	0.061214	0.074411	0.06068099999999999	0.744941	6624300.0
2014-12-05	0.006973	0.058539999999999995	0.06829199999999999	0.057361	0.650666	4649100.0
2014-12-04	0.0036520000000000003	0.055736	0.066062	0.051755999999999996	0.339477	5220000.0
2014-12-03	0.004379999999999999	0.059820000000000005	0.066735	0.059172	0.405464	4357200.0
2014-12-02	-0.0025399999999999997	0.06273200000000001	0.066827	0.05594299999999999	-0.235725	4677700.0
2014-12-01	-0.005231	0.066498	0.067785	0.053849	-0.488022	4393700.0
2014-11-28	0.0174	0.06946000000000001	0.088436	0.06880499999999999	1.595444	3305800.0
2014-11-26	0.0071129999999999995	0.066082	0.07322200000000001	0.06553300000000001	0.647552	4337900.0
2014-11-25	-0.014126	0.068132	0.070623	0.043985	-1.304504	7992000.0
2014-11-24	0.001221	0.06987	0.072255	0.06488300000000001	0.11261700000000001	5043600.0
2014-11-21	0.007277	0.080932	0.082242	0.068264	0.6663439999999999	6806800.0
2014-11-20	0.008997	0.058702	0.079528	0.058040999999999995	0.8164899999999999	4958800.0
2014-11-19	0.007501000000000001	0.07186100000000001	0.08029800000000001	0.065755	0.675705	6831100.0
2014-11-18	-0.020912	0.055968	0.06205499999999999	0.043251	-1.9239119999999998	10384400.0
2014-11-17	-0.0021379999999999997	0.064774	0.07323400000000001	0.060761	-0.197082	8581600.0
2014-11-14	-0.007677	0.064457	0.06553300000000001	0.054986	-0.7132569999999999	4085500.0
2014-11-13	0.005178	0.069969	0.074946	0.063911	0.47863	3182800.0
2014-11-12	0.0035659999999999997	0.067271	0.071613	0.059779	0.328468	4629400.0
2014-11-11	-0.000204	0.06879	0.071938	0.06249400000000001	-0.018768	3818400.0
2014-11-10	0.005222999999999999	0.065424	0.071207	0.058441	0.47863	3662300.0
2014-11-07	0.0037	0.06421900000000001	0.07057100000000001	0.058962	0.337868	3429600.0
2014-11-06	0.015765	0.07187400000000001	0.084779	0.068092	1.417122	4016900.0
2014-11-05	-0.001876	0.072529	0.075416	0.056539	-0.168915	5002700.0
2014-11-04	-0.001353	0.065201	0.06653200000000001	0.055554	-0.121994	5349600.0
2014-11-03	-0.014663999999999998	0.057776	0.057994000000000004	0.048707	-1.342072	7614200.0
2014-10-31	0.0	0.0793	0.08454500000000001	0.063457	0.0	6335900.0
2014-10-30	0.011409	0.062217999999999996	0.08078400000000001	0.061224	1.032357	4115800.0
2014-10-29	-0.00176	0.06586399999999999	0.072814	0.05681900000000001	-0.159554	4275400.0
2014-10-28	0.011731	0.070444	0.078145	0.065868	1.051109	5260100.0
2014-10-27	0.005053	0.065197	0.073273	0.062391999999999996	0.45047	4465100.0
2014-10-24	0.0020039999999999997	0.06328500000000001	0.06991699999999999	0.058003	0.178322	4825200.0
2014-10-23	0.015642	0.078775	0.090419	0.07808999999999999	1.370201	5923100.0
2014-10-22	-0.009129	0.066664	0.07446900000000001	0.054674	-0.807098	5908900.0
2014-10-21	0.025585	0.073422	0.09476699999999999	0.06866599999999999	2.2054669999999996	6604700.0
2014-10-20	0.017841	0.061163999999999996	0.087142	0.059984	1.510979	5609400.0
2014-10-17	0.015302000000000001	0.070569	0.092388	0.067571	1.276367	7007300.0
2014-10-16	0.011725	0.04734	0.088215	0.04734	0.9666600000000001	7147600.0
2014-10-15	-0.024972	0.041763	0.054535	0.024378999999999998	-2.111626	12987500.0
2014-10-14	-0.005519	0.062828	0.06471	0.041070999999999996	-0.469254	9711300.0
2014-10-13	-0.02107	0.069332	0.070023	0.041125	-1.830085	7372200.0
2014-10-10	-0.005587	0.067365	0.07457799999999999	0.059465	-0.48800699999999997	6349800.0
2014-10-09	-0.010841	0.06349500000000001	0.073461	0.053416	-0.957268	6674700.0
2014-10-08	0.017519	0.06668500000000001	0.085007	0.06288300000000001	1.520355	6618900.0
2014-10-07	-0.008471	0.06302	0.068961	0.056164	-0.741409	5030300.0
2014-10-06	-0.002993	0.067584	0.073621	0.060065999999999994	-0.262771	4951700.0
2014-10-03	0.014094	0.068768	0.08216799999999999	0.066689	1.220062	6200100.0
2014-10-02	0.013403	0.068928	0.08239099999999999	0.06611900000000001	1.144951	5991200.0
2014-10-01	-0.007848	0.07017899999999999	0.072502	0.056009	-0.675713	5970700.0
2014-09-30	-0.012274	0.067254	0.069319	0.048555	-1.069893	6773000.0
2014-09-29	0.00043099999999999996	0.060139	0.06932100000000001	0.05531900000000001	0.037551999999999995	3894600.0
2014-09-26	0.010228000000000001	0.07005499999999999	0.078287	0.064374	0.882179	4571400.0
2014-09-25	-0.01204	0.063013	0.065304	0.048695	-1.051117	4972100.0
2014-09-24	0.016723	0.067746	0.084401	0.063903	1.435898	6381400.0
2014-09-23	-0.004353	0.064374	0.06936	0.06043099999999999	-0.375397	6330000.0
2014-09-22	-0.004873	0.061378999999999996	0.066456	0.057916999999999996	-0.422325	5208800.0
2014-09-19	0.002715	0.074327	0.084741	0.06680599999999999	0.23463499999999998	12498800.0
2014-09-18	0.009537	0.072659	0.07978400000000001	0.065299	0.816467	6025100.0
2014-09-17	0.010523999999999999	0.069783	0.080524	0.061638	0.891602	7068800.0
2014-09-16	0.009956999999999999	0.064222	0.081746	0.0554	0.83525	5045100.0
2014-09-15	0.006078	0.069611	0.073929	0.062655	0.506791	3935000.0
2014-09-12	-0.004259000000000001	0.067444	0.068877	0.05645700000000001	-0.356636	4593700.0
2014-09-11	-0.000336	0.06338400000000001	0.067563	0.058012	-0.028152999999999997	4537800.0
2014-09-10	0.0035979999999999996	0.062298	0.07116499999999999	0.05834400000000001	0.300324	6245400.0
2014-09-09	-0.02081	0.058377	0.059784000000000004	0.041599000000000004	-1.773766	8103000.0
2014-09-08	-0.008623	0.062858	0.067511	0.053437	-0.741409	4885900.0
2014-09-05	0.018681	0.062334	0.08579400000000001	0.05783200000000001	1.576675	7746400.0
2014-09-04	0.010449	0.06553300000000001	0.086485	0.06553300000000001	0.8728030000000001	8452200.0
2014-09-03	-0.023587	0.065066	0.06740399999999999	0.040166	-2.017769	15410400.0
2014-09-02	-0.020209	0.065648	0.06874	0.029111	-1.764374	20753200.0
2014-08-29	0.010701	0.07357899999999999	0.082608	0.072074	0.924431	7672200.0
2014-08-28	0.006966	0.065438	0.080941	0.063922	0.597626	7575700.0
2014-08-27	0.0026190000000000002	0.071501	0.07477400000000001	0.067177	0.22412100000000001	4320200.0
2014-08-26	0.004715	0.068333	0.078314	0.06739400000000001	0.40152	5396400.0
2014-08-25	0.0018670000000000002	0.073505	0.08021	0.069975	0.158737	7328700.0
2014-08-22	-0.001317	0.066099	0.073031	0.065042	-0.112061	6939200.0
2014-08-21	0.004408	0.07009	0.083425	0.069972	0.373513	8315900.0
2014-08-20	0.028562	0.070188	0.10538800000000001	0.069096	2.353118	13394200.0
2014-08-19	0.055509	0.11332300000000001	0.140099	0.10909500000000001	4.332764	18244600.0
2014-08-18	-0.0011949999999999999	0.077571	0.082817	0.065798	-0.093399	9475300.0
2014-08-15	-0.002027	0.073215	0.073854	0.05801900000000001	-0.158737	5383500.0
2014-08-14	0.008903	0.07053	0.081868	0.06602100000000001	0.690994	4923000.0
2014-08-13	0.002412	0.07169099999999999	0.076987	0.068592	0.186753	4498700.0
2014-08-12	0.00048300000000000003	0.069237	0.07363	0.068332	0.037368	3657100.0
2014-08-11	0.005459	0.073255	0.079231	0.071826	0.42018199999999994	3952000.0
2014-08-08	0.024357	0.078902	0.0974	0.076373	1.8302150000000001	7226500.0
2014-08-07	-0.000621	0.073976	0.07823200000000001	0.067858	-0.046683999999999996	4045900.0
2014-08-06	0.006123	0.069712	0.084164	0.068508	0.45755	4228200.0
2014-08-05	0.0	0.067571	0.082023	0.067571	0.0	5895500.0
2014-08-04	0.003511	0.070245	0.07763099999999999	0.069708	0.261467	7025000.0
2014-08-01	-0.013605	0.067075	0.073963	0.056214	-1.027161	8708000.0
2014-07-31	-0.01113	0.062140999999999995	0.06855900000000001	0.058997	-0.8497389999999999	5748900.0
2014-07-30	0.009632	0.077793	0.08242200000000001	0.072107	0.728348	5807300.0
2014-07-29	-0.0011099999999999999	0.072766	0.080692	0.068539	-0.08404600000000001	4536500.0
2014-07-28	0.0004940000000000001	0.073163	0.075014	0.066027	0.037346	3441600.0
2014-07-25	-0.002093	0.06959800000000001	0.072236	0.066828	-0.158729	4680100.0
2014-07-24	0.002222	0.07316399999999999	0.07779	0.069198	0.168068	4359600.0
2014-07-23	0.00596	0.069853	0.07823	0.06652899999999999	0.44821099999999997	3669200.0
2014-07-22	0.010413	0.07965	0.08488899999999999	0.0775	0.775048	6336100.0
2014-07-21	-0.00462	0.06998	0.070248	0.063561	-0.345505	4112800.0
2014-07-18	0.006663	0.074282	0.08074400000000001	0.06957	0.494911	5323200.0
2014-07-17	-0.001381	0.068093	0.073874	0.065136	-0.10273	7697300.0
2014-07-16	-0.0025039999999999997	0.07332999999999999	0.076012	0.06448	-0.186744	9033700.0
2014-07-15	0.005034	0.07145599999999999	0.079003	0.070377	0.373504	6051900.0
2014-07-14	-0.001884	0.075086	0.07697000000000001	0.06526599999999999	-0.14008299999999999	7657200.0
2014-07-11	0.0026449999999999998	0.073479	0.07766	0.068354	0.196114	4746400.0
2014-07-10	-0.016475	0.04863	0.055661	0.034038	-1.2419440000000002	11530900.0
2014-07-09	-0.000371	0.075558	0.077149	0.063225	-0.028007	6980600.0
2014-07-08	-0.008106	0.070917	0.072364	0.059474	-0.616272	7322900.0
2014-07-07	-0.007679000000000001	0.06674	0.071438	0.059039	-0.5883109999999999	6071000.0
2014-07-03	0.0008539999999999999	0.07209199999999999	0.07575	0.068565	0.06536900000000001	2764000.0
2014-07-02	0.001956	0.07117799999999999	0.075629	0.068299	0.149422	4185700.0
2014-07-01	0.010623	0.075679	0.084277	0.07435599999999999	0.803055	5234600.0
2014-06-30	-0.002095	0.069465	0.072237	0.062337000000000004	-0.158745	5045300.0
2014-06-27	0.004706	0.06959	0.080465	0.069325	0.354835	5011000.0
2014-06-26	0.002732	0.069853	0.07676799999999999	0.065464	0.205429	5165200.0
2014-06-25	0.001243	0.069985	0.073313	0.066789	0.09338400000000001	4486300.0
2014-06-24	-0.002604	0.067464	0.07343999999999999	0.060160000000000005	-0.196098	5579300.0
2014-06-23	0.005862	0.070783	0.079332	0.068245	0.43887299999999996	4920400.0
2014-06-20	-0.003357	0.074245	0.075709	0.063195	-0.252128	13661000.0
2014-06-19	-0.0033450000000000003	0.070917	0.072774	0.060833000000000005	-0.25209899999999996	5095400.0
2014-06-18	0.008623	0.071051	0.08082	0.067839	0.644303	8071500.0
2014-06-17	0.014195	0.070102	0.09209099999999999	0.068609	1.045822	9587300.0
2014-06-16	0.010631999999999999	0.069408	0.084908	0.069408	0.775047	7164400.0
2014-06-13	-0.0045899999999999995	0.07173600000000001	0.073101	0.06163099999999999	-0.336174	7971800.0
2014-06-12	-0.017291	0.06984299999999999	0.070514	0.049313	-1.288612	7643300.0
2014-06-11	-0.011518	0.067203	0.070784	0.057918	-0.868416	4918100.0
2014-06-10	0.0016129999999999999	0.06626699999999999	0.07410499999999999	0.065735	0.121399	4249500.0
2014-06-09	-0.00037200000000000004	0.070784	0.079947	0.067995	-0.028014999999999998	3718600.0
2014-06-06	0.003235	0.073581	0.082774	0.072649	0.242798	4460300.0
2014-06-05	-0.001987	0.072645	0.075171	0.067459	-0.14943	5666400.0
2014-06-04	-0.001611	0.06627000000000001	0.073837	0.062819	-0.12138299999999999	4961600.0
2014-06-03	0.0037329999999999998	0.068518	0.077712	0.067985	0.28012800000000004	5477700.0
2014-06-02	0.007603	0.077448	0.088323	0.076374	0.5663	6817700.0
2014-05-30	0.00413	0.075427	0.08216699999999999	0.072865	0.30635	4528000.0
2014-05-29	0.002761	0.07988300000000001	0.08137	0.073935	0.204239	4408900.0
2014-05-28	-0.000125	0.07799	0.08137	0.071502	-0.009276999999999999	4002200.0
2014-05-27	0.006441	0.0799	0.088335	0.07881200000000001	0.47345699999999996	4760600.0
2014-05-23	0.005077	0.077042	0.08565700000000001	0.073487	0.371338	5003100.0
2014-05-22	0.008965	0.072765	0.090561	0.072765	0.649849	5265900.0
2014-05-21	0.001539	0.08118600000000001	0.084779	0.074278	0.111397	6693900.0
2014-05-20	0.019084999999999998	0.097174	0.109847	0.089852	1.355392	15432200.0
2014-05-19	-0.011117	0.06631799999999999	0.073141	0.063394	-0.798385	7733800.0
2014-05-16	0.01469	0.08495	0.093145	0.083113	1.039756	7039400.0
2014-05-15	-0.000917	0.073509	0.07689700000000001	0.063205	-0.064979	6304700.0
2014-05-14	-0.012424	0.078016	0.078573	0.061845000000000004	-0.8912129999999999	6870000.0
2014-05-13	-0.012776000000000001	0.078418	0.082822	0.060252	-0.9283600000000001	5455500.0
2014-05-12	0.007206000000000001	0.078704	0.087298	0.077734	0.51989	4324200.0
2014-05-09	0.008565999999999999	0.077319	0.086965	0.073824	0.6127020000000001	4345800.0
2014-05-08	-0.000389	0.075223	0.086263	0.07131	-0.027863	5485100.0
2014-05-07	-0.004391	0.083162	0.08469299999999999	0.064657	-0.315628	5378600.0
2014-05-06	-0.016138999999999997	0.07649500000000001	0.078137	0.058836	-1.179016	6475800.0
2014-05-05	-0.008942	0.072295	0.07419500000000001	0.06578300000000001	-0.659119	3521000.0
2014-05-02	0.000883	0.077044	0.08845	0.07487100000000001	0.06499500000000001	3738400.0
2014-05-01	-0.002264	0.077179	0.079076	0.069592	-0.167114	3936700.0
2014-04-30	-0.000126	0.08015900000000001	0.08015900000000001	0.066478	-0.009276999999999999	8524700.0
2014-04-29	-0.008108	0.079195	0.079195	0.068446	-0.60344	5146500.0
2014-04-28	0.009951999999999999	0.079215	0.101198	0.076501	0.733399	14562400.0
2014-04-25	-0.004889	0.072318	0.07623400000000001	0.067186	-0.362061	6381400.0
2014-04-24	0.01592	0.083353	0.094876	0.07992300000000001	1.1604459999999999	7271600.0
2014-04-23	-0.014434	0.07988300000000001	0.082317	0.060549	-1.067596	7497000.0
2014-04-22	0.021934	0.08795700000000001	0.108544	0.086437	1.5874709999999999	11188400.0
2014-04-21	0.011286	0.09478500000000001	0.09478500000000001	0.085284	0.807678	6253300.0
2014-04-17	0.006659999999999999	0.07267799999999999	0.092652	0.067755	0.47345	6875000.0
2014-04-16	0.009092	0.084702	0.08697300000000001	0.075902	0.640556	6104700.0
2014-04-15	-0.001053	0.081717	0.083276	0.057896	-0.074264	7022900.0
2014-04-14	0.0035670000000000003	0.085717	0.093685	0.074475	0.25064000000000003	8677200.0
2014-04-11	-0.014066	0.074935	0.081108	0.061326	-1.002601	8399100.0
2014-04-10	-0.012603	0.07524	0.083552	0.062496	-0.909775	6201500.0
2014-04-09	0.008429	0.07899500000000001	0.088634	0.077598	0.603409	8027600.0
2014-04-08	-0.000259	0.074107	0.081509	0.067264	-0.018555000000000002	7371000.0
2014-04-07	-0.020198	0.076769	0.076769	0.054054	-1.476082	11121300.0
2014-04-04	-0.008564	0.080435	0.081249	0.064834	-0.631279	6422000.0
2014-04-03	-0.0068790000000000006	0.077179	0.078122	0.06411	-0.5105970000000001	5505400.0
2014-04-02	0.007181	0.07935	0.09590599999999999	0.078672	0.5291600000000001	6611700.0
2014-04-01	0.003159	0.078677	0.09297000000000001	0.078677	0.232093	6697600.0
2014-03-31	0.005208	0.083884	0.085526	0.078821	0.380623	5736200.0
2014-03-28	0.000508	0.080465	0.088406	0.07457799999999999	0.037133	5132700.0
2014-03-27	-0.002409	0.073901	0.07922799999999999	0.070351	-0.17638399999999999	5803300.0
2014-03-26	-0.00755	0.07745	0.081381	0.066742	-0.557022	6364600.0
2014-03-25	-0.002385	0.082453	0.08299400000000001	0.070418	-0.176377	5375500.0
2014-03-24	-0.00945	0.077045	0.07771499999999999	0.060837999999999996	-0.705543	7574200.0
2014-03-21	0.00412	0.08645900000000001	0.101523	0.079331	0.306343	10086100.0
2014-03-20	0.004263	0.076639	0.083797	0.073397	0.315628	5097800.0
2014-03-19	-0.000877	0.079203	0.086221	0.071511	-0.064972	6568400.0
2014-03-18	0.003016	0.078127	0.09044400000000001	0.077721	0.22282399999999997	5032600.0
2014-03-17	0.002519	0.07975700000000001	0.088171	0.075415	0.18565399999999999	5547600.0
2014-03-14	0.007361	0.077453	0.091943	0.077043	0.538459	6739000.0
2014-03-13	-0.021847	0.083865	0.083865	0.052576	-1.6339110000000001	7665800.0
2014-03-12	-0.00898	0.069759	0.071349	0.063265	-0.677704	7048700.0
2014-03-11	-0.00514	0.076915	0.079025	0.068478	-0.389907	4667900.0
2014-03-10	-0.004482	0.08193099999999999	0.083244	0.072614	-0.34153	4139000.0
2014-03-07	0.0016989999999999998	0.086004	0.086793	0.078511	0.129234	5287700.0
2014-03-06	-0.006031	0.081676	0.083114	0.07449	-0.461517	6168400.0
2014-03-05	0.00048300000000000003	0.083898	0.087689	0.079584	0.036926	5069900.0
2014-03-04	0.01061	0.095134	0.09923	0.09275599999999999	0.8030470000000001	6367600.0
2014-03-03	-0.000366	0.066206	0.083375	0.06475299999999999	-0.027701999999999997	8359500.0
2014-02-28	0.000732	0.08231799999999999	0.09831000000000001	0.07571	0.055389	7239600.0
2014-02-27	0.0033049999999999998	0.082845	0.090005	0.06892100000000001	0.24922199999999997	6040900.0
2014-02-26	0.008891	0.083509	0.10652	0.080833	0.664597	9737800.0
2014-02-25	0.039938	0.10855699999999999	0.126921	0.10368699999999999	2.870636	13421700.0
2014-02-24	0.0016719999999999999	0.08476900000000001	0.09048300000000001	0.079473	0.12000999999999999	11739500.0
2014-02-21	0.003356	0.081697	0.091206	0.081697	0.23999	7764500.0
2014-02-20	0.013472999999999999	0.085359	0.099105	0.084651	0.950737	5852200.0
2014-02-19	-0.014438999999999999	0.07890599999999999	0.082677	0.067035	-1.033806	7767800.0
2014-02-18	-0.004619	0.083236	0.085461	0.07142000000000001	-0.33229000000000003	4954700.0
2014-02-14	0.004382	0.085609	0.090915	0.079605	0.313835	4752300.0
2014-02-13	0.004011	0.084216	0.091646	0.078609	0.28614	6586900.0
2014-02-12	0.007562	0.086342	0.092274	0.082952	0.53537	7345900.0
2014-02-11	0.003795	0.0838	0.091598	0.079972	0.26765500000000003	6292900.0
2014-02-10	-0.000523	0.08493400000000001	0.085359	0.075298	-0.036904	6343600.0
2014-02-07	0.003807	0.083517	0.089634	0.078965	0.267662	6194200.0
2014-02-06	0.011959000000000001	0.082367	0.09690599999999999	0.082079	0.830742	6107100.0
2014-02-05	0.003868	0.079907	0.091757	0.06878	0.26769299999999996	10080300.0
2014-02-04	-0.001598	0.089435	0.09434	0.070102	-0.11077100000000001	9573400.0
2014-02-03	-0.022902000000000002	0.080415	0.081684	0.056308000000000004	-1.62455	9527000.0
2014-01-31	-0.0010400000000000001	0.07309500000000001	0.09097999999999999	0.06816599999999999	-0.07384500000000001	10592200.0
2014-01-30	0.0032600000000000003	0.091146	0.098634	0.082952	0.23077399999999998	6820900.0
2014-01-29	-0.023681999999999998	0.079789	0.086272	0.057028999999999996	-1.7168740000000002	9195300.0
2014-01-28	-0.005067	0.076239	0.083238	0.068004	-0.369209	10586500.0
2014-01-27	-0.002779	0.079269	0.083512	0.074616	-0.203071	6591200.0
2014-01-24	-0.01346	0.074869	0.080135	0.06879299999999999	-0.9968799999999999	7118300.0
2014-01-23	0.000499	0.07554	0.084726	0.069732	0.036926	6387000.0
2014-01-22	-0.0032310000000000004	0.08606799999999999	0.088088	0.07610399999999999	-0.23998200000000003	5821600.0
2014-01-21	-0.006667	0.087388	0.090063	0.067459	-0.49845200000000006	6932800.0
2014-01-17	-0.0032	0.084175	0.084575	0.07524299999999999	-0.239997	6178000.0
2014-01-16	0.002344	0.081103	0.087518	0.0795	0.175376	4871200.0
2014-01-15	0.00074	0.081235	0.088992	0.079764	0.055359000000000005	5196800.0
2014-01-14	0.0004940000000000001	0.087523	0.09033300000000001	0.078559	0.036957	5217300.0
2014-01-13	-0.012681999999999999	0.078091	0.08496000000000001	0.069504	-0.959976	6952400.0
2014-01-10	0.0053939999999999995	0.085367	0.089617	0.08138300000000001	0.40612800000000004	4981000.0
2014-01-09	-0.0043939999999999995	0.082979	0.08350700000000001	0.070681	-0.332283	4966000.0
2014-01-08	0.0052759999999999994	0.08390700000000001	0.089224	0.077128	0.396912	4662300.0
2014-01-07	0.004932	0.08617999999999999	0.094329	0.083108	0.369209	4630900.0
2014-01-06	-0.009647	0.0802	0.084566	0.072924	-0.729202	11188800.0
2014-01-03	-0.001585	0.08192200000000001	0.089451	0.080866	-0.11997999999999999	3897900.0
2014-01-02	-0.003887	0.080349	0.086401	0.07627	-0.295388	4253400.0
2013-12-31	0.004882	0.084036	0.090383	0.080466	0.36921	4493600.0
2013-12-30	0.003675	0.083773	0.087887	0.080987	0.276924	3526400.0
2013-12-27	0.001104	0.084704	0.092542	0.07899099999999999	0.083076	3961900.0
2013-12-26	0.011285	0.086062	0.098153	0.085659	0.839966	3848800.0
2013-12-24	0.000993	0.083375	0.088754	0.083375	0.073837	1819800.0
2013-12-23	0.006497	0.083781	0.095286	0.083375	0.479973	3941300.0
2013-12-20	0.001126	0.086492	0.0953	0.084595	0.083092	11232900.0
2013-12-19	-0.0012490000000000001	0.083781	0.089059	0.07782599999999999	-0.092308	6620800.0
2013-12-18	0.018189	0.08585599999999999	0.103218	0.07910299999999999	1.319939	8170300.0
2013-12-17	-0.006068	0.086251	0.087073	0.076664	-0.44305500000000003	6226000.0
2013-12-16	0.001139	0.086118	0.093659	0.082278	0.083077	7099700.0
2013-12-13	0.006111999999999999	0.091101	0.097723	0.083237	0.443046	6027100.0
2013-12-12	-0.005949	0.083238	0.086118	0.073501	-0.43381499999999995	8535200.0
2013-12-11	0.004961	0.080205	0.099913	0.080205	0.359978	7834500.0
2013-12-10	-0.012437	0.079564	0.087867	0.06704299999999999	-0.913795	7448400.0
2013-12-09	-0.003006	0.084325	0.093688	0.079169	-0.221543	5799800.0
2013-12-06	0.016552	0.090824	0.10420399999999999	0.087099	1.199951	5094600.0
2013-12-05	0.001786	0.08227000000000001	0.099128	0.081579	0.129235	6264900.0
2013-12-04	-0.0039380000000000005	0.075667	0.083926	0.06947300000000001	-0.286141	7148800.0
2013-12-03	-0.008440000000000001	0.07764299999999999	0.08474	0.068772	-0.618438	7276900.0
2013-12-02	-0.011156999999999999	0.085729	0.089778	0.07317799999999999	-0.826683	5915600.0
2013-11-29	0.000124	0.091667	0.098551	0.088293	0.009193000000000002	3372600.0
2013-11-27	0.003858	0.088563	0.094118	0.085582	0.284752	5450000.0
2013-11-26	0.007523	0.09497699999999999	0.104397	0.093339	0.551094	9360700.0
2013-11-25	0.007199	0.090348	0.100523	0.090348	0.523582	5496100.0
2013-11-22	-0.008142	0.085561	0.088562	0.074378	-0.597053	7786200.0
2013-11-21	0.001003	0.09293	0.09293	0.083374	0.07347100000000001	5618600.0
2013-11-20	-0.007838	0.093439	0.093439	0.075154	-0.578659	7236900.0
2013-11-19	0.008912	0.123544	0.124227	0.09676	0.652153	12236700.0
2013-11-18	-0.004497999999999999	0.08829	0.094684	0.077271	-0.330658	8613000.0
2013-11-15	0.013808	0.08731900000000001	0.104558	0.083457	1.001175	10414800.0
2013-11-14	0.017268000000000002	0.096274	0.11310899999999999	0.095151	1.2308270000000001	6843800.0
2013-11-13	0.01864	0.081695	0.110278	0.081695	1.304322	7064700.0
2013-11-12	0.010747	0.095487	0.10632	0.09375399999999999	0.7440100000000001	6629200.0
2013-11-11	-0.001457	0.08566900000000001	0.091438	0.080765	-0.101043	5774000.0
2013-11-08	-0.002774	0.082801	0.088986	0.07560900000000001	-0.192887	9229700.0
2013-11-07	-0.009552	0.09439600000000001	0.09966799999999999	0.078013	-0.670524	5424600.0
2013-11-06	-0.003001	0.089692	0.090686	0.078187	-0.211273	5059600.0
2013-11-05	-0.004545	0.085587	0.08587	0.075549	-0.321488	6035300.0
2013-11-04	0.00013000000000000002	0.09138500000000001	0.094779	0.083325	0.009201	3906500.0
2013-11-01	-0.011555	0.089956	0.090655	0.074021	-0.8266899999999999	7178300.0
2013-10-31	0.000129	0.090236	0.096666	0.083665	0.009201	7577600.0
2013-10-30	0.004903	0.091226	0.10415	0.088979	0.349014	7251900.0
2013-10-29	0.018933000000000002	0.09427999999999999	0.110025	0.093422	1.322708	7248000.0
2013-10-28	-0.0024920000000000003	0.08727	0.09084	0.082273	-0.174522	7728100.0
2013-10-25	-0.006903	0.085437	0.086287	0.07778	-0.486824	5944200.0
2013-10-24	0.022642	0.093628	0.114219	0.09348300000000001	1.561492	7927400.0
2013-10-23	0.002939	0.08404400000000001	0.096697	0.083608	0.202073	5526100.0
2013-10-22	0.0032159999999999997	0.094826	0.096139	0.08826	0.220451	6867000.0
2013-10-21	-0.0009369999999999999	0.087386	0.09030099999999999	0.080827	-0.064308	7578700.0
2013-10-18	-0.013863	0.081799	0.085248	0.05995	-0.964424	14334800.0
2013-10-17	0.010675	0.082451	0.101337	0.082451	0.734817	7176400.0
2013-10-16	-0.003192	0.092463	0.094635	0.07986499999999999	-0.220444	12877900.0
2013-10-15	-0.015324	0.085703	0.087129	0.07073099999999999	-1.074699	6645400.0
2013-10-14	0.000393	0.080424	0.091551	0.07828500000000001	0.027565	4119000.0
2013-10-11	0.010727	0.08783300000000001	0.10484600000000001	0.0874	0.744003	6936700.0
2013-10-10	0.018479	0.101914	0.10881600000000001	0.097509	1.2584	6092800.0
2013-10-09	-0.00175	0.089871	0.094122	0.083274	-0.11941500000000001	6817600.0
2013-10-08	-0.011447	0.087104	0.090727	0.074787	-0.789932	8997900.0
2013-10-07	-0.008578	0.083238	0.08970299999999999	0.07878500000000001	-0.597069	5087000.0
2013-10-04	-0.001318	0.08755	0.09400700000000001	0.082959	-0.091835	4855800.0
2013-10-03	-0.005765	0.089839	0.095973	0.07714299999999999	-0.404152	6979700.0
2013-10-02	0.000787	0.082988	0.090411	0.07699199999999999	0.055122000000000004	5118400.0
2013-10-01	0.005405	0.089129	0.09687899999999999	0.085684	0.376587	4411700.0
2013-09-30	-0.001448	0.077519	0.090418	0.074366	-0.10102	6276200.0
2013-09-27	-0.001446	0.082687	0.08898400000000001	0.078823	-0.10105900000000001	4058700.0
2013-09-26	0.0072829999999999995	0.09014	0.101672	0.09014	0.505195	3798200.0
2013-09-25	-0.0068390000000000005	0.08640700000000001	0.092564	0.07753	-0.477638	6785600.0
2013-09-24	0.001713	0.08712	0.101319	0.083965	0.11941500000000001	5412700.0
2013-09-23	-0.014156	0.081063	0.08530399999999999	0.07130700000000001	-1.001213	6248800.0
2013-09-20	-0.019233	0.09285800000000001	0.09285800000000001	0.067759	-1.386963	14158300.0
2013-09-19	0.014734	0.095311	0.10769400000000001	0.092497	1.047112	7693700.0
2013-09-18	0.020712	0.088267	0.12000899999999999	0.082234	1.442085	10594300.0
2013-09-17	0.003442	0.090139	0.09749	0.08913	0.23883800000000002	6825600.0
2013-09-16	0.005725	0.102323	0.105802	0.090002	0.394959	8054400.0
2013-09-13	-0.003846	0.087687	0.08884299999999999	0.080612	-0.266365	4888400.0
2013-09-12	0.004797	0.09072899999999999	0.098854	0.08768200000000001	0.330665	6872200.0
2013-09-11	0.005898	0.089574	0.09614099999999999	0.082277	0.404152	6441500.0
2013-09-10	0.013862000000000001	0.09432	0.10453	0.091065	0.93689	6438700.0
2013-09-09	0.012105	0.092891	0.105021	0.091693	0.808319	5781800.0
2013-09-06	-0.003973	0.097051	0.0972	0.077064	-0.266388	9968400.0
2013-09-05	-0.015511000000000002	0.08767	0.089726	0.069608	-1.05629	11039000.0
2013-09-04	0.003247	0.089877	0.09768500000000001	0.086341	0.22043600000000002	8271600.0
2013-09-03	-0.002699	0.099423	0.10559400000000001	0.082527	-0.18370799999999998	7802800.0
2013-08-30	-0.007462000000000001	0.095449	0.095595	0.081741	-0.5116729999999999	6331300.0
2013-08-29	0.000267	0.093553	0.103618	0.091073	0.01828	5704200.0
2013-08-28	0.012277	0.09427999999999999	0.11214600000000001	0.092804	0.8314590000000001	7076000.0
2013-08-27	-0.017366999999999997	0.086013	0.091526	0.07295399999999999	-1.19696	8264200.0
2013-08-26	0.020842	0.093539	0.127902	0.093391	1.407127	10362900.0
2013-08-23	-0.001486	0.09664600000000001	0.097386	0.081265	-0.100502	7730800.0
2013-08-22	0.003662	0.0971	0.101404	0.088787	0.24669699999999997	6668700.0
2013-08-21	-0.0075379999999999996	0.098995	0.109749	0.081759	-0.5116729999999999	10788400.0
2013-08-20	-0.012232999999999999	0.121057	0.127751	0.071727	-0.8406450000000001	17038100.0
2013-08-19	-0.002255	0.096025	0.10981800000000001	0.091524	-0.155319	9184100.0
2013-08-16	0.0031940000000000002	0.09515599999999999	0.112052	0.091369	0.219284	9138200.0
2013-08-15	-0.0297	0.080861	0.082557	0.057966	-2.101532	13702000.0
2013-08-14	-0.025176	0.090433	0.091535	0.063292	-1.8274540000000001	8648100.0
2013-08-13	0.00303	0.093599	0.100508	0.078951	0.219284	6956400.0
2013-08-12	0.002913	0.08957799999999999	0.102328	0.089023	0.210175	3844400.0
2013-08-09	-0.013368000000000001	0.089505	0.090189	0.073781	-0.977692	5299300.0
2013-08-08	0.015349000000000002	0.10275799999999999	0.113726	0.098037	1.105583	4467900.0
2013-08-07	-0.01524	0.087729	0.087865	0.07460399999999999	-1.114715	5322200.0
2013-08-06	0.004896	0.093878	0.10363299999999999	0.081788	0.356331	6311100.0
2013-08-05	-0.007104999999999999	0.09060800000000001	0.09060800000000001	0.082696	-0.520821	3578500.0
2013-08-02	0.020219	0.094428	0.12031300000000002	0.09247899999999999	1.452827	5964400.0
2013-08-01	-0.004935	0.101214	0.107446	0.088612	-0.35633000000000004	6727400.0
2013-07-31	0.005471	0.09568099999999999	0.11016199999999998	0.09568099999999999	0.392891	5915000.0
2013-07-30	-0.0008900000000000001	0.101384	0.102775	0.09234099999999999	-0.063958	4813400.0
2013-07-29	-0.000889	0.093038	0.097764	0.089285	-0.063957	5179000.0
2013-07-26	-0.003165	0.08653	0.09969299999999999	0.084175	-0.22844699999999998	5577600.0
2013-07-25	-0.015946000000000002	0.091974	0.09211	0.061978	-1.169563	9967600.0
2013-07-24	0.000998	0.097976	0.098249	0.086103	0.07310499999999999	4813300.0
2013-07-23	0.002375	0.096343	0.100858	0.092513	0.17360699999999998	4985800.0
2013-07-22	0.001377	0.095661	0.09675700000000001	0.08566	0.100502	5957900.0
2013-07-19	-0.0016239999999999998	0.093471	0.095796	0.08622200000000001	-0.118775	5886200.0
2013-07-18	-0.005221	0.092931	0.094564	0.087897	-0.383774	5297800.0
2013-07-17	0.0027429999999999998	0.10179500000000001	0.108207	0.096747	0.201027	5700200.0
2013-07-16	-0.002239	0.094564	0.098375	0.086805	-0.164474	5031500.0
2013-07-15	-0.001739	0.095651	0.102717	0.0894	-0.12793800000000002	5041400.0
2013-07-12	0.008515	0.09525	0.106625	0.09525	0.621346	5178300.0
2013-07-11	0.0057929999999999995	0.10642	0.112071	0.09690900000000001	0.420311	6845700.0
2013-07-10	-0.003764	0.094016	0.094428	0.07946	-0.274117	5459400.0
2013-07-09	0.006059	0.098849	0.107276	0.095948	0.438591	4986400.0
2013-07-08	0.011879	0.098202	0.111902	0.097923	0.84977	6051200.0
2013-07-05	0.007204	0.096962	0.10611400000000001	0.089781	0.511658	4991500.0
2013-07-03	0.0054329999999999995	0.089898	0.104054	0.088907	0.383774	3025600.0
2013-07-02	0.005724	0.100408	0.112225	0.095709	0.40203099999999997	6886300.0
2013-07-01	-0.007745	0.096688	0.099231	0.082561	-0.548226	7471000.0
2013-06-28	0.015734	0.09285	0.11623900000000001	0.089406	1.096474	12475000.0
2013-06-27	0.007929	0.09905599999999999	0.11105999999999999	0.096308	0.548218	6674500.0
2013-06-26	0.020637	0.104023	0.119966	0.100923	1.397995	7390100.0
2013-06-25	0.00857	0.10276500000000001	0.112443	0.098746	0.575653	8520800.0
2013-06-24	-0.0042	0.080788	0.097393	0.073524	-0.283265	10214400.0
2013-06-21	-0.000677	0.10361400000000001	0.106577	0.081835	-0.045683999999999995	15552500.0
2013-06-20	-0.02713	0.087221	0.087221	0.06372699999999999	-1.8822560000000002	12373500.0
2013-06-19	-0.016323	0.092727	0.095562	0.076421	-1.151283	8027600.0
2013-06-18	0.01379	0.094141	0.112108	0.094141	0.959411	6421500.0
2013-06-17	-0.005876	0.10142999999999999	0.107146	0.081567	-0.41118599999999994	9315500.0
2013-06-14	0.000784	0.089995	0.10043400000000001	0.087849	0.054810000000000005	8613100.0
2013-06-13	0.001702	0.093711	0.100587	0.08984400000000001	0.118782	9194600.0
2013-06-12	-0.015590999999999999	0.100492	0.10415799999999999	0.076801	-1.105583	7360200.0
2013-06-11	-0.001544	0.087388	0.10569200000000001	0.08358600000000001	-0.10966500000000001	5979700.0
2013-06-10	-0.012827000000000002	0.097208	0.107493	0.07761	-0.9228290000000001	7627800.0
2013-06-07	0.019156	0.101086	0.11865099999999999	0.099103	1.352303	6555900.0
2013-06-06	0.028762	0.093262	0.12750899999999998	0.09311699999999999	1.973632	11515700.0
2013-06-05	-0.019966	0.087001	0.09757	0.06972	-1.398002	8761500.0
2013-06-04	-0.026179	0.091785	0.096236	0.058128	-1.8822709999999998	8791700.0
2013-06-03	0.00534	0.099712	0.105725	0.091323	0.381882	6191400.0
2013-05-31	-0.009819	0.101236	0.11286600000000001	0.089053	-0.709198	6905600.0
2013-05-30	-0.000629	0.10068200000000001	0.10829200000000001	0.094871	-0.045456	5449100.0
2013-05-29	-0.0041340000000000005	0.093789	0.10054099999999999	0.089793	-0.30004899999999995	7127000.0
2013-05-28	0.010508	0.11308	0.12268699999999999	0.106814	0.7546619999999999	7715800.0
2013-05-24	0.0010140000000000001	0.094137	0.10654200000000001	0.091489	0.072723	6188200.0
2013-05-23	-0.009788	0.088811	0.093779	0.073629	-0.709175	9634900.0
2013-05-22	0.012451	0.107537	0.139676	0.106419	0.891014	14832400.0
2013-05-21	0.025404	0.136676	0.138682	0.118479	1.7729869999999999	14108500.0
2013-05-20	-0.001301	0.098564	0.101855	0.094701	-0.090927	8867700.0
2013-05-17	0.001433	0.093976	0.105584	0.09197000000000001	0.099991	8735000.0
2013-05-16	-0.014509000000000001	0.094486	0.109173	0.083047	-1.027374	8299200.0
2013-05-15	0.007242	0.103835	0.113081	0.101559	0.509147	6706200.0
2013-05-14	0.008478	0.10142999999999999	0.11061099999999999	0.101	0.5909810000000001	6071700.0
2013-05-13	0.008683	0.099852	0.112007	0.098984	0.600082	4466100.0
2013-05-10	0.0018449999999999999	0.10376600000000001	0.10463599999999999	0.093184	0.127289	5169700.0
2013-05-09	0.005967	0.098977	0.11093499999999999	0.098977	0.409157	6338300.0
2013-05-08	0.0046619999999999995	0.10161	0.106152	0.09765499999999999	0.31823	6536600.0
2013-05-07	-0.002525	0.09956	0.10014400000000001	0.09020700000000001	-0.172753	5582300.0
2013-05-06	0.017577000000000002	0.098662	0.12082000000000001	0.098662	1.1819540000000002	5731200.0
2013-05-03	0.008592	0.105702	0.116051	0.105702	0.572837	4953100.0
2013-05-02	0.007834	0.100003	0.11073599999999999	0.096375	0.518242	3722900.0
2013-05-01	-0.008043999999999999	0.097303	0.103451	0.089206	-0.536445	5554700.0
2013-04-30	-0.004344	0.097314	0.104928	0.09313400000000001	-0.290962	6601900.0
2013-04-29	0.0043630000000000006	0.101202	0.109898	0.100452	0.290962	4518700.0
2013-04-26	-0.000273	0.097903	0.104649	0.09625399999999999	-0.018203999999999998	4983000.0
2013-04-25	0.001228	0.100302	0.10750699999999999	0.098651	0.081848	5645200.0
2013-04-24	-0.001363	0.1024	0.106897	0.098053	-0.090919	6248300.0
2013-04-23	-0.006499	0.104022	0.110723	0.081536	-0.436417	7898800.0
2013-04-22	-0.0018920000000000002	0.098663	0.103122	0.088556	-0.127281	7223500.0
2013-04-19	0.020971	0.106529	0.127167	0.103494	1.382004	9579900.0
2013-04-18	-0.004396	0.097888	0.101363	0.092147	-0.290978	7549200.0
2013-04-17	0.004693	0.09621	0.10759400000000001	0.09196	0.309174	8838600.0
2013-04-16	0.003184	0.104725	0.10853199999999999	0.096807	0.209091	8119700.0
2013-04-15	-0.018881000000000002	0.095818	0.108368	0.078787	-1.263809	8360600.0
2013-04-12	0.023922	0.107654	0.126775	0.103676	1.56385	10493000.0
2013-04-11	0.0029289999999999997	0.102	0.11381300000000001	0.100466	0.190941	7627800.0
2013-04-10	0.006881999999999999	0.102942	0.10896600000000001	0.096299	0.445518	5423200.0
2013-04-09	-0.000281	0.100006	0.10525699999999999	0.095682	-0.018196	5994800.0
2013-04-08	0.016557	0.095456	0.118533	0.095456	1.0546879999999998	6097200.0
2013-04-05	-0.008912	0.089117	0.09300599999999999	0.083049	-0.572792	6986100.0
2013-04-04	0.00469	0.099852	0.10672999999999999	0.095475	0.30002199999999996	6613700.0
2013-04-03	-0.009293000000000001	0.097219	0.098613	0.084366	-0.600071	7796000.0
2013-04-02	0.019377000000000002	0.10348299999999999	0.12163800000000001	0.102378	1.227444	7291600.0
2013-04-01	-0.001576	0.095597	0.11545599999999999	0.095597	-0.10001399999999999	5357700.0
2013-03-28	0.001866	0.096536	0.104747	0.094799	0.11818699999999999	6752100.0
2013-03-27	-0.00571	0.086663	0.094356	0.083366	-0.363697	4156300.0
2013-03-26	0.008348999999999999	0.10286	0.114576	0.101118	0.527347	4661200.0
2013-03-25	-0.001294	0.103647	0.112501	0.09526699999999999	-0.081817	7027100.0
2013-03-22	0.008847	0.10431900000000001	0.109742	0.09746	0.554634	5291800.0
2013-03-21	0.001016	0.096179	0.10671800000000001	0.092507	0.063625	8045600.0
2013-03-20	0.001308	0.109445	0.11200299999999999	0.100651	0.081833	6112000.0
2013-03-19	-0.008075	0.103024	0.10603699999999999	0.087323	-0.509155	7657600.0
2013-03-18	0.004345	0.090295	0.11355	0.090295	0.272758	6011200.0
2013-03-15	-0.016942	0.096564	0.099069	0.081219	-1.081955	11275100.0
2013-03-14	-0.007349	0.101562	0.10296099999999998	0.090837	-0.472793	6308900.0
2013-03-13	0.00014099999999999998	0.100473	0.102805	0.09363300000000001	0.009063	5826700.0
2013-03-12	-0.002537	0.099387	0.10310799999999999	0.092564	-0.163635	4450400.0
2013-03-11	-0.000701	0.105125	0.106054	0.10016599999999999	-0.045212	4902500.0
2013-03-08	0.015943000000000002	0.111251	0.12479000000000001	0.10810299999999999	1.012734	6470300.0
2013-03-07	-0.0032630000000000003	0.104644	0.10621300000000002	0.097426	-0.20796599999999998	4998300.0
2013-03-06	0.00014199999999999998	0.1059	0.11358900000000001	0.10291800000000001	0.009064000000000001	5276600.0
2013-03-05	0.002561	0.11046199999999999	0.116441	0.103225	0.162746	8323800.0
2013-03-04	0.018253	0.104618	0.126246	0.104297	1.139343	8375900.0
2013-03-01	0.007737000000000001	0.10396199999999998	0.115748	0.09928	0.479256	6241800.0
2013-02-28	0.006465	0.10346199999999998	0.124261	0.10265	0.39786900000000003	8705100.0
2013-02-27	0.0074010000000000005	0.106227	0.11768499999999998	0.102789	0.452122	14180400.0
2013-02-26	0.056946000000000004	0.134273	0.176489	0.13306199999999999	3.291428	22792900.0
2013-02-25	-0.025313	0.11230699999999999	0.12225699999999999	0.07622000000000001	-1.501042	10268800.0
2013-02-22	0.01864	0.113114	0.129261	0.10796099999999999	1.085102	7500700.0
2013-02-21	-0.031006	0.09624500000000001	0.09724400000000001	0.070112	-1.8627470000000002	10622400.0
2013-02-20	-0.016432	0.104099	0.10671800000000001	0.08658099999999999	-1.0037	5598400.0
2013-02-19	0.00044400000000000006	0.107701	0.112451	0.096563	0.027122000000000004	5455500.0
2013-02-15	0.002673	0.108856	0.116575	0.09703200000000001	0.16278499999999999	8131200.0
2013-02-14	-0.0016309999999999999	0.10065299999999999	0.106228	0.097866	-0.09948	5439700.0
2013-02-13	0.0019309999999999998	0.10918499999999999	0.111649	0.1036	0.11755399999999999	3668900.0
2013-02-12	0.014161000000000002	0.111231	0.123393	0.108232	0.8499760000000001	4932500.0
2013-02-11	-0.009401999999999999	0.10358900000000001	0.105404	0.092862	-0.5696760000000001	3953500.0
2013-02-08	0.010556999999999999	0.109902	0.11774100000000001	0.10756700000000001	0.632973	4459000.0
2013-02-07	-0.0054	0.10556800000000001	0.106397	0.09196599999999999	-0.32553499999999996	5743500.0
2013-02-06	0.004218	0.100069	0.11139600000000001	0.09940299999999999	0.253189	5187000.0
2013-02-05	0.000452	0.110399	0.115399	0.105066	0.027134	7112000.0
2013-02-04	-0.013966999999999999	0.098669	0.104585	0.089796	-0.849987	4741000.0
2013-02-01	0.005679	0.117468	0.119451	0.11069200000000001	0.343624	4983300.0
2013-01-31	-0.004759	0.105735	0.11116300000000001	0.100637	-0.289356	5615900.0
2013-01-30	0.000595	0.106228	0.112153	0.102773	0.036148	5102200.0
2013-01-29	-0.0056229999999999995	0.10459	0.109499	0.095917	-0.343617	6504300.0
2013-01-28	-0.0035380000000000003	0.11128099999999999	0.11128099999999999	0.09676799999999999	-0.21699899999999997	6561200.0
2013-01-25	0.006978	0.110169	0.118707	0.10491400000000001	0.42498800000000003	7494700.0
2013-01-24	0.013391	0.107563	0.126367	0.107563	0.804772	8484600.0
2013-01-23	0.010799	0.10119	0.11817799999999999	0.098499	0.6420130000000001	6795500.0
2013-01-22	0.004277	0.104548	0.114683	0.101676	0.253185	6574000.0
2013-01-18	0.006456999999999999	0.1076	0.11320999999999999	0.104369	0.379788	6534400.0
2013-01-17	0.018634	0.111614	0.130664	0.109017	1.076042	7796000.0
2013-01-16	-0.001407	0.100539	0.10676400000000001	0.098982	-0.08137899999999999	3915400.0
2013-01-15	0.007404000000000001	0.106248	0.115133	0.105377	0.424996	5119400.0
2013-01-14	-0.003454	0.10520499999999999	0.109372	0.100517	-0.198941	4532200.0
2013-01-11	0.001258	0.10329200000000001	0.108333	0.10103200000000001	0.07234600000000001	4567100.0
2013-01-10	0.007123999999999999	0.10957599999999999	0.113778	0.09907200000000001	0.406914	6714100.0
2013-01-09	-0.000791	0.110972	0.113072	0.102226	-0.045219999999999996	4712400.0
2013-01-08	0.006047	0.104316	0.11681099999999998	0.10396400000000001	0.343621	5433000.0
2013-01-07	-0.005382	0.095747	0.10274900000000001	0.091896	-0.30745	5466500.0
2013-01-04	-0.0018960000000000001	0.104327	0.107123	0.100658	-0.108501	4779100.0
2013-01-03	-0.002836	0.111126	0.113739	0.09893099999999999	-0.162769	6056800.0
2013-01-02	0.026354000000000002	0.136654	0.139157	0.11948900000000001	1.4739149999999999	9067200.0
2012-12-31	0.019786	0.101523	0.128145	0.100065	1.085086	7880800.0
2012-12-28	-0.006876999999999999	0.097569	0.114048	0.09141200000000001	-0.379787	6508700.0
2012-12-27	-0.001145	0.10390999999999999	0.11096400000000001	0.08907799999999999	-0.06329299999999999	7184600.0
2012-12-26	-0.006984000000000001	0.105001	0.108234	0.095661	-0.388829	4453800.0
2012-12-24	0.004077	0.10030900000000001	0.117622	0.100128	0.22606700000000002	3022600.0
2012-12-21	-0.010489	0.0943	0.101438	0.080558	-0.587769	15929900.0
2012-12-20	0.0032380000000000004	0.10017000000000001	0.10965899999999999	0.096232	0.18086300000000002	8436700.0
2012-12-19	-0.019524	0.108181	0.108357	0.083957	-1.112221	7597900.0
2012-12-18	-0.004896	0.107297	0.107297	0.09524400000000001	-0.280308	7751400.0
2012-12-17	0.020142	0.107503	0.128709	0.104652	1.130291	8188700.0
2012-12-14	-0.005608	0.10448199999999999	0.106077	0.094913	-0.316479	5783500.0
2012-12-13	-0.008263	0.107833	0.11205	0.095707	-0.470203	5875900.0
2012-12-12	0.0006360000000000001	0.111175	0.112054	0.10167899999999999	0.036170999999999995	7216500.0
2012-12-11	-0.002379	0.10993399999999999	0.113969	0.100812	-0.135639	6880200.0
2012-12-10	-0.021877	0.104012	0.104012	0.08153400000000001	-1.274983	8150000.0
2012-12-07	0.0017100000000000001	0.11036800000000001	0.112947	0.100743	0.099465	6092800.0
2012-12-06	0.004998	0.10659	0.113327	0.099335	0.28936	5837400.0
2012-12-05	-0.003425	0.10469400000000001	0.11003099999999999	0.0923	-0.198933	6050500.0
2012-12-04	-0.011387999999999999	0.105049	0.10607	0.093135	-0.669136	7787600.0
2012-12-03	-0.0013830000000000001	0.10471	0.12034600000000001	0.10300999999999999	-0.08137899999999999	6696200.0
2012-11-30	0.01292	0.108654	0.12294200000000001	0.10245599999999999	0.7505149999999999	9271800.0
2012-11-29	-0.009101	0.101293	0.10914000000000001	0.093447	-0.533512	7629200.0
2012-11-28	0.010443000000000001	0.100901	0.11779300000000001	0.092282	0.605843	7759600.0
2012-11-27	-0.0034170000000000003	0.09954400000000001	0.107274	0.091642	-0.198918	8234300.0
2012-11-26	-0.002314	0.10711099999999998	0.112081	0.09957	-0.13503199999999999	6719200.0
2012-11-23	0.01139	0.114174	0.123708	0.111401	0.657138	3721900.0
2012-11-21	0.004231	0.108096	0.117147	0.10531099999999999	0.243046	5574000.0
2012-11-20	0.007737000000000001	0.10895099999999999	0.120353	0.107724	0.44109	8560400.0
2012-11-19	0.019478	0.117498	0.132698	0.1141	1.089222	10036100.0
2012-11-16	0.014204	0.10689100000000001	0.12956199999999998	0.10689100000000001	0.783172	9059100.0
2012-11-15	-0.0035789999999999997	0.10726600000000001	0.11829	0.10311	-0.198055	8204600.0
2012-11-14	-0.030136000000000003	0.108427	0.11298399999999999	0.074775	-1.7193490000000002	13379700.0
2012-11-13	0.036298000000000004	0.132495	0.170457	0.128863	1.998413	21441300.0
2012-11-12	0.003281	0.11598299999999999	0.11944600000000001	0.102498	0.180031	8353500.0
2012-11-09	0.001643	0.10722999999999999	0.119825	0.100842	0.090027	6562300.0
2012-11-08	-0.018229	0.107476	0.110881	0.090272	-1.01722	7251300.0
2012-11-07	-0.010061	0.10591400000000001	0.106446	0.08977	-0.567108	8778000.0
2012-11-06	0.0038469999999999997	0.114621	0.12014100000000001	0.109991	0.21605	7017900.0
2012-11-05	0.005804	0.110881	0.12001600000000001	0.109269	0.324062	4904200.0
2012-11-02	-0.003855	0.11605499999999999	0.12247899999999999	0.10588499999999999	-0.21604600000000002	8905700.0
2012-11-01	0.014337	0.121197	0.12916	0.11703399999999999	0.792161	6879900.0
2012-10-31	0.022318	0.161207	0.165648	0.126608	1.206249	13817800.0
2012-10-26	-0.007275	0.109044	0.11051400000000002	0.091779	-0.39607600000000004	10458600.0
2012-10-25	-0.013055	0.118495	0.121939	0.093297	-0.720147	9604000.0
2012-10-24	-0.007611	0.114479	0.11951600000000001	0.101526	-0.423088	7187200.0
2012-10-23	-0.004675	0.102107	0.106225	0.093333	-0.26106599999999996	8273900.0
2012-10-22	0.002424	0.108368	0.11375299999999999	0.102625	0.135048	7785800.0
2012-10-19	0.001456	0.11016199999999998	0.115015	0.10566800000000001	0.081005	10798800.0
2012-10-18	0.006679000000000001	0.110881	0.12011	0.11015699999999999	0.369076	9420000.0
2012-10-17	0.008709	0.11873	0.13388	0.116174	0.4771	11372700.0
2012-10-16	0.003462	0.114727	0.11729200000000001	0.106851	0.18903699999999998	7162400.0
2012-10-15	0.018300999999999998	0.116849	0.133076	0.114424	0.98119	8072200.0
2012-10-12	0.009321	0.115399	0.126129	0.113705	0.49511700000000003	6554400.0
2012-10-11	-0.01222	0.11478599999999999	0.11553	0.092472	-0.657139	10431000.0
2012-10-10	-0.019852	0.102861	0.11288599999999999	0.08645800000000001	-1.089225	15262700.0
2012-10-09	-0.015028999999999999	0.105675	0.10711099999999998	0.094185	-0.8371700000000001	9707700.0
2012-10-08	-0.020886000000000002	0.10701400000000001	0.109123	0.08521799999999999	-1.188244	9770300.0
2012-10-05	0.023647	0.11501900000000001	0.137151	0.11375999999999999	1.314266	9672400.0
2012-10-04	-0.00048600000000000005	0.11214	0.122571	0.106385	-0.027	8722300.0
2012-10-03	0.023869	0.11309100000000001	0.13758	0.111802	1.296265	8468300.0
2012-10-02	-0.003961999999999999	0.11638299999999999	0.11675	0.10317799999999999	-0.216042	6573100.0
2012-10-01	0.0033130000000000004	0.11824100000000001	0.11971400000000001	0.110329	0.180038	8537400.0
2012-09-28	0.008183	0.107171	0.120899	0.101976	0.441086	7740800.0
2012-09-27	0.011999	0.115574	0.130219	0.112195	0.639134	5824200.0
2012-09-26	-0.00921	0.108277	0.115159	0.099906	-0.49510200000000004	8583300.0
2012-09-25	0.005557	0.119111	0.13314	0.115183	0.297066	9723100.0
2012-09-24	-0.000505	0.109572	0.112751	0.100785	-0.027009	5589200.0
2012-09-21	0.002362	0.116503	0.12306199999999999	0.111443	0.126027	9011000.0
2012-09-20	-0.003195	0.105651	0.107705	0.097618	-0.171036	6362100.0
2012-09-19	0.010364	0.116921	0.13239700000000001	0.113523	0.549118	6648700.0
2012-09-18	-0.000849	0.11201300000000002	0.113521	0.10333800000000001	-0.04501	5216500.0
2012-09-17	-0.00925	0.106023	0.111068	0.096122	-0.495105	7985900.0
2012-09-14	0.019897	0.11888399999999999	0.137748	0.11774100000000001	1.0442120000000001	12476500.0
2012-09-13	0.021911	0.11127100000000001	0.136974	0.106208	1.125248	10772200.0
2012-09-12	0.005818	0.113427	0.118323	0.105201	0.297047	7774400.0
2012-09-11	-0.010121999999999999	0.109524	0.110881	0.097504	-0.522103	7490100.0
2012-09-10	0.000699	0.115149	0.12290899999999999	0.110105	0.036007	6903700.0
2012-09-07	-0.006765	0.113	0.115505	0.099126	-0.351086	6808700.0
2012-09-06	0.019632	0.110095	0.13308299999999998	0.110095	0.9992219999999999	7706900.0
2012-09-05	-0.0044020000000000005	0.114402	0.12124800000000001	0.102665	-0.225048	6068500.0
