2017-09-01	-0.004629	0.000145	0.001880	-0.004629.1	-0.639999	1755800.000000
2016-09-01	-0.0049700000000000005	0.018656	0.021981	0.007629	-0.5648569999999999	2883300.0
2016-08-31	-0.002649	0.020845	0.022328999999999998	0.016045	-0.30191	2063600.0
2016-08-30	-0.00128	0.021631	0.023461000000000003	0.018580000000000003	-0.146073	1957200.0
2016-08-29	0.003597	0.021369	0.02688	0.019269	0.40902	2415900.0
2016-08-26	-0.000171	0.024518	0.029941000000000002	0.01787	-0.019471000000000002	1712800.0
2016-08-25	8.6e-05	0.020319	0.025480000000000003	0.017957	0.009736	1833300.0
2016-08-24	-0.002137	0.019536	0.02198	0.017266	-0.24347	1737900.0
2016-08-23	0.0036880000000000003	0.024347999999999998	0.028114999999999998	0.023734	0.41877	1821100.0
2016-08-22	0.0040479999999999995	0.01961	0.028669999999999998	0.018113999999999998	0.457726	2231000.0
2016-08-19	0.0021579999999999998	0.017931	0.024807	0.017931	0.243477	1601900.0
2016-08-18	0.000691	0.019869	0.023133	0.018369999999999997	0.077903	1786100.0
2016-08-17	0.001254	0.02106	0.023445	0.016467	0.14122	1701100.0
2016-08-16	-0.005221	0.023022	0.031984	0.020649	-0.5910340000000001	1948100.0
2016-08-15	0.006374	0.030161	0.03476	0.026005	0.716996	1857900.0
2016-08-12	-0.00232	0.024684	0.026182999999999998	0.02186	-0.26160500000000003	1371400.0
2016-08-11	0.00293	0.030341000000000003	0.031932999999999996	0.027067	0.329438	1574600.0
2016-08-10	-0.001978	0.027154	0.028744	0.020531	-0.22285500000000003	1777500.0
2016-08-09	0.0018960000000000001	0.028305	0.031402	0.025563	0.21315	1672500.0
2016-08-08	-0.002836	0.028652999999999998	0.030152999999999996	0.020802	-0.319733	2020100.0
2016-08-05	0.003622	0.029723000000000003	0.035036000000000005	0.026182	0.406937	2953300.0
2016-08-04	-0.000517	0.026889999999999997	0.031757	0.025651	-0.058136	1297100.0
2016-08-03	0.004850999999999999	0.026713	0.032582	0.023778999999999998	0.542603	2000200.0
2016-08-02	-0.003711	0.023258	0.025384	0.019183000000000002	-0.416642	2103800.0
2016-08-01	-0.003868	0.023271	0.026713	0.017623	-0.435997	2282500.0
2016-07-29	0.004924	0.025205	0.033187	0.020328	0.552269	2955500.0
2016-07-28	0.006959	0.026982	0.035198	0.020194999999999998	0.7751239999999999	2993300.0
2016-07-27	-0.008537999999999999	0.027775	0.030697000000000002	0.014671	-0.9592209999999999	3464800.0
2016-07-26	0.0039829999999999996	0.024846	0.030802	0.018713	0.445694	3066000.0
2016-07-25	-0.001038	0.021828999999999998	0.034083999999999996	0.021828999999999998	-0.116272	5429700.0
2016-07-22	-0.025704	-0.016721	0.003611	-0.02494	-2.955147	9216200.0
2016-07-21	-0.010177	0.026025	0.027652	0.013094	-1.1820680000000001	4129300.0
2016-07-20	0.004441	0.027399	0.032216	0.025248	0.5135270000000001	2185900.0
2016-07-19	0.0038689999999999996	0.024034	0.031287	0.021875	0.44570200000000004	2194500.0
2016-07-18	-0.002852	0.026624000000000002	0.026797	0.021889	-0.329437	1254600.0
2016-07-15	0.001176	0.031624	0.032142000000000004	0.025331	0.13565	2266000.0
2016-07-14	0.000336	0.031971	0.034989	0.025331	0.03875	2428800.0
2016-07-13	0.000252	0.031714	0.033352	0.024382	0.029075999999999998	1911400.0
2016-07-12	0.003795	0.030433999999999996	0.036495	0.028443	0.435997	2310500.0
2016-07-11	-0.0022719999999999997	0.027661	0.028352	0.020404	-0.26160500000000003	2983200.0
2016-07-08	0.023512	0.035113	0.052088999999999996	0.033875	2.645111	2538300.0
2016-07-07	-0.006078	0.026273	0.029612	0.015463999999999999	-0.687912	2151900.0
2016-07-06	0.013799	0.028852	0.041147	0.019319	1.540558	3114700.0
2016-07-05	-0.010901000000000001	0.021072999999999998	0.026272000000000004	0.010498	-1.230522	2429500.0
2016-07-01	0.0015480000000000001	0.029537	0.038098	0.026095	0.17440799999999998	2244800.0
2016-06-30	0.01625	0.031468	0.043487	0.02797	1.802155	3395500.0
2016-06-29	0.003507	0.029325	0.034725	0.018704	0.387565	4038100.0
2016-06-28	0.023327	0.043756	0.050941	0.035098000000000004	2.519158	3663400.0
2016-06-27	-0.013453999999999999	0.018355	0.018355	0.001363	-1.472741	3913500.0
2016-06-24	-0.036993	-0.006803	0.009298	-0.014329	-4.205047	3682900.0
2016-06-23	0.0064340000000000005	0.034902999999999997	0.036576	0.027241	0.726684	2018100.0
2016-06-22	-0.006222999999999999	0.027937	0.031088	0.019098	-0.707298	2207100.0
2016-06-21	0.00205	0.030307999999999998	0.031536	0.025747000000000003	0.23253600000000002	2331700.0
2016-06-20	0.009834	0.038846	0.049739	0.032912000000000004	1.104554	2912700.0
2016-06-17	0.001123	0.027777	0.029905	0.021127	0.125961	3276300.0
2016-06-16	0.002337	0.021737	0.030979000000000003	0.013116	0.26159699999999997	2155900.0
2016-06-15	8.7e-05	0.030713	0.035601	0.026001999999999997	0.009696999999999999	2900200.0
2016-06-14	0.0033009999999999997	0.026	0.030726	0.021542	0.368171	2064800.0
2016-06-13	-0.013284	0.026008	0.026272000000000004	0.012371	-1.5018	2412300.0
2016-06-10	-0.004522	0.029251999999999997	0.029251999999999997	0.017953	-0.513512	3262500.0
2016-06-09	0.009822	0.022202	0.037504	0.021052	1.1045530000000001	2671700.0
2016-06-08	0.006242	0.028048000000000003	0.03588	0.026179	0.697602	2462300.0
2016-06-07	-0.001644	0.026624000000000002	0.029644999999999998	0.024758000000000002	-0.18409	2013100.0
2016-06-06	0.006534000000000001	0.028324000000000002	0.035389	0.026356	0.726685	1881800.0
2016-06-03	0.00227	0.028597000000000004	0.030657999999999998	0.019453	0.251922	2156900.0
2016-06-02	0.005178	0.027614999999999997	0.031939999999999996	0.02302	0.571633	2152800.0
2016-06-01	0.0009660000000000001	0.027166000000000003	0.029419999999999998	0.014268000000000001	0.106582	2240400.0
2016-05-31	-0.004372999999999999	0.026175	0.028959	0.018094	-0.48445900000000003	2996300.0
2016-05-27	0.0012259999999999999	0.029142	0.030311	0.024017	0.135666	1769400.0
2016-05-26	-0.00462	0.026624000000000002	0.031636000000000004	0.018391	-0.5135270000000001	2033400.0
2016-05-25	0.0030600000000000002	0.028599	0.034524	0.027163	0.339119	1598700.0
2016-05-24	0.013918	0.029355000000000003	0.044008	0.028536000000000002	1.521172	2098700.0
2016-05-23	-0.00371	0.025446	0.028166000000000004	0.020912	-0.406937	1708800.0
2016-05-20	0.008013	0.030281	0.042802999999999994	0.030281	0.872025	4006800.0
2016-05-19	-0.003283	0.020429	0.02544	0.008676999999999999	-0.358506	3042200.0
2016-05-18	-0.008272	0.022378	0.02816	0.012891999999999999	-0.910766	2481500.0
2016-05-17	-0.005383	0.025321	0.028825999999999997	0.015796	-0.595871	2509500.0
2016-05-16	0.014488	0.0358	0.049566000000000006	0.030057	1.580757	2410300.0
2016-05-13	-0.00867	0.031339	0.034773	0.019952	-0.954239	2526300.0
2016-05-12	0.000701	0.03586	0.038120999999999995	0.026545	0.07711799999999999	2377800.0
2016-05-11	-0.007220999999999999	0.032510000000000004	0.035293	0.023171999999999998	-0.800034	1727700.0
2016-05-10	0.01573	0.039085	0.053311000000000004	0.032792	1.7157220000000002	2885800.0
2016-05-09	-0.005449	0.030974	0.033967000000000004	0.024715	-0.597611	2687000.0
2016-05-06	0.001408	0.031608	0.035423	0.025522	0.15421300000000002	3353600.0
2016-05-05	0.00611	0.03517	0.042206	0.033068	0.665085	3015300.0
2016-05-04	-0.013798	0.024221	0.027195	0.015209	-1.522942	3255900.0
2016-05-03	-0.001395	0.024142	0.034401	0.023062	-0.15421300000000002	2635200.0
2016-05-02	0.0035	0.033687	0.03739	0.027998000000000002	0.385552	3070300.0
2016-04-29	-0.003054	0.030080000000000003	0.035483	0.023597999999999997	-0.337357	2733500.0
2016-04-28	-0.007103	0.029111	0.041625999999999996	0.021065	-0.7903899999999999	3004700.0
2016-04-27	0.005575	0.032511	0.042309	0.028555	0.616898	3282600.0
2016-04-26	0.013686000000000002	0.035343	0.047462	0.035343	1.494011	2981200.0
2016-04-25	-0.008058	0.030435000000000004	0.039474	0.017871	-0.8867719999999999	3681900.0
2016-04-22	-0.0065260000000000006	0.02371	0.037988	0.008803	-0.722908	4926400.0
2016-04-21	-0.002257	0.033136	0.04102	0.027760000000000003	-0.250626	2880800.0
2016-04-20	-0.005354	0.033219	0.033664	0.023951	-0.597588	2576500.0
2016-04-19	0.002945	0.035814	0.041803	0.030808999999999996	0.327706	2218400.0
2016-04-18	0.007241	0.031701	0.039984	0.02738	0.800026	2599900.0
2016-04-15	0.0009609999999999999	0.03107	0.035396	0.027736	0.10603299999999999	2104500.0
2016-04-14	-0.001917	0.03422	0.03422	0.027024	-0.21205900000000003	1775900.0
2016-04-13	0.015128999999999998	0.040188	0.049500999999999996	0.035715	1.648254	3476200.0
2016-04-12	0.009737	0.033354	0.044969999999999996	0.032524000000000004	1.0506209999999998	2151700.0
2016-04-11	-0.0016059999999999998	0.03464	0.038874	0.029945999999999997	-0.173515	2166000.0
2016-04-08	0.00403	0.03576	0.04417	0.032156	0.43376899999999996	2083300.0
2016-04-07	-0.012295	0.027499000000000003	0.027864	0.016544999999999997	-1.339821	2765700.0
2016-04-06	0.011451000000000001	0.032248	0.045081	0.027263	1.233796	2523300.0
2016-04-05	-0.006841	0.026562	0.031238	0.020784999999999998	-0.742188	3339300.0
2016-04-04	-0.006006	0.033703	0.033703	0.022675	-0.655456	2337300.0
2016-04-01	0.010531	0.026906	0.044864999999999995	0.020735	1.137382	2375700.0
2016-03-31	-0.00107	0.031419	0.035191	0.022494999999999998	-0.11566199999999999	2512200.0
2016-03-30	0.0024129999999999998	0.0423	0.0423	0.032156	0.260247	2231800.0
2016-03-29	0.002688	0.028272000000000002	0.037426999999999995	0.02069	0.289169	2482700.0
2016-03-28	0.002515	0.033825	0.03707	0.029745999999999998	0.269882	2144800.0
2016-03-24	-0.007932	0.024613999999999997	0.029856	0.020843	-0.857857	2380100.0
2016-03-23	-0.006815000000000001	0.027313	0.029688	0.02238	-0.742179	2213100.0
2016-03-22	0.0026620000000000003	0.02556	0.039206	0.024187	0.289169	3135800.0
2016-03-21	0.005174	0.028657	0.038231	0.027	0.559044	2908400.0
2016-03-18	0.009728	0.03727	0.042381999999999996	0.031599	1.040993	5431900.0
2016-03-17	0.016387	0.036128	0.052	0.025830000000000002	1.725357	4233800.0
2016-03-16	0.0050609999999999995	0.031117000000000002	0.041277	0.026463999999999998	0.5301279999999999	2667100.0
2016-03-15	0.001567	0.025029	0.034539	0.023127	0.163864	2031900.0
2016-03-14	-0.004769	0.028942000000000002	0.036325	0.026955	-0.50122	2799500.0
2016-03-11	0.006183	0.043876	0.046542	0.034638	0.6457970000000001	2813100.0
2016-03-10	-0.005233	0.033108	0.035761	0.016245	-0.549415	3155700.0
2016-03-09	0.012549	0.033889999999999997	0.045113	0.033698	1.301246	3581200.0
2016-03-08	0.001024	0.022657	0.034852	0.01872	0.10603399999999999	3126200.0
2016-03-07	-0.006288	0.028822000000000004	0.03283	0.017277	-0.655442	3903500.0
2016-03-04	0.001574	0.030729000000000003	0.041145999999999995	0.028913	0.163857	2965900.0
2016-03-03	0.013992	0.033037000000000004	0.048639	0.029161000000000003	1.436172	5335900.0
2016-03-02	0.005856	0.031289	0.049419	0.027195	0.597618	4225200.0
2016-03-01	0.044598	0.054983000000000004	0.07799500000000001	0.051827	4.356751	8266200.0
2016-02-29	-0.016306	0.027563999999999998	0.036579	0.014443000000000001	-1.619316	5601200.0
2016-02-26	-0.011133	0.030981	0.035338999999999995	0.017312	-1.118103	7950500.0
2016-02-25	0.008616	0.035168	0.041562	0.029374	0.857849	4866400.0
2016-02-24	-0.00328	0.018927	0.032867	0.008173	-0.327705	6798000.0
2016-02-23	-0.008941	0.029356	0.04406	0.018106	-0.9012379999999999	7879100.0
2016-02-22	-0.019577	0.044906	0.082251	0.012494	-2.0127029999999997	15198600.0
2016-02-19	0.007514	0.034626	0.048077999999999996	0.027413	0.7667390000000001	4448500.0
2016-02-18	0.003204	0.035887	0.046937	0.033931	0.325859	4117200.0
2016-02-17	0.011244	0.042194	0.05416	0.041007	1.130959	6070400.0
2016-02-16	0.014206	0.047772	0.06311699999999999	0.044663	1.4088969999999998	5309900.0
2016-02-12	0.019106	0.049495	0.060738	0.041522	1.8593520000000001	4467400.0
2016-02-11	-0.010332	0.01569	0.034908999999999996	0.010834	-1.015953	5078200.0
2016-02-10	-0.001168	0.042086	0.056535	0.035317	-0.11499000000000001	4062300.0
2016-02-09	0.011720999999999999	0.024656	0.058490999999999994	0.024656	1.140526	3727200.0
2016-02-08	-0.005875	0.02636	0.032864	0.014979	-0.575051	3468200.0
2016-02-05	-0.004096	0.038956	0.039968000000000004	0.024383000000000002	-0.402542	3689200.0
2016-02-04	0.003817	0.033068	0.053690999999999996	0.032357	0.373779	5066700.0
2016-02-03	0.014902	0.045988	0.054546000000000004	0.025058	1.437638	3778700.0
2016-02-02	-0.021578	0.026948000000000003	0.026948000000000003	0.009698	-2.127709	3836600.0
2016-02-01	-0.003101	0.027786	0.037843	0.0125	-0.306694	5423000.0
2016-01-29	0.053384	0.06983500000000001	0.095683	0.058075999999999996	5.012589	6675200.0
2016-01-28	0.010417000000000001	0.048118	0.054862	0.039341	0.968002	4523300.0
2016-01-27	-0.015734	0.030047000000000004	0.040687	0.014769999999999998	-1.48555	5087100.0
2016-01-26	0.021041	0.040747000000000005	0.061078	0.036875	1.9456099999999998	3275100.0
2016-01-25	-0.013699000000000001	0.035297	0.036782	0.022459	-1.284294	2444700.0
2016-01-22	0.012838999999999998	0.054607	0.058797	0.039885000000000004	1.1884540000000001	3207200.0
2016-01-21	0.0035329999999999997	0.044098000000000005	0.05294	0.034069	0.325867	3058400.0
2016-01-20	-0.011198999999999999	0.018223	0.033151	-0.000758	-1.044686	4991900.0
2016-01-19	0.00072	0.050220999999999995	0.051608	0.026638	0.067078	3755800.0
2016-01-15	-0.014988999999999999	0.012301000000000001	0.025755	0.007992	-1.418472	4813800.0
2016-01-14	0.016890000000000002	0.040408	0.06328099999999999	0.031644	1.5718379999999998	5483000.0
2016-01-13	-0.020873	0.043913	0.045482	0.012203	-1.983971	2999100.0
2016-01-12	0.00762	0.04649	0.05018	0.031620999999999996	0.718819	3163400.0
2016-01-11	-0.000101	0.041955	0.048282	0.027404	-0.009559999999999999	3147200.0
2016-01-08	-0.008062	0.04506	0.049451999999999996	0.026861000000000003	-0.766754	4048600.0
2016-01-07	-0.029441000000000002	0.020586	0.026372000000000003	0.00201	-2.884872	3438700.0
2016-01-06	-0.011314	0.025097	0.028710000000000003	0.018473	-1.121369	2333900.0
2016-01-05	0.008189	0.038551	0.048164	0.034807	0.805077	2567300.0
2016-01-04	-0.009655	0.018302000000000002	0.028524	0.011989	-0.9584280000000001	3358800.0
2015-12-31	-0.00852	0.033968	0.039035	0.028106	-0.8529959999999999	2053500.0
2015-12-30	-0.008354	0.038433999999999996	0.038827999999999994	0.026513	-0.8434219999999999	2236900.0
2015-12-29	0.009681	0.046497000000000004	0.05167000000000001	0.036948	0.96801	2024400.0
2015-12-28	-0.003058	0.033678	0.037545	0.029711	-0.306687	1442700.0
2015-12-24	-0.002954	0.036953	0.03814	0.033097	-0.297119	798100.0
2015-12-23	0.007679999999999999	0.043124	0.049401	0.03854	0.7667390000000001	3669700.0
2015-12-22	0.015205000000000002	0.041181	0.056759000000000004	0.036932	1.49514	2565700.0
2015-12-21	0.007562	0.046914	0.057411000000000004	0.038862	0.7380140000000001	3078900.0
2015-12-18	-0.004692	0.035611000000000004	0.044741	0.029119	-0.460045	5518200.0
2015-12-17	-0.017006	0.03904	0.04233	0.019694999999999997	-1.6964259999999998	3767000.0
2015-12-16	0.056971	0.072202	0.100343	0.06767000000000001	5.37677	7400400.0
2015-12-15	-0.005152	0.042561	0.048014	0.031552	-0.488785	5113100.0
2015-12-14	0.007634999999999999	0.039005	0.046612	0.031820999999999995	0.718827	5791800.0
2015-12-11	-0.03469	0.022646	0.02999	-0.001423	-3.383263	5583200.0
2015-12-10	-0.001276	0.040593000000000004	0.042427	0.031833	-0.12458	2827200.0
2015-12-09	-0.007501000000000001	0.032182	0.04684	0.025206	-0.737999	2477700.0
2015-12-08	-0.01459	0.026387	0.031666	0.020011	-1.456818	2726300.0
2015-12-07	-0.003539	0.037843	0.040820999999999996	0.028512	-0.354622	2310600.0
2015-12-04	0.020996	0.041694	0.061255	0.037944	2.060623	3570900.0
2015-12-03	-0.006789	0.040963	0.043681	0.025361	-0.670898	2717200.0
2015-12-02	-0.010081999999999999	0.035450999999999996	0.039238	0.025586	-1.006348	2496100.0
2015-12-01	0.001924	0.037344	0.051022000000000005	0.036045999999999995	0.191689	3281900.0
2015-11-30	-0.001057	0.040236	0.04263	0.035449	-0.105439	2909900.0
2015-11-27	0.004149	0.038143	0.045554000000000004	0.03584	0.412125	1150700.0
2015-11-25	0.004459	0.040961000000000004	0.045287	0.035227	0.44088	3744900.0
2015-11-24	-0.013577	0.025042	0.030004000000000003	0.013035	-1.36097	5779800.0
2015-11-23	-0.009845999999999999	0.037155	0.04079	0.020256	-0.996765	3151300.0
2015-11-20	0.0056170000000000005	0.041301	0.048711000000000004	0.040906	0.5654680000000001	2575600.0
2015-11-19	0.009418000000000001	0.039837	0.049013	0.037943	0.939262	3426800.0
2015-11-18	0.017304	0.041191000000000005	0.056714999999999995	0.039162	1.6964270000000001	2549300.0
2015-11-17	-0.000733	0.046106	0.046106	0.033533999999999994	-0.071869	2436700.0
2015-11-16	0.018599	0.043875	0.0636	0.042636	1.79142	2309900.0
2015-11-13	-0.008728	0.041623	0.049402999999999996	0.031796	-0.848068	2459200.0
2015-11-12	-0.012493	0.035788	0.037607999999999996	0.027397	-1.229233	3496700.0
2015-11-11	0.008399	0.048769	0.061511	0.044385	0.8194959999999999	2315800.0
2015-11-10	-0.003018	0.039404	0.0454	0.029647000000000003	-0.295387	2772000.0
2015-11-09	-0.012404	0.037351	0.040061	0.024002000000000002	-1.229248	3291900.0
2015-11-06	0.003861	0.03652	0.047906	0.0339	0.38114899999999996	2468100.0
2015-11-05	0.002225	0.043976	0.04943	0.038725	0.219177	2235900.0
2015-11-04	-0.0027010000000000003	0.044278	0.049616	0.039444	-0.266815	1950900.0
2015-11-03	-0.0050869999999999995	0.041770999999999996	0.044176	0.03596	-0.50502	2479500.0
2015-11-02	0.008714	0.043774	0.054689999999999996	0.041045	0.8575969999999999	2463500.0
2015-10-30	0.003303	0.047425	0.054624	0.043875	0.32398299999999997	2938800.0
2015-10-29	-0.006179	0.040449	0.046495999999999996	0.031278	-0.609848	3145700.0
2015-10-28	0.01103	0.044487	0.056102	0.04143	1.076774	2529300.0
2015-10-27	-0.003211	0.041844	0.046008	0.036258	-0.31447600000000003	2465500.0
2015-10-26	-0.003394	0.046811	0.046811	0.038005000000000004	-0.333496	1911900.0
2015-10-23	0.005362	0.051303999999999995	0.05629	0.038889	0.5240859999999999	4130600.0
2015-10-22	0.038574000000000004	0.04916	0.087524	0.04916	3.6305080000000003	4439700.0
2015-10-21	0.004986	0.050142	0.061188	0.043344	0.466919	3652300.0
2015-10-20	0.011319	0.04409	0.061706	0.04409	1.04818	4619100.0
2015-10-19	0.001546	0.041293	0.049255	0.038174	0.14294400000000002	5979600.0
2015-10-16	-0.014924000000000002	0.059772000000000006	0.06878	0.010281	-1.400764	12712500.0
2015-10-15	0.002443	0.049931	0.049931	0.034845	0.22869899999999999	6050200.0
2015-10-14	-0.015628	0.044294	0.045758	0.027351999999999998	-1.486504	3570000.0
2015-10-13	-0.016552	0.035442	0.039659	0.025569	-1.600868	3679700.0
2015-10-12	0.003361	0.045217	0.049241	0.040573000000000005	0.32399	1771400.0
2015-10-09	0.0008900000000000001	0.044392	0.054617	0.043256	0.085762	3329100.0
2015-10-08	0.015881	0.039469	0.063916	0.039049	1.5055610000000001	3100900.0
2015-10-07	0.013033000000000001	0.052591	0.066622	0.049721	1.219719	2997200.0
2015-10-06	-0.0017280000000000002	0.043875	0.051302999999999994	0.041435	-0.162017	2619600.0
2015-10-05	0.01906	0.049714	0.06971799999999999	0.047768	1.753341	3726200.0
2015-10-02	0.019322	0.029106	0.064817	0.025138	1.743782	3837800.0
2015-10-01	0.00021099999999999998	0.044427	0.059199	0.031859	0.019059	3332400.0
2015-09-30	0.023455	0.056625	0.070051	0.054707000000000006	2.067787	4421600.0
2015-09-29	0.010154	0.048206	0.061085	0.045243	0.886177	3470300.0
2015-09-28	-0.020637	0.036173000000000004	0.042424	0.022109	-1.839089	4386100.0
2015-09-25	-0.001068	0.056587	0.056921000000000006	0.037408	-0.095276	3919200.0
2015-09-24	-0.010255	0.033502	0.036812	0.012423	-0.924316	5605100.0
2015-09-23	-0.015097999999999999	0.045832	0.048332	0.023115	-1.381683	5746300.0
2015-09-22	-0.017393000000000002	0.028281999999999998	0.029564	0.016961	-1.619919	4605900.0
2015-09-21	-0.0030600000000000002	0.045366000000000004	0.049731	0.034931	-0.285866	2697600.0
2015-09-18	-0.024769	0.031	0.031726	0.015009	-2.372696	4926800.0
2015-09-17	-0.004259000000000001	0.043565	0.057627	0.037155	-0.40975200000000006	2715700.0
2015-09-16	0.006379999999999999	0.047725	0.052303999999999996	0.0445	0.609848	3260800.0
2015-09-15	0.011086	0.048294	0.059867	0.044506	1.0481719999999999	3013800.0
2015-09-14	-0.0040149999999999995	0.047962	0.047962	0.036645	-0.38114899999999996	2518400.0
2015-09-11	0.0007030000000000001	0.043037	0.044819	0.032131	0.066711	2570600.0
2015-09-10	0.00698	0.042397000000000004	0.057497	0.03754	0.657502	3542700.0
2015-09-09	-0.009518	0.050464	0.05653	0.031639	-0.905259	3311000.0
2015-09-08	0.033337	0.067868	0.078783	0.063329	3.068322	3734700.0
2015-09-04	-0.020087	0.030532	0.034662	0.017294	-1.886727	3673100.0
2015-09-03	0.005714	0.049307	0.061449000000000004	0.04771	0.533608	3140900.0
2015-09-02	0.021363	0.055514999999999995	0.066176	0.049859	1.953445	3839400.0
2015-09-01	-0.033343	0.019795	0.024631999999999998	0.0033909999999999995	-3.154075	4298600.0
2015-08-31	-0.007499	0.039596	0.047633	0.034274	-0.714676	4264400.0
2015-08-28	0.001302	0.040008999999999996	0.047638	0.035724	0.123886	3474700.0
2015-08-27	0.021057	0.057852999999999995	0.072365	0.049637	1.962951	5062000.0
2015-08-26	0.04152	0.06988	0.087773	0.056878	3.7162559999999996	5292300.0
2015-08-25	-0.014169	0.07751	0.079592	0.02777	-1.2863850000000001	6117800.0
2015-08-24	-0.036407999999999996	-0.025273	0.039758	-0.08154199999999999	-3.4304050000000004	7730600.0
2015-08-21	-0.036633	0.036044	0.037875	0.00533	-3.5828849999999997	7395200.0
2015-08-20	-0.022848	0.034434	0.036621	0.019627000000000002	-2.286927	4019200.0
2015-08-19	-0.011016	0.036897000000000006	0.041713	0.030017000000000002	-1.114883	2494100.0
2015-08-18	0.004236	0.043954	0.052837	0.04198	0.426888	3445200.0
2015-08-17	0.0018850000000000002	0.043845999999999996	0.051658	0.035441	0.189651	2294200.0
2015-08-14	0.005307	0.05038	0.055847	0.048193	0.531013	1585400.0
2015-08-13	-0.00018999999999999998	0.043422	0.052565999999999995	0.039844	-0.018966	2083300.0
2015-08-12	0.001614	0.048192	0.053070000000000006	0.031666	0.161217	3675100.0
2015-08-11	-0.017987	0.037354000000000005	0.040776	0.021712000000000002	-1.8301319999999999	3251600.0
2015-08-10	0.017447	0.058835000000000005	0.068384	0.057642	1.744782	2227600.0
2015-08-07	-0.00312	0.047699	0.050475	0.041055	-0.31293499999999996	1831500.0
2015-08-06	0.0005679999999999999	0.049683	0.054643	0.045714	0.056907000000000006	2135900.0
2015-08-05	0.01061	0.057811	0.065532	0.05530499999999999	1.0525520000000002	1966400.0
2015-08-04	-0.0007639999999999999	0.049188	0.056001	0.042876	-0.07586	2891300.0
2015-08-03	-0.003332	0.048688	0.048688	0.037505000000000004	-0.331886	2360600.0
2015-07-31	-0.0031309999999999997	0.052771000000000005	0.054363	0.044509	-0.312919	1989500.0
2015-07-30	-0.001516	0.04382	0.051274	0.039844	-0.151726	2224100.0
2015-07-29	0.01286	0.048988	0.065498	0.046471	1.270645	2586600.0
2015-07-28	0.025187	0.059927999999999995	0.078711	0.0558	2.4275130000000003	3949700.0
2015-07-27	-0.010995	0.041128	0.041638999999999995	0.034595999999999995	-1.071525	3308800.0
2015-07-24	-0.014858000000000001	0.04748	0.050999	0.028676	-1.469773	2818200.0
2015-07-23	-0.0040100000000000005	0.049388999999999995	0.056299	0.043680000000000004	-0.398262	2381900.0
2015-07-22	-0.006261999999999999	0.048589999999999994	0.050182	0.04013	-0.625831	3144300.0
2015-07-21	-0.009119	0.045536	0.049283999999999994	0.037351	-0.919808	3744200.0
2015-07-20	0.007864	0.050578	0.061412	0.048889	0.787041	4546600.0
2015-07-17	0.019021	0.062661	0.07987899999999999	0.056077999999999996	1.868057	5471400.0
2015-07-16	-0.0026	0.059595	0.059595	0.040805	-0.25605	4653000.0
2015-07-15	-0.002306	0.048988	0.052818	0.043747	-0.227562	2749800.0
2015-07-14	0.002987	0.048483	0.05545800000000001	0.045248000000000003	0.293953	1450800.0
2015-07-13	0.013280000000000002	0.058514	0.063943	0.056261	1.289619	1617100.0
2015-07-10	0.012156	0.057386	0.06443600000000001	0.053135	1.166336	2588000.0
2015-07-09	0.0020800000000000003	0.063013	0.067169	0.050754	0.199151	2659000.0
2015-07-08	-0.018184	0.04042	0.044398	0.02767	-1.773232	2358700.0
2015-07-07	0.004493	0.049398000000000004	0.055136000000000004	0.035361000000000004	0.436195	2377000.0
2015-07-06	-0.001268	0.038652	0.053592999999999995	0.037219999999999996	-0.12329100000000001	2274500.0
2015-07-02	-0.0032090000000000005	0.052048000000000004	0.053782	0.042358	-0.312904	1802600.0
2015-07-01	0.008532	0.059378	0.064522	0.054235000000000005	0.824982	2182600.0
2015-06-30	0.001178	0.057433000000000005	0.062068	0.046104	0.113777	2207100.0
2015-06-29	-0.016322	0.042808	0.045037	0.031461	-1.602524	2150600.0
2015-06-26	0.001741	0.052743	0.05294600000000001	0.047161	0.17067000000000002	2125700.0
2015-06-25	-0.007109000000000001	0.058762	0.058762	0.040119999999999996	-0.701706	1457300.0
2015-06-24	-0.0063	0.048888	0.053995	0.042379	-0.6258319999999999	2311100.0
2015-06-23	-0.005789	0.048092	0.048789	0.040526	-0.578422	1818600.0
2015-06-22	0.000285	0.054564	0.057651	0.041121	0.028426999999999997	2200500.0
2015-06-19	-0.0018	0.045906999999999996	0.052566999999999996	0.044714	-0.180153	2797600.0
2015-06-18	0.012764	0.050095	0.066303	0.050095	1.261154	2239500.0
2015-06-17	0.0009609999999999999	0.051809	0.055034000000000007	0.040119999999999996	0.094826	2683400.0
2015-06-16	0.006379999999999999	0.046350999999999996	0.058013	0.045439	0.625839	1825800.0
2015-06-15	-0.005862	0.040217	0.045056	0.031648	-0.578415	2884600.0
2015-06-12	-0.008103	0.044388	0.047988	0.036888	-0.8060149999999999	1256300.0
2015-06-11	0.001241	0.053594	0.053594	0.046685000000000004	0.12326	1640400.0
2015-06-10	0.011684	0.056484000000000006	0.063675	0.050001	1.147385	2114300.0
2015-06-09	0.002905	0.049699	0.056403999999999996	0.048683	0.284485	1532300.0
2015-06-08	-0.004627	0.049291	0.050808	0.044032999999999996	-0.455162	1480800.0
2015-06-05	0.000193	0.048583999999999995	0.052427	0.045448	0.018982	1602300.0
2015-06-04	-0.012001999999999999	0.042193	0.047789	0.0335	-1.194809	2482700.0
2015-06-03	0.004017	0.053402	0.057315	0.046380000000000005	0.39826999999999996	1524800.0
2015-06-02	0.004804999999999999	0.048081	0.059774	0.039915	0.474121	1964800.0
2015-06-01	-0.001344	0.04929	0.054122	0.042142	-0.132767	2163200.0
2015-05-29	-0.014098	0.046705	0.047598	0.032215	-1.41288	2388400.0
2015-05-28	0.002942	0.048688999999999996	0.05287000000000001	0.043414	0.29396100000000003	2420000.0
2015-05-27	0.005151	0.05209	0.056392	0.048388	0.512046	2102800.0
2015-05-26	-0.010196	0.044927999999999996	0.046512	0.034628	-1.024101	2193800.0
2015-05-22	-0.004137	0.0481	0.050369	0.043858999999999995	-0.41723599999999994	1465700.0
2015-05-21	0.001224	0.049482	0.054617	0.047507	0.12328299999999999	2673800.0
2015-05-20	0.0039689999999999994	0.050079000000000005	0.056622000000000006	0.046906	0.398255	3394800.0
2015-05-19	-0.0041600000000000005	0.050548	0.05272	0.042847	-0.41911400000000004	2515400.0
2015-05-18	-0.000749	0.052128999999999995	0.05656900000000001	0.051537	-0.075485	3054600.0
2015-05-15	0.0038520000000000004	0.05637999999999999	0.05885599999999999	0.050537	0.386872	5497300.0
2015-05-14	0.01915	0.058341	0.075701	0.05470800000000001	1.8872900000000001	4972700.0
2015-05-13	0.020819	0.062242	0.084187	0.061520000000000005	2.0099869999999997	4636500.0
2015-05-12	-0.003701	0.045787	0.051637999999999996	0.041374	-0.358596	2494800.0
2015-05-11	0.005582	0.062979	0.067211	0.05864400000000001	0.537887	3398900.0
2015-05-08	0.010989	0.066729	0.069338	0.063703	1.04744	3976200.0
2015-05-07	0.000198	0.050553	0.055876	0.045334	0.018875	4511000.0
2015-05-06	-0.005417	0.060434	0.061473	0.041333	-0.5190130000000001	3855100.0
2015-05-05	-0.010138	0.053486	0.057185	0.040743	-0.981376	2225600.0
2015-05-04	0.00078	0.053896000000000006	0.06274	0.052354	0.075477	2395400.0
2015-05-01	0.015656	0.060787	0.070814	0.059324	1.49096	2110400.0
2015-04-30	-0.00806	0.052237	0.056380999999999994	0.043223000000000004	-0.7737890000000001	3145400.0
2015-04-29	-0.011561	0.047138	0.05318	0.039867	-1.122925	2730300.0
2015-04-28	0.003803	0.058316999999999994	0.06212	0.047934	0.368012	2117100.0
2015-04-27	0.00039	0.05801	0.06202100000000001	0.053074	0.037742000000000005	1875900.0
2015-04-24	-0.004951	0.053693	0.054511000000000004	0.047451	-0.48124700000000004	2714300.0
2015-04-23	0.008024	0.051936	0.066996	0.049254	0.773781	3247700.0
2015-04-22	0.008487	0.053062	0.06471299999999999	0.050877	0.811539	3347100.0
2015-04-21	-0.012186	0.055232	0.05811	0.038072	-1.17955	3175400.0
2015-04-20	0.008653000000000001	0.058766	0.06591799999999999	0.05814400000000001	0.830391	3060500.0
2015-04-17	-0.021363	0.044871	0.048219	0.023063	-2.094895	6752000.0
2015-04-16	0.001253	0.048415	0.057961	0.046586	0.122673	3378200.0
2015-04-15	0.005229999999999999	0.059207	0.064209	0.056552	0.509583	2234600.0
2015-04-14	-0.000291	0.050938	0.056858000000000006	0.045937	-0.028312999999999998	2198500.0
2015-04-13	-0.013563	0.050176	0.053599	0.039806	-1.3399809999999999	2816800.0
2015-04-10	0.00297	0.057939	0.059252	0.049861	0.292534	2118100.0
2015-04-09	0.0052	0.054202999999999994	0.062019000000000005	0.050042	0.50956	1966800.0
2015-04-08	-0.002689	0.052685	0.060277	0.047623	-0.264214	2096700.0
2015-04-07	-0.003445	0.052791	0.057734	0.05047	-0.33971399999999996	1838700.0
2015-04-06	0.009468	0.047075	0.069887	0.046261000000000004	0.924774	2209700.0
2015-04-02	0.0026149999999999997	0.055429	0.061964	0.049712	0.254784	2047400.0
2015-04-01	-0.010258	0.051475	0.05198	0.037024	-1.0097049999999999	2663800.0
2015-03-31	-0.005719	0.047471	0.053198	0.042849	-0.566177	2765600.0
2015-03-30	0.018938999999999998	0.061780999999999996	0.076011	0.06045	1.8401029999999998	2599300.0
2015-03-27	0.007731999999999999	0.053483	0.063181	0.052451	0.745476	3206300.0
2015-03-26	0.002355	0.048414	0.061134	0.043244	0.22648600000000002	2792000.0
2015-03-25	-0.020469	0.057647000000000004	0.057647000000000004	0.032424	-2.009979	2481900.0
2015-03-24	-0.002301	0.052080999999999995	0.059458000000000004	0.04824	-0.226471	2411800.0
2015-03-23	-0.010435999999999999	0.054002	0.054002	0.039300999999999996	-1.03801	4042600.0
2015-03-20	0.023102	0.061162	0.086128	0.060037	2.245873	10015900.0
2015-03-19	-0.007897	0.048316000000000005	0.051564	0.040195	-0.7737970000000001	2250000.0
2015-03-18	0.015948	0.05173	0.075244	0.043583	1.538163	2974500.0
2015-03-17	-0.005546	0.04641	0.051333000000000004	0.044461	-0.537888	1859700.0
2015-03-16	0.015913999999999998	0.05754	0.07160599999999999	0.05639400000000001	1.519287	2248400.0
2015-03-13	-0.01259	0.053176	0.053999	0.03188	-1.217323	2604300.0
2015-03-12	0.017983000000000002	0.057663	0.07421	0.057663	1.7080080000000002	2618500.0
2015-03-11	-0.00514	0.055144000000000006	0.057227999999999994	0.047955000000000005	-0.49068500000000004	2482000.0
2015-03-10	-0.0191	0.043882	0.046539	0.033968	-1.8589930000000001	3019300.0
2015-03-09	0.012467	0.056999	0.070969	0.055447	1.198433	2496100.0
2015-03-06	-0.012218000000000001	0.045721	0.050422	0.038464	-1.189003	2480400.0
2015-03-05	0.000776	0.060954999999999995	0.062183	0.053693	0.07549299999999999	2254800.0
2015-03-04	-0.009516	0.057344000000000006	0.057344000000000006	0.037689	-0.934205	2519600.0
2015-03-03	-0.005164	0.047046	0.052288	0.044224	-0.509582	2498400.0
2015-03-02	0.017513	0.054102	0.073075	0.051538	1.6985700000000001	3207300.0
2015-02-27	-0.008298	0.051151999999999996	0.056441	0.044847000000000005	-0.811539	3011000.0
2015-02-26	-0.007184	0.052184	0.053799	0.044407999999999996	-0.707725	1914800.0
2015-02-25	0.000863	0.052080999999999995	0.05935700000000001	0.051778	0.084923	2154700.0
2015-02-24	0.004217	0.053777	0.060983	0.05124	0.413315	2364700.0
2015-02-23	-0.009301	0.058755999999999996	0.058755999999999996	0.046791	-0.9201889999999999	3092100.0
2015-02-20	0.006304	0.058246000000000006	0.066341	0.048027	0.6197050000000001	3392600.0
2015-02-19	0.0007650000000000001	0.055815	0.063106	0.053284000000000005	0.075126	1972100.0
2015-02-18	0.005961999999999999	0.061702	0.069036	0.05997	0.5821609999999999	2279000.0
2015-02-17	-0.0036409999999999997	0.056213	0.059765	0.052052	-0.35680300000000004	2310600.0
2015-02-13	0.008502	0.0568	0.069083	0.0568	0.826293	1980600.0
2015-02-12	0.010445999999999999	0.061738	0.07259700000000001	0.061635	1.004693	1952400.0
2015-02-11	-9.8e-05	0.056774	0.063185	0.053465	-0.0094	1934800.0
2015-02-10	0.008367	0.063635	0.07030800000000001	0.05810800000000001	0.798126	1711600.0
2015-02-09	-0.001573	0.056236	0.061753999999999996	0.052904	-0.15024500000000002	2265500.0
2015-02-06	-0.005765	0.058427999999999994	0.064742	0.050043000000000004	-0.553978	2417500.0
2015-02-05	0.015781	0.061988	0.07776	0.0602	1.4929350000000001	2569100.0
2015-02-04	-0.005135	0.055384	0.061765	0.050363	-0.48825799999999997	2477600.0
2015-02-03	0.015035	0.061801	0.075711	0.061377	1.408447	2779000.0
2015-02-02	0.020561000000000003	0.068137	0.082224	0.050473000000000004	1.887329	3581600.0
2015-01-30	-0.024059	0.049735	0.054917999999999995	0.031545	-2.262901	4120500.0
2015-01-29	0.0035060000000000004	0.056494	0.064559	0.040681	0.32862800000000003	4554500.0
2015-01-28	-0.010704	0.065974	0.076158	0.047389999999999995	-1.014076	3833400.0
2015-01-27	-0.009715999999999999	0.048338	0.058423	0.039397	-0.929581	2529600.0
2015-01-26	-0.005951	0.05853200000000001	0.059255999999999996	0.046543	-0.5727770000000001	3317400.0
2015-01-23	0.031291	0.076519	0.107643	0.07119	2.920182	5913700.0
2015-01-22	0.001411	0.064696	0.06683099999999999	0.047405	0.131462	4450000.0
2015-01-21	0.002728	0.05400800000000001	0.065032	0.050476	0.253525	2518600.0
2015-01-20	0.007737999999999999	0.070792	0.075861	0.056339	0.713615	3822200.0
2015-01-16	0.01143	0.056741	0.072559	0.052704999999999995	1.042259	4855500.0
2015-01-15	-0.01601	0.065478	0.066873	0.042292	-1.483581	3513400.0
2015-01-14	-0.004639	0.043653	0.057329	0.043653	-0.43191599999999997	3111500.0
2015-01-13	0.007109999999999999	0.06678400000000001	0.078513	0.054516999999999996	0.65728	3441000.0
2015-01-12	-0.004852	0.06225	0.064071	0.041262	-0.450721	2774500.0
2015-01-09	-0.0166	0.060307000000000006	0.061255	0.040615	-1.568047	2665700.0
2015-01-08	0.018218	0.068366	0.080804	0.068366	1.690109	2574700.0
2015-01-07	0.007238	0.06994299999999999	0.07836699999999999	0.063679	0.666672	2624300.0
2015-01-06	-0.002339	0.059144	0.071965	0.050847	-0.21595799999999998	4253900.0
2015-01-05	-0.019056	0.055871000000000004	0.055871000000000004	0.035789999999999995	-1.7934259999999997	3172500.0
2015-01-02	0.0031030000000000003	0.062327999999999995	0.069219	0.050664999999999995	0.291084	2140000.0
2014-12-31	-0.007943	0.061988	0.065985	0.050419	-0.751182	1752300.0
2014-12-30	-0.009344	0.054462	0.056858000000000006	0.047898	-0.892006	1493400.0
2014-12-29	0.000394	0.057170000000000006	0.062486	0.054669	0.037567	989300.0
2014-12-26	-0.003237	0.06029400000000001	0.061749	0.055827	-0.30985300000000005	1031300.0
2014-12-24	-0.000196	0.063099	0.063618	0.059047	-0.018799	609700.0
2014-12-23	0.007608	0.063546	0.071605	0.062813	0.723	1525200.0
2014-12-22	0.0004940000000000001	0.057370000000000004	0.067946	0.055902999999999994	0.046967	2565500.0
2014-12-19	0.005267	0.059675	0.07115	0.057359	0.497634	4439200.0
2014-12-18	0.030412	0.073461	0.091576	0.070315	2.788735	3676500.0
2014-12-17	0.013281	0.05957899999999999	0.075297	0.050676	1.2018739999999999	4938700.0
2014-12-16	0.005949	0.060465	0.084237	0.059359	0.535225	4059900.0
2014-12-15	-0.00073	0.072065	0.07537999999999999	0.053724	-0.065735	3340300.0
2014-12-12	-0.020533000000000003	0.05081	0.055029999999999996	0.037174	-1.887329	2376200.0
2014-12-11	0.004	0.061532	0.070224	0.06012000000000001	0.366188	2225200.0
2014-12-10	-0.018325	0.057973000000000004	0.058613	0.03888	-1.708908	2400800.0
2014-12-09	0.005772	0.045842	0.066439	0.045413	0.535209	1724200.0
2014-12-08	-0.009429	0.055959	0.060315999999999995	0.047457	-0.8826219999999999	1577400.0
2014-12-05	0.004332	0.063201	0.068964	0.06064	0.403748	1480200.0
2014-12-04	-0.007102	0.058087	0.058087	0.046537	-0.666672	1916900.0
2014-12-03	0.021562	0.06239	0.083175	0.06239	1.9812400000000001	2700400.0
2014-12-02	0.004723	0.06012000000000001	0.064362	0.057510000000000006	0.431907	1694500.0
2014-12-01	-0.016857	0.054334	0.057648000000000005	0.040645999999999995	-1.568062	3058700.0
2014-11-28	-0.000101	0.061176999999999995	0.062246	0.057862000000000004	-0.009406999999999999	1557300.0
2014-11-26	0.002023	0.062145000000000006	0.063002	0.059252	0.187806	2194600.0
2014-11-25	0.006207	0.059251	0.069492	0.058065	0.572761	2803800.0
2014-11-24	0.000407	0.062702	0.066153	0.056447000000000004	0.037551999999999995	1965300.0
2014-11-21	0.015507	0.07042000000000001	0.07775800000000001	0.068997	1.408462	3349000.0
2014-11-20	0.001657	0.054641999999999996	0.06276	0.051461	0.150239	1746700.0
2014-11-19	-0.0026850000000000003	0.056514999999999996	0.057937	0.050279000000000004	-0.244133	1356900.0
2014-11-18	0.00852	0.061985000000000005	0.072908	0.06022	0.768066	2239600.0
2014-11-17	-0.002686	0.058362	0.06353400000000001	0.058362	-0.242821	1750700.0
2014-11-14	-0.002782	0.065952	0.06781799999999999	0.059807000000000006	-0.25217399999999995	1355200.0
2014-11-13	0.000515	0.06540399999999999	0.07374800000000001	0.062110000000000005	0.046699	2431200.0
2014-11-12	0.000309	0.058265	0.067271	0.057936	0.028023000000000003	1820400.0
2014-11-11	-0.0029809999999999997	0.064308	0.068688	0.059271000000000004	-0.270836	1241500.0
2014-11-10	0.005167000000000001	0.066175	0.071788	0.060891999999999995	0.46697299999999997	1837800.0
2014-11-07	0.00062	0.064964	0.068048	0.058687	0.056014999999999995	2377600.0
2014-11-06	0.0	0.067057	0.067938	0.058687	0.0	3034200.0
2014-11-05	0.014902	0.076587	0.082958	0.06965700000000001	1.326179	2791600.0
2014-11-04	-0.003868	0.06552000000000001	0.067301	0.056389999999999996	-0.345558	2705600.0
2014-11-03	-0.004786	0.06651499999999999	0.06651499999999999	0.057428999999999994	-0.429604	3107300.0
2014-10-31	0.0055439999999999994	0.08000499999999999	0.080562	0.06830599999999999	0.49497299999999994	4017000.0
2014-10-30	0.005681	0.057790999999999995	0.07594400000000001	0.05499	0.504333	2304600.0
2014-10-29	-0.001261	0.065858	0.071453	0.056122000000000005	-0.112068	2618400.0
2014-10-28	0.015688	0.073031	0.084284	0.07019	1.372871	3201800.0
2014-10-27	-0.01056	0.059338999999999996	0.061813	0.048766000000000004	-0.9339370000000001	4143500.0
2014-10-24	0.011969	0.06461900000000001	0.079529	0.060863	1.0460129999999999	2677800.0
2014-10-23	0.026547	0.084236	0.104098	0.081899	2.260094	4102000.0
2014-10-22	-0.018941	0.072411	0.074932	0.044557	-1.643692	5281700.0
2014-10-21	0.032444	0.072175	0.099985	0.072175	2.727035	4563800.0
2014-10-20	-0.000666	0.056678	0.06460199999999999	0.052184	-0.056014999999999995	4537400.0
2014-10-17	0.042482	0.100088	0.119197	0.09589600000000001	3.4274980000000004	7877600.0
2014-10-16	0.015038999999999999	0.047805	0.08622300000000001	0.044676	1.1954120000000001	6043000.0
2014-10-15	-0.01253	0.05247	0.05926699999999999	0.024296	-1.008621	7953400.0
2014-10-14	0.006187	0.069302	0.081238	0.065696	0.494972	5651700.0
2014-10-13	-0.025483000000000002	0.06652899999999999	0.072345	0.036721	-2.091988	4143900.0
2014-10-10	-0.020831	0.062464	0.065312	0.042769	-1.7464439999999999	4674900.0
2014-10-09	-0.018371000000000002	0.064259	0.066589	0.042364	-1.569001	2705600.0
2014-10-08	0.018488	0.06614199999999999	0.085596	0.059025	1.550324	3474400.0
2014-10-07	-0.023490999999999998	0.05604	0.05824	0.039476	-2.017281	2604200.0
2014-10-06	0.002617	0.069371	0.07703600000000001	0.06449400000000001	0.224129	2405500.0
2014-10-03	0.006475	0.074192	0.076647	0.065425	0.551041	2556700.0
2014-10-02	-0.0058920000000000005	0.064261	0.06751499999999999	0.049270999999999995	-0.504342	2739100.0
2014-10-01	-0.015679	0.060842999999999994	0.061986	0.044258	-1.363525	4482100.0
2014-09-30	-0.004384000000000001	0.063936	0.067238	0.055281	-0.382912	2576300.0
2014-09-29	0.0024649999999999997	0.055143	0.071125	0.054344	0.214806	3071100.0
2014-09-26	0.00974	0.06542	0.076025	0.063345	0.8405299999999999	2405400.0
2014-09-25	-0.01524	0.06166900000000001	0.062918	0.048048	-1.335502	2276200.0
2014-09-24	0.004711	0.064162	0.072259	0.063364	0.41092700000000004	2361600.0
2014-09-23	-0.013833000000000002	0.061138	0.062038	0.049554	-1.223458	3357200.0
2014-09-22	-0.018653	0.057569	0.063198	0.043663	-1.6810610000000001	2242800.0
2014-09-19	0.001141	0.068721	0.07104099999999999	0.063417	0.10272300000000001	5417600.0
2014-09-18	0.008897	0.070203	0.075777	0.066524	0.7938529999999999	2650200.0
2014-09-17	0.007168000000000001	0.06844299999999999	0.07765	0.065524	0.635071	3150300.0
2014-09-16	0.002218	0.06304900000000001	0.069238	0.056522	0.196106	2249600.0
2014-09-15	0.0015869999999999999	0.062933	0.06879400000000001	0.056847	0.140099	2726000.0
2014-09-12	-0.0025329999999999997	0.065299	0.067773	0.059791	-0.224144	3040600.0
2014-09-11	0.004027	0.062478	0.069928	0.060334000000000006	0.354896	1538000.0
2014-09-10	-0.001059	0.063609	0.06676599999999999	0.057633000000000004	-0.093399	2510400.0
2014-09-09	-0.008190000000000001	0.062838	0.065522	0.054898	-0.72847	2252400.0
2014-09-08	-0.00387	0.064295	0.06529700000000001	0.058055999999999996	-0.34555	2032700.0
2014-09-05	0.006527	0.065074	0.074269	0.059579999999999994	0.579048	1933600.0
2014-09-04	-0.004922999999999999	0.065298	0.071323	0.057934000000000006	-0.438942	2534900.0
2014-09-03	-0.00041900000000000005	0.069089	0.07009299999999999	0.062398	-0.037369	1349100.0
2014-09-02	0.0028350000000000003	0.064515	0.071338	0.063173	0.252182	1681700.0
2014-08-29	-0.000735	0.06563300000000001	0.068092	0.059822	-0.065384	1176800.0
2014-08-28	-0.002825	0.060282	0.06318	0.055379	-0.252159	950800.0
2014-08-27	0.000628	0.067751	0.069312	0.06251	0.056023	1310800.0
2014-08-26	-0.0031309999999999997	0.065964	0.067631	0.061184	-0.280174	1530600.0
2014-08-25	0.002616	0.070424	0.071873	0.066746	0.233474	1192000.0
2014-08-22	-0.003961	0.062854	0.06452000000000001	0.057415	-0.354873	1457200.0
2014-08-21	0.001775	0.06741	0.071302	0.062516	0.158745	1519900.0
2014-08-20	0.011086	0.068673	0.079243	0.063613	0.9806440000000001	2585900.0
2014-08-19	-0.00095	0.067995	0.06889400000000001	0.063502	-0.084076	2406500.0
2014-08-18	0.010931	0.074559	0.08341699999999999	0.07421799999999999	0.9574280000000001	2846300.0
2014-08-15	-0.001695	0.07126299999999999	0.07455099999999999	0.060039	-0.14873499999999998	3476300.0
2014-08-14	0.001273	0.0724	0.075806	0.07013	0.111541	1967800.0
2014-08-13	0.014638	0.074391	0.086716	0.072088	1.264138	2248400.0
2014-08-12	-0.002684	0.066224	0.074495	0.063123	-0.23237600000000003	2209000.0
2014-08-11	0.004854	0.073477	0.083173	0.073015	0.418281	2826900.0
2014-08-08	0.019239	0.071894	0.091659	0.069188	1.626641	2939300.0
2014-08-07	0.004417	0.075211	0.08005599999999999	0.070484	0.371818	3607800.0
2014-08-06	-0.007453	0.05980800000000001	0.067432	0.057697000000000005	-0.632088	3907400.0
2014-08-05	-0.0013130000000000001	0.064273	0.08090599999999999	0.061110000000000005	-0.111534	4311000.0
2014-08-04	-0.002293	0.08520499999999999	0.08520499999999999	0.060547000000000004	-0.195183	3342400.0
2014-08-01	-0.0028309999999999997	0.069198	0.07560700000000001	0.059758000000000006	-0.241668	4657900.0
2014-07-31	-0.023812	0.061484000000000004	0.062963	0.044648	-2.082123	4130300.0
2014-07-30	0.003092	0.082111	0.082111	0.065109	0.269569	2650800.0
2014-07-29	-0.014606000000000001	0.069343	0.072379	0.053488	-1.29203	3505500.0
2014-07-28	-0.006161	0.070912	0.072812	0.054485000000000006	-0.548409	3325200.0
2014-07-25	-0.002604	0.068012	0.07258200000000001	0.066117	-0.23237600000000003	2257700.0
2014-07-24	-0.006108	0.07001900000000001	0.072345	0.062597	-0.548423	2205200.0
2014-07-23	-0.006071	0.076296	0.076846	0.063523	-0.548417	3186800.0
2014-07-22	-0.001541	0.076616	0.078375	0.063863	-0.13941900000000002	3857300.0
2014-07-21	0.005371	0.068803	0.077646	0.064272	0.483337	3761300.0
2014-07-18	0.017338	0.082836	0.093856	0.075527	1.533707	4511900.0
2014-07-17	-0.012657	0.059028	0.069686	0.056474	-1.134018	3796700.0
2014-07-16	0.004481000000000001	0.07559400000000001	0.079051	0.07269500000000001	0.399712	3182800.0
2014-07-15	0.002298	0.068118	0.076054	0.066106	0.204483	4047300.0
2014-07-14	0.008851999999999999	0.07543	0.080955	0.072272	0.7808	3135500.0
2014-07-11	0.006576	0.069562	0.078075	0.06786	0.576286	2550400.0
2014-07-10	-0.00275	0.058244000000000004	0.07013	0.055754	-0.241684	2795600.0
2014-07-09	0.003503	0.074787	0.077627	0.067176	0.306755	1893400.0
2014-07-08	-0.001801	0.069336	0.07171699999999999	0.064234	-0.15802	2431700.0
2014-07-07	-0.00527	0.068325	0.068776	0.06099400000000001	-0.46476000000000006	2929600.0
2014-07-03	0.006364	0.075805	0.080459	0.07467	0.557709	1529500.0
2014-07-02	-0.0032770000000000004	0.06617	0.070243	0.063115	-0.288155	2272800.0
2014-07-01	0.017644	0.074044	0.091659	0.071626	1.524399	4402800.0
2014-06-30	-0.003324	0.069212	0.069671	0.062557	-0.288132	2366700.0
2014-06-27	0.002149	0.06461	0.07335	0.063805	0.185891	2031800.0
2014-06-26	-0.001609	0.072426	0.073344	0.063126	-0.139435	1722700.0
2014-06-25	0.002043	0.066333	0.075537	0.065183	0.176628	2272900.0
2014-06-24	-0.01326	0.068768	0.069222	0.054917999999999995	-1.161904	2869200.0
2014-06-23	-0.0058	0.067647	0.070355	0.060311000000000003	-0.5112300000000001	2249300.0
2014-06-20	0.004024	0.073529	0.075682	0.06990299999999999	0.35320999999999997	3118100.0
2014-06-19	0.002654	0.07285599999999999	0.073538	0.06694800000000001	0.232377	2363100.0
2014-06-18	-0.001166	0.069108	0.070357	0.059236000000000004	-0.102234	2990400.0
2014-06-17	0.005331	0.067848	0.077888	0.066593	0.46476000000000006	1864800.0
2014-06-16	0.00032	0.068189	0.073667	0.06590700000000001	0.027862	1894000.0
2014-06-13	0.001175	0.070587	0.076642	0.06750199999999999	0.102264	1885000.0
2014-06-12	-0.01317	0.069453	0.069904	0.053667999999999993	-1.1619030000000001	2489200.0
2014-06-11	-0.00451	0.065303	0.067436	0.060701	-0.399681	2072100.0
2014-06-10	-0.004905	0.067226	0.068454	0.060636	-0.436867	2649500.0
2014-06-09	0.0064069999999999995	0.072603	0.08463	0.068781	0.566994	2690900.0
2014-06-06	0.002633	0.072609	0.07700499999999999	0.070806	0.232391	2790400.0
2014-06-05	0.011720999999999999	0.07184	0.087006	0.06956	1.022461	3362000.0
2014-06-04	0.006326	0.06955599999999999	0.07850599999999999	0.065999	0.548416	2306900.0
2014-06-03	-0.0016059999999999998	0.067724	0.07013	0.061194000000000005	-0.13941900000000002	2792500.0
2014-06-02	0.002791	0.071853	0.074955	0.06519	0.241653	1665500.0
2014-05-30	0.003447	0.067363	0.07451	0.066326	0.29744699999999996	2425100.0
2014-05-29	0.0034590000000000003	0.07070800000000001	0.074178	0.068741	0.29743200000000003	1584700.0
2014-05-28	0.0016239999999999998	0.069203	0.076271	0.069087	0.139443	2059000.0
2014-05-27	0.00424	0.075715	0.076297	0.071991	0.362503	1810000.0
2014-05-23	0.005686	0.067906	0.07761900000000001	0.067906	0.48334499999999997	1873600.0
2014-05-22	0.002082	0.071302	0.075641	0.06708099999999999	0.17662	2392600.0
2014-05-21	0.00996	0.07534099999999999	0.082565	0.074275	0.836564	2724600.0
2014-05-20	-0.011811	0.067789	0.07048099999999999	0.054097000000000006	-1.0038690000000001	2777200.0
2014-05-19	0.007566	0.073156	0.084122	0.07232999999999999	0.638215	2861400.0
2014-05-16	0.000439	0.074098	0.077284	0.069852	0.036994	3562200.0
2014-05-15	-0.017037	0.072033	0.074005	0.055219000000000004	-1.461441	5009400.0
2014-05-14	-0.015708	0.075853	0.079163	0.057134000000000004	-1.368934	2650900.0
2014-05-13	-0.001801	0.076649	0.079725	0.071522	-0.15725	2530400.0
2014-05-12	0.017134	0.08003099999999999	0.09428500000000001	0.08003099999999999	1.470681	2395700.0
2014-05-09	-0.001721	0.07308200000000001	0.07574299999999999	0.067761	-0.147988	1841700.0
2014-05-08	0.00043	0.07261799999999999	0.083729	0.071345	0.036995	2231100.0
2014-05-07	0.014632	0.079506	0.09171900000000001	0.074809	1.239464	2537100.0
2014-05-06	-0.011122	0.072841	0.07446699999999999	0.06332	-0.9527209999999999	2585700.0
2014-05-05	0.002598	0.073068	0.08145	0.068993	0.221993	3232300.0
2014-05-02	0.0014089999999999999	0.07528	0.08239099999999999	0.073414	0.120247	2844800.0
2014-05-01	-0.007104000000000001	0.074586	0.07852200000000001	0.064746	-0.610474	2515800.0
2014-04-30	0.00465	0.07295399999999999	0.084351	0.068767	0.397728	3443100.0
2014-04-29	0.00010800000000000001	0.077722	0.08063	0.069813	0.009262000000000001	2616700.0
2014-04-28	-0.0020510000000000003	0.077834	0.083637	0.060887000000000004	-0.175743	2821900.0
2014-04-25	-0.010467	0.075511	0.077234	0.061958000000000006	-0.9064709999999999	2986200.0
2014-04-24	-0.004254	0.081229	0.081572	0.06830499999999999	-0.369988	2847500.0
2014-04-23	0.007392	0.069405	0.084844	0.069405	0.63823	3472500.0
2014-04-22	0.0017170000000000002	0.076089	0.084744	0.073203	0.14798699999999998	2878100.0
2014-04-21	0.000859	0.07967	0.07967	0.068119	0.07399800000000001	2661800.0
2014-04-17	-0.002144	0.07896900000000001	0.082773	0.062948	-0.184998	3952400.0
2014-04-16	0.017338	0.08477699999999999	0.094275	0.079735	1.470711	3481300.0
2014-04-15	0.008689	0.077289	0.08545	0.064041	0.730705	3591300.0
2014-04-14	0.005752	0.084675	0.086221	0.070876	0.480972	1950300.0
2014-04-11	-0.010291	0.064682	0.076574	0.062091999999999994	-0.869453	2765200.0
2014-04-10	-0.020062	0.075281	0.077588	0.053821	-1.729675	2551500.0
2014-04-09	0.013483000000000002	0.077735	0.090597	0.074227	1.146949	2760200.0
2014-04-08	0.000762	0.093417	0.093417	0.066854	0.064743	2086200.0
2014-04-07	-0.015322	0.07482	0.076894	0.055117	-1.322685	2841900.0
2014-04-04	-0.010076	0.078476	0.08543400000000001	0.064104	-0.8787229999999999	3344500.0
2014-04-03	0.004261	0.077916	0.080665	0.071845	0.36997199999999997	2333700.0
2014-04-02	0.006648	0.077356	0.08612	0.074012	0.573487	2897700.0
2014-04-01	0.00539	0.07991799999999999	0.082352	0.073657	0.46248599999999995	2252200.0
2014-03-31	0.020574000000000002	0.084507	0.099415	0.08166699999999999	1.729675	3348100.0
2014-03-28	0.006534000000000001	0.077778	0.090163	0.07754	0.545723	2487400.0
2014-03-27	-0.005944	0.076817	0.07954	0.066044	-0.499474	3335400.0
2014-03-26	-0.017309	0.080282	0.082725	0.056665999999999994	-1.479942	3244400.0
2014-03-25	0.00511	0.082646	0.086504	0.073175	0.434738	2379900.0
2014-03-24	-0.010969	0.08025299999999999	0.08314400000000001	0.05828	-0.943466	3714600.0
2014-03-21	0.00043	0.088123	0.096569	0.075512	0.037002999999999994	4825000.0
2014-03-20	0.000646	0.075396	0.08118500000000001	0.070765	0.055504	2401800.0
2014-03-19	-0.009173	0.07585499999999999	0.078493	0.057731	-0.795479	2392000.0
2014-03-18	0.0037479999999999996	0.079081	0.080693	0.074936	0.323753	2332800.0
2014-03-17	0.015106999999999999	0.08123999999999999	0.096551	0.080773	1.285683	3133000.0
2014-03-14	-0.009047	0.072617	0.07806	0.064162	-0.7769550000000001	3302200.0
2014-03-13	-0.010656	0.081011	0.08273	0.061416	-0.9249799999999999	3551700.0
2014-03-12	-0.002763	0.06579700000000001	0.07253899999999999	0.058255999999999995	-0.240479	2663400.0
2014-03-11	-0.011969	0.074041	0.07562200000000001	0.060493	-1.054458	2460000.0
2014-03-10	-0.001991	0.071002	0.075171	0.066945	-0.175743	2540000.0
2014-03-07	0.007281999999999999	0.083682	0.088562	0.080731	0.6382369999999999	4835800.0
2014-03-06	0.000951	0.079827	0.084939	0.075851	0.083244	3762400.0
2014-03-05	0.000634	0.084263	0.08960599999999999	0.074941	0.055489	4241500.0
2014-03-04	0.010792	0.08769099999999999	0.098262	0.086082	0.934211	3924000.0
2014-03-03	-0.009001	0.055696	0.07118300000000001	0.054102	-0.7862239999999999	2711500.0
2014-02-28	0.000742	0.074599	0.084968	0.069243	0.06475800000000001	3228800.0
2014-02-27	0.0054340000000000005	0.072647	0.082729	0.07058400000000001	0.471733	2074800.0
2014-02-26	-0.00010700000000000001	0.07173	0.08307200000000001	0.07115700000000001	-0.009262000000000001	2634600.0
2014-02-25	0.006002	0.079084	0.08669099999999999	0.074474	0.517983	3263400.0
2014-02-24	-0.0018100000000000002	0.085529	0.095308	0.078512	-0.156479	2975000.0
2014-02-21	0.003954999999999999	0.083816	0.09074600000000001	0.082315	0.340584	3235700.0
2014-02-20	0.006562999999999999	0.083838	0.093138	0.077909	0.561531	2309900.0
2014-02-19	-0.014837999999999999	0.07634500000000001	0.08882899999999999	0.063174	-1.288727	4288200.0
2014-02-18	-0.002748	0.078298	0.081839	0.072131	-0.23935700000000001	2353000.0
2014-02-14	0.0008470000000000001	0.080125	0.083898	0.073267	0.073662	2571200.0
2014-02-13	0.002545	0.0713	0.084135	0.06877899999999999	0.22091599999999997	2351800.0
2014-02-12	0.001381	0.085173	0.08873099999999999	0.077714	0.11969	2491000.0
2014-02-11	0.014109	0.083492	0.100367	0.08163	1.205864	2994300.0
2014-02-10	-0.0033280000000000002	0.079887	0.088006	0.07292699999999999	-0.285354	3298800.0
2014-02-07	0.022164	0.087104	0.106074	0.084495	1.8594509999999997	4218000.0
2014-02-06	0.017301	0.08444199999999999	0.099881	0.082754	1.426796	2196700.0
2014-02-05	-0.001894	0.07384099999999999	0.08287	0.06553400000000001	-0.156486	4295900.0
2014-02-04	0.01138	0.083139	0.09568	0.074738	0.929733	3956100.0
2014-02-03	-0.027183999999999996	0.080582	0.089229	0.050142	-2.282906	4258900.0
2014-01-31	-0.005125	0.06762	0.085885	0.063614	-0.432647	3726100.0
2014-01-30	0.021841	0.092022	0.10622999999999999	0.089132	1.8042220000000002	3167100.0
2014-01-29	-0.00785	0.07030800000000001	0.08165800000000001	0.066366	-0.653565	3985700.0
2014-01-28	0.001772	0.080223	0.09135399999999999	0.078787	0.147286	2943600.0
2014-01-27	0.020572	0.089865	0.11111800000000001	0.089865	1.675346	6622200.0
2014-01-24	-0.014811000000000001	0.077574	0.093939	0.064097	-1.224289	5049200.0
2014-01-23	-0.014162000000000001	0.071922	0.076075	0.058517999999999994	-1.1874850000000001	4200800.0
2014-01-22	0.005520000000000001	0.0844	0.08845499999999999	0.076169	0.46028199999999997	2750500.0
2014-01-21	0.007115000000000001	0.088511	0.093556	0.079381	0.5891109999999999	2516100.0
2014-01-17	-0.0011099999999999999	0.082623	0.085383	0.075903	-0.092026	2614400.0
2014-01-16	0.001557	0.079981	0.084789	0.078539	0.128853	1647400.0
2014-01-15	0.005818	0.08590199999999999	0.089891	0.083121	0.478699	2484200.0
2014-01-14	0.005850999999999999	0.08544600000000001	0.088121	0.071463	0.478653	2916800.0
2014-01-13	-0.014308000000000001	0.07710700000000001	0.08405800000000001	0.063563	-1.1874770000000001	2490800.0
2014-01-10	-0.003426	0.082971	0.08464400000000001	0.072102	-0.285355	3014700.0
2014-01-09	0.000332	0.08595900000000001	0.09253099999999999	0.078312	0.027618	1822200.0
2014-01-08	-0.003965	0.071895	0.080582	0.07011	-0.331398	2659300.0
2014-01-07	0.004092	0.082256	0.089067	0.08106100000000001	0.340607	1582000.0
2014-01-06	-0.0009939999999999999	0.085716	0.089416	0.07915	-0.082855	1966200.0
2014-01-03	0.0022140000000000003	0.082617	0.08824	0.080702	0.184112	1480300.0
2014-01-02	-0.011492	0.07573400000000001	0.077863	0.064972	-0.9665520000000001	1753400.0
2013-12-31	0.004065999999999999	0.079039	0.087232	0.077377	0.340599	1464200.0
2013-12-30	-0.001536	0.082717	0.084139	0.076433	-0.128876	1458000.0
2013-12-27	0.000439	0.083311	0.084497	0.08022699999999999	0.036812	1071500.0
2013-12-26	0.007186	0.082136	0.089781	0.081777	0.5983350000000001	2184800.0
2013-12-24	0.008136	0.083473	0.091302	0.080462	0.671982	858800.0
2013-12-23	0.001898	0.086013	0.088547	0.07829	0.156486	2310700.0
2013-12-20	0.010265999999999999	0.082777	0.097162	0.080217	0.837685	3860100.0
2013-12-19	0.002148	0.07594	0.083881	0.07471799999999999	0.174896	2571600.0
2013-12-18	0.02278	0.08433099999999999	0.105573	0.073335	1.8134310000000002	3602500.0
2013-12-17	-0.010187	0.08317999999999999	0.088127	0.06907999999999999	-0.81926	3675900.0
2013-12-16	0.008775	0.0847	0.094556	0.078711	0.699585	3148000.0
2013-12-13	0.0037090000000000005	0.083964	0.09423200000000001	0.074071	0.294579	4214000.0
2013-12-12	-0.0018510000000000002	0.077708	0.083707	0.07395800000000001	-0.147293	2942200.0
2013-12-11	-0.015824	0.07984400000000001	0.080091	0.061269000000000004	-1.279518	2903100.0
2013-12-10	-0.000342	0.078	0.085624	0.075049	-0.027625999999999998	1779800.0
2013-12-09	-0.005095000000000001	0.081317	0.08302899999999999	0.073364	-0.414231	1814600.0
2013-12-06	0.016809	0.09576	0.100736	0.091281	1.343964	1662700.0
2013-12-05	0.00034500000000000004	0.078965	0.08643200000000001	0.076476	0.027611	1802900.0
2013-12-04	-0.0027559999999999998	0.07772799999999999	0.083313	0.069661	-0.220925	2436500.0
2013-12-03	-0.01214	0.078253	0.078253	0.062683	-0.9849540000000001	2329800.0
2013-12-02	-0.00418	0.080216	0.08644299999999999	0.07435599999999999	-0.340592	2063400.0
2013-11-29	-0.004051	0.080096	0.084109	0.074746	-0.33139	1162300.0
2013-11-27	0.0038399999999999997	0.086197	0.091324	0.082535	0.312973	1177200.0
2013-11-26	-0.000677	0.081314	0.08680299999999999	0.07850900000000001	-0.055237	1843700.0
2013-11-25	-0.002365	0.08301599999999999	0.086302	0.076689	-0.193298	1673700.0
2013-11-22	0.009779000000000001	0.079722	0.09201000000000001	0.077388	0.791641	1924800.0
2013-11-21	0.008255	0.082936	0.090865	0.082317	0.6627649999999999	1626800.0
2013-11-20	-0.0072840000000000005	0.084149	0.084149	0.071235	-0.589119	1806100.0
2013-11-19	-0.004194	0.07801	0.083399	0.07409099999999999	-0.340599	1787100.0
2013-11-18	0.000677	0.089281	0.097124	0.085114	0.054985	2429400.0
2013-11-15	-0.0005639999999999999	0.081317	0.08731900000000001	0.080459	-0.045814	2586000.0
2013-11-14	0.013256	0.089073	0.102353	0.084729	1.062401	2814100.0
2013-11-13	0.010625	0.083209	0.097633	0.080324	0.842575	2673300.0
2013-11-12	-0.009493999999999999	0.083733	0.085846	0.074167	-0.760147	2451000.0
2013-11-11	-0.000229	0.085224	0.088951	0.081622	-0.018326	2053500.0
2013-11-08	0.023169	0.08685599999999999	0.11151199999999999	0.08495	1.8133849999999998	2756100.0
2013-11-07	-0.014530000000000001	0.086219	0.089475	0.068685	-1.153992	2404800.0
2013-11-06	0.0044009999999999995	0.092132	0.096786	0.08672300000000001	0.348023	1803400.0
2013-11-05	0.000348	0.082822	0.090876	0.074895	0.027496	1985800.0
2013-11-04	-0.006904	0.087219	0.087219	0.07347200000000001	-0.549515	3257600.0
2013-11-01	0.002076	0.086595	0.099118	0.083715	0.164864	3108900.0
2013-10-31	0.00011499999999999999	0.08772200000000001	0.097741	0.083338	0.009132	2302200.0
2013-10-30	-0.008461	0.086839	0.092055	0.075042	-0.677711	1837500.0
2013-10-29	0.001489	0.083358	0.08845700000000001	0.08111900000000001	0.119072	1951100.0
2013-10-28	-0.001943	0.081625	0.086714	0.07877100000000001	-0.155709	1951800.0
2013-10-25	0.00252	0.08509800000000001	0.08932899999999999	0.07825399999999999	0.201477	2762300.0
2013-10-24	0.006806	0.088098	0.09536499999999999	0.08647	0.540352	2267900.0
2013-10-23	0.006151	0.085716	0.092775	0.078278	0.48540500000000003	2713100.0
2013-10-22	0.017838	0.090199	0.109573	0.089301	1.382927	3352000.0
2013-10-21	0.000828	0.086094	0.089433	0.079416	0.064118	3531200.0
2013-10-18	-0.024902	0.073197	0.07607699999999999	0.048029	-1.978234	7077700.0
2013-10-17	0.011545	0.08153400000000001	0.09913999999999999	0.079001	0.906708	2693600.0
2013-10-16	0.007164	0.094385	0.099233	0.084435	0.5586399999999999	2431900.0
2013-10-15	-0.009770000000000001	0.083315	0.086346	0.073336	-0.76931	1984800.0
2013-10-14	-0.0055520000000000005	0.076296	0.082074	0.071899	-0.43959899999999996	2865800.0
2013-10-11	0.016101	0.085073	0.104219	0.08366900000000001	1.254723	3408900.0
2013-10-10	0.03895	0.098692	0.128397	0.09802899999999999	2.9215619999999998	3621700.0
2013-10-09	0.000978	0.088483	0.095121	0.081183	0.073273	2648400.0
2013-10-08	-0.013147	0.08465299999999999	0.09185800000000001	0.071422	-0.998276	3063500.0
2013-10-07	0.008147	0.075661	0.101413	0.071039	0.61361	3594700.0
2013-10-04	0.009699	0.089028	0.099962	0.084227	0.723533	2550100.0
2013-10-03	-0.01678	0.083341	0.085569	0.062495	-1.273048	2647200.0
2013-10-02	-0.004566	0.07865499999999999	0.08165700000000001	0.071216	-0.348023	2946400.0
2013-10-01	0.002168	0.087271	0.09237200000000001	0.08374	0.164849	2460400.0
2013-09-30	-0.006461	0.075958	0.08414500000000001	0.07037	-0.49455299999999996	2502700.0
2013-09-27	-0.005592	0.07963300000000001	0.082993	0.074464	-0.43045	1713500.0
2013-09-26	0.0025050000000000003	0.088426	0.093737	0.084539	0.192329	1394800.0
2013-09-25	-0.004866	0.087125	0.091508	0.080808	-0.375496	2260400.0
2013-09-24	0.001426	0.08570599999999999	0.096809	0.081059	0.109894	2291100.0
2013-09-23	-0.015793	0.082663	0.086094	0.067035	-1.236389	3284300.0
2013-09-20	-0.015094	0.083841	0.08509299999999999	0.0697	-1.199768	3479100.0
2013-09-19	0.001616	0.089478	0.097375	0.086344	0.128212	2297400.0
2013-09-18	0.014043	0.085713	0.104269	0.07910299999999999	1.099022	2288600.0
2013-09-17	0.004113	0.086605	0.09336900000000001	0.084945	0.32056399999999996	1997000.0
2013-09-16	0.012492	0.09979099999999999	0.10263399999999999	0.091133	0.9616319999999999	2146500.0
2013-09-13	0.0032229999999999997	0.08920499999999999	0.090112	0.08012999999999999	0.247268	1667600.0
2013-09-12	-0.002975	0.08674	0.09113500000000001	0.082733	-0.22894299999999998	2026800.0
2013-09-11	-0.001189	0.086997	0.08957899999999999	0.079897	-0.091598	2526000.0
2013-09-10	0.020624	0.093341	0.11046900000000001	0.09096900000000001	1.556953	2375200.0
2013-09-09	0.009429	0.088488	0.100325	0.08755700000000001	0.705208	2282100.0
2013-09-06	0.003317	0.088363	0.097303	0.070882	0.247284	2071000.0
2013-09-05	0.005311	0.085289	0.098838	0.082472	0.39379899999999995	1825400.0
2013-09-04	-0.00024700000000000004	0.078315	0.08756900000000001	0.076035	-0.018311	3356000.0
2013-09-03	0.01772	0.097969	0.106022	0.096195	1.291359	4049300.0
2013-08-30	-0.006121	0.090164	0.090164	0.075241	-0.448776	1978700.0
2013-08-29	0.007678	0.08336	0.100311	0.08117200000000001	0.558655	1822700.0
2013-08-28	0.0025239999999999998	0.085957	0.092809	0.081023	0.18318199999999998	3063100.0
2013-08-27	-0.022208000000000002	0.07430199999999999	0.078724	0.05982899999999999	-1.648522	3059200.0
2013-08-26	-0.0043	0.087562	0.089697	0.08009	-0.320549	2058400.0
2013-08-23	0.0078	0.086901	0.096986	0.08125299999999999	0.576973	1815200.0
2013-08-22	0.002358	0.08595900000000001	0.092833	0.083399	0.174042	2651000.0
2013-08-21	-0.01395	0.084499	0.08569500000000001	0.070145	-1.04409	2919500.0
2013-08-20	0.003192	0.086494	0.095827	0.08529400000000001	0.238128	1774400.0
2013-08-19	-0.006101	0.08251599999999999	0.086756	0.078673	-0.457946	2324600.0
2013-08-16	0.004412	0.086759	0.093414	0.085029	0.329719	3596600.0
2013-08-15	-0.016077	0.081729	0.083039	0.07099	-1.221107	2307500.0
2013-08-14	-0.004063000000000001	0.092855	0.094551	0.085421	-0.30983	1732600.0
2013-08-13	0.003116	0.092205	0.098223	0.088018	0.23691500000000001	1461100.0
2013-08-12	0.0013210000000000001	0.086835	0.094564	0.082381	0.100274	2126400.0
2013-08-09	-0.002275	0.091812	0.093904	0.086323	-0.173157	2277000.0
2013-08-08	-0.001674	0.097423	0.101207	0.08959400000000001	-0.127571	2119600.0
2013-08-07	-0.00606	0.08934600000000001	0.089476	0.080916	-0.46476000000000006	2451300.0
2013-08-06	-0.004377000000000001	0.090647	0.09374600000000001	0.08354500000000001	-0.337181	2085300.0
2013-08-05	-0.001771	0.086395	0.091938	0.082914	-0.136681	1512000.0
2013-08-02	0.001419	0.089486	0.094391	0.084968	0.109368	2405200.0
2013-08-01	0.019041	0.102338	0.11430799999999999	0.100101	1.439804	2250500.0
2013-07-31	-0.000241	0.095496	0.102072	0.09063	-0.018227	3034300.0
2013-07-30	0.0029	0.09788200000000001	0.104477	0.09128700000000001	0.21869699999999997	2451700.0
2013-07-29	-0.001448	0.088258	0.094712	0.086283	-0.109352	2277800.0
2013-07-26	0.000362	0.087599	0.09286900000000001	0.08430499999999999	0.027358999999999998	2547700.0
2013-07-25	-0.001928	0.088658	0.09142	0.085634	-0.145813	2587000.0
2013-07-24	-0.0031219999999999998	0.093386	0.095746	0.085914	-0.23693899999999998	2002100.0
2013-07-23	0.00277	0.096809	0.098781	0.09010499999999999	0.209587	2038500.0
2013-07-22	-0.006342	0.084759	0.087894	0.080841	-0.48296300000000003	2606900.0
2013-07-19	0.0072310000000000004	0.110101	0.116284	0.09063	0.54676	3199700.0
2013-07-18	0.006429000000000001	0.091551	0.102805	0.085858	0.482971	3740900.0
2013-07-17	0.004998	0.096076	0.10379400000000001	0.094213	0.37364200000000003	2261100.0
2013-07-16	-0.003281	0.092214	0.09606	0.085715	-0.246063	1900500.0
2013-07-15	-0.00085	0.093274	0.09565900000000001	0.08280499999999999	-0.063797	3404300.0
2013-07-12	-0.0024219999999999997	0.091419	0.093931	0.08229700000000001	-0.182228	2690100.0
2013-07-11	0.016746	0.10445399999999999	0.111175	0.101901	1.2393040000000002	2502400.0
2013-07-10	-0.002212	0.089673	0.09637899999999999	0.085382	-0.16403199999999998	2446400.0
2013-07-09	0.008925	0.100346	0.10481099999999999	0.097911	0.65612	2944300.0
2013-07-08	0.007619	0.097277	0.104913	0.091415	0.5558850000000001	3879800.0
2013-07-05	0.019743	0.09892000000000001	0.113379	0.09892000000000001	1.412468	2112200.0
2013-07-03	0.00809	0.084263	0.106829	0.083702	0.574127	2595400.0
2013-07-02	-0.030379000000000003	0.076874	0.08502799999999999	0.05499400000000001	-2.2235259999999997	9030500.0
2013-07-01	0.012352	0.098705	0.115627	0.098705	0.8930440000000001	2158000.0
2013-06-28	-0.010723	0.08882899999999999	0.091551	0.079302	-0.783692	3493800.0
2013-06-27	0.005643	0.097026	0.10865999999999999	0.097026	0.41007299999999997	3369800.0
2013-06-26	0.027044	0.1035	0.122618	0.102656	1.913666	3653500.0
2013-06-25	0.013046	0.10308599999999998	0.110633	0.09895599999999999	0.9112540000000001	2437300.0
2013-06-24	-0.020447	0.08094900000000001	0.081647	0.06225700000000001	-1.458015	3600400.0
2013-06-21	0.007468000000000001	0.10054600000000001	0.103216	0.086211	0.5285489999999999	4431100.0
2013-06-20	-0.025226	0.082373	0.086208	0.06155	-1.831665	3416400.0
2013-06-19	-0.014471000000000001	0.091281	0.09263099999999999	0.07575499999999999	-1.0661770000000002	3073100.0
2013-06-18	0.014302	0.09374199999999999	0.110449	0.091551	1.038826	3240300.0
2013-06-17	0.01957	0.100626	0.11654300000000001	0.09909	1.394249	3806600.0
2013-06-14	-0.0016600000000000002	0.08946	0.09629	0.08527799999999999	-0.11846199999999998	2650900.0
2013-06-13	0.012804	0.091833	0.108351	0.089574	0.9021610000000001	2400900.0
2013-06-12	-0.010747	0.09992999999999999	0.10244400000000001	0.07898200000000001	-0.765473	2118600.0
2013-06-11	-0.006609	0.08100700000000001	0.09460299999999999	0.077678	-0.473854	1577900.0
2013-06-10	-0.005058	0.09376	0.094726	0.080647	-0.364509	2363600.0
2013-06-07	0.018285	0.101811	0.113477	0.09464299999999999	1.293998	3273100.0
2013-06-06	0.012516	0.092405	0.10521300000000001	0.085858	0.874825	2877500.0
2013-06-05	-0.013378	0.088041	0.089305	0.074281	-0.947708	2725200.0
2013-06-04	-0.014078	0.089474	0.09681100000000001	0.071201	-1.011528	3473800.0
2013-06-03	0.004971	0.092803	0.101707	0.08542999999999999	0.35541500000000004	2816500.0
2013-05-31	-0.012336	0.088391	0.10117000000000001	0.078085	-0.893051	3301000.0
2013-05-30	0.008121	0.09446	0.10609500000000001	0.090165	0.583176	2797900.0
2013-05-29	-0.012159999999999999	0.083478	0.09031900000000001	0.07472000000000001	-0.8839040000000001	3303400.0
2013-05-28	0.0060539999999999995	0.10518	0.11344000000000001	0.097884	0.43741599999999997	3332200.0
2013-05-24	0.0006309999999999999	0.088382	0.09402999999999999	0.081357	0.04554	2435800.0
2013-05-23	-0.004397	0.079345	0.091825	0.077288	-0.318939	3945300.0
2013-05-22	-0.006987	0.091687	0.100948	0.080111	-0.510315	4156300.0
2013-05-21	-0.004718	0.091144	0.09616	0.083147	-0.34626	3195300.0
2013-05-20	-0.002725	0.085738	0.098175	0.084522	-0.200485	2541800.0
2013-05-17	0.025657	0.098483	0.120805	0.095987	1.840744	4086000.0
2013-05-16	-0.009436	0.088942	0.088942	0.078779	-0.683434	3483400.0
2013-05-15	0.009222	0.093301	0.1073	0.08845	0.661812	3338600.0
2013-05-14	0.016697	0.0969	0.11550099999999999	0.0969	1.1785809999999999	3064000.0
2013-05-13	0.0015429999999999999	0.09647599999999999	0.101133	0.09337100000000001	0.10878	2003700.0
2013-05-10	-0.0005139999999999999	0.096759	0.101414	0.089423	-0.036262	2324100.0
2013-05-09	0.003872	0.09661499999999999	0.10468699999999999	0.095199	0.271988	4065600.0
2013-05-08	0.007542	0.094328	0.106456	0.09261599999999999	0.525833	3034400.0
2013-05-07	0.010778	0.098913	0.111171	0.097903	0.7434149999999999	2936900.0
2013-05-06	0.011164	0.09776499999999999	0.11074400000000001	0.097328	0.761544	3627500.0
2013-05-03	0.017169	0.10815799999999999	0.12284300000000001	0.10815799999999999	1.151367	3232100.0
2013-05-02	0.019854	0.10172	0.121386	0.101418	1.305489	3147200.0
2013-05-01	-0.013734	0.092109	0.094944	0.081218	-0.915658	3188000.0
2013-04-30	-0.0035229999999999997	0.099709	0.099858	0.085288	-0.23571	2933600.0
2013-04-29	-0.001353	0.098963	0.1003	0.090501	-0.090675	3016400.0
2013-04-26	-0.008453	0.097329	0.09938999999999999	0.08466900000000001	-0.571144	3348500.0
2013-04-25	-0.004009	0.098648	0.100261	0.091317	-0.271988	5258400.0
2013-04-24	0.000936	0.10026399999999999	0.103199	0.095274	0.063461	3781500.0
2013-04-23	0.0022789999999999998	0.10321300000000001	0.10321300000000001	0.084826	0.154137	2927200.0
2013-04-22	0.005527000000000001	0.09880900000000001	0.10768399999999999	0.095111	0.371712	3787400.0
2013-04-19	0.037918	0.131723	0.142777	0.115451	2.456871	6598300.0
2013-04-18	-0.005842	0.096571	0.097182	0.08237799999999999	-0.380776	5365500.0
2013-04-17	-0.017628	0.090585	0.090585	0.07079400000000001	-1.169525	3983800.0
2013-04-16	0.013574000000000001	0.105236	0.11283399999999999	0.101437	0.888489	2486200.0
2013-04-15	-0.027610000000000003	0.091566	0.092305	0.066593	-1.858559	3395100.0
2013-04-12	-0.006024	0.09248200000000001	0.094685	0.083816	-0.407951	2155200.0
2013-04-11	0.0038979999999999996	0.097624	0.103817	0.094086	0.262932	3194800.0
2013-04-10	0.01183	0.09703300000000001	0.11060999999999999	0.093601	0.788726	4413400.0
2013-04-09	-0.000136	0.098525	0.099718	0.09166200000000001	-0.009063	2942300.0
2013-04-08	0.007809999999999999	0.096731	0.106653	0.094175	0.516754	3326300.0
2013-04-05	-0.010440999999999999	0.081412	0.088404	0.077544	-0.698082	4354500.0
2013-04-04	0.0057280000000000005	0.099875	0.10391500000000001	0.097331	0.380768	4272000.0
2013-04-03	-0.011858	0.101174	0.102504	0.081953	-0.797806	4889200.0
2013-04-02	-0.001614	0.10308599999999998	0.10456300000000002	0.092163	-0.10877200000000001	3582800.0
2013-04-01	-0.013537	0.094998	0.096163	0.07898	-0.9247360000000001	3972200.0
2013-03-28	0.002395	0.09689	0.10243699999999999	0.094701	0.163192	3509000.0
2013-03-27	-0.004107	0.090641	0.093112	0.08409900000000001	-0.281059	2830600.0
2013-03-26	0.008282	0.100846	0.10846700000000001	0.098061	0.562103	3451200.0
2013-03-25	-0.004389	0.100976	0.105353	0.085216	-0.299202	4367200.0
2013-03-22	0.008043999999999999	0.100859	0.10659600000000001	0.098506	0.543984	3624600.0
2013-03-21	-0.0014730000000000001	0.095566	0.101588	0.093363	-0.099739	4110700.0
2013-03-20	0.00905	0.102221	0.10963099999999999	0.102221	0.607414	3655000.0
2013-03-19	0.001895	0.099854	0.10430899999999999	0.090351	0.126923	4279200.0
2013-03-18	0.005854	0.086129	0.10928	0.08359	0.389839	4281800.0
2013-03-15	-0.0047420000000000006	0.093614	0.097925	0.090047	-0.317299	6002500.0
2013-03-14	-0.001893	0.100594	0.102078	0.089318	-0.12693	4613900.0
2013-03-13	0.0048920000000000005	0.09926900000000001	0.103593	0.09643600000000001	0.32637	3411800.0
2013-03-12	-0.0036560000000000004	0.09733	0.097776	0.08544600000000001	-0.244781	3004000.0
2013-03-11	0.002171	0.09212000000000001	0.100606	0.086016	0.145065	3411200.0
2013-03-08	0.0212	0.10478299999999999	0.12165799999999999	0.10478299999999999	1.3870770000000001	4953700.0
2013-03-07	0.012628	0.102724	0.113962	0.099953	0.815956	4239700.0
2013-03-06	0.008347	0.099355	0.10851300000000001	0.09904400000000001	0.534859	3540700.0
2013-03-05	0.014061	0.101904	0.11559900000000001	0.10143200000000001	0.8884850000000001	3772500.0
2013-03-04	-0.0049960000000000004	0.089977	0.09404900000000001	0.07917	-0.317295	3589900.0
2013-03-01	-0.000714	0.09107699999999999	0.099686	0.083565	-0.045353	2995800.0
2013-02-28	-0.003553	0.09780599999999999	0.10529200000000001	0.093283	-0.226631	3703800.0
2013-02-27	0.017795	0.09686499999999999	0.119246	0.095595	1.1151200000000001	2725300.0
2013-02-26	0.0024649999999999997	0.099091	0.10672899999999999	0.09543099999999999	0.154102	3806200.0
2013-02-25	-0.01345	0.097182	0.10095	0.082425	-0.8521920000000001	5331700.0
2013-02-22	0.001289	0.100326	0.104098	0.09309500000000001	0.0816	3634400.0
2013-02-21	-0.002002	0.092476	0.09781000000000001	0.08777	-0.126915	4166400.0
2013-02-20	-0.008178	0.101746	0.111393	0.094434	-0.5227890000000001	4231300.0
2013-02-19	0.011696	0.105503	0.116836	0.102355	0.7390899999999999	3196700.0
2013-02-15	0.000285	0.10818	0.109125	0.098575	0.018025	3074900.0
2013-02-14	-0.001283	0.100783	0.10675899999999999	0.097323	-0.081124	2899000.0
2013-02-13	-0.003408	0.10361400000000001	0.10925599999999999	0.095308	-0.21631199999999998	2597700.0
2013-02-12	0.0047079999999999995	0.103299	0.111172	0.10156699999999999	0.29743600000000003	2055400.0
2013-02-11	-0.006239	0.101892	0.10251800000000001	0.094069	-0.39658000000000004	2335000.0
2013-02-08	0.002274	0.102202	0.1102	0.100634	0.144207	3298200.0
2013-02-07	0.006436	0.10361400000000001	0.111821	0.098247	0.40559	4130200.0
2013-02-06	0.000573	0.098086	0.10550899999999999	0.094612	0.036068	3441800.0
2013-02-05	0.019253	0.110375	0.12953	0.110053	1.189732	4601900.0
2013-02-04	-0.008532	0.09707	0.100262	0.09148400000000001	-0.531788	3046900.0
2013-02-01	0.013335	0.11542000000000001	0.12496099999999999	0.109759	0.82019	3700000.0
2013-01-31	-0.006261999999999999	0.099275	0.10393499999999999	0.093971	-0.387554	3545000.0
2013-01-30	-0.006079	0.100738	0.10553	0.096106	-0.37856300000000004	2490200.0
2013-01-29	0.002467	0.10361400000000001	0.108097	0.09849	0.15324000000000002	3638400.0
2013-01-28	0.008634000000000001	0.117827	0.117827	0.10749	0.531754	4451300.0
2013-01-25	0.0013189999999999999	0.11849200000000001	0.119948	0.098924	0.081123	5666400.0
2013-01-24	-0.000439	0.10506800000000001	0.118809	0.10005700000000001	-0.027042	4140700.0
2013-01-23	-0.0019010000000000001	0.102	0.10361400000000001	0.097966	-0.117172	3301900.0
2013-01-22	0.008701	0.10263699999999999	0.11321600000000001	0.10068400000000001	0.531787	3662400.0
2013-01-18	0.007428	0.106401	0.111812	0.100826	0.450646	3416000.0
2013-01-17	0.008692	0.108079	0.11634800000000001	0.103779	0.52277	2281700.0
2013-01-16	-0.0022429999999999998	0.09800299999999999	0.101138	0.095363	-0.135205	2096900.0
2013-01-15	0.0017980000000000001	0.095513	0.10708499999999999	0.094026	0.108162	2285500.0
2013-01-14	0.006786	0.10511199999999998	0.111103	0.100451	0.405587	1849400.0
2013-01-11	-0.001656	0.102451	0.10494300000000001	0.09829700000000001	-0.099133	2358900.0
2013-01-10	-0.0018030000000000001	0.10908699999999999	0.10908699999999999	0.09615	-0.10815799999999999	4444500.0
2013-01-09	0.012169	0.10881800000000001	0.11704400000000001	0.105796	0.72105	3235200.0
2013-01-08	-0.009343	0.101784	0.101951	0.089976	-0.558819	2993200.0
2013-01-07	0.000452	0.099288	0.11143399999999999	0.098123	0.027035000000000003	4287300.0
2013-01-04	0.020462	0.107858	0.12823299999999999	0.107858	1.19875	4161300.0
2013-01-03	0.003861	0.10105700000000001	0.116397	0.100034	0.22533000000000003	2990000.0
2013-01-02	0.020166999999999997	0.12447899999999999	0.13178199999999998	0.11561099999999999	1.153664	5236300.0
2012-12-31	0.008741	0.100106	0.11431300000000001	0.09116	0.49572700000000003	4011500.0
2012-12-28	-0.012865000000000001	0.094957	0.101882	0.08820399999999999	-0.739071	2101900.0
2012-12-27	-0.001097	0.10223	0.105689	0.089259	-0.063083	2854600.0
2012-12-26	0.002199	0.10552	0.11418699999999998	0.10326700000000001	0.126167	2796600.0
2012-12-24	-0.008409999999999999	0.09502000000000001	0.108426	0.089692	-0.48669399999999996	2249500.0
2012-12-21	-0.001245	0.088336	0.103957	0.088336	-0.072113	5780400.0
2012-12-20	0.008154	0.10499800000000001	0.116074	0.10378699999999999	0.468685	4435100.0
2012-12-19	-0.002971	0.104304	0.11034300000000001	0.100163	-0.171253	5249900.0
2012-12-18	0.025164	0.10555999999999999	0.132977	0.10361400000000001	1.415065	5384200.0
2012-12-17	0.013647	0.106124	0.12011	0.10397200000000001	0.757103	3950300.0
2012-12-14	-0.003077	0.101648	0.106474	0.098251	-0.171241	3259200.0
2012-12-13	0.010473999999999999	0.104697	0.11987	0.101988	0.576828	4378700.0
2012-12-12	-0.008921	0.108984	0.10987899999999999	0.092873	-0.495717	3760300.0
2012-12-11	-0.0033950000000000004	0.10611099999999998	0.111107	0.09737	-0.189277	4587100.0
2012-12-10	-0.001775	0.10094199999999999	0.104148	0.095243	-0.099159	2962300.0
2012-12-07	0.007315	0.108099	0.112224	0.100564	0.405605	2261600.0
2012-12-06	-0.0008119999999999999	0.100746	0.103076	0.092321	-0.045071	2288100.0
2012-12-05	0.01735	0.108172	0.125314	0.101061	0.9463729999999999	3212900.0
2012-12-04	-0.001155	0.102703	0.110171	0.09723899999999999	-0.063083	2308500.0
2012-12-03	-0.012066	0.107752	0.11027200000000001	0.08957799999999999	-0.666977	2612600.0
2012-11-30	-0.00016299999999999998	0.105053	0.106492	0.098576	-0.009007	3543800.0
2012-11-29	0.001633	0.10739800000000001	0.11208399999999999	0.097126	0.090134	2254800.0
2012-11-28	0.010227	0.09687799999999999	0.11581099999999998	0.08959500000000001	0.5588	3048000.0
2012-11-27	-0.000659	0.103432	0.11307400000000001	0.101431	-0.036042000000000005	3085500.0
2012-11-26	-0.009794	0.091724	0.09676799999999999	0.084878	-0.54079	2395200.0
2012-11-23	0.011058	0.106892	0.115817	0.105617	0.6038819999999999	915400.0
2012-11-21	-0.00033	0.103432	0.107438	0.099062	-0.018025	1760400.0
2012-11-20	0.002813	0.10105700000000001	0.11037000000000001	0.097771	0.15321700000000002	3036200.0
2012-11-19	0.021809000000000002	0.11611500000000001	0.128615	0.114249	1.1626969999999999	3681400.0
2012-11-16	0.003904	0.10661099999999998	0.110731	0.091813	0.207302	4799800.0
2012-11-15	-0.010506999999999999	0.110367	0.117966	0.094428	-0.563896	5469400.0
2012-11-14	-0.020902	0.112382	0.11582999999999999	0.085707	-1.145717	3866400.0
2012-11-13	-0.0032549999999999996	0.10351600000000001	0.121241	0.103335	-0.179017	2556600.0
2012-11-12	0.010028	0.113303	0.12645599999999999	0.11074500000000001	0.5460020000000001	2954500.0
2012-11-09	-0.007667	0.104404	0.11546300000000001	0.099147	-0.420681	4931500.0
2012-11-08	-0.013201	0.11004100000000001	0.11791199999999999	0.096445	-0.733982	3180800.0
2012-11-07	-0.022194	0.097474	0.100448	0.07963200000000001	-1.262055	3440200.0
2012-11-06	0.011623999999999999	0.110232	0.130582	0.110232	0.653408	4054300.0
2012-11-05	0.005927	0.110047	0.120906	0.10684300000000001	0.331185	2361100.0
2012-11-02	-0.003193	0.118746	0.12105199999999999	0.104728	-0.17902	3768500.0
2012-11-01	0.022697	0.11165599999999999	0.143776	0.11165599999999999	1.24416	5648100.0
2012-10-31	-0.004065999999999999	0.115631	0.119245	0.09990800000000001	-0.22376300000000002	3598300.0
2012-10-26	0.000977	0.11057	0.11871	0.104057	0.053703	3244200.0
2012-10-25	0.006719	0.133876	0.13405799999999998	0.11238599999999999	0.36698200000000003	3043100.0
2012-10-24	-0.008611	0.109849	0.11508499999999999	0.098474	-0.474392	3540800.0
2012-10-23	-0.011720999999999999	0.097197	0.100766	0.08809700000000001	-0.653408	3401600.0
2012-10-22	-0.003361	0.10506900000000001	0.128899	0.095822	-0.187969	5504600.0
2012-10-19	0.017421000000000002	0.100075	0.148566	0.100075	0.957733	9899300.0
2012-10-18	-0.007594	0.109677	0.11093399999999999	0.093876	-0.420681	5691500.0
2012-10-17	0.006014	0.10497100000000001	0.11906099999999999	0.10497100000000001	0.33118000000000003	3024700.0
2012-10-16	0.011011	0.11768499999999998	0.12499	0.11458099999999999	0.599698	2155600.0
2012-10-15	0.010797	0.11443099999999999	0.12458399999999999	0.110739	0.581806	2247700.0
2012-10-12	-0.001493	0.116639	0.125486	0.10687	-0.080555	2529300.0
2012-10-11	0.0008300000000000001	0.119779	0.124945	0.11221600000000001	0.044746	2749900.0
2012-10-10	-0.0072510000000000005	0.109645	0.112942	0.101953	-0.393829	3388400.0
2012-10-09	-0.009791	0.11183699999999999	0.11274400000000001	0.09733	-0.5370520000000001	3131000.0
2012-10-08	-0.002442	0.10423800000000001	0.11111199999999999	0.097002	-0.134259	2737100.0
2012-10-05	0.002611	0.119093	0.12326400000000001	0.11038599999999998	0.14321199999999998	3563300.0
2012-10-04	0.005085	0.119497	0.12423699999999999	0.114575	0.277481	2859400.0
2012-10-03	-0.007974	0.11165499999999999	0.11635699999999999	0.10116599999999999	-0.43859499999999996	4738500.0
2012-10-02	0.010690999999999999	0.11878699999999999	0.125184	0.11293800000000001	0.581802	4441900.0
2012-10-01	0.017573	0.122825	0.140122	0.11780299999999999	0.939839	4571100.0
2012-09-28	-0.008134	0.103914	0.109633	0.094321	-0.43859899999999996	3066900.0
2012-09-27	0.013459	0.119894	0.130924	0.115967	0.716076	3018100.0
2012-09-26	0.0021920000000000004	0.113167	0.117851	0.098739	0.116356	3861800.0
2012-09-25	-0.013637	0.113326	0.11813199999999999	0.095769	-0.733963	2931000.0
2012-09-24	-0.006444	0.104499	0.107805	0.0944	-0.349083	2298900.0
2012-09-21	-0.000496	0.11863499999999999	0.12248900000000001	0.110376	-0.026856	5240100.0
2012-09-20	-0.011913	0.10168200000000001	0.10530899999999999	0.092615	-0.653411	3439500.0
2012-09-19	-0.0017920000000000002	0.10966400000000001	0.113647	0.102966	-0.098462	3120700.0
2012-09-18	-0.005347	0.109673	0.11273399999999999	0.097069	-0.29537199999999997	3283400.0
2012-09-17	0.011472	0.10674000000000002	0.12477	0.10583	0.6265569999999999	3667400.0
2012-09-14	-0.0016359999999999999	0.11056600000000001	0.126385	0.103657	-0.089508	4495100.0
2012-09-13	0.016972	0.106671	0.13255799999999998	0.09890499999999999	0.9129870000000001	3874700.0
2012-09-12	0.005185	0.113152	0.120401	0.10850499999999999	0.277473	2592900.0
2012-09-11	0.0038619999999999995	0.11427899999999999	0.122675	0.109801	0.20587199999999997	3093300.0
2012-09-10	-0.005676	0.10888099999999999	0.110551	0.103316	-0.30433699999999997	3059500.0
2012-09-07	0.01491	0.115248	0.12824000000000002	0.11411800000000001	0.7876850000000001	2957800.0
2012-09-06	0.028761000000000002	0.120979	0.147904	0.120979	1.476887	3527400.0
2012-09-05	-0.0026079999999999996	0.11090699999999999	0.116703	0.10569	-0.13427	2294200.0
