2017-09-01	0.003167	0.002533	0.010766	-0.002533	0.050000	913500.000000
2016-09-01	-0.0043289999999999995	0.0	0.003092	-0.014224	-0.07	330600.0
2016-08-31	0.0037240000000000003	-0.004345	0.007449	-0.004345	0.059999000000000004	716100.0
2016-08-30	-0.00124	-0.0031	0.00248	-0.0068200000000000005	-0.019998	366500.0
2016-08-29	0.004984000000000001	-0.0018690000000000002	0.018692	-0.0018690000000000002	0.08	369000.0
2016-08-26	-0.014128	-0.0012289999999999998	0.005528	-0.022727	-0.230002	657000.0
2016-08-25	0.011179999999999999	-0.0037270000000000003	0.018012	-0.0037270000000000003	0.180001	408400.0
2016-08-24	0.0037409999999999995	0.0037409999999999995	0.0068579999999999995	-0.001247	0.059999000000000004	399700.0
2016-08-23	0.004383	0.0018789999999999998	0.016281	-0.0018789999999999998	0.070001	720300.0
2016-08-22	0.001254	-0.002508	0.001254	-0.0068969999999999995	0.02	416300.0
2016-08-19	-0.002502	-0.003127	0.0	-0.008754999999999999	-0.04	466500.0
2016-08-18	0.004397	0.001884	0.0075379999999999996	-0.000628	0.07	696600.0
2016-08-17	0.000629	-0.003143	0.005657	-0.010057	0.01	618200.0
2016-08-16	-0.004379999999999999	-0.005006	0.0	-0.007509	-0.07	455100.0
2016-08-15	0.005031	0.000629	0.007547	-0.001258	0.08	937600.0
2016-08-12	-0.005006	0.002503	0.002503	-0.007509	-0.08	911900.0
2016-08-11	0.008202	0.004416	0.013249	0.003785	0.13	398800.0
2016-08-10	0.021921	-0.0006450000000000001	0.025789999999999997	-0.001934	0.34	897800.0
2016-08-09	-0.0019309999999999998	0.011583	0.020592	-0.034749	-0.03	823000.0
2016-08-08	0.007129000000000001	0.0	0.011666	-0.001296	0.11	842700.0
2016-08-05	0.019828	0.0	0.02115	0.0	0.3	453100.0
2016-08-04	0.001324	0.002647	0.00728	-0.002647	0.02	325200.0
2016-08-03	0.012735	0.002681	0.012735	-0.003351	0.19	497600.0
2016-08-02	-0.002007	0.001338	0.0033439999999999998	-0.010702	-0.03	514100.0
2016-08-01	0.00403	0.002686	0.010745000000000001	-0.002686	0.06	659600.0
2016-07-29	0.023368	0.003436	0.026117	-0.002062	0.34	1536900.0
2016-07-28	0.04601	0.002876	0.053199	0.002876	0.64	2753300.0
2016-07-27	-0.007845999999999999	0.0035659999999999997	0.004993	-0.018545	-0.11	1183200.0
2016-07-26	-0.000713	-0.0028510000000000002	0.008553	-0.007128	-0.01	1022000.0
2016-07-25	-0.002134	-0.001422	0.003556	-0.0064010000000000004	-0.03	977600.0
2016-07-22	0.013699000000000001	0.0	0.016583	-0.002163	0.19	845700.0
2016-07-21	-0.014215	0.0	0.004975	-0.016347	-0.2	764100.0
2016-07-20	0.002137	-0.001425	0.007835	-0.012821	0.03	1646300.0
2016-07-19	0.0035740000000000004	-0.004289	0.0035740000000000004	-0.014296000000000001	0.05	1305200.0
2016-07-18	-0.010608	-0.004243	0.0021219999999999998	-0.014144	-0.15	821900.0
2016-07-15	0.014347	0.0050219999999999996	0.016499	-0.000717	0.2	2999200.0
2016-07-14	-0.00924	0.0	0.00995	-0.00995	-0.13	1425900.0
2016-07-13	-0.0007099999999999999	0.0014199999999999998	0.008523000000000001	-0.002841	-0.01	811100.0
2016-07-12	0.002135	0.002135	0.007829000000000001	-0.002135	0.03	734700.0
2016-07-11	0.006447	0.00788	0.012178	-0.002865	0.09	809000.0
2016-07-08	0.030257999999999997	0.012546	0.035424000000000004	0.006642	0.41	970700.0
2016-07-07	0.005939	-0.000742	0.008166	-0.005197	0.08	424400.0
2016-07-06	-0.003698	-0.007396	-0.002959	-0.028107	-0.05	474300.0
2016-07-05	-0.004418	-0.0014730000000000001	0.006626999999999999	-0.014728	-0.06	835700.0
2016-07-01	-0.010925	0.001457	0.008740000000000001	-0.01311	-0.15	530500.0
2016-06-30	0.029235	0.004497999999999999	0.032234	-0.0037479999999999996	0.39	1371700.0
2016-06-29	0.039751	0.007794	0.039751	0.003118	0.51	623100.0
2016-06-28	0.016640000000000002	0.0071319999999999995	0.018225	-0.009509	0.21	1497600.0
2016-06-27	-0.055389	-0.012725	-0.012725	-0.057635000000000006	-0.74	1461000.0
2016-06-24	-0.05181	-0.029807999999999998	-0.022001	-0.055358000000000004	-0.73	6723500.0
2016-06-23	0.02622	0.005827000000000001	0.02622	0.002913	0.36	1087100.0
2016-06-22	-0.005072	-0.001449	0.0036229999999999995	-0.007970999999999999	-0.07	590200.0
2016-06-21	0.004367	0.008006000000000001	0.009461	0.002183	0.06	391900.0
2016-06-20	0.023083000000000003	0.014147	0.031273	0.008935	0.31	915400.0
2016-06-17	0.002239	0.0037310000000000004	0.008209000000000001	-0.0029850000000000002	0.03	1233700.0
2016-06-16	0.009797	-0.006781999999999999	0.01055	-0.01055	0.13	443200.0
2016-06-15	0.009893	0.0015220000000000001	0.02207	-0.002283	0.13	462300.0
2016-06-14	-0.011287	-0.004515	-0.004515	-0.025583	-0.15	687000.0
2016-06-13	-0.027086000000000002	0.0	0.0	-0.027818	-0.37	721800.0
2016-06-10	-0.009427	-0.007252	-0.003626	-0.020305	-0.13	507400.0
2016-06-09	0.009517	-0.001464	0.012445	-0.008785	0.13	663700.0
2016-06-08	0.012602	0.0	0.017791	-0.0029649999999999998	0.17	701100.0
2016-06-07	-0.007358	-0.002208	0.000736	-0.009566	-0.1	358400.0
2016-06-06	0.0074129999999999995	0.0	0.009637	-0.0074129999999999995	0.1	578700.0
2016-06-03	-0.0044280000000000005	0.0	0.0	-0.019926	-0.06	718100.0
2016-06-02	0.0211	-0.001507	0.021854	-0.01055	0.28	1269000.0
2016-06-01	0.010662999999999999	-0.0038079999999999998	0.010662999999999999	-0.009901	0.14	1948600.0
2016-05-31	-0.048551	0.005072	0.00942	-0.049275	-0.67	1729500.0
2016-05-27	0.0	-0.0028989999999999997	0.001449	-0.005072	0.0	1830900.0
2016-05-26	-0.010043	0.0	0.004304	-0.011478	-0.14	935000.0
2016-05-25	0.017518000000000002	0.0021899999999999997	0.025547	0.0021899999999999997	0.24	1015000.0
2016-05-24	0.00073	0.0014609999999999998	0.014609	-0.0036520000000000003	0.01	1284700.0
2016-05-23	-0.009406999999999999	0.0	0.000724	-0.01013	-0.13	561600.0
2016-05-20	0.005091	0.005091	0.014544999999999999	0.000727	0.07	557600.0
2016-05-19	-0.010079000000000001	-0.006479	0.00432	-0.011519	-0.14	545500.0
2016-05-18	-0.006437999999999999	-0.001431	0.0035770000000000003	-0.017166999999999998	-0.09	715700.0
2016-05-17	-0.002141	-0.001428	0.009993	-0.01142	-0.03	922600.0
2016-05-16	0.010823000000000001	0.0	0.012265999999999999	0.0	0.15	763400.0
2016-05-13	-0.009292	-0.005004	0.005004	-0.009292	-0.13	677100.0
2016-05-12	-0.011307	0.00424	0.016253999999999998	-0.014841	-0.16	770700.0
2016-05-11	0.022399000000000002	0.0	0.038294999999999996	-0.0057799999999999995	0.31	2387300.0
2016-05-10	0.004354	0.004354	0.014513999999999999	0.0	0.06	880800.0
2016-05-09	-0.049655	-0.0006900000000000001	0.0006900000000000001	-0.050345	-0.72	1629000.0
2016-05-06	0.007644	0.0	0.012509000000000001	-0.003475	0.11	1971300.0
2016-05-05	-0.006215	0.001381	0.007597	-0.015884	-0.09	595000.0
2016-05-04	0.016854	-0.005618	0.021067	-0.005618	0.24	499600.0
2016-05-03	-0.015895	-0.006220000000000001	-0.004838	-0.020041	-0.23	589900.0
2016-05-02	0.004861	-0.001389	0.009028	-0.005556	0.07	591000.0
2016-04-29	0.006993000000000001	-0.000699	0.009091	-0.011888	0.1	686500.0
2016-04-28	0.012748	-0.002125	0.026912000000000002	-0.002125	0.18	749900.0
2016-04-27	-0.004933	0.0014089999999999999	0.014799000000000001	-0.02537	-0.07	584200.0
2016-04-26	0.0056700000000000006	-0.0021260000000000003	0.007795999999999999	-0.004961	0.08	472200.0
2016-04-25	0.0057020000000000005	-0.000713	0.008553	-0.003564	0.08	361400.0
2016-04-22	0.013728	-0.002168	0.015172999999999999	-0.008671	0.19	435000.0
2016-04-21	-0.006461	0.0	0.000718	-0.010768000000000002	-0.09	340400.0
2016-04-20	-0.008541	0.000712	0.008541	-0.022775999999999998	-0.12	1369400.0
2016-04-19	0.003571	0.0	0.022143	-0.003571	0.05	771600.0
2016-04-18	0.01083	-0.004332	0.017329	-0.004332	0.15	583100.0
2016-04-15	0.002171	0.0	0.007959	-0.005789	0.03	1080100.0
2016-04-14	0.008759000000000001	0.00146	0.011679	-0.005109000000000001	0.12	637500.0
2016-04-13	0.00073	0.0036520000000000003	0.011687000000000001	-0.0036520000000000003	0.01	738200.0
2016-04-12	0.001463	0.001463	0.012436	-0.002926	0.02	993300.0
2016-04-11	0.009601	0.003693	0.022157	-0.003693	0.13	1163400.0
2016-04-08	0.029657999999999997	0.009125	0.029657999999999997	-0.012928	0.39	2048700.0
2016-04-07	-0.020849	-0.008935	-0.000745	-0.032018	-0.28	1394700.0
2016-04-06	0.0	-0.002234	0.015637	-0.004468	0.0	1526200.0
2016-04-05	-0.017557	-0.003658	0.0065840000000000004	-0.01902	-0.24	760600.0
2016-04-04	-0.005095000000000001	0.001456	0.005095000000000001	-0.008734	-0.07	758300.0
2016-04-01	-0.013640000000000001	-0.005743	0.007897	-0.025126	-0.19	934900.0
2016-03-31	0.015306	-0.002915	0.023324	-0.008745999999999999	0.21	2292100.0
2016-03-30	-0.002907	0.002907	0.008721	-0.012355	-0.04	1405400.0
2016-03-29	0.021529	-0.000742	0.022272	-0.0037119999999999996	0.29	1271000.0
2016-03-28	0.0044740000000000005	-0.000746	0.011931	-0.003729	0.06	486400.0
2016-03-24	0.011312000000000001	-0.005279	0.011312000000000001	-0.012821	0.15	598100.0
2016-03-23	0.002268	-0.002268	0.012094	-0.003779	0.03	600200.0
2016-03-22	-0.000755	-0.006798	0.0045320000000000004	-0.017372	-0.01	1281100.0
2016-03-21	-0.014147	0.0	0.002978	-0.014147	-0.19	756200.0
2016-03-18	-0.00297	0.008909	0.013363	-0.006682	-0.04	1650200.0
2016-03-17	0.029817000000000003	0.001529	0.03211	0.001529	0.39	1041200.0
2016-03-16	0.018692	-0.0031149999999999997	0.021807	-0.0031149999999999997	0.24	489600.0
2016-03-15	0.004695	-0.007825	0.0070420000000000005	-0.015649	0.06	493600.0
2016-03-14	0.015091	-0.0023829999999999997	0.017474	-0.004765999999999999	0.19	497100.0
2016-03-11	0.048293	0.004163	0.050791	-0.004163	0.58	756900.0
2016-03-10	-0.0024920000000000003	0.001661	0.005814	-0.016611	-0.03	593800.0
2016-03-09	0.011765000000000001	0.0	0.015966	0.0	0.14	446200.0
2016-03-08	-0.011628	-0.003322	-0.001661	-0.022425	-0.14	609100.0
2016-03-07	-0.012305	-0.005742000000000001	0.003281	-0.016406999999999998	-0.15	675700.0
2016-03-04	-0.001638	-0.002457	0.014741999999999998	-0.006552	-0.02	636600.0
2016-03-03	0.011599	-0.004971	0.011599	-0.010771	0.14	543600.0
2016-03-02	0.029863	-0.0034130000000000002	0.03157	-0.015358000000000002	0.35	920700.0
2016-03-01	0.006873000000000001	0.006014	0.012027	-0.006014	0.08	827400.0
2016-02-29	0.021949	0.003512	0.023705	-0.013169	0.25	1208800.0
2016-02-26	0.006184	0.004417	0.014134	-0.004417	0.07	371100.0
2016-02-25	-0.000883	0.000883	0.012357	-0.010591	-0.01	798200.0
2016-02-24	-0.002641	-0.012324	0.0	-0.038732	-0.03	920300.0
2016-02-23	0.0	-0.0044009999999999995	0.005282	-0.010563	0.0	490800.0
2016-02-22	0.014286000000000002	0.007143000000000001	0.025	0.003571	0.16	731000.0
2016-02-19	0.020036	-0.0018210000000000001	0.020036	-0.009106999999999999	0.22	524300.0
2016-02-18	-0.001818	-0.001818	0.004545	-0.016364	-0.02	831100.0
2016-02-17	0.022305000000000002	0.004647	0.023234	0.0009289999999999999	0.24	622800.0
2016-02-16	0.021842	0.014244999999999999	0.021842	-0.002849	0.23	498700.0
2016-02-12	0.018375	0.00677	0.030948000000000003	-0.004836	0.19	846200.0
2016-02-11	-0.050505	-0.016529	-0.010101	-0.05234199999999999	-0.55	1084300.0
2016-02-10	-0.00366	0.00183	0.031107	-0.00366	-0.04	677200.0
2016-02-09	-0.020609	-0.012545	0.0008960000000000001	-0.053763	-0.23	1378500.0
2016-02-08	-0.084495	-0.015587	-0.015587	-0.097621	-1.03	1356600.0
2016-02-05	-0.00082	-0.0065569999999999995	0.048361	-0.007377	-0.01	1403300.0
2016-02-04	0.0024649999999999997	-0.001643	0.014790000000000001	-0.008217	0.03	673300.0
2016-02-03	0.010797	0.008306000000000001	0.014119999999999999	-0.0041530000000000004	0.13	711300.0
2016-02-02	-0.0016579999999999998	-0.00995	0.007462999999999999	-0.018241999999999998	-0.02	629600.0
2016-02-01	-0.00659	-0.00659	0.003295	-0.019769	-0.08	1507900.0
2016-01-29	0.061189	0.004371	0.061189	0.004371	0.7	888800.0
2016-01-28	0.006157	0.011434	0.021108000000000002	-0.00088	0.07	353400.0
2016-01-27	-0.007853	-0.00349	0.009599	-0.018325	-0.09	513200.0
2016-01-26	0.016859	0.006211	0.02307	0.004437	0.19	357100.0
2016-01-25	-0.042481	-0.004248	0.004248	-0.051827	-0.5	876200.0
2016-01-22	0.042516000000000005	0.0124	0.043401	0.011515000000000001	0.48	446300.0
2016-01-21	-0.004409000000000001	0.0008820000000000001	0.005291	-0.024691	-0.05	1675000.0
2016-01-20	-0.019879	-0.011236	-0.011236	-0.056179999999999994	-0.23	959300.0
2016-01-19	-0.015319	0.002553	0.01617	-0.022979	-0.18	662200.0
2016-01-15	-0.043160000000000004	-0.022801	-0.022801	-0.055375	-0.53	1026700.0
2016-01-14	-0.002437	0.0008119999999999999	0.015434999999999999	-0.010561	-0.03	909800.0
2016-01-13	-0.030708999999999997	0.0	0.009448999999999999	-0.032283	-0.39	882700.0
2016-01-12	0.0	0.0039369999999999995	0.007087	-0.010236	0.0	779500.0
2016-01-11	-0.010903	0.000779	0.005452	-0.023364	-0.14	461900.0
2016-01-08	0.017433	0.003961999999999999	0.024564	0.000792	0.22	872800.0
2016-01-07	-0.024730000000000002	-0.016229	-0.009274	-0.031685000000000005	-0.32	498400.0
2016-01-06	-0.019697	-0.014394	-0.008333	-0.024242	-0.26	418000.0
2016-01-05	-0.002268	0.003779	0.018896	-0.00907	-0.03	395200.0
2016-01-04	-0.024336	-0.016224000000000002	-0.015487	-0.042035	-0.33	608300.0
2015-12-31	0.0022170000000000002	-0.0022170000000000002	0.014782	-0.007391	0.03	1045500.0
2015-12-30	0.0037090000000000005	-0.002967	0.005935	-0.005935	0.05	403900.0
2015-12-29	0.017358000000000002	0.007547	0.021131999999999998	0.000755	0.23	536900.0
2015-12-28	-0.007490999999999999	-0.0037450000000000005	0.000749	-0.016479	-0.1	403500.0
2015-12-24	0.011364	0.001515	0.019697	-0.002273	0.15	446100.0
2015-12-23	0.016949000000000002	0.0	0.031587	-0.001541	0.22	856500.0
2015-12-22	0.018838	0.0	0.019622999999999998	-0.007849	0.24	572800.0
2015-12-21	0.010309	0.006344	0.020619	0.002379	0.13	635400.0
2015-12-18	-0.014072999999999999	-0.007037000000000001	-0.003909	-0.022674	-0.18	1535100.0
2015-12-17	-0.016153999999999998	0.0023079999999999997	0.014615000000000001	-0.026154000000000004	-0.21	741900.0
2015-12-16	0.006971	0.008520999999999999	0.012393000000000001	-0.006971	0.09	877200.0
2015-12-15	0.010172	0.0023469999999999997	0.017997	0.0023469999999999997	0.13	776200.0
2015-12-14	-0.015408000000000002	0.001541	0.010786	-0.020031	-0.2	596400.0
2015-12-11	-0.0007700000000000001	-0.012317	0.008468	-0.016936	-0.01	876900.0
2015-12-10	-0.009909000000000001	0.000762	0.011433	-0.012957	-0.13	481000.0
2015-12-09	-0.011304	-0.001507	0.006029	-0.013563999999999998	-0.15	596100.0
2015-12-08	-0.003005	-0.006762000000000001	0.003005	-0.009016	-0.04	562700.0
2015-12-07	-0.008197	0.0029809999999999997	0.005215999999999999	-0.011177	-0.11	702800.0
2015-12-04	0.015128999999999998	0.002269	0.018154	0.0	0.2	618100.0
2015-12-03	-0.010479	0.003743	0.008234	-0.027694999999999997	-0.14	1684100.0
2015-12-02	-0.012565	-0.001478	0.0022170000000000002	-0.014782	-0.17	358900.0
2015-12-01	-0.011687000000000001	0.0014609999999999998	0.004383	-0.022644	-0.16	819000.0
2015-11-30	-0.012265999999999999	0.000722	0.002886	-0.013709	-0.17	638300.0
2015-11-27	-0.00216	-0.00216	0.010799	-0.007918999999999999	-0.03	262100.0
2015-11-25	-0.002872	0.001436	0.010768000000000002	-0.005743	-0.04	262100.0
2015-11-24	0.00288	-0.00288	0.00432	-0.018719	0.04	552100.0
2015-11-23	-0.006437999999999999	-0.001431	0.0	-0.013590999999999999	-0.09	671800.0
2015-11-20	0.002869	0.007174	0.012195000000000001	-0.019369	0.04	844700.0
2015-11-19	0.033358	-0.001483	0.034099000000000004	-0.003706	0.45	1669900.0
2015-11-18	0.034509	0.0	0.035276	-0.009202	0.45	942200.0
2015-11-17	0.002306	0.001537	0.0069180000000000005	-0.001537	0.03	1031800.0
2015-11-16	0.00541	-0.002318	0.013138	-0.002318	0.07	1254100.0
2015-11-13	0.003879	-0.004654999999999999	0.009309999999999999	-0.010860999999999999	0.05	570800.0
2015-11-12	-0.02126	-0.008352	0.001519	-0.022019999999999998	-0.28	910900.0
2015-11-11	0.009195	0.002299	0.027586000000000003	-0.001533	0.12	930200.0
2015-11-10	0.010062	-0.0015480000000000001	0.023219999999999998	-0.011609999999999999	0.13	3492300.0
2015-11-09	-0.01374	-0.000763	0.023663999999999998	-0.014504	-0.18	1415500.0
2015-11-06	-0.016517	-0.003754	0.0015019999999999999	-0.01952	-0.22	687900.0
2015-11-05	-0.00374	-0.0007480000000000001	0.0007480000000000001	-0.015707	-0.05	240500.0
2015-11-04	-0.015463999999999999	0.000736	0.000736	-0.019146	-0.21	356700.0
2015-11-03	-0.008759000000000001	-0.004379999999999999	-0.00146	-0.015328	-0.12	380700.0
2015-11-02	0.018587	0.000743	0.025279	0.000743	0.25	622400.0
2015-10-30	0.019712	-0.001516	0.025019	-0.005307	0.26	609300.0
2015-10-29	0.014615000000000001	-0.000769	0.022308	-0.000769	0.19	634500.0
2015-10-28	0.008534	0.004654999999999999	0.020946	-0.007758	0.11	739800.0
2015-10-27	-0.018279	-0.0038079999999999998	0.000762	-0.019802	-0.24	350700.0
2015-10-26	-0.016479	-0.0037450000000000005	-0.000749	-0.020225	-0.22	271500.0
2015-10-23	0.021422999999999998	0.010712000000000001	0.026779	0.009181	0.28	399700.0
2015-10-22	0.01554	0.005439	0.02331	0.003885	0.2	318400.0
2015-10-21	-0.000776	0.003882	0.017081	-0.003882	-0.01	399200.0
2015-10-20	0.005464	0.0	0.010148	-0.0062450000000000006	0.07	174100.0
2015-10-19	-0.010046	-0.00541	0.000773	-0.022411	-0.13	125300.0
2015-10-16	0.014902	0.003137	0.018039	-0.000784	0.19	263700.0
2015-10-15	0.013513999999999998	0.004769	0.017488	-0.003975	0.17	330200.0
2015-10-14	0.000796	0.001591	0.011138	-0.005569	0.01	393400.0
2015-10-13	-0.019500999999999998	-0.00234	0.00468	-0.020281	-0.25	228500.0
2015-10-12	-0.013846	-0.000769	0.003846	-0.020769	-0.18	242900.0
2015-10-09	0.028481	0.003165	0.032437	0.003165	0.36	573400.0
2015-10-08	0.0112	0.0	0.0128	-0.0024	0.14	333600.0
2015-10-07	0.00321	0.004013	0.010433	-0.006421	0.04	367100.0
2015-10-06	-0.002402	0.000801	0.005604	-0.011209	-0.03	453300.0
2015-10-05	0.021259	0.008994	0.02453	0.006541	0.26	391600.0
2015-10-02	0.028595	-0.007568999999999999	0.029437	-0.011775	0.34	524600.0
2015-10-01	0.013640000000000001	0.0	0.035806	-0.008525	0.16	1034000.0
2015-09-30	0.012953000000000001	0.007772	0.01468	-0.010362999999999999	0.15	950200.0
2015-09-29	0.011354000000000001	0.0	0.015721000000000002	-0.025328	0.13	722600.0
2015-09-28	-0.046627999999999996	-0.000833	0.0049960000000000004	-0.053288999999999996	-0.56	552800.0
2015-09-25	-0.015574000000000001	0.005738	0.030327999999999997	-0.02541	-0.19	2735700.0
2015-09-24	0.0032890000000000003	-0.002467	0.006579000000000001	-0.021381999999999998	0.04	703300.0
2015-09-23	-0.009772	0.002443	0.004886	-0.01873	-0.12	515400.0
2015-09-22	-0.016812999999999998	-0.009608	-0.0016010000000000002	-0.019215	-0.21	405500.0
2015-09-21	-0.018853	0.00707	0.014925	-0.022781	-0.24	429700.0
2015-09-18	-0.021522	-0.008454999999999999	-0.000769	-0.030746	-0.28	1376100.0
2015-09-17	0.0015400000000000001	0.0015400000000000001	0.015396	-0.0007700000000000001	0.02	640500.0
2015-09-16	0.013261000000000002	0.00078	0.017941	-0.0039	0.17	322100.0
2015-09-15	0.00549	0.0015689999999999999	0.008627	-0.002353	0.07	231700.0
2015-09-14	-0.006235	0.001559	0.009353	-0.012471	-0.08	248800.0
2015-09-11	0.004699	-0.003915	0.006265	-0.019577	0.06	271000.0
2015-09-10	-0.004677000000000001	-0.002338	0.007794	-0.010912	-0.06	257400.0
2015-09-09	-0.015349000000000002	0.00614	0.013813999999999998	-0.015349000000000002	-0.2	367000.0
2015-09-08	0.023566	0.01414	0.02828	0.011783	0.3	537900.0
2015-09-04	-0.013178	-0.010853	0.0038759999999999997	-0.013178	-0.17	324900.0
2015-09-03	-0.003091	0.0	0.010046	-0.004637	-0.04	249500.0
2015-09-02	0.004658	0.01087	0.01087	-0.005435	0.06	366600.0
2015-09-01	0.0	-0.017081	0.026398	-0.026398	0.0	1264400.0
2015-08-31	0.018987	-0.003956	0.020569999999999998	-0.008703	0.24	574700.0
2015-08-28	0.026807	-0.0008119999999999999	0.028432	-0.004062	0.33	325200.0
2015-08-27	-0.003239	0.006478	0.020243	-0.014575	-0.04	744500.0
2015-08-26	0.016461	0.021399	0.023868	-0.009053	0.2	602100.0
2015-08-25	-0.014599	0.025141999999999998	0.025952999999999997	-0.017843	-0.18	586200.0
2015-08-24	-0.033699	-0.045455	-0.008621	-0.052508000000000006	-0.43	815100.0
2015-08-21	0.005516	-0.026793	0.022065	-0.046493	0.07	634900.0
2015-08-20	-0.034247	-0.006848999999999999	0.0007610000000000001	-0.035769	-0.45	357100.0
2015-08-19	-0.019403	-0.007462999999999999	-0.006716	-0.019403	-0.26	326300.0
2015-08-18	-0.00149	-0.002235	0.0	-0.016393	-0.02	289500.0
2015-08-17	0.009781999999999999	-0.0037619999999999997	0.010534	-0.008277	0.13	340900.0
2015-08-14	0.006818	0.000758	0.007576	-0.004545	0.09	224900.0
2015-08-13	0.001517	-0.001517	0.00607	-0.009105	0.02	317700.0
2015-08-12	-0.011994	-0.0022489999999999997	-0.0022489999999999997	-0.025487	-0.16	527700.0
2015-08-11	-0.0037340000000000003	-0.004481000000000001	0.00224	-0.015683000000000002	-0.05	492200.0
2015-08-10	-0.005201	0.0	0.006686	-0.006686	-0.07	386000.0
2015-08-07	-0.046067000000000004	-0.034727	-0.013465999999999999	-0.055279999999999996	-0.65	1336200.0
2015-08-06	-0.021498	-0.001387	0.001387	-0.028433	-0.31	511900.0
2015-08-05	-0.007571	0.0034409999999999996	0.013765000000000001	-0.01927	-0.11	1765300.0
2015-08-04	0.0069299999999999995	0.0006929999999999999	0.008316	-0.009701999999999999	0.1	540900.0
2015-08-03	0.012631999999999999	0.0	0.014034999999999999	-0.002807	0.18	623000.0
2015-07-31	0.014235	0.0035590000000000005	0.018505	-0.001423	0.2	524600.0
2015-07-30	0.004289	-0.0064329999999999995	0.005718	-0.020729	0.06	481500.0
2015-07-29	0.023409	0.0	0.024872	-0.002926	0.32	537400.0
2015-07-28	0.009601	0.003693	0.011817	-0.00517	0.13	978200.0
2015-07-27	-0.015272999999999998	-0.0065450000000000005	-0.005818	-0.022545	-0.21	1209300.0
2015-07-24	0.010287000000000001	-0.003674	0.011021	-0.005143	0.14	808300.0
2015-07-23	0.0044280000000000005	0.0014759999999999999	0.007379999999999999	-0.006642	0.06	679600.0
2015-07-22	0.001478	-0.006652	0.005913	-0.011086	0.02	513100.0
2015-07-21	-0.011687000000000001	-0.00073	0.006573999999999999	-0.021183	-0.16	457200.0
2015-07-20	0.005878	0.002939	0.013226	-0.007348	0.08	435800.0
2015-07-17	0.0044280000000000005	0.0007379999999999999	0.007379999999999999	-0.009594	0.06	495200.0
2015-07-16	0.02187	0.004525	0.024887	0.003017	0.29	442800.0
2015-07-15	0.00607	-0.000759	0.011381	-0.0022760000000000002	0.08	406600.0
2015-07-14	-0.012734	0.0	0.004494	-0.017978	-0.17	744300.0
2015-07-13	0.019862	0.006875	0.02903	0.0015279999999999998	0.26	655500.0
2015-07-10	0.017093999999999998	0.010101	0.019425	0.006215999999999999	0.22	476100.0
2015-07-09	0.001556	0.011673000000000001	0.025681	0.0	0.02	2370200.0
2015-07-08	-0.0038759999999999997	-0.006977	0.0038759999999999997	-0.015503999999999999	-0.05	522900.0
2015-07-07	-0.011493999999999999	0.0	0.0	-0.02682	-0.15	739000.0
2015-07-06	-0.005335	-0.0030489999999999996	0.006097999999999999	-0.009909000000000001	-0.07	634700.0
2015-07-02	0.006135	0.004601	0.006901999999999999	-0.0030670000000000003	0.08	1014200.0
2015-07-01	0.003077	0.007692	0.008462	-0.000769	0.04	974400.0
2015-06-30	0.004637	0.010819	0.010819	0.002318	0.06	486100.0
2015-06-29	-0.02118	-0.0007559999999999999	0.005295	-0.021936	-0.28	422400.0
2015-06-26	-0.027226	0.003679	0.007358	-0.027962	-0.37	7888300.0
2015-06-25	0.039786	0.004591	0.042081	-0.0030600000000000002	0.52	899300.0
2015-06-24	0.006159	-0.002309	0.010778	-0.009238	0.08	807500.0
2015-06-23	0.001542	0.001542	0.010794	-0.002313	0.02	454600.0
2015-06-22	-0.0015400000000000001	0.008468	0.009238	-0.004619	-0.02	518900.0
2015-06-19	-0.007639	-0.0038200000000000005	-0.002292	-0.010695	-0.1	587800.0
2015-06-18	0.007698	0.003849	0.014627000000000001	0.0015400000000000001	0.1	379300.0
2015-06-17	0.007758	-0.000776	0.010860999999999999	-0.001552	0.1	444100.0
2015-06-16	0.013365	-0.003145	0.013365	-0.003145	0.17	437600.0
2015-06-15	-0.013953	-0.009302	-0.007751999999999999	-0.02093	-0.18	719400.0
2015-06-12	-0.015267	-0.005344	-0.003817	-0.018321	-0.2	196600.0
2015-06-11	-0.0030440000000000003	0.0	0.005327	-0.005327	-0.04	234600.0
2015-06-10	0.010768999999999999	0.003077	0.014615000000000001	0.0	0.14	699800.0
2015-06-09	0.0030859999999999998	-0.000772	0.006944	-0.010031	0.04	392500.0
2015-06-08	-0.009174	-0.0038229999999999996	-0.0007650000000000001	-0.012997	-0.12	399200.0
2015-06-05	0.009259	-0.0015429999999999999	0.012346	-0.016204	0.12	1304000.0
2015-06-04	-0.011442	-0.0030510000000000003	-0.001526	-0.012967	-0.15	1017800.0
2015-06-03	0.004598	0.005364	0.018391	-0.005364	0.06	805200.0
2015-06-02	-0.000766	-0.00536	0.011484999999999999	-0.0061259999999999995	-0.01	246600.0
2015-06-01	-0.004573	0.004573	0.005335	-0.005335	-0.06	402500.0
2015-05-29	0.005364	-0.002299	0.007663	-0.004598	0.07	1035200.0
2015-05-28	0.003846	-0.003077	0.006923	-0.003077	0.05	787100.0
2015-05-27	0.010886	0.000778	0.010886	-0.002333	0.14	620400.0
2015-05-26	-0.002327	-0.002327	0.0031030000000000003	-0.010085	-0.03	799800.0
2015-05-22	0.020586	-0.001584	0.022169	-0.002375	0.26	561000.0
2015-05-21	-0.003943	-0.001577	-0.001577	-0.015773	-0.05	347100.0
2015-05-20	0.0144	0.0032	0.016	-0.0024	0.18	508200.0
2015-05-19	-0.011858	0.0015810000000000002	0.0015810000000000002	-0.017391	-0.15	648700.0
2015-05-18	0.024291	-0.00081	0.032389	-0.0040490000000000005	0.3	728400.0
2015-05-15	-0.003228	-0.000807	0.004843	-0.014528	-0.04	423300.0
2015-05-14	0.004866	0.005677000000000001	0.016221	0.000811	0.06	729100.0
2015-05-13	0.039629000000000004	-0.0033729999999999997	0.041315	-0.0033729999999999997	0.47	1297000.0
2015-05-12	-0.000842	-0.005055	0.000842	-0.026958999999999997	-0.01	1143300.0
2015-05-11	-0.0033590000000000004	-0.0041979999999999995	0.005038	-0.02267	-0.04	725700.0
2015-05-08	-0.038741000000000005	-0.029056	-0.003228	-0.039548	-0.48	1083900.0
2015-05-07	-0.0064150000000000006	-0.0024059999999999997	0.0	-0.009623	-0.08	476900.0
2015-05-06	-0.017336	0.00394	0.00394	-0.019701	-0.22	534800.0
2015-05-05	-0.006265	-0.003915	0.0015660000000000001	-0.010962999999999999	-0.08	564300.0
2015-05-04	0.0031420000000000003	0.000786	0.00707	-0.009427	0.04	438400.0
2015-05-01	0.015962	0.00399	0.02075	-0.00399	0.2	544200.0
2015-04-30	-0.042049	-0.004587	0.0	-0.045872	-0.55	635000.0
2015-04-29	0.054839	-0.008870999999999999	0.06129	-0.011290000000000001	0.68	1532100.0
2015-04-28	0.010595	-0.002445	0.02119	-0.002445	0.13	1184300.0
2015-04-27	-0.000814	0.004886	0.015472	-0.004072	-0.01	781200.0
2015-04-24	0.009868	0.002467	0.020559	-0.0032890000000000003	0.12	923300.0
2015-04-23	0.0008230000000000001	-0.0024690000000000003	0.004115	-0.0065840000000000004	0.01	312700.0
2015-04-22	0.0016489999999999999	-0.000824	0.004122	-0.0032979999999999997	0.02	568400.0
2015-04-21	0.000825	0.006601	0.008251	-0.00165	0.01	535400.0
2015-04-20	-0.008183	0.007365000000000001	0.007365000000000001	-0.011457	-0.1	580900.0
2015-04-17	-0.017685	-0.006431	-0.003215	-0.025723000000000003	-0.22	600300.0
2015-04-16	-0.0048	0.0008	0.0072	-0.0096	-0.06	389800.0
2015-04-15	0.001603	0.004808	0.011218	0.000801	0.02	602300.0
2015-04-14	-0.003195	0.002396	0.008786	-0.010383	-0.04	1312400.0
2015-04-13	0.029605000000000003	0.066612	0.091283	0.018914	0.36	1070100.0
2015-04-10	-0.006536	0.005719	0.007353	-0.008987	-0.08	175500.0
2015-04-09	-0.011309	0.000808	0.0032310000000000004	-0.021809000000000002	-0.14	384600.0
2015-04-08	0.000808	0.0	0.0064670000000000005	-0.011318	0.01	292900.0
2015-04-07	0.029975	0.0016649999999999998	0.033306	0.0016649999999999998	0.36	377400.0
2015-04-06	0.000833	-0.005	0.003333	-0.006667	0.01	320100.0
2015-04-02	-0.014778	0.0	0.0057469999999999995	-0.030378	-0.18	399800.0
2015-04-01	-0.024038	-0.0032049999999999995	0.004808	-0.030449	-0.3	384000.0
2015-03-31	0.008892	-0.00485	0.012126000000000001	-0.00485	0.11	651700.0
2015-03-30	0.024007	0.005795000000000001	0.025662	0.005795000000000001	0.29	280600.0
2015-03-27	0.00249	0.0	0.015768	-0.0033200000000000005	0.03	225700.0
2015-03-26	-0.010673	-0.0008210000000000001	0.004926	-0.014778	-0.13	407600.0
2015-03-25	-0.00895	0.002441	0.020342	-0.014646000000000001	-0.11	355400.0
2015-03-24	-0.010467	0.0	0.004026	-0.020128999999999998	-0.13	292300.0
2015-03-23	-0.00321	0.0	0.012039	-0.010433	-0.04	434200.0
2015-03-20	0.017143000000000002	0.004082	0.017959	-0.017143000000000002	0.21	3139300.0
2015-03-19	0.015755	-0.004146	0.015755	-0.006633	0.19	501500.0
2015-03-18	-0.0033060000000000003	-0.000826	0.009091	-0.017355000000000002	-0.04	750400.0
2015-03-17	0.011706	-0.007525	0.01505	-0.024247	0.14	584300.0
2015-03-16	-0.0058189999999999995	0.002494	0.003325	-0.017456	-0.07	817500.0
2015-03-13	-0.017959	0.0	0.004898	-0.026938999999999998	-0.22	720300.0
2015-03-12	0.014913	0.009942	0.033969	-0.002486	0.18	6038800.0
2015-03-11	0.037833	-0.00086	0.039553	-0.010318	0.44	666400.0
2015-03-10	-0.035655	-0.014096000000000001	-0.007462999999999999	-0.037313	-0.43	696500.0
2015-03-09	-0.019512	0.0	0.003252	-0.033333	-0.24	963000.0
2015-03-06	-0.012841	-0.008828	0.004013	-0.016051	-0.16	531200.0
2015-03-05	0.008091	0.0	0.0089	-0.009709	0.1	373100.0
2015-03-04	-0.009615	-0.002404	-0.002404	-0.016026	-0.12	457400.0
2015-03-03	0.001605	-0.005618	0.008026	-0.016051	0.02	417500.0
2015-03-02	0.011364	0.001623	0.012987	-0.004058	0.14	389600.0
2015-02-27	0.005714	-0.001633	0.00898	-0.01551	0.07	619200.0
2015-02-26	-0.004874	-0.002437	0.001625	-0.020309	-0.06	598800.0
2015-02-25	0.013169	-0.0024690000000000003	0.014815	-0.004115	0.16	445500.0
2015-02-24	-0.010586	0.003257	0.0073290000000000004	-0.017100999999999998	-0.13	363300.0
2015-02-23	0.003268	0.0	0.004902	-0.007353	0.04	211200.0
2015-02-20	0.002457	-0.004914	0.005733	-0.018018	0.03	368900.0
2015-02-19	0.0049380000000000005	0.0	0.009053	-0.0074069999999999995	0.06	264000.0
2015-02-18	-0.004914	-0.0040950000000000005	0.015561000000000002	-0.011466	-0.06	941400.0
2015-02-17	0.03125	0.0	0.034628	-0.012669	0.37	1075500.0
2015-02-13	-0.0050420000000000005	-0.0025210000000000002	0.003361	-0.005882	-0.06	226200.0
2015-02-12	-0.005848	0.005013	0.01086	-0.008354	-0.07	199200.0
2015-02-11	-0.0025	-0.001667	0.019167	-0.013333000000000001	-0.03	382000.0
2015-02-10	-0.032257999999999995	0.002419	0.002419	-0.03871	-0.4	851900.0
2015-02-09	-0.04835	-0.00614	-0.005372	-0.052954999999999995	-0.63	417600.0
2015-02-06	-0.021772	-0.017266999999999998	-0.0015019999999999999	-0.045045	-0.29	319800.0
2015-02-05	0.035769999999999996	0.006221	0.041991	0.0015550000000000002	0.46	409000.0
2015-02-04	0.002338	-0.007015	0.008574	-0.007015	0.03	264900.0
2015-02-03	0.023943	0.001596	0.026337	-0.003192	0.3	335800.0
2015-02-02	0.003203	0.0	0.004804	-0.023219	0.04	444200.0
2015-01-30	-0.021925999999999998	-0.002349	-0.002349	-0.036805000000000004	-0.28	374700.0
2015-01-29	0.004721	0.0	0.0070810000000000005	-0.013375	0.06	212700.0
2015-01-28	-0.036391	0.002274	0.002274	-0.042456	-0.48	207100.0
2015-01-27	-0.015672	-0.012687	-0.009701000000000001	-0.027612	-0.21	170100.0
2015-01-26	0.008277	-0.0037619999999999997	0.010534	-0.012039	0.11	294000.0
2015-01-23	-0.007468000000000001	0.0	0.0	-0.01643	-0.1	147900.0
2015-01-22	0.026054	0.003065	0.026054	-0.003065	0.34	167600.0
2015-01-21	-0.006093	-0.0038079999999999998	0.000762	-0.013709	-0.08	128100.0
2015-01-20	-0.01055	0.0	0.000754	-0.021854	-0.14	222400.0
2015-01-16	0.01608	-0.0061259999999999995	0.018377	-0.012251	0.21	214700.0
2015-01-15	-0.034738	-0.000739	0.004435000000000001	-0.034738	-0.47	295600.0
2015-01-14	0.002222	-0.011852	0.006667	-0.011852	0.03	161000.0
2015-01-13	-0.006623	0.006623	0.024283000000000002	-0.015453	-0.09	265200.0
2015-01-12	-0.002935	0.0	0.005136	-0.011739	-0.04	183600.0
2015-01-09	-0.008727	-0.002909	0.007273000000000001	-0.008727	-0.12	247900.0
2015-01-08	0.018519	0.008148	0.018519	0.002963	0.25	368000.0
2015-01-07	0.015038	0.012029999999999999	0.019549	0.0022559999999999998	0.2	367900.0
2015-01-06	-0.016999	-0.001478	0.004435000000000001	-0.023651	-0.23	307900.0
2015-01-05	-0.028714999999999997	-0.003589	0.003589	-0.029432999999999997	-0.4	247100.0
2015-01-02	-0.016243	0.002825	0.0042369999999999994	-0.023305000000000003	-0.23	200400.0
2014-12-31	0.0	0.0042369999999999994	0.007768000000000001	-0.007768000000000001	0.0	480600.0
2014-12-30	-0.0063159999999999996	-0.002105	0.004912	-0.007018000000000001	-0.09	153500.0
2014-12-29	0.005646	-0.002117	0.008468999999999999	-0.011997	0.08	268200.0
2014-12-26	0.013590999999999999	0.005722	0.016452	0.002861	0.19	104000.0
2014-12-24	-0.001429	-0.000714	0.010714	-0.002143	-0.02	112800.0
2014-12-23	0.004304	0.004304	0.008608	-0.0050219999999999996	0.06	138700.0
2014-12-22	0.007225	0.000723	0.008671	-0.005058	0.1	205700.0
2014-12-19	0.017647	-0.002941	0.019118	-0.010294	0.24	1280300.0
2014-12-18	0.016442	0.011958	0.016442	0.00299	0.22	317400.0
2014-12-17	0.028439999999999997	0.000769	0.033819999999999996	-0.005379999999999999	0.37	343400.0
2014-12-16	0.012451	-0.000778	0.024903	-0.005447	0.16	295700.0
2014-12-15	-0.019084	0.00229	0.00458	-0.019084	-0.25	396000.0
2014-12-12	-0.014296000000000001	-0.012039	-0.00301	-0.014296000000000001	-0.19	239600.0
2014-12-11	0.006056000000000001	0.006056000000000001	0.021953	0.0030280000000000003	0.08	357400.0
2014-12-10	-0.021481	-0.0074069999999999995	0.000741	-0.02963	-0.29	1164300.0
2014-12-09	-0.009538	-0.009538	-0.003668	-0.016875	-0.13	485700.0
2014-12-08	-0.011603	0.0	0.010877	-0.021755	-0.16	432100.0
2014-12-05	0.008778	0.001463	0.010241	-0.011704	0.12	434600.0
2014-12-04	-0.0036439999999999997	0.000729	0.019679	-0.01895	-0.05	505800.0
2014-12-03	-0.002907	0.000727	0.005814	-0.009448	-0.04	358600.0
2014-12-02	0.012509000000000001	0.000736	0.013981	0.0	0.17	436300.0
2014-12-01	-0.009475	-0.001458	0.011662	-0.010933	-0.13	516300.0
2014-11-28	-0.005797	0.000725	0.007970999999999999	-0.005797	-0.08	297700.0
2014-11-26	0.032934	0.027694999999999997	0.046407	0.014222	0.44	776800.0
2014-11-25	0.035658999999999996	0.002326	0.03876	-0.018605	0.46	2118600.0
2014-11-24	0.015747999999999998	0.002362	0.015747999999999998	-0.00315	0.2	502500.0
2014-11-21	-0.022325	0.015396	0.035412	-0.025404	-0.29	299400.0
2014-11-20	-0.008397	-0.00458	-0.001527	-0.009923999999999999	-0.11	195700.0
2014-11-19	0.0022949999999999997	0.0022949999999999997	0.0053560000000000005	-0.0053560000000000005	0.03	236700.0
2014-11-18	0.006159	0.0	0.019246	0.0	0.08	307600.0
2014-11-17	-0.007639	0.0007639999999999999	0.002292	-0.009167	-0.1	181400.0
2014-11-14	0.003065	0.002299	0.005364	-0.001533	0.04	292600.0
2014-11-13	0.003846	0.001538	0.010768999999999999	0.001538	0.05	320800.0
2014-11-12	0.001541	-0.002311	0.005393	-0.0038520000000000004	0.02	350900.0
2014-11-11	-0.0007700000000000001	0.0	0.007698	-0.005389	-0.01	331000.0
2014-11-10	0.0007700000000000001	0.002311	0.0038520000000000004	-0.004622	0.01	289800.0
2014-11-07	-0.006886	-0.0030600000000000002	0.0	-0.009946	-0.09	278200.0
2014-11-06	-0.00457	-0.002285	0.0	-0.009139	-0.06	223100.0
2014-11-05	0.000762	0.006097999999999999	0.007622	-0.006097999999999999	0.01	306300.0
2014-11-04	-0.0015220000000000001	-0.0007610000000000001	0.003805	-0.003805	-0.02	240900.0
2014-11-03	0.0	0.0	0.009893	-0.002283	0.0	443000.0
2014-10-31	0.0	0.031963	0.031963	-0.003805	0.0	725500.0
2014-10-30	0.002288	0.0	0.009916	-0.005339	0.03	509200.0
2014-10-29	0.0030600000000000002	-0.0007650000000000001	0.007651000000000001	-0.003826	0.04	540700.0
2014-10-28	0.008487999999999999	0.006173	0.010801999999999999	-0.000772	0.11	574600.0
2014-10-27	0.000772	-0.006178	0.004633	-0.008494	0.01	154700.0
2014-10-24	0.003098	0.004647999999999999	0.009295	-0.006197	0.04	205100.0
2014-10-23	0.0078060000000000004	0.009368000000000001	0.013271000000000002	0.003123	0.1	185200.0
2014-10-22	-0.009281000000000001	0.0	0.013921000000000001	-0.009281000000000001	-0.12	230700.0
2014-10-21	0.018913	0.007092	0.019701	0.0	0.24	146900.0
2014-10-20	0.018459	-0.005618	0.019262	-0.009631	0.23	354200.0
2014-10-17	0.0	0.014446	0.018459	-0.008026	0.0	225200.0
2014-10-16	0.011364	-0.011364	0.023538999999999997	-0.011364	0.14	292900.0
2014-10-15	-0.011236	-0.016854	0.0	-0.032103	-0.14	473100.0
2014-10-14	0.009724	0.006483	0.025122	-0.010535	0.12	460400.0
2014-10-13	-0.015163999999999999	-0.001596	0.007981	-0.01676	-0.19	464200.0
2014-10-10	-0.023383	-0.003897	0.003897	-0.024162	-0.3	441800.0
2014-10-09	-0.020611	-0.00229	-0.00229	-0.025190999999999998	-0.27	279800.0
2014-10-08	0.010023	-0.003084	0.013106999999999999	-0.008481	0.13	468400.0
2014-10-07	-0.009167	-0.006111999999999999	0.0015279999999999998	-0.011459	-0.12	382900.0
2014-10-06	-0.001526	0.0	0.0030510000000000003	-0.0030510000000000003	-0.02	412800.0
2014-10-03	0.0015279999999999998	0.010695	0.010695	0.0007639999999999999	0.02	596200.0
2014-10-02	0.009252	0.000771	0.013106999999999999	-0.000771	0.12	1294700.0
2014-10-01	-0.011433	0.0	0.0	-0.025914999999999997	-0.15	444600.0
2014-09-30	-0.005307	0.001516	0.009856	-0.009098	-0.07	429800.0
2014-09-29	0.0	-0.005307	0.010614	-0.009098	0.0	232000.0
2014-09-26	0.008409999999999999	-0.002294	0.011468	-0.0038229999999999996	0.11	284000.0
2014-09-25	-0.012085	0.001511	0.001511	-0.01435	-0.16	312000.0
2014-09-24	0.020817	0.0	0.024672	-0.006168	0.27	732900.0
2014-09-23	0.006987999999999999	-0.003882	0.011646	-0.003882	0.09	476800.0
2014-09-22	-0.013027	-0.002299	0.002299	-0.022989	-0.17	455100.0
2014-09-19	-0.008359	0.00228	0.018237	-0.008359	-0.11	1668900.0
2014-09-18	0.006886	0.0007650000000000001	0.017598	0.0007650000000000001	0.09	642200.0
2014-09-17	0.009266	0.003089	0.019305000000000003	-0.00695	0.12	594600.0
2014-09-16	0.003098	0.001549	0.008520999999999999	-0.004647999999999999	0.04	814800.0
2014-09-15	0.00702	0.00078	0.008579999999999999	-0.00312	0.09	495200.0
2014-09-12	-0.010039	-0.000772	0.000772	-0.019305000000000003	-0.13	2241600.0
2014-09-11	0.0	-0.003861	0.003861	-0.003861	0.0	300000.0
2014-09-10	0.0	0.000772	0.003861	-0.005405	0.0	322800.0
2014-09-09	0.004654999999999999	-0.0031030000000000003	0.007758	-0.012412999999999999	0.06	443800.0
2014-09-08	0.012569	-0.002357	0.013354	-0.002357	0.16	324100.0
2014-09-05	-0.010109	-0.004666	-0.004666	-0.01633	-0.13	148300.0
2014-09-04	0.00312	0.0039	0.010920000000000001	0.0	0.04	148200.0
2014-09-03	-0.006971	0.0038729999999999997	0.006971	-0.011618999999999999	-0.09	143100.0
2014-09-02	-0.003089	0.003089	0.003861	-0.006178	-0.04	271900.0
2014-08-29	0.001547	-0.00232	0.00464	-0.00232	0.02	375200.0
2014-08-28	0.0031030000000000003	-0.002327	0.008534	-0.006206000000000001	0.04	247200.0
2014-08-27	-0.0038640000000000002	0.000773	0.004637	-0.0077280000000000005	-0.05	249300.0
2014-08-26	-0.000772	0.003089	0.009266	-0.003861	-0.01	315900.0
2014-08-25	0.022907	0.007109000000000001	0.030016	0.00237	0.29	475000.0
2014-08-22	0.000791	-0.003953	0.008695999999999999	-0.006324000000000001	0.01	212200.0
2014-08-21	-0.002366	0.001577	0.003943	-0.010251999999999999	-0.03	182700.0
2014-08-20	0.003959000000000001	-0.003167	0.01346	-0.005542	0.05	316200.0
2014-08-19	0.002381	0.0	0.002381	-0.002381	0.03	262200.0
2014-08-18	-0.009434	0.002358	0.022012999999999998	-0.011006	-0.12	544400.0
2014-08-15	0.003946	0.008681999999999999	0.018941999999999997	-0.003946	0.05	398900.0
2014-08-14	-0.002362	0.000787	0.00315	-0.004724	-0.03	150400.0
2014-08-13	0.016	0.0032	0.0184	-0.0008	0.2	407700.0
2014-08-12	-0.0023940000000000003	-0.0023940000000000003	0.004789	-0.007183	-0.03	518500.0
2014-08-11	0.0	0.001596	0.008779	-0.003192	0.0	569100.0
2014-08-08	0.030427999999999997	0.006579000000000001	0.032072	-0.008223999999999999	0.37	1692900.0
2014-08-07	0.019278999999999998	0.002515	0.031852	-0.0008380000000000001	0.23	431900.0
2014-08-06	0.005055	-0.004212	0.014322	-0.004212	0.06	188400.0
2014-08-05	0.0050799999999999994	-0.005927	0.011854	-0.018628	0.06	324100.0
2014-08-04	0.00854	0.005978	0.010248	-0.010248	0.1	412900.0
2014-08-01	-0.0017050000000000001	0.0008529999999999999	0.011082999999999999	-0.01705	-0.02	284400.0
2014-07-31	-0.024125999999999998	-0.009983	0.0	-0.030782	-0.29	451500.0
2014-07-30	0.026473000000000003	0.00854	0.032451	0.005978	0.31	626600.0
2014-07-29	-0.002555	-0.000852	0.014480000000000002	-0.007666	-0.03	313400.0
2014-07-28	-0.008445999999999999	0.0	0.004222999999999999	-0.017736000000000002	-0.1	347200.0
2014-07-25	-0.0050420000000000005	-0.008403	0.0	-0.013444999999999999	-0.06	338500.0
2014-07-24	0.010187	0.000849	0.013581999999999999	-0.0042439999999999995	0.12	375000.0
2014-07-23	-0.000848	-0.001696	0.002545	-0.017812	-0.01	339300.0
2014-07-22	-0.001693	0.0025399999999999997	0.009314	-0.013548	-0.02	675600.0
2014-07-21	-0.008395999999999999	-0.0033590000000000004	-0.001679	-0.019312	-0.1	248600.0
2014-07-18	0.005063000000000001	-0.007595	0.011814	-0.008439	0.06	445700.0
2014-07-17	-0.014962999999999999	-0.003325	0.009975	-0.020781	-0.18	415700.0
2014-07-16	-0.006606	0.0057799999999999995	0.009909000000000001	-0.009909000000000001	-0.08	294700.0
2014-07-15	-0.017044999999999998	-0.002435	0.001623	-0.021915999999999998	-0.21	371400.0
2014-07-14	0.007359	0.005724	0.015536000000000001	-0.0016350000000000002	0.09	305100.0
2014-07-11	-0.027049	-0.003978	0.006364	-0.02864	-0.34	394600.0
2014-07-10	-0.004751	-0.017419	0.000792	-0.021378	-0.06	259200.0
2014-07-09	0.0	-0.000792	0.007918000000000001	-0.003959000000000001	0.0	241800.0
2014-07-08	-0.0015810000000000002	-0.004743	0.006324000000000001	-0.019763	-0.02	567800.0
2014-07-07	-0.01938	-0.007751999999999999	0.004651	-0.024806	-0.25	430500.0
2014-07-03	0.001553	0.0	0.00854	-0.001553	0.02	214800.0
2014-07-02	0.0	-0.000776	0.006987999999999999	-0.009317	0.0	409300.0
2014-07-01	0.014173	0.00315	0.02126	-0.000787	0.18	887000.0
2014-06-30	-0.002357	0.000786	0.003928	-0.01414	-0.03	740500.0
2014-06-27	-0.016229	-0.004637	0.004637	-0.016229	-0.21	4776100.0
2014-06-26	-0.012214000000000001	0.000763	0.000763	-0.016031	-0.16	636200.0
2014-06-25	0.0069180000000000005	-0.0069180000000000005	0.012298	-0.007686	0.09	1147100.0
2014-06-24	-0.007628	0.000763	0.004577	-0.011442	-0.1	900900.0
2014-06-23	0.011574	0.0	0.022377	-0.000772	0.15	1093000.0
2014-06-20	0.032669	0.006375	0.062948	-0.011155	0.41	6920800.0
2014-06-19	0.004804	-0.000801	0.020016	-0.000801	0.06	1042200.0
2014-06-18	0.0048270000000000006	-0.0048270000000000006	0.015286000000000001	-0.0048270000000000006	0.06	911800.0
2014-06-17	0.023888	0.0016469999999999998	0.031301	0.0016469999999999998	0.29	770400.0
2014-06-16	-0.0032840000000000005	-0.002463	0.01642	-0.007389	-0.04	963800.0
2014-06-13	-0.002457	0.005733	0.006552	-0.0040950000000000005	-0.03	585200.0
2014-06-12	-0.004078	-0.000816	0.004078	-0.016313	-0.05	1072300.0
2014-06-11	0.0	0.0	0.013866	-0.0016309999999999999	0.0	779400.0
2014-06-10	0.006568000000000001	0.0016420000000000002	0.021346	0.0008210000000000001	0.08	993200.0
2014-06-09	0.020101	0.00335	0.036012999999999996	-0.001675	0.24	1217400.0
2014-06-06	0.017036000000000003	0.005963	0.021294999999999998	0.002555	0.2	599700.0
2014-06-05	0.007725	0.000858	0.017166999999999998	0.0	0.09	385400.0
2014-06-04	-0.001714	-0.0042840000000000005	0.005141	-0.023993	-0.02	381100.0
2014-06-03	-0.0017109999999999998	0.0	0.004277	-0.00941	-0.02	245400.0
2014-06-02	-0.012669	-0.002534	-0.002534	-0.023649	-0.15	799400.0
2014-05-30	-0.008375	0.00335	0.009212999999999999	-0.011725	-0.1	786400.0
2014-05-29	-0.003339	0.006678	0.007513	-0.005007999999999999	-0.04	606200.0
2014-05-28	0.007568999999999999	-0.0016820000000000001	0.013456999999999998	-0.0042049999999999995	0.09	435200.0
2014-05-27	0.015371000000000001	0.007686	0.020495	0.005978	0.18	760400.0
2014-05-23	0.009483	0.0043100000000000005	0.014655000000000001	-0.0008619999999999999	0.11	301000.0
2014-05-22	-0.004292	-0.002575	0.0060090000000000005	-0.011159	-0.05	338700.0
2014-05-21	0.015693000000000002	-0.000872	0.019180000000000003	-0.001744	0.18	303500.0
2014-05-20	-0.024659999999999998	-0.005102000000000001	-0.00085	-0.038265	-0.29	371500.0
2014-05-19	-0.002545	-0.005937	0.000848	-0.012723	-0.03	294000.0
2014-05-16	0.035119	0.020193	0.04741	0.020193	0.400001	356500.0
2014-05-15	0.017406	0.039738	0.054029999999999995	0.028125	0.194867	442000.0
2014-05-14	-0.006914	0.029887	0.047629000000000005	0.014806999999999999	-0.077947	321600.0
2014-05-13	0.0	0.024565	0.048516000000000004	0.001501	0.0	340400.0
2014-05-12	0.0026	-0.040364	0.034343	-0.057262	0.029229	321300.0
2014-05-09	0.007859999999999999	0.022753	0.036199	0.021856999999999998	0.08769099999999999	197900.0
2014-05-08	0.00175	0.020950999999999997	0.032624	0.0065840000000000004	0.019486	241100.0
2014-05-07	-0.007812	0.024557	0.026338999999999998	-0.004843	-0.08769	246800.0
2014-05-06	-0.019575	0.021098	0.021098	-0.021703	-0.224098	558300.0
2014-05-05	-0.00085	0.021102000000000003	0.027212	0.017611	-0.009743	93800.0
2014-05-02	0.005988	0.029851	0.03863	0.017559	0.068205	125700.0
2014-05-01	0.002573	0.025459	0.03162	0.012255	0.029229	144200.0
2014-04-30	0.014796	0.020978999999999998	0.044204	0.013834	0.165638	161600.0
2014-04-29	0.003493	0.033510000000000005	0.042473000000000004	0.026338999999999998	0.038973	134300.0
2014-04-28	-0.012079000000000001	0.027224	0.035194	0.009514	-0.136407	227900.0
2014-04-25	-0.034970999999999995	0.021211	0.030612	-0.011262000000000001	-0.409222	464800.0
2014-04-24	0.000833	0.02976	0.030614999999999996	0.020352000000000002	0.009744	131700.0
2014-04-23	-0.008264	0.022098	0.025491	0.013616	-0.097434	181500.0
2014-04-22	0.003317	0.031445	0.045061000000000004	0.025488	0.038973	296300.0
2014-04-21	0.0	0.023786	0.039955000000000004	0.020382	0.0	110200.0
2014-04-17	-0.010664	0.022129	0.024655	0.0095	-0.126663	187800.0
2014-04-16	0.050862	0.034302	0.082964	0.034302	0.574858	487400.0
2014-04-15	-0.0025800000000000003	0.025456	0.043989	0.020161000000000002	-0.029230000000000003	292700.0
2014-04-14	-0.0068319999999999995	0.037732999999999996	0.037732999999999996	0.007056999999999999	-0.077947	222100.0
2014-04-11	-0.040164	0.016244	0.029704	-0.021613	-0.47742399999999996	246000.0
2014-04-10	0.017515	0.028907	0.06913899999999999	0.023771	0.20461	1964400.0
2014-04-09	-0.006628	0.026338999999999998	0.033992	0.008482	-0.077947	432400.0
2014-04-08	0.014286000000000002	0.030650999999999998	0.053076	0.030650999999999998	0.165638	214300.0
2014-04-07	-0.016529	0.019553	0.03058	0.00683	-0.194868	194100.0
2014-04-04	-0.021036000000000003	0.029660000000000002	0.041286	-0.000233	-0.253328	243900.0
2014-04-03	-0.005632	0.028816	0.034595999999999995	0.015605	-0.068204	135200.0
2014-04-02	0.002419	0.031305	0.03296	0.01889	0.029231	152000.0
2014-04-01	0.0139	0.0255	0.04648	0.020465	0.16563699999999998	359400.0
2014-03-31	0.022575	0.027197000000000002	0.068388	0.023763999999999997	0.263071	422400.0
2014-03-28	-0.020475	0.025498	0.041469	0.002803	-0.24358400000000002	273300.0
2014-03-27	0.001641	0.028865	0.038126	0.017077000000000002	0.019487	170900.0
2014-03-26	-0.012956	0.032987	0.037142	0.012211	-0.155895	157700.0
2014-03-25	-0.0008089999999999999	0.02883	0.041286	0.016374	-0.009743	254400.0
2014-03-24	-0.007229000000000001	0.035407	0.036231	0.0007830000000000001	-0.08769	500800.0
2014-03-21	-0.034884	0.035091000000000004	0.035091000000000004	-0.016624	-0.43845200000000006	3485800.0
2014-03-20	0.004673	0.027938	0.043924	0.02554	0.058460000000000005	347900.0
2014-03-19	-0.017598	0.022413	0.040474	-0.00036	-0.224097	478400.0
2014-03-18	0.005385	0.02476	0.038971	0.020023	0.068203	493300.0
2014-03-17	0.018011000000000003	0.034376	0.059290999999999996	0.027143	0.224097	349000.0
2014-03-14	-0.0039	0.021536000000000003	0.046353	0.017533	-0.048714999999999994	285900.0
2014-03-13	-0.006202	0.031113	0.035091000000000004	0.005653	-0.077948	390300.0
2014-03-12	0.013354	0.019083000000000003	0.041657	0.019083000000000003	0.165638	317900.0
2014-03-11	0.0184	0.027981	0.08052999999999999	0.027160000000000004	0.224097	716100.0
2014-03-10	0.053075	0.021151	0.088594	0.021151	0.613833	1488800.0
2014-03-07	0.023275999999999998	0.034302	0.053766999999999995	0.024569	0.26306999999999997	712700.0
2014-03-06	0.0131	0.024546000000000002	0.05322999999999999	0.017375	0.146151	251400.0
2014-03-05	-0.005213000000000001	0.022772	0.030797	0.010288	-0.058461	103000.0
2014-03-04	0.023111000000000003	0.038199000000000004	0.065568	0.029988	0.25332899999999997	269000.0
2014-03-03	-0.008811	0.021818	0.027243	0.004637	-0.097434	143000.0
2014-02-28	-0.008734	0.029924	0.034406	0.0048259999999999996	-0.097434	182500.0
2014-02-27	0.002627	0.021845	0.029934	0.017352	0.029230000000000003	132800.0
2014-02-26	0.001754	0.029939999999999998	0.047046	0.023638	0.019487	151300.0
2014-02-25	-0.008695999999999999	0.026338999999999998	0.034371	0.004027	-0.097434	123700.0
2014-02-24	0.015901	0.024526	0.049912	0.019992	0.17538099999999998	207800.0
2014-02-21	-0.004398	0.028144	0.038074000000000004	0.017312	-0.048717	104200.0
2014-02-20	0.017905	0.030933	0.046553	0.023582	0.194867	176000.0
2014-02-19	-0.025305	0.019174	0.028130000000000002	-0.005006	-0.282557	185000.0
2014-02-18	0.004382	0.02454	0.040731	0.017344	0.048716	223100.0
2014-02-14	-0.007826000000000001	0.027231	0.027231	0.002242	-0.08769	135000.0
2014-02-13	0.025869999999999997	0.021761000000000003	0.055637	0.016268	0.282558	112000.0
2014-02-12	-0.013203999999999999	0.030856	0.032663	0.009173	-0.14615	161100.0
2014-02-11	0.0035340000000000002	0.025432	0.037219	0.016366	0.038973	143500.0
2014-02-10	-0.013078	0.029918	0.029918	0.0039689999999999994	-0.146151	239500.0
2014-02-07	-0.006065999999999999	0.005883	0.027228	-0.010126000000000001	-0.068204	294700.0
2014-02-06	-0.006885	0.032522	0.04577	0.014856999999999999	-0.077946	207700.0
2014-02-05	-0.001718	0.022812	0.033393	0.013994999999999999	-0.019488	168400.0
2014-02-04	-0.009362	0.028959	0.036821	0.01411	-0.107177	130200.0
2014-02-03	-0.010943000000000001	0.026338999999999998	0.036706	0.007333	-0.126663	374200.0
2014-01-31	-0.005025	0.009147	0.028058	-0.010623	-0.058460000000000005	212300.0
2014-01-30	0.076646	0.030966000000000004	0.11055599999999999	0.030966000000000004	0.8281860000000001	1073100.0
2014-01-29	-0.023768	0.020918	0.035374	0.000138	-0.26306999999999997	135300.0
2014-01-28	0.015191999999999999	0.031842	0.042848000000000004	0.017166999999999998	0.16563699999999998	149100.0
2014-01-27	-0.011484000000000001	0.031779	0.048099	0.012739	-0.126664	171900.0
2014-01-24	-0.011354000000000001	0.020064	0.033510000000000005	-0.002345	-0.126664	226900.0
2014-01-23	0.0035060000000000004	0.02364	0.04343	0.02364	0.038973	500500.0
2014-01-22	0.009734999999999999	0.032697000000000004	0.047229	0.021797999999999998	0.107177	247000.0
2014-01-21	-0.002648	0.03268	0.035397000000000005	0.015469	-0.029230000000000003	135300.0
2014-01-17	0.003543	0.029975	0.034520999999999996	0.022703	0.038974	181800.0
2014-01-16	-0.006162	0.021822	0.030856	0.00827	-0.068203	138700.0
2014-01-15	-0.012173999999999999	0.026338999999999998	0.035264	0.00492	-0.136408	133700.0
2014-01-14	-0.000869	0.029906	0.034364	0.012072	-0.009744	120000.0
2014-01-13	-0.010318	0.028986	0.040458999999999995	0.0060420000000000005	-0.11692000000000001	152500.0
2014-01-10	-0.003428	0.029856999999999998	0.042169	0.002593	-0.038973	137800.0
2014-01-09	0.01039	0.035225	0.055663	0.029893	0.11692000000000001	92900.0
2014-01-08	-0.017021	0.028086	0.028086	-0.004233	-0.194868	226400.0
2014-01-07	-0.00085	0.026338999999999998	0.03943	0.022848	-0.009743	163200.0
2014-01-06	-0.008431999999999999	0.028069999999999998	0.038454	0.012493	-0.097433	142700.0
2014-01-03	-0.010842000000000001	0.031475	0.031475	0.011787	-0.126664	80600.0
2014-01-02	0.011814	0.026338999999999998	0.039330000000000004	0.024607	0.136406	167100.0
2013-12-31	0.005942	0.028952999999999996	0.039408	0.022854	0.068205	162700.0
2013-12-30	-0.005907	0.028937	0.035866	0.017678	-0.068205	99600.0
2013-12-27	0.003387	0.024600999999999998	0.038505000000000005	0.021125	0.038974	99600.0
2013-12-26	0.016350999999999997	0.028105	0.04842	0.028105	0.185125	95800.0
2013-12-24	0.009557	0.030797	0.048631	0.020097	0.107176	110500.0
2013-12-23	0.013203999999999999	0.035374	0.045312	0.022725	0.146152	144700.0
2013-12-20	0.007986	0.02816	0.043642	0.024516999999999997	0.087689	252700.0
2013-12-19	-0.000886	0.025429	0.042717000000000005	0.024519	-0.009742	94700.0
2013-12-18	0.017131999999999998	0.030966000000000004	0.051326	0.012457	0.185123	172500.0
2013-12-17	-0.008936	0.029091000000000002	0.037344999999999996	0.007995	-0.097433	150800.0
2013-12-16	0.007201000000000001	0.029110000000000004	0.056824	0.029110000000000004	0.077947	176900.0
2013-12-13	0.016468	0.031973	0.057326	0.031973	0.17538	219600.0
2013-12-12	-0.02758	-0.008359	0.029991000000000004	-0.029361	-0.302045	253400.0
2013-12-11	-0.007067	0.029966000000000003	0.032686	0.010019	-0.077946	137400.0
2013-12-10	-0.017361	0.026338999999999998	0.028120999999999997	0.00852	-0.194868	131500.0
2013-12-09	-0.0068969999999999995	0.032532	0.036956	0.016606	-0.077947	206400.0
2013-12-06	-0.011082999999999999	0.032464	0.038589	0.00534	-0.126663	218000.0
2013-12-05	-0.010126999999999999	0.026338999999999998	0.028937	0.010749	-0.116922	136000.0
2013-12-04	0.002538	0.020261	0.041968	0.007236	0.029231	829800.0
2013-12-03	0.005102000000000001	0.024593	0.035066	0.0036479999999999998	0.058460000000000005	307300.0
2013-12-02	-0.02	0.026338999999999998	0.026338999999999998	-0.010438	-0.23384000000000002	178800.0
2013-11-29	0.0	0.034036000000000004	0.038313	0.011798999999999999	0.0	182900.0
2013-11-27	0.040763	0.029899000000000002	0.068176	0.020998	0.457938	348600.0
2013-11-26	0.039675	0.024488	0.06891	0.019861	0.428708	208200.0
2013-11-25	-0.031441000000000004	0.026338999999999998	0.048748	-0.008619	-0.350761	219400.0
2013-11-22	0.0	0.025443	0.035302999999999994	-0.0032409999999999995	0.0	364900.0
2013-11-21	0.039964	0.032864	0.08040599999999999	0.032864	0.428708	222000.0
2013-11-20	-0.022202	0.031807999999999996	0.031807999999999996	-0.002829	-0.24358400000000002	154800.0
2013-11-19	-0.0053	0.029058999999999998	0.042658999999999996	0.013646	-0.058460000000000005	131000.0
2013-11-18	-0.007888	0.026338999999999998	0.040731	0.010148	-0.08769099999999999	98200.0
2013-11-15	0.011525	0.030888	0.057275	0.030888	0.126665	188200.0
2013-11-14	0.021738999999999998	0.02355	0.052369000000000006	0.02355	0.233841	128600.0
2013-11-13	-0.0009050000000000001	0.021695	0.033769	0.018908	-0.009744	338900.0
2013-11-12	-0.0054009999999999996	0.025415	0.032806	0.008787	-0.058460000000000005	89500.0
2013-11-11	0.012762	0.027274	0.045986	0.016983	0.136406	180600.0
2013-11-08	0.040797	0.026338999999999998	0.07210499999999999	0.025365000000000002	0.418966	169000.0
2013-11-07	-0.011257	0.033077999999999996	0.033077999999999996	0.007083	-0.116921	100300.0
2013-11-06	0.002822	0.031166000000000003	0.041787	0.009925	0.029230000000000003	156000.0
2013-11-05	-0.018466999999999997	0.023496	0.034868	0.004542	-0.194867	140600.0
2013-11-04	0.015947	0.035967	0.045595	0.032116000000000006	0.16563699999999998	135000.0
2013-11-01	-0.02112	0.021627	0.026338999999999998	-0.015128999999999998	-0.224098	186400.0
2013-10-31	0.0	0.027281	0.037648	0.014087	0.0	164400.0
2013-10-30	-0.002747	0.030098000000000003	0.033858	0.010361	-0.029230000000000003	169500.0
2013-10-29	0.020561000000000003	0.026338999999999998	0.047441000000000004	0.026338999999999998	0.21435500000000002	167100.0
2013-10-28	-0.015639	0.030116000000000004	0.032948000000000005	-0.0010429999999999999	-0.16563699999999998	237800.0
2013-10-25	-0.004579	0.031978	0.031978	0.015059999999999999	-0.048718	82200.0
2013-10-24	0.027281	0.025373	0.064959	0.025373	0.282558	245700.0
2013-10-23	0.000942	0.018608	0.039869	0.018608	0.009744	103300.0
2013-10-22	-0.002817	0.033085	0.046577	0.012846999999999999	-0.029230000000000003	112900.0
2013-10-21	0.004717	0.030212	0.041831	0.022466	0.048716	151800.0
2013-10-18	0.012416	0.036142	0.043003	0.028299	0.126664	164000.0
2013-10-17	0.012573	0.017406	0.039243	0.017406	0.126664	123900.0
2013-10-16	-0.00193	0.030302	0.038227	0.016432	-0.019486	97500.0
2013-10-15	-0.007663	0.022407	0.035187	0.0017620000000000001	-0.077947	154400.0
2013-10-14	0.002882	0.019438	0.036198	0.010564	0.029230000000000003	96000.0
2013-10-11	0.031714	0.022269999999999998	0.060923000000000005	0.018201	0.311787	152300.0
2013-10-10	0.019191999999999997	0.040853	0.047073000000000004	0.023229	0.185125	169300.0
2013-10-09	-0.018831	0.028373000000000002	0.041597	-0.012314	-0.185125	333400.0
2013-10-08	-0.015609999999999999	0.026338999999999998	0.029343	-0.006704000000000001	-0.155894	421700.0
2013-10-07	-0.012523999999999999	0.016451	0.044137	-0.0023350000000000003	-0.126664	285800.0
2013-10-04	-0.013308	0.024388	0.027313999999999998	0.004875	-0.136407	390300.0
2013-10-03	-0.005671	0.027308999999999996	0.027308999999999996	-0.028955	-0.058460000000000005	417800.0
2013-10-02	-0.009363	0.022494999999999998	0.031143999999999998	0.002314	-0.097434	244300.0
2013-10-01	0.029894	0.02139	0.061969	0.015452	0.302045	270300.0
2013-09-30	0.030815	0.035521	0.071228	0.007975	0.302044	419000.0
2013-09-27	0.004995	0.020187	0.035567	0.015059999999999999	0.048717	180700.0
2013-09-26	-0.000998	0.03146	0.042727999999999995	0.019169	-0.009743	110000.0
2013-09-25	-0.01378	0.029369	0.045531999999999996	0.011186	-0.136407	114100.0
2013-09-24	-0.015503999999999999	0.02435	0.027333	0.00446	-0.155894	190100.0
2013-09-23	0.027888	0.02225	0.064162	0.02225	0.272814	201400.0
2013-09-20	-0.015686000000000002	0.032376	0.03942	0.01024	-0.155893	665900.0
2013-09-19	-0.007781999999999999	0.02534	0.026338999999999998	0.012361	-0.077948	595200.0
2013-09-18	0.009823	0.023313999999999998	0.043477999999999996	0.015249	0.097433	362400.0
2013-09-17	-0.004887	0.027342	0.027342	0.011290000000000001	-0.048714999999999994	319900.0
2013-09-16	0.028141000000000003	0.035622	0.06141	0.030465	0.272813	467400.0
2013-09-13	0.0030239999999999998	0.032547	0.032547	0.02427	0.029231	173900.0
2013-09-12	-0.007006999999999999	0.026338999999999998	0.029421	0.017093	-0.068203	287500.0
2013-09-11	0.009091	0.026338999999999998	0.04189	0.025302	0.08769	379100.0
2013-09-10	-0.001009	0.029445999999999996	0.044981	0.021161000000000003	-0.009744	196800.0
2013-09-09	0.005071	0.02738	0.039871	0.025297999999999998	0.048717	256400.0
2013-09-06	0.038988	0.033908999999999995	0.090147	0.018768	0.360505	599600.0
2013-09-05	-0.01556	0.028468	0.043373	-0.003472	-0.146152	277100.0
2013-09-04	0.015806	0.02742	0.054458000000000006	0.02742	0.146152	1148600.0
2013-09-03	0.032644	0.038624	0.093347	0.038624	0.29230100000000003	270300.0
2013-08-30	0.012115	0.022948	0.061378999999999996	0.020687	0.107177	265800.0
2013-08-29	0.05951	0.027537	0.089811	0.027537	0.49691199999999996	167100.0
2013-08-28	-0.017202000000000002	0.022808000000000002	0.026338999999999998	-0.0019089999999999999	-0.146152	138300.0
2013-08-27	-0.031111	0.017216	0.038883	-0.005592	-0.272813	110400.0
2013-08-26	-0.017467	0.025218	0.027458999999999997	-0.015118000000000001	-0.155894	136600.0
2013-08-23	-0.015054	0.026338999999999998	0.027442	0.004267	-0.136408	111000.0
2013-08-22	0.031042	0.025200999999999998	0.071853	0.025200999999999998	0.272814	157300.0
2013-08-21	-0.016358	0.02522	0.028576999999999998	0.0028350000000000003	-0.146149	125700.0
2013-08-20	0.024581	0.042393	0.053861	0.027486	0.214354	163100.0
2013-08-19	0.028736	0.047574	0.07234700000000001	0.041675	0.24358400000000002	211800.0
2013-08-16	-0.032257999999999995	0.027481000000000002	0.03433	-0.011335	-0.282558	350300.0
2013-08-15	-0.012088	0.019572	0.024083	0.003782	-0.107177	204600.0
2013-08-14	-0.01087	0.025223	0.028569999999999998	-0.002666	-0.097434	198900.0
2013-08-13	-0.005405	0.025228999999999998	0.035214999999999996	0.014134	-0.048717	130300.0
2013-08-12	0.034676	0.016007	0.065372	0.014859	0.302045	237800.0
2013-08-09	0.054245	0.032389999999999995	0.09411599999999999	0.032389999999999995	0.44819499999999995	378400.0
2013-08-08	0.016787	0.031261000000000004	0.047258999999999995	0.010341	0.136407	130800.0
2013-08-07	-0.025700999999999998	0.019145	0.019145	-0.015625999999999998	-0.214354	239800.0
2013-08-06	0.064677	0.026338999999999998	0.09527200000000001	0.026338999999999998	0.506655	384400.0
2013-08-05	0.005	0.026338999999999998	0.036601999999999996	0.025056000000000002	0.038974	53400.0
2013-08-02	-0.0012490000000000001	0.021214	0.031464	0.019932	-0.009744	105900.0
2013-08-01	0.006281	0.034075	0.036654	0.02505	0.048717	217200.0
2013-07-31	-0.00995	0.027614999999999997	0.033998	0.013572999999999998	-0.077947	132600.0
2013-07-30	0.0037450000000000005	0.032744999999999996	0.035308	0.012244	0.029230000000000003	187000.0
2013-07-29	-0.0037310000000000004	0.019956	0.027614999999999997	0.01485	-0.029230000000000003	210100.0
2013-07-26	-0.00495	0.016177	0.03142	0.014907	-0.038973	222800.0
2013-07-25	0.015075	0.021181000000000002	0.052126	0.021181000000000002	0.11692000000000001	273000.0
2013-07-24	0.00505	0.036706	0.036706	0.019859	0.038973	238500.0
2013-07-23	-0.01	0.032754000000000005	0.034036000000000004	0.009661	-0.077946	323400.0
2013-07-22	0.0	0.025056000000000002	0.032754000000000005	0.008378	0.0	121300.0
2013-07-19	0.002506	0.027625	0.037913999999999996	0.01605	0.019487	230200.0
2013-07-18	0.003774	0.027630000000000002	0.049576999999999996	0.006973999999999999	0.029230000000000003	363800.0
2013-07-17	0.0063289999999999996	0.030236000000000002	0.039330000000000004	0.017245	0.048716	144700.0
2013-07-16	-0.018633	0.025064	0.025064	-0.006809999999999999	-0.14615	266400.0
2013-07-15	0.024173	0.025033	0.056372000000000005	0.025033	0.185124	249900.0
2013-07-12	0.018135	0.022351	0.04894	0.019691999999999998	0.136407	223600.0
2013-07-11	0.021164	0.039915	0.06299400000000001	0.031769	0.155894	174700.0
2013-07-10	0.002653	0.0277	0.037228	0.022255	0.019487	191200.0
2013-07-09	-0.006587999999999999	0.031748	0.042566	0.012816999999999999	-0.048717	233300.0
2013-07-08	0.007968000000000001	0.034517	0.039969	0.016798	0.058460000000000005	167100.0
2013-07-05	-0.006595999999999999	0.041233	0.041233	0.010091	-0.048717	160700.0
2013-07-03	0.0013210000000000001	0.01956	0.031762	-0.002133	0.009744	373600.0
2013-07-02	-0.036896	0.02895	0.034174	-0.023281	-0.282558	272500.0
2013-07-01	0.04244	0.034506	0.078064	0.034506	0.311788	289200.0
2013-06-28	0.003995	0.022239	0.041372000000000006	0.0044729999999999995	0.029230000000000003	1079600.0
2013-06-27	0.004011	0.035944	0.040060000000000005	0.026338999999999998	0.029230000000000003	202500.0
2013-06-26	0.005376	0.034616	0.048411	0.016682	0.038973	176800.0
2013-06-25	0.005405	0.036048000000000004	0.040208	0.016630000000000002	0.038974	294100.0
2013-06-24	-0.021164	0.00869	0.033127	0.001902	-0.155894	315200.0
2013-06-21	-0.009174	0.026338999999999998	0.030374	-0.00998	-0.068204	569100.0
2013-06-20	-0.052174	0.012314	0.026338999999999998	-0.032309	-0.409221	842800.0
2013-06-19	-0.024242	0.028827	0.032559	-0.008494	-0.194867	362600.0
2013-06-18	0.0	0.030070999999999997	0.040023	0.020119	0.0	219500.0
2013-06-17	0.004872	0.03634	0.047591	0.013838	0.038973	376600.0
2013-06-14	-0.00243	0.020104	0.027586000000000003	0.001398	-0.019486	356400.0
2013-06-13	0.004884	0.027592000000000002	0.040124	0.022579	0.038973	264400.0
2013-06-12	-0.022673	0.036137	0.04471	0.003069	-0.185125	201900.0
2013-06-11	-0.008284	0.015406999999999999	0.02391	0.00812	-0.068203	133100.0
2013-06-10	-0.004711	0.033592000000000004	0.033592000000000004	0.009415	-0.038973	372400.0
2013-06-07	0.003546	0.037257	0.04211	0.020273	0.029230000000000003	202700.0
2013-06-06	0.009545999999999999	0.028788	0.043485	0.014091	0.077946	346100.0
2013-06-05	-0.012956	0.027548000000000003	0.045681	0.013041	-0.107176	258800.0
2013-06-04	0.009512	0.036101999999999995	0.048306	0.026338999999999998	0.077946	443500.0
2013-06-03	-0.024362	0.027529	0.035864	-0.027239999999999997	-0.204611	419500.0
2013-05-31	-0.034714	0.019443000000000002	0.020592	-0.009290000000000001	-0.302044	260000.0
2013-05-30	0.021738999999999998	0.031036	0.049825	0.02399	0.185125	144100.0
2013-05-29	-0.025641000000000004	0.017185	0.018330000000000003	-0.006843000000000001	-0.224098	102100.0
2013-05-28	0.028669999999999998	0.042817	0.06871100000000001	0.038109	0.243583	124200.0
2013-05-24	0.015134	0.02156	0.044261	0.010806	0.126665	73300.0
2013-05-23	-0.022753	0.01583	0.021668	0.000651	-0.194868	216400.0
2013-05-22	-0.012359	0.024033000000000002	0.052862	0.009041	-0.107176	273300.0
2013-05-21	-0.005587	0.026338999999999998	0.032073000000000004	-3.6e-05	-0.048717	200100.0
2013-05-20	-0.025055	0.022985	0.112426	-0.009438	-0.224098	901400.0
2013-05-17	0.001091	0.029697	0.037531	0.02522	0.009744	240000.0
2013-05-16	-0.003261	0.019645	0.027454000000000003	0.004027	-0.029231	280100.0
2013-05-15	-0.002169	0.020773	0.028564999999999997	0.018547	-0.019487	205500.0
2013-05-14	0.00655	0.008412000000000001	0.033062	0.008412000000000001	0.058461	154500.0
2013-05-13	-0.006508	0.020773	0.026338999999999998	0.008528	-0.058461	100800.0
2013-05-10	-0.00432	0.028556	0.028556	0.016364	-0.038973	119200.0
2013-05-09	-0.007503	0.019739	0.026338999999999998	-0.014362999999999999	-0.068204	300400.0
2013-05-08	-0.014784	0.026338999999999998	0.035009	0.002496	-0.136407	99500.0
2013-05-07	0.039517000000000004	0.028592000000000003	0.07027699999999999	0.022959	0.35076199999999996	99600.0
2013-05-06	0.007743000000000001	0.029744999999999997	0.037692	0.021797999999999998	0.068203	83600.0
2013-05-03	0.005562	0.033188999999999996	0.046889	0.027481000000000002	0.048717	126200.0
2013-05-02	0.027429000000000002	0.031031	0.061528	0.031031	0.233841	139400.0
2013-05-01	-0.032080000000000004	0.021797999999999998	0.021797999999999998	-0.006586	-0.282558	266600.0
2013-04-30	0.016873	0.032111	0.060973	0.029802	0.14615	350900.0
2013-04-29	0.004520000000000001	0.029818	0.032137	0.013581999999999999	0.038974	126900.0
2013-04-26	-0.001129	0.025181	0.027497000000000004	0.020547	-0.009743	108800.0
2013-04-25	0.006818	0.028671	0.033337	0.025172999999999997	0.058460000000000005	159000.0
2013-04-24	-0.010124	0.025184	0.025184	0.014794	-0.08769099999999999	170000.0
2013-04-23	0.031323000000000004	0.034673	0.062058	0.022767	0.263071	221200.0
2013-04-22	0.012925999999999998	0.023927	0.044429	0.0010119999999999999	0.107177	134100.0
2013-04-19	0.0011769999999999999	0.025131	0.029961	0.014263999999999999	0.009744	139900.0
2013-04-18	0.0	0.025131	0.034791	0.003397	0.0	339600.0
2013-04-17	-0.019608	0.016869	0.016869	0.000296	-0.16563699999999998	317600.0
2013-04-16	0.022406	0.033601	0.055386000000000005	0.025129	0.185124	249100.0
2013-04-15	-0.035267	0.020501	0.027506	-0.012193	-0.302045	403400.0
2013-04-12	0.009184999999999999	0.023982	0.044014	0.019269	0.077947	202500.0
2013-04-11	0.017523	0.023941	0.06350800000000001	0.009553	0.146151	280100.0
2013-04-10	0.019048	0.031226	0.051997	0.023895	0.155894	306000.0
2013-04-09	-0.007092	0.027551999999999997	0.029977999999999998	0.0032890000000000003	-0.058460000000000005	426000.0
2013-04-08	0.032967	0.025086	0.061426999999999995	0.01882	0.263071	276900.0
2013-04-05	-0.009674	0.015169	0.022616	0.002759	-0.077948	143200.0
2013-04-04	0.013481	0.023823	0.043948	0.022566	0.107178	68400.0
2013-04-03	-0.023923	0.025111	0.03125	-0.006808	-0.194867	192400.0
2013-04-02	0.027027	0.031382	0.05786	0.0276	0.21435300000000002	1153800.0
2013-04-01	-0.014528	0.032552	0.032552	-0.010937	-0.11692000000000001	346600.0
2013-03-28	0.01599	0.028863999999999997	0.051587	0.020027	0.126664	270800.0
2013-03-27	-0.006113	0.018811	0.02132	0.005009	-0.048718	250900.0
2013-03-26	0.0	0.026338999999999998	0.035122	0.018811	0.0	182800.0
2013-03-25	-0.015643999999999998	0.020163	0.030044	-0.010713	-0.126664	255100.0
2013-03-22	0.019632	0.028857999999999998	0.046488	0.018783	0.155896	310800.0
2013-03-21	-0.0012259999999999999	0.02005	0.032628	0.009988	-0.009744	180900.0
2013-03-20	0.001227	0.028857999999999998	0.05404400000000001	0.022561	0.009744	274000.0
2013-03-19	-0.008516	0.030085	0.037576	0.002616	-0.068204	200500.0
2013-03-18	0.014815	0.014934999999999999	0.046612	0.014934999999999999	0.11692000000000001	174100.0
2013-03-15	-0.018182	0.027583	0.028827	0.001458	-0.14615	396600.0
2013-03-14	-0.023669	0.028768000000000002	0.028768000000000002	-0.008884999999999999	-0.194868	265600.0
2013-03-13	0.001185	0.029987	0.037283	0.021475	0.009744	155000.0
2013-03-12	-0.008226	0.026338999999999998	0.026338999999999998	0.00463	-0.068205	268900.0
2013-03-11	-0.009313	0.025144	0.027533999999999996	0.014391	-0.077946	193800.0
2013-03-08	0.005855	0.03355	0.038357	0.027541000000000003	0.048717	315100.0
2013-03-07	0.004706	0.031169	0.035999	0.025131	0.038973	273700.0
2013-03-06	0.0	0.029961	0.045658	0.022716999999999998	0.0	287400.0
2013-03-05	0.001178	0.033592000000000004	0.037219	0.026338999999999998	0.009744	885200.0
2013-03-04	-0.0011769999999999999	0.023924	0.033583999999999996	0.017887	-0.009744	321500.0
2013-03-01	-0.008168	0.019153	0.023944	0.01077	-0.068203	879100.0
2013-02-28	0.003513	0.025137	0.038357	0.023934999999999998	0.029230000000000003	383600.0
2013-02-27	0.005889	0.027548000000000003	0.040846	0.023921	0.048717	608100.0
2013-02-26	-0.0046890000000000005	0.029949	0.033558	0.01551	-0.038973	398600.0
2013-02-25	-0.003505	0.033533	0.047921	0.021543	-0.029231	498600.0
2013-02-22	0.01182	0.037257	0.039684	0.028765	0.097434	322200.0
2013-02-21	-0.015134	0.026338999999999998	0.027533999999999996	0.004832	-0.126664	293000.0
2013-02-20	-0.001163	0.028725999999999998	0.032306	0.023952	-0.009744	626400.0
2013-02-19	0.018956999999999998	0.025123	0.049444	0.025123	0.155895	385600.0
2013-02-15	0.00716	0.034912	0.053283000000000004	0.031238	0.058459000000000004	327000.0
2013-02-14	-0.0059310000000000005	0.027556	0.033644	0.017817	-0.048716	161500.0
2013-02-13	0.012005	0.036196	0.04482	0.021411000000000003	0.097434	502300.0
2013-02-12	-0.009512999999999999	0.034881	0.037322	0.012915000000000001	-0.077948	346500.0
2013-02-11	-0.008255	0.025129	0.026338999999999998	0.008184	-0.068203	367800.0
2013-02-08	0.001181	0.028762	0.033609	0.022704	0.009743	202000.0
2013-02-07	-0.001179	0.02876	0.02876	0.009395	-0.009743	303000.0
2013-02-06	0.002364	0.01906	0.029977999999999998	0.01542	0.019487	136100.0
2013-02-05	0.01805	0.034983999999999994	0.0461	0.026338999999999998	0.146149	243200.0
2013-02-04	0.006053	0.025096	0.037522	0.022611000000000003	0.048718	377300.0
2013-02-01	0.007317000000000001	0.033849000000000004	0.041359	0.016326	0.058461	360400.0
2013-01-31	-0.002433	0.031333	0.031333	0.012604	-0.019487	224900.0
2013-01-30	-0.002427	0.025093	0.030076	0.020111	-0.019487	259800.0
2013-01-29	0.0	0.026338999999999998	0.027583999999999997	0.023847999999999998	0.0	246000.0
2013-01-28	0.014778	0.031395	0.041506	0.023811000000000002	0.11692000000000001	343800.0
2013-01-25	0.00995	0.033998	0.040381	0.025062	0.077947	205500.0
2013-01-24	0.0037450000000000005	0.028901	0.048121	0.022494999999999998	0.029230000000000003	580200.0
2013-01-23	0.033548	0.048852	0.075338	0.043555	0.253328	592900.0
2013-01-22	0.003886	0.030327	0.034316	0.021021	0.029230000000000003	410800.0
2013-01-18	0.007833	0.033038	0.034378	0.020978999999999998	0.058460000000000005	354100.0
2013-01-17	-0.010336	0.027665	0.031643	0.011753	-0.077946	178700.0
2013-01-16	0.006502	0.025004	0.033012	0.014327000000000001	0.048716	153200.0
2013-01-15	-0.001299	0.017009	0.031671	0.015676	-0.009743	179000.0
2013-01-14	0.015831	0.029047000000000003	0.045295	0.019569	0.11692000000000001	327100.0
2013-01-11	-0.015584	0.031671	0.031671	0.007678	-0.11692000000000001	350900.0
2013-01-10	0.0039109999999999995	0.030352999999999998	0.043733999999999995	0.01831	0.029230000000000003	675400.0
2013-01-09	-0.002601	0.031677	0.031677	0.011658	-0.019487	341000.0
2013-01-08	0.018543	0.02362	0.048089	0.011386	0.136407	378100.0
2013-01-07	-0.022021000000000002	0.026338999999999998	0.026338999999999998	0.0037380000000000004	-0.16563699999999998	200800.0
2013-01-04	0.00915	0.033047	0.037072	0.023656	0.068203	285600.0
2013-01-03	-0.011628	0.031643	0.035621	0.014405000000000001	-0.087689	310900.0
2013-01-02	0.006502	0.054366	0.054366	0.019666	0.048716	520800.0
2012-12-31	0.025333	0.018128000000000002	0.053708000000000006	0.01676	0.185124	390000.0
2012-12-28	0.004016	0.019469	0.040077999999999996	0.016721	0.029231	208600.0
2012-12-27	0.006737999999999999	0.030488	0.033255	0.005591	0.048716	512500.0
2012-12-26	-0.009346	0.03045	0.03045	0.011266	-0.068203	225500.0
2012-12-24	-0.005312	0.02225	0.033154	0.015434999999999999	-0.038974	152500.0
2012-12-21	0.00133	0.023609	0.027704000000000003	0.016784999999999998	0.009744	966100.0
2012-12-20	0.001332	0.026338999999999998	0.035905	0.024972	0.009743	557400.0
2012-12-19	0.0	0.027706	0.040005	0.024972	0.0	836200.0
2012-12-18	-0.002656	0.027701999999999997	0.027701999999999997	0.02225	-0.019487	702200.0
2012-12-17	0.00133	0.030432999999999998	0.037257	0.023609	0.009744	830800.0
2012-12-14	0.002667	0.031813	0.045497	0.026338999999999998	0.019486	1374900.0
2012-12-13	-0.26614499999999996	-0.230748	-0.21267199999999997	-0.24681599999999998	-2.650197	9474400.0
2012-12-12	-0.035849	0.029244	0.032148	-0.016263999999999997	-0.370248	217200.0
2012-12-11	0.098446	0.02953	0.127377	0.02953	0.9256209999999999	202300.0
2012-12-10	0.050054	0.026338999999999998	0.079945	0.016288	0.44819499999999995	99500.0
2012-12-07	0.01323	0.034260000000000006	0.041049	0.015022999999999998	0.116921	94900.0
2012-12-06	0.022548	0.029810000000000003	0.058737	0.012454	0.194867	194900.0
2012-12-05	0.024249	0.03345	0.059523	0.027524	0.204611	98000.0
2012-12-04	0.01524	0.022729	0.050402999999999996	0.01551	0.126664	129500.0
2012-12-03	-0.002339	0.017936	0.029939999999999998	-0.019275999999999998	-0.019488	74700.0
2012-11-30	0.0035210000000000003	0.023929	0.029952999999999997	0.004656	0.029229	75600.0
2012-11-29	0.014286000000000002	0.037335	0.058107000000000006	0.001902	0.116922	50700.0
2012-11-28	-0.0035590000000000005	0.019034	0.040949	-0.021143000000000002	-0.029230000000000003	34400.0
2012-11-27	-0.031034	0.02162	0.026338999999999998	-0.012591	-0.263071	126100.0
2012-11-26	0.015169	0.021549000000000002	0.043105000000000004	-0.015577	0.126664	95100.0
2012-11-23	0.046398	0.031352	0.081478	0.031352	0.370248	43900.0
2012-11-21	0.0	0.033858	0.035111	0.002529	0.0	27200.0
2012-11-20	-0.00365	0.010107	0.03383	-0.039836	-0.029230000000000003	119700.0
2012-11-19	0.019851	0.040346	0.054353	0.018699	0.155893	96500.0
2012-11-16	-0.003708	0.031412999999999996	0.06059199999999999	0.008578	-0.029230000000000003	131600.0
2012-11-15	-0.049354	0.022721	0.037193000000000004	-0.030345	-0.409222	137600.0
2012-11-14	-0.061742	0.030864999999999997	0.041049	-0.051739999999999994	-0.5456270000000001	96400.0
2012-11-13	0.026018	0.018212	0.058847000000000003	0.007763	0.224097	34200.0
2012-11-12	0.061225	0.052213	0.092872	0.052213	0.49691199999999996	83800.0
2012-11-09	-0.003589	0.017745	0.038616000000000004	-0.006808	-0.029230000000000003	95000.0
2012-11-08	-0.015312000000000001	0.022712	0.048099	0.009415	-0.126664	72100.0
2012-11-07	-0.072131	0.010634999999999999	0.014	-0.07797799999999999	-0.643063	114800.0
2012-11-06	0.036239999999999994	0.032151	0.08329299999999999	0.024013999999999997	0.311788	81100.0
2012-11-05	0.041274	0.02876	0.073541	0.02876	0.341018	40500.0
2012-11-02	-0.025287	0.033417	0.047574	-0.020849	-0.214354	95600.0
2012-11-01	-0.005714	0.025166	0.052144	0.00288	-0.048717	68200.0
2012-10-31	0.013905	0.029907	0.044177999999999995	0.010878	0.116921	54500.0
2012-10-26	-0.001157	0.028714999999999997	0.033466	0.010896	-0.009744	17800.0
2012-10-25	0.00232	0.037055000000000005	0.054914	0.015623	0.019486	47100.0
2012-10-24	-0.029279000000000003	0.032118	0.037897	-0.008334999999999999	-0.253327	43000.0
2012-10-23	0.013699000000000001	0.014622999999999999	0.052114999999999995	0.002907	0.116921	58100.0
2012-10-22	-0.005676	0.027504	0.043813	0.013524000000000001	-0.048718	40500.0
2012-10-19	-0.057754	0.018655	0.025241	-0.038425	-0.526142	137700.0
2012-10-18	-0.010582	0.024166999999999998	0.028511	0.007876000000000001	-0.097433	65200.0
2012-10-17	-0.001057	0.026338999999999998	0.043698	0.005725	-0.009744	98200.0
2012-10-16	-0.009424	0.033862	0.033862	0.012368	-0.08769	59500.0
2012-10-15	-0.020513	0.028444	0.029497000000000002	-0.006293	-0.194867	121500.0
2012-10-12	0.004118999999999999	0.026338999999999998	0.031624	0.006256	0.038973	97300.0
2012-10-11	0.046336	0.035187	0.082743	0.032975	0.418966	227700.0
2012-10-10	0.029967	0.030895	0.075321	0.028617	0.26306999999999997	153900.0
2012-10-09	0.025028	0.03568	0.068373	0.01116	0.214354	163800.0
2012-10-08	-0.030871	0.01955	0.01955	-0.034766000000000005	-0.272813	76500.0
2012-10-05	0.006659	0.026338999999999998	0.043426	0.017225999999999998	0.058459000000000004	67900.0
2012-10-04	0.025028	0.032177	0.053194000000000005	0.028674	0.214354	74600.0
2012-10-03	0.012673	0.025156	0.05117	0.001508	0.107177	234000.0
2012-10-02	0.001153	0.029889999999999996	0.035809	-0.007991	0.009744	97900.0
2012-10-01	0.02847	0.023903999999999998	0.075038	0.014163999999999998	0.233841	92900.0
2012-09-28	-0.033257	0.020454	0.027516000000000002	-0.018387	-0.282559	91000.0
2012-09-27	0.017503	0.032327	0.056278999999999996	0.020350999999999998	0.146152	73200.0
2012-09-26	0.002339	0.027538999999999998	0.047945999999999996	0.013134	0.019486	68200.0
2012-09-25	-0.06557400000000001	0.028582	0.028582	-0.04657	-0.5846020000000001	146800.0
2012-09-24	0.005495	0.015059999999999999	0.033106000000000003	-0.017647	0.048717	96500.0
2012-09-21	0.053241	0.046533	0.089297	0.027527	0.44819499999999995	318700.0
2012-09-20	-0.008037	0.019269	0.027517000000000003	-0.004298	-0.068204	63300.0
2012-09-19	0.0057740000000000005	0.027524	0.045301	0.022784	0.048718	121500.0
2012-09-18	0.067817	0.025072999999999998	0.108598	-0.00783	0.5358850000000001	364700.0
2012-09-17	0.007453	0.017414	0.033989	0.013588999999999999	0.058460000000000005	118400.0
2012-09-14	-0.00984	0.026338999999999998	0.036438	0.003616	-0.077947	119500.0
2012-09-13	0.009937999999999999	0.023788999999999998	0.044188	0.011039	0.077947	131400.0
2012-09-12	-0.027777999999999997	0.027578	0.042453	-0.013326	-0.224098	85400.0
2012-09-11	0.014706	0.03137	0.070361	0.018792	0.116921	83500.0
2012-09-10	-0.056647	0.008541	0.019219999999999998	-0.032987	-0.477425	131000.0
2012-09-07	-0.025901	0.033274	0.036741	-0.0037119999999999996	-0.224098	87600.0
2012-09-06	-0.008929000000000001	0.032066000000000004	0.037794	0.010302	-0.077947	110900.0
2012-09-05	-0.017544	0.029715	0.035342	-0.008548	-0.155894	171300.0
