2017-09-01	0.002066	0.005165	0.007025	0.002066.1	0.099998	713700.000000
2016-09-01	0.01828	0.08858200000000001	0.090009	0.074026	0.6404489999999999	3845900.0
2016-08-31	0.017227000000000003	0.07975299999999999	0.080625	0.072785	0.593357	2816900.0
2016-08-30	0.012178	0.073801	0.07585900000000001	0.07115700000000001	0.41441000000000006	1764400.0
2016-08-29	0.007248	0.061457000000000005	0.070337	0.060864999999999995	0.244881	996800.0
2016-08-26	0.000279	0.068267	0.07596499999999999	0.057014999999999996	0.009414	2167800.0
2016-08-25	0.002516	0.061752999999999995	0.064721	0.060862	0.084763	1411900.0
2016-08-24	0.002242	0.07157000000000001	0.071868	0.062943	0.075352	1546600.0
2016-08-23	0.0025280000000000003	0.068911	0.071893	0.064139	0.084766	2186000.0
2016-08-22	-0.000281	0.059368	0.06264700000000001	0.056088	-0.009418000000000001	1560600.0
2016-08-19	-0.006972	0.050502	0.05494299999999999	0.046652	-0.235463	1236700.0
2016-08-18	0.00787	0.069511	0.071302	0.062946	0.263714	3547100.0
2016-08-17	0.006506999999999999	0.065357	0.070163	0.061453	0.216629	6275300.0
2016-08-16	-0.0011300000000000001	0.059653	0.063853	0.057253	-0.037674	5832100.0
2016-08-15	0.003972	0.061752999999999995	0.066572	0.061752999999999995	0.131855	1499100.0
2016-08-12	-0.001416	0.060249000000000004	0.062054	0.05694	-0.047088	1402800.0
2016-08-11	0.011172	0.07026900000000001	0.07513500000000001	0.06813999999999999	0.367317	1712000.0
2016-08-10	0.006052	0.072768	0.07338	0.065425	0.19778099999999998	1949100.0
2016-08-09	0.003421	0.075517	0.084113	0.07521	0.11141500000000001	2057700.0
2016-08-08	0.008046	0.082004	0.086337	0.081694	0.259972	1864200.0
2016-08-05	0.016058000000000003	0.085228	0.094348	0.084914	0.5106510000000001	2282500.0
2016-08-04	0.016319999999999998	0.084083	0.094949	0.08280499999999999	0.5106539999999999	3225500.0
2016-08-03	0.047886	0.131976	0.133651	0.12125899999999999	1.4298309999999999	4894700.0
2016-08-02	-0.0031	0.078387	0.078721	0.069373	-0.092846	2489100.0
2016-08-01	-0.014962	0.060937	0.06751499999999999	0.05732	-0.45494700000000005	2305800.0
2016-07-29	0.011427	0.09202	0.097009	0.083704	0.34352699999999997	2064700.0
2016-07-28	-0.010089	0.065527	0.067174	0.06091799999999999	-0.30638899999999997	3564800.0
2016-07-27	0.005533	0.08433600000000001	0.085991	0.077714	0.167124	1914000.0
2016-07-26	0.011505	0.09614099999999999	0.097481	0.082076	0.343531	2288900.0
2016-07-25	-0.006794	0.070066	0.073393	0.067406	-0.204266	1706700.0
2016-07-22	-0.0030789999999999997	0.072741	0.074399	0.069425	-0.09284400000000001	1307800.0
2016-07-21	-0.002763	0.07639	0.082012	0.072753	-0.083561	1598100.0
2016-07-20	0.018768	0.099287	0.101645	0.09356	0.557078	2157400.0
2016-07-19	-0.00498	0.0737	0.077722	0.069342	-0.148554	2079200.0
2016-07-18	0.008473999999999999	0.081108	0.092602	0.078066	0.250681	2021400.0
2016-07-15	-0.000941	0.076376	0.077727	0.06894600000000001	-0.027852	2603300.0
2016-07-14	0.014959	0.093849	0.099333	0.089392	0.43637700000000007	3296600.0
2016-07-13	-0.003805	0.077052	0.079442	0.069881	-0.11141600000000002	4596900.0
2016-07-12	0.014801	0.086062	0.097498	0.083983	0.427094	3499100.0
2016-07-11	0.018682	0.098939	0.102469	0.09435	0.529222	2991400.0
2016-07-08	0.016322	0.10001399999999999	0.100372	0.090685	0.45494300000000004	2607300.0
2016-07-07	-0.005631000000000001	0.086328	0.088111	0.065992	-0.15783699999999998	3543000.0
2016-07-06	-0.0036299999999999995	0.063544	0.073142	0.054658000000000005	-0.102129	4908000.0
2016-07-05	-0.032876	0.050581	0.0523	0.038549	-0.956318	4670600.0
2016-07-01	0.0006389999999999999	0.083244	0.084276	0.073956	0.01857	4244000.0
2016-06-30	0.0212	0.07916000000000001	0.103047	0.075998	0.6035020000000001	7365000.0
2016-06-29	0.017253	0.08634299999999999	0.098493	0.08026799999999999	0.4828	3814300.0
2016-06-28	0.025868000000000002	0.10747899999999999	0.109679	0.08585	0.705627	5415500.0
2016-06-27	-0.042373	0.027551999999999997	0.034925	0.004734	-1.206995	11380900.0
2016-06-24	-0.090424	-0.032474	0.014147	-0.033112	-2.831808	12283700.0
2016-06-23	0.033077999999999996	0.105091	0.11333800000000001	0.093546	1.002739	3843200.0
2016-06-22	0.006784	0.08734700000000001	0.097643	0.081037	0.204258	3905100.0
2016-06-21	0.013438	0.086476	0.099266	0.080081	0.399241	5571200.0
2016-06-20	0.027287	0.11958099999999999	0.11992699999999999	0.10471300000000001	0.789194	4604700.0
2016-06-17	0.020977000000000003	0.09046599999999999	0.09964500000000001	0.083406	0.594213	3633500.0
2016-06-16	0.009262000000000001	0.063157	0.088809	0.05531799999999999	0.259968	2934300.0
2016-06-15	0.002654	0.08455399999999999	0.091698	0.077409	0.07428	3106600.0
2016-06-14	-0.018555000000000002	0.068287	0.072494	0.048652999999999995	-0.529225	5259800.0
2016-06-13	-0.009352	0.06663200000000001	0.08122	0.06454800000000001	-0.269256	3611700.0
2016-06-10	-0.037853	0.0433	0.044302999999999995	0.031604	-1.132717	4574400.0
2016-06-09	-0.008003	0.072742	0.072742	0.064455	-0.241404	2142100.0
2016-06-08	-0.00123	0.074072	0.081025	0.073741	-0.037136	1234900.0
2016-06-07	0.000923	0.079703	0.08633099999999999	0.076389	0.027851	1702100.0
2016-06-06	-0.0012289999999999998	0.069439	0.083341	0.069108	-0.037138	2380300.0
2016-06-03	0.000923	0.08169	0.08169	0.062475	0.027857	2365800.0
2016-06-02	0.006813	0.078386	0.08472400000000001	0.076051	0.204258	1813800.0
2016-06-01	-0.0046240000000000005	0.061447	0.075392	0.060451	-0.139265	2713800.0
2016-05-31	-0.01007	0.08001	0.082639	0.062919	-0.30639099999999997	2665000.0
2016-05-27	0.004906000000000001	0.08266699999999999	0.087951	0.079694	0.14855	1572800.0
2016-05-26	-0.006701	0.07049	0.076067	0.064913	-0.204265	2015800.0
2016-05-25	0.029154000000000003	0.10642599999999999	0.115542	0.105075	0.8634719999999999	2930700.0
2016-05-24	0.030362	0.10766600000000001	0.112884	0.10349100000000001	0.8727530000000001	3600300.0
2016-05-23	-0.004822	0.076013	0.08016799999999999	0.071859	-0.139269	1915100.0
2016-05-20	-0.0076560000000000005	0.069493	0.078082	0.066745	-0.222834	3125300.0
2016-05-19	-0.00318	0.09075	0.091093	0.06780499999999999	-0.092846	2748100.0
2016-05-18	0.017799000000000002	0.082977	0.097966	0.080886	0.5106569999999999	2508700.0
2016-05-17	0.007056000000000001	0.104308	0.112382	0.096937	0.201007	3197600.0
2016-05-16	0.012009	0.101229	0.11010999999999999	0.101229	0.338063	2184800.0
2016-05-13	-0.005808	0.096599	0.103309	0.087416	-0.164463	3205500.0
2016-05-12	-0.008637	0.099031	0.103583	0.081175	-0.24669499999999997	2422000.0
2016-05-11	-0.010133	0.08027000000000001	0.093787	0.076805	-0.292375	2629600.0
2016-05-10	0.011531	0.099037	0.10885299999999999	0.097986	0.328926	1975000.0
2016-05-09	-0.010145999999999999	0.09101000000000001	0.09413300000000001	0.07851699999999999	-0.29238000000000003	2544400.0
2016-05-06	-0.005047	0.075145	0.092754	0.07410900000000001	-0.14618699999999998	3681200.0
2016-05-05	-0.0050219999999999996	0.090014	0.097915	0.086922	-0.14619000000000001	2842200.0
2016-05-04	-0.022999000000000002	0.073	0.079712	0.065952	-0.685253	2694000.0
2016-05-03	-0.018953	0.082626	0.083614	0.069127	-0.575615	1887200.0
2016-05-02	-0.0027	0.100062	0.100062	0.08594199999999999	-0.082236	1543200.0
2016-04-29	-0.013614	0.083143	0.088325	0.07472100000000001	-0.420292	2474100.0
2016-04-28	-0.0088	0.077464	0.09769	0.076501	-0.274099	1599100.0
2016-04-27	-0.007568999999999999	0.072176	0.089382	0.072176	-0.237556	2120300.0
2016-04-26	0.028751	0.131192	0.132175	0.12168599999999999	0.877132	3393800.0
2016-04-25	-0.008020999999999999	0.082774	0.089928	0.078872	-0.246693	2274600.0
2016-04-22	-0.001483	0.087662	0.09675299999999999	0.085714	-0.045686000000000004	2214400.0
2016-04-21	0.004469	0.109155	0.11111199999999999	0.097415	0.137045	3139800.0
2016-04-20	0.021613999999999998	0.117802	0.12213399999999999	0.11113900000000002	0.6487189999999999	3553800.0
2016-04-19	0.024641	0.11905999999999999	0.123839	0.110866	0.7218	2526100.0
2016-04-18	0.004386	0.088308	0.10167999999999999	0.086594	0.127915	1822000.0
2016-04-15	-0.0006259999999999999	0.104075	0.104075	0.093452	-0.018275	2629500.0
2016-04-14	0.0	0.097564	0.098592	0.088654	0.0	2515000.0
2016-04-13	0.056566	0.14951199999999998	0.157115	0.14190899999999998	1.5623879999999999	3883600.0
2016-04-12	0.012391	0.091914	0.110241	0.08495	0.33805999999999997	2842100.0
2016-04-11	0.008784	0.11001	0.11444700000000001	0.103724	0.23755500000000002	2178300.0
2016-04-08	0.01162	0.11056400000000001	0.115801	0.10420499999999999	0.310652	2519100.0
2016-04-07	-0.018121	0.08015599999999999	0.086033	0.07024	-0.493386	2644400.0
2016-04-06	0.005398	0.087464	0.101865	0.08303300000000001	0.14618699999999998	2776800.0
2016-04-05	-0.03735	0.06	0.06	0.051824	-1.05073	4306000.0
2016-04-04	-0.004204	0.09271	0.097312	0.088108	-0.118774	1799700.0
2016-04-01	-0.0064269999999999996	0.073378	0.087798	0.073026	-0.18273699999999998	2396700.0
2016-03-31	-0.01175	0.087876	0.09308999999999999	0.080925	-0.338059	2136000.0
2016-03-30	0.007358	0.10463299999999999	0.11338599999999999	0.099031	0.210144	2673700.0
2016-03-29	-0.000959	0.082237	0.09412999999999999	0.07559099999999999	-0.027410000000000004	3181100.0
2016-03-28	0.0025629999999999997	0.098688	0.10044199999999999	0.093428	0.073099	2315600.0
2016-03-24	-0.012342	0.07820099999999999	0.082704	0.074391	-0.356337	2781100.0
2016-03-23	-0.0125	0.08798099999999999	0.088665	0.07840499999999999	-0.365471	1937700.0
2016-03-22	-0.016897	0.071951	0.08102999999999999	0.06959800000000001	-0.5025229999999999	2416200.0
2016-03-21	-0.0024519999999999998	0.092467	0.096157	0.086094	-0.07309500000000001	2221400.0
2016-03-18	0.003074	0.103901	0.106592	0.09313400000000001	0.09137100000000001	2161900.0
2016-03-17	-0.001535	0.085074	0.099855	0.08373	-0.045685	3143300.0
2016-03-16	0.007109999999999999	0.086022	0.10429100000000001	0.085684	0.210148	2692100.0
2016-03-15	-0.004002	0.085719	0.09111	0.081338	-0.118778	2063900.0
2016-03-14	-0.007941	0.086122	0.090803	0.082111	-0.23756	2060200.0
2016-03-11	0.020891999999999997	0.106083	0.117346	0.105742	0.612163	4363200.0
2016-03-10	-0.0012460000000000001	0.09993400000000001	0.108455	0.08255	-0.036545	2399600.0
2016-03-09	0.007529999999999999	0.11268099999999999	0.114398	0.09825700000000001	0.219279	2663000.0
2016-03-08	-0.009325	0.097202	0.098222	0.084273	-0.274098	3223100.0
2016-03-07	-0.004025	0.074149	0.09448	0.07347100000000001	-0.118778	4086100.0
2016-03-04	0.004353	0.090736	0.10571099999999999	0.090396	0.127913	3548700.0
2016-03-03	0.004372	0.09448	0.09926499999999999	0.090036	0.127916	3015000.0
2016-03-02	0.023657	0.11722300000000001	0.125621	0.111975	0.676121	4706200.0
2016-03-01	0.016053	0.13800199999999999	0.151867	0.133736	0.451536	4455500.0
2016-02-29	-0.012740999999999999	0.120344	0.128417	0.113324	-0.363003	3074500.0
2016-02-26	0.022561	0.16428299999999998	0.165719	0.15243900000000002	0.628614	4557100.0
2016-02-25	0.020097	0.14374800000000001	0.152535	0.134961	0.54893	3664100.0
2016-02-24	-0.007719	0.10186	0.12111400000000001	0.09459400000000001	-0.21248699999999998	4904000.0
2016-02-23	-0.016138999999999997	0.133044	0.133401	0.110883	-0.451542	3298600.0
2016-02-22	-0.018024000000000002	0.103848	0.116834	0.103848	-0.5135149999999999	4041200.0
2016-02-19	-0.003098	0.119323	0.130869	0.113724	-0.088533	2952400.0
2016-02-18	-0.013447999999999998	0.12325599999999999	0.124982	0.11048399999999998	-0.389567	2846000.0
2016-02-17	0.014574	0.142428	0.150833	0.138926	0.416125	2613100.0
2016-02-16	0.010338	0.133716	0.145393	0.13159300000000002	0.292173	3546400.0
2016-02-12	0.039401	0.156686	0.17544300000000002	0.147123	1.071299	3999000.0
2016-02-11	-0.035793	0.087979	0.101454	0.077695	-1.0093219999999998	6385200.0
2016-02-10	0.006954999999999999	0.135897	0.154823	0.132326	0.194779	4346500.0
2016-02-09	-0.007531	0.10253499999999999	0.12947	0.100409	-0.212488	5588000.0
2016-02-08	-0.043804	0.088127	0.088466	0.067455	-1.292643	7661200.0
2016-02-05	-0.009804	0.121752	0.12947	0.113699	-0.29217	3211600.0
2016-02-04	0.009295	0.120326	0.145049	0.120326	0.274464	3719300.0
2016-02-03	-0.005961	0.11903299999999999	0.123073	0.090418	-0.177074	5310100.0
2016-02-02	-0.040057	0.095537	0.095537	0.080671	-1.239523	3530200.0
2016-02-01	-0.012712000000000001	0.097563	0.11798299999999999	0.095011	-0.398421	3167600.0
2016-01-29	0.027277999999999997	0.14061400000000002	0.160279	0.135697	0.832257	3303600.0
2016-01-28	0.013529	0.158703	0.159367	0.134453	0.40726799999999996	4345900.0
2016-01-27	-0.00264	0.11555399999999999	0.14868599999999998	0.115223	-0.079683	3974500.0
2016-01-26	0.016701	0.13688	0.151365	0.131491	0.495809	3474000.0
2016-01-25	-0.029522000000000003	0.10625899999999999	0.109528	0.095471	-0.903078	3418400.0
2016-01-22	0.031036	0.166209	0.17295	0.154749	0.92079	3098000.0
2016-01-21	0.000298	0.11935499999999999	0.13890999999999998	0.108903	0.008848	3851900.0
2016-01-20	-0.032351	0.090973	0.098803	0.06683	-0.991609	6271700.0
2016-01-19	-0.00028900000000000003	0.138276	0.139254	0.12131600000000001	-0.008858	2862800.0
2016-01-15	-0.049149	0.075818	0.084502	0.06589400000000001	-1.584812	5174400.0
2016-01-14	0.01251	0.131353	0.14831	0.121305	0.398409	3039800.0
2016-01-13	-0.017481	0.129161	0.132555	0.10447999999999999	-0.566634	4412800.0
2016-01-12	0.004941	0.13443	0.136601	0.125129	0.159371	2430900.0
2016-01-11	0.007745	0.145716	0.146341	0.12978199999999998	0.247902	2019200.0
2016-01-08	-0.006595	0.143747	0.144058	0.122021	-0.212486	3396200.0
2016-01-07	-0.020985	0.11062999999999999	0.120354	0.102729	-0.6905939999999999	3062900.0
2016-01-06	-0.034545	0.089865	0.09514600000000001	0.085171	-1.17754	2970400.0
2016-01-05	-0.002332	0.12654300000000002	0.130055	0.11542100000000001	-0.079685	1776500.0
2016-01-04	-0.022296	0.095989	0.10486	0.089121	-0.779137	3553100.0
2015-12-31	-0.0057929999999999995	0.12776300000000002	0.128901	0.12036600000000001	-0.203628	1872500.0
2015-12-30	-0.014399	0.11600999999999999	0.122459	0.111524	-0.513516	2014400.0
2015-12-29	0.0062450000000000006	0.133702	0.139627	0.132009	0.221344	1426900.0
2015-12-28	-0.008176000000000001	0.119395	0.124152	0.11351800000000001	-0.292175	1397800.0
2015-12-24	0.000496	0.12527	0.13367	0.12527	0.017711	673500.0
2015-12-23	0.019459	0.141743	0.152875	0.141743	0.681733	1860200.0
2015-12-22	0.002788	0.126607	0.13433599999999998	0.12088299999999999	0.097393	1789800.0
2015-12-21	0.004582	0.140971	0.145285	0.127169	0.159366	2067500.0
2015-12-18	-0.00783	0.13004000000000002	0.130325	0.117773	-0.274467	2472600.0
2015-12-17	0.0022789999999999998	0.13661800000000002	0.140336	0.130328	0.079689	2259300.0
2015-12-16	0.027575	0.160615	0.16208399999999998	0.147981	0.938492	2406300.0
2015-12-15	0.013980000000000001	0.14585599999999999	0.151517	0.14168499999999998	0.469242	2110000.0
2015-12-14	0.001056	0.13275	0.136329	0.111873	0.035414999999999995	3843400.0
2015-12-11	-0.021952	0.115468	0.116051	0.099716	-0.752563	3195100.0
2015-12-10	0.00233	0.131224	0.13941099999999998	0.128885	0.07968099999999999	2910300.0
2015-12-09	0.006776000000000001	0.14095	0.154196	0.12947	0.230198	2607300.0
2015-12-08	-0.026389	0.10081	0.103676	0.095651	-0.920784	3859200.0
2015-12-07	-0.011289	0.121252	0.121252	0.111051	-0.398414	2271400.0
2015-12-04	0.005043	0.12178	0.136874	0.119217	0.17707	2664300.0
2015-12-03	-0.011712	0.134536	0.135943	0.11258199999999999	-0.41612200000000005	2949000.0
2015-12-02	-0.012792	0.123079	0.126413	0.11224300000000001	-0.460396	1623500.0
2015-12-01	0.018797	0.1507	0.153248	0.144755	0.664024	1896800.0
2015-11-30	-0.005483	0.12580999999999998	0.127217	0.12046099999999998	-0.194778	1650100.0
2015-11-27	-0.0009960000000000001	0.132001	0.13256300000000001	0.12722	-0.035416	917300.0
2015-11-25	0.0032479999999999996	0.13539500000000002	0.137652	0.12947	0.115101	1412200.0
2015-11-24	-0.00793	0.112955	0.123591	0.112115	-0.283314	1632600.0
2015-11-23	0.000992	0.136474	0.141518	0.12806800000000002	0.035405	1739300.0
2015-11-20	0.002736	0.135932	0.139303	0.130313	0.09739600000000001	1571100.0
2015-11-19	0.009289	0.135708	0.144215	0.134857	0.32758400000000004	1664200.0
2015-11-18	0.010657	0.132622	0.141507	0.13233599999999998	0.37185999999999997	2064700.0
2015-11-17	0.004843999999999999	0.136381	0.14127699999999999	0.131486	0.168221	1512000.0
2015-11-16	0.007708	0.123375	0.138466	0.12163399999999999	0.265606	1322900.0
2015-11-13	-0.016427	0.11519800000000001	0.11833800000000001	0.108918	-0.575489	1922600.0
2015-11-12	-0.004278	0.129754	0.13288	0.123501	-0.150513	2039000.0
2015-11-11	0.002017	0.136874	0.137728	0.126622	0.07083099999999999	1059400.0
2015-11-10	-0.008251999999999999	0.11704200000000001	0.120432	0.112523	-0.292171	1693000.0
2015-11-09	0.003261	0.143354	0.144204	0.127486	0.115101	2129200.0
2015-11-06	0.008858	0.139189	0.144621	0.131471	0.309879	2306700.0
2015-11-05	-0.013237	0.117622	0.11959600000000001	0.11028800000000001	-0.469257	1452900.0
2015-11-04	0.026141	0.166231	0.16652	0.154942	0.903083	2256600.0
2015-11-03	-0.000512	0.113847	0.131205	0.113847	-0.017711	1555600.0
2015-11-02	-0.000768	0.125711	0.130915	0.121375	-0.026554	1159800.0
2015-10-30	-0.004079	0.130045	0.13206099999999998	0.123135	-0.141663	1501800.0
2015-10-29	-0.009343	0.11749000000000001	0.122624	0.111786	-0.327583	1454600.0
2015-10-28	0.009689	0.127742	0.142717	0.12745399999999998	0.336441	1327500.0
2015-10-27	-0.008343999999999999	0.122901	0.126328	0.11833199999999999	-0.292172	1196300.0
2015-10-26	-0.00902	0.12409300000000001	0.12664	0.117301	-0.318733	1087700.0
2015-10-23	0.016297	0.14874	0.151616	0.1427	0.566631	1318900.0
2015-10-22	0.008734	0.131211	0.141655	0.131211	0.301033	1968100.0
2015-10-21	-0.011176	0.12487899999999999	0.127461	0.116847	-0.38956399999999997	1931800.0
2015-10-20	-0.006231	0.13383499999999998	0.139822	0.13326500000000002	-0.21857100000000002	1681900.0
2015-10-19	-0.006193	0.13531400000000002	0.13758099999999998	0.131347	-0.218563	1247600.0
2015-10-16	-0.00099	0.14155	0.144663	0.13334100000000002	-0.034969	1531500.0
2015-10-15	0.015581999999999999	0.149851	0.162499	0.147263	0.542042	1218900.0
2015-10-14	0.006323	0.15336	0.16001300000000002	0.147574	0.21856599999999998	1335700.0
2015-10-13	-0.028023000000000003	0.10585599999999999	0.11682100000000001	0.105574	-0.996662	2186000.0
2015-10-12	0.002711	0.144096	0.15029800000000001	0.140995	0.096169	1163200.0
2015-10-09	-0.0053939999999999995	0.14493599999999998	0.148581	0.135121	-0.192341	1527400.0
2015-10-08	0.005423	0.134792	0.15170799999999998	0.133664	0.192341	1902100.0
2015-10-07	0.026309	0.174485	0.182877	0.16783	0.9092370000000001	2665600.0
2015-10-06	-0.00025299999999999997	0.141789	0.150178	0.14121	-0.008744	1860200.0
2015-10-05	0.015409	0.148514	0.164082	0.148514	0.524567	1920300.0
2015-10-02	0.020173	0.143814	0.167188	0.139019	0.673184	2371300.0
2015-10-01	0.0076560000000000005	0.16253499999999999	0.165253	0.143512	0.25353200000000004	2006400.0
2015-09-30	0.022678	0.167283	0.169753	0.158945	0.734383	1981200.0
2015-09-29	-0.002961	0.139811	0.142274	0.132422	-0.096169	2203100.0
2015-09-28	-0.023909	0.122777	0.12307699999999999	0.11376099999999999	-0.795578	2273900.0
2015-09-25	0.012503	0.159028	0.165723	0.15476800000000002	0.410908	1747300.0
2015-09-24	-0.010269	0.12303399999999999	0.134478	0.11580599999999999	-0.340965	2605400.0
2015-09-23	0.005028	0.160158	0.16106600000000001	0.144419	0.166107	2330800.0
2015-09-22	-0.017421000000000002	0.12299600000000001	0.125078	0.11407300000000001	-0.585759	2349500.0
2015-09-21	0.008655	0.154613	0.15671300000000002	0.148014	0.28851	1537200.0
2015-09-18	-0.022809	0.12241500000000001	0.129744	0.11538	-0.778095	2182200.0
2015-09-17	-0.020828	0.12228699999999999	0.133768	0.116546	-0.725647	2448300.0
2015-09-16	0.016582	0.159571	0.165115	0.156361	0.568275	1595600.0
2015-09-15	0.01057	0.14941600000000002	0.157968	0.147352	0.358448	2216600.0
2015-09-14	-0.008436	0.124516	0.134457	0.119253	-0.288509	1753200.0
2015-09-11	0.001536	0.140593	0.146742	0.138543	0.052452	1749300.0
2015-09-10	-0.0068650000000000004	0.132472	0.141487	0.12781900000000002	-0.236046	1981400.0
2015-09-09	0.0066549999999999995	0.175725	0.17631	0.15084	0.227306	2717500.0
2015-09-08	0.03689	0.18600899999999998	0.189348	0.176598	1.215233	2241600.0
2015-09-04	-0.022822	0.11800699999999999	0.122456	0.111481	-0.769363	2994100.0
2015-09-03	0.00026000000000000003	0.14322100000000001	0.15063800000000002	0.14055	0.008754999999999999	1712100.0
2015-09-02	0.01022	0.163597	0.164796	0.144713	0.340961	2181800.0
2015-09-01	-0.038064	0.105754	0.11065599999999999	0.094797	-1.3201450000000001	3068300.0
2015-08-31	-0.005764	0.136074	0.140374	0.13292	-0.20108	1478200.0
2015-08-28	-0.006474	0.127579	0.139257	0.12700999999999998	-0.227314	2604600.0
2015-08-27	0.026323000000000003	0.160768	0.17538399999999998	0.159891	0.900501	2477700.0
2015-08-26	-0.0022949999999999997	0.14673	0.14848	0.118149	-0.078689	4004700.0
2015-08-25	0.021353999999999998	0.192664	0.192664	0.166452	0.716903	4754500.0
2015-08-24	-0.052320000000000005	0.093003	0.10429400000000001	0.07437200000000001	-1.853447	5488600.0
2015-08-21	-0.029693999999999998	0.134501	0.13888399999999998	0.10985	-1.084098	4091200.0
2015-08-20	-0.014397	0.136255	0.136795	0.125727	-0.533299	2668000.0
2015-08-19	-0.027988	0.11888599999999999	0.120198	0.108652	-1.066608	2041400.0
2015-08-18	0.002761	0.148024	0.15065499999999998	0.143814	0.10491199999999999	1255200.0
2015-08-17	-0.006626999999999999	0.13231300000000001	0.140939	0.130745	-0.253533	1766200.0
2015-08-14	-0.00045700000000000005	0.136237	0.144598	0.13597599999999999	-0.017490000000000002	1220300.0
2015-08-13	-0.00022799999999999999	0.144598	0.147993	0.141202	-0.008740000000000001	1487800.0
2015-08-12	-0.019919	0.11847	0.12230999999999999	0.107974	-0.778099	2428200.0
2015-08-11	-0.006159	0.144656	0.150253	0.14033099999999998	-0.24208400000000002	2769400.0
2015-08-10	-0.00066	0.14313800000000002	0.156868	0.14263	-0.025939999999999998	1011000.0
2015-08-07	-0.005248	0.149532	0.153326	0.147003	-0.20750100000000002	1132600.0
2015-08-06	-0.009744	0.149351	0.149351	0.141587	-0.389065	1119700.0
2015-08-05	0.019426	0.180614	0.18418900000000002	0.176784	0.760838	1840300.0
2015-08-04	0.002878	0.161735	0.163527	0.157638	0.112392	1307900.0
2015-08-03	0.002219	0.16149000000000002	0.16610899999999998	0.154818	0.086464	1312200.0
2015-07-31	0.001333	0.165351	0.16663599999999998	0.156871	0.051876	1302600.0
2015-07-30	-0.001553	0.16328499999999999	0.16328499999999999	0.151226	-0.060520000000000004	1279500.0
2015-07-29	0.00625	0.15893800000000002	0.167457	0.15893800000000002	0.242089	1380100.0
2015-07-28	0.020733	0.175324	0.181649	0.171371	0.7867689999999999	1662100.0
2015-07-27	-0.004084	0.153202	0.154777	0.148478	-0.155624	1064700.0
2015-07-24	-0.017172	0.142427	0.147586	0.132109	-0.665733	1549700.0
2015-07-23	-0.007525	0.15815	0.15815	0.145862	-0.29396100000000003	1411700.0
2015-07-22	-0.007687	0.14213399999999998	0.148739	0.14213399999999998	-0.302604	1026900.0
2015-07-21	-0.001754	0.155853	0.158642	0.152049	-0.06917999999999999	1190000.0
2015-07-20	0.006620999999999999	0.16274	0.16886700000000002	0.16095299999999998	0.25938	1418700.0
2015-07-17	0.001547	0.15687	0.159682	0.154057	0.060528	927700.0
2015-07-16	0.012306999999999998	0.170849	0.174989	0.16955399999999998	0.475529	1362700.0
2015-07-15	0.003368	0.16050899999999999	0.163366	0.156354	0.129684	1361400.0
2015-07-14	0.002702	0.164165	0.164425	0.158176	0.103752	1144800.0
2015-07-13	0.012537000000000001	0.176387	0.177706	0.168742	0.475525	1590300.0
2015-07-10	0.019758	0.184844	0.185113	0.17516500000000002	0.734909	1884000.0
2015-07-09	0.011045999999999999	0.185971	0.18678599999999998	0.16939	0.406353	1636200.0
2015-07-08	-0.026761	0.131482	0.13783099999999998	0.12460299999999999	-1.01157	2405800.0
2015-07-07	-0.012201	0.145116	0.145377	0.12551700000000002	-0.46687700000000004	3642200.0
2015-07-06	-0.020363	0.130246	0.139462	0.12845399999999998	-0.7954289999999999	1855300.0
2015-07-02	0.010964	0.17033099999999998	0.17343699999999998	0.167484	0.423653	1438900.0
2015-07-01	-0.0026780000000000003	0.149387	0.153516	0.146805	-0.10375999999999999	2269300.0
2015-06-30	-0.00797	0.16403900000000002	0.16480799999999998	0.142275	-0.311253	2659300.0
2015-06-29	-0.028602	0.138456	0.143182	0.12328399999999999	-1.149902	2229200.0
2015-06-26	-0.003002	0.151902	0.158102	0.148678	-0.121044	1530000.0
2015-06-25	-0.011026000000000001	0.154652	0.155388	0.14361600000000002	-0.449589	1068800.0
2015-06-24	-0.003171	0.155391	0.15905899999999998	0.152947	-0.129692	792900.0
2015-06-23	-0.00042199999999999996	0.15637	0.158813	0.155392	-0.017284	1165700.0
2015-06-22	0.011973000000000001	0.172688	0.177387	0.170215	0.48416899999999996	1500400.0
2015-06-19	0.0014990000000000001	0.160824	0.166768	0.157852	0.06051599999999999	1597900.0
2015-06-18	-0.00021400000000000002	0.154633	0.160328	0.15141400000000002	-0.00864	1378000.0
2015-06-17	0.001286	0.15587	0.161573	0.150168	0.051876	2014900.0
2015-06-16	-0.0019260000000000002	0.14968499999999998	0.156119	0.14721099999999998	-0.077812	2513400.0
2015-06-15	-0.014962999999999999	0.137845	0.141501	0.133945	-0.613865	1908500.0
2015-06-12	-0.000421	0.150766	0.158563	0.146624	-0.017292	1640300.0
2015-06-11	-0.002102	0.151508	0.156128	0.14543	-0.086457	1549600.0
2015-06-10	0.012128	0.166211	0.173594	0.165473	0.49281400000000003	2004700.0
2015-06-09	-0.007811	0.148068	0.15124200000000002	0.142941	-0.319893	1817700.0
2015-06-08	0.004027	0.164459	0.16642	0.15931099999999998	0.164272	1239400.0
2015-06-05	-0.0059	0.140773	0.15368900000000002	0.138824	-0.242092	1312000.0
2015-06-04	-0.009186	0.151302	0.15758	0.143575	-0.380417	1358100.0
2015-06-03	0.0025109999999999998	0.15613	0.167749	0.155888	0.103748	1205400.0
2015-06-02	0.006529999999999999	0.162949	0.168797	0.161	0.268025	1930800.0
2015-06-01	-0.0006309999999999999	0.157345	0.15856199999999998	0.149796	-0.025932999999999998	1868500.0
2015-05-29	-0.0039840000000000006	0.16631500000000002	0.167285	0.147641	-0.164272	1765200.0
2015-05-28	-0.00251	0.154195	0.155646	0.148147	-0.103752	1506300.0
2015-05-27	0.00865	0.16100599999999998	0.17589100000000002	0.159054	0.354477	2437400.0
2015-05-26	-0.014758000000000002	0.148921	0.149642	0.1369	-0.613857	2555000.0
2015-05-22	0.003128	0.162161	0.16481400000000002	0.15926700000000002	0.129692	1570000.0
2015-05-21	0.003137	0.163872	0.16556500000000002	0.15975899999999998	0.129688	3228800.0
2015-05-20	0.009715000000000001	0.16858299999999998	0.174202	0.166629	0.397717	2084900.0
2015-05-19	-0.012384000000000001	0.15073399999999998	0.156283	0.14928699999999998	-0.5133439999999999	3006900.0
2015-05-18	-0.007375	0.161165	0.165954	0.15900999999999998	-0.30799499999999996	1436200.0
2015-05-15	0.002877	0.167147	0.17219	0.16426500000000002	0.119789	1465300.0
2015-05-14	0.007243	0.17681	0.17874500000000001	0.169795	0.299435	1807100.0
2015-05-13	-0.0035060000000000004	0.16231900000000002	0.166658	0.15701600000000002	-0.145455	1752900.0
2015-05-12	-0.012222	0.153589	0.159065	0.150732	-0.513332	1872300.0
2015-05-11	-0.007882	0.16103199999999998	0.166465	0.158198	-0.33366	1823900.0
2015-05-08	0.026982	0.196483	0.202791	0.190904	1.112221	2105900.0
2015-05-07	-0.001451	0.164951	0.16858499999999998	0.15405	-0.059891	1678800.0
2015-05-06	0.014294999999999999	0.18357	0.18823800000000002	0.179884	0.581779	2533800.0
2015-05-05	-0.031161	0.146689	0.14787899999999998	0.131215	-1.309005	3675800.0
2015-05-04	-0.002641	0.165029	0.16811500000000001	0.16218	-0.11121800000000001	2028400.0
2015-05-01	-0.00806	0.157052	0.159878	0.15045799999999998	-0.34221999999999997	2339300.0
2015-04-30	-0.010764	0.156946	0.163702	0.15298499999999998	-0.46201000000000003	3540900.0
2015-04-29	0.012104	0.182268	0.185097	0.174015	0.51334	4139500.0
2015-04-28	0.001819	0.16221300000000002	0.171426	0.158434	0.077004	2511900.0
2015-04-27	0.037099	0.207535	0.21316999999999997	0.20410599999999998	1.514335	4058700.0
2015-04-24	0.0347	0.210146	0.21268099999999998	0.203048	1.368889	3276600.0
2015-04-23	0.010962999999999999	0.17369600000000002	0.183435	0.172415	0.42778	2009600.0
2015-04-22	0.00021899999999999998	0.16934000000000002	0.17010899999999998	0.16011199999999998	0.008556999999999999	1820800.0
2015-04-21	0.001978	0.173451	0.17961400000000002	0.170369	0.077007	2424900.0
2015-04-20	0.014488999999999998	0.186805	0.19253800000000001	0.18445999999999999	0.556107	2092800.0
2015-04-17	-0.012546999999999999	0.154162	0.15750699999999998	0.151332	-0.487675	1772400.0
2015-04-16	-0.010024	0.157366	0.159403	0.151508	-0.39355100000000004	2202300.0
2015-04-15	0.005478	0.16601	0.17599800000000002	0.16473	0.213894	1623300.0
2015-04-14	0.008173	0.174766	0.179671	0.172184	0.316551	2965300.0
2015-04-13	0.012978	0.185043	0.187659	0.178766	0.49623100000000003	3990200.0
2015-04-10	0.003368	0.172764	0.17565	0.16909000000000002	0.12833	2179900.0
2015-04-09	0.017592	0.185918	0.19179300000000002	0.184316	0.65878	2915200.0
2015-04-08	0.006437999999999999	0.184684	0.186297	0.16936500000000002	0.23955100000000001	2843100.0
2015-04-07	-0.0006889999999999999	0.169902	0.174467	0.167216	-0.025664999999999997	3491300.0
2015-04-06	0.008575	0.170723	0.18616300000000002	0.169369	0.31655500000000003	1205100.0
2015-04-02	0.005359	0.17318499999999998	0.17727	0.172096	0.196785	1316900.0
2015-04-01	0.0077480000000000005	0.17706	0.180079	0.171846	0.282326	2098600.0
2015-03-31	-0.013891999999999998	0.150425	0.15854400000000002	0.15015499999999998	-0.513325	2073300.0
2015-03-30	0.001623	0.16937	0.175062	0.168014	0.059887	1937600.0
2015-03-27	-0.00023199999999999997	0.168014	0.170995	0.162052	-0.00856	1982900.0
2015-03-26	-0.0025440000000000003	0.167205	0.168287	0.15720399999999998	-0.09411699999999999	1982800.0
2015-03-25	0.0051140000000000005	0.182956	0.184586	0.173718	0.18823299999999998	2176700.0
2015-03-24	-0.004397	0.166663	0.16855699999999998	0.162606	-0.16255999999999998	1780600.0
2015-03-23	-0.008034999999999999	0.15970399999999998	0.161046	0.153264	-0.29945	1855900.0
2015-03-20	0.023256	0.187772	0.200402	0.183928	0.8470040000000001	3535800.0
2015-03-19	-0.012068	0.159876	0.160419	0.150925	-0.444881	2259100.0
2015-03-18	0.019882	0.169934	0.195939	0.167998	0.71867	3266700.0
2015-03-17	0.011976	0.176386	0.185345	0.175266	0.42776800000000004	2411500.0
2015-03-16	0.004814	0.169953	0.177267	0.167984	0.17111600000000002	1503400.0
2015-03-13	-0.010006999999999999	0.154624	0.158802	0.147384	-0.359333	2318900.0
2015-03-12	-0.001902	0.168828	0.16966199999999998	0.158821	-0.068439	3466300.0
2015-03-11	-0.007084	0.1611	0.164412	0.156684	-0.25667199999999996	1868800.0
2015-03-10	-0.013969999999999998	0.166106	0.166378	0.150322	-0.513336	2652000.0
2015-03-09	0.0032700000000000003	0.176745	0.177837	0.16991900000000001	0.119774	1882700.0
2015-03-06	-0.017894	0.158102	0.159711	0.146304	-0.6673319999999999	2860700.0
2015-03-05	-0.003885	0.162417	0.166691	0.160815	-0.14544300000000002	2063100.0
2015-03-04	-0.001141	0.168294	0.168827	0.16109	-0.042782	1490600.0
2015-03-03	-0.0013369999999999999	0.195507	0.197905	0.189645	-0.050186	1554700.0
2015-03-02	0.005603	0.194971	0.202205	0.193631	0.20911799999999997	1229500.0
2015-02-27	-0.005128	0.19150899999999998	0.193641	0.188576	-0.192387	1527100.0
2015-02-26	0.0017870000000000002	0.1907	0.198177	0.190166	0.06691799999999999	1497400.0
2015-02-25	-0.005995	0.18834	0.189137	0.18143900000000002	-0.225846	2392300.0
2015-02-24	0.008057	0.192831	0.206477	0.192831	0.301129	3624100.0
2015-02-23	-0.042845	0.13609000000000002	0.145054	0.131224	-1.672936	3921100.0
2015-02-20	0.009297	0.199384	0.20998200000000003	0.195507	0.359677	1339300.0
2015-02-19	-0.008999	0.189615	0.192945	0.183724	-0.35130700000000004	1288500.0
2015-02-18	0.008863	0.20661999999999997	0.20946199999999998	0.203518	0.342949	1820300.0
2015-02-17	0.0028179999999999998	0.196803	0.201986	0.19136	0.10873800000000002	1813100.0
2015-02-13	-0.000217	0.192138	0.197062	0.189547	-0.008366	1847300.0
2015-02-12	0.015852	0.20629899999999998	0.21445799999999998	0.204983	0.60226	1955100.0
2015-02-11	-0.004384000000000001	0.184501	0.19026600000000002	0.18057	-0.167293	2363000.0
2015-02-10	-0.016174	0.182874	0.18416300000000002	0.171272	-0.62735	3488000.0
2015-02-09	-0.015081	0.17316099999999998	0.181033	0.172907	-0.593891	2097600.0
2015-02-06	0.000212	0.206682	0.20845999999999998	0.19372899999999998	0.008366	1475700.0
2015-02-05	0.007923000000000001	0.197811	0.20625900000000003	0.196019	0.30948600000000004	1742500.0
2015-02-04	-0.0032020000000000004	0.189383	0.197548	0.187086	-0.125469	1502600.0
2015-02-03	0.01649	0.200435	0.21522	0.200176	0.6357189999999999	2197900.0
2015-02-02	0.008093000000000001	0.195507	0.207012	0.194984	0.30949	1701700.0
2015-01-30	-0.020566	0.18116500000000002	0.18193299999999998	0.17092100000000002	-0.803009	2044800.0
2015-01-29	0.003655	0.195507	0.200648	0.188824	0.142204	1774800.0
2015-01-28	-0.009794	0.194743	0.194743	0.182017	-0.38478	1783400.0
2015-01-27	-0.007187000000000001	0.185652	0.190706	0.17706	-0.284398	1935200.0
2015-01-26	0.01025	0.201123	0.209548	0.19678299999999999	0.401505	1847200.0
2015-01-23	-0.00021400000000000002	0.192444	0.200101	0.191678	-0.008366	1994200.0
2015-01-22	0.023602	0.211444	0.225813	0.211444	0.9033889999999999	1682600.0
2015-01-21	0.008818000000000001	0.19656099999999999	0.207103	0.193925	0.33458000000000004	1860100.0
2015-01-20	0.002652	0.197621	0.202377	0.192071	0.100372	3186200.0
2015-01-16	-0.000442	0.185998	0.19497899999999999	0.18124400000000002	-0.016715999999999998	2908800.0
2015-01-15	0.000442	0.19154300000000002	0.20026300000000002	0.188107	0.016715999999999998	2449700.0
2015-01-14	-0.010282	0.177199	0.186614	0.173014	-0.393135	2726500.0
2015-01-13	0.001973	0.204679	0.207038	0.191052	0.075287	1884300.0
2015-01-12	0.000878	0.198917	0.200228	0.189999	0.033458999999999996	1603100.0
2015-01-09	-0.0052380000000000005	0.18767899999999998	0.19289800000000001	0.18298299999999998	-0.200756	1401900.0
2015-01-08	0.0032840000000000005	0.19446	0.204407	0.19446	0.125469	1601600.0
2015-01-07	0.007723000000000001	0.1992	0.20605900000000002	0.193133	0.29276599999999997	2122400.0
2015-01-06	-0.014568000000000001	0.18120999999999998	0.187449	0.170032	-0.5604319999999999	3408100.0
2015-01-05	-0.022945	0.17493399999999998	0.176966	0.163251	-0.903381	2599600.0
2015-01-02	-0.0033880000000000004	0.197279	0.19803800000000002	0.185888	-0.13383499999999998	1446500.0
2014-12-31	-0.003587	0.197777	0.19929000000000002	0.189958	-0.142201	1178400.0
2014-12-30	-0.011881999999999998	0.179058	0.183295	0.176068	-0.47678400000000004	1575700.0
2014-12-29	-0.001041	0.191026	0.197498	0.190528	-0.041828	1110900.0
2014-12-26	0.006498	0.199767	0.206031	0.19701	0.259304	892800.0
2014-12-24	0.0037869999999999996	0.19927999999999998	0.20330399999999998	0.19274000000000002	0.150566	1009100.0
2014-12-23	-0.005232	0.188001	0.191253	0.185498	-0.209117	2555300.0
2014-12-22	0.0050479999999999995	0.20355399999999998	0.204057	0.197016	0.200756	1898000.0
2014-12-19	0.009771	0.204648	0.21150500000000003	0.19931600000000002	0.384773	2793200.0
2014-12-18	0.008137	0.189363	0.20549099999999998	0.188851	0.317852	3278100.0
2014-12-17	-0.004477	0.185313	0.194487	0.17996099999999998	-0.175655	3279200.0
2014-12-16	0.009686	0.19730799999999998	0.223298	0.192419	0.376415	3158700.0
2014-12-15	-0.019418	0.184657	0.191217	0.162705	-0.769554	3837400.0
2014-12-12	-0.018641	0.189316	0.193278	0.171983	-0.752816	2783400.0
2014-12-11	-0.007809	0.188628	0.19305	0.182977	-0.317859	1812900.0
2014-12-10	-0.007749	0.195751	0.19623800000000002	0.184293	-0.31786	1819700.0
2014-12-09	-0.015656	0.17583	0.180869	0.17103	-0.652439	1456700.0
2014-12-08	-0.0051920000000000004	0.19383599999999998	0.197178	0.188345	-0.21748	1359400.0
2014-12-05	0.014176	0.213423	0.218991	0.211486	0.585526	1337800.0
2014-12-04	-0.005838	0.18900799999999998	0.191656	0.184676	-0.242573	985400.0
2014-12-03	-0.000805	0.19791199999999998	0.19911500000000001	0.19262100000000001	-0.033455	729200.0
2014-12-02	0.013249	0.21085900000000002	0.212808	0.20671599999999998	0.5436979999999999	1507700.0
2014-12-01	-0.013869	0.189019	0.189019	0.177004	-0.57716	1619600.0
2014-11-28	-0.00659	0.19192599999999999	0.194075	0.18595799999999998	-0.276036	673200.0
2014-11-26	0.0032049999999999995	0.199099	0.201015	0.196225	0.13383499999999998	2025800.0
2014-11-25	0.009096	0.203482	0.21049	0.202273	0.376408	1441900.0
2014-11-24	-0.000606	0.19526500000000002	0.19768	0.188744	-0.025097	1616600.0
2014-11-21	0.007531	0.20718699999999998	0.20961999999999997	0.20159000000000002	0.309498	1492100.0
2014-11-20	-0.012264	0.179884	0.183489	0.177481	-0.51025	2115600.0
2014-11-19	-0.004005	0.19047999999999998	0.191198	0.185932	-0.167286	1206100.0
2014-11-18	-0.002198	0.195746	0.19861199999999998	0.192641	-0.092015	850500.0
2014-11-17	-0.004376	0.18076199999999998	0.192178	0.180524	-0.184021	1071500.0
2014-11-14	0.002393	0.18978599999999998	0.199321	0.189547	0.100377	1379300.0
2014-11-13	-0.001394	0.193364	0.196697	0.19050799999999998	-0.058556	1090800.0
2014-11-12	-0.006920999999999999	0.181086	0.18865099999999999	0.18061300000000002	-0.292759	731100.0
2014-11-11	0.003971	0.199542	0.201678	0.196219	0.167297	791800.0
2014-11-10	0.0055899999999999995	0.199803	0.204099	0.195268	0.2342	758800.0
2014-11-07	-0.005361	0.186249	0.18909700000000002	0.18268800000000002	-0.22584200000000001	1308800.0
2014-11-06	-0.0027719999999999997	0.196927	0.199531	0.187931	-0.11710699999999999	723000.0
2014-11-05	0.006778	0.199559	0.205517	0.196699	0.28439699999999996	1087900.0
2014-11-04	0.001198	0.19145	0.196939	0.189303	0.05019	1526200.0
2014-11-03	-0.018032	0.17816700000000002	0.179339	0.1702	-0.76955	1675700.0
2014-10-31	0.011298	0.207355	0.21328000000000003	0.204038	0.476787	1437400.0
2014-10-30	-0.0047350000000000005	0.178998	0.192677	0.17876199999999998	-0.200748	1414800.0
2014-10-29	-0.000394	0.194328	0.19880699999999998	0.18796300000000002	-0.016731	1396900.0
2014-10-28	0.008954	0.202881	0.206211	0.20074	0.376415	1261200.0
2014-10-27	-0.007896	0.179224	0.188663	0.178988	-0.33459099999999997	1010600.0
2014-10-24	0.004162	0.199535	0.201194	0.195507	0.175655	1238500.0
2014-10-23	0.013052000000000001	0.216152	0.21735300000000002	0.20991100000000001	0.543709	2005600.0
2014-10-22	-0.002803	0.197183	0.201492	0.190959	-0.11710699999999999	1220000.0
2014-10-21	0.008397	0.21327	0.21906399999999998	0.212063	0.347831	1079200.0
2014-10-20	-0.003387	0.196891	0.20338699999999998	0.194004	-0.140785	1293600.0
2014-10-17	0.012712000000000001	0.215029	0.224044	0.21113099999999999	0.521748	2097800.0
2014-10-16	-0.0016120000000000002	0.188746	0.21136799999999997	0.18728699999999998	-0.066258	2811700.0
2014-10-15	-0.013905	0.199321	0.201	0.170537	-0.579723	3897900.0
2014-10-14	-0.001982	0.20795500000000003	0.212504	0.202449	-0.082813	1933300.0
2014-10-13	0.013666	0.23222800000000002	0.23611	0.22324899999999998	0.563156	1782900.0
2014-10-10	-0.008962000000000001	0.203388	0.20627399999999999	0.195452	-0.372681	4375600.0
2014-10-09	-0.023722	0.192216	0.194798	0.177424	-1.0103719999999998	2568700.0
2014-10-08	0.019425	0.218725	0.23093200000000003	0.215135	0.811607	3777000.0
2014-10-07	-0.006498	0.209617	0.211281	0.199154	-0.27328800000000003	1259800.0
2014-10-06	0.00734	0.218255	0.221369	0.211549	0.306423	3992500.0
2014-10-03	0.012656	0.223971	0.227852	0.220575	0.5217470000000001	3443800.0
2014-10-02	-0.007773	0.206033	0.20699499999999998	0.188944	-0.322982	5464500.0
2014-10-01	-0.013954	0.20273	0.205103	0.189915	-0.588005	2226100.0
2014-09-30	-0.013189	0.190849	0.194127	0.185462	-0.563172	2014400.0
2014-09-29	-0.028452999999999996	0.174713	0.177216	0.17016199999999998	-1.250526	1621500.0
2014-09-26	0.006257	0.213429	0.21663400000000002	0.20770500000000003	0.27329200000000003	877400.0
2014-09-25	-0.010692	0.202267	0.20272	0.187997	-0.47205699999999995	1627500.0
2014-09-24	0.0	0.20272	0.209515	0.200908	0.0	1240000.0
2014-09-23	-0.0067079999999999996	0.199827	0.202302	0.196452	-0.298142	1548100.0
2014-09-22	-0.00519	0.204343	0.206581	0.199419	-0.231895	997100.0
2014-09-19	-0.0035090000000000004	0.20591500000000001	0.20769899999999997	0.203239	-0.157356	1343900.0
2014-09-18	0.010263	0.21739	0.222347	0.21626399999999998	0.45550100000000004	1376700.0
2014-09-17	-0.000559	0.208377	0.21243099999999998	0.204999	-0.024845	1592100.0
2014-09-16	0.005249	0.202949	0.216758	0.202949	0.231888	1215200.0
2014-09-15	-0.000562	0.204535	0.20883400000000002	0.20182	-0.024841	834300.0
2014-09-12	0.005463	0.21316300000000002	0.217031	0.209296	0.24016500000000002	847300.0
2014-09-11	-0.008777	0.198908	0.198908	0.189889	-0.389236	922400.0
2014-09-10	0.007526000000000001	0.21270100000000003	0.217245	0.20770300000000003	0.331261	1194700.0
2014-09-09	-0.000188	0.210883	0.210883	0.204069	-0.008278	765700.0
2014-09-08	-0.015738	0.188697	0.195851	0.187579	-0.703942	892200.0
2014-09-05	0.0016690000000000001	0.205013	0.20971599999999999	0.201654	0.074532	887500.0
2014-09-04	-0.002959	0.205467	0.21037899999999998	0.20167100000000002	-0.13250699999999999	1200000.0
2014-09-03	0.014062999999999999	0.225816	0.227854	0.22060900000000003	0.621132	1377400.0
2014-09-02	-0.013503999999999999	0.194522	0.19630899999999998	0.18871400000000002	-0.6045689999999999	1239000.0
2014-08-29	0.002968	0.21061300000000002	0.213077	0.20546	0.13250399999999998	1206500.0
2014-08-28	0.002418	0.205006	0.21286599999999997	0.201413	0.107669	1807500.0
2014-08-27	0.003546	0.21333600000000003	0.215364	0.209504	0.157345	2361300.0
2014-08-26	-0.006673999999999999	0.20008900000000002	0.20546199999999998	0.199418	-0.298137	958600.0
2014-08-25	0.011818	0.22084	0.226503	0.218575	0.5217510000000001	957500.0
2014-08-22	0.002633	0.21815	0.220194	0.209747	0.115944	791400.0
2014-08-21	-0.002439	0.203399	0.20725	0.202719	-0.10766600000000001	1135300.0
2014-08-20	-0.001124	0.206119	0.209513	0.201819	-0.04969	1018000.0
2014-08-19	-0.001483	0.21630500000000003	0.21969499999999997	0.21472399999999997	-0.06564	901300.0
2014-08-18	0.00223	0.220602	0.222867	0.217885	0.098457	929400.0
2014-08-15	-0.008657	0.21766799999999997	0.21879099999999999	0.20060699999999998	-0.385623	1465900.0
2014-08-14	0.019913999999999998	0.24191700000000002	0.246038	0.24077199999999999	0.869712	1834200.0
2014-08-13	0.00415	0.224309	0.227528	0.21810100000000002	0.180516	1152900.0
2014-08-12	0.008945	0.221807	0.231781	0.21995100000000004	0.38562399999999997	1071200.0
2014-08-11	-0.008492	0.20683	0.210971	0.20521999999999999	-0.369229	1316700.0
2014-08-08	0.003599	0.21856	0.22340700000000002	0.210943	0.155899	1331500.0
2014-08-07	-0.006398	0.22269	0.22498400000000002	0.20755300000000002	-0.278957	1294200.0
2014-08-06	-0.003002	0.211931	0.217419	0.210788	-0.131279	1232900.0
2014-08-05	-0.007449	0.21447800000000003	0.21538600000000002	0.2054	-0.32820900000000003	1621100.0
2014-08-04	0.015507	0.23953400000000002	0.23953400000000002	0.227319	0.672802	1712800.0
2014-08-01	-0.009552	0.21057199999999998	0.21513800000000002	0.20258299999999999	-0.41845299999999996	2385300.0
2014-07-31	-0.015671	0.20778000000000002	0.210477	0.199241	-0.697411	1864800.0
2014-07-30	0.006495	0.225123	0.230325	0.220148	0.287171	2039000.0
2014-07-29	0.004286	0.22946599999999998	0.23037399999999997	0.22378800000000001	0.188716	1960000.0
2014-07-28	0.015903	0.237943	0.240019	0.23079000000000002	0.689213	2070300.0
2014-07-25	0.0034189999999999997	0.225505	0.226663	0.21902199999999997	0.14768199999999998	994900.0
2014-07-24	0.01602	0.23925700000000003	0.240904	0.234552	0.681008	1399500.0
2014-07-23	0.003875	0.22611199999999998	0.22682	0.22091599999999997	0.164097	683000.0
2014-07-22	0.00998	0.232386	0.233817	0.230001	0.41844499999999996	868200.0
2014-07-21	-0.000196	0.214498	0.21974499999999997	0.210206	-0.008209000000000001	889300.0
2014-07-18	0.001568	0.219507	0.22285100000000002	0.213775	0.065639	2739400.0
2014-07-17	-0.014484	0.208434	0.211729	0.19831300000000002	-0.615364	1127200.0
2014-07-16	0.008374	0.232794	0.233981	0.227573	0.35281	790700.0
2014-07-15	0.005286	0.22642600000000002	0.229528	0.219506	0.221527	1016400.0
2014-07-14	0.009486	0.23613299999999998	0.23806	0.22987	0.39383	910300.0
2014-07-11	0.0	0.219031	0.222885	0.214937	0.0	1192200.0
2014-07-10	-0.012297	0.194286	0.204516	0.19333499999999998	-0.516903	1423000.0
2014-07-09	0.005101	0.21974699999999997	0.22524699999999998	0.217356	0.213333	908600.0
2014-07-08	-0.015072	0.204895	0.205837	0.196417	-0.63998	1660900.0
2014-07-07	-0.006146	0.210598	0.21200300000000002	0.20732199999999998	-0.26255500000000004	914700.0
2014-07-03	0.006573000000000001	0.22161799999999998	0.227508	0.221383	0.278969	637100.0
2014-07-02	0.009563	0.229019	0.231873	0.227591	0.402027	1102000.0
2014-07-01	0.008662000000000001	0.226948	0.23366599999999998	0.226948	0.361027	1066500.0
2014-06-30	-0.002944	0.20970100000000003	0.21783400000000003	0.208744	-0.123081	1068200.0
2014-06-27	0.0017690000000000002	0.21927	0.22166599999999997	0.21471700000000002	0.07384099999999999	807400.0
2014-06-26	-0.007222	0.201186	0.21117800000000003	0.199996	-0.303581	1884600.0
2014-06-25	-0.001948	0.212142	0.21736599999999998	0.21143	-0.08204299999999999	1273100.0
2014-06-24	-0.006195	0.21478000000000003	0.21619499999999997	0.20982399999999998	-0.262546	1532100.0
2014-06-23	-0.002704	0.21455500000000002	0.216202	0.211025	-0.11488399999999999	1101400.0
2014-06-20	-0.005186	0.21340599999999998	0.215513	0.210129	-0.221523	1139500.0
2014-06-19	-0.001534	0.22557	0.226037	0.216219	-0.06564	1147600.0
2014-06-18	0.0026920000000000004	0.21668099999999998	0.222072	0.210588	0.114872	1857900.0
2014-06-17	-0.000192	0.21363600000000002	0.219025	0.211995	-0.008205	761400.0
2014-06-16	-0.004593	0.215759	0.21645799999999998	0.21086	-0.196915	1117400.0
2014-06-13	0.000766	0.21809099999999998	0.22369299999999998	0.21669000000000002	0.032818	1094500.0
2014-06-12	0.0034590000000000003	0.229566	0.2298	0.22043000000000001	0.147679	1143500.0
2014-06-11	-0.008386	0.20833800000000002	0.21159	0.207409	-0.361004	872600.0
2014-06-10	-0.00512	0.213013	0.213707	0.207236	-0.221543	1046700.0
2014-06-09	0.005338	0.22274000000000002	0.22669	0.221579	0.229744	677500.0
2014-06-06	0.003443	0.22135500000000002	0.22625100000000004	0.21902399999999997	0.147694	893200.0
2014-06-05	0.001341	0.218558	0.222059	0.212488	0.057429999999999995	910700.0
2014-06-04	-0.002484	0.217394	0.218092	0.211106	-0.10666600000000001	3063200.0
2014-06-03	-0.006077	0.20652399999999999	0.211848	0.20583	-0.26255500000000004	1341100.0
2014-06-02	-0.0011380000000000001	0.221102	0.221565	0.21231799999999998	-0.049236	1135000.0
2014-05-30	0.003999	0.219255	0.22505799999999998	0.218327	0.172306	1003500.0
2014-05-29	-0.00209	0.21601199999999998	0.21832800000000002	0.213464	-0.090244	737900.0
2014-05-28	0.008239	0.229533	0.229767	0.22579699999999997	0.352798	1026400.0
2014-05-27	0.0053939999999999995	0.228652	0.23053	0.222782	0.229737	1055000.0
2014-05-23	-0.001155	0.21386599999999997	0.218556	0.21339699999999998	-0.049229	1534700.0
2014-05-22	-0.0032600000000000003	0.21411599999999997	0.217388	0.212246	-0.139481	1127300.0
2014-05-21	-0.001532	0.22089099999999998	0.22229200000000002	0.215523	-0.06564299999999999	1361000.0
2014-05-20	-0.009581000000000001	0.220752	0.224219	0.215666	-0.41447399999999995	1663700.0
2014-05-19	0.000376	0.232079	0.23439200000000002	0.227686	0.016253999999999998	1779100.0
2014-05-16	0.015846000000000002	0.249723	0.251368	0.24573000000000003	0.674545	2750800.0
2014-05-15	0.014722999999999998	0.252152	0.253106	0.245716	0.617653	2438400.0
2014-05-14	0.004867	0.236688	0.241958	0.23573000000000002	0.203175	1239000.0
2014-05-13	0.001169	0.232859	0.235017	0.22902199999999998	0.048763	1411900.0
2014-05-12	0.019471000000000002	0.251975	0.255886	0.24904099999999998	0.7964479999999999	1472800.0
2014-05-09	0.000795	0.23021599999999998	0.233641	0.226546	0.032505	1363600.0
2014-05-08	-0.010234	0.21593	0.22368000000000002	0.215204	-0.422604	2439700.0
2014-05-07	-0.008584999999999999	0.214375	0.21989699999999998	0.212454	-0.357589	1680300.0
2014-05-06	0.007866	0.246673	0.24909299999999998	0.23893000000000003	0.32508400000000004	2093900.0
2014-05-05	-0.004308	0.22178699999999998	0.22540100000000002	0.216245	-0.178795	1049600.0
2014-05-02	-0.003901	0.2259	0.23238000000000003	0.22421999999999997	-0.162548	1210100.0
2014-05-01	-0.000974	0.235735	0.235975	0.228542	-0.04063	1376100.0
2014-04-30	-0.003689	0.221144	0.22735500000000003	0.220428	-0.154411	1631000.0
2014-04-29	0.015576	0.244774	0.251809	0.24161999999999997	0.6420279999999999	1571900.0
2014-04-28	-0.0025559999999999997	0.23142800000000002	0.233606	0.220781	-0.105644	2560900.0
2014-04-25	-0.01587	0.20664699999999997	0.2126	0.200931	-0.666416	4379100.0
2014-04-24	0.006232	0.23764899999999997	0.24076399999999998	0.232857	0.26005900000000004	1554900.0
2014-04-23	-0.009452	0.21764299999999998	0.22381500000000001	0.217169	-0.39821999999999996	3962700.0
2014-04-22	-0.0048	0.23069699999999999	0.23329499999999997	0.22431900000000002	-0.203182	3398000.0
2014-04-21	-0.001342	0.230461	0.232348	0.22597899999999999	-0.056880999999999994	1329800.0
2014-04-17	0.003849	0.22951300000000002	0.236381	0.228329	0.162537	1210500.0
2014-04-16	-0.0005769999999999999	0.234721	0.234721	0.223834	-0.024376	2072900.0
2014-04-15	-0.00038500000000000003	0.23235300000000003	0.23282600000000003	0.21792199999999998	-0.016258	1861700.0
2014-04-14	0.0069700000000000005	0.232366	0.24213400000000002	0.231413	0.292572	1587300.0
2014-04-11	0.0019399999999999999	0.233325	0.239054	0.229983	0.081276	2712100.0
2014-04-10	-0.005594	0.24019200000000002	0.240904	0.222865	-0.235688	2261200.0
2014-04-09	0.018268	0.246171	0.252938	0.23940300000000003	0.755814	1917100.0
2014-04-08	0.011926	0.243912	0.246602	0.238287	0.487617	1394700.0
2014-04-07	-0.010034999999999999	0.22779699999999997	0.228766	0.217144	-0.41447399999999995	1445100.0
2014-04-04	-0.004115	0.23456	0.235283	0.22395	-0.170666	1705700.0
2014-04-03	-0.00137	0.230942	0.23190500000000003	0.22155100000000003	-0.056888	977500.0
2014-04-02	-0.002927	0.226859	0.22878	0.224698	-0.12190999999999999	1039500.0
2014-04-01	0.008263	0.24208000000000002	0.244259	0.23578600000000002	0.341339	1308500.0
2014-03-31	-0.000786	0.22659	0.23433099999999998	0.22320399999999999	-0.032513	1858200.0
2014-03-28	0.002562	0.236038	0.23967600000000003	0.23191599999999998	0.105656	859700.0
2014-03-27	0.004554	0.233871	0.236794	0.22973000000000002	0.18692	1385800.0
2014-03-26	-0.004337	0.23700900000000003	0.23798000000000002	0.225124	-0.178799	1115900.0
2014-03-25	0.008749	0.241715	0.24660900000000002	0.236577	0.35759	1980700.0
2014-03-24	0.009029	0.24478000000000003	0.246508	0.236139	0.365723	1320400.0
2014-03-21	0.008703	0.239675	0.24864	0.236686	0.34946	1405100.0
2014-03-20	0.0036560000000000004	0.225462	0.235959	0.22121300000000002	0.146282	3758400.0
2014-03-19	-0.012041	0.22552199999999997	0.226016	0.207002	-0.487617	2744900.0
2014-03-18	-0.002203	0.22553299999999998	0.232185	0.224793	-0.089405	1498200.0
2014-03-17	0.0012029999999999999	0.22947399999999998	0.23860100000000004	0.229227	0.048767000000000005	1321600.0
2014-03-14	0.000602	0.235644	0.242062	0.22898000000000002	0.024387	2169300.0
2014-03-13	-0.00717	0.238548	0.23879299999999998	0.21894299999999997	-0.292576	2023900.0
2014-03-12	-0.005939	0.220716	0.22705	0.21706199999999998	-0.243812	2207900.0
2014-03-11	-0.0029059999999999997	0.252875	0.254575	0.246802	-0.119648	1722700.0
2014-03-10	-0.012249	0.23872800000000002	0.242327	0.23129	-0.510533	2396000.0
2014-03-07	-0.007597	0.247175	0.247889	0.236698	-0.31908000000000003	2144500.0
2014-03-06	0.006115	0.255999	0.262467	0.25408200000000003	0.255257	2097600.0
2014-03-05	-0.009651999999999999	0.242216	0.246486	0.23960599999999999	-0.406819	1733900.0
2014-03-04	0.011484999999999999	0.267521	0.274241	0.263682	0.47861499999999996	1004000.0
2014-03-03	-0.010419	0.23698000000000002	0.24244200000000002	0.23508	-0.43873999999999996	1282700.0
2014-02-28	-0.009011	0.246308	0.25125	0.238542	-0.382892	1514600.0
2014-02-27	0.018741999999999998	0.264391	0.278057	0.26271300000000003	0.781742	1194000.0
2014-02-26	-0.0019089999999999999	0.252646	0.25695300000000004	0.24738200000000002	-0.079762	1531000.0
2014-02-25	-0.012255	0.241786	0.245331	0.23422300000000001	-0.518501	1942400.0
2014-02-24	-0.023744	0.21114699999999997	0.226838	0.208378	-1.029037	2308800.0
2014-02-21	0.0	0.26398699999999997	0.267909	0.25314200000000003	0.0	1855300.0
2014-02-20	-0.001837	0.25153000000000003	0.256367	0.24600300000000003	-0.079773	1346500.0
2014-02-19	-0.002748	0.259575	0.266925	0.246942	-0.119656	2542100.0
2014-02-18	0.021141	0.27447699999999997	0.28808	0.273773	0.9013979999999999	2655500.0
2014-02-14	0.003191	0.255956	0.259486	0.253603	0.13562000000000002	925700.0
2014-02-13	0.007183	0.252181	0.263556	0.250759	0.30312	1403300.0
2014-02-12	0.009542	0.267239	0.26771799999999996	0.261259	0.398841	2224500.0
2014-02-11	0.019852	0.275318	0.28215	0.27360999999999996	0.8136680000000001	1513500.0
2014-02-10	-0.0073420000000000004	0.24343099999999998	0.24706399999999998	0.241009	-0.303128	1902800.0
2014-02-07	0.003879	0.254333	0.26187	0.248254	0.15953900000000001	1551200.0
2014-02-06	0.008607	0.256301	0.26905300000000004	0.25532	0.350986	1498000.0
2014-02-05	-0.003315	0.24822600000000003	0.253847	0.247004	-0.13561199999999998	1107300.0
2014-02-04	0.013637	0.266982	0.272432	0.264009	0.550426	1414100.0
2014-02-03	-0.017285	0.252873	0.25409	0.229744	-0.709957	2066700.0
2014-01-31	-0.014922999999999999	0.230819	0.245689	0.22962	-0.622208	1170300.0
2014-01-30	0.010243	0.267898	0.269594	0.262326	0.422779	1366000.0
2014-01-29	-0.020632	0.226552	0.23794200000000001	0.22441599999999998	-0.869499	1873200.0
2014-01-28	0.004182	0.261467	0.26504099999999997	0.25550900000000004	0.175499	935200.0
2014-01-27	-0.011090000000000001	0.248419	0.253603	0.23569400000000001	-0.470649	1461000.0
2014-01-24	-0.030964999999999996	0.23099699999999998	0.231454	0.21432800000000002	-1.356095	1922900.0
2014-01-23	-0.015246000000000001	0.24505900000000003	0.245508	0.23111700000000002	-0.678028	2294000.0
2014-01-22	0.000359	0.256077	0.256302	0.249779	0.015941999999999998	1160500.0
2014-01-21	0.001438	0.26103699999999996	0.26171300000000003	0.250449	0.06382	1554500.0
2014-01-17	0.004331000000000001	0.263784	0.265368	0.257902	0.19144	3629300.0
2014-01-16	-0.008765	0.252258	0.252258	0.235438	-0.390861	1473500.0
2014-01-15	0.005396	0.25811300000000004	0.26375	0.256986	0.239315	1328600.0
2014-01-14	0.006152	0.26177	0.263131	0.25745999999999997	0.271206	897400.0
2014-01-13	-0.012509000000000001	0.24397	0.24957100000000002	0.23792199999999997	-0.558388	1422900.0
2014-01-10	0.011204	0.273991	0.27466999999999997	0.263571	0.494579	1484400.0
2014-01-09	-0.004497	0.24954400000000002	0.250446	0.24413200000000002	-0.199432	1424000.0
2014-01-08	0.00054	0.259921	0.262403	0.252701	0.023941	1691800.0
2014-01-07	0.022075	0.27966199999999997	0.288426	0.27620300000000003	0.957233	1844900.0
2014-01-06	0.004992	0.26565500000000003	0.27029000000000003	0.259397	0.21537399999999998	1012200.0
2014-01-03	-0.008796	0.24142800000000003	0.250157	0.241198	-0.382885	1021100.0
2014-01-02	-0.010158	0.243598	0.24496199999999999	0.236094	-0.446716	1551300.0
2013-12-31	0.006940999999999999	0.258183	0.262762	0.257954	0.303123	787900.0
2013-12-30	-0.000183	0.248567	0.25543499999999997	0.24788000000000002	-0.007976	678000.0
2013-12-27	0.003114	0.261411	0.262559	0.256818	0.13561199999999998	1172400.0
2013-12-26	0.000917	0.255902	0.260729	0.252684	0.039891	751500.0
2013-12-24	0.007016	0.259158	0.263556	0.25638099999999997	0.303115	420600.0
2013-12-23	0.011769	0.266015	0.272338	0.26461	0.502553	955700.0
2013-12-20	-0.000933	0.252433	0.260388	0.25103000000000003	-0.039887	1529400.0
2013-12-19	-0.008145	0.224827	0.24873	0.223667	-0.350983	4017000.0
2013-12-18	0.019053	0.26661	0.278434	0.25454899999999997	0.805672	934900.0
2013-12-17	-0.007675	0.245155	0.247971	0.23835	-0.32705300000000004	928100.0
2013-12-16	0.006784999999999999	0.26163600000000004	0.26896	0.259746	0.28717	756000.0
2013-12-13	-0.000753	0.252895	0.25501999999999997	0.247937	-0.03191	691100.0
2013-12-12	-0.006176	0.24891100000000002	0.250553	0.24234099999999997	-0.26324000000000003	1067200.0
2013-12-11	-0.010739	0.25012199999999996	0.25151399999999996	0.23851599999999998	-0.46266199999999996	989200.0
2013-12-10	-0.00589	0.245297	0.248527	0.24206599999999998	-0.255264	1128700.0
2013-12-09	0.0018440000000000002	0.251523	0.257764	0.250136	0.079776	933700.0
2013-12-06	0.006495999999999999	0.256628	0.265237	0.256628	0.27919	784100.0
2013-12-05	-0.009012000000000001	0.24806999999999998	0.24968400000000002	0.239078	-0.390872	829400.0
2013-12-04	-0.013069999999999998	0.230165	0.24063299999999999	0.22652399999999998	-0.574349	1505900.0
2013-12-03	-0.008281	0.24841300000000002	0.24976700000000002	0.23938600000000002	-0.36693899999999996	925500.0
2013-12-02	-0.009804	0.246006	0.248464	0.241313	-0.43873999999999996	681900.0
2013-11-29	0.0019649999999999997	0.260992	0.263903	0.254723	0.08774900000000001	631700.0
2013-11-27	0.001789	0.254949	0.259211	0.253155	0.079769	721600.0
2013-11-26	0.0007160000000000001	0.250236	0.258092	0.24978699999999998	0.03191	627800.0
2013-11-25	-0.003213	0.248234	0.252932	0.24733899999999998	-0.143585	813500.0
2013-11-22	-0.005326	0.24603699999999998	0.24714899999999998	0.24002800000000002	-0.23931100000000002	1409200.0
2013-11-21	0.005354	0.252485	0.262329	0.250247	0.23931100000000002	842600.0
2013-11-20	0.000536	0.25852800000000004	0.264125	0.251589	0.02393	575100.0
2013-11-19	-0.001605	0.248016	0.255391	0.24533400000000002	-0.071793	1361700.0
2013-11-18	0.008813	0.266681	0.270063	0.261495	0.390881	886500.0
2013-11-15	0.007064	0.257917	0.265637	0.25655500000000003	0.31108800000000003	709700.0
2013-11-14	-0.000362	0.24861	0.25632699999999997	0.247475	-0.015949	1517200.0
2013-11-13	-0.006297	0.23510799999999998	0.24638600000000002	0.234206	-0.279194	988900.0
2013-11-12	-0.0075	0.24509699999999998	0.25002199999999997	0.23927600000000002	-0.33503299999999997	988600.0
2013-11-11	0.001073	0.252483	0.254948	0.25069	0.047859	739300.0
2013-11-08	0.012121999999999999	0.251108	0.269027	0.250882	0.534462	1343000.0
2013-11-07	-0.014268000000000001	0.250473	0.252932	0.23370500000000002	-0.6381680000000001	982100.0
2013-11-06	-0.000891	0.250699	0.25516700000000003	0.244445	-0.039879000000000005	1343700.0
2013-11-05	-0.006901000000000001	0.245617	0.247614	0.23718699999999998	-0.31109699999999996	1273900.0
2013-11-04	0.023546	0.289252	0.289479	0.277672	1.036999	1684900.0
2013-11-01	0.003089	0.25337600000000005	0.258159	0.248137	0.13562000000000002	994100.0
2013-10-31	0.000909	0.254515	0.259302	0.251323	0.039875	1318800.0
2013-10-30	-0.0074010000000000005	0.252698	0.254735	0.242063	-0.32705700000000004	1068500.0
2013-10-29	0.002715	0.261318	0.262906	0.253603	0.11965999999999999	1129500.0
2013-10-28	-0.000904	0.249069	0.256323	0.247029	-0.039889999999999995	1615300.0
2013-10-25	-0.0012640000000000001	0.247943	0.25450900000000004	0.245679	-0.055827999999999996	1393000.0
2013-10-24	0.005265	0.258155	0.261569	0.255879	0.231319	1015200.0
2013-10-23	-0.007925	0.23870100000000002	0.246378	0.236895	-0.350979	1101800.0
2013-10-22	0.007735	0.268989	0.279	0.267396	0.339951	1231800.0
2013-10-21	0.006883	0.268559	0.277265	0.2681	0.300419	1270100.0
2013-10-18	0.000906	0.258472	0.26810300000000004	0.25663800000000003	0.039531000000000004	1166900.0
2013-10-17	0.005652	0.260511	0.273656	0.259127	0.24507199999999998	1397800.0
2013-10-16	0.002742	0.26628	0.27368000000000003	0.26443	0.118583	1621200.0
2013-10-15	-0.016187	0.2542	0.25488299999999997	0.243281	-0.7115130000000001	1779300.0
2013-10-14	0.004517	0.260094	0.273577	0.259865	0.197643	911600.0
2013-10-11	0.014666	0.280197	0.28483400000000003	0.26327	0.632469	1455700.0
2013-10-10	0.014884	0.275483	0.283719	0.274777	0.632458	1088900.0
2013-10-09	0.004861	0.26914899999999997	0.27364299999999997	0.26158200000000004	0.20555900000000002	807100.0
2013-10-08	-0.012189	0.25998699999999997	0.261389	0.24924200000000002	-0.52179	1080100.0
2013-10-07	-0.01114	0.250803	0.256577	0.25011	-0.482254	623200.0
2013-10-04	0.006803	0.265823	0.27512600000000004	0.26512600000000003	0.292523	496400.0
2013-10-03	-0.0032990000000000003	0.263734	0.264893	0.254231	-0.142308	713200.0
2013-10-02	-0.0016469999999999998	0.25517399999999996	0.26281	0.25124	-0.071155	878500.0
2013-10-01	0.007372	0.270488	0.274917	0.268856	0.316234	1067900.0
2013-09-30	-0.009673000000000001	0.251272	0.257274	0.249887	-0.41901400000000005	975700.0
2013-09-27	-0.003274	0.260751	0.264433	0.25799	-0.142299	903300.0
2013-09-26	0.000364	0.25798699999999997	0.26765500000000003	0.257527	0.0158	844400.0
2013-09-25	-0.001816	0.26259499999999997	0.268569	0.258459	-0.079052	777100.0
2013-09-24	-0.0041600000000000005	0.261461	0.265351	0.254367	-0.181827	892500.0
2013-09-23	0.002539	0.267875	0.270399	0.259617	0.11068299999999999	713800.0
2013-09-20	-0.017463	0.25159499999999996	0.260836	0.242579	-0.7747689999999999	1363900.0
2013-09-19	-0.012667	0.26289	0.26289	0.24753499999999998	-0.569214	881700.0
2013-09-18	0.026919	0.273348	0.301686	0.264664	1.177956	1415800.0
2013-09-17	-0.01196	0.253603	0.258345	0.24705500000000002	-0.529686	894500.0
2013-09-16	0.002326	0.273041	0.274399	0.26693	0.102783	1018300.0
2013-09-13	0.0061200000000000004	0.262388	0.27468400000000004	0.262388	0.268784	652800.0
2013-09-12	0.0010810000000000001	0.264209	0.27287100000000003	0.263753	0.047443	745600.0
2013-09-11	-0.002517	0.253751	0.262392	0.24602	-0.11069100000000001	955100.0
2013-09-10	0.001801	0.264665	0.27013200000000004	0.262843	0.079064	1005200.0
2013-09-09	0.003796	0.261463	0.270838	0.261006	0.166023	746600.0
2013-09-06	-0.0019850000000000002	0.270826	0.271282	0.260785	-0.086971	1035300.0
2013-09-05	0.020247	0.280724	0.2919	0.28025900000000004	0.869648	1132100.0
2013-09-04	0.01192	0.266306	0.281856	0.26465700000000003	0.50597	692300.0
2013-09-03	0.024227000000000002	0.302777	0.30446599999999996	0.28781599999999996	1.004032	1048500.0
2013-08-30	-0.015771	0.257531	0.258718	0.237581	-0.664078	1410300.0
2013-08-29	0.0033909999999999995	0.268705	0.276808	0.26679899999999995	0.142292	986500.0
2013-08-28	0.00018899999999999999	0.251546	0.267515	0.251069	0.007912	2674800.0
2013-08-27	-0.02139	0.240635	0.24879899999999996	0.235037	-0.917076	1068000.0
2013-08-26	-0.003857	0.260943	0.265822	0.258387	-0.166016	526500.0
2013-08-23	0.006285	0.272375	0.275648	0.265594	0.268795	826700.0
2013-08-22	0.011404000000000001	0.278845	0.284993	0.274115	0.482258	3267700.0
2013-08-21	-0.022835	0.24663800000000002	0.24894899999999998	0.233236	-0.988232	1115300.0
2013-08-20	0.007294	0.278308	0.289015	0.27249	0.31337	862300.0
2013-08-19	-0.009214	0.269759	0.273679	0.263763	-0.39954	692700.0
2013-08-16	-0.002703	0.27115700000000004	0.27621599999999996	0.268627	-0.117523	696100.0
2013-08-15	-0.0051979999999999995	0.264092	0.273701	0.256999	-0.227192	970200.0
2013-08-14	0.0034170000000000003	0.281956	0.284482	0.277595	0.148857	523000.0
2013-08-13	0.009257	0.277837	0.29058	0.271812	0.39954	1149400.0
2013-08-12	-0.002896	0.272981	0.278064	0.26905300000000004	-0.125351	854700.0
2013-08-09	0.012832	0.29072	0.29657	0.28767800000000004	0.548401	760100.0
2013-08-08	0.005901	0.283037	0.287038	0.27315100000000003	0.250698	982300.0
2013-08-07	-0.014896000000000001	0.268331	0.26995399999999997	0.256042	-0.64241	861300.0
2013-08-06	-0.005779	0.276447	0.278521	0.261923	-0.250691	882800.0
2013-08-05	-0.044851	0.21170999999999998	0.22712399999999996	0.207527	-2.036915	2599700.0
2013-08-02	0.011693	0.282684	0.29137199999999996	0.27756	0.524895	1112800.0
2013-08-01	0.009692000000000001	0.28521799999999997	0.289717	0.280045	0.430885	773200.0
2013-07-31	0.008889	0.289381	0.295962	0.284616	0.39171999999999996	1100200.0
2013-07-30	0.0026739999999999997	0.281452	0.283955	0.272123	0.117504	672200.0
2013-07-29	-0.009534	0.26269899999999996	0.266756	0.255037	-0.423046	709800.0
2013-07-26	-0.00141	0.26902	0.277121	0.262044	-0.062675	660800.0
2013-07-25	0.00746	0.272592	0.286196	0.270779	0.329052	608500.0
2013-07-24	-0.0024809999999999997	0.282779	0.283005	0.268531	-0.10968399999999999	674100.0
2013-07-23	-0.001415	0.280737	0.285029	0.27034899999999995	-0.062676	886300.0
2013-07-22	0.0026609999999999997	0.275541	0.281881	0.274862	0.11751600000000001	808400.0
2013-07-19	-0.000709	0.269206	0.276446	0.262191	-0.031342	1066500.0
2013-07-18	0.013656999999999999	0.29181399999999996	0.300072	0.290668	0.595406	1100100.0
2013-07-17	0.009798999999999999	0.29127	0.296134	0.287333	0.423054	1524500.0
2013-07-16	-0.002715	0.276677	0.276908	0.26905500000000004	-0.11752	627300.0
2013-07-15	0.007108	0.283193	0.288543	0.279005	0.305535	518200.0
2013-07-12	-0.0032700000000000003	0.26995399999999997	0.27366399999999996	0.26578	-0.141018	705900.0
2013-07-11	0.018313	0.29628000000000004	0.302892	0.286127	0.7755920000000001	894900.0
2013-07-10	-0.00037	0.27385	0.28494400000000003	0.269366	-0.015667	874100.0
2013-07-09	0.007451	0.279775	0.286909	0.27216599999999996	0.313366	771500.0
2013-07-08	0.000932	0.280017	0.28525300000000003	0.272876	0.039174	840900.0
2013-07-05	0.027395	0.310436	0.312392	0.29625300000000004	1.1203	1270700.0
2013-07-03	-0.007227	0.25605500000000003	0.271106	0.254598	-0.297699	609400.0
2013-07-02	-0.0032229999999999997	0.267735	0.28007600000000005	0.265073	-0.133187	883000.0
2013-07-01	0.016378	0.299073	0.310141	0.29390900000000003	0.665913	941100.0
2013-06-28	-0.005365999999999999	0.270086	0.280605	0.266417	-0.21936	877300.0
2013-06-27	0.0	0.273022	0.282317	0.269842	0.0	1076900.0
2013-06-26	0.0026899999999999997	0.283314	0.284541	0.27473000000000003	0.10968	1100900.0
2013-06-25	0.026835	0.310448	0.313722	0.294077	1.06546	1414000.0
2013-06-24	-0.013624	0.254336	0.266758	0.251603	-0.548401	2998700.0
2013-06-21	-0.000584	0.282902	0.28439200000000003	0.262046	-0.023506	1811600.0
2013-06-20	-0.035279000000000005	0.24626599999999998	0.248182	0.229738	-1.4728350000000001	2470300.0
2013-06-19	-0.02274	0.26614699999999997	0.272467	0.24625	-0.971447	1568300.0
2013-06-18	0.013757	0.296617	0.301363	0.29068499999999997	0.579734	920100.0
2013-06-17	0.009004	0.2877	0.29751700000000003	0.279559	0.376042	1162400.0
2013-06-14	-0.022194	0.248586	0.257248	0.24320100000000003	-0.947941	1502000.0
2013-06-13	0.010753	0.27621	0.292065	0.27195	0.454388	1186500.0
2013-06-12	0.000371	0.29680500000000004	0.298699	0.2755	0.01567	1537500.0
2013-06-11	-0.011729999999999999	0.25398699999999996	0.268726	0.249542	-0.5013880000000001	1678100.0
2013-06-10	-0.007459	0.269248	0.270409	0.26251399999999997	-0.321209	1164100.0
2013-06-07	0.003102	0.267828	0.283435	0.262937	0.133186	1006900.0
2013-06-06	-0.000183	0.268994	0.276213	0.26224000000000003	-0.007847	1486200.0
2013-06-05	-0.017214	0.26500300000000004	0.266834	0.25333	-0.7520859999999999	1235700.0
2013-06-04	0.001257	0.280113	0.287446	0.273926	0.054847	1537900.0
2013-06-03	0.015312000000000001	0.28784699999999996	0.297154	0.281565	0.6580739999999999	2144000.0
2013-05-31	-0.022104	0.260974	0.268255	0.24823299999999998	-0.971455	1760300.0
2013-05-30	0.01355	0.28913	0.296971	0.287747	0.5875819999999999	1066400.0
2013-05-29	-0.009839	0.264344	0.267313	0.254297	-0.430889	1160000.0
2013-05-28	0.009937	0.30412	0.308733	0.284057	0.430889	1037600.0
2013-05-24	-0.016175	0.251716	0.2558	0.247405	-0.712921	1110200.0
2013-05-23	-0.017464	0.250811	0.258836	0.240556	-0.783417	1426000.0
2013-05-22	-0.007109999999999999	0.283529	0.291719	0.265158	-0.321213	1539400.0
2013-05-21	-0.007506999999999999	0.271038	0.280264	0.268841	-0.34174299999999996	1368600.0
2013-05-20	0.01454	0.292639	0.308463	0.291971	0.652416	1936200.0
2013-05-17	0.011026000000000001	0.289767	0.302836	0.286612	0.48931899999999995	1182000.0
2013-05-16	-0.0043560000000000005	0.284821	0.292	0.280559	-0.194172	1072200.0
2013-05-15	0.005783	0.296765	0.298796	0.288642	0.256309	2032200.0
2013-05-14	0.007415000000000001	0.288195	0.29751500000000003	0.288195	0.326207	895800.0
2013-05-13	-0.009963	0.27671100000000004	0.27873600000000004	0.27041	-0.44271099999999997	1122300.0
2013-05-10	0.012208	0.297081	0.303231	0.29480300000000004	0.5359149999999999	2185900.0
2013-05-09	-0.009464	0.278036	0.28322600000000003	0.271042	-0.419411	1080100.0
2013-05-08	0.001052	0.29180500000000004	0.296322	0.286609	0.046589	2064200.0
2013-05-07	0.021506	0.314279	0.31658600000000003	0.307357	0.9320450000000001	1593200.0
2013-05-06	0.001436	0.285434	0.291904	0.283816	0.062126999999999995	783000.0
2013-05-03	0.007595	0.297525	0.302181	0.292636	0.32621700000000003	821800.0
2013-05-02	0.009124	0.285869	0.29973099999999997	0.283754	0.388348	793500.0
2013-05-01	-0.001094	0.299717	0.299952	0.285166	-0.046612	873900.0
2013-04-30	0.0045780000000000005	0.295057	0.29930100000000004	0.28657	0.194164	1119900.0
2013-04-29	0.006451	0.290124	0.298666	0.284903	0.271862	831400.0
2013-04-26	0.017438	0.299584	0.310931	0.29596300000000003	0.722309	1297100.0
2013-04-25	0.003387	0.291147	0.296476	0.289936	0.139809	1132100.0
2013-04-24	0.011803	0.297808	0.30687600000000004	0.297562	0.481548	1118800.0
2013-04-23	0.0063219999999999995	0.294173	0.30083200000000004	0.289733	0.256306	918400.0
2013-04-22	0.005587	0.293466	0.299915	0.281065	0.22524699999999998	1043400.0
2013-04-19	0.020243	0.30902199999999996	0.314842	0.305733	0.799983	1159100.0
2013-04-18	-0.007606999999999999	0.28224	0.28224	0.27018600000000004	-0.302906	1282200.0
2013-04-17	-0.018944	0.267558	0.268297	0.255486	-0.768917	1750600.0
2013-04-16	0.012594	0.300735	0.304477	0.291006	0.504841	1207600.0
2013-04-15	-0.027511	0.266407	0.271016	0.251608	-1.133964	1703600.0
2013-04-12	-0.0033799999999999998	0.27566599999999997	0.284612	0.272523	-0.13980499999999998	821600.0
2013-04-11	0.003392	0.293336	0.298673	0.289697	0.13980499999999998	942800.0
2013-04-10	0.008169	0.29265	0.302678	0.29265	0.333973	1257000.0
2013-04-09	0.006501000000000001	0.287021	0.301545	0.286036	0.26407600000000003	1333300.0
2013-04-08	-0.004378	0.272072	0.281876	0.269866	-0.17863900000000002	1588200.0
2013-04-05	-0.007181999999999999	0.267073	0.27972600000000003	0.26098899999999997	-0.295143	1519700.0
2013-04-04	0.0	0.28410599999999997	0.292137	0.280213	0.0	1258600.0
2013-04-03	-0.014343999999999999	0.285115	0.286554	0.26712600000000003	-0.598053	1042800.0
2013-04-02	0.011113	0.299396	0.306187	0.295759	0.45824499999999996	1428600.0
2013-04-01	-0.004686999999999999	0.28775500000000004	0.29234099999999996	0.278341	-0.194168	832200.0
2013-03-28	0.008126999999999999	0.302114	0.30479	0.2953	0.333976	1402900.0
2013-03-27	-0.005638000000000001	0.26985	0.280738	0.26864	-0.23300500000000002	1571000.0
2013-03-26	0.007193000000000001	0.295555	0.30043000000000003	0.28995	0.295135	1898300.0
2013-03-25	-0.011784000000000001	0.291608	0.29329299999999997	0.26559699999999997	-0.489307	1926500.0
2013-03-22	0.003002	0.292827	0.300799	0.28630500000000003	0.12426400000000001	1622400.0
2013-03-21	-0.010765	0.27317600000000003	0.286319	0.26983	-0.450474	1636400.0
2013-03-20	0.011071	0.316506	0.317231	0.295969	0.45824	2143700.0
2013-03-19	-0.004226	0.318159	0.319844	0.297469	-0.175663	2482700.0
2013-03-18	-0.0022010000000000003	0.305177	0.31285799999999997	0.303496	-0.091667	1551100.0
2013-03-15	-0.021001	0.293042	0.294687	0.277061	-0.893619	2232800.0
2013-03-14	0.02748	0.333888	0.3491	0.330507	1.1380379999999999	2132300.0
2013-03-13	-0.002025	0.301064	0.30974	0.297931	-0.084018	1164700.0
2013-03-12	-0.008938	0.306631	0.307347	0.293734	-0.374257	1593100.0
2013-03-11	-0.0009109999999999999	0.300906	0.30878	0.300906	-0.038192000000000004	1164200.0
2013-03-08	0.014046000000000001	0.332728	0.333938	0.324017	0.580486	1570000.0
2013-03-07	0.002594	0.318234	0.319204	0.31144099999999997	0.10693	1068600.0
2013-03-06	-0.002034	0.309016	0.310952	0.29981599999999997	-0.08401900000000001	2511800.0
2013-03-05	0.0024100000000000002	0.311685	0.31581	0.307559	0.099297	2491100.0
2013-03-04	-0.01605	0.282514	0.288245	0.276305	-0.672142	1877300.0
2013-03-01	-0.011003	0.2821	0.298158	0.278557	-0.465908	1447500.0
2013-02-28	0.0043479999999999994	0.322303	0.325386	0.31495	0.183307	1846700.0
2013-02-27	0.016762	0.318181	0.334097	0.315769	0.6950529999999999	1577300.0
2013-02-26	-0.002022	0.309258	0.317441	0.297224	-0.084011	1460200.0
2013-02-25	-0.013956999999999999	0.31495300000000004	0.321123	0.290273	-0.588123	2072600.0
2013-02-22	0.008223999999999999	0.320982	0.323374	0.31380399999999997	0.3437	1525300.0
2013-02-21	-0.017594	0.293979	0.29444899999999996	0.282931	-0.748516	1459100.0
2013-02-20	-0.010657	0.308095	0.309258	0.29484	-0.458271	1163500.0
2013-02-19	-0.0047729999999999995	0.30138899999999996	0.310415	0.300926	-0.206215	1004000.0
2013-02-15	0.004439	0.317394	0.322276	0.31135	0.190937	1026700.0
2013-02-14	-0.009497	0.295903	0.300738	0.291758	-0.412445	906800.0
2013-02-13	-0.002106	0.31040700000000004	0.315232	0.30259400000000003	-0.091652	827800.0
2013-02-12	0.013158000000000001	0.32019899999999996	0.331606	0.32019899999999996	0.5652050000000001	1327000.0
2013-02-11	-0.009161	0.302338	0.302799	0.294495	-0.397175	796300.0
2013-02-08	0.025845	0.33315700000000004	0.344515	0.331737	1.092224	1150100.0
2013-02-07	-0.011611	0.300136	0.301072	0.2847	-0.496467	1161700.0
2013-02-06	0.005749	0.30243600000000004	0.317726	0.30079	0.244419	764000.0
2013-02-05	-0.001077	0.31043200000000004	0.314662	0.304793	-0.045838	1274700.0
2013-02-04	-0.019532	0.286911	0.29244000000000003	0.278156	-0.8478049999999999	1533300.0
2013-02-01	-0.000528	0.306725	0.308797	0.301659	-0.022911	1306700.0
2013-01-31	-0.0045520000000000005	0.305361	0.311321	0.301694	-0.19858499999999998	1912900.0
2013-01-30	0.004749000000000001	0.315936	0.321233	0.312942	0.20621799999999998	1952600.0
2013-01-29	0.011206	0.315546	0.326258	0.31298400000000004	0.48119399999999996	1704800.0
2013-01-28	-0.001953	0.319252	0.319252	0.306236	-0.08401499999999999	1144800.0
2013-01-25	0.015321000000000001	0.321765	0.329788	0.31893299999999997	0.649216	1835300.0
2013-01-24	0.004345	0.309021	0.32253000000000004	0.309021	0.183311	1317900.0
2013-01-23	0.002359	0.30806999999999995	0.315197	0.307832	0.099297	1057600.0
2013-01-22	-0.003436	0.302155	0.308548	0.299551	-0.145119	1270600.0
2013-01-18	-0.001084	0.309731	0.311386	0.304291	-0.04583	1010500.0
2013-01-17	0.010588	0.320013	0.32574899999999996	0.312126	0.44300500000000004	1481900.0
2013-01-16	0.000182	0.30615	0.313082	0.302325	0.007633	2837800.0
2013-01-15	0.005139	0.308537	0.31766700000000003	0.30733499999999997	0.21386	1904700.0
2013-01-14	-0.0021969999999999997	0.309737	0.311176	0.299428	-0.091656	1065800.0
2013-01-11	0.002754	0.313104	0.319355	0.306132	0.114567	1636600.0
2013-01-10	0.014153	0.324374	0.33071300000000003	0.321936	0.5804819999999999	1375900.0
2013-01-09	0.009778	0.32058200000000003	0.327968	0.319105	0.397171	1459500.0
2013-01-08	-0.010789	0.293428	0.297324	0.2888	-0.44300100000000003	1892900.0
2013-01-07	0.00149	0.31194	0.314379	0.306331	0.061104	1432900.0
2013-01-04	0.006186	0.312203	0.320792	0.311467	0.25206	1457200.0
2013-01-03	-0.017315	0.292377	0.294065	0.283695	-0.717968	1339800.0
2013-01-02	0.022989	0.34108299999999997	0.34355	0.332448	0.931832	1603200.0
2012-12-31	0.010088	0.308261	0.324459	0.30377600000000005	0.404808	1489400.0
2012-12-28	-0.004736	0.297849	0.308266	0.297849	-0.19095299999999998	886800.0
2012-12-27	-0.000379	0.314216	0.315208	0.299589	-0.015278	1045200.0
2012-12-26	0.002277	0.312488	0.31522100000000003	0.30751799999999996	0.091656	836300.0
2012-12-24	0.00057	0.311992	0.313981	0.308014	0.022911	508700.0
2012-12-21	-0.007351000000000001	0.292969	0.302347	0.290995	-0.29787399999999997	1274700.0
2012-12-20	0.004354	0.315207	0.31545500000000004	0.31049699999999997	0.175674	1342600.0
2012-12-19	0.010715	0.33305799999999997	0.335312	0.322786	0.427716	2411900.0
2012-12-18	0.002494	0.30448600000000003	0.315285	0.303732	0.0993	1514000.0
2012-12-17	0.0019219999999999999	0.300702	0.31227699999999997	0.300199	0.076374	1416000.0
2012-12-14	0.005994	0.31153600000000004	0.318877	0.307739	0.23678200000000002	1576400.0
2012-12-13	-0.001352	0.315325	0.316842	0.306224	-0.053466999999999994	1695100.0
2012-12-12	-0.000964	0.308753	0.31936	0.306985	-0.038189	1153600.0
2012-12-11	0.005821	0.317641	0.322467	0.314339	0.229142	1226700.0
2012-12-10	-0.002709	0.304191	0.309764	0.303938	-0.106938	1116200.0
2012-12-07	-0.001353	0.299644	0.30875199999999997	0.297114	-0.053466999999999994	1921400.0
2012-12-06	-0.002313	0.309762	0.31051999999999996	0.30294699999999997	-0.091655	1517600.0
2012-12-05	0.01269	0.32127100000000003	0.33277399999999996	0.31845999999999997	0.49646	2920700.0
2012-12-04	0.0037240000000000003	0.31567199999999995	0.318751	0.311824	0.14513	1671300.0
2012-12-03	-0.001956	0.31309899999999996	0.31540300000000004	0.306697	-0.076378	1325800.0
2012-11-30	0.008481	0.322169	0.325268	0.317779	0.328419	2171500.0
2012-11-29	0.014	0.327325	0.331515	0.321827	0.53466	1617100.0
2012-11-28	0.004621	0.300577	0.316887	0.295052	0.175674	1405200.0
2012-11-27	-0.001805	0.306895	0.312409	0.300592	-0.06874	1148400.0
2012-11-26	-0.007365999999999999	0.2944	0.299613	0.291794	-0.282612	1303200.0
2012-11-23	0.017214	0.326492	0.33259	0.324901	0.649227	850400.0
2012-11-21	0.007139	0.315132	0.319939	0.31032600000000005	0.26733	1478400.0
2012-11-20	-0.005477	0.290137	0.303415	0.28827800000000003	-0.206222	2027300.0
2012-11-19	0.032461000000000004	0.340515	0.35175700000000004	0.339419	1.183876	3292100.0
2012-11-16	-0.001255	0.303233	0.30953200000000003	0.292827	-0.045826	1621500.0
2012-11-15	0.006314999999999999	0.320832	0.327446	0.311187	0.22914099999999998	1508200.0
2012-11-14	-0.010001999999999999	0.318533	0.32016999999999995	0.295071	-0.366631	2168600.0
2012-11-13	-0.002079	0.301635	0.31851399999999996	0.300001	-0.07637000000000001	1041900.0
2012-11-12	0.003757	0.314176	0.318002	0.307345	0.13747	822900.0
2012-11-09	-0.0024980000000000002	0.293993	0.311166	0.293993	-0.091644	1667600.0
2012-11-08	-0.015981	0.299601	0.307112	0.288335	-0.5957640000000001	1793900.0
2012-11-07	-0.022627	0.288547	0.289071	0.273865	-0.863083	1974300.0
2012-11-06	0.008482	0.30740700000000004	0.321684	0.30687800000000004	0.320797	1266200.0
2012-11-05	-0.007615	0.295352	0.30243600000000004	0.293515	-0.290234	1309700.0
2012-11-02	-0.008938	0.307958	0.308218	0.292616	-0.343715	1590500.0
2012-11-01	0.020057	0.32172399999999995	0.338435	0.320398	0.756157	2371500.0
2012-10-31	0.001623	0.317228	0.317494	0.303679	0.061107	1303900.0
2012-10-26	-0.006652	0.29896500000000004	0.30661900000000003	0.293951	-0.252052	1686800.0
2012-10-25	0.01535	0.33632199999999995	0.33793	0.32185199999999997	0.572838	1465900.0
2012-10-24	0.006178	0.320312	0.324356	0.313302	0.22914099999999998	1321900.0
2012-10-23	-0.015072	0.297491	0.30492600000000003	0.292976	-0.567585	1874800.0
2012-10-22	0.013441999999999999	0.334039	0.33996	0.326504	0.49946599999999997	1523400.0
2012-10-19	-0.008681	0.32112399999999997	0.321924	0.306717	-0.325405	1377200.0
2012-10-18	-0.002216	0.323254	0.329376	0.312606	-0.08325199999999999	1463500.0
2012-10-17	0.007305	0.32434	0.33292	0.323267	0.272442	1086500.0
2012-10-16	0.015872999999999998	0.340731	0.346179	0.33882399999999996	0.582725	2092000.0
2012-10-15	0.012312	0.329939	0.340142	0.32607800000000003	0.446499	1474700.0
2012-10-12	0.00293	0.326369	0.33300599999999997	0.319178	0.105946	1347900.0
2012-10-11	0.012074	0.345182	0.34826	0.336505	0.431358	1124600.0
2012-10-10	-0.001902	0.32753699999999997	0.328375	0.315245	-0.0681	870200.0
2012-10-09	-0.011493999999999999	0.31421	0.317524	0.30344099999999996	-0.41623699999999997	1020900.0
2012-10-08	-0.008701	0.309345	0.31263	0.305787	-0.317848	937900.0
2012-10-05	0.004997	0.338998	0.346702	0.324417	0.181637	1437200.0
2012-10-04	0.015863	0.335365	0.34347	0.329495	0.567577	1249200.0
2012-10-03	0.006171	0.334045	0.334326	0.326171	0.21946	923700.0
2012-10-02	-0.005502	0.32978	0.33005999999999996	0.309645	-0.196751	920700.0
2012-10-01	0.017004	0.34585	0.361208	0.341015	0.597843	1442700.0
2012-09-28	-0.016094999999999998	0.310477	0.31187600000000004	0.295645	-0.575149	1446400.0
2012-09-27	0.016358	0.341584	0.344997	0.330776	0.575149	1558400.0
2012-09-26	-0.007689	0.311512	0.314052	0.301917	-0.272438	1606000.0
2012-09-25	-0.014938	0.318888	0.32695100000000005	0.300818	-0.537308	1210900.0
2012-09-24	-0.00168	0.30890100000000004	0.324721	0.307236	-0.06054299999999999	1433200.0
2012-09-21	-0.000839	0.323332	0.324164	0.315845	-0.030262	1363300.0
2012-09-20	0.0	0.309189	0.321668	0.304197	0.0	1290000.0
2012-09-19	0.012322	0.334865	0.341884	0.32672399999999996	0.43891899999999995	1717600.0
2012-09-18	-0.005072999999999999	0.302118	0.315246	0.30044299999999996	-0.181625	1259000.0
2012-09-17	-0.00232	0.326406	0.327521	0.31526	-0.08324	1124500.0
2012-09-14	0.019566	0.34213000000000005	0.353495	0.341562	0.688663	1966600.0
2012-09-13	0.015502000000000002	0.310427	0.346491	0.304657	0.537312	2620900.0
2012-09-12	0.009033	0.338567	0.347009	0.330706	0.310287	1993600.0
2012-09-11	0.011138	0.331987	0.340818	0.331987	0.37837600000000005	1778100.0
2012-09-10	-0.004656	0.319925	0.326371	0.314651	-0.15892	1269500.0
2012-09-07	0.018979	0.344379	0.351544	0.340498	0.6357	2167300.0
2012-09-06	0.027391000000000002	0.333966	0.363412	0.33365900000000004	0.89299	2412400.0
2012-09-05	-0.00554	0.312544	0.31773	0.307054	-0.181625	1502700.0
