2017-09-01	0.000570	0.004848	0.009125	0.000000	0.020000	12818900.000000
2016-09-01	0.003622	0.032858	0.034293000000000004	0.021091	0.12621300000000002	18925800.0
2016-08-31	0.0053219999999999995	0.02768	0.035758	0.026525999999999997	0.184468	20562700.0
2016-08-30	0.004219	0.031147	0.035493000000000004	0.029119	0.14563299999999998	15183200.0
2016-08-29	0.008225	0.036414	0.041964	0.026775	0.281559	15264300.0
2016-08-26	0.004845	0.030575	0.044371	0.028814	0.165051	14469900.0
2016-08-25	-0.001707	0.027056999999999998	0.032039	0.022662	-0.058258000000000004	12428000.0
2016-08-24	-0.007062000000000001	0.02766	0.030279	0.018931	-0.242722	16343500.0
2016-08-23	0.001131	0.034066	0.0396	0.028239999999999998	0.038841	18316000.0
2016-08-22	0.0034049999999999996	0.028819	0.036126	0.02648	0.116501	14941400.0
2016-08-19	0.0077209999999999996	0.026158999999999998	0.038824000000000004	0.023214	0.262142	16417600.0
2016-08-18	-0.001428	0.028223	0.032047000000000006	0.022047	-0.048545	16085200.0
2016-08-17	-0.005396	0.028818	0.029988	0.017117	-0.184468	18221600.0
2016-08-16	0.008593	0.025856999999999998	0.038839	0.025856999999999998	0.29126399999999997	16320900.0
2016-08-15	0.009835	0.033861	0.047566000000000004	0.031776	0.33010500000000004	18931100.0
2016-08-12	-0.003172	0.025236	0.032364	0.02286	-0.106797	15708300.0
2016-08-11	0.004344	0.033866	0.036252	0.028794999999999998	0.14562999999999998	16364100.0
2016-08-10	-0.011168	0.032347	0.032347	0.0176	-0.378646	19579000.0
2016-08-09	-0.003425	0.029988	0.033514999999999996	0.024109000000000002	-0.11650899999999999	12578900.0
2016-08-08	0.001715	0.027632	0.035582	0.026454000000000002	0.058258000000000004	19497300.0
2016-08-05	0.011567000000000001	0.036541000000000004	0.04637	0.033562	0.388352	20046200.0
2016-08-04	0.009635	0.031191000000000003	0.041115	0.029086	0.320392	16362600.0
2016-08-03	-0.001458	0.023982	0.029387	0.020679	-0.048542	18388800.0
2016-08-02	-0.008320999999999999	0.036604000000000005	0.038391	0.02231	-0.279438	20057300.0
2016-08-01	-0.00028700000000000004	0.036604000000000005	0.039284	0.028863999999999997	-0.009640000000000001	18824400.0
2016-07-29	0.002588	0.037795	0.042272000000000004	0.032721	0.08672	18171200.0
2016-07-28	-0.0017219999999999998	0.037795	0.037795	0.028558999999999998	-0.057808000000000005	21667400.0
2016-07-27	-0.007409999999999999	0.035133	0.043414999999999995	0.024191	-0.25053400000000003	23601800.0
2016-07-26	0.011531	0.03959	0.05395	0.038095	0.385437	29644400.0
2016-07-25	0.000865	0.036597000000000005	0.040789	0.0351	0.0289	20277700.0
2016-07-22	0.01138	0.041125999999999996	0.050817	0.037492000000000004	0.375801	33033700.0
2016-07-21	-0.039787	-0.0017510000000000002	0.002902	-0.015418000000000001	-1.3682860000000001	63708600.0
2016-07-20	0.015363	0.042224	0.060825	0.035138	0.520332	42994200.0
2016-07-19	0.002853	0.033058	0.041052	0.031873	0.096363	20395400.0
2016-07-18	-0.00057	0.04105	0.041642	0.034244	-0.019275	19347200.0
2016-07-15	-0.003693	0.039564	0.040449	0.02895	-0.125271	23661900.0
2016-07-14	0.005427	0.041352	0.046392	0.036313	0.183086	25296400.0
2016-07-13	0.002003	0.040766000000000004	0.047002999999999996	0.036012999999999996	0.067452	29120900.0
2016-07-12	0.016288	0.041719	0.055604999999999995	0.040813999999999996	0.5396	28064100.0
2016-07-11	0.011177	0.039016	0.05305700000000001	0.039016	0.366165	23820700.0
2016-07-08	0.024096	0.051862	0.062802	0.047173	0.770867	23341900.0
2016-07-07	0.006976	0.03748	0.056052	0.03748	0.22161599999999998	26119400.0
2016-07-06	0.008874	0.041606	0.047957	0.028268	0.279446	21070200.0
2016-07-05	-0.002137	0.029873	0.037162	0.028606	-0.067451	20107200.0
2016-07-01	-0.001524	0.032733	0.040643	0.027354000000000003	-0.048182	17084600.0
2016-06-30	0.027247000000000004	0.04007	0.068672	0.039095	0.838316	34528900.0
2016-06-29	0.023726	0.043119	0.064081	0.041788	0.7130489999999999	22771100.0
2016-06-28	0.0153	0.046241000000000004	0.054011	0.040836000000000004	0.45288500000000004	23693900.0
2016-06-27	-0.026307	0.03319	0.03319	0.001283	-0.799773	34965100.0
2016-06-24	-0.04365	0.00036	0.016718	-0.012223000000000001	-1.387561	38094300.0
2016-06-23	0.021679	0.047116000000000005	0.060614	0.044544	0.674507	22048800.0
2016-06-22	-0.0009279999999999999	0.037153	0.047749	0.035548	-0.0289	18304800.0
2016-06-21	0.0046630000000000005	0.040699	0.04457	0.035214999999999996	0.144537	15476500.0
2016-06-20	0.012909	0.047925	0.060015	0.045964	0.395065	21961600.0
2016-06-17	0.002209	0.039105	0.041725	0.03059	0.067449	27047900.0
2016-06-16	0.002531	0.032214	0.043048	0.024991	0.07708999999999999	18547900.0
2016-06-15	-0.01649	0.041347	0.04167	0.020036	-0.510699	23783300.0
2016-06-14	-0.000932	0.032633999999999996	0.040054	0.025537	-0.028905	18754300.0
2016-06-13	0.004057	0.038119	0.052695000000000006	0.037795	0.12526099999999998	23004800.0
2016-06-10	0.0031309999999999997	0.029997000000000003	0.047543	0.028373000000000002	0.096359	35749100.0
2016-06-09	0.001568	0.030961000000000002	0.041375	0.030961000000000002	0.04818	11276800.0
2016-06-08	0.000314	0.035191	0.041701999999999996	0.034866	0.009637999999999999	12732100.0
2016-06-07	0.006313	0.040088	0.048933	0.03845	0.192712	19339100.0
2016-06-06	0.001898	0.038452	0.044358999999999996	0.036482	0.057816	15139600.0
2016-06-03	-0.004408	0.037142	0.037142	0.026032	-0.134901	15741800.0
2016-06-02	0.003159	0.034517	0.041073	0.030912000000000002	0.096359	14140100.0
2016-06-01	0.002216	0.038781	0.042066	0.033852999999999994	0.067452	17753500.0
2016-05-31	0.000633	0.035823	0.040425	0.029248000000000003	0.01927	23040200.0
2016-05-27	0.002541	0.04142	0.043068	0.036476999999999996	0.077087	13301500.0
2016-05-26	0.003186	0.041101	0.04573	0.038126	0.096355	12692300.0
2016-05-25	0.010625	0.042473000000000004	0.054836	0.040802	0.317984	18359600.0
2016-05-24	0.027456	0.047064	0.06834900000000001	0.045348	0.799774	23699200.0
2016-05-23	0.002653	0.040549	0.049154	0.037107	0.077086	20881900.0
2016-05-20	0.01755	0.041298	0.064064	0.040247000000000005	0.5010640000000001	22777300.0
2016-05-19	-0.012004	0.030182	0.035719	0.020839	-0.346891	21740900.0
2016-05-18	0.000334	0.039526	0.047142	0.030872000000000004	0.009635	22469900.0
2016-05-17	-0.013491	0.043942	0.043942	0.019696	-0.395067	25709900.0
2016-05-16	0.016048	0.037448	0.060348	0.036754	0.462517	21826100.0
2016-05-13	0.00504	0.041283	0.053139	0.040585	0.144539	19999600.0
2016-05-12	-0.00998	0.039521	0.04401	0.020878	-0.289076	20826700.0
2016-05-11	-0.002654	0.038484	0.041582999999999995	0.031942	-0.077084	15754200.0
2016-05-10	0.011409	0.04476	0.051029000000000005	0.038492	0.32761599999999996	17013800.0
2016-05-09	-0.007989	0.039177	0.042286000000000004	0.028122	-0.23126	16888300.0
2016-05-06	0.004682	0.02773	0.045084	0.024606	0.134901	19594200.0
2016-05-05	0.001675	0.038491000000000004	0.043706	0.034319	0.04818	23393300.0
2016-05-04	-0.008306000000000001	0.040208999999999995	0.041588	0.024003999999999998	-0.24089699999999997	23278800.0
2016-05-03	-0.008167	0.03992	0.04505	0.028977	-0.23883400000000002	27111100.0
2016-05-02	0.010898	0.052636	0.060933	0.049525	0.315258	21086600.0
2016-04-29	-0.026679	0.038348	0.038683999999999996	0.012776000000000001	-0.792921	36443700.0
2016-04-28	-0.020156999999999998	0.036869	0.045441	0.023022	-0.61141	25146400.0
2016-04-27	0.011147	0.041759	0.06009400000000001	0.039758999999999996	0.334366	20006200.0
2016-04-26	0.000319	0.04676	0.057097	0.039423	0.009552	20976400.0
2016-04-25	-0.007901	0.037495999999999995	0.042128	0.032202999999999996	-0.238831	19315700.0
2016-04-22	-0.010322	0.039229	0.043157999999999995	0.022203	-0.315258	29625600.0
2016-04-21	-0.000938	0.044797000000000003	0.048722	0.040544	-0.028664	28431400.0
2016-04-20	0.012657999999999999	0.037483999999999996	0.068622	0.035166	0.38213400000000003	57629800.0
2016-04-19	-0.00158	0.048413	0.052051	0.038491000000000004	-0.047768	33619300.0
2016-04-18	0.006039	0.045761	0.05541	0.044098000000000005	0.181513	21516600.0
2016-04-15	-0.010692	0.04643	0.049722	0.032934	-0.32481	28782800.0
2016-04-14	-0.010270999999999999	0.035357	0.038939999999999995	0.027864	-0.315262	21620900.0
2016-04-13	0.008475	0.050374	0.057273000000000004	0.049717000000000004	0.257941	19968100.0
2016-04-12	0.005999	0.0537	0.055684000000000004	0.037174	0.181514	16774200.0
2016-04-11	0.001265	0.055695	0.070256	0.047751999999999996	0.038212	19707700.0
2016-04-08	0.002536	0.053727	0.062353	0.044437	0.076428	17031900.0
2016-04-07	-0.016521	0.04056	0.040886	0.022940000000000002	-0.5063270000000001	23738200.0
2016-04-06	0.005643	0.049056	0.057588	0.042494	0.171959	15740600.0
2016-04-05	-0.003125	0.043161	0.050685	0.0376	-0.09553400000000001	20080000.0
2016-04-04	-0.013868	0.038695	0.044501	0.023857	-0.429899	21581600.0
2016-04-01	0.003091	0.044170999999999995	0.050642	0.038669999999999996	0.095537	18049700.0
2016-03-31	-0.011006	0.040999	0.045159	0.034279000000000004	-0.34391900000000003	17880000.0
2016-03-30	0.010191	0.049022	0.058721	0.04385	0.315256	16598000.0
2016-03-29	0.015047	0.047744	0.064479	0.041181	0.458559	15313200.0
2016-03-28	0.000627	0.046431	0.0507	0.038223	0.01911	11433000.0
2016-03-24	-0.00375	0.042506999999999996	0.045124	0.036946	-0.11464400000000001	14211900.0
2016-03-23	-0.009901	0.051618	0.051618	0.035748	-0.305702	18765300.0
2016-03-22	-0.000618	0.040933	0.050644	0.034136	-0.019108	22200400.0
2016-03-21	-0.010404	0.032346	0.038432	0.023377000000000002	-0.32481	21760900.0
2016-03-18	0.021889	0.052650999999999996	0.069999	0.049378	0.668728	49934200.0
2016-03-17	0.009151000000000001	0.049072000000000005	0.062614	0.04709	0.277046	22865300.0
2016-03-16	0.0012640000000000001	0.041468	0.05172	0.030883999999999998	0.038212	26298400.0
2016-03-15	0.007	0.043762	0.054087	0.034437	0.210175	16927700.0
2016-03-14	-0.01039	0.043463999999999996	0.044452	0.031599	-0.31526	17438600.0
2016-03-11	0.016319999999999998	0.060828	0.064848	0.056139	0.48721899999999996	22811200.0
2016-03-10	0.01231	0.055915	0.064731	0.030144	0.36302199999999996	29584800.0
2016-03-09	0.010144	0.056008	0.063201	0.050526999999999996	0.296154	14707800.0
2016-03-08	-0.012282	0.043038	0.04473	0.027814	-0.36302399999999996	19104900.0
2016-03-07	0.010121	0.045393	0.06350499999999999	0.042317	0.29615199999999997	18858200.0
2016-03-04	0.0016350000000000002	0.044021	0.056344000000000005	0.028618	0.047766	20356800.0
2016-03-03	0.00131	0.066982	0.074522	0.04676	0.038212	25625200.0
2016-03-02	0.005598	0.044347000000000004	0.063993	0.038143	0.162406	23779800.0
2016-03-01	0.02636	0.058787	0.080013	0.05242	0.745158	25502600.0
2016-02-29	-0.007047	0.043949	0.058702	0.039032	-0.200619	22903100.0
2016-02-26	0.006077	0.055948000000000005	0.063016	0.049587	0.171961	19902200.0
2016-02-25	0.014731000000000001	0.051421	0.062179	0.038153	0.410789	17571400.0
2016-02-24	0.013541999999999998	0.036583	0.064932	0.031494	0.37258	21593600.0
2016-02-23	-0.018739	0.044976	0.04676	0.020011	-0.5254310000000001	26638200.0
2016-02-22	0.022292	0.061344	0.077021	0.057333	0.61141	23893100.0
2016-02-19	-0.024133	0.038932	0.043557	0.021498	-0.678283	42056700.0
2016-02-18	-0.001697	0.048891000000000004	0.05706	0.043563	-0.047766	20623300.0
2016-02-17	0.023975	0.049669	0.077311	0.044941	0.659172	27691700.0
2016-02-16	0.004889	0.05078	0.058089999999999996	0.036525999999999996	0.133753	30705200.0
2016-02-12	0.014883	0.059741999999999996	0.064564	0.043792000000000005	0.401235	19699000.0
2016-02-11	-0.000354	0.031928	0.053434	0.026366000000000004	-0.009554	28450200.0
2016-02-10	-0.020132	0.049303	0.053663	0.024233	-0.554088	27267800.0
2016-02-09	-0.00034700000000000003	0.034774	0.058745000000000006	0.031868	-0.009556	22902600.0
2016-02-08	-0.007576	0.035946	0.044597000000000005	0.020086	-0.210173	28725900.0
2016-02-05	-0.024521	0.040079000000000004	0.046408	0.016521	-0.697389	27957500.0
2016-02-04	0.014656	0.039624	0.066025	0.038554000000000005	0.41079099999999996	29257800.0
2016-02-03	-0.00677	0.053138	0.053138	0.010616	-0.191065	44660100.0
2016-02-02	-0.033095	0.043296	0.044666000000000004	0.0152	-0.965934	24994300.0
2016-02-01	-0.006448000000000001	0.04576	0.059377	0.043037	-0.189402	19015100.0
2016-01-29	0.035035000000000004	0.064429	0.093321	0.060552999999999996	0.994347	38311400.0
2016-01-28	0.005367	0.063412	0.069079	0.053847000000000006	0.151517	22028100.0
2016-01-27	-0.004342	0.053857	0.065848	0.045392	-0.123107	26384100.0
2016-01-26	0.011487	0.05633	0.07202599999999999	0.05633	0.321979	24754900.0
2016-01-25	-0.011026000000000001	0.058089999999999996	0.066204	0.043271	-0.31251100000000004	26441000.0
2016-01-22	0.009103	0.07235	0.07662200000000001	0.050631999999999996	0.255691	25326500.0
2016-01-21	0.002366	0.058114	0.071675	0.043482	0.066288	30157400.0
2016-01-20	-0.007047	0.040027	0.058453	0.035066	-0.19886800000000002	39598200.0
2016-01-19	0.001344	0.063779	0.066618	0.046037	0.037877999999999995	28878100.0
2016-01-15	-0.09102	-0.04111	-0.016275	-0.050141000000000005	-2.822046	75768000.0
2016-01-14	0.026011000000000003	0.057958	0.087741	0.052332000000000004	0.786007	48728200.0
2016-01-13	-0.023562	0.058558000000000006	0.064051	0.028506999999999998	-0.729187	34445700.0
2016-01-12	0.019339	0.079029	0.083311	0.062889	0.587137	28587700.0
2016-01-11	0.017455000000000002	0.066026	0.07976699999999999	0.06167	0.5208510000000001	27732400.0
2016-01-08	-0.010364	0.064264	0.068575	0.042375	-0.31251100000000004	29953800.0
2016-01-07	-0.037485000000000004	0.030435000000000004	0.053738	0.016390000000000002	-1.174275	37680500.0
2016-01-06	-0.02217	0.037869	0.046296	0.023822	-0.710241	25491300.0
2016-01-05	-0.004707	0.055041	0.05628300000000001	0.041682	-0.151523	16709500.0
2016-01-04	-0.013353	0.038501	0.042486	0.025626999999999997	-0.435612	27882200.0
2015-12-31	-0.015433	0.050842	0.055067	0.039374	-0.511383	14334100.0
2015-12-30	-0.012697	0.054185000000000004	0.056271	0.041373	-0.42613999999999996	11566800.0
2015-12-29	0.014601	0.058391	0.075925	0.058391	0.482967	14188600.0
2015-12-28	-0.001429	0.055067	0.056576999999999995	0.043595999999999996	-0.047351	9449400.0
2015-12-24	-0.000572	0.058085000000000005	0.063817	0.054765999999999995	-0.018944	5893800.0
2015-12-23	0.007774	0.062662	0.065702	0.057492999999999995	0.255691	12526500.0
2015-12-22	0.014311	0.059673000000000004	0.072626	0.056898000000000004	0.464024	18422000.0
2015-12-21	0.010924	0.063456	0.069379	0.054414	0.35039899999999996	18006800.0
2015-12-18	-0.029791	0.050527999999999997	0.051133	0.024212	-0.9848790000000001	41336600.0
2015-12-17	-0.011048	0.056571	0.058066999999999994	0.039819	-0.369331	24963600.0
2015-12-16	0.003411	0.061376	0.064677	0.043666	0.11364	23257900.0
2015-12-15	0.020597999999999998	0.061487	0.08293099999999999	0.06118	0.672363	24365900.0
2015-12-14	0.005836	0.059362	0.06244299999999999	0.043956	0.1894	19357100.0
2015-12-11	-0.01438	0.042002	0.052328	0.038662	-0.47349600000000003	21251400.0
2015-12-10	-0.001149	0.057186	0.06386	0.051422	-0.037880000000000004	17350500.0
2015-12-09	0.001727	0.059923000000000004	0.070255	0.04868	0.056824	22548300.0
2015-12-08	-0.0068590000000000005	0.046314999999999995	0.054765	0.03877	-0.227287	13380200.0
2015-12-07	0.001431	0.051439	0.06292400000000001	0.050230000000000004	0.047352	17731900.0
2015-12-04	0.026438999999999997	0.05814400000000001	0.086684	0.054732	0.852295	24901000.0
2015-12-03	-0.022682	0.06021699999999999	0.060824	0.030808999999999996	-0.748124	30131100.0
2015-12-02	-0.007409999999999999	0.055973	0.065603	0.047547000000000006	-0.246219	18688200.0
2015-12-01	0.009203	0.062958	0.06903200000000001	0.05415	0.303039	23560200.0
2015-11-30	0.008995999999999999	0.05873	0.06945599999999999	0.055053	0.293564	21785800.0
2015-11-27	0.00029	0.058732000000000006	0.063023	0.054439999999999995	0.009476	6620900.0
2015-11-25	0.0026190000000000002	0.052899	0.067651	0.049211000000000005	0.085224	17939400.0
2015-11-24	-0.0034799999999999996	0.051378999999999994	0.054748000000000005	0.03821	-0.11363599999999999	21413500.0
2015-11-23	-0.005193	0.055973	0.061761	0.048356	-0.170456	20152900.0
2015-11-20	0.010496	0.061514	0.086451	0.061514	0.340916	41137700.0
2015-11-19	0.034379	0.057883000000000004	0.10596900000000001	0.055016999999999996	1.079572	45381600.0
2015-11-18	0.015931	0.058884000000000006	0.075384	0.055326	0.492436	18619800.0
2015-11-17	0.016822999999999998	0.057617999999999996	0.08163200000000001	0.053012000000000004	0.511379	22636400.0
2015-11-16	-0.00031099999999999997	0.055314999999999996	0.060905999999999995	0.050053	-0.009470000000000001	29899700.0
2015-11-13	-0.008951	0.051736000000000004	0.055321	0.041632	-0.274629	23673200.0
2015-11-12	-0.013999000000000001	0.051151999999999996	0.057901	0.040869	-0.435618	23265400.0
2015-11-11	-0.010539	0.054383	0.061377999999999995	0.042936	-0.331449	19864700.0
2015-11-10	-0.0041979999999999995	0.050273000000000005	0.053439999999999994	0.038875	-0.132576	22451700.0
2015-11-09	-0.014480000000000002	0.048483	0.055661	0.032257	-0.46403	24168700.0
2015-11-06	-0.004706	0.053799	0.055041	0.037649	-0.151516	23701700.0
2015-11-05	-0.004393	0.054426	0.05751900000000001	0.042986	-0.142055	16486100.0
2015-11-04	0.002348	0.062171000000000004	0.062171000000000004	0.050704	0.07576000000000001	20762100.0
2015-11-03	0.005863	0.05998200000000001	0.072764	0.059358	0.188076	18167000.0
2015-11-02	0.007383	0.059328	0.076602	0.056502	0.23509000000000002	21743100.0
2015-10-30	-0.0049960000000000004	0.065599	0.071536	0.058099	-0.159864	24693900.0
2015-10-29	-0.019591	0.047787	0.050544	0.034613	-0.639443	21325200.0
2015-10-28	0.006962	0.063411	0.070815	0.052613	0.22567800000000002	21908400.0
2015-10-27	-0.003469	0.057878	0.06218200000000001	0.054803	-0.11283499999999999	22630100.0
2015-10-26	-0.008883	0.05945	0.065239	0.052747	-0.29152	22646900.0
2015-10-23	0.014535	0.067739	0.082886	0.063411	0.470185	42796600.0
2015-10-22	0.030866	0.073928	0.099422	0.070422	0.968592	39572600.0
2015-10-21	-0.002094	0.070725	0.08281000000000001	0.059595	-0.065833	31928800.0
2015-10-20	-0.0044659999999999995	0.057396	0.06689400000000001	0.054547000000000005	-0.141061	24301000.0
2015-10-19	0.016647	0.058262	0.082079	0.05794	0.517206	37624000.0
2015-10-16	0.008855	0.063411	0.078023	0.054644000000000005	0.27270900000000003	29371300.0
2015-10-15	-0.001524	0.064708	0.071841	0.052388	-0.04702	37634800.0
2015-10-14	0.023719999999999998	0.041838	0.092951	0.023915000000000002	0.714683	75954800.0
2015-10-13	-0.005278	0.057469000000000006	0.072325	0.05581799999999999	-0.15986199999999998	35588600.0
2015-10-12	0.0021780000000000002	0.064073	0.069367	0.058779	0.065828	18795000.0
2015-10-09	-0.011685	0.058505999999999996	0.06439199999999999	0.044445	-0.357346	24209900.0
2015-10-08	0.006188	0.06045	0.072624	0.052224	0.188076	27794600.0
2015-10-07	0.018272999999999998	0.072122	0.086194	0.06274099999999999	0.545413	36930100.0
2015-10-06	0.016982	0.061708000000000006	0.08521799999999999	0.060003999999999995	0.49840100000000004	34899800.0
2015-10-05	0.022943	0.071079	0.093735	0.06515399999999999	0.658257	34842500.0
2015-10-02	0.017	0.051713999999999996	0.08219800000000001	0.046751	0.479587	27901500.0
2015-10-01	-0.004645000000000001	0.065881	0.068351	0.039419	-0.131651	29832800.0
2015-09-30	0.030780000000000002	0.075049	0.10268900000000002	0.074322	0.846333	41051700.0
2015-09-29	0.01669	0.066	0.085227	0.063411	0.451378	34169600.0
2015-09-28	-0.0017350000000000002	0.058613	0.083713	0.057136	-0.047018	42291000.0
2015-09-25	0.011587	0.080587	0.08730800000000001	0.069012	0.310322	29192300.0
2015-09-24	-0.009047	0.050091000000000004	0.06082100000000001	0.031219999999999998	-0.244498	32754700.0
2015-09-23	0.002442	0.07639299999999999	0.07899	0.060444000000000005	0.065827	25984000.0
2015-09-22	-0.016804	0.045542	0.05393	0.038613	-0.46078100000000005	28576200.0
2015-09-21	0.004824	0.06597599999999999	0.075137	0.06047999999999999	0.13165	24417100.0
2015-09-18	-0.023224	0.045873000000000004	0.053030999999999995	0.031198000000000004	-0.648853	60693400.0
2015-09-17	-0.002015	0.058053	0.07877100000000001	0.055553	-0.056423	29805200.0
2015-09-16	0.0013449999999999998	0.059476999999999995	0.065558	0.051608	0.037614999999999996	25957800.0
2015-09-15	0.011569	0.069562	0.083312	0.06666799999999999	0.319729	29819000.0
2015-09-14	-0.002715	0.063411	0.065576	0.049699	-0.07523400000000001	24065100.0
2015-09-11	0.006833	0.056508	0.072494	0.05505499999999999	0.188076	21786900.0
2015-09-10	0.001026	0.061229	0.078686	0.051046	0.028210000000000002	25195800.0
2015-09-09	-0.008814	0.071342	0.085761	0.051515	-0.244497	30774100.0
2015-09-08	0.034362000000000004	0.080563	0.099952	0.079445	0.9215639999999999	27805000.0
2015-09-04	-0.019257	0.044761	0.056829	0.03891	-0.526608	29116500.0
2015-09-03	0.016783000000000003	0.07084800000000001	0.093901	0.066758	0.451374	38665900.0
2015-09-02	0.028038	0.08367000000000001	0.093227	0.075643	0.733492	34618800.0
2015-09-01	-0.025228	0.039937	0.049625	0.030622000000000003	-0.677067	44144000.0
2015-08-31	0.004222	0.06004400000000001	0.089978	0.053683	0.112845	42401800.0
2015-08-28	0.025252	0.06149299999999999	0.097554	0.053052999999999996	0.658258	43452400.0
2015-08-27	0.015385	0.07977100000000001	0.087172	0.052114999999999995	0.394955	38649400.0
2015-08-26	0.055276	0.08971900000000001	0.12383699999999999	0.07204400000000001	1.34473	47386700.0
2015-08-25	-0.014476	0.095415	0.099871	0.048017000000000004	-0.35734299999999997	59371900.0
2015-08-24	-0.011672	0.00896	0.106252	-0.004253	-0.291512	83234200.0
2015-08-21	-0.035233999999999994	0.055686	0.067274	0.025943	-0.9121610000000001	52288400.0
2015-08-20	-0.029266000000000004	0.051037	0.058912	0.032289	-0.780504	31936600.0
2015-08-19	-0.019025	0.053848	0.059365	0.040238	-0.517204	30450600.0
2015-08-18	-0.0058460000000000005	0.05865700000000001	0.062314	0.053172000000000004	-0.159863	19182600.0
2015-08-17	0.0020670000000000003	0.056449	0.070007	0.052052	0.056421000000000006	15548300.0
2015-08-14	0.005196	0.06525299999999999	0.069673	0.06157000000000001	0.141057	14302700.0
2015-08-13	-0.020027	0.061246	0.06305	0.042114	-0.554818	18821900.0
2015-08-12	0.016914	0.052032	0.085436	0.052032	0.46078100000000005	33589100.0
2015-08-11	-0.022605	0.057312	0.05767100000000001	0.039015	-0.6300479999999999	23758900.0
2015-08-10	0.026316000000000003	0.070408	0.09286900000000001	0.070039	0.714683	22807400.0
2015-08-07	-0.004481000000000001	0.055713	0.061577999999999994	0.051681	-0.122253	25606100.0
2015-08-06	-0.0037770000000000004	0.064872	0.067428	0.053551	-0.10343800000000002	27958200.0
2015-08-05	0.007961	0.07445399999999999	0.081816	0.068196	0.21628200000000003	23622700.0
2015-08-04	0.002754	0.069662	0.075936	0.065232	0.07461	25741700.0
2015-08-03	0.003454	0.074097	0.087061	0.07039400000000001	0.093264	26213600.0
2015-07-31	0.001384	0.08003400000000001	0.08003400000000001	0.067053	0.037307	27158800.0
2015-07-30	-0.003447	0.075572	0.088508	0.066332	-0.093263	26582400.0
2015-07-29	0.001727	0.071875	0.07854	0.065951	0.046633	26470200.0
2015-07-28	0.021516999999999998	0.078297	0.10363699999999999	0.075649	0.568897	33182400.0
2015-07-27	0.010334999999999999	0.072628	0.086002	0.055432	0.270464	42161100.0
2015-07-24	-0.018881000000000002	0.069621	0.073745	0.052	-0.5036189999999999	31621000.0
2015-07-23	-0.00035	0.074119	0.085737	0.065499	-0.009328	33775200.0
2015-07-22	-0.0038299999999999996	0.06664500000000001	0.077099	0.06141799999999999	-0.10258900000000001	36387200.0
2015-07-21	-0.013058000000000002	0.067087	0.078141	0.056401	-0.35439699999999996	45191000.0
2015-07-20	-0.012555	0.077703	0.077703	0.05769199999999999	-0.345068	33812900.0
2015-07-17	-0.014381	0.063639	0.068659	0.043557	-0.40102899999999997	43697600.0
2015-07-16	0.007073	0.100415	0.100776	0.050938	0.19585	81166700.0
2015-07-15	0.001349	0.072246	0.08454099999999999	0.065736	0.03731	47852500.0
2015-07-14	-0.002691	0.069721	0.085951	0.061786	-0.074612	39778300.0
2015-07-13	0.019198	0.075921	0.096138	0.07298099999999999	0.522266	26452400.0
2015-07-10	0.008296	0.08225299999999999	0.087812	0.072616	0.223832	31423800.0
2015-07-09	-0.019322	0.080242	0.086421	0.047529	-0.5315979999999999	46855100.0
2015-07-08	-0.013378	0.054314999999999995	0.063997	0.04535	-0.373048	45223800.0
2015-07-07	-0.00466	0.066177	0.068319	0.038336	-0.13056800000000002	43833700.0
2015-07-06	-0.017016	0.061017999999999996	0.068386	0.046983	-0.484961	32468100.0
2015-07-02	0.012591	0.072245	0.098536	0.06940299999999999	0.35439699999999996	27105200.0
2015-07-01	-0.007890000000000001	0.074713	0.076828	0.057794000000000005	-0.223831	27178900.0
2015-06-30	0.000987	0.080713	0.08283	0.063778	0.027981	34412200.0
2015-06-29	-0.020309999999999998	0.061184	0.070863	0.047702999999999995	-0.587553	35194500.0
2015-06-26	-0.030322	0.056157000000000006	0.056826999999999996	0.031018	-0.904644	62157200.0
2015-06-25	0.002507	0.075942	0.086022	0.074934	0.07460800000000001	22743300.0
2015-06-24	-0.005609	0.07425	0.07425	0.065228	-0.167872	23313900.0
2015-06-23	-0.00527	0.073907	0.074905	0.061277	-0.15854200000000002	17995900.0
2015-06-22	0.005925	0.078598	0.082945	0.07257999999999999	0.177198	23608400.0
2015-06-19	-0.009574	0.072908	0.078537	0.058337	-0.289116	39008400.0
2015-06-18	0.013459	0.07660800000000001	0.09070299999999999	0.073923	0.401028	27722400.0
2015-06-17	0.009798000000000001	0.075973	0.087495	0.07393999999999999	0.289114	28194200.0
2015-06-16	0.007964	0.06780499999999999	0.084884	0.063364	0.233156	20254500.0
2015-06-15	0.002235	0.065399	0.07875	0.059236000000000004	0.065285	23175000.0
2015-06-12	-0.016641	0.067869	0.080662	0.050363	-0.49429300000000004	31629800.0
2015-06-11	0.0009429999999999999	0.076626	0.08168099999999999	0.07291900000000001	0.027977999999999996	24293600.0
2015-06-10	0.01824	0.079451	0.103469	0.076363	0.5315979999999999	33336800.0
2015-06-09	-0.001598	0.073273	0.084578	0.067107	-0.046633	33976700.0
2015-06-08	-0.01696	0.071235	0.07595	0.05103	-0.5036149999999999	38171600.0
2015-06-05	-0.014547	0.07125	0.07191399999999999	0.056316	-0.438333	27778500.0
2015-06-04	-0.012832	0.065038	0.071918	0.054883	-0.39169899999999996	33761800.0
2015-06-03	-0.016231	0.069023	0.071279	0.05033	-0.503618	37898300.0
2015-06-02	-0.018874000000000002	0.063708	0.067186	0.047898	-0.59688	36351100.0
2015-06-01	-0.015961000000000003	0.069445	0.07629	0.047975	-0.512942	46734500.0
2015-05-29	0.013231	0.079497	0.095576	0.078551	0.41968199999999994	43545500.0
2015-05-28	0.008898999999999999	0.0732	0.086241	0.071291	0.279783	27065700.0
2015-05-27	0.018429	0.075485	0.096541	0.07321699999999999	0.5689029999999999	30172700.0
2015-05-26	-0.010463	0.066475	0.067117	0.052691999999999996	-0.32642	28594500.0
2015-05-22	-0.0029809999999999997	0.069689	0.070967	0.06489500000000001	-0.093261	20845000.0
2015-05-21	0.0053939999999999995	0.067104	0.078351	0.062606	0.167875	21269800.0
2015-05-20	0.0066359999999999995	0.069334	0.083566	0.067717	0.205175	21359800.0
2015-05-19	-0.007781999999999999	0.070641	0.071283	0.058766	-0.24248699999999998	21867100.0
2015-05-18	0.012731000000000001	0.07192	0.085896	0.067695	0.39169699999999996	23689500.0
2015-05-15	0.000607	0.07614800000000001	0.077124	0.065091	0.01866	17149700.0
2015-05-14	0.01011	0.079473	0.08834199999999999	0.076516	0.307766	21098900.0
2015-05-13	0.012093000000000001	0.07291	0.09385700000000001	0.07291	0.363724	20470800.0
2015-05-12	-0.01346	0.064045	0.066013	0.049613	-0.410355	24530200.0
2015-05-11	-0.0033539999999999998	0.06832300000000001	0.069303	0.06015	-0.10258699999999998	18358600.0
2015-05-08	0.01737	0.081225	0.09353099999999999	0.075571	0.522269	26926500.0
2015-05-07	0.000621	0.073909	0.08589	0.070914	0.018647999999999998	21475300.0
2015-05-06	-0.012868000000000001	0.067646	0.077173	0.048921	-0.39169899999999996	31985400.0
2015-05-05	-0.016571000000000002	0.066107	0.069338	0.052216	-0.512941	29779200.0
2015-05-04	0.000299	0.075152	0.082584	0.073536	0.009262000000000001	21397300.0
2015-05-01	0.026728	0.08265299999999999	0.11118800000000001	0.082322	0.805555	27091200.0
2015-04-30	-0.010338	0.074088	0.078685	0.060625	-0.314819	22013300.0
2015-04-29	-0.0039369999999999995	0.064954	0.079345	0.064626	-0.120369	21819000.0
2015-04-28	0.016	0.073353	0.097944	0.07102699999999999	0.48148100000000005	29572800.0
2015-04-27	0.013092	0.079999	0.100535	0.079999	0.388888	25869600.0
2015-04-24	-0.008346	0.08200199999999999	0.084339	0.068982	-0.24999699999999997	22759900.0
2015-04-23	-0.010703	0.058200999999999996	0.070421	0.057210000000000004	-0.324077	23775300.0
2015-04-22	0.008326	0.079333	0.089657	0.066678	0.250004	21144200.0
2015-04-21	-0.009165999999999999	0.08659800000000001	0.087918	0.06515	-0.277779	19023800.0
2015-04-20	0.008006999999999998	0.084656	0.090643	0.081995	0.240738	20649300.0
2015-04-17	-0.012169	0.06817100000000001	0.07441299999999999	0.05864199999999999	-0.370367	30593600.0
2015-04-16	0.001218	0.080657	0.085263	0.075723	0.037038999999999996	28903200.0
2015-04-15	0.042553	0.10640699999999999	0.131444	0.099891	1.24074	61083500.0
2015-04-14	-0.007564	0.078297	0.087147	0.064342	-0.22222199999999998	39754000.0
2015-04-13	-0.0062640000000000005	0.07594	0.08405800000000001	0.072558	-0.18518800000000002	23489000.0
2015-04-10	0.022087	0.08311	0.104199	0.08311	0.638889	28084900.0
2015-04-09	-0.002236	0.05826799999999999	0.090692	0.054474	-0.064812	34167600.0
2015-04-08	0.0016	0.078963	0.090364	0.073089	0.046298	18250300.0
2015-04-07	0.007088	0.08104299999999999	0.099136	0.07860700000000001	0.203701	23258300.0
2015-04-06	0.007465	0.079999	0.095422	0.06738	0.212961	21490900.0
2015-04-02	0.0	0.079648	0.094721	0.07509099999999999	0.0	20909600.0
2015-04-01	-0.014711000000000002	0.075164	0.081726	0.058585000000000005	-0.425926	31532100.0
2015-03-31	-0.006039	0.07896900000000001	0.096134	0.071073	-0.175927	32098500.0
2015-03-30	-0.016875	0.068524	0.083374	0.056374	-0.499996	51391500.0
2015-03-27	0.06383	0.077486	0.184839	0.071741	1.777777	73857200.0
2015-03-26	0.006357	0.06590700000000001	0.098427	0.059042	0.17593	45450100.0
2015-03-25	-0.029230000000000003	0.080701	0.08350700000000001	0.047377999999999997	-0.8333360000000001	37691000.0
2015-03-24	-0.013141	0.078614	0.08415299999999999	0.064076	-0.379629	28471400.0
2015-03-23	-0.003513	0.079309	0.09655599999999999	0.076205	-0.101853	29694000.0
2015-03-20	0.018543	0.088782	0.11091600000000001	0.086674	0.527777	64777100.0
2015-03-19	-0.004856	0.076153	0.087341	0.073006	-0.13889100000000001	27414200.0
2015-03-18	0.009807	0.073644	0.101535	0.06976	0.277781	39834100.0
2015-03-17	-0.007784999999999999	0.071241	0.07649600000000001	0.065286	-0.22222399999999998	29215600.0
2015-03-16	-0.0032329999999999998	0.079999	0.086284	0.070222	-0.09258999999999999	33074600.0
2015-03-13	0.004221	0.07403799999999999	0.086311	0.06457	0.120369	47954700.0
2015-03-12	-0.047324	0.035904000000000005	0.055613	0.021539	-1.416668	107402400.0
2015-03-11	0.019874	0.089198	0.122926	0.088516	0.583332	49683600.0
2015-03-10	-0.031174	0.06415599999999999	0.069767	0.03973	-0.944443	50278900.0
2015-03-09	-0.014161000000000002	0.080325	0.082602	0.056896	-0.43518199999999996	33058800.0
2015-03-06	-0.01601	0.073915	0.078398	0.059187000000000003	-0.5000060000000001	32373100.0
2015-03-05	-0.01143	0.08442999999999999	0.092027	0.063223	-0.361107	21225800.0
2015-03-04	0.000586	0.072398	0.089817	0.067964	0.018517	23005800.0
2015-03-03	0.001174	0.076511	0.090146	0.07524299999999999	0.037032999999999996	27332000.0
2015-03-02	0.024361	0.081298	0.108582	0.075776	0.7500020000000001	25406400.0
2015-02-27	-0.011887	0.07935700000000001	0.079678	0.065877	-0.370371	24427300.0
2015-02-26	-0.008837000000000001	0.069501	0.07777200000000001	0.063457	-0.277779	25928400.0
2015-02-25	-0.013368000000000001	0.06807200000000001	0.071839	0.05865599999999999	-0.425922	24686300.0
2015-02-24	0.019254	0.075201	0.103352	0.072002	0.601858	29607500.0
2015-02-23	-0.01889	0.079685	0.082824	0.053949000000000004	-0.601858	25565500.0
2015-02-20	0.0058460000000000005	0.078105	0.091364	0.070528	0.18518199999999999	20955600.0
2015-02-19	-0.0017510000000000002	0.07936900000000001	0.084726	0.07306599999999999	-0.055553	11017500.0
2015-02-18	-0.013529	0.077201	0.079066	0.0629	-0.435188	19992900.0
2015-02-17	0.011059000000000001	0.081256	0.092257	0.076856	0.35185	19374100.0
2015-02-13	0.006739	0.08379600000000001	0.08759299999999999	0.074303	0.21296700000000002	18037900.0
2015-02-12	0.017287999999999998	0.093841	0.09867000000000001	0.086759	0.537039	20056700.0
2015-02-11	-0.004451	0.079037	0.08192200000000001	0.067821	-0.13889100000000001	18364200.0
2015-02-10	0.023383	0.088854	0.10623599999999998	0.08393400000000001	0.712961	20200000.0
2015-02-09	-0.011111	0.07026900000000001	0.078053	0.059565999999999994	-0.342592	28705500.0
2015-02-06	-0.018857	0.079363	0.08190800000000001	0.05454199999999999	-0.592587	29342400.0
2015-02-05	0.010119	0.08257	0.092535	0.075178	0.314812	20491400.0
2015-02-04	0.004184	0.08677699999999999	0.092264	0.074835	0.129627	25052800.0
2015-02-03	0.001486	0.091948	0.100676	0.054127	0.045969	36038300.0
2015-02-02	0.018462	0.088404	0.11112000000000001	0.074906	0.560793	38733800.0
2015-01-30	-0.0342	0.07153	0.080751	0.049272	-1.075617	38719700.0
2015-01-29	0.012729	0.089678	0.10384600000000001	0.077441	0.395311	29569400.0
2015-01-28	-0.011992000000000001	0.09665399999999999	0.10397100000000001	0.072793	-0.376922	34929100.0
2015-01-27	-0.045239	0.044916000000000005	0.054636000000000004	0.019097	-1.489321	58456200.0
2015-01-26	-0.017558	0.079987	0.08326900000000001	0.061485000000000005	-0.588371	30906800.0
2015-01-23	-0.012463	0.089219	0.091282	0.072126	-0.42289399999999994	27427100.0
2015-01-22	0.011787	0.09013099999999999	0.103251	0.07760800000000001	0.39531	31809900.0
2015-01-21	0.010806	0.080512	0.105528	0.078101	0.358539	27442600.0
2015-01-20	-0.009876000000000001	0.077301	0.08804400000000001	0.061485000000000005	-0.330955	35929400.0
2015-01-16	0.007184	0.085641	0.101872	0.067307	0.239013	62812200.0
2015-01-15	-0.0044009999999999995	0.093132	0.10360499999999999	0.07817	-0.147083	47181800.0
2015-01-14	-0.00411	0.08267999999999999	0.099964	0.070163	-0.137897	34231000.0
2015-01-13	-0.002732	0.09577000000000001	0.114196	0.078533	-0.091935	31478000.0
2015-01-12	-0.004353	0.091888	0.094847	0.072063	-0.147094	29400800.0
2015-01-09	0.0019079999999999998	0.090117	0.10019700000000001	0.079148	0.064354	22850500.0
2015-01-08	0.018601	0.098315	0.11734000000000001	0.094993	0.615947	31765400.0
2015-01-07	0.020975	0.098845	0.112103	0.087437	0.6803100000000001	27725200.0
2015-01-06	-0.018637	0.091679	0.096218	0.066868	-0.6159479999999999	30847600.0
2015-01-05	-0.011276000000000001	0.082959	0.090438	0.075181	-0.376934	32785000.0
2015-01-02	0.001929	0.099135	0.113822	0.08235	0.06435	23605600.0
2014-12-31	-0.012785	0.083899	0.09603099999999999	0.073838	-0.432079	20393600.0
2014-12-30	-0.011295999999999999	0.08482	0.088038	0.075458	-0.38611999999999996	15214100.0
2014-12-29	-0.009854	0.08484900000000001	0.086876	0.076737	-0.340161	12203300.0
2014-12-26	0.002938	0.09007000000000001	0.096462	0.09007000000000001	0.101136	14037200.0
2014-12-24	0.000267	0.088908	0.092686	0.08048	0.009186	12109100.0
2014-12-23	0.005913	0.0933	0.10207000000000001	0.090377	0.202262	22169700.0
2014-12-22	0.023096000000000002	0.088344	0.114363	0.088344	0.7722359999999999	29227100.0
2014-12-19	-0.017558	0.087746	0.09185900000000001	0.06453300000000001	-0.597564	76786800.0
2014-12-18	0.021523	0.10305299999999999	0.11115699999999999	0.093448	0.717075	32128100.0
2014-12-17	0.019122	0.089581	0.111299	0.08071	0.625141	31637700.0
2014-12-16	-0.010022	0.08592899999999999	0.10530899999999999	0.07684400000000001	-0.330952	31166300.0
2014-12-15	-0.008556	0.092549	0.10425899999999999	0.077838	-0.284988	30633400.0
2014-12-12	-0.012806999999999999	0.080336	0.091302	0.073519	-0.432095	29322500.0
2014-12-11	0.0076879999999999995	0.090135	0.11134000000000001	0.08834299999999999	0.257412	25088200.0
2014-12-10	-0.012740000000000001	0.088925	0.091579	0.070349	-0.432083	27499900.0
2014-12-09	-0.008333	0.072248	0.08452899999999999	0.061429	-0.284996	28487300.0
2014-12-08	-0.012477	0.081682	0.089478	0.066666	-0.432083	28134800.0
2014-12-05	0.005606	0.09094	0.100522	0.089488	0.19305799999999998	20527600.0
2014-12-04	0.000801	0.086874	0.088617	0.076412	0.027576999999999997	23359100.0
2014-12-03	-0.004521	0.09006	0.096135	0.082249	-0.156281	30660800.0
2014-12-02	0.011568	0.088038	0.100329	0.088038	0.395309	28361100.0
2014-12-01	-0.002148	0.086578	0.09855	0.077525	-0.073543	30904000.0
2014-11-28	0.009484999999999999	0.091873	0.11103299999999999	0.088925	0.321766	19128500.0
2014-11-26	0.015969	0.08924299999999999	0.10781099999999999	0.086547	0.533207	24060000.0
2014-11-25	0.0019309999999999998	0.091046	0.09464700000000001	0.084745	0.064358	29093200.0
2014-11-24	0.018545	0.096915	0.113419	0.095386	0.606761	33321100.0
2014-11-21	-0.010014	0.088653	0.103177	0.07413	-0.330955	56721600.0
2014-11-20	0.046579	0.081096	0.139045	0.076662	1.470926	61994700.0
2014-11-19	-0.010372	0.087119	0.090253	0.07332999999999999	-0.330959	21289600.0
2014-11-18	0.013725999999999999	0.08615700000000001	0.10871199999999999	0.085204	0.43208100000000005	30674800.0
2014-11-17	0.008542000000000001	0.08358	0.097357	0.08165800000000001	0.266611	17646300.0
2014-11-14	0.008017	0.09000599999999999	0.097112	0.077088	0.248219	18104600.0
2014-11-13	0.008987	0.086768	0.10338699999999999	0.08644199999999999	0.27579699999999996	26449300.0
2014-11-12	0.002101	0.085133	0.091337	0.077622	0.064354	22864200.0
2014-11-11	0.001504	0.091016	0.096903	0.085783	0.045974	19676600.0
2014-11-10	-0.00953	0.082887	0.08482999999999999	0.071549	-0.294191	30653600.0
2014-11-07	-0.007095999999999999	0.092891	0.09353500000000001	0.067483	-0.220642	27604500.0
2014-11-06	0.001777	0.08549	0.10288900000000001	0.07646900000000001	0.055162	25240600.0
2014-11-05	-0.016174	0.079345	0.08093	0.065081	-0.5102359999999999	34705500.0
2014-11-04	0.006704000000000001	0.092963	0.109876	0.091686	0.210071	34695900.0
2014-11-03	0.008820999999999999	0.088439	0.110008	0.087795	0.274008	28703600.0
2014-10-31	0.043892	0.13386099999999998	0.142934	0.096558	1.30608	52089700.0
2014-10-30	-0.039505	0.08390299999999999	0.084872	0.045814999999999995	-1.223875	55217900.0
2014-10-29	0.005335	0.095527	0.102341	0.08741399999999999	0.164398	24615200.0
2014-10-28	0.016265	0.095867	0.113016	0.095867	0.49321000000000004	21857800.0
2014-10-27	0.000603	0.09157799999999999	0.098838	0.081349	0.018262999999999998	23751900.0
2014-10-24	0.014988999999999999	0.09588300000000001	0.11631300000000001	0.09085900000000001	0.447538	27814300.0
2014-10-23	0.013015	0.11014600000000001	0.116592	0.106074	0.383606	22254900.0
2014-10-22	-0.010426000000000001	0.096557	0.10360699999999999	0.08178400000000001	-0.310539	26725600.0
2014-10-21	0.032616	0.097998	0.130935	0.094878	0.9407459999999999	33278400.0
2014-10-20	0.006374	0.08301499999999999	0.10604300000000001	0.07812999999999999	0.182671	30523700.0
2014-10-17	0.01718	0.107299	0.125399	0.099137	0.48406800000000005	37504500.0
2014-10-16	-0.013747	0.081227	0.10292799999999999	0.07632699999999999	-0.392735	47787400.0
2014-10-15	-0.026757999999999997	0.040372000000000005	0.078186	0.010054	-0.7854770000000001	92305200.0
2014-10-14	0.02129	0.112969	0.136627	0.103228	0.611939	68671000.0
2014-10-13	-0.013789	0.08835900000000001	0.110661	0.07978099999999999	-0.40186700000000003	42110200.0
2014-10-10	-0.050863	0.062311	0.070127	-0.006729000000000001	-1.561823	80917600.0
2014-10-09	-0.018966999999999998	0.091044	0.09999	0.07283300000000001	-0.59367	28185700.0
2014-10-08	0.023902	0.095532	0.124319	0.084083	0.730671	34960600.0
2014-10-07	-0.018763	0.09263099999999999	0.09295199999999999	0.07272999999999999	-0.584543	25972100.0
2014-10-06	0.0023510000000000002	0.098739	0.109356	0.08972999999999999	0.07307999999999999	24321100.0
2014-10-03	0.015213999999999998	0.099451	0.11643599999999998	0.09324500000000001	0.46579499999999996	25834600.0
2014-10-02	-0.013828	0.093911	0.0952	0.071363	-0.429275	32910800.0
2014-10-01	-0.023837	0.088275	0.09362000000000001	0.064063	-0.758066	35086600.0
2014-09-30	-0.002292	0.094878	0.09801499999999999	0.079506	-0.073073	35274600.0
2014-09-29	0.018681	0.088486	0.11820699999999999	0.084651	0.584547	29003100.0
2014-09-26	0.003515	0.098726	0.10193300000000001	0.07852200000000001	0.109597	25882300.0
2014-09-25	-0.017554	0.092672	0.096138	0.067467	-0.557139	34639700.0
2014-09-24	0.009588	0.09424199999999999	0.108556	0.093288	0.30140900000000004	18829000.0
2014-09-23	-0.008355	0.094878	0.094878	0.084468	-0.264879	25690700.0
2014-09-22	-0.003159	0.09362000000000001	0.10148099999999999	0.086388	-0.100462	25447700.0
2014-09-19	-0.009951999999999999	0.094566	0.096434	0.083982	-0.319678	46851900.0
2014-09-18	0.005432	0.09926	0.100825	0.09112200000000001	0.173539	23809600.0
2014-09-17	0.001431	0.094251	0.103341	0.088922	0.045661	26278900.0
2014-09-16	0.011290999999999999	0.092659	0.11199500000000001	0.092659	0.356204	20875700.0
2014-09-15	-0.002311	0.097724	0.099622	0.082544	-0.073061	22438000.0
2014-09-12	-0.011422	0.091126	0.09143899999999999	0.07862000000000001	-0.365338	26732600.0
2014-09-11	0.0	0.087687	0.094878	0.079558	0.0	21949000.0
2014-09-10	0.003151	0.09299600000000001	0.101778	0.087351	0.100468	19964200.0
2014-09-09	-0.011888	0.093638	0.093638	0.080002	-0.383606	22333100.0
2014-09-08	0.009429	0.093626	0.11239600000000001	0.091124	0.30140300000000003	24859600.0
2014-09-05	0.002578	0.095191	0.101464	0.092369	0.082203	20841900.0
2014-09-04	0.009835	0.093611	0.111347	0.093294	0.310537	27632400.0
2014-09-03	0.0	0.102796	0.104696	0.09107699999999999	0.0	26668800.0
2014-09-02	-0.010023	0.089861	0.094564	0.079514	-0.319669	32094800.0
2014-08-29	0.007792	0.09993300000000001	0.10404100000000001	0.09551	0.24660100000000001	32302800.0
2014-08-28	-0.004024	0.089213	0.09550700000000001	0.089213	-0.127867	18908900.0
2014-08-27	-0.00028700000000000004	0.097709	0.09928200000000001	0.089529	-0.009136	17168900.0
2014-08-26	-0.00028700000000000004	0.094249	0.102427	0.09110399999999999	-0.009125	19664700.0
2014-08-25	-0.003721	0.099578	0.101458	0.08579099999999999	-0.11873800000000001	18614500.0
2014-08-22	-0.005975	0.096435	0.096435	0.087402	-0.191807	21196700.0
2014-08-21	0.018841	0.09360800000000001	0.116775	0.093291	0.593679	37164900.0
2014-08-20	0.004659	0.09137	0.100298	0.089776	0.146128	27140300.0
2014-08-19	-0.002034	0.097741	0.097741	0.089787	-0.063932	29281900.0
2014-08-18	0.007024	0.097762	0.10449100000000001	0.08879	0.219207	27232200.0
2014-08-15	0.006776999999999999	0.100039	0.10358800000000001	0.08745800000000001	0.21007199999999998	28577600.0
2014-08-14	-0.004692	0.09327200000000001	0.099052	0.083319	-0.146137	25458000.0
2014-08-13	0.029278	0.098513	0.12858699999999998	0.098183	0.8859379999999999	36291000.0
2014-08-12	0.003331	0.09122999999999999	0.099188	0.083604	0.100472	24805600.0
2014-08-11	0.012883000000000002	0.102267	0.116373	0.101931	0.383606	27718600.0
2014-08-08	-0.002448	0.098228	0.105599	0.090187	-0.073074	35484000.0
2014-08-07	-0.005175	0.097544	0.104877	0.08454600000000001	-0.155264	27820100.0
2014-08-06	0.0009140000000000001	0.087538	0.107221	0.08053300000000001	0.027397	27923900.0
2014-08-05	-0.029712	0.092774	0.093421	0.055226	-0.917908	49845100.0
2014-08-04	0.009188	0.10379400000000001	0.113594	0.095954	0.281269	27250100.0
2014-08-01	-0.004425999999999999	0.097608	0.106714	0.093055	-0.136106	33472400.0
2014-07-31	-0.013392	0.093818	0.098952	0.084834	-0.417361	35431200.0
2014-07-30	0.00468	0.106029	0.11441099999999998	0.097325	0.145176	32782800.0
2014-07-29	-0.001169	0.103449	0.106669	0.097653	-0.036293	26141700.0
2014-07-28	-0.000584	0.101517	0.104413	0.090254	-0.01815	30972200.0
2014-07-25	0.0	0.09894299999999999	0.106022	0.091863	0.0	31614000.0
2014-07-24	-0.007245999999999999	0.098327	0.10759200000000001	0.089382	-0.22682399999999997	33180400.0
2014-07-23	-0.008336	0.098676	0.09962599999999999	0.086637	-0.263121	26077000.0
2014-07-22	0.021433	0.105397	0.127078	0.10248399999999999	0.662335	42915100.0
2014-07-21	0.010681999999999999	0.097255	0.119494	0.096928	0.326631	32097200.0
2014-07-18	0.0	0.105431	0.10673900000000001	0.092022	0.0	46528800.0
2014-07-17	-0.027417	0.08784700000000001	0.092936	0.069716	-0.861942	70591100.0
2014-07-16	0.09271499999999999	0.157773	0.20747600000000002	0.154297	2.6674900000000004	135834600.0
2014-07-15	0.006986	0.10531099999999999	0.11301099999999999	0.090611	0.19960799999999998	61006100.0
2014-07-14	0.007679999999999999	0.107804	0.1138	0.10533499999999998	0.217752	24244600.0
2014-07-11	-0.00032	0.102161	0.10885999999999998	0.094404	-0.009075	20045000.0
2014-07-10	0.011978	0.09181399999999999	0.11785999999999999	0.086105	0.33570700000000003	32455100.0
2014-07-09	0.0032479999999999996	0.103951	0.10896199999999999	0.09858099999999999	0.090727	28302400.0
2014-07-08	-0.007734	0.101095	0.10393699999999999	0.090439	-0.21775300000000003	37608700.0
2014-07-07	-0.003532	0.100391	0.10428499999999999	0.094374	-0.0998	22233400.0
2014-07-03	0.0051649999999999995	0.105718	0.11567999999999999	0.103584	0.14516700000000002	20437600.0
2014-07-02	0.0	0.10251700000000001	0.104651	0.09575700000000001	0.0	16831200.0
2014-07-01	0.002589	0.105371	0.10893800000000001	0.101091	0.072586	28240000.0
2014-06-30	-0.0009699999999999999	0.100023	0.104655	0.09254	-0.027219999999999998	21558400.0
2014-06-27	0.004873	0.10538399999999999	0.11003800000000001	0.09929600000000001	0.136095	30776300.0
2014-06-26	-0.0032380000000000004	0.099662	0.102875	0.092524	-0.09072899999999999	26722300.0
2014-06-25	0.012459	0.101438	0.120229	0.100354	0.34477800000000003	44293300.0
2014-06-24	0.008931999999999999	0.099609	0.124036	0.097057	0.24497399999999997	53397600.0
2014-06-23	0.000993	0.098511	0.106175	0.089387	0.027214	26528900.0
2014-06-20	0.0036560000000000004	0.10142799999999999	0.10619	0.099963	0.09980599999999999	39826400.0
2014-06-19	0.005346	0.10363399999999999	0.108053	0.100688	0.145169	27166600.0
2014-06-18	-0.000668	0.099585	0.10326500000000001	0.09185700000000001	-0.018149000000000002	34412300.0
2014-06-17	-0.001999	0.097386	0.105466	0.095917	-0.054437	28440600.0
2014-06-16	0.004686999999999999	0.096626	0.11249200000000001	0.09478099999999999	0.127023	36407800.0
2014-06-13	0.068312	0.172721	0.18494100000000002	0.165232	1.732964	122194300.0
2014-06-12	0.001074	0.099399	0.10886900000000001	0.095847	0.027218	31211400.0
2014-06-11	-0.010976999999999999	0.098258	0.10099	0.084988	-0.281267	27747700.0
2014-06-10	0.011824	0.09979099999999999	0.118746	0.094658	0.29941100000000004	34256900.0
2014-06-09	-0.00923	0.099422	0.11194200000000001	0.088858	-0.23589899999999997	39933000.0
2014-06-06	0.018438	0.10694200000000001	0.124076	0.10495	0.46272700000000005	34795600.0
2014-06-05	0.0021739999999999997	0.100563	0.104557	0.095372	0.054438	26546200.0
2014-06-04	-0.002169	0.096184	0.106145	0.09578500000000001	-0.054438	21612500.0
2014-06-03	0.014672999999999999	0.100543	0.119951	0.0965	0.362921	33256300.0
2014-06-02	-0.002196	0.101757	0.103371	0.094092	-0.054434	20264900.0
2014-05-30	0.013353	0.10134299999999999	0.116878	0.10093400000000001	0.32662800000000003	43641000.0
2014-05-29	0.0029760000000000003	0.10339100000000001	0.10544100000000001	0.0956	0.072588	20638900.0
2014-05-28	0.006365	0.101748	0.111652	0.100098	0.15424100000000002	27150100.0
2014-05-27	0.015976	0.10383800000000001	0.121026	0.097549	0.381069	27271900.0
2014-05-23	0.005354	0.102161	0.108483	0.101739	0.127022	17172200.0
2014-05-22	-0.0019079999999999998	0.10258099999999999	0.10510599999999999	0.097113	-0.045364	15926500.0
2014-05-21	0.006144	0.1047	0.111049	0.100468	0.14516800000000002	18721300.0
2014-05-20	0.0	0.101314	0.10766300000000001	0.095389	0.0	22292600.0
2014-05-19	0.008520999999999999	0.099173	0.113686	0.099173	0.19960999999999998	22679600.0
2014-05-16	-0.007305	0.10385599999999999	0.10470299999999999	0.09072000000000001	-0.172388	30017200.0
2014-05-15	-0.012154	0.102161	0.109277	0.088766	-0.29034099999999996	31752700.0
2014-05-14	-0.004536999999999999	0.103827	0.10507799999999999	0.09716	-0.10887899999999999	17811900.0
2014-05-13	0.003034	0.107176	0.109266	0.100489	0.072588	20525000.0
2014-05-12	0.0026620000000000003	0.106771	0.112219	0.102161	0.063513	20607800.0
2014-05-09	-0.001519	0.10341600000000001	0.10509	0.097139	-0.036297	20324400.0
2014-05-08	-0.0011380000000000001	0.10007100000000001	0.108848	0.09589099999999999	-0.027216000000000004	24166900.0
2014-05-07	0.006489	0.10468499999999999	0.112678	0.103002	0.15424200000000002	24692800.0
2014-05-06	0.001146	0.10174	0.11100499999999999	0.095001	0.027219	21818000.0
2014-05-05	-0.000573	0.101108	0.10531800000000001	0.093953	-0.013609999999999999	20738900.0
2014-05-02	-0.0015119999999999999	0.116254	0.119617	0.10953	-0.035982	24235200.0
2014-05-01	-0.008992	0.10413399999999999	0.11079800000000001	0.099136	-0.215901	19755200.0
2014-04-30	0.00793	0.10491400000000001	0.120867	0.100716	0.18891	25863900.0
2014-04-29	0.005697	0.112898	0.125564	0.11247599999999999	0.134937	22146000.0
2014-04-28	0.002666	0.107821	0.11713399999999999	0.101048	0.062971	33472800.0
2014-04-25	-0.018318	0.107476	0.110384	0.08836000000000001	-0.44079399999999996	33614400.0
2014-04-24	0.0	0.114125	0.12035799999999999	0.10705999999999999	0.0	25432800.0
2014-04-23	-0.003353	0.109974	0.11701500000000001	0.10666099999999999	-0.080963	25574300.0
2014-04-22	-0.004082	0.109981	0.11286900000000001	0.09966900000000001	-0.098955	29601600.0
2014-04-21	-0.0033280000000000002	0.112042	0.112042	0.098887	-0.08096	20398600.0
2014-04-17	0.004085	0.10956700000000001	0.121125	0.105852	0.098952	38108500.0
2014-04-16	0.0059770000000000005	0.120351	0.13114800000000001	0.104572	0.14393399999999998	59033600.0
2014-04-15	0.007906999999999999	0.10953900000000001	0.122932	0.10326099999999999	0.188915	45074400.0
2014-04-14	0.014515	0.117151	0.131588	0.10993299999999999	0.341837	26957900.0
2014-04-11	-0.009459	0.104902	0.118361	0.10069600000000001	-0.22489299999999998	36121100.0
2014-04-10	-0.020385	0.11286700000000001	0.116164	0.086086	-0.494767	40478200.0
2014-04-09	0.002601	0.11245799999999999	0.116175	0.104196	0.062972	34481800.0
2014-04-08	0.015855	0.10617599999999999	0.132194	0.10575599999999999	0.377819	56699500.0
2014-04-07	0.012615000000000001	0.11757999999999999	0.136278	0.113331	0.296863	49813500.0
2014-04-04	-0.009466	0.114999	0.125101	0.099004	-0.22489499999999998	47918000.0
2014-04-03	0.020085	0.122795	0.136105	0.122366	0.467783	38581300.0
2014-04-02	-0.003848	0.110348	0.11419800000000001	0.096661	-0.08995700000000001	22464700.0
2014-04-01	0.006973999999999999	0.111201	0.119815	0.10430899999999999	0.161923	23778700.0
2014-03-31	0.007416	0.11293299999999999	0.130723	0.111631	0.17091900000000002	29336300.0
2014-03-28	0.012248	0.116024	0.13359200000000002	0.112071	0.27887399999999996	22884500.0
2014-03-27	-0.002758	0.11075499999999999	0.12783699999999998	0.10768900000000001	-0.062975	27201100.0
2014-03-26	-0.0031420000000000003	0.117307	0.123857	0.105519	-0.071966	26442800.0
2014-03-25	0.013535	0.114729	0.13597	0.113844	0.30585100000000004	32317400.0
2014-03-24	-0.001986	0.113398	0.120906	0.10059	-0.044976	36950600.0
2014-03-21	-0.010223999999999999	0.1195	0.12255999999999999	0.099829	-0.233886	56861900.0
2014-03-20	0.016387	0.11074300000000001	0.136956	0.10807699999999999	0.368825	37009100.0
2014-03-19	0.008058	0.112975	0.13089	0.109392	0.179919	34229400.0
2014-03-18	0.0048579999999999995	0.110731	0.12063199999999999	0.10488	0.10794400000000001	26344000.0
2014-03-17	0.008163	0.11798299999999999	0.12615099999999999	0.111178	0.179917	18525800.0
2014-03-14	-0.002849	0.10755999999999999	0.11525099999999999	0.10394	-0.062968	21807200.0
2014-03-13	-0.007673999999999999	0.113427	0.122406	0.096815	-0.170923	26243300.0
2014-03-12	0.001213	0.10803499999999999	0.11837400000000001	0.10623699999999998	0.026987	21244800.0
2014-03-11	-0.0044280000000000005	0.108946	0.112079	0.101338	-0.098953	26656800.0
2014-03-10	0.008117000000000001	0.110278	0.12290999999999999	0.108924	0.17991600000000002	24908100.0
2014-03-07	0.00040599999999999995	0.114791	0.12156099999999999	0.108923	0.008999	25373400.0
2014-03-06	0.005306	0.11480699999999999	0.11843699999999999	0.10618699999999999	0.116942	22371700.0
2014-03-05	-0.00447	0.11569700000000001	0.116148	0.102145	-0.09895599999999999	21036200.0
2014-03-04	0.00449	0.12161300000000001	0.12433599999999999	0.111631	0.09895599999999999	23661200.0
2014-03-03	-0.010501	0.102203	0.103999	0.09097899999999999	-0.233891	25728500.0
2014-02-28	0.0	0.112978	0.115672	0.103101	0.0	23482700.0
2014-02-27	-0.0016129999999999999	0.111631	0.111631	0.09863200000000001	-0.035982	20863900.0
2014-02-26	0.007311	0.11705	0.127886	0.11118	0.161926	19820200.0
2014-02-25	-0.00040599999999999995	0.11343699999999998	0.11524200000000001	0.103959	-0.008995	21539100.0
2014-02-24	0.0086	0.115728	0.132571	0.111176	0.188914	24145500.0
2014-02-21	-0.012934999999999999	0.12106700000000001	0.12151700000000001	0.094108	-0.287867	30579800.0
2014-02-20	0.009796	0.113446	0.127512	0.111631	0.21589499999999998	20193800.0
2014-02-19	-0.010501	0.10669300000000001	0.10983499999999999	0.096367	-0.233891	25686000.0
2014-02-18	0.0	0.107591	0.11252899999999999	0.102203	0.0	17738100.0
2014-02-14	0.0024289999999999997	0.10623099999999999	0.11433199999999999	0.09858	0.053974	20539700.0
2014-02-13	0.00611	0.106197	0.120234	0.10076399999999999	0.134934	22922000.0
2014-02-12	0.0032689999999999998	0.11344800000000001	0.121626	0.10708800000000002	0.07197	25874100.0
2014-02-11	0.007411	0.11437699999999999	0.12215699999999999	0.113462	0.161926	17911700.0
2014-02-10	0.003304	0.10704000000000001	0.118978	0.104744	0.071966	24571300.0
2014-02-07	0.009170999999999999	0.12136199999999998	0.124143	0.101437	0.19791	30808400.0
2014-02-06	0.019983	0.11541199999999999	0.138099	0.113049	0.422799	28008400.0
2014-02-05	-0.0031780000000000003	0.116578	0.119405	0.107156	-0.067465	32476200.0
2014-02-04	-0.0054280000000000005	0.124106	0.126449	0.104895	-0.115843	50816300.0
2014-02-03	-0.024041999999999997	0.120403	0.12086	0.092507	-0.525738	52868200.0
2014-01-31	-0.008084000000000001	0.109077	0.118149	0.10680899999999999	-0.178215	28623300.0
2014-01-30	0.002431	0.125415	0.13178099999999998	0.11586600000000001	0.053465	24610100.0
2014-01-29	-0.008836	0.115471	0.12493599999999999	0.11006300000000001	-0.196043	27145700.0
2014-01-28	0.007281999999999999	0.121778	0.137213	0.115422	0.160399	32453800.0
2014-01-27	-0.003628	0.120423	0.130374	0.11544700000000001	-0.080197	32564900.0
2014-01-24	-0.012734	0.11106700000000001	0.124911	0.107048	-0.28515	34838700.0
2014-01-23	-0.007112	0.116024	0.119572	0.10405299999999999	-0.160389	40241000.0
2014-01-22	-0.010942	0.11346099999999999	0.120039	0.10293599999999999	-0.24950799999999998	48749900.0
2014-01-21	-0.010058	0.119627	0.12006099999999999	0.097052	-0.231686	42286400.0
2014-01-17	-0.025998	0.072336	0.09347799999999999	0.06768500000000001	-0.614843	111758900.0
2014-01-16	-0.004874	0.12096900000000001	0.125177	0.107925	-0.11584100000000001	48960800.0
2014-01-15	0.006036	0.13112200000000002	0.148055	0.12646500000000002	0.142578	58277700.0
2014-01-14	0.039608	0.144677	0.168441	0.139836	0.8999940000000001	74142900.0
2014-01-13	-0.001175	0.126627	0.142452	0.117396	-0.026739	40274500.0
2014-01-10	0.008693000000000001	0.130656	0.146175	0.130656	0.196045	30588800.0
2014-01-09	-0.004719	0.12179000000000001	0.127527	0.11428800000000001	-0.10693399999999999	20878000.0
2014-01-08	-0.006252000000000001	0.124424	0.127494	0.10951400000000001	-0.142574	29680500.0
2014-01-07	0.005106	0.12575799999999998	0.134133	0.122673	0.115844	19665100.0
2014-01-06	-0.012412999999999999	0.121796	0.12266700000000001	0.107866	-0.28515	28682300.0
2014-01-03	-0.000388	0.125278	0.12701800000000002	0.11396400000000001	-0.008911	27796700.0
2014-01-02	-0.006548999999999999	0.11445	0.11617999999999999	0.101049	-0.15148399999999998	31833300.0
2013-12-31	0.004255	0.120495	0.13047999999999998	0.11875799999999999	0.09801499999999999	22808100.0
2013-12-30	0.009766	0.1253	0.133191	0.12223099999999999	0.222771	19787200.0
2013-12-27	-0.0038909999999999995	0.12441500000000001	0.126598	0.112625	-0.08910599999999999	12970600.0
2013-12-26	0.010618	0.122232	0.13414700000000002	0.122232	0.24059499999999998	16957000.0
2013-12-24	0.004344	0.124891	0.135528	0.12356099999999999	0.098021	12157900.0
2013-12-23	0.010375	0.131636	0.138801	0.127606	0.231681	28120800.0
2013-12-20	-0.003182	0.12089200000000001	0.131606	0.11776800000000001	-0.071291	55380100.0
2013-12-19	-0.000398	0.120893	0.126248	0.11062999999999999	-0.008911	31880600.0
2013-12-18	0.01987	0.12450699999999999	0.146806	0.116316	0.43663199999999996	42680500.0
2013-12-17	0.008589	0.12085499999999999	0.136919	0.119019	0.187127	28158500.0
2013-12-16	0.006587000000000001	0.12408	0.14163599999999998	0.12408	0.142572	25061100.0
2013-12-13	-0.0073560000000000006	0.11030799999999999	0.123149	0.10801500000000001	-0.160389	20631200.0
2013-12-12	0.0020469999999999998	0.136018	0.143831	0.122232	0.044548000000000004	21917800.0
2013-12-11	-0.016116	0.11861400000000001	0.124944	0.10324100000000001	-0.356432	24682400.0
2013-12-10	-0.004412	0.120431	0.12403199999999999	0.110078	-0.098018	18203700.0
2013-12-09	0.004432	0.123136	0.133987	0.115902	0.098018	29614700.0
2013-12-06	0.023083000000000003	0.155075	0.168028	0.144898	0.499008	53871400.0
2013-12-05	0.021904	0.12601400000000001	0.151068	0.122705	0.463368	45399100.0
2013-12-04	0.008068	0.12080199999999999	0.136528	0.12080199999999999	0.169304	43501500.0
2013-12-03	-0.0063289999999999996	0.12175799999999999	0.123652	0.108026	-0.133667	35066400.0
2013-12-02	-0.005873	0.12976300000000002	0.12976300000000002	0.11328800000000001	-0.12475399999999999	25685300.0
2013-11-29	-0.00251	0.122232	0.126458	0.115658	-0.053461	13802900.0
2013-11-27	0.010570999999999999	0.12175699999999999	0.135044	0.11606300000000001	0.222768	28419200.0
2013-11-26	-0.00421	0.124122	0.126485	0.111364	-0.089103	30600800.0
2013-11-25	-0.005028	0.12928399999999998	0.12928399999999998	0.10483599999999998	-0.106938	43389300.0
2013-11-22	-0.053903999999999994	0.08976100000000001	0.090206	0.060404	-1.2118659999999999	77908100.0
2013-11-21	0.027280000000000002	0.124517	0.155588	0.120404	0.597025	44050600.0
2013-11-20	-0.005668	0.122232	0.127684	0.111327	-0.124752	20288600.0
2013-11-19	0.004065	0.128618	0.134549	0.122688	0.089107	24870200.0
2013-11-18	0.0032630000000000003	0.126351	0.13047	0.120401	0.071284	24712500.0
2013-11-15	0.00533	0.12269200000000001	0.12959400000000001	0.11579	0.115843	22866500.0
2013-11-14	-0.008537000000000001	0.114476	0.11767000000000001	0.110827	-0.187127	20198900.0
2013-11-13	0.006959	0.11396300000000001	0.13096	0.111666	0.15148399999999998	22990300.0
2013-11-12	0.010757	0.113874	0.137554	0.11341	0.23168200000000003	37813500.0
2013-11-11	0.003321	0.119902	0.131549	0.11477799999999999	0.071283	19236500.0
2013-11-08	0.001247	0.120832	0.12503	0.11197	0.026735000000000002	31502900.0
2013-11-07	-0.007835	0.12778499999999998	0.128248	0.11066199999999998	-0.169304	25631100.0
2013-11-06	0.009155	0.12363299999999999	0.13530799999999998	0.115694	0.19604000000000002	25525700.0
2013-11-05	-0.00020800000000000001	0.116862	0.12573399999999998	0.109858	-0.00446	22849900.0
2013-11-04	-0.002877	0.132272	0.135996	0.124357	-0.061796000000000004	26639800.0
2013-11-01	-0.005721	0.13458900000000001	0.14107	0.12116500000000001	-0.12359200000000001	28302100.0
2013-10-31	-0.001225	0.13366199999999998	0.143371	0.129501	-0.026486000000000003	30901400.0
2013-10-30	-0.000816	0.133199	0.140129	0.127194	-0.017656	24091800.0
2013-10-29	0.006568000000000001	0.134597	0.147152	0.132272	0.141247	29961700.0
2013-10-28	0.004951	0.129934	0.14442	0.129466	0.10594300000000001	65581600.0
2013-10-25	0.019344	0.148457	0.154649	0.14417	0.406094	59634700.0
2013-10-24	0.001685	0.138463	0.14371199999999998	0.13464600000000002	0.035315	47590200.0
2013-10-23	-0.01371	0.126149	0.131796	0.10873699999999999	-0.291333	31651100.0
2013-10-22	-0.0029	0.13414500000000001	0.135553	0.126637	-0.06179199999999999	29010800.0
2013-10-21	0.010888	0.13558399999999998	0.146493	0.129891	0.22953	35297600.0
2013-10-18	-0.0016719999999999999	0.129896	0.135579	0.12137200000000001	-0.035316	29579100.0
2013-10-17	0.009283	0.127002	0.144208	0.1227	0.194221	28694900.0
2013-10-16	0.013253999999999998	0.126442	0.149687	0.12450399999999999	0.273674	47723400.0
2013-10-15	-0.002559	0.130322	0.1395	0.126458	-0.052972000000000005	42957700.0
2013-10-14	0.008169	0.12445899999999999	0.143938	0.12153699999999999	0.167738	27176700.0
2013-10-11	0.006926000000000001	0.11949800000000001	0.14058299999999999	0.11900699999999999	0.14125	24550600.0
2013-10-10	0.022577	0.15279500000000001	0.164328	0.149285	0.450241	39189400.0
2013-10-09	0.004893	0.134249	0.156924	0.13273800000000002	0.097111	40435400.0
2013-10-08	-0.015331000000000001	0.134722	0.135218	0.115372	-0.308987	36111200.0
2013-10-07	0.000877	0.127771	0.142173	0.12081900000000001	0.017653	21321300.0
2013-10-04	0.009292	0.132737	0.145268	0.132737	0.18539	22550000.0
2013-10-03	-0.012669	0.129273	0.13026300000000002	0.11343800000000001	-0.25601399999999996	34888500.0
2013-10-02	0.002628	0.12678399999999998	0.136211	0.12479900000000001	0.052971000000000004	23205400.0
2013-10-01	-0.003927	0.133726	0.138668	0.12186500000000001	-0.07946	25888800.0
2013-09-30	-0.002611	0.119921	0.142103	0.114006	-0.052965	32489600.0
2013-09-27	-0.018368000000000002	0.12305999999999999	0.13177	0.107092	-0.379612	28924100.0
2013-09-26	-0.012236	0.135127	0.137517	0.10884	-0.25601799999999997	32003300.0
2013-09-25	0.0	0.136561	0.137995	0.127002	0.0	19879900.0
2013-09-24	0.003387	0.13081900000000002	0.143767	0.13081900000000002	0.070626	24410100.0
2013-09-23	-0.0063100000000000005	0.129402	0.13655	0.125113	-0.132422	22437100.0
2013-09-20	-0.005855	0.134159	0.135106	0.11663	-0.123596	47069000.0
2013-09-19	0.00041799999999999997	0.135581	0.141742	0.129894	0.008829	28261400.0
2013-09-18	0.00674	0.137986	0.141326	0.124149	0.141253	31975400.0
2013-09-17	0.014963999999999998	0.147266	0.156951	0.146297	0.30898400000000004	37540700.0
2013-09-16	-0.002133	0.14191900000000002	0.145785	0.128388	-0.044141	30088500.0
2013-09-13	0.035793	0.15375999999999998	0.174283	0.15325999999999998	0.715082	61134800.0
2013-09-12	-0.007891	0.131248	0.13422699999999999	0.12230899999999999	-0.158907	29517900.0
2013-09-11	-0.007398	0.12928699999999999	0.132737	0.11942799999999999	-0.150078	45815300.0
2013-09-10	0.003055	0.140648	0.14361500000000002	0.133726	0.061796000000000004	31705400.0
2013-09-09	0.010587000000000001	0.135235	0.150725	0.134236	0.21187399999999998	27770600.0
2013-09-06	0.003097	0.137248	0.143764	0.12271300000000002	0.061798	27606600.0
2013-09-05	-0.0017670000000000001	0.134739	0.13724	0.12523199999999998	-0.035312	22552800.0
2013-09-04	0.025827	0.148648	0.169178	0.143516	0.503208	37941800.0
2013-09-03	0.0040950000000000005	0.14459	0.146136	0.132222	0.079452	26427300.0
2013-08-30	-0.0036270000000000004	0.14198	0.142493	0.12452200000000001	-0.070627	33896300.0
2013-08-29	-0.010318	0.130196	0.139852	0.12054100000000001	-0.203047	28303500.0
2013-08-28	0.0045060000000000005	0.133248	0.143968	0.129674	0.08828	28090000.0
2013-08-27	-0.003592	0.125108	0.130194	0.119004	-0.070623	37638500.0
2013-08-26	-0.007576	0.130718	0.136776	0.122137	-0.150078	22267800.0
2013-08-23	0.008086	0.13680799999999999	0.14851199999999998	0.1363	0.158909	23088700.0
2013-08-22	0.004059	0.13733599999999999	0.143978	0.132737	0.07945	17380600.0
2013-08-21	-0.015541999999999999	0.133743	0.135755	0.1096	-0.30898600000000004	32403300.0
2013-08-20	0.010772	0.13426300000000002	0.153074	0.13375399999999998	0.211877	32084300.0
2013-08-19	0.016887	0.141526	0.17357999999999998	0.139975	0.32664299999999996	43412200.0
2013-08-16	-0.005447	0.13427999999999998	0.140964	0.125539	-0.10593599999999999	30079000.0
2013-08-15	-0.023926	0.118183	0.124707	0.102625	-0.476724	40451200.0
2013-08-14	0.0022199999999999998	0.126701	0.143803	0.12418599999999999	0.04414	23202500.0
2013-08-13	-0.0053	0.135239	0.135739	0.120229	-0.105938	26099200.0
2013-08-12	0.005775	0.13122799999999998	0.142298	0.129718	0.11476700000000001	23520400.0
2013-08-09	0.002673	0.130719	0.137783	0.125673	0.05296699999999999	25145400.0
2013-08-08	-0.011013	0.135232	0.136729	0.11826600000000001	-0.220701	34792500.0
2013-08-07	-0.004386	0.12826600000000002	0.132241	0.12031700000000001	-0.088284	23350900.0
2013-08-06	-0.005236	0.13076	0.133231	0.122359	-0.10594	28843300.0
2013-08-05	-0.003261	0.132984	0.133969	0.125595	-0.066204	20869000.0
2013-08-02	0.0008619999999999999	0.142835	0.144807	0.13396	0.017483000000000002	36242100.0
2013-08-01	-0.005998	0.147252	0.151172	0.128139	-0.122393	37832700.0
2013-07-31	-0.0017109999999999998	0.143332	0.14773499999999998	0.13795	-0.034979	27679200.0
2013-07-30	0.006024	0.146774	0.156618	0.14579	0.122401	28855200.0
2013-07-29	-0.00086	0.139395	0.145788	0.134478	-0.017483000000000002	85543100.0
2013-07-26	0.008673	0.13786900000000002	0.15374100000000002	0.13588499999999998	0.174848	110474500.0
2013-07-25	0.0056700000000000006	0.13982999999999998	0.150306	0.13833399999999998	0.113656	114558100.0
2013-07-24	0.007912	0.152871	0.15639	0.13778800000000002	0.157367	33432700.0
2013-07-23	-0.000878	0.147839	0.154872	0.13729	-0.017488	28521400.0
2013-07-22	-0.011719	0.14531	0.147792	0.128431	-0.23605	35890900.0
2013-07-19	-0.008606	0.137423	0.13939100000000001	0.12265699999999999	-0.17485	45866700.0
2013-07-18	-0.037681	0.111614	0.118245	0.096932	-0.795575	77863900.0
2013-07-17	-0.004124	0.146179	0.152311	0.133916	-0.08742899999999999	44084200.0
2013-07-16	0.012949	0.14668699999999998	0.161021	0.14190999999999998	0.271016	34496100.0
2013-07-15	0.001674	0.140949	0.147171	0.137121	0.034973000000000004	25650100.0
2013-07-12	-0.003752	0.141914	0.144298	0.12761	-0.078684	34561900.0
2013-07-11	0.031827999999999995	0.159072	0.18071800000000002	0.154644	0.646953	41313800.0
2013-07-10	0.0047539999999999995	0.143821	0.15173	0.11910599999999999	0.09617300000000001	50037500.0
2013-07-09	-0.002156	0.149246	0.155165	0.139875	-0.04372	34739800.0
2013-07-08	-0.036160000000000005	0.13431300000000002	0.13669	0.094854	-0.7606069999999999	68826600.0
2013-07-05	0.012626	0.152968	0.159226	0.13997	0.262283	17830400.0
2013-07-03	0.001686	0.14285599999999998	0.152501	0.130801	0.034969	18167200.0
2013-07-02	-0.007116	0.14286300000000002	0.151003	0.127063	-0.148626	28290100.0
2013-07-01	-0.014032	0.14948599999999998	0.15279	0.12541	-0.29725100000000004	29698200.0
2013-06-28	0.0074849999999999995	0.13811400000000001	0.160943	0.128602	0.157376	80413900.0
2013-06-27	0.001666	0.148108	0.160018	0.143821	0.034963	25564500.0
2013-06-26	0.005444	0.159148	0.161064	0.1443	0.11365499999999999	33645000.0
2013-06-25	0.012723	0.155948	0.16128399999999998	0.143336	0.262282	34571300.0
2013-06-24	-0.02562	0.138149	0.144766	0.10648099999999999	-0.542044	49145200.0
2013-06-21	0.000413	0.14949500000000002	0.151386	0.139092	0.008741	67754000.0
2013-06-20	-0.0324	0.131468	0.132383	0.102644	-0.708148	63565700.0
2013-06-19	-0.018453	0.14471900000000001	0.153252	0.122714	-0.41090200000000004	28843900.0
2013-06-18	0.014740999999999999	0.142454	0.16888499999999998	0.142454	0.323471	36674300.0
2013-06-17	0.007223	0.152542	0.16355799999999998	0.143362	0.157367	42643200.0
2013-06-14	-0.002801	0.14519400000000002	0.150687	0.136955	-0.061197	24762700.0
2013-06-13	0.021668	0.143821	0.169541	0.141015	0.463362	27707000.0
2013-06-12	-0.010117000000000001	0.155393	0.157245	0.129934	-0.218565	24535200.0
2013-06-11	-0.011995	0.13558900000000002	0.147022	0.126442	-0.262284	27077800.0
2013-06-10	0.01708	0.149403	0.167079	0.146147	0.36719	29780800.0
2013-06-07	-0.002434	0.13222	0.14614100000000002	0.123868	-0.052455999999999996	35539400.0
2013-06-06	-0.0020239999999999998	0.146137	0.154935	0.12390799999999999	-0.043706999999999996	40020000.0
2013-06-05	-0.026025	0.132545	0.140213	0.11179800000000001	-0.577017	53335200.0
2013-06-04	0.0047539999999999995	0.158322	0.17735599999999999	0.148806	0.10490999999999999	68515500.0
2013-06-03	0.039539	0.172087	0.198939	0.169731	0.8392930000000001	76493500.0
2013-05-31	0.002891	0.144766	0.167444	0.140041	0.061201	47793200.0
2013-05-30	-0.002472	0.144292	0.154661	0.140993	-0.052458000000000005	26299900.0
2013-05-29	0.007890000000000001	0.138121	0.15807100000000002	0.134796	0.16610899999999998	31653900.0
2013-05-28	0.006689	0.155297	0.166774	0.147646	0.139881	31153700.0
2013-05-24	-0.005405	0.137638	0.143346	0.121468	-0.113647	30861700.0
2013-05-23	-0.000831	0.134792	0.146197	0.132891	-0.017487	38132900.0
2013-05-22	-0.0033130000000000004	0.142874	0.16181900000000002	0.133875	-0.069939	49686400.0
2013-05-21	0.002907	0.144771	0.151896	0.140021	0.061191999999999996	37917900.0
2013-05-20	0.0016640000000000001	0.145724	0.153813	0.14191800000000002	0.034970999999999995	31324400.0
2013-05-17	0.004177	0.152421	0.157199	0.14190999999999998	0.087424	36277400.0
2013-05-16	-0.010744	0.137204	0.153274	0.13105899999999998	-0.227305	29812900.0
2013-05-15	0.0151	0.14622000000000002	0.16109300000000001	0.142381	0.31473	33568900.0
2013-05-14	-0.009967	0.143821	0.148096	0.129571	-0.20981999999999998	36694400.0
2013-05-13	-0.017143000000000002	0.139619	0.143354	0.121878	-0.367189	28535200.0
2013-05-10	0.0057469999999999995	0.14663800000000002	0.152273	0.143351	0.122394	22554800.0
2013-05-09	0.004536	0.141463	0.158915	0.136746	0.096174	31333900.0
2013-05-08	0.004141	0.13861099999999998	0.150452	0.134822	0.08742899999999999	24900600.0
2013-05-07	0.010037	0.14669100000000002	0.16008599999999998	0.145256	0.20981999999999998	38605600.0
2013-05-06	-0.0020870000000000003	0.153846	0.155756	0.13857	-0.043716000000000005	31009100.0
2013-05-03	0.00314	0.159864	0.159864	0.14693399999999998	0.065571	30085800.0
2013-05-02	0.005002	0.142083	0.162296	0.139195	0.103933	33486300.0
2013-05-01	0.0016699999999999998	0.148329	0.165202	0.147847	0.034647000000000004	38373800.0
2013-04-30	0.007996	0.152652	0.166258	0.148765	0.164556	41468900.0
2013-04-29	0.015385	0.15657000000000001	0.175813	0.154596	0.311799	102141600.0
2013-04-26	0.0008550000000000001	0.15113900000000002	0.163485	0.142744	0.017318	101377300.0
2013-04-25	-0.011834	0.154108	0.16484400000000002	0.138004	-0.242508	109178000.0
2013-04-24	0.011976	0.14965699999999998	0.174843	0.148176	0.242508	54282000.0
2013-04-23	0.021853	0.159642	0.18336	0.157119	0.433054	62494100.0
2013-04-22	0.019608	0.156654	0.180322	0.14996500000000001	0.381085	52817000.0
2013-04-19	0.008993000000000001	0.156154	0.165498	0.153039	0.173225	49101000.0
2013-04-18	0.014136000000000001	0.160914	0.179341	0.15301700000000001	0.268496	76237300.0
2013-04-17	0.00045599999999999997	0.147748	0.166184	0.13616	0.008655	79461200.0
2013-04-16	0.025256999999999998	0.159456	0.184298	0.156756	0.46769399999999994	64767000.0
2013-04-15	-0.013838	0.14501	0.156193	0.137554	-0.259831	38459200.0
2013-04-12	-0.0068709999999999995	0.149836	0.15300899999999998	0.135555	-0.129915	34028000.0
2013-04-11	-0.019316999999999997	0.127106	0.136442	0.114657	-0.372423	59295600.0
2013-04-10	0.023448	0.153003	0.190163	0.152473	0.44171499999999997	67102900.0
2013-04-09	0.031294	0.155691	0.198393	0.152953	0.571625	61518700.0
2013-04-08	0.007162999999999999	0.151839	0.162866	0.146876	0.129913	34213000.0
2013-04-05	-0.009461	0.143673	0.145311	0.133295	-0.173218	36721600.0
2013-04-04	0.004275	0.154596	0.162275	0.149659	0.077948	28702500.0
2013-04-03	-0.019105	0.154058	0.156748	0.130385	-0.355101	36620800.0
2013-04-02	0.0014	0.159445	0.162678	0.14867	0.025986000000000002	28166700.0
2013-04-01	-0.018772999999999998	0.145609	0.147195	0.127106	-0.355105	33718100.0
2013-03-28	0.000458	0.155654	0.158827	0.142431	0.00866	33336700.0
2013-03-27	0.0027559999999999998	0.14664100000000002	0.165733	0.140806	0.051967	45370900.0
2013-03-26	0.029314999999999997	0.161693	0.188442	0.160055	0.536986	39548500.0
2013-03-25	-0.008439	0.157844	0.159468	0.14106400000000002	-0.155895	32740700.0
2013-03-22	0.013783000000000002	0.160632	0.171059	0.156791	0.251163	30803200.0
2013-03-21	-0.0066099999999999996	0.14532799999999998	0.15241500000000002	0.13933199999999998	-0.12125799999999999	32607200.0
2013-03-20	0.0018920000000000002	0.163881	0.16661199999999998	0.15295699999999998	0.034649	29919000.0
2013-03-19	-0.005644	0.154596	0.160027	0.141019	-0.103933	42546000.0
2013-03-18	-0.005613	0.147035	0.16053599999999998	0.144335	-0.103933	35154400.0
2013-03-15	-0.012471	0.15246300000000002	0.15726199999999999	0.13433	-0.23384699999999997	52949600.0
2013-03-14	-0.000462	0.15886	0.164724	0.1466	-0.008659	28836500.0
2013-03-13	0.000924	0.150328	0.157797	0.144992	0.017324000000000003	24617400.0
2013-03-12	-0.002305	0.152999	0.156725	0.14182	-0.043306	28617300.0
2013-03-11	0.005097	0.151921	0.163156	0.138545	0.09526799999999999	42148200.0
2013-03-08	-0.014162000000000001	0.15776099999999998	0.16250799999999999	0.132443	-0.26849	44990500.0
2013-03-07	0.006437000000000001	0.15725	0.16733599999999998	0.154596	0.12125599999999999	42380000.0
2013-03-06	0.011156999999999999	0.15567	0.169626	0.154596	0.20786300000000002	37188900.0
2013-03-05	0.011283	0.158395	0.171966	0.156224	0.20786100000000002	38796400.0
2013-03-04	0.011412	0.161733	0.16887	0.150752	0.207864	47545800.0
2013-03-01	0.007184	0.149619	0.171738	0.142431	0.12992	45695700.0
2013-02-28	-0.002389	0.15349200000000002	0.16287000000000001	0.148528	-0.043309	34808000.0
2013-02-27	0.017006999999999998	0.155718	0.180403	0.150669	0.303141	46966600.0
2013-02-26	0.017301	0.169435	0.18998199999999998	0.16486900000000002	0.303137	67247100.0
2013-02-25	-0.009304999999999999	0.163077	0.167601	0.143853	-0.16456300000000001	41525600.0
2013-02-22	0.008395	0.15858699999999998	0.16827999999999999	0.146043	0.147238	34534800.0
2013-02-21	-0.023155000000000002	0.15571	0.15626700000000002	0.120621	-0.415731	60754500.0
2013-02-20	-0.01707	0.154596	0.155143	0.133245	-0.311796	46119800.0
2013-02-19	-0.0014199999999999998	0.157876	0.15951600000000002	0.151316	-0.025981999999999998	31061600.0
2013-02-15	-0.005181	0.154596	0.158403	0.141543	-0.09527200000000001	33809100.0
2013-02-14	-0.000941	0.14807599999999999	0.156226	0.144272	-0.017321	35262200.0
2013-02-13	0.0028309999999999997	0.15623	0.160589	0.152416	0.05196	21267200.0
2013-02-12	0.007608	0.154596	0.166674	0.1524	0.138578	28391400.0
2013-02-11	0.001429	0.154596	0.157895	0.150197	0.025986000000000002	18897200.0
2013-02-08	0.00913	0.159589	0.170131	0.15847999999999998	0.16456199999999999	28150100.0
2013-02-07	-0.008576	0.153496	0.153496	0.13864400000000002	-0.155901	41015200.0
2013-02-06	-0.008971	0.153505	0.155686	0.139877	-0.16456400000000002	32361000.0
2013-02-05	0.011703	0.165902	0.17638099999999998	0.16149000000000002	0.2122	30076500.0
2013-02-04	-0.009363	0.163727	0.168098	0.155532	-0.171375	38345600.0
2013-02-01	0.015209	0.175325	0.184754	0.16977799999999998	0.27420300000000003	31867100.0
2013-01-31	-0.015441999999999999	0.163182	0.164274	0.147891	-0.28277800000000003	36534100.0
2013-01-30	0.004229	0.167553	0.176876	0.163714	0.07712100000000001	34151300.0
2013-01-29	0.010927	0.169223	0.180865	0.16478800000000002	0.19709100000000002	105703100.0
2013-01-28	0.004294	0.16978900000000002	0.174243	0.168675	0.07711900000000001	105398300.0
2013-01-25	0.00047699999999999994	0.172018	0.17369	0.163106	0.008568000000000001	107632800.0
2013-01-24	-0.00758	0.166452	0.170875	0.157054	-0.137106	58396800.0
2013-01-23	-0.002834	0.168659	0.169761	0.159839	-0.051412	42432300.0
2013-01-22	-0.0037649999999999997	0.168653	0.169202	0.154923	-0.06855	51127400.0
2013-01-18	-0.063051	0.099084	0.1032	0.082104	-1.2253610000000001	143760400.0
2013-01-17	0.02578	0.167533	0.21714699999999998	0.167005	0.488428	101020600.0
2013-01-16	0.010512	0.168605	0.18407300000000001	0.165405	0.19709000000000002	36763700.0
2013-01-15	-0.005455	0.164353	0.173901	0.155335	-0.102827	33990300.0
2013-01-14	0.0	0.165944	0.173901	0.153744	0.0	35724500.0
2013-01-11	0.009174	0.167005	0.18145899999999998	0.165399	0.171377	44944700.0
2013-01-10	0.016316999999999998	0.17570999999999998	0.187135	0.17135799999999998	0.299917	44621600.0
2013-01-09	0.01707	0.174199	0.188032	0.173092	0.308483	34290000.0
2013-01-08	-0.007529999999999999	0.165907	0.184029	0.154374	-0.137107	48672000.0
2013-01-07	0.004253	0.173623	0.182999	0.16810799999999998	0.07711900000000001	36352100.0
2013-01-04	-0.0075049999999999995	0.169194	0.170836	0.152226	-0.137104	30142500.0
2013-01-03	-0.002806	0.168097	0.172463	0.153905	-0.051414	41054100.0
2013-01-02	0.036857	0.197001	0.21001799999999998	0.191341	0.651241	47623000.0
2012-12-31	0.019278	0.168159	0.19180999999999998	0.162967	0.334189	41139500.0
2012-12-28	-0.013652000000000001	0.15790099999999999	0.16586700000000001	0.14993499999999998	-0.23993299999999998	25906900.0
2012-12-27	-0.00678	0.16983099999999998	0.173221	0.14779	-0.11996300000000001	31704300.0
2012-12-26	0.00048499999999999997	0.17265899999999998	0.183402	0.167005	0.00857	22488700.0
2012-12-24	-0.006259000000000001	0.160262	0.164757	0.152396	-0.111401	14193100.0
2012-12-21	-0.012362999999999999	0.146473	0.15701600000000002	0.136484	-0.22279200000000002	61993100.0
2012-12-20	-0.003317	0.17308900000000002	0.17474800000000001	0.154837	-0.059976	34005500.0
2012-12-19	0.006679000000000001	0.17313	0.18649200000000002	0.161437	0.11996400000000002	52804600.0
2012-12-18	0.01896	0.173246	0.190833	0.167005	0.334187	41601200.0
2012-12-17	0.001948	0.168142	0.1761	0.157342	0.034276999999999995	34959900.0
2012-12-14	0.001952	0.168714	0.18124400000000002	0.159032	0.034279000000000004	34149500.0
2012-12-13	-0.008709	0.164746	0.18112	0.15401900000000002	-0.154247	41607600.0
2012-12-12	0.0009689999999999999	0.178873	0.18622	0.16078800000000001	0.017138999999999998	48354700.0
2012-12-11	0.028387	0.171654	0.20536300000000002	0.171073	0.488432	51036500.0
2012-12-10	-0.003968	0.166426	0.16758399999999998	0.156585	-0.06855399999999999	27273200.0
2012-12-07	0.0	0.176846	0.178582	0.15947999999999998	0.0	41701200.0
2012-12-06	0.015616999999999999	0.175235	0.192873	0.17406	0.265635	46291200.0
2012-12-05	-0.0060090000000000005	0.165252	0.169927	0.153564	-0.102828	45847000.0
2012-12-04	0.022006	0.17238	0.197464	0.17118599999999998	0.36846999999999996	57942400.0
2012-12-03	-0.001533	0.18549100000000002	0.187876	0.162831	-0.025707999999999998	50637000.0
2012-11-30	0.002048	0.172981	0.181346	0.160432	0.034279000000000004	51427800.0
2012-11-29	-0.027875	0.151902	0.164101	0.130409	-0.479862	64926300.0
2012-11-28	0.008028	0.164662	0.177545	0.150024	0.137098	43226300.0
2012-11-27	0.0020109999999999998	0.170526	0.184607	0.168765	0.034281	44893200.0
2012-11-26	0.008620000000000001	0.165229	0.17884	0.16108699999999998	0.14566400000000002	67047900.0
2012-11-23	0.018595	0.177252	0.195939	0.176047	0.308485	51711900.0
2012-11-21	-0.0076879999999999995	0.167603	0.169398	0.150257	-0.12853	95636000.0
2012-11-20	-0.036543	0.145682	0.145682	0.115138	-0.6341	85743300.0
2012-11-19	0.002971	0.155445	0.182033	0.140416	0.051409	69433800.0
2012-11-16	0.007988	0.16933499999999999	0.18040499999999998	0.151856	0.137102	50855500.0
2012-11-15	0.003507	0.169928	0.186299	0.168174	0.059984	45733800.0
2012-11-14	-0.015778999999999998	0.175061	0.17966500000000002	0.148015	-0.274204	58961300.0
2012-11-13	-0.023592	0.15576700000000002	0.16981400000000002	0.133854	-0.41988400000000003	56379200.0
2012-11-12	-0.001442	0.171494	0.173177	0.158589	-0.025699	27267000.0
2012-11-09	-0.00144	0.165884	0.184373	0.165324	-0.025710000000000004	35017900.0
2012-11-08	-0.003826	0.166447	0.179283	0.161982	-0.06855399999999999	38090000.0
2012-11-07	-0.037736	0.156801	0.157338	0.12243	-0.7026479999999999	70960100.0
2012-11-06	-0.005037	0.161127	0.175554	0.15578399999999998	-0.094261	49860500.0
2012-11-05	0.000229	0.176892	0.181703	0.160858	0.004282	48797400.0
2012-11-02	-0.008984	0.185916	0.19386099999999998	0.166319	-0.169626	51737600.0
2012-11-01	0.029126	0.186117	0.221548	0.183936	0.5343359999999999	50359300.0
2012-10-31	-0.014579	0.182253	0.186551	0.159693	-0.27141	40612800.0
2012-10-26	0.011987000000000001	0.183379	0.196969	0.17413800000000001	0.220518	92415400.0
2012-10-25	0.010718	0.185623	0.194963	0.181777	0.195074	79226400.0
2012-10-24	-0.006021	0.186676	0.187222	0.169201	-0.11025599999999999	33237800.0
2012-10-23	0.006058	0.17133900000000002	0.196062	0.17024	0.11025599999999999	47194400.0
2012-10-22	0.008933	0.18623699999999999	0.19566	0.180693	0.161152	36500300.0
2012-10-19	-0.018459	0.17903	0.180118	0.15454600000000002	-0.339266	55622300.0
2012-10-18	-0.005507	0.180653	0.182818	0.16875	-0.101778	42921800.0
2012-10-17	-0.025056000000000002	0.122057	0.159512	0.122057	-0.474962	99053800.0
2012-10-16	0.028532	0.193138	0.219181	0.190967	0.525856	80707000.0
2012-10-15	0.011639	0.181775	0.20208399999999999	0.180128	0.212038	49513800.0
2012-10-12	-0.009225	0.173592	0.188276	0.163803	-0.169632	46274000.0
2012-10-11	-0.003677	0.18499100000000002	0.185532	0.166026	-0.067854	36817700.0
2012-10-10	-0.006392	0.179031	0.18441400000000002	0.16826300000000002	-0.11873800000000001	47188900.0
2012-10-09	-0.027099	0.160698	0.16227	0.14446099999999998	-0.517374	66317400.0
2012-10-08	-0.007495999999999999	0.17591099999999998	0.17591099999999998	0.164474	-0.144188	29698200.0
2012-10-05	0.009346	0.189	0.201593	0.184802	0.17811	38344600.0
2012-10-04	-0.0035479999999999995	0.180599	0.18269000000000002	0.16439	-0.067852	52980100.0
2012-10-03	-0.012697	0.180063	0.18574100000000002	0.16096300000000002	-0.245964	49772700.0
2012-10-02	0.003515	0.185765	0.19146300000000002	0.17385	0.067854	36381100.0
2012-10-01	0.004413	0.18371400000000002	0.205567	0.180071	0.08482	55261300.0
2012-09-28	-0.018623	0.177498	0.177498	0.153499	-0.364716	47920800.0
2012-09-27	0.019426	0.184756	0.204537	0.17903	0.373192	43872200.0
2012-09-26	0.00488	0.1806	0.19001500000000002	0.17589200000000002	0.093298	49734700.0
2012-09-25	-0.011403	0.18678699999999998	0.187822	0.16403399999999999	-0.220518	49535100.0
2012-09-24	-0.014266999999999998	0.16883499999999999	0.169855	0.14793599999999998	-0.279896	48846500.0
2012-09-21	-0.002157	0.181065	0.183608	0.17038299999999998	-0.042408	56246600.0
2012-09-20	0.001296	0.175974	0.180558	0.170881	0.025444	33083000.0
2012-09-19	-0.009413	0.185589	0.186094	0.167427	-0.186588	39459800.0
2012-09-18	0.002574	0.179031	0.189653	0.170432	0.050892	41948200.0
2012-09-17	-0.002568	0.174995	0.182562	0.168436	-0.050892	36169000.0
2012-09-14	0.00042800000000000005	0.18357300000000001	0.188115	0.172469	0.008478	47983700.0
2012-09-13	0.007331	0.169879	0.190216	0.160727	0.14418599999999998	52998300.0
2012-09-12	-0.0064269999999999996	0.181556	0.191154	0.16488599999999998	-0.127226	44862700.0
2012-09-11	0.003439	0.181058	0.198799	0.175989	0.067854	54237700.0
2012-09-10	-0.038445	0.16733299999999998	0.199014	0.129315	-0.788776	80584600.0
2012-09-07	-0.036255	0.133466	0.160241	0.12783	-0.771824	86282100.0
2012-09-06	0.029110000000000004	0.182898	0.21335199999999999	0.18241400000000002	0.60219	40187600.0
2012-09-05	-0.0012289999999999998	0.178065	0.19641199999999998	0.167926	-0.025448	38595800.0
