2017-09-01	-0.010123	0.001738	0.002115	-0.010803	-1.339996	3819200.000000
2016-09-01	-0.002179	0.025494	0.027214999999999996	0.020418000000000002	-0.253212	4551800.0
2016-08-31	-0.001088	0.027386	0.028074	0.022831	-0.126609	5693100.0
2016-08-30	-0.003752	0.033206	0.033206	0.021134	-0.43825600000000003	3820500.0
2016-08-29	0.007392	0.029026999999999997	0.036187000000000004	0.026957	0.8570409999999999	5074900.0
2016-08-26	0.003964	0.029123000000000003	0.036917	0.026698000000000003	0.457733	6482700.0
2016-08-25	-0.001179	0.028082	0.031110000000000002	0.023497999999999998	-0.13633699999999999	5566000.0
2016-08-24	-0.006111999999999999	0.027129	0.028245999999999997	0.019736	-0.710961	6303900.0
2016-08-23	0.002602	0.031439	0.033939	0.025837	0.30191799999999996	5603200.0
2016-08-22	-0.006587999999999999	0.026614	0.026614	0.018479	-0.7693939999999999	6544900.0
2016-08-19	0.0	0.026699	0.027384	0.021647	0.0	7798300.0
2016-08-18	-0.004864	0.032442	0.034316	0.021621	-0.5708	8728000.0
2016-08-17	0.008144	0.035095	0.042225	0.029511000000000003	0.9481120000000001	10442800.0
2016-08-16	-0.016188	0.031944	0.033719	0.01462	-1.9155650000000002	11289100.0
2016-08-15	-0.007384999999999999	0.032796	0.034054	0.025749	-0.880402	6469500.0
2016-08-12	-0.004444	0.031129	0.033635000000000005	0.026787000000000002	-0.532089	4234800.0
2016-08-11	0.003324	0.037739999999999996	0.04017	0.034556	0.396652	4052000.0
2016-08-10	-0.000567	0.034974	0.036565	0.032043	-0.067734	4333500.0
2016-08-09	-0.001779	0.035808	0.03656	0.03096	-0.212829	3941500.0
2016-08-08	-0.004749000000000001	0.031638	0.032886	0.025232	-0.570809	5232500.0
2016-08-05	0.003068	0.037974	0.037974	0.0328	0.367638	5146900.0
2016-08-04	-0.000323	0.036470999999999996	0.037722000000000006	0.031466	-0.038697	4728200.0
2016-08-03	-0.007609	0.034876	0.034876	0.024031	-0.919082	5310600.0
2016-08-02	-0.004386	0.035695	0.037756	0.026050999999999998	-0.532105	7158700.0
2016-08-01	0.0013570000000000001	0.034295	0.037596	0.032562	0.16446	4615100.0
2016-07-29	0.006187	0.032638	0.040777	0.032638	0.744949	7020900.0
2016-07-28	-0.0024850000000000002	0.035374	0.035539999999999995	0.030652	-0.299912	4320400.0
2016-07-27	-0.003036	0.033222	0.034295	0.026945	-0.367645	4812600.0
2016-07-26	0.002082	0.034793	0.039097	0.032476	0.25154899999999997	5589900.0
2016-07-25	-0.00112	0.033964999999999995	0.034461	0.026277	-0.135445	4880600.0
2016-07-22	-0.000959	0.033387	0.035286	0.029505	-0.116104	5839200.0
2016-07-21	8e-05	0.034213	0.03859	0.03157	0.009682	5492600.0
2016-07-20	-0.000878	0.038504000000000004	0.040402	0.031902	-0.10641500000000001	7334600.0
2016-07-19	0.017135	0.047401	0.055542999999999995	0.035313	2.0413360000000003	11325700.0
2016-07-18	0.0011380000000000001	0.033635000000000005	0.035483	0.028929000000000003	0.135445	6599200.0
2016-07-15	-0.0014609999999999998	0.038585	0.043033	0.029691000000000002	-0.174149	7192800.0
2016-07-14	0.001463	0.033467000000000004	0.039853	0.032878	0.174149	5322700.0
2016-07-13	0.000651	0.031616000000000005	0.037670999999999996	0.028421	0.0774	5230800.0
2016-07-12	-8.1e-05	0.03128	0.035905	0.030944	-0.009674	6415900.0
2016-07-11	0.000651	0.032457	0.038682999999999995	0.029932999999999998	0.0774	6711600.0
2016-07-08	0.002775	0.037769	0.038612	0.028994	0.328919	6129900.0
2016-07-07	-0.00106	0.033213	0.035067	0.028325	-0.125771	6058700.0
2016-07-06	0.003026	0.030760000000000003	0.036932	0.027462999999999998	0.357979	9332400.0
2016-07-05	0.00808	0.034231	0.050167	0.034061	0.948105	9334100.0
2016-07-01	-8.3e-05	0.033634	0.03568	0.029289	-0.00969	7051400.0
2016-06-30	0.016509	0.032335	0.051651999999999997	0.032162	1.905907	11559900.0
2016-06-29	0.009304	0.038968	0.043951	0.032498	1.064209	8341500.0
2016-06-28	0.014413999999999998	0.039133	0.049775	0.033635000000000005	1.6253360000000001	10089600.0
2016-06-27	0.007956	0.028002999999999997	0.042663	0.028002999999999997	0.8900600000000001	10877400.0
2016-06-24	-0.014909	0.013293000000000001	0.031345	0.012676999999999999	-1.6930619999999998	13939500.0
2016-06-23	0.0079	0.040202	0.0418	0.035587	0.8900610000000001	6775900.0
2016-06-22	0.0024100000000000002	0.036837	0.042798	0.034791	0.270897	5833800.0
2016-06-21	-0.003089	0.037626	0.039044999999999996	0.030442	-0.34828200000000004	5493500.0
2016-06-20	0.009179000000000001	0.043658999999999996	0.048493	0.042138	1.0255049999999999	5588200.0
2016-06-17	-0.009945	0.033457	0.0339	0.019190000000000002	-1.122254	10702200.0
2016-06-16	0.0019760000000000003	0.027242000000000002	0.037897	0.023068	0.222512	6664300.0
2016-06-15	-0.006062	0.038224	0.039106	0.026751	-0.686898	6371400.0
2016-06-14	0.002826	0.030625	0.037086	0.029298	0.319268	6378400.0
2016-06-13	-0.0018800000000000002	0.034695	0.0392	0.031691000000000004	-0.212838	7940900.0
2016-06-10	8.499999999999999e-05	0.031338	0.035667000000000004	0.02798	0.009667	6067400.0
2016-06-09	0.010362999999999999	0.033456	0.046042	0.031938999999999995	1.160957	7375500.0
2016-06-08	0.000605	0.031758999999999996	0.035599	0.030775999999999998	0.06771100000000001	5863800.0
2016-06-07	-0.00034500000000000004	0.035776999999999996	0.037742000000000005	0.030777999999999996	-0.038681	6417400.0
2016-06-06	0.008801	0.035526	0.044802999999999996	0.035166	0.9771270000000001	6349400.0
2016-06-03	0.002358	0.033454000000000005	0.041760000000000005	0.030294	0.261208	6874000.0
2016-06-02	0.015162	0.034459	0.050773	0.034368	1.654365	7310800.0
2016-06-01	0.000799	0.033635000000000005	0.037028	0.027948	0.08706699999999999	4748900.0
2016-05-31	-0.003273	0.035463	0.038846	0.026869	-0.357964	10104700.0
2016-05-27	0.001417	0.034916	0.037663	0.031712	0.15479300000000001	4457300.0
2016-05-26	-0.0039700000000000004	0.031445999999999995	0.033361	0.029075	-0.435356	3973600.0
2016-05-25	0.005857	0.038129	0.043174000000000004	0.035102	0.6385270000000001	5453800.0
2016-05-24	0.004725	0.036952	0.045984	0.036952	0.512756	6125300.0
2016-05-23	-0.004261	0.034828	0.035286	0.028129	-0.46437799999999996	6462300.0
2016-05-20	0.005266	0.035018	0.04166	0.030958999999999997	0.570801	7435200.0
2016-05-19	-0.006515000000000001	0.035516000000000006	0.035974	0.028276	-0.710846	8232200.0
2016-05-18	-0.0021079999999999996	0.039001999999999995	0.042843	0.032326	-0.23054499999999997	8267900.0
2016-05-17	-0.00533	0.041924	0.042106	0.030098000000000003	-0.5859840000000001	9233900.0
2016-05-16	0.007749	0.039456	0.050823	0.038723	0.845353	6222900.0
2016-05-13	-0.0058649999999999996	0.038007	0.039738	0.033086000000000004	-0.643616	6779900.0
2016-05-12	-0.001224	0.042198	0.044564	0.033460000000000004	-0.134483	7156300.0
2016-05-11	-0.002616	0.040106	0.041831	0.037745999999999995	-0.288186	6680700.0
2016-05-10	0.008354	0.043578	0.05273200000000001	0.042845	0.912583	8356400.0
2016-05-09	0.008693000000000001	0.043231	0.052557000000000006	0.040922	0.941398	6512700.0
2016-05-06	-0.00124	0.038248000000000004	0.042582	0.035481	-0.134483	6094600.0
2016-05-05	0.005881	0.039716	0.049178	0.039345	0.633988	5404300.0
2016-05-04	-0.004171	0.03501	0.039629000000000004	0.031869	-0.451485	5214600.0
2016-05-03	-0.000532	0.03926	0.044246	0.035198	-0.057633000000000004	7523300.0
2016-05-02	0.005978	0.042315	0.047609	0.039620999999999996	0.6435930000000001	5178800.0
2016-04-29	-0.003556	0.037127	0.038607999999999996	0.032037	-0.384239	7774500.0
2016-04-28	-0.002571	0.03483	0.040461000000000004	0.030583	-0.278557	6640000.0
2016-04-27	-0.00124	0.041475	0.043688	0.036866	-0.134491	5759300.0
2016-04-26	-0.005286	0.040464	0.041473	0.033127	-0.576378	5853600.0
2016-04-25	0.0016769999999999999	0.040923	0.043127	0.033298	0.182526	6139900.0
2016-04-22	-0.0022010000000000003	0.039731	0.042664	0.034231	-0.24015799999999998	7508700.0
2016-04-21	-8.8e-05	0.03854	0.042388999999999996	0.033589999999999995	-0.009604999999999999	7884500.0
2016-04-20	0.007987000000000001	0.045725999999999996	0.054965	0.044433	0.864555	8213400.0
2016-04-19	0.015776	0.047771	0.069355	0.046176	1.6810450000000001	10526400.0
2016-04-18	0.006807	0.039314	0.049707	0.036196	0.7204520000000001	7727200.0
2016-04-15	0.003095	0.043194	0.046322	0.037792	0.32660700000000004	10057900.0
2016-04-14	-0.000273	0.042246	0.044994	0.037035000000000005	-0.028824000000000002	4457100.0
2016-04-13	0.002464	0.044814	0.048138	0.03826	0.259369	5758300.0
2016-04-12	0.0057810000000000005	0.041301	0.053147	0.038912999999999996	0.605178	8412300.0
2016-04-11	-0.001192	0.041492	0.045975999999999996	0.036721	-0.124877	6823900.0
2016-04-08	-0.001556	0.041967000000000004	0.044538999999999995	0.036156	-0.16331500000000002	6301600.0
2016-04-07	-0.001371	0.037018999999999996	0.042917000000000004	0.033498	-0.144081	7822900.0
2016-04-06	0.004314	0.038817000000000004	0.04627	0.030791000000000002	0.451477	6828700.0
2016-04-05	0.003315	0.037563	0.052998	0.035454	0.34583200000000003	7939000.0
2016-04-04	-0.005495	0.037487	0.040156	0.032148	-0.576385	10668900.0
2016-04-01	0.00915	0.03909	0.051501	0.036108	0.9510040000000001	9043200.0
2016-03-31	-0.007156999999999999	0.039868	0.041014	0.032035	-0.749268	8167700.0
2016-03-30	-0.001466	0.043970999999999996	0.04502	0.039011000000000004	-0.153694	5248200.0
2016-03-29	0.008408	0.041688	0.050825	0.036301	0.8741459999999999	6612800.0
2016-03-28	-0.000739	0.041976	0.046685000000000004	0.038612	-0.076836	4738100.0
2016-03-24	-0.0017510000000000002	0.038327999999999994	0.042069999999999996	0.033818	-0.182526	6284500.0
2016-03-23	0.01043	0.040142000000000004	0.055072	0.039269	1.075882	8191300.0
2016-03-22	0.000932	0.041014	0.044411	0.038783	0.096055	7821700.0
2016-03-21	-0.002046	0.040143	0.043435	0.031814999999999996	-0.211327	7674700.0
2016-03-18	0.0071200000000000005	0.043453	0.051743	0.037308	0.730057	14758300.0
2016-03-17	-0.0062380000000000005	0.041596	0.042856	0.03171	-0.643616	8571100.0
2016-03-16	-0.0032479999999999996	0.040725	0.041208	0.032513	-0.33620500000000003	7065100.0
2016-03-15	0.0009289999999999999	0.040628	0.047686	0.032312	0.096062	8476600.0
2016-03-14	-0.00046399999999999995	0.043044	0.046717	0.037148	-0.048027	7242800.0
2016-03-11	0.00532	0.044512	0.049273000000000004	0.041694999999999996	0.547539	7763800.0
2016-03-10	0.0028079999999999997	0.042476	0.04725	0.033512	0.28818499999999997	10474700.0
2016-03-09	0.005837	0.047091	0.048855	0.03974	0.5955729999999999	7564200.0
2016-03-08	-0.004872	0.038869	0.041306999999999996	0.033505	-0.499511	7632900.0
2016-03-07	0.002254	0.036127	0.04512	0.031142000000000003	0.23054499999999997	6973500.0
2016-03-04	-0.0014060000000000001	0.039648	0.044236000000000004	0.035352999999999996	-0.14408900000000002	6715700.0
2016-03-03	-0.0036439999999999997	0.038875	0.040625	0.027301	-0.374641	6927200.0
2016-03-02	-0.001679	0.038005000000000004	0.042858999999999994	0.033344	-0.172898	9767000.0
2016-03-01	0.019105	0.047842	0.061101	0.043289999999999995	1.9308020000000001	8298500.0
2016-02-29	-0.005389	0.036094	0.045148	0.033732	-0.547547	10111100.0
2016-02-26	-0.00564	0.04532	0.046299	0.03162	-0.5763550000000001	9049400.0
2016-02-25	0.013529	0.040915	0.055197	0.03913	1.364044	8092500.0
2016-02-24	0.008454999999999999	0.033613	0.051016000000000006	0.029912	0.8453299999999999	9076100.0
2016-02-23	-0.006396	0.040021	0.041412	0.033163	-0.643601	6629200.0
2016-02-22	0.005664	0.041014	0.046911	0.039915	0.566757	6947000.0
2016-02-19	0.006474	0.04192	0.052985000000000004	0.039908	0.643609	9343300.0
2016-02-18	0.016975999999999998	0.051935	0.07086	0.048559	1.6594229999999999	10744600.0
2016-02-17	0.001759	0.052965	0.057987000000000004	0.047636000000000005	0.171654	8904000.0
2016-02-16	0.004911	0.054223	0.061225999999999996	0.046807999999999995	0.47685299999999997	10452800.0
2016-02-12	0.00118	0.049796	0.051446000000000006	0.038455	0.11444000000000001	9035000.0
2016-02-11	-0.000295	0.035468	0.051548000000000004	0.030521	-0.028625	12465800.0
2016-02-10	-0.0023539999999999998	0.049381	0.058225	0.042388999999999996	-0.22887399999999997	9833100.0
2016-02-09	-0.000294	0.041466	0.051026	0.03797	-0.028610000000000003	10044500.0
2016-02-08	0.014522	0.04616	0.07953400000000001	0.045221	1.392387	14323800.0
2016-02-05	-0.032339	0.036045	0.037155	0.00698	-3.204399	15522200.0
2016-02-04	-0.002304	0.043222000000000003	0.048055	0.034362000000000004	-0.22887399999999997	10389000.0
2016-02-03	0.007059	0.050992	0.05839400000000001	0.034363	0.696174	10168600.0
2016-02-02	-0.009198	0.037808999999999995	0.047454	0.034795	-0.915535	10616300.0
2016-02-01	-0.00067	0.040226	0.052073	0.03631	-0.06676499999999999	9803700.0
2016-01-29	0.021218	0.054916	0.073986	0.05225	2.0695189999999997	15614600.0
2016-01-28	0.001077	0.052048000000000004	0.057590999999999996	0.045377	0.10488900000000001	12789500.0
2016-01-27	0.009686	0.041408	0.071358	0.041408	0.934624	19330500.0
2016-01-26	0.049585000000000004	0.057913	0.102292	0.056608000000000006	4.558624	17266600.0
2016-01-25	-0.003617	0.048234	0.05874600000000001	0.040864	-0.333778	9350200.0
2016-01-22	0.008443	0.060362	0.061127	0.048668	0.7724989999999999	8380000.0
2016-01-21	0.001984	0.048777999999999995	0.058304999999999996	0.032461000000000004	0.181198	11266400.0
2016-01-20	-0.017949	0.03361	0.046193	0.016618	-1.6689599999999998	12685200.0
2016-01-19	0.005155	0.058612	0.063801	0.047478	0.47684399999999993	12457800.0
2016-01-15	-0.019112	0.021838999999999997	0.039122000000000004	0.020566	-1.8024669999999998	12499300.0
2016-01-14	0.019274	0.049423	0.075038	0.048343000000000004	1.7834020000000002	10164300.0
2016-01-13	-0.012419	0.051226999999999995	0.05645700000000001	0.033616	-1.163506	8290700.0
2016-01-12	0.006867	0.053072	0.05995	0.045012	0.638969	6745000.0
2016-01-11	-0.006011	0.049413	0.053578999999999995	0.02634	-0.562683	8151400.0
2016-01-08	-0.010683	0.055534	0.056167999999999996	0.03408	-1.01091	9766700.0
2016-01-07	-0.011654000000000001	0.037278	0.045425	0.032787000000000004	-1.1158059999999999	9433100.0
2016-01-06	-0.005055	0.037335	0.049286	0.035049000000000004	-0.486397	7733800.0
2016-01-05	0.00418	0.049602	0.058577	0.049498	0.40055100000000005	6467200.0
2016-01-04	-0.021807	0.038249	0.03927	0.015179	-2.136254	12722800.0
2015-12-31	-0.010214	0.044416000000000004	0.046942000000000005	0.037545999999999996	-1.010925	4566800.0
2015-12-30	-0.002403	0.049365	0.05168300000000001	0.043519	-0.238411	3847800.0
2015-12-29	0.007847	0.049777999999999996	0.058413	0.049777999999999996	0.772492	4230000.0
2015-12-28	-0.004821	0.0431	0.046031	0.040572000000000004	-0.47684499999999996	4063000.0
2015-12-24	0.002222	0.04481	0.052814	0.043695	0.21935300000000002	2546300.0
2015-12-23	0.007594	0.052641999999999994	0.058359	0.048865	0.743866	5531700.0
2015-12-22	0.011124	0.051965	0.061978	0.04412	1.077674	5581600.0
2015-12-21	-0.003629	0.052570000000000006	0.058535000000000004	0.037245	-0.352867	8321900.0
2015-12-18	-0.016306	0.042893	0.042893	0.03146	-1.611732	14966000.0
2015-12-17	-0.015297	0.047662	0.048658	0.032418999999999996	-1.535439	8740800.0
2015-12-16	0.010756	0.053694000000000006	0.062252999999999996	0.042416	1.068123	8178800.0
2015-12-15	0.019383	0.053690999999999996	0.074632	0.053690999999999996	1.888306	9283200.0
2015-12-14	0.004622	0.048249	0.054849	0.039277	0.44822700000000004	10641500.0
2015-12-11	-0.009353	0.0458	0.0458	0.036198	-0.9155280000000001	7796500.0
2015-12-10	0.004797	0.050098000000000004	0.060774	0.044966000000000006	0.467301	6462500.0
2015-12-09	-0.002636	0.045692	0.057977999999999995	0.04088	-0.25748499999999996	7947000.0
2015-12-08	-0.008711	0.045107999999999995	0.047747000000000005	0.034249	-0.8583219999999999	8005400.0
2015-12-07	0.003594	0.045096	0.054059	0.044994	0.35286	7262900.0
2015-12-04	0.021431	0.054904999999999995	0.07155	0.053655999999999995	2.059967	7845400.0
2015-12-03	-0.012347	0.050819	0.051847000000000004	0.030680000000000002	-1.201645	12008700.0
2015-12-02	-0.003029	0.049993	0.054398	0.044768	-0.295647	6623500.0
2015-12-01	0.011063	0.053634	0.061505	0.047316000000000004	1.0681459999999998	7545700.0
2015-11-30	-0.011038	0.049686	0.049686	0.036983999999999996	-1.077675	8983700.0
2015-11-27	0.004021	0.05185	0.055346000000000006	0.046811	0.391014	2353800.0
2015-11-25	-0.000784	0.049895	0.051539	0.047737	-0.076309	5400800.0
2015-11-24	-0.007103	0.038764	0.048763	0.038764	-0.696182	7492400.0
2015-11-23	0.00283	0.047638	0.053878999999999996	0.045591	0.27655799999999997	6730600.0
2015-11-20	0.007273999999999999	0.056288	0.059483	0.0533	0.705742	7671500.0
2015-11-19	-0.0017530000000000002	0.056186	0.056391	0.050013	-0.17041800000000001	5164500.0
2015-11-18	0.011526999999999999	0.056601	0.06981699999999999	0.054311	1.10765	7148400.0
2015-11-17	0.0027660000000000002	0.047522	0.061402	0.047522	0.26508400000000004	5124000.0
2015-11-16	0.013415999999999999	0.061576	0.0712	0.057981	1.2686	5755800.0
2015-11-13	-0.003889	0.053866	0.063347	0.050705	-0.369209	8517500.0
2015-11-12	-0.015609999999999999	0.048822000000000004	0.053696	0.039282	-1.50528	6918700.0
2015-11-11	0.0040409999999999995	0.059724	0.065763	0.056809000000000005	0.388153	6284700.0
2015-11-10	0.0060490000000000006	0.057964	0.065925	0.054612	0.577492	5114200.0
2015-11-09	-0.010597	0.050796	0.052868	0.042089999999999995	-1.022445	6625900.0
2015-11-06	-0.004007	0.048443	0.05205599999999999	0.041115	-0.388153	6221100.0
2015-11-05	0.003826	0.059501	0.061987	0.0509	0.369209	6545600.0
2015-11-04	-0.000196	0.055666999999999994	0.060743	0.053491	-0.018928999999999998	5592300.0
2015-11-03	-0.002055	0.052877	0.057633000000000004	0.04533	-0.198799	6229200.0
2015-11-02	0.011284	0.057857000000000006	0.069985	0.054301999999999996	1.0792469999999998	6297900.0
2015-10-30	-0.0033539999999999998	0.057955999999999994	0.064104	0.052537	-0.321885	10520300.0
2015-10-29	0.008858	0.056183000000000004	0.067327	0.052503999999999995	0.842576	6340700.0
2015-10-28	0.0028940000000000003	0.05902999999999999	0.059346	0.049014	0.274536	7256300.0
2015-10-27	0.002501	0.056076999999999995	0.06643500000000001	0.053752	0.23666399999999999	8883200.0
2015-10-26	-0.0036880000000000003	0.053551	0.055973	0.047654	-0.35026599999999997	7561600.0
2015-10-23	0.007837	0.060002999999999994	0.070616	0.056288	0.738441	9178900.0
2015-10-22	0.019461000000000003	0.058669000000000006	0.079874	0.050879	1.798745	9887900.0
2015-10-21	0.00041	0.05683	0.06310700000000001	0.050660000000000004	0.037864	7059800.0
2015-10-20	-0.0035740000000000004	0.056396	0.059632000000000004	0.049493999999999996	-0.331344	6022400.0
2015-10-19	-0.003054	0.054246	0.055858000000000005	0.046289	-0.284004	8725400.0
2015-10-16	0.01122	0.064117	0.068901	0.059007000000000004	1.031906	9495300.0
2015-10-15	0.027716	0.06154	0.087799	0.059976	2.480385	9561900.0
2015-10-14	-0.009639	0.053632000000000006	0.06193200000000001	0.041569999999999996	-0.87098	8881900.0
2015-10-13	-0.005626	0.043082999999999996	0.058928999999999995	0.037801	-0.5112300000000001	12761900.0
2015-10-12	0.006501000000000001	0.052966	0.068472	0.05196900000000001	0.58696	8957900.0
2015-10-09	0.00305	0.056955	0.066065	0.052955999999999996	0.27455100000000005	8259700.0
2015-10-08	0.001053	0.053286	0.058735	0.043276999999999996	0.094665	7090700.0
2015-10-07	0.016699000000000002	0.065786	0.078902	0.056514	1.476868	9397300.0
2015-10-06	-0.014140999999999999	0.053613	0.055174	0.031988	-1.268577	8365200.0
2015-10-05	0.008836	0.059212	0.06629700000000001	0.057975	0.785766	9419200.0
2015-10-02	0.008157	0.044611000000000005	0.065358	0.041210000000000004	0.719498	8368100.0
2015-10-01	-0.001928	0.05719400000000001	0.061946	0.038297000000000005	-0.170403	9675900.0
2015-09-30	0.003332	0.068663	0.072523	0.051179	0.293473	10970100.0
2015-09-29	0.018277	0.066346	0.084843	0.061605999999999994	1.581009	11520000.0
2015-09-28	0.004065999999999999	0.05280599999999999	0.068709	0.043519999999999996	0.350288	14332800.0
2015-09-25	-0.016004	0.061427999999999996	0.063713	0.036643	-1.401138	10794400.0
2015-09-24	-0.005484	0.05095	0.055720000000000006	0.042544	-0.48281899999999994	7407600.0
2015-09-23	-0.002681	0.055949	0.0615	0.048585	-0.236671	5609300.0
2015-09-22	0.001181	0.046421	0.059805	0.042111	0.10413299999999999	10618700.0
2015-09-21	-0.002784	0.061716999999999994	0.069974	0.044752	-0.246155	7053700.0
2015-09-18	-0.015288999999999999	0.047824	0.054952	0.03858	-1.3727260000000001	14211100.0
2015-09-17	0.002431	0.05539500000000001	0.073929	0.053051	0.21775100000000003	8258000.0
2015-09-16	0.002224	0.057295000000000006	0.060988	0.049798	0.198799	5630400.0
2015-09-15	0.011573	0.061608	0.072474	0.054817	1.022445	7030700.0
2015-09-14	0.004197	0.055947000000000004	0.067428	0.051514	0.369225	7948700.0
2015-09-11	0.0022649999999999997	0.053098	0.059477999999999996	0.045807	0.198799	7381300.0
2015-09-10	0.005422	0.055028	0.07072	0.049416	0.473366	8359500.0
2015-09-09	-0.01831	0.068095	0.070006	0.034812	-1.62835	7384500.0
2015-09-08	0.028803	0.07687999999999999	0.087175	0.07017000000000001	2.489861	11394100.0
2015-09-04	-0.014357	0.044202	0.047623	0.032686	-1.259132	10996800.0
2015-09-03	-0.007606	0.059796	0.064662	0.043955	-0.672158	9027200.0
2015-09-02	0.013682	0.068676	0.072117	0.060991	1.192856	11517400.0
2015-09-01	-0.020111	0.037294	0.044037	0.027964999999999997	-1.789284	14593500.0
2015-08-31	-0.012504000000000001	0.053070000000000006	0.056288	0.038641	-1.126586	9083500.0
2015-08-28	-0.010912999999999999	0.05310499999999999	0.057057000000000004	0.036088999999999996	-0.99405	9200300.0
2015-08-27	0.011670999999999999	0.06728300000000001	0.070615	0.047848	1.05085	11131200.0
2015-08-26	0.048275	0.08166799999999999	0.10856099999999999	0.064787	4.146584	14738300.0
2015-08-25	-0.022517	0.088949	0.089063	0.028749	-1.978623	15671100.0
2015-08-24	-0.028673	0.006768000000000001	0.05242	-0.095921	-2.593986	25636300.0
2015-08-21	-0.025296000000000003	0.047454	0.06146	0.02903	-2.347839	16141500.0
2015-08-20	-0.005236	0.060511	0.07305	0.058796	-0.48855600000000005	10620400.0
2015-08-19	-0.000604	0.062334	0.07101	0.058049	-0.056366	7622100.0
2015-08-18	-0.005007	0.057655	0.062344000000000004	0.055310000000000005	-0.469765	7618800.0
2015-08-17	0.010728	0.060383000000000006	0.075895	0.05629	0.9958950000000001	6901800.0
2015-08-14	0.003351	0.062748	0.068152	0.057776	0.310044	5177300.0
2015-08-13	-0.00233	0.064692	0.06727999999999999	0.058330999999999994	-0.216088	5048000.0
2015-08-12	-0.00303	0.057811	0.061359000000000004	0.047169	-0.28186	7462400.0
2015-08-11	-0.007816	0.056476	0.059569000000000004	0.053489999999999996	-0.732819	6682600.0
2015-08-10	0.009509	0.072122	0.07739800000000001	0.070829	0.883141	6133500.0
2015-08-07	-0.002221	0.063832	0.06436900000000001	0.054591999999999995	-0.206696	6027900.0
2015-08-06	-0.014425	0.064051	0.065216	0.04838	-1.3623040000000002	6988000.0
2015-08-05	0.007214	0.07258099999999999	0.077167	0.070235	0.676445	4571300.0
2015-08-04	-0.002199	0.06851900000000001	0.069477	0.06043200000000001	-0.206688	6005300.0
2015-08-03	-0.0018960000000000001	0.062138	0.06436900000000001	0.05396	-0.178513	6172500.0
2015-07-31	0.003706	0.069699	0.076522	0.065648	0.347634	6216800.0
2015-07-30	0.001103	0.065116	0.06725	0.060634	0.10334000000000002	5517400.0
2015-07-29	0.00717	0.066949	0.075441	0.064692	0.667076	7853500.0
2015-07-28	0.007529000000000001	0.070975	0.074657	0.065885	0.695228	7757500.0
2015-07-27	-0.008775	0.062437	0.062651	0.051164999999999995	-0.8173819999999999	8734000.0
2015-07-24	-0.010479	0.059588999999999996	0.061713	0.052153	-0.986489	6524200.0
2015-07-23	0.0002	0.06776900000000001	0.06883099999999999	0.062457000000000006	0.018784	5016100.0
2015-07-22	-0.001594	0.065112	0.06829400000000001	0.057898000000000005	-0.150314	6721900.0
2015-07-21	-0.000299	0.066808	0.069035	0.061187	-0.028214	5891600.0
2015-07-20	0.002898	0.06883600000000001	0.070431	0.064582	0.272469	5016200.0
2015-07-17	-0.010187	0.062053	0.062264	0.052263	-0.9677049999999999	8054200.0
2015-07-16	0.0068709999999999995	0.069986	0.07433200000000001	0.068185	0.648277	5775000.0
2015-07-15	0.006414	0.06415599999999999	0.07674299999999999	0.062769	0.601288	7990300.0
2015-07-14	-0.004887	0.053648	0.060229	0.046111	-0.46036499999999997	9890600.0
2015-07-13	0.007435	0.06992999999999999	0.074528	0.068005	0.6952510000000001	6986300.0
2015-07-10	0.011484000000000001	0.079296	0.080486	0.07183200000000001	1.061653	6969300.0
2015-07-09	0.006444	0.078304	0.083638	0.071228	0.5919270000000001	7296700.0
2015-07-08	-0.011626000000000001	0.058989	0.060818	0.051134	-1.080467	6845500.0
2015-07-07	0.007331999999999999	0.06903	0.072823	0.056998	0.676452	7122600.0
2015-07-06	-0.002438	0.056476	0.06501699999999999	0.044906	-0.225502	6817800.0
2015-07-02	-0.000305	0.068476	0.070314	0.062747	-0.028175	6091900.0
2015-07-01	0.010362999999999999	0.073543	0.077693	0.066335	0.9489290000000001	6726700.0
2015-06-30	-0.002252	0.072541	0.072759	0.060228	-0.206696	8967900.0
2015-06-29	-0.019671	0.05731900000000001	0.061271000000000006	0.042791	-1.841461	11150900.0
2015-06-26	0.005246	0.06769800000000001	0.075214	0.065765	0.488541	9041100.0
2015-06-25	-0.002114	0.066191	0.07133400000000001	0.062012	-0.19728900000000002	6581100.0
2015-06-24	-0.00451	0.061489	0.064689	0.056795000000000005	-0.42279799999999995	7254700.0
2015-06-23	-0.003097	0.064475	0.06724	0.057882	-0.291252	6046600.0
2015-06-22	0.002303	0.072256	0.074814	0.065755	0.216102	5055900.0
2015-06-19	-0.004982	0.059278	0.062672	0.05821799999999999	-0.46978000000000003	11653600.0
2015-06-18	0.01651	0.06577100000000001	0.08399	0.064153	1.531449	8815800.0
2015-06-17	0.0037619999999999997	0.064585	0.07259299999999999	0.062097	0.347618	6155800.0
2015-06-16	0.008924	0.064478	0.075287	0.060111000000000005	0.817383	6049500.0
2015-06-15	-0.008744	0.057876	0.059174000000000004	0.049867	-0.807991	6833500.0
2015-06-12	-0.008968	0.060508000000000006	0.064262	0.05235700000000001	-0.836167	8717200.0
2015-06-11	0.0036409999999999997	0.067813	0.074272	0.063831	0.33821100000000004	6175200.0
2015-06-10	0.006822	0.06729500000000001	0.078891	0.064261	0.629486	10025100.0
2015-06-09	0.002552	0.06958400000000001	0.070671	0.06262999999999999	0.234879	7844300.0
2015-06-08	-0.00639	0.06447699999999999	0.068579	0.057567999999999994	-0.591888	7054600.0
2015-06-05	-0.00645	0.061795	0.062438	0.053321	-0.601304	7557300.0
2015-06-04	-0.008592	0.062774	0.06841	0.053416	-0.807998	8057900.0
2015-06-03	0.0011	0.067989	0.06916	0.062878	0.10335499999999999	5372500.0
2015-06-02	-0.0006	0.063092	0.066497	0.05436799999999999	-0.056366	8312400.0
2015-06-01	-0.000999	0.065857	0.069258	0.05990499999999999	-0.093956	7298100.0
2015-05-29	-0.009984999999999999	0.068578	0.069315	0.050479	-0.9489290000000001	9957800.0
2015-05-28	0.000198	0.063106	0.070368	0.061001	0.018799	5700100.0
2015-05-27	0.003075	0.066375	0.07059800000000001	0.064158	0.291252	9297900.0
2015-05-26	-0.005229	0.063109	0.066469	0.056282000000000006	-0.49795500000000004	7918900.0
2015-05-22	-0.010447	0.06281	0.064265	0.053041	-1.005287	6216600.0
2015-05-21	-0.004181	0.06498999999999999	0.069026	0.059091	-0.403992	6875600.0
2015-05-20	-0.0034630000000000004	0.076874	0.07749299999999999	0.065427	-0.335785	7146500.0
2015-05-19	0.005221	0.074619	0.079387	0.070472	0.50367	7724100.0
2015-05-18	0.010948000000000001	0.072864	0.09351	0.07234	1.0446469999999999	10479600.0
2015-05-15	0.0046159999999999994	0.07371	0.07729	0.07044600000000001	0.43839300000000003	6023500.0
2015-05-14	0.01273	0.076609	0.08620499999999999	0.076395	1.19387	5454000.0
2015-05-13	0.000796	0.074371	0.07917300000000001	0.072131	0.07463099999999999	5826800.0
2015-05-12	-0.005543	0.070539	0.07234299999999999	0.064172	-0.522316	6903100.0
2015-05-11	-0.004336	0.070546	0.074138	0.06727000000000001	-0.410415	5698900.0
2015-05-08	0.018162	0.080952	0.09375399999999999	0.080522	1.688232	7508600.0
2015-05-07	0.004941	0.06964400000000001	0.081104	0.06932	0.457031	6401600.0
2015-05-06	-0.003317	0.073424	0.07611699999999999	0.063079	-0.307792	8030800.0
2015-05-05	-0.00847	0.06978	0.071489	0.06080599999999999	-0.792824	8828000.0
2015-05-04	0.0021969999999999997	0.074272	0.076628	0.072452	0.205215	5532400.0
2015-05-01	0.009375	0.07667	0.084992	0.07667	0.867417	6255000.0
2015-04-30	-0.011854	0.068713	0.06956799999999999	0.05483	-1.109925	10170600.0
2015-04-29	-0.003474	0.06968300000000001	0.070747	0.063191	-0.326461	8926200.0
2015-04-28	0.001591	0.070745	0.076074	0.05859299999999999	0.14923	7484600.0
2015-04-27	-0.004947	0.072979	0.077646	0.06566	-0.466354	9113900.0
2015-04-24	0.0061719999999999995	0.06839500000000001	0.08355	0.067221	0.578285	6566900.0
2015-04-23	0.000299	0.072878	0.076294	0.066579	0.027977	7351500.0
2015-04-22	0.001296	0.075658	0.077475	0.068496	0.121262	4763900.0
2015-04-21	0.000898	0.076945	0.080476	0.071596	0.08396100000000001	6532700.0
2015-04-20	0.006326	0.079452	0.086127	0.077191	0.587601	6668500.0
2015-04-17	-0.002105	0.067618	0.072775	0.064825	-0.195885	11084200.0
2015-04-16	-0.008052	0.068614	0.069146	0.06328500000000001	-0.7554930000000001	7324800.0
2015-04-15	0.000796	0.072344	0.07981	0.070104	0.07463099999999999	8237100.0
2015-04-14	-0.000299	0.077462	0.081833	0.06829199999999999	-0.028007999999999998	9322200.0
2015-04-13	-0.014794999999999999	0.06666799999999999	0.07128999999999999	0.05626799999999999	-1.408409	10753500.0
2015-04-10	0.007204	0.072131	0.080701	0.067898	0.6808930000000001	6786500.0
2015-04-09	0.011681	0.076519	0.08807999999999999	0.07395	1.091294	8073900.0
2015-04-08	0.000599	0.069346	0.075879	0.066775	0.055946	7354100.0
2015-04-07	0.00948	0.076347	0.090619	0.07505	0.876762	7900300.0
2015-04-06	-0.004817	0.06352200000000001	0.07127	0.054914	-0.4477	9697600.0
2015-04-02	0.004942	0.075266	0.081214	0.069319	0.45703900000000003	6097100.0
2015-04-01	-0.014413999999999998	0.070639	0.070639	0.050922	-1.3524479999999999	11368100.0
2015-03-31	-0.009355	0.06600700000000001	0.071497	0.061995	-0.886085	8028000.0
2015-03-30	0.012059	0.081747	0.088372	0.07661799999999999	1.128601	6061200.0
2015-03-27	0.001997	0.073629	0.080803	0.072238	0.186538	5847400.0
2015-03-26	-0.001993	0.067963	0.077153	0.063796	-0.186538	9972400.0
2015-03-25	-0.015889	0.070974	0.077809	0.055096000000000006	-1.511002	8444100.0
2015-03-24	-0.009904999999999999	0.070569	0.07473300000000001	0.061199	-0.951393	8390700.0
2015-03-23	0.005664	0.072863	0.082077	0.070351	0.540978	9016000.0
2015-03-20	0.0069819999999999995	0.074028	0.084888	0.072869	0.662231	12433800.0
2015-03-19	0.0022670000000000004	0.06769299999999999	0.077414	0.066319	0.21453899999999998	6863100.0
2015-03-18	0.015717	0.072131	0.091987	0.063973	1.4643629999999999	7972500.0
2015-03-17	-0.011576999999999999	0.062051999999999996	0.066402	0.054626	-1.091278	7301500.0
2015-03-16	0.018647	0.07785800000000001	0.092231	0.07785800000000001	1.725524	7726500.0
2015-03-13	-0.006211	0.072345	0.07449299999999999	0.05935	-0.578292	7821800.0
2015-03-12	0.015358000000000002	0.07911	0.093067	0.077692	1.408432	8318000.0
2015-03-11	-0.012157	0.075362	0.075362	0.05801900000000001	-1.128609	9138100.0
2015-03-10	-0.011226	0.06499400000000001	0.069787	0.059882000000000005	-1.053978	8735700.0
2015-03-09	0.005494	0.073094	0.080805	0.068382	0.513	5701100.0
2015-03-06	-0.023508	0.067634	0.071189	0.044522000000000006	-2.247856	9287600.0
2015-03-05	0.008559	0.07656	0.08858400000000001	0.075822	0.81147	8042300.0
2015-03-04	-0.006742000000000001	0.069826	0.069826	0.059873	-0.6435770000000001	8665500.0
2015-03-03	-0.008526	0.070884	0.070884	0.057485	-0.820809	6419700.0
2015-03-02	0.006926000000000001	0.07213	0.08154299999999999	0.07213	0.6622239999999999	7277600.0
2015-02-27	-0.002821	0.074633	0.077658	0.06879299999999999	-0.270485	8500000.0
2015-02-26	0.01571	0.073931	0.092999	0.072236	1.48304	11437900.0
2015-02-25	0.005065	0.074686	0.078412	0.066381	0.47570100000000004	9684000.0
2015-02-24	0.00519	0.07288	0.081441	0.070204	0.48499200000000003	6587200.0
2015-02-23	-0.000798	0.077263	0.077584	0.067212	-0.0746	6878200.0
2015-02-20	0.0026	0.07406	0.076097	0.062588	0.24247800000000003	10085700.0
2015-02-19	0.007403	0.079527	0.08914	0.07585499999999999	0.6854319999999999	10028200.0
2015-02-18	-0.004779	0.08242999999999999	0.08501	0.068241	-0.44460299999999997	7878200.0
2015-02-17	0.008231	0.07714299999999999	0.088956	0.07421699999999999	0.759529	8627100.0
2015-02-13	0.011987000000000001	0.079635	0.093125	0.078429	1.092949	11153600.0
2015-02-12	-0.019326	0.080926	0.081356	0.044895	-1.7968819999999999	25835200.0
2015-02-11	0.000299	0.080819	0.084369	0.07533200000000001	0.027777999999999997	8177000.0
2015-02-10	0.005713	0.08407200000000001	0.08959	0.075848	0.527954	12275500.0
2015-02-09	-0.013056	0.079208	0.079208	0.058277999999999996	-1.222625	9851700.0
2015-02-06	-0.013274000000000001	0.075947	0.07952999999999999	0.06246	-1.25969	9215700.0
2015-02-05	0.010851999999999999	0.081872	0.092417	0.080701	1.018868	6642200.0
2015-02-04	-0.010736	0.076053	0.07952999999999999	0.064462	-1.018868	9514100.0
2015-02-03	0.016166	0.085739	0.098159	0.082741	1.509766	10005200.0
2015-02-02	0.0068909999999999996	0.083409	0.08728999999999999	0.07144199999999999	0.6391220000000001	8990700.0
2015-01-30	-0.021879	0.071199	0.075628	0.055487	-2.074783	10676300.0
2015-01-29	0.008869	0.079954	0.090061	0.071018	0.8335950000000001	7569300.0
2015-01-28	-0.005975	0.08376	0.088519	0.07276200000000001	-0.56498	9053200.0
2015-01-27	-0.001663	0.07509600000000001	0.08502	0.065594	-0.157478	10160500.0
2015-01-26	0.000587	0.07541	0.082276	0.069177	0.055588	8962800.0
2015-01-23	-0.015035	0.071103	0.071416	0.060698	-1.444931	10126000.0
2015-01-22	0.018253	0.084827	0.100084	0.076139	1.7227860000000002	9036600.0
2015-01-21	0.006022	0.071854	0.088269	0.070149	0.56501	11702900.0
2015-01-20	-0.026432	0.053797000000000005	0.058985	0.04041	-2.547142	20460000.0
2015-01-16	0.015123	0.07510599999999999	0.102073	0.074474	1.435661	14092300.0
2015-01-15	-0.014518999999999999	0.06894299999999999	0.078909	0.058353999999999996	-1.3986129999999999	10834800.0
2015-01-14	-0.007254999999999999	0.07036	0.076235	0.06675299999999999	-0.7039489999999999	8861200.0
2015-01-13	0.001721	0.088514	0.097702	0.076125	0.16671	10151100.0
2015-01-12	-0.00343	0.08200199999999999	0.088689	0.073051	-0.333435	6839000.0
2015-01-09	-0.013628999999999999	0.080752	0.080752	0.062993	-1.343041	7364800.0
2015-01-08	0.007863	0.084749	0.089147	0.081579	0.768776	9916000.0
2015-01-07	0.022076	0.086221	0.10629200000000001	0.085176	2.111817	7931700.0
2015-01-06	-0.004914	0.085357	0.09211799999999999	0.07079400000000001	-0.47237399999999996	7428000.0
2015-01-05	-0.006984000000000001	0.079222	0.08180499999999999	0.07095900000000001	-0.6761550000000001	8079300.0
2015-01-02	-0.000478	0.084591	0.089754	0.075093	-0.046303	5753600.0
2014-12-31	-0.007498	0.082197	0.08732100000000001	0.071233	-0.731751	6202100.0
2014-12-30	0.000285	0.080558	0.084453	0.07686799999999999	0.027801999999999997	4371700.0
2014-12-29	0.00257	0.07531900000000001	0.08611	0.07501100000000001	0.250091	4273400.0
2014-12-26	0.004494	0.08459	0.09099	0.08066799999999999	0.43532600000000005	2951000.0
2014-12-24	0.002973	0.080671	0.09050599999999999	0.080671	0.287125	3415100.0
2014-12-23	-0.023047	0.078826	0.081355	0.051112	-2.278542	10171700.0
2014-12-22	0.011274	0.081067	0.09272799999999999	0.080863	1.102219	8124500.0
2014-12-19	-0.011797	0.077816	0.085498	0.06639400000000001	-1.1670610000000001	19154400.0
2014-12-18	0.026329	0.095715	0.10816400000000001	0.086586	2.5379099999999997	11756800.0
2014-12-17	0.012748	0.084993	0.097811	0.07900499999999999	1.213341	10207600.0
2014-12-16	-0.011543000000000001	0.074651	0.09261699999999999	0.064473	-1.111458	10209200.0
2014-12-15	-0.004501	0.083151	0.086149	0.071365	-0.43533299999999997	12110600.0
2014-12-12	-0.021458	0.078927	0.081153	0.056063999999999996	-2.121086	8325500.0
2014-12-11	0.004518	0.075672	0.090509	0.07069299999999999	0.444588	7114600.0
2014-12-10	-0.016751	0.075239	0.078736	0.060651	-1.676491	9416400.0
2014-12-09	-0.004331000000000001	0.076651	0.079138	0.063419	-0.435341	7214300.0
2014-12-08	9.2e-05	0.07874	0.083317	0.075954	0.009262000000000001	6499300.0
2014-12-05	0.008832	0.079334	0.09147999999999999	0.076223	0.879921	6449700.0
2014-12-04	-0.001485	0.083344	0.085448	0.076228	-0.14819300000000002	6697600.0
2014-12-03	-0.00728	0.079934	0.084411	0.071079	-0.7317279999999999	8957400.0
2014-12-02	0.004443	0.079036	0.084632	0.074339	0.44460299999999997	6184400.0
2014-12-01	-0.002032	0.076045	0.085221	0.070659	-0.203773	5638800.0
2014-11-28	0.009701000000000001	0.083664	0.095849	0.080844	0.9632950000000001	5881200.0
2014-11-26	0.0047799999999999995	0.080344	0.085201	0.078624	0.47238100000000005	5503700.0
2014-11-25	-0.001684	0.08064600000000001	0.082767	0.077817	-0.166725	7367900.0
2014-11-24	-0.009086	0.080236	0.083339	0.067424	-0.907723	9098000.0
2014-11-21	0.003536	0.092192	0.092192	0.08104199999999999	0.351983	8417400.0
2014-11-20	-0.005333	0.084569	0.08476900000000001	0.075976	-0.5337529999999999	8090700.0
2014-11-19	-0.000643	0.082873	0.086467	0.079378	-0.064415	5217800.0
2014-11-18	0.004894	0.084961	0.094293	0.080847	0.487724	5407200.0
2014-11-17	0.001294	0.08505900000000001	0.09199199999999999	0.08114099999999999	0.128838	5233000.0
2014-11-14	-0.008343000000000001	0.085172	0.08656699999999999	0.076106	-0.837425	5650700.0
2014-11-13	0.002943	0.089665	0.094061	0.08416900000000001	0.294487	4860000.0
2014-11-12	-0.001469	0.084272	0.087565	0.081478	-0.147247	4895900.0
2014-11-11	0.0008269999999999999	0.087266	0.092459	0.083971	0.082817	6221100.0
2014-11-10	0.00573	0.085361	0.093898	0.076624	0.5705640000000001	7573300.0
2014-11-07	-0.007431	0.08656699999999999	0.086866	0.075801	-0.7454069999999999	6652600.0
2014-11-06	0.0017460000000000002	0.087765	0.09166	0.083971	0.174843	6200300.0
2014-11-05	0.001841	0.09096900000000001	0.09307	0.079964	0.184051	6966800.0
2014-11-04	0.010795	0.091015	0.09951	0.085454	1.067505	9349000.0
2014-11-03	-0.0029690000000000003	0.087171	0.09009500000000001	0.076282	-0.294479	7082600.0
2014-10-31	0.006913	0.095804	0.09824	0.0889	0.680977	10800100.0
2014-10-30	0.01402	0.082652	0.102006	0.079976	1.361961	9068300.0
2014-10-29	0.007348	0.08884500000000001	0.094652	0.087393	0.70858	8188300.0
2014-10-28	0.0069180000000000005	0.091679	0.094289	0.081342	0.662575	10347800.0
2014-10-27	0.009115	0.086035	0.098363	0.085719	0.865036	7043900.0
2014-10-24	0.004872	0.090055	0.093655	0.08222	0.460121	5973100.0
2014-10-23	0.013930000000000001	0.097832	0.10556199999999999	0.09439600000000001	1.297531	7570400.0
2014-10-22	0.008569	0.094679	0.102151	0.088399	0.791428	9360100.0
2014-10-21	0.011693	0.093568	0.099593	0.0882	1.067466	7287300.0
2014-10-20	0.005065999999999999	0.088098	0.092172	0.082483	0.46013699999999996	7988900.0
2014-10-17	0.019839	0.0952	0.113278	0.09261799999999999	1.766876	12272900.0
2014-10-16	-0.014561000000000001	0.072947	0.084343	0.067746	-1.315964	14575300.0
2014-10-15	0.01237	0.075913	0.105822	0.065272	1.104309	21905900.0
2014-10-14	-0.021287	0.102125	0.106181	0.045226	-1.9417259999999998	20807400.0
2014-10-13	-0.020844	0.089136	0.089136	0.062943	-1.941719	10334600.0
2014-10-10	-0.008327	0.089541	0.09145700000000001	0.07761799999999999	-0.782204	9984100.0
2014-10-09	-0.026976	0.083767	0.086149	0.05435	-2.604294	10675900.0
2014-10-08	0.024612000000000002	0.087091	0.114685	0.082952	2.319023	8337000.0
2014-10-07	-0.023555	0.082522	0.082522	0.060551999999999995	-2.273018	8407800.0
2014-10-06	-0.002568	0.092352	0.09566000000000001	0.078811	-0.248459	5015100.0
2014-10-03	0.012325	0.090643	0.100688	0.089597	1.17791	6856100.0
2014-10-02	-0.004315	0.08416599999999999	0.089167	0.075727	-0.41412299999999996	7566100.0
2014-10-01	-0.021484	0.080448	0.083506	0.059753	-2.1073459999999997	12263700.0
2014-09-30	0.000469	0.086259	0.093501	0.085749	0.046013	6822500.0
2014-09-29	-0.005229	0.079361	0.082101	0.07591200000000001	-0.515343	6581600.0
2014-09-26	0.0	0.089812	0.090624	0.077535	0.0	4467500.0
2014-09-25	-0.014175	0.08556699999999999	0.085767	0.070963	-1.417167	5688200.0
2014-09-24	0.010981	0.089094	0.099914	0.085454	1.085899	5890900.0
2014-09-23	-0.0038929999999999998	0.08555900000000001	0.088883	0.079717	-0.386513	8108100.0
2014-09-22	-0.001019	0.086768	0.089283	0.08455399999999999	-0.101219	5788300.0
2014-09-19	0.005961999999999999	0.092133	0.096992	0.0894	0.588959	13033400.0
2014-09-18	0.010924	0.086564	0.099151	0.085029	1.067459	6628700.0
2014-09-17	0.002928	0.086667	0.094364	0.085846	0.28527800000000003	6627800.0
2014-09-16	0.011077	0.08428	0.099327	0.08230900000000001	1.067497	6081400.0
2014-09-15	0.0013390000000000001	0.086771	0.09009600000000001	0.084277	0.128823	4525500.0
2014-09-12	0.00028700000000000004	0.086563	0.089369	0.080535	0.027618	5929200.0
2014-09-11	-0.004190999999999999	0.084493	0.085632	0.077455	-0.40489899999999995	4834100.0
2014-09-10	0.011464	0.09075	0.102789	0.08834199999999999	1.095077	7402200.0
2014-09-09	-0.002403	0.090322	0.090322	0.081445	-0.230064	5999400.0
2014-09-08	-0.003543	0.086667	0.08833200000000001	0.080527	-0.340492	4900300.0
2014-09-05	0.005586	0.087504	0.092736	0.081434	0.533744	5744400.0
2014-09-04	0.000771	0.089076	0.090228	0.086667	0.073624	6147700.0
2014-09-03	0.00387	0.091503	0.094447	0.088559	0.368103	4725800.0
2014-09-02	-0.0035670000000000003	0.082162	0.086457	0.079229	-0.340492	4644800.0
2014-08-29	0.007576	0.08825	0.095217	0.0873	0.717788	5287800.0
2014-08-28	-0.002616	0.083298	0.086351	0.081298	-0.24847399999999997	3482200.0
2014-08-27	-0.002127	0.088348	0.08960800000000001	0.081099	-0.202453	4786100.0
2014-08-26	0.002034	0.089193	0.091825	0.086035	0.193268	3512400.0
2014-08-25	0.001261	0.092464	0.09415	0.086561	0.119621	3678200.0
2014-08-22	-0.003768	0.08813700000000001	0.092337	0.081207	-0.35889499999999996	5076300.0
2014-08-21	0.009495	0.095289	0.10684300000000001	0.095289	0.895783	8357600.0
2014-08-20	0.002428	0.093061	0.09763	0.091254	0.2285	5183000.0
2014-08-19	0.002532	0.094337	0.096787	0.086773	0.237671	5670000.0
2014-08-18	0.015123	0.102127	0.110778	0.100289	1.398514	5979500.0
2014-08-15	-0.008331999999999999	0.096055	0.098521	0.080934	-0.776947	6986000.0
2014-08-14	0.002752	0.09562999999999999	0.097351	0.091436	0.255936	5239400.0
2014-08-13	0.01103	0.09967000000000001	0.108368	0.09967000000000001	1.014602	4563700.0
2014-08-12	-0.005239	0.092287	0.094666	0.084825	-0.484443	4577700.0
2014-08-11	0.000791	0.099862	0.10159299999999999	0.09325900000000001	0.07312	5703000.0
2014-08-08	0.011508	0.097082	0.107373	0.092265	1.0511700000000002	5618400.0
2014-08-07	-0.007745	0.09814500000000001	0.099231	0.081742	-0.712967	7417800.0
2014-08-06	0.008916	0.092373	0.10508599999999998	0.09160599999999999	0.8135	7412100.0
2014-08-05	-0.0033950000000000004	0.090412	0.094891	0.087354	-0.310776	6230900.0
2014-08-04	0.0026030000000000003	0.095003	0.099274	0.08766499999999999	0.237663	6790800.0
2014-08-01	-0.001898	0.09041	0.097515	0.079917	-0.17366800000000002	8610700.0
2014-07-31	-0.021603	0.088349	0.089098	0.06995499999999999	-2.02008	9141500.0
2014-07-30	0.0033350000000000003	0.097343	0.103567	0.092408	0.310783	5994800.0
2014-07-29	-0.001469	0.09766	0.098303	0.089517	-0.1371	6053900.0
2014-07-28	0.0	0.09166	0.097124	0.089196	0.0	4634800.0
2014-07-25	-0.0008810000000000001	0.094766	0.09615800000000001	0.08973500000000001	-0.082276	3951500.0
2014-07-24	9.8e-05	0.095623	0.099798	0.092197	0.009133	5177200.0
2014-07-23	-0.002732	0.09754	0.098928	0.08771799999999999	-0.255936	4815300.0
2014-07-22	0.01185	0.10093099999999999	0.10773699999999999	0.099527	1.0968930000000001	6554100.0
2014-07-21	-0.0052060000000000006	0.090148	0.091653	0.085635	-0.484466	6379900.0
2014-07-18	0.014247	0.097287	0.111348	0.09401699999999999	1.3071059999999999	8408400.0
2014-07-17	-0.018098	0.09059199999999999	0.09273300000000001	0.07304	-1.69101	11218900.0
2014-07-16	-0.010263	0.096665	0.098148	0.079929	-0.96891	11946800.0
2014-07-15	-0.019928	0.09246	0.094952	0.06692100000000001	-1.919517	14219700.0
2014-07-14	0.002664	0.096932	0.098077	0.09412100000000001	0.25592	7784800.0
2014-07-11	-0.0066159999999999995	0.094431	0.096188	0.084297	-0.639847	5461000.0
2014-07-10	-0.002263	0.084113	0.093605	0.078335	-0.21934499999999998	4955100.0
2014-07-09	0.0030269999999999997	0.096915	0.099088	0.09401699999999999	0.292481	5720900.0
2014-07-08	-0.007044	0.09134500000000001	0.09175599999999999	0.084255	-0.685555	6268400.0
2014-07-07	0.00996	0.09401699999999999	0.107716	0.09246	0.9597700000000001	7014900.0
2014-07-03	-0.004156	0.09412000000000001	0.098048	0.086266	-0.402183	4199100.0
2014-07-02	-9.499999999999999e-05	0.09226000000000001	0.09505	0.088127	-0.009148	3764900.0
2014-07-01	0.011948	0.09955900000000001	0.108448	0.097886	1.142586	5129200.0
2014-06-30	-0.0035240000000000002	0.100582	0.10454100000000001	0.08912	-0.33820300000000003	6877800.0
2014-06-27	-0.006247	0.092153	0.093396	0.081591	-0.60328	6463000.0
2014-06-26	-0.0010400000000000001	0.09484400000000001	0.096189	0.086466	-0.100563	5106900.0
2014-06-25	0.011187	0.090252	0.107406	0.090252	1.069474	6411100.0
2014-06-24	-0.001527	0.092764	0.09902999999999999	0.091928	-0.146248	5915000.0
2014-06-23	-0.00494	0.090276	0.092458	0.085391	-0.47531899999999994	6063200.0
2014-06-20	0.014063999999999998	0.09991900000000001	0.11161700000000001	0.09675700000000001	1.334541	12459700.0
2014-06-19	0.009727	0.095294	0.105297	0.09401699999999999	0.914055	5481500.0
2014-06-18	0.008633	0.093803	0.10367699999999999	0.093266	0.804375	5445000.0
2014-06-17	-0.005076	0.0906	0.091348	0.082591	-0.475304	4834600.0
2014-06-16	-0.00078	0.09391000000000001	0.097858	0.086655	-0.073135	5645500.0
2014-06-13	0.0	0.093804	0.09529800000000001	0.09017599999999999	0.0	4301600.0
2014-06-12	-0.007645999999999999	0.092535	0.092852	0.08544	-0.7221069999999999	5930700.0
2014-06-11	-0.0074930000000000005	0.09096900000000001	0.09454299999999999	0.08382300000000001	-0.712975	5960500.0
2014-06-10	0.008525	0.09666699999999999	0.103556	0.08924800000000001	0.804375	5792100.0
2014-06-09	0.000388	0.092851	0.094547	0.088716	0.036568	3748800.0
2014-06-06	-0.000388	0.094335	0.095183	0.089989	-0.036568	4624000.0
2014-06-05	0.005259000000000001	0.095082	0.101262	0.09124700000000001	0.493584	4730900.0
2014-06-04	0.002147	0.091561	0.09668600000000001	0.088465	0.201103	5608600.0
2014-06-03	0.002838	0.09123300000000001	0.098621	0.09048300000000001	0.265075	6681300.0
2014-06-02	0.006998000000000001	0.09487999999999999	0.102644	0.089165	0.6490100000000001	5845400.0
2014-05-30	0.006947	0.09336599999999999	0.102486	0.091737	0.639824	5973900.0
2014-05-29	0.004586	0.096853	0.099471	0.09238099999999999	0.420471	3685200.0
2014-05-28	-0.005059	0.092498	0.095319	0.086529	-0.466179	4352700.0
2014-05-27	-0.001684	0.095317	0.098134	0.086325	-0.155395	4524400.0
2014-05-23	0.000198	0.09488400000000001	0.096184	0.090875	0.018295	5275700.0
2014-05-22	0.005177	0.095542	0.100226	0.09009600000000001	0.475296	5124900.0
2014-05-21	0.008878	0.10548800000000001	0.112081	0.104719	0.8079	5302500.0
2014-05-20	-0.003875	0.103502	0.10536300000000001	0.094198	-0.354027	5438400.0
2014-05-19	0.000597	0.097699	0.105475	0.096713	0.054474	6997200.0
2014-05-16	-0.001093	0.100329	0.10382999999999999	0.095624	-0.099861	6516900.0
2014-05-15	-0.001784	0.09913	0.101314	0.096618	-0.163391	7007600.0
2014-05-14	-0.001485	0.100878	0.10251400000000001	0.098915	-0.136155	4187200.0
2014-05-13	0.004974	0.105806	0.112272	0.10284700000000001	0.45388100000000003	6183200.0
2014-05-12	-0.003865	0.105244	0.105244	0.096292	-0.354035	7437300.0
2014-05-09	0.004079999999999999	0.10558800000000002	0.10986300000000002	0.100655	0.372177	5691700.0
2014-05-08	-0.004063000000000001	0.099021	0.10360699999999999	0.095637	-0.372177	5667900.0
2014-05-07	0.014069	0.105406	0.118691	0.09987	1.270836	8720800.0
2014-05-06	-0.0049	0.101862	0.101862	0.096243	-0.444809	5795900.0
2014-05-05	0.006948	0.10142000000000001	0.11118199999999999	0.098647	0.626358	5438200.0
2014-05-02	-0.012136	0.097697	0.099998	0.08356	-1.107437	8744200.0
2014-05-01	-0.007503	0.095986	0.098814	0.08685	-0.6898880000000001	6590500.0
2014-04-30	0.002574	0.09957	0.10862000000000001	0.09804299999999999	0.236023	8513600.0
2014-04-29	-0.003059	0.10479400000000001	0.108599	0.097511	-0.281403	7811200.0
2014-04-28	0.015533000000000002	0.110142	0.120519	0.10528499999999999	1.40699	8792900.0
2014-04-25	-0.0017010000000000003	0.101752	0.104948	0.09547	-0.154327	5895900.0
2014-04-24	-0.002594	0.101862	0.10329100000000001	0.094277	-0.235985	6149900.0
2014-04-23	0.000399	0.102301	0.10582000000000001	0.09878300000000001	0.036293	5876000.0
2014-04-22	0.0018	0.101641	0.109904	0.098777	0.163376	7937900.0
2014-04-21	0.010509000000000001	0.102198	0.114666	0.098413	0.944061	7031400.0
2014-04-17	0.0021260000000000003	0.100972	0.11168199999999999	0.100972	0.190606	9153500.0
2014-04-16	-0.004536	0.105751	0.107305	0.08909299999999999	-0.408455	11308000.0
2014-04-15	0.021206	0.116498	0.125117	0.11196199999999999	1.8699189999999999	13999100.0
2014-04-14	0.002787	0.106304	0.107214	0.094591	0.245101	8617200.0
2014-04-11	0.003418	0.097762	0.109173	0.09605	0.299561	8710700.0
2014-04-10	-0.024356	0.10064	0.10141900000000001	0.074588	-2.187653	9667800.0
2014-04-09	0.009076	0.10568599999999999	0.112202	0.098496	0.8079	8921300.0
2014-04-08	0.001736	0.103217	0.111095	0.097252	0.154281	9601800.0
2014-04-07	-0.005385	0.101306	0.11216300000000001	0.095038	-0.48108599999999996	11409200.0
2014-04-04	0.001628	0.105678	0.11419800000000001	0.102314	0.145241	10309700.0
2014-04-03	0.000305	0.098726	0.102875	0.093791	0.027229000000000003	5471200.0
2014-04-02	0.002961	0.10242899999999999	0.10670299999999999	0.09523	0.263244	7995600.0
2014-04-01	-0.0029519999999999998	0.102539	0.106688	0.09199700000000001	-0.263244	7068500.0
2014-03-31	0.008108	0.107973	0.114757	0.103564	0.717125	7545700.0
2014-03-28	0.001645	0.104246	0.11228699999999998	0.098018	0.145233	8816000.0
2014-03-27	0.00237	0.101982	0.10902	0.092674	0.208771	8694600.0
2014-03-26	-0.003389	0.103112	0.113973	0.09790900000000001	-0.299538	11215100.0
2014-03-25	0.022899	0.107428	0.130571	0.107428	1.978859	14167300.0
2014-03-24	-0.00761	0.094407	0.0959	0.08567899999999999	-0.662651	13944100.0
2014-03-21	0.019231	0.109249	0.12282699999999999	0.098832	1.642982	23988800.0
2014-03-20	0.0056630000000000005	0.10081799999999999	0.108704	0.094226	0.481125	5727400.0
2014-03-19	-0.0037259999999999997	0.10105499999999999	0.10656700000000001	0.08968	-0.317718	5937600.0
2014-03-18	0.000106	0.10128999999999999	0.105277	0.096364	0.009079	5891900.0
2014-03-17	0.012068	0.106983	0.117903	0.10603399999999999	1.01667	5872600.0
2014-03-14	-0.002043	0.10022	0.10685399999999999	0.09524500000000001	-0.172485	7337800.0
2014-03-13	-0.006409999999999999	0.104584	0.108703	0.094345	-0.544625	7659400.0
2014-03-12	0.0011769999999999999	0.093747	0.103174	0.091744	0.099854	6154900.0
2014-03-11	0.00042800000000000005	0.104707	0.105178	0.097398	0.036308	5837200.0
2014-03-10	0.001393	0.099871	0.103649	0.095385	0.118004	4878200.0
2014-03-07	0.004629	0.10733399999999998	0.10863900000000001	0.09927000000000001	0.39032	6792000.0
2014-03-06	0.00324	0.10878099999999999	0.114254	0.104378	0.272323	7718300.0
2014-03-05	-0.008034999999999999	0.100815	0.10117000000000001	0.090311	-0.680801	6842500.0
2014-03-04	0.019441	0.11259100000000001	0.124502	0.109944	1.615776	8796300.0
2014-03-03	-0.006079	0.08980199999999999	0.099967	0.086215	-0.508362	7506700.0
2014-02-28	0.008319	0.102365	0.117076	0.098024	0.6899109999999999	9643700.0
2014-02-27	0.002744	0.102246	0.10539000000000001	0.097289	0.22693600000000003	7040300.0
2014-02-26	0.0	0.101642	0.106841	0.09753099999999999	0.0	6334100.0
2014-02-25	0.0	0.107446	0.110831	0.096201	0.0	6383400.0
2014-02-24	-0.00448	0.100799	0.108142	0.096586	-0.372177	8406700.0
2014-02-21	-0.0021809999999999998	0.103323	0.10800699999999999	0.098399	-0.181564	7381500.0
2014-02-20	0.008075	0.110174	0.12276600000000001	0.105573	0.666931	8160100.0
2014-02-19	-0.00575	0.109328	0.116551	0.102346	-0.477653	7693400.0
2014-02-18	-0.006361	0.10968800000000001	0.11064500000000001	0.10155399999999999	-0.531754	6926500.0
2014-02-14	0.0021609999999999997	0.110048	0.11424400000000001	0.10321500000000002	0.180267	5485100.0
2014-02-13	0.001515	0.104526	0.11197	0.10104500000000001	0.126168	5926000.0
2014-02-12	-0.005915999999999999	0.10933	0.10980799999999999	0.09739600000000001	-0.495674	7696100.0
2014-02-11	0.020863	0.10981300000000001	0.132718	0.108107	1.712379	11556300.0
2014-02-10	0.011439	0.112033	0.122385	0.10661099999999998	0.928276	8080200.0
2014-02-07	0.014535	0.111694	0.125697	0.10781900000000001	1.162621	9435100.0
2014-02-06	0.016842	0.11401800000000001	0.128384	0.113001	1.324829	10037900.0
2014-02-05	0.007619	0.107904	0.123019	0.107776	0.5948260000000001	10667300.0
2014-02-04	-0.0018440000000000002	0.11148699999999999	0.115962	0.100746	-0.144204	11436400.0
2014-02-03	-0.019102	0.113081	0.11345699999999999	0.086241	-1.523109	13944600.0
2014-01-31	-0.011508	0.103494	0.10758499999999999	0.09283200000000001	-0.928291	12193800.0
2014-01-30	0.006749	0.118555	0.12055199999999999	0.11094200000000001	0.540748	6874900.0
2014-01-29	-0.013318	0.101811	0.10476600000000001	0.090235	-1.081489	11160100.0
2014-01-28	0.001779	0.11746400000000001	0.117711	0.10771800000000001	0.14419500000000002	8254400.0
2014-01-27	-0.0073939999999999995	0.105773	0.11140599999999999	0.100262	-0.6038359999999999	8685200.0
2014-01-24	-0.022968000000000002	0.102151	0.10801300000000001	0.08408500000000001	-1.9196779999999998	10604200.0
2014-01-23	-0.016751	0.102746	0.103452	0.0871	-1.423973	9322300.0
2014-01-22	0.003084	0.109097	0.115705	0.10378699999999999	0.261376	8875500.0
2014-01-21	-0.010835	0.108052	0.110036	0.081089	-0.928284	16368400.0
2014-01-17	0.004438	0.110507	0.115783	0.106521	0.378525	13714400.0
2014-01-16	-0.0016879999999999998	0.107228	0.11296300000000001	0.102898	-0.144196	8401100.0
2014-01-15	0.0008439999999999999	0.108749	0.11601199999999999	0.107109	0.07208300000000001	7390700.0
2014-01-14	0.002328	0.11074300000000001	0.114266	0.107455	0.19827999999999998	7567300.0
2014-01-13	-0.0025329999999999997	0.105236	0.112497	0.101605	-0.21629299999999999	9589200.0
2014-01-10	0.000105	0.10851500000000001	0.112497	0.102658	0.009002	6697400.0
2014-01-09	0.006053	0.11875999999999999	0.123945	0.10874400000000001	0.513703	7944700.0
2014-01-08	-0.001379	0.10815699999999999	0.11321700000000001	0.104744	-0.117157	9096700.0
2014-01-07	0.021228	0.118101	0.13708900000000002	0.1175	1.766464	11063300.0
2014-01-06	0.005226	0.110535	0.120441	0.10981099999999999	0.432594	7443500.0
2014-01-03	0.009008	0.112738	0.124074	0.112372	0.739006	5637600.0
2014-01-02	-0.006114	0.104118	0.111265	0.10254300000000001	-0.5046609999999999	5919600.0
2013-12-31	-0.007693000000000001	0.10800599999999999	0.108607	0.09574400000000001	-0.6399229999999999	6348200.0
2013-12-30	-0.000541	0.10728599999999999	0.10896800000000001	0.10212	-0.045044	4370100.0
2013-12-27	-0.002053	0.112327	0.114605	0.105252	-0.171242	3511300.0
2013-12-26	0.005214	0.108725	0.115354	0.106074	0.43261000000000005	3459100.0
2013-12-24	0.00032599999999999996	0.111377	0.113909	0.107399	0.027031	3147300.0
2013-12-23	-0.000651	0.11523199999999999	0.116678	0.105593	-0.05407000000000001	5312200.0
2013-12-20	0.001196	0.109207	0.11885699999999999	0.109207	0.099121	11265000.0
2013-12-19	-0.007123999999999999	0.10669400000000001	0.10669400000000001	0.094957	-0.5948180000000001	7341000.0
2013-12-18	0.021840000000000002	0.11311800000000001	0.134046	0.098676	1.78447	9691100.0
2013-12-17	-0.00777	0.10871900000000001	0.109083	0.099004	-0.6398699999999999	8794000.0
2013-12-16	0.00021899999999999998	0.110419	0.121351	0.107261	0.018013	6623000.0
2013-12-13	0.002084	0.11322	0.11808900000000001	0.10859500000000001	0.171242	7909000.0
2013-12-12	-0.020943	0.106351	0.10659	0.085259	-1.757439	12285700.0
2013-12-11	-0.010941	0.112633	0.113223	0.096486	-0.928291	9424300.0
2013-12-10	-0.003177	0.11121400000000001	0.11368099999999999	0.103929	-0.270378	7576600.0
2013-12-09	0.0	0.107924	0.11003900000000001	0.100875	0.0	6974500.0
2013-12-06	0.015812	0.11708800000000001	0.12759	0.11494000000000001	1.3248520000000001	7280400.0
2013-12-05	-0.007049	0.10708	0.109569	0.098074	-0.594834	8666200.0
2013-12-04	-0.003618	0.107089	0.112875	0.09965	-0.30643400000000004	6218500.0
2013-12-03	-0.003288	0.108627	0.112864	0.100507	-0.279389	9061100.0
2013-12-02	-0.004014	0.10663800000000001	0.109569	0.10148099999999999	-0.342468	5827400.0
2013-11-29	-0.0033689999999999996	0.112489	0.11564300000000001	0.103144	-0.288414	4106800.0
2013-11-27	-0.0008410000000000001	0.11283699999999999	0.113187	0.104316	-0.072075	4603800.0
2013-11-26	-0.005961	0.10898900000000002	0.112354	0.101911	-0.513725	7267600.0
2013-11-25	0.003989	0.112364	0.11818900000000002	0.10758800000000002	0.342468	6374600.0
2013-11-22	0.007509999999999999	0.10780799999999999	0.121775	0.10780799999999999	0.6399	6462100.0
2013-11-21	0.000526	0.120955	0.12436099999999999	0.11614100000000001	0.044754	6896200.0
2013-11-20	0.003057	0.11825699999999999	0.1245	0.11495899999999999	0.25954499999999997	7076500.0
2013-11-19	0.005939	0.11696	0.124661	0.11375999999999999	0.501205	6624200.0
2013-11-18	-0.000953	0.11696	0.119801	0.112817	-0.080536	8492000.0
2013-11-15	0.005004	0.11386500000000001	0.123025	0.11291300000000001	0.42063199999999995	7063000.0
2013-11-14	0.006214	0.118033	0.126891	0.118033	0.519104	7045700.0
2013-11-13	-0.0023510000000000002	0.114927	0.11600099999999999	0.10250699999999999	-0.1969	8954300.0
2013-11-12	-0.007742	0.113642	0.114945	0.102029	-0.653351	7639600.0
2013-11-11	0.002552	0.11636500000000001	0.124324	0.11600799999999999	0.214798	4723100.0
2013-11-08	0.014672	0.116592	0.13431099999999999	0.115748	1.217194	7229500.0
2013-11-07	-0.0037619999999999997	0.11911600000000001	0.121038	0.11311199999999999	-0.313248	6116900.0
2013-11-06	0.002478	0.11996300000000001	0.12201	0.116231	0.20584899999999998	5301300.0
2013-11-05	-0.002365	0.11143	0.116354	0.108307	-0.196884	5350600.0
2013-11-04	-0.0036420000000000003	0.11839200000000001	0.118871	0.10606600000000001	-0.304314	6862500.0
2013-11-01	0.008206999999999999	0.11454	0.129018	0.11454	0.680214	6835900.0
2013-10-31	-0.0019399999999999999	0.11803699999999999	0.12405799999999999	0.11165599999999999	-0.16111	7773900.0
2013-10-30	-0.0037579999999999996	0.11887400000000001	0.12103399999999999	0.111437	-0.313255	6295400.0
2013-10-29	0.008118	0.122273	0.126869	0.11961300000000001	0.671249	6096700.0
2013-10-28	0.003258	0.11573800000000001	0.12592899999999999	0.115252	0.268509	6551000.0
2013-10-25	-0.002815	0.11356500000000001	0.116347	0.110419	-0.232681	6076000.0
2013-10-24	0.0027140000000000003	0.12398699999999999	0.12811199999999998	0.1178	0.223739	5251000.0
2013-10-23	-0.002815	0.11380699999999999	0.11816199999999999	0.107153	-0.232704	6449600.0
2013-10-22	0.012719	0.121358	0.13397699999999998	0.12099000000000001	1.038201	9635500.0
2013-10-21	-0.004693	0.117315	0.117315	0.10682799999999999	-0.38485	6940500.0
2013-10-18	-0.0036969999999999998	0.11464200000000001	0.11828699999999999	0.107232	-0.304306	9082600.0
2013-10-17	0.009439	0.114372	0.128229	0.11314500000000001	0.769692	8569600.0
2013-10-16	0.013122	0.123403	0.132721	0.120173	1.0561209999999999	8116000.0
2013-10-15	0.001448	0.12390999999999999	0.137969	0.118933	0.116356	11024000.0
2013-10-14	0.003913000000000001	0.109571	0.12281099999999999	0.107072	0.313248	9198600.0
2013-10-11	0.019025	0.12800699999999998	0.138953	0.12037	1.494629	8449800.0
2013-10-10	0.021172999999999997	0.127193	0.140971	0.126933	1.628914	8647900.0
2013-10-09	0.0040880000000000005	0.121491	0.125407	0.115879	0.313263	8014200.0
2013-10-08	-0.011318	0.117702	0.11925	0.104153	-0.8771059999999999	8669800.0
2013-10-07	-0.008246	0.109509	0.11309200000000001	0.104262	-0.6443939999999999	5705200.0
2013-10-04	0.008431000000000001	0.12041199999999999	0.128155	0.117057	0.6533359999999999	6050000.0
2013-10-03	-0.008134	0.11603499999999999	0.118723	0.104387	-0.635437	7724600.0
2013-10-02	-0.002058	0.112972	0.11501600000000001	0.10415799999999999	-0.161103	6383400.0
2013-10-01	0.008998	0.116026	0.127626	0.111773	0.698105	6318700.0
2013-09-30	-0.00046100000000000004	0.11216199999999998	0.120149	0.10984300000000001	-0.03582	7962300.0
2013-09-27	-0.0039049999999999996	0.113979	0.115647	0.109231	-0.304275	5461100.0
2013-09-26	-0.00011499999999999999	0.119881	0.12527	0.112696	-0.008973	6400600.0
2013-09-25	-0.012922	0.119848	0.12048099999999999	0.10275	-1.0203010000000001	7493200.0
2013-09-24	-0.009765000000000001	0.11643699999999998	0.11869500000000001	0.105526	-0.778626	7797500.0
2013-09-23	-0.006579000000000001	0.1142	0.11818699999999999	0.106476	-0.528068	7376200.0
2013-09-20	-0.00433	0.11892799999999999	0.125378	0.112477	-0.349045	14708600.0
2013-09-19	0.0017800000000000001	0.119055	0.120919	0.115824	0.143196	6721000.0
2013-09-18	0.009544	0.115433	0.127979	0.10778	0.760757	10115500.0
2013-09-17	0.000337	0.117566	0.1197	0.111668	0.026848	6291100.0
2013-09-16	0.005193	0.128164	0.12993	0.12059500000000001	0.411682	7563700.0
2013-09-13	-0.004943	0.11882100000000001	0.120327	0.107147	-0.393798	7738600.0
2013-09-12	-0.002466	0.118191	0.121572	0.11293199999999999	-0.1969	7938500.0
2013-09-11	0.007906999999999999	0.118577	0.126654	0.112393	0.6265109999999999	8098100.0
2013-09-10	0.011078	0.12471600000000001	0.130331	0.12101600000000001	0.8681559999999999	8658700.0
2013-09-09	0.004589	0.12026300000000001	0.122955	0.11539200000000001	0.357994	6819700.0
2013-09-06	0.001379	0.119626	0.128611	0.10396500000000002	0.10740699999999999	10034900.0
2013-09-05	0.001611	0.118601	0.12078599999999999	0.11371500000000001	0.125297	5647900.0
2013-09-04	0.005554	0.11783199999999999	0.128046	0.11511700000000001	0.429604	8458800.0
2013-09-03	0.00011599999999999999	0.123521	0.128823	0.112401	0.008942	7590500.0
2013-08-30	-0.001848	0.120025	0.120025	0.108022	-0.143189	7471300.0
2013-08-29	0.000462	0.11576600000000001	0.125192	0.11034200000000001	0.035797	5768800.0
2013-08-28	0.004178	0.119779	0.12691	0.11355499999999999	0.322213	8829200.0
2013-08-27	-0.015538	0.110167	0.111571	0.097274	-1.217217	9941200.0
2013-08-26	-0.009954000000000001	0.116683	0.1182	0.104424	-0.787613	6724500.0
2013-08-23	0.009247	0.12152400000000001	0.128029	0.11234100000000001	0.7249680000000001	7714900.0
2013-08-22	-0.0060810000000000005	0.125226	0.128649	0.11711300000000001	-0.47968999999999995	7191900.0
2013-08-21	-0.010364	0.12247100000000001	0.12447799999999999	0.11256	-0.826134	7940700.0
2013-08-20	-0.00796	0.126978	0.14066800000000002	0.116772	-0.639572	8559200.0
2013-08-19	0.012084000000000001	0.126993	0.14941400000000002	0.12548099999999998	0.9593649999999999	8687000.0
2013-08-16	-0.00201	0.12045299999999999	0.128876	0.115928	-0.159896	14100700.0
2013-08-15	-0.012679000000000001	0.12101700000000001	0.12213399999999999	0.10575	-1.0215530000000002	12010700.0
2013-08-14	-0.024836	0.12307	0.125007	0.095475	-2.0519950000000002	12716800.0
2013-08-13	0.010978	0.12438699999999998	0.142252	0.122796	0.8971790000000001	10099800.0
2013-08-12	-0.003897	0.122321	0.13073099999999999	0.118298	-0.319763	11012300.0
2013-08-09	-0.010499	0.126336	0.126336	0.106919	-0.87056	12135800.0
2013-08-08	-0.0034159999999999998	0.13306500000000002	0.134267	0.11431500000000001	-0.284248	11090000.0
2013-08-07	-0.001599	0.12321300000000002	0.12837300000000001	0.121653	-0.133248	9056900.0
2013-08-06	0.000106	0.126693	0.127413	0.12213199999999999	0.00885	6415000.0
2013-08-05	-0.006251	0.121678	0.12465999999999999	0.114284	-0.524093	7192400.0
2013-08-02	0.006612000000000001	0.12321199999999999	0.133176	0.12189100000000001	0.550758	8503100.0
2013-08-01	0.002888	0.13368	0.136569	0.128141	0.239853	11098600.0
2013-07-31	0.003542	0.126458	0.140837	0.125975	0.29316	11365700.0
2013-07-30	-0.000429	0.12887300000000002	0.13491199999999998	0.123438	-0.035561	8863000.0
2013-07-29	0.004093	0.12330799999999999	0.132524	0.12306500000000001	0.337555	7925000.0
2013-07-26	0.002809	0.12269300000000001	0.13011099999999998	0.11454500000000001	0.230965	8663700.0
2013-07-25	0.002274	0.12134500000000001	0.130487	0.118298	0.186569	7368000.0
2013-07-24	-0.0006490000000000001	0.12853499999999998	0.128657	0.117572	-0.05330700000000001	6846300.0
2013-07-23	0.001517	0.127075	0.13280899999999998	0.12365899999999999	0.124359	8467700.0
2013-07-22	0.000542	0.123902	0.129761	0.118165	0.044388	9916200.0
2013-07-19	0.022846	0.126607	0.151951	0.12423499999999998	1.8299330000000003	12506300.0
2013-07-18	0.00044400000000000006	0.12823099999999998	0.135975	0.124859	0.035546	8329300.0
2013-07-17	-0.002987	0.127975	0.132831	0.11925799999999999	-0.23983800000000002	12832200.0
2013-07-16	0.0	0.133703	0.141424	0.12237100000000001	0.0	11409200.0
2013-07-15	0.004556	0.124733	0.135991	0.12285599999999999	0.36420399999999997	13343200.0
2013-07-12	0.003568	0.12598399999999998	0.12975	0.122092	0.28424099999999997	7590600.0
2013-07-11	0.0048189999999999995	0.13292400000000001	0.134437	0.122706	0.38198899999999997	8941300.0
2013-07-10	0.00405	0.12573299999999998	0.133332	0.124846	0.319778	7067100.0
2013-07-09	0.003274	0.126496	0.13196	0.12280999999999999	0.257614	9348600.0
2013-07-08	0.008194	0.128552	0.14008199999999998	0.12701400000000002	0.639588	12051400.0
2013-07-05	0.01256	0.13611099999999998	0.140003	0.127549	0.9682540000000001	5403600.0
2013-07-03	0.002426	0.125343	0.13184500000000002	0.119621	0.186538	3599900.0
2013-07-02	-0.000692	0.125993	0.13314	0.120275	-0.053276	8572100.0
2013-07-01	0.008968	0.12389700000000001	0.149071	0.12101300000000001	0.683983	9905200.0
2013-06-28	-0.009803000000000001	0.125863	0.134432	0.114568	-0.75505	11896300.0
2013-06-27	-0.0032189999999999996	0.132721	0.136474	0.11926199999999999	-0.248757	8890300.0
2013-06-26	0.019215	0.13364700000000002	0.15171600000000002	0.13351500000000002	1.456833	11966500.0
2013-06-25	0.008745999999999999	0.133051	0.138772	0.124802	0.657379	11239400.0
2013-06-24	0.016947	0.121945	0.154282	0.120456	1.2525030000000001	14777500.0
2013-06-21	0.00702	0.130911	0.148896	0.124098	0.51522	20715800.0
2013-06-20	-0.026397000000000004	0.11710999999999999	0.12029400000000001	0.089385	-1.9898369999999999	15172600.0
2013-06-19	-0.017369	0.126646	0.127558	0.105398	-1.3324280000000002	8288400.0
2013-06-18	0.008525	0.12731099999999998	0.136382	0.12573299999999998	0.64846	7233600.0
2013-06-17	0.008479	0.131832	0.14548699999999998	0.126661	0.6395649999999999	8429100.0
2013-06-14	0.0	0.123081	0.13329000000000002	0.122419	0.0	6357100.0
2013-06-13	0.013972	0.123851	0.14213399999999998	0.11686099999999999	1.0393370000000002	8570000.0
2013-06-12	-0.011218	0.132246	0.1365	0.112573	-0.8439110000000001	8413200.0
2013-06-11	-0.005285	0.120709	0.124146	0.11237899999999999	-0.399726	8967000.0
2013-06-10	0.002709	0.127059	0.13633900000000002	0.123347	0.2043	8477100.0
2013-06-07	0.005328	0.13239800000000002	0.13533	0.12493399999999999	0.39975700000000003	8907700.0
2013-06-06	0.009321	0.12452200000000001	0.13622599999999999	0.111877	0.692871	10671000.0
2013-06-05	-0.004994	0.12319000000000001	0.13777999999999999	0.117434	-0.373077	9839100.0
2013-06-04	-0.007201000000000001	0.125866	0.129986	0.110451	-0.541871	9972000.0
2013-06-03	0.006296	0.12707000000000002	0.132821	0.114901	0.47080299999999997	11768500.0
2013-05-31	-0.021049000000000002	0.121675	0.12573299999999998	0.102037	-1.6078649999999999	13302700.0
2013-05-30	0.0039700000000000004	0.126522	0.134408	0.126127	0.302033	7801200.0
2013-05-29	-0.022372	0.118923	0.119951	0.09399500000000001	-1.741081	11872100.0
2013-05-28	0.009099	0.135069	0.144793	0.13156800000000002	0.701759	8380200.0
2013-05-24	-0.004472	0.12044	0.12340899999999999	0.11643900000000001	-0.346451	10390100.0
2013-05-23	-0.00672	0.11688599999999999	0.127913	0.115476	-0.524101	14446900.0
2013-05-22	-0.001467	0.135604	0.152119	0.129202	-0.114594	13825900.0
2013-05-21	0.00659	0.133294	0.142315	0.13136099999999998	0.511391	10099600.0
2013-05-20	-0.000908	0.134324	0.13561199999999998	0.13059	-0.07055700000000001	7235800.0
2013-05-17	0.007318000000000001	0.134455	0.143923	0.133677	0.564278	11437700.0
2013-05-16	-0.002168	0.130184	0.135878	0.12668900000000002	-0.167519	9441900.0
2013-05-15	0.007704000000000001	0.133804	0.146063	0.133804	0.590729	13444400.0
2013-05-14	0.013046	0.13300599999999999	0.150445	0.13300599999999999	0.9874729999999999	10360700.0
2013-05-13	0.00105	0.13155	0.138295	0.12996300000000002	0.079368	6631500.0
2013-05-10	0.007164	0.13606	0.14232	0.134595	0.537812	7594800.0
2013-05-09	-0.003628	0.134062	0.137248	0.12755899999999998	-0.273331	8342000.0
2013-05-08	-0.0008179999999999999	0.13353199999999998	0.135124	0.12623900000000002	-0.061707000000000005	8044600.0
2013-05-07	0.010038	0.13674	0.146116	0.133526	0.749436	9061800.0
2013-05-06	-0.012478	0.13459200000000002	0.13459200000000002	0.118323	-0.943413	8815600.0
2013-05-03	0.006928	0.139789	0.14525	0.138058	0.520203	9213800.0
2013-05-02	0.011041	0.137023	0.14739100000000002	0.13338699999999998	0.819961	8668900.0
2013-05-01	-0.011733	0.124481	0.132865	0.11623	-0.881675	12312100.0
2013-04-30	-0.00409	0.131677	0.135786	0.125051	-0.308594	12099600.0
2013-04-29	0.005404	0.132863	0.144455	0.131397	0.40555599999999997	8038000.0
2013-04-26	-0.001173	0.13526	0.13778900000000002	0.12873900000000002	-0.088151	6784700.0
2013-04-25	0.009835	0.136211	0.148307	0.133523	0.7317739999999999	8689400.0
2013-04-24	-0.012405	0.137248	0.138044	0.11866600000000001	-0.9345700000000001	9480600.0
2013-04-23	0.007309	0.13633499999999998	0.14556	0.123098	0.546653	8982100.0
2013-04-22	0.004024	0.13553800000000002	0.140102	0.130302	0.299767	6989900.0
2013-04-19	0.015749000000000003	0.138695	0.153148	0.138149	1.1549989999999999	10787600.0
2013-04-18	-0.008582	0.135006	0.139603	0.12243399999999999	-0.634804	9921500.0
2013-04-17	0.0055130000000000005	0.133108	0.147652	0.132156	0.405563	13693300.0
2013-04-16	0.021172	0.142801	0.159597	0.139192	1.525315	12620000.0
2013-04-15	-0.012449	0.133921	0.138993	0.120076	-0.908143	12385800.0
2013-04-12	0.005102000000000001	0.133231	0.139982	0.132129	0.370331	6987000.0
2013-04-11	0.003658	0.135855	0.14719400000000002	0.135025	0.264504	9882700.0
2013-04-10	0.0061329999999999996	0.138508	0.143656	0.137256	0.440841	7583200.0
2013-04-09	0.005055	0.136293	0.143145	0.13601300000000002	0.361481	9111000.0
2013-04-08	-0.011336	0.12355	0.125209	0.110278	-0.819961	15828500.0
2013-04-05	-0.00449	0.125662	0.13006700000000002	0.123323	-0.326218	8581400.0
2013-04-04	0.004143	0.135992	0.143178	0.132261	0.299774	10303000.0
2013-04-03	-0.007498	0.134881	0.137762	0.118833	-0.546638	12254000.0
2013-04-02	0.009276000000000001	0.135165	0.144717	0.13377999999999998	0.670089	10342200.0
2013-04-01	0.004906000000000001	0.132248	0.140177	0.130717	0.352654	7376800.0
2013-03-28	0.003199	0.13559100000000002	0.13866099999999998	0.12972899999999998	0.229233	11332100.0
2013-03-27	0.005195	0.130127	0.141209	0.126059	0.3703	10703400.0
2013-03-26	0.014684000000000001	0.137754	0.151276	0.13661500000000001	1.03157	12682900.0
2013-03-25	-0.000752	0.135475	0.13704000000000002	0.130355	-0.052902	9616600.0
2013-03-22	0.009239	0.135631	0.144674	0.13433900000000001	0.643623	6873100.0
2013-03-21	-0.005538	0.129485	0.134909	0.12448800000000002	-0.387916	8436300.0
2013-03-20	0.007481	0.138798	0.144982	0.138654	0.52018	8000800.0
2013-03-19	0.0006349999999999999	0.136642	0.138225	0.129734	0.04409	7095800.0
2013-03-18	-0.004799	0.12746400000000002	0.134195	0.12717699999999998	-0.335045	8005400.0
2013-03-15	0.0011380000000000001	0.127313	0.136203	0.127313	0.07935299999999999	18296500.0
2013-03-14	0.0070019999999999995	0.135928	0.14213699999999999	0.133329	0.484925	10130400.0
2013-03-13	-0.000127	0.13361800000000001	0.135783	0.128998	-0.008812	7983400.0
2013-03-12	0.0015300000000000001	0.13506300000000002	0.13781	0.13087000000000001	0.105797	8790500.0
2013-03-11	0.0031969999999999998	0.130279	0.138982	0.129118	0.220413	8807600.0
2013-03-08	0.005659	0.135508	0.141052	0.133466	0.387947	8554100.0
2013-03-07	0.004652	0.13756600000000002	0.142549	0.137126	0.317398	7996500.0
2013-03-06	-0.0034770000000000005	0.134633	0.135364	0.127769	-0.23804499999999998	8535200.0
2013-03-05	0.005959000000000001	0.139484	0.141688	0.137722	0.405586	9399400.0
2013-03-04	0.006519	0.134639	0.142772	0.134639	0.440834	12628000.0
2013-03-01	0.007751999999999999	0.129427	0.144031	0.12853299999999998	0.520195	9528300.0
2013-02-28	-0.002752	0.132858	0.136722	0.131075	-0.185157	11806300.0
2013-02-27	0.007525	0.13314700000000002	0.144676	0.13195	0.502563	8180300.0
2013-02-26	0.002382	0.138848	0.145752	0.133145	0.158699	10742100.0
2013-02-25	-0.008918	0.137468	0.140294	0.124081	-0.599548	10603300.0
2013-02-22	-0.000131	0.136129	0.13761600000000002	0.129882	-0.008804000000000001	8571500.0
2013-02-21	0.0028699999999999997	0.14058299999999999	0.148786	0.139241	0.192421	9465700.0
2013-02-20	-0.004028	0.140742	0.14341600000000002	0.137028	-0.27117199999999997	7857500.0
2013-02-19	0.010504000000000001	0.141316	0.155877	0.140265	0.699753	9747400.0
2013-02-15	0.0046170000000000004	0.14190999999999998	0.148546	0.138744	0.306152	10528400.0
2013-02-14	0.001982	0.14085	0.149765	0.139037	0.131195	9681800.0
2013-02-13	-0.001847	0.143117	0.144323	0.136782	-0.122459	8014800.0
2013-02-12	0.0051719999999999995	0.14341900000000002	0.15009	0.14341900000000002	0.341125	7598900.0
2013-02-11	-0.0009279999999999999	0.140238	0.14357	0.136754	-0.061241	5697100.0
2013-02-08	0.005596	0.14494300000000002	0.151645	0.138242	0.36740100000000003	8153300.0
2013-02-07	-0.004377000000000001	0.134624	0.14038599999999998	0.132501	-0.28865799999999997	9798200.0
2013-02-06	0.009778	0.14188900000000002	0.154446	0.141124	0.638519	12084000.0
2013-02-05	0.007421	0.14912999999999998	0.154221	0.148821	0.481079	10230800.0
2013-02-04	-0.000944	0.133712	0.144347	0.133712	-0.061225	9200700.0
2013-02-01	0.003517	0.14667	0.151001	0.145742	0.227424	10016300.0
2013-01-31	-0.0022949999999999997	0.14311300000000002	0.14743399999999998	0.138484	-0.148704	10448700.0
2013-01-30	-0.004301	0.14388199999999998	0.14926	0.137122	-0.2799	9245500.0
2013-01-29	0.010731000000000001	0.144044	0.158797	0.14357799999999998	0.69101	12386500.0
2013-01-28	-0.004058	0.143886	0.144505	0.135689	-0.262406	9420900.0
2013-01-25	0.011217	0.14373699999999998	0.156249	0.14264200000000002	0.717228	10421500.0
2013-01-24	0.003432	0.144994	0.149231	0.143111	0.21869299999999997	9369700.0
2013-01-23	0.0022010000000000003	0.140594	0.146728	0.139808	0.139938	10155100.0
2013-01-22	-0.0073739999999999995	0.138428	0.142955	0.13062200000000002	-0.472336	11469800.0
2013-01-18	0.004527000000000001	0.143268	0.14844300000000002	0.141543	0.288647	13558600.0
2013-01-17	0.004409000000000001	0.14799400000000001	0.150041	0.13996	0.279923	10570100.0
2013-01-16	0.0029010000000000004	0.14153	0.150376	0.141372	0.183651	8779900.0
2013-01-15	-0.002618	0.138383	0.141377	0.134444	-0.166184	7795100.0
2013-01-14	0.002903	0.14721800000000002	0.150221	0.143584	0.183693	7386000.0
2013-01-11	0.002216	0.143268	0.149444	0.142793	0.139942	7766700.0
2013-01-10	0.006412999999999999	0.144543	0.153628	0.143427	0.402355	11888500.0
2013-01-09	0.004481000000000001	0.14695	0.150312	0.144709	0.279904	7672800.0
2013-01-08	0.00014	0.141827	0.147271	0.14086600000000002	0.008751	9825300.0
2013-01-07	-0.002097	0.142469	0.142948	0.137515	-0.131214	7548800.0
2013-01-04	0.011451000000000001	0.151348	0.159268	0.14763099999999998	0.708507	11631800.0
2013-01-03	-0.001411	0.145527	0.14585	0.136974	-0.08745900000000001	9598300.0
2013-01-02	0.010556	0.158272	0.158272	0.14653	0.647258	12874200.0
2012-12-31	0.008923	0.139318	0.153634	0.13833099999999998	0.542298	12770000.0
2012-12-28	-0.008703	0.13919	0.142941	0.132339	-0.533551	9691100.0
2012-12-27	-0.00114	0.14261600000000002	0.147015	0.137239	-0.069976	10700400.0
2012-12-26	0.0021420000000000002	0.142125	0.148819	0.140982	0.131206	7737300.0
2012-12-24	-0.003558	0.144081	0.14538299999999998	0.137899	-0.218677	5006500.0
2012-12-21	-0.006784999999999999	0.14019700000000002	0.143268	0.132118	-0.419854	22142300.0
2012-12-20	0.0016989999999999998	0.145048	0.14763800000000002	0.141001	0.10495	11775800.0
2012-12-19	-0.00451	0.142623	0.149069	0.13811099999999998	-0.279884	11865600.0
2012-12-18	0.00014099999999999998	0.145202	0.145846	0.136177	0.008747	16352400.0
2012-12-17	0.0035369999999999998	0.14569400000000002	0.15119200000000002	0.144723	0.21867399999999998	14317200.0
2012-12-14	-0.000848	0.14116700000000001	0.145045	0.139066	-0.052487	10263600.0
2012-12-13	-0.002959	0.142301	0.14391199999999998	0.13779	-0.18368099999999998	8838900.0
2012-12-12	-0.0019690000000000003	0.145037	0.147609	0.139248	-0.122448	11783300.0
2012-12-11	0.007081999999999999	0.148612	0.15978499999999998	0.145697	0.43733999999999995	14933700.0
2012-12-10	0.002129	0.140184	0.148947	0.140184	0.131191	9700300.0
2012-12-07	0.00571	0.143104	0.15093800000000002	0.140167	0.349873	10021300.0
2012-12-06	0.001144	0.149313	0.149313	0.14049	0.069988	9459200.0
2012-12-05	0.001574	0.144413	0.150305	0.138685	0.09621	11037100.0
2012-12-04	0.003015	0.142118	0.157056	0.139984	0.183674	14278100.0
2012-12-03	-0.001147	0.14441500000000002	0.14638299999999999	0.137201	-0.069961	9928900.0
2012-11-30	0.007368	0.146076	0.154829	0.14260699999999998	0.44609799999999994	13480700.0
2012-11-29	-0.00101	0.146238	0.147723	0.139308	-0.061234000000000004	9853400.0
2012-11-28	0.006975	0.14160599999999998	0.152738	0.13977799999999999	0.419835	9983200.0
2012-11-27	-0.004052	0.14194400000000001	0.144261	0.137311	-0.24489299999999997	8763200.0
2012-11-26	-0.006756999999999999	0.136036	0.142282	0.131105	-0.411106	9884800.0
2012-11-23	0.008408	0.144925	0.15288	0.14277	0.507305	5450100.0
2012-11-21	-0.0011480000000000001	0.15271600000000002	0.156854	0.14973599999999998	-0.069343	7639900.0
2012-11-20	0.006065	0.15354500000000001	0.16103900000000002	0.15154600000000001	0.364151	9859500.0
2012-11-19	0.000867	0.159212	0.163713	0.150877	0.05201	12337400.0
2012-11-16	0.001737	0.150038	0.156717	0.144026	0.104038	14272300.0
2012-11-15	-0.0028870000000000002	0.14871600000000001	0.152212	0.14422000000000001	-0.173397	11803600.0
2012-11-14	-0.003453	0.155369	0.157526	0.14541300000000001	-0.2081	10470700.0
2012-11-13	-0.00244	0.150729	0.160495	0.14874300000000001	-0.147384	8244500.0
2012-11-12	-0.002719	0.152057	0.156349	0.14413299999999998	-0.164734	9761000.0
2012-11-09	0.003159	0.151887	0.16347899999999999	0.14973399999999998	0.19073800000000002	10511700.0
2012-11-08	-0.009809	0.150263	0.15469000000000002	0.14206400000000002	-0.598205	12652100.0
2012-11-07	-0.009436	0.14818	0.153053	0.1321	-0.5809439999999999	12719700.0
2012-11-06	0.0031079999999999997	0.156799	0.166901	0.155007	0.19075	7927500.0
2012-11-05	-0.001551	0.152727	0.155004	0.14638299999999999	-0.095371	6874500.0
2012-11-02	-0.008392	0.156604	0.156604	0.14257	-0.5202180000000001	7946700.0
2012-11-01	0.009602	0.15793800000000002	0.170967	0.153541	0.58958	11226000.0
2012-10-31	-0.0011279999999999999	0.15679400000000002	0.159071	0.146545	-0.06936200000000001	9950600.0
2012-10-26	-0.0033740000000000003	0.151108	0.156296	0.143974	-0.20808400000000002	8965200.0
2012-10-25	0.005654	0.15778	0.166747	0.15745399999999998	0.34680500000000003	9672700.0
2012-10-24	-0.002116	0.155005	0.158421	0.14979800000000001	-0.13004300000000002	8572000.0
2012-10-23	-0.012399	0.143576	0.149361	0.133293	-0.771641	11086000.0
2012-10-22	-0.001113	0.152254	0.160279	0.144871	-0.06937	14033400.0
2012-10-19	-0.009101	0.146857	0.148925	0.14081400000000002	-0.572227	18391000.0
2012-10-18	0.021408	0.151266	0.181644	0.150454	1.317863	33591100.0
2012-10-17	0.020848	0.156363	0.18040899999999999	0.153378	1.257176	26522700.0
2012-10-16	0.013849	0.16514700000000002	0.17355399999999999	0.160439	0.823677	13688800.0
2012-10-15	0.009269	0.156941	0.17068599999999998	0.155075	0.546211	14868000.0
2012-10-12	0.0	0.156941	0.16254100000000002	0.15049300000000002	0.0	8685500.0
2012-10-11	-0.003664	0.15320899999999998	0.15473	0.147291	-0.216744	9505500.0
2012-10-10	-0.002778	0.152872	0.154726	0.146128	-0.164745	10710100.0
2012-10-09	-0.014833	0.139758	0.145571	0.13112100000000002	-0.893021	15365900.0
2012-10-08	-0.003015	0.15255	0.153378	0.145429	-0.182087	6444600.0
2012-10-05	0.0054859999999999996	0.156541	0.161204	0.15420999999999999	0.32948	9429900.0
2012-10-04	0.003913000000000001	0.155049	0.161736	0.15354500000000001	0.234089	9395900.0
2012-10-03	0.00058	0.157224	0.159399	0.149531	0.034671	8557900.0
2012-10-02	-0.002459	0.15321099999999999	0.155881	0.145203	-0.147373	10062700.0
2012-10-01	0.003192	0.15354500000000001	0.162416	0.15354500000000001	0.190727	9647200.0
2012-09-28	-0.001449	0.149366	0.153879	0.14485399999999998	-0.0867	10293200.0
2012-09-27	0.000145	0.154882	0.159228	0.151539	0.008675	8253200.0
2012-09-26	-0.0046159999999999994	0.156373	0.156373	0.14738800000000002	-0.277428	9971900.0
2012-09-25	0.004637	0.15354500000000001	0.164076	0.15354500000000001	0.277428	11625400.0
2012-09-24	-0.000869	0.150372	0.15571600000000002	0.149202	-0.052017999999999995	9082100.0
2012-09-21	0.002322	0.155889	0.161078	0.152373	0.138726	19064400.0
2012-09-20	0.004372999999999999	0.15018299999999998	0.159935	0.148838	0.26010900000000003	8704000.0
2012-09-19	0.000729	0.156743	0.159603	0.154219	0.043342	9911300.0
2012-09-18	0.004396	0.150505	0.160475	0.150336	0.26010500000000003	8063100.0
2012-09-17	-0.003213	0.15371500000000002	0.157252	0.14546099999999998	-0.190746	11584100.0
2012-09-14	-0.007537	0.15204	0.15204	0.138164	-0.45084399999999997	13024000.0
2012-09-13	0.012326	0.151008	0.17064000000000001	0.150839	0.728291	13006300.0
2012-09-12	-0.000733	0.156253	0.157775	0.150503	-0.043347000000000004	8230700.0
2012-09-11	0.000293	0.156423	0.159637	0.153378	0.017342	8821700.0
2012-09-10	0.00442	0.155247	0.163403	0.152528	0.26010500000000003	11441300.0
2012-09-07	0.000589	0.155588	0.15626800000000002	0.14793699999999999	0.034672	8403300.0
2012-09-06	0.008473	0.160922	0.169666	0.158864	0.494205	13075500.0
2012-09-05	0.000149	0.15646500000000002	0.163838	0.15132	0.008679000000000001	9266000.0
