2017-09-01	0.008912	0.003961	0.016173	0.000660	0.809998	9727000.000000
2016-09-01	-0.004296	0.026389999999999997	0.027604000000000004	0.011367	-0.283127	12226500.0
2016-08-31	0.0	0.023659	0.028363	0.014554	0.0	14952300.0
2016-08-30	0.008215	0.024266	0.034210000000000004	0.024266	0.536972	13791200.0
2016-08-29	0.011023999999999999	0.028442000000000002	0.037877	0.027977999999999996	0.7127	14583100.0
2016-08-26	0.00227	0.028295999999999998	0.036823	0.020855000000000002	0.146454	14038600.0
2016-08-25	0.00182	0.023644	0.027216000000000004	0.021781000000000002	0.117157	9978700.0
2016-08-24	0.0027370000000000003	0.027692	0.031429	0.024266	0.175735	10167200.0
2016-08-23	-0.00045599999999999997	0.028469	0.032671	0.023643	-0.029289	8949600.0
2016-08-22	-0.0009109999999999999	0.022555000000000002	0.024576	0.017266999999999998	-0.058586	9055600.0
2016-08-19	-0.0013650000000000001	0.020694	0.023644	0.012928	-0.08786000000000001	9084900.0
2016-08-18	0.0009109999999999999	0.020068	0.02582	0.018668999999999998	0.058578	9313600.0
2016-08-17	0.002739	0.025669	0.028474	0.021616	0.175736	11868100.0
2016-08-16	-0.000152	0.018655	0.028006	0.016784	-0.009773	10128900.0
2016-08-15	0.006124	0.028029000000000002	0.032263	0.026461000000000002	0.390533	8371600.0
2016-08-12	-0.002139	0.016597999999999998	0.022543999999999998	0.014877000000000001	-0.136684	7685400.0
2016-08-11	0.002757	0.024109000000000002	0.030699	0.020186000000000003	0.175739	9604500.0
2016-08-10	-0.008957	0.025043	0.027375999999999998	0.013225	-0.5760270000000001	11556100.0
2016-08-09	-0.0034799999999999996	0.025505	0.027055000000000003	0.017912	-0.224548	10097000.0
2016-08-08	-0.003017	0.020712	0.027201	0.017159	-0.195259	11359200.0
2016-08-05	0.026951999999999997	0.033468	0.05298200000000001	0.032357	1.69878	20752700.0
2016-08-04	-0.001547	0.021573	0.0268	0.018088	-0.09764099999999999	9873000.0
2016-08-03	0.015868	0.024909	0.04068	0.024266	0.9860760000000001	13122300.0
2016-08-02	-0.0023510000000000002	0.020894	0.027637000000000002	0.017523	-0.146446	13550000.0
2016-08-01	-0.0026579999999999998	0.027148000000000002	0.029708999999999996	0.018501	-0.165978	11422600.0
2016-07-29	-0.0020280000000000003	0.019472	0.027302	0.018673	-0.126915	13210400.0
2016-07-28	-0.003575	0.019011	0.022036	0.014553	-0.224556	10013400.0
2016-07-27	0.0031190000000000002	0.023467	0.03321	0.023148	0.195271	11806800.0
2016-07-26	0.004071	0.02603	0.03052	0.0217	0.253837	8067800.0
2016-07-25	-0.0026550000000000002	0.023306	0.026345	0.018508	-0.165973	8168300.0
2016-07-22	0.005495	0.027643	0.030698000000000003	0.022818	0.34170900000000004	8195700.0
2016-07-21	-0.003754	0.025387	0.028270999999999998	0.019459	-0.23431799999999997	9808700.0
2016-07-20	0.0010960000000000002	0.028275	0.0302	0.02186	0.06834	10411100.0
2016-07-19	-0.0015630000000000002	0.018661	0.026507	0.016258	-0.097629	9737400.0
2016-07-18	-0.003428	0.023468	0.027777	0.019797	-0.214783	10824400.0
2016-07-15	0.000936	0.034329000000000005	0.035128	0.016119	0.058575	17607100.0
2016-07-14	0.0152	0.049888	0.053780999999999995	0.038699000000000004	0.93726	28985900.0
2016-07-13	-0.000633	0.022321	0.027993	0.01519	-0.039055	18526900.0
2016-07-12	0.014934999999999999	0.036767	0.045484	0.034464	0.9079659999999999	16588100.0
2016-07-11	0.007116	0.034039	0.042819	0.029401	0.42957700000000004	13151400.0
2016-07-08	0.020634	0.036946	0.051149	0.036946	1.220387	16998800.0
2016-07-07	0.006479	0.029881	0.040432	0.023755000000000002	0.38076	13771400.0
2016-07-06	0.010747	0.014978	0.036994	0.010676999999999999	0.62484	20429800.0
2016-07-05	-0.027913999999999998	0.010722	0.01323	-0.01185	-1.669491	23357700.0
2016-07-01	-0.006487000000000001	0.024266	0.030080000000000003	0.01596	-0.390522	14217800.0
2016-06-30	0.015359000000000001	0.039492	0.048937	0.029202999999999996	0.910633	21343600.0
2016-06-29	0.028225999999999998	0.046807	0.061548	0.040563999999999996	1.627537	21483000.0
2016-06-28	0.033154	0.060549	0.066999	0.043885	1.850341	29088700.0
2016-06-27	-0.033389	0.016825	0.017518000000000002	-0.011926	-1.927845	37300700.0
2016-06-24	-0.069477	-0.025296000000000003	-0.005634	-0.043668	-4.311019	44108700.0
2016-06-23	0.021368	0.048535	0.055942	0.045737	1.2981559999999999	16583600.0
2016-06-22	-0.0038130000000000004	0.032239	0.044701	0.027812	-0.23250500000000002	12643500.0
2016-06-21	0.009299	0.038197	0.042666	0.028432	0.561882	11611600.0
2016-06-20	0.0014449999999999999	0.051630999999999996	0.058261	0.033234	0.08719199999999999	12213200.0
2016-06-17	0.000964	0.033566000000000006	0.040368	0.027427999999999998	0.058121000000000006	15751500.0
2016-06-16	0.004034	0.023577	0.037736	0.014416	0.242191	16791200.0
2016-06-15	-0.001772	0.037725999999999996	0.047204	0.029412	-0.106563	16982100.0
2016-06-14	-0.018808000000000002	0.022613	0.035502	0.006298	-1.152832	19509300.0
2016-06-13	-0.008929000000000001	0.026418	0.040324	0.022861000000000003	-0.552201	14314900.0
2016-06-10	-0.014053999999999999	0.019167	0.021399	0.013587	-0.8815729999999999	16678400.0
2016-06-09	-0.007663	0.024962	0.026701999999999997	0.016736	-0.484382	10817800.0
2016-06-08	0.00292	0.030177	0.038903	0.030018	0.184063	9428000.0
2016-06-07	-0.00337	0.034927	0.039513	0.028444	-0.213127	9924100.0
2016-06-06	0.009901	0.032239	0.050124	0.0316	0.6200060000000001	13193500.0
2016-06-03	-0.017778	0.00777	0.017338	-0.0032090000000000005	-1.133453	20225100.0
2016-06-02	0.001827	0.029568	0.034125	0.023911	0.116253	10637600.0
2016-06-01	0.006435	0.024173	0.042519	0.016266	0.406875	14031000.0
2016-05-31	-0.002445	0.036972000000000005	0.038392	0.024824000000000002	-0.154998	15139400.0
2016-05-27	0.006151	0.035095999999999995	0.039064	0.032556	0.3875	10070000.0
2016-05-26	-0.007479	0.033027	0.033184	0.022629	-0.474689	9428400.0
2016-05-25	0.015184	0.038637	0.058789	0.038317000000000004	0.9493860000000001	18935200.0
2016-05-24	0.017019	0.040047	0.053547000000000004	0.037932	1.046273	13839400.0
2016-05-23	-0.000787	0.031264	0.03809	0.02655	-0.048435	9347500.0
2016-05-20	0.001893	0.039893	0.045266	0.031913	0.116252	11862000.0
2016-05-19	-0.01015	0.024018	0.03514	0.013863999999999998	-0.629703	16076200.0
2016-05-18	0.038599	0.032909	0.074259	0.032741	2.305672	24007100.0
2016-05-17	0.0	0.028388999999999998	0.04061	0.023701	0.0	12180900.0
2016-05-16	0.007515999999999999	0.032408	0.045564	0.028866000000000003	0.445625	10951300.0
2016-05-13	-0.009228	0.031069	0.042767	0.019706	-0.552193	15122300.0
2016-05-12	-0.000647	0.039921	0.044764	0.024891	-0.038752999999999996	11071700.0
2016-05-11	-0.0037070000000000002	0.031074	0.041556	0.028412	-0.222813	11254000.0
2016-05-10	0.01356	0.037973	0.049946	0.0346	0.8040729999999999	11897200.0
2016-05-09	-0.006331	0.028385000000000004	0.037099	0.023023	-0.377819	11197100.0
2016-05-06	0.005878	0.023137	0.039655	0.021283	0.34875500000000004	11046300.0
2016-05-05	-0.00536	0.032742	0.039448000000000004	0.023688999999999998	-0.319691	14033900.0
2016-05-04	-0.015825	0.018874000000000002	0.027288999999999997	0.010954	-0.959083	17030200.0
2016-05-03	-0.019282	0.017837000000000002	0.017999	3.7e-05	-1.191582	18988200.0
2016-05-02	0.009335	0.040242	0.045305	0.031258999999999995	0.571575	10247300.0
2016-04-29	-0.006289	0.023962	0.032401	0.017632	-0.387504	16376400.0
2016-04-28	-0.007955	0.024672	0.03723	0.020002000000000002	-0.494076	12852500.0
2016-04-27	0.002816	0.031108999999999998	0.043703	0.026911	0.174377	15284100.0
2016-04-26	0.005189	0.035647000000000005	0.039867	0.027857	0.31969899999999996	12048000.0
2016-04-25	-0.005784	0.026269	0.031916	0.019007	-0.358448	10687200.0
2016-04-22	0.005818	0.032888	0.044899	0.032888	0.358448	12444700.0
2016-04-21	-0.009963	0.032561	0.038988	0.017777	-0.620011	15395800.0
2016-04-20	0.014528999999999999	0.034847	0.048378	0.029468	0.8912620000000001	14594400.0
2016-04-19	0.016862000000000002	0.036881	0.052297	0.036881	1.017205	19255600.0
2016-04-18	0.006465	0.028401999999999997	0.044085	0.026567	0.38751199999999997	13794200.0
2016-04-15	-0.011503	0.037022	0.037351999999999996	0.013438	-0.6975140000000001	19290700.0
2016-04-14	0.012947	0.030568	0.050949	0.029232	0.7750100000000001	24249900.0
2016-04-13	0.042341000000000004	0.053135	0.082388	0.051392999999999994	2.43161	37516800.0
2016-04-12	0.018557	0.034722	0.053345000000000004	0.032239	1.0462719999999999	17779200.0
2016-04-11	0.007967	0.035278	0.052619000000000006	0.035278	0.445629	17627800.0
2016-04-08	0.007326999999999999	0.039262	0.05492999999999999	0.038902	0.406887	13547700.0
2016-04-07	-0.025336	0.022585	0.025569	0.001698	-1.443462	19226800.0
2016-04-06	0.007711	0.029055	0.041437	0.024987	0.43593999999999994	12167900.0
2016-04-05	-0.014188999999999998	0.021603	0.025788	0.014977	-0.813767	12886600.0
2016-04-04	-0.00387	0.032413	0.034671	0.024076	-0.222813	12305000.0
2016-04-01	0.010976	0.036369	0.05463099999999999	0.028292	0.625069	15417500.0
2016-03-31	-0.008206	0.035352999999999996	0.043713	0.029432	-0.47121	14904700.0
2016-03-30	0.01152	0.047456	0.061021000000000006	0.046047000000000005	0.653926	13307100.0
2016-03-29	-0.006229	0.038656	0.038656	0.024651	-0.35581199999999996	15933400.0
2016-03-28	-0.0013449999999999998	0.040756	0.044601999999999996	0.034637	-0.076931	11159700.0
2016-03-24	-0.007673999999999999	0.028777999999999998	0.032421	0.021318	-0.44236000000000003	12921200.0
2016-03-23	-0.00498	0.041608	0.044542	0.033322000000000004	-0.28849400000000003	11658700.0
2016-03-22	-0.003639	0.031798	0.041944999999999996	0.025434000000000002	-0.21155900000000002	12042700.0
2016-03-21	-0.000331	0.035411	0.045727	0.030941000000000003	-0.019237	12684400.0
2016-03-18	0.029447000000000004	0.06289199999999999	0.079176	0.055989	1.663658	29570200.0
2016-03-17	-0.002885	0.037233999999999996	0.043588	0.023468	-0.163483	19405700.0
2016-03-16	-0.00473	0.036017	0.049543000000000004	0.027058999999999996	-0.26926	17423900.0
2016-03-15	0.001353	0.02968	0.041464	0.027745	0.076931	10910500.0
2016-03-14	-0.0037070000000000002	0.036552	0.039356	0.026913999999999997	-0.21156399999999997	13436100.0
2016-03-11	0.012454999999999999	0.053720000000000004	0.055849	0.040591	0.702	21055000.0
2016-03-10	-0.008626	0.048148	0.049556	0.016839	-0.490436	21139200.0
2016-03-09	0.005784	0.046426999999999996	0.053327	0.038112	0.326953	13238800.0
2016-03-08	-0.019353	0.027217	0.032248	0.018022	-1.115509	14132900.0
2016-03-07	-0.001832	0.03105	0.039881	0.027239999999999997	-0.105777	12832400.0
2016-03-04	0.001501	0.042309	0.050114	0.032424	0.086551	18459000.0
2016-03-03	0.0033469999999999997	0.036749000000000004	0.043362	0.028397000000000002	0.192322	15790600.0
2016-03-02	0.00946	0.039881	0.052177	0.035666	0.538529	20943100.0
2016-03-01	0.05151	0.048378	0.093445	0.046715	2.7887720000000003	23958100.0
2016-02-29	-0.02155	0.037531999999999996	0.041145999999999995	0.017291	-1.19244	19554100.0
2016-02-26	0.009297	0.051373	0.059946000000000006	0.042253	0.50967	20947500.0
2016-02-25	0.015497	0.039695999999999995	0.056366999999999993	0.038029	0.8366399999999999	14473300.0
2016-02-24	0.000356	0.022834	0.041549	0.006712999999999999	0.019233	25560100.0
2016-02-23	-0.04183	0.027986	0.031359	-0.006458	-2.35604	31772500.0
2016-02-22	0.012971000000000002	0.052291	0.058945000000000004	0.050672	0.721241	14882800.0
2016-02-19	0.000173	0.034305	0.046357	0.02675	0.009609	15658200.0
2016-02-18	-0.016335	0.04112	0.041474000000000004	0.012986000000000001	-0.923184	17037800.0
2016-02-17	0.007198	0.048792	0.055921000000000005	0.040594	0.4039	21580100.0
2016-02-16	0.014959	0.053266999999999995	0.059959000000000005	0.042595	0.8270120000000001	23730700.0
2016-02-12	0.083286	0.090435	0.128057	0.08102999999999999	4.2504919999999995	37011400.0
2016-02-11	-0.044128	0.009539	0.009726	-0.016683	-2.356041	44334700.0
2016-02-10	-0.0121	0.046728	0.062270000000000006	0.026374	-0.6539229999999999	22389600.0
2016-02-09	-0.006013	0.016891	0.04264	0.013949000000000001	-0.326962	26300000.0
2016-02-08	-0.020952000000000002	0.020794	0.024936	8.7e-05	-1.163593	28267600.0
2016-02-05	-0.01113	0.043086	0.053058	0.022431	-0.6250760000000001	22001300.0
2016-02-04	0.017245	0.033542	0.059987	0.033542	0.952041	21651300.0
2016-02-03	0.006663	0.046081	0.053922000000000005	0.0032310000000000004	0.365425	31543200.0
2016-02-02	-0.031091000000000004	0.022568	0.024334	0.002604	-1.7598189999999998	22448200.0
2016-02-01	-0.010756	0.033939	0.042503	0.021356	-0.615455	16807900.0
2016-01-29	0.038757	0.049866	0.08091	0.044057	2.1348529999999997	26992200.0
2016-01-28	0.004208	0.048632	0.056836000000000005	0.032407	0.230804	15497900.0
2016-01-27	-0.000701	0.039881	0.061561000000000005	0.030407999999999998	-0.038471	20560000.0
2016-01-26	0.025512	0.043431	0.067719	0.042684	1.36554	17535700.0
2016-01-25	-0.022650999999999998	0.031299	0.038055	0.015231	-1.240521	21114400.0
2016-01-22	0.030769	0.062278999999999994	0.07583	0.059644	1.6348040000000001	22732200.0
2016-01-21	-0.004684000000000001	0.04419	0.058802	0.031451	-0.25003400000000003	31301100.0
2016-01-20	-0.026311	0.014709999999999999	0.024742	-0.002983	-1.442475	34646100.0
2016-01-19	-0.000526	0.052461	0.056836000000000005	0.030219	-0.028843	22818900.0
2016-01-15	-0.019931	0.008612999999999999	0.028625	0.004504	-1.115516	37573000.0
2016-01-14	0.014998	0.054751999999999995	0.076878	0.038975	0.8270219999999999	31296300.0
2016-01-13	-0.027476	0.0487	0.052579999999999995	0.003725	-1.557872	28808100.0
2016-01-12	0.00221	0.050841000000000004	0.052785000000000006	0.026978	0.12501900000000002	22971600.0
2016-01-11	-0.0015279999999999998	0.038293	0.045176	0.02435	-0.086552	20925500.0
2016-01-08	-0.022399000000000002	0.054720000000000005	0.057135000000000005	0.015381	-1.298229	22373300.0
2016-01-07	-0.040438999999999996	0.017531	0.026470999999999998	-0.0053159999999999995	-2.442589	27630900.0
2016-01-06	-0.014436000000000001	0.023400999999999998	0.030091000000000003	0.017200999999999998	-0.8847079999999999	22961500.0
2016-01-05	0.0017289999999999999	0.041188999999999996	0.048217	0.030400999999999997	0.105781	16566700.0
2016-01-04	-0.030035000000000003	0.013880000000000002	0.015624	-0.001023	-1.8944509999999999	25393200.0
2015-12-31	-0.008409999999999999	0.040569	0.049844	0.037582	-0.534935	14490200.0
2015-12-30	-0.007156999999999999	0.046389	0.046544999999999996	0.03718	-0.458504	7190700.0
2015-12-29	0.010395	0.054112	0.061366	0.052535000000000005	0.659107	9820800.0
2015-12-28	-0.003303	0.041984	0.044499000000000004	0.032868	-0.21016300000000002	6610600.0
2015-12-24	-0.001948	0.045132	0.049367	0.040425	-0.124176	4468200.0
2015-12-23	0.015987	0.05387	0.065506	0.052754999999999996	1.00301	12524500.0
2015-12-22	0.002136	0.052926999999999995	0.054204999999999996	0.037913	0.133732	12149500.0
2015-12-21	0.017702000000000002	0.056936	0.065714	0.053847000000000006	1.0889659999999999	18869300.0
2015-12-18	-0.028364	0.041961	0.041961	0.017164	-1.795841	23819600.0
2015-12-17	-0.01851	0.052592999999999994	0.054143	0.024378999999999998	-1.194042	18122100.0
2015-12-16	0.021634	0.059686	0.07283099999999999	0.043848000000000005	1.3659860000000001	21720000.0
2015-12-15	0.028474	0.059888	0.085624	0.059888	1.7480849999999999	18126600.0
2015-12-14	0.0031219999999999998	0.049472	0.058130999999999995	0.039178	0.191047	17638200.0
2015-12-11	-0.023472	0.033933	0.039677	0.01335	-1.471065	17889300.0
2015-12-10	0.002291	0.048137	0.063489	0.040780000000000004	0.143284	12807800.0
2015-12-09	-0.00758	0.041302	0.056697000000000004	0.032256	-0.47762299999999996	16770200.0
2015-12-08	-0.015522	0.035139	0.046232	0.026545	-0.9934430000000001	13084500.0
2015-12-07	-0.01311	0.043311	0.044698	0.023882	-0.850174	11686000.0
2015-12-04	0.031763	0.051629999999999995	0.081859	0.050517	1.996464	17786000.0
2015-12-03	-0.012902	0.049527	0.05266799999999999	0.029896	-0.821533	14626900.0
2015-12-02	-0.014051	0.050263999999999996	0.051038	0.029361	-0.907452	13440900.0
2015-12-01	0.013947	0.057219000000000006	0.064912	0.051724	0.8883629999999999	12708800.0
2015-11-30	-0.007295	0.048570999999999996	0.052312	0.03922	-0.468075	15147500.0
2015-11-27	0.004637	0.049049	0.05421599999999999	0.043413	0.296139	4052500.0
2015-11-25	0.001198	0.049208999999999996	0.052187	0.043252	0.076412	7772000.0
2015-11-24	-0.001495	0.035744	0.050927	0.033708999999999996	-0.09552000000000001	10910000.0
2015-11-23	-0.009772	0.043292000000000004	0.047477	0.035077	-0.630462	11339000.0
2015-11-20	-0.0017739999999999998	0.051963	0.05382000000000001	0.042525	-0.114632	11209600.0
2015-11-19	0.003114	0.048875	0.0526	0.040494	0.20061500000000002	12839500.0
2015-11-18	0.019961000000000003	0.052398	0.069336	0.050657	1.2609059999999999	12911400.0
2015-11-17	-0.005713	0.049375999999999996	0.050477	0.037098	-0.36299499999999996	12354800.0
2015-11-16	0.014491	0.045261	0.063145	0.04063	0.907486	11041100.0
2015-11-13	-0.006667	0.044319	0.049554	0.034644	-0.420311	11837000.0
2015-11-12	-0.020045	0.039241000000000005	0.039863	0.025096	-1.289574	13576900.0
2015-11-11	-0.004876	0.053354	0.054436	0.040206	-0.315231	8513900.0
2015-11-10	0.004303	0.04375	0.054002999999999995	0.039711	0.277016	13239700.0
2015-11-09	-0.01563	0.050526999999999996	0.050832999999999996	0.025755	-1.022103	17143800.0
2015-11-06	0.030402999999999996	0.077267	0.087666	0.073013	1.929589	23262700.0
2015-11-05	0.00896	0.045903	0.059892999999999995	0.045267	0.563587	12715900.0
2015-11-04	0.001064	0.050518	0.052746	0.044469999999999996	0.066871	11388400.0
2015-11-03	0.003662	0.042864	0.055802	0.040947000000000004	0.22926	11519500.0
2015-11-02	0.020078	0.050116	0.071298	0.049138	1.2322620000000002	15253300.0
2015-10-30	-0.014722	0.048302	0.048944	0.029519	-0.9170379999999999	15731400.0
2015-10-29	-0.004427	0.043022000000000005	0.052132000000000005	0.036948	-0.277016	12753700.0
2015-10-28	0.029227	0.047844	0.081402	0.04768	1.776745	17962000.0
2015-10-27	-0.004069	0.040796	0.046202	0.037191	-0.24836399999999997	8831900.0
2015-10-26	0.00047000000000000004	0.046366000000000004	0.048824	0.039318	0.02866	13880200.0
2015-10-23	0.010761	0.054147	0.063424	0.051993	0.649567	16985200.0
2015-10-22	0.018208000000000002	0.05293	0.072497	0.05293	1.079418	15295700.0
2015-10-21	-0.007358	0.052885	0.054225	0.038987	-0.43941499999999994	12113400.0
2015-10-20	0.004822	0.049213	0.056951999999999996	0.044502	0.286571	11487700.0
2015-10-19	-0.0033640000000000002	0.039647	0.052559	0.038138	-0.200595	14510400.0
2015-10-16	0.008725	0.055991	0.059712	0.05024	0.5158229999999999	17456600.0
2015-10-15	0.031672000000000006	0.055233000000000004	0.081235	0.048777	1.814957	18147900.0
2015-10-14	-0.025345	0.033421	0.036993	0.012671	-1.4901659999999999	28989400.0
2015-10-13	-0.002754	0.041260000000000005	0.05432000000000001	0.039902999999999994	-0.162396	15621900.0
2015-10-12	-0.0033909999999999995	0.045336	0.048208999999999995	0.037898	-0.200603	10857400.0
2015-10-09	-0.0032189999999999996	0.051238	0.053934	0.03759	-0.191044	12112000.0
2015-10-08	0.0	0.042138999999999996	0.048879	0.035063	0.0	13964600.0
2015-10-07	0.001289	0.055292999999999995	0.063391	0.041964999999999995	0.076416	12773100.0
2015-10-06	0.000484	0.048376	0.052596000000000004	0.040105	0.028656	12134800.0
2015-10-05	0.019898	0.05426	0.071475	0.053915	1.155842	13471100.0
2015-10-02	-0.002788	0.022994999999999998	0.044797000000000003	0.004797999999999999	-0.162392	20435100.0
2015-10-01	0.007381	0.05700499999999999	0.069975	0.046974	0.426777	16863200.0
2015-09-30	0.018884	0.069564	0.074851	0.059168	1.07169	18743800.0
2015-09-29	-0.002334	0.054411	0.057048	0.032437	-0.132775	19334900.0
2015-09-28	-0.024239	0.044976999999999996	0.04652	0.023878	-1.413108	17452200.0
2015-09-25	0.020756999999999998	0.072796	0.083126	0.06579199999999999	1.1854930000000001	18384300.0
2015-09-24	-0.006926000000000001	0.043456	0.04989	0.033893	-0.398327	17293400.0
2015-09-23	-0.0044329999999999994	0.052507000000000005	0.058566	0.044197	-0.256065	11712200.0
2015-09-22	-0.008787999999999999	0.039826	0.048234	0.036737	-0.512135	14811900.0
2015-09-21	0.008369	0.064446	0.07119400000000001	0.056833	0.48368500000000003	13136400.0
2015-09-18	-0.027295	0.04061	0.04061	0.022938	-1.621761	31008000.0
2015-09-17	-0.02323	0.054411	0.06262999999999999	0.025642	-1.4131129999999998	21249200.0
2015-09-16	0.008808	0.059552	0.06618500000000001	0.048275	0.531097	12235900.0
2015-09-15	0.019237	0.060834000000000006	0.079934	0.056608000000000006	1.138085	14023500.0
2015-09-14	-0.002877	0.055759	0.056602	0.046995	-0.170716	10202800.0
2015-09-11	-0.001596	0.049699	0.054411	0.043136	-0.094837	12766700.0
2015-09-10	0.00772	0.048984	0.068316	0.042032	0.45523100000000005	15751100.0
2015-09-09	-0.015516	0.067432	0.07411000000000001	0.035046	-0.929424	13889500.0
2015-09-08	0.026992000000000002	0.076185	0.083557	0.068641	1.574333	13385100.0
2015-09-04	-0.018826	0.039606999999999996	0.041625999999999996	0.021943999999999998	-1.11911	20189000.0
2015-09-03	0.0017579999999999998	0.059635	0.072779	0.052389	0.104324	17065400.0
2015-09-02	0.018226	0.074487	0.079463	0.055955	1.062206	17757900.0
2015-09-01	-0.041342000000000004	0.033849000000000004	0.033849000000000004	0.0032530000000000002	-2.513252	23637300.0
2015-08-31	-0.000468	0.045861	0.058027999999999996	0.043559	-0.02845	14223400.0
2015-08-28	-0.0054280000000000005	0.051303999999999995	0.054084	0.040021	-0.33194	16687300.0
2015-08-27	0.024956	0.072345	0.084915	0.058266	1.488983	29045700.0
2015-08-26	0.050075	0.087675	0.10844300000000001	0.065675	2.845192	33576800.0
2015-08-25	-0.005643	0.10428699999999999	0.10813800000000001	0.045311000000000004	-0.322456	31772500.0
2015-08-24	-0.052673000000000005	-0.017044	0.043137	-0.1699	-3.1771279999999997	36339100.0
2015-08-21	-0.035487	0.040819	0.046416000000000006	0.016513999999999997	-2.219246	28235500.0
2015-08-20	-0.024556	0.042089	0.045676	0.028519	-1.574344	20972300.0
2015-08-19	-0.008943000000000001	0.050082999999999996	0.05595700000000001	0.041270999999999995	-0.578522	15166900.0
2015-08-18	0.0020570000000000002	0.053016999999999995	0.058903	0.050848000000000004	0.13278199999999998	10617500.0
2015-08-17	0.002651	0.050218	0.059847000000000004	0.046801	0.170708	10326500.0
2015-08-14	0.005033	0.052381	0.06002999999999999	0.052069000000000004	0.322441	11248800.0
2015-08-13	0.00461	0.054568	0.063192	0.050177	0.29401	11930600.0
2015-08-12	-0.014509999999999999	0.041739	0.043902	0.021031	-0.9389149999999999	21069000.0
2015-08-11	-0.00958	0.044308999999999994	0.046911	0.038493	-0.625939	14800300.0
2015-08-10	0.012343999999999999	0.057045000000000005	0.069286	0.057045000000000005	0.796654	12661400.0
2015-08-07	-0.00293	0.055647	0.061980999999999994	0.043595999999999996	-0.189682	11453300.0
2015-08-06	-0.006984000000000001	0.054717999999999996	0.057633000000000004	0.043212	-0.45522299999999993	10803400.0
2015-08-05	0.003944	0.063498	0.06919700000000001	0.055951	0.256073	11302900.0
2015-08-04	-0.001021	0.053488	0.060873000000000003	0.051026	-0.06639099999999999	10964000.0
2015-08-03	0.0	0.055334	0.059181	0.046256	0.0	9980600.0
2015-07-31	-0.007387	0.053952999999999994	0.054411	0.044636	-0.483696	11911800.0
2015-07-30	0.001451	0.054258	0.062211	0.048293	0.094856	10197200.0
2015-07-29	0.013078	0.05859400000000001	0.07067999999999999	0.056115	0.8440629999999999	13059200.0
2015-07-28	0.000588	0.062783	0.063558	0.05069	0.037933	14932400.0
2015-07-27	-0.013059999999999999	0.042782	0.043852999999999996	0.033907	-0.8535530000000001	16801600.0
2015-07-24	-0.010482	0.051383000000000005	0.0532	0.039876	-0.692322	12413900.0
2015-07-23	-0.006279	0.056066	0.062385	0.045082	-0.41730500000000004	14331800.0
2015-07-22	0.014183000000000001	0.05715800000000001	0.07256900000000001	0.055937	0.929443	15493000.0
2015-07-21	-0.00231	0.052888	0.058674000000000004	0.048473	-0.151756	11659900.0
2015-07-20	0.000723	0.058829	0.062942	0.053953999999999995	0.047424	11512900.0
2015-07-17	-0.005032	0.051227999999999996	0.05335	0.04471	-0.331932	14040700.0
2015-07-16	0.005347	0.061116	0.065993	0.057763999999999996	0.35089899999999996	18035700.0
2015-07-15	0.002173	0.057313	0.060367	0.051509000000000006	0.14225	16891600.0
2015-07-14	0.013952	0.052707000000000004	0.070051	0.049301	0.9009860000000001	20185100.0
2015-07-13	0.015511000000000002	0.06762	0.071552	0.064318	0.986332	16175600.0
2015-07-10	0.014218999999999999	0.072115	0.074985	0.06589400000000001	0.891491	12356100.0
2015-07-09	0.010393000000000001	0.071493	0.074877	0.063435	0.644912	14915200.0
2015-07-08	-0.020509	0.041783	0.044308999999999994	0.029313	-1.299309	17707200.0
2015-07-07	-0.007871	0.050651999999999996	0.052688	0.022619999999999998	-0.5026390000000001	22421500.0
2015-07-06	-0.002814	0.044417	0.053474	0.039106999999999996	-0.18019100000000002	13527100.0
2015-07-02	-0.00808	0.052552	0.05534	0.040780000000000004	-0.521622	12822900.0
2015-07-01	0.011141	0.066941	0.07117000000000001	0.061616	0.711296	13964400.0
2015-06-30	0.008333	0.0722	0.075674	0.060671	0.5276569999999999	20677400.0
2015-06-29	-0.025381	0.041754	0.050682	0.03375	-1.6489340000000001	19934400.0
2015-06-26	0.004370000000000001	0.065786	0.071197	0.063158	0.28268499999999996	14489200.0
2015-06-25	-0.005361	0.065916	0.068222	0.055459	-0.34862600000000005	13314300.0
2015-06-24	-0.010466	0.057651	0.061607	0.048520999999999995	-0.687843	16995000.0
2015-06-23	0.011456000000000001	0.067304	0.074538	0.064842	0.744362	15736900.0
2015-06-22	0.012925999999999998	0.07361799999999999	0.080165	0.071747	0.8291780000000001	14306700.0
2015-06-19	-0.010177	0.056365	0.059605	0.048032	-0.659561	21606400.0
2015-06-18	0.009392	0.064573	0.071894	0.057564	0.6030270000000001	16759600.0
2015-06-17	-0.0033640000000000002	0.061923	0.06611399999999999	0.056179999999999994	-0.216721	14521900.0
2015-06-16	0.005589	0.057867999999999996	0.069575	0.055527	0.358055	11692800.0
2015-06-15	-0.0038090000000000003	0.050884	0.06068	0.04653	-0.244979	14082300.0
2015-06-12	-0.00394	0.05805	0.061612	0.051235	-0.25440300000000005	11804700.0
2015-06-11	0.0038090000000000003	0.06285700000000001	0.067833	0.059592	0.24498000000000003	13739900.0
2015-06-10	0.016076	0.06777899999999999	0.08215499999999999	0.065884	1.017609	17478900.0
2015-06-09	0.004336	0.062254	0.067332	0.054638	0.273254	13263500.0
2015-06-08	-0.007861	0.06193200000000001	0.063349	0.0517	-0.499378	14558700.0
2015-06-05	0.016433	0.077943	0.085463	0.072183	1.027031	20801100.0
2015-06-04	-0.005547	0.055097	0.066872	0.050324	-0.348614	13863300.0
2015-06-03	0.0103	0.067893	0.07914600000000001	0.065321	0.640713	12832500.0
2015-06-02	-0.000908	0.057287	0.06628099999999999	0.053272	-0.056538	12784200.0
2015-06-01	0.004561	0.06469	0.0755	0.064368	0.282666	11899300.0
2015-05-29	-0.006344	0.06098200000000001	0.061623000000000004	0.047836000000000004	-0.395733	14310700.0
2015-05-28	-0.004062	0.059546	0.060185	0.049647000000000004	-0.254406	11797400.0
2015-05-27	0.011258	0.064854	0.076157	0.06275599999999999	0.697254	10963700.0
2015-05-26	-0.011133	0.056991	0.058427999999999994	0.042781	-0.697254	15571300.0
2015-05-22	-0.0027010000000000003	0.060984000000000003	0.064169	0.056048	-0.169594	9296900.0
2015-05-21	0.0025570000000000002	0.055874	0.06449500000000001	0.053799	0.16016	12934500.0
2015-05-20	-0.007909000000000001	0.060351999999999996	0.06161900000000001	0.051641	-0.499374	12446000.0
2015-05-19	0.008883	0.06689500000000001	0.07360599999999999	0.063699	0.555923	14282700.0
2015-05-18	0.008197	0.060014	0.071935	0.060014	0.5088159999999999	10510900.0
2015-05-15	-0.002574	0.062588	0.06307	0.051501	-0.160183	11152100.0
2015-05-14	0.008089	0.066324	0.071993	0.06437999999999999	0.49938599999999994	11855500.0
2015-05-13	0.002448	0.062277	0.06568600000000001	0.056430999999999995	0.150749	11874100.0
2015-05-12	-0.001375	0.05903200000000001	0.062762	0.050114	-0.084801	12762200.0
2015-05-11	-0.000611	0.057575	0.063733	0.054658000000000005	-0.037681	13798800.0
2015-05-08	0.015349000000000002	0.069036	0.080225	0.062948	0.9328110000000001	16802600.0
2015-05-07	0.009073999999999999	0.057152	0.07259299999999999	0.050178	0.546505	15039900.0
2015-05-06	-0.0074540000000000006	0.063445	0.072344	0.045152	-0.45228199999999996	18087900.0
2015-05-05	-0.004944	0.057859	0.071141	0.054251	-0.301521	17692400.0
2015-05-04	0.01745	0.062470000000000005	0.082325	0.061803	1.045891	14972500.0
2015-05-01	0.005533	0.06868400000000001	0.071536	0.062477	0.329777	11640100.0
2015-04-30	-0.005346	0.060969	0.065975	0.049955	-0.320362	16840900.0
2015-04-29	0.013385	0.057920000000000006	0.080411	0.056228999999999994	0.791492	17601200.0
2015-04-28	0.006737000000000001	0.063856	0.06879299999999999	0.051598000000000005	0.395733	12307800.0
2015-04-27	-0.0041530000000000004	0.062998	0.070627	0.056386	-0.24498000000000003	11146400.0
2015-04-24	-0.0031850000000000003	0.058429999999999996	0.061978	0.05352899999999999	-0.188442	9597500.0
2015-04-23	-0.002224	0.058773	0.065855	0.05556900000000001	-0.13192	12851300.0
2015-04-22	0.010111	0.067093	0.07561	0.05653300000000001	0.593605	14484700.0
2015-04-21	-0.014706	0.062813	0.067344	0.042674000000000004	-0.876274	14985100.0
2015-04-20	0.006365	0.06772	0.072787	0.06636900000000001	0.376896	12755300.0
2015-04-17	-0.015201	0.051988	0.054483000000000004	0.039348	-0.9139709999999999	20221200.0
2015-04-16	-0.006229999999999999	0.059154	0.062294	0.052212	-0.3769	16640500.0
2015-04-15	0.01856	0.061975999999999996	0.08554500000000001	0.060797000000000004	1.1024129999999999	28732200.0
2015-04-14	0.015628	0.07652	0.087634	0.072758	0.913983	33775400.0
2015-04-13	0.005997	0.060270000000000004	0.071107	0.057862000000000004	0.348621	15468700.0
2015-04-10	0.003742	0.05923	0.06665499999999999	0.056641	0.21671700000000002	9869700.0
2015-04-09	0.00688	0.065127	0.070516	0.057477999999999994	0.395737	11728500.0
2015-04-08	0.0032869999999999996	0.064965	0.073686	0.062872	0.188453	11734000.0
2015-04-07	0.0062840000000000005	0.073237	0.07937999999999999	0.067972	0.35804400000000003	11505500.0
2015-04-06	-0.000826	0.05078	0.065336	0.046046	-0.047112	12025200.0
2015-04-02	0.009507999999999999	0.063427	0.07458	0.062188	0.537083	12697800.0
2015-04-01	-0.003822	0.065358	0.06817999999999999	0.053366	-0.21672399999999997	18100600.0
2015-03-31	-0.006233	0.06415	0.068006	0.058892999999999994	-0.355679	17346700.0
2015-03-30	0.023678	0.092217	0.102623	0.08737400000000001	1.3197860000000001	20656500.0
2015-03-27	0.000168	0.06746	0.072663	0.058667	0.009362	11755800.0
2015-03-26	-0.001174	0.06566799999999999	0.07158300000000001	0.055094000000000004	-0.06552899999999999	14039600.0
2015-03-25	-0.014059	0.069594	0.071537	0.052983	-0.795609	14950900.0
2015-03-24	-0.011122	0.065386	0.070104	0.0563	-0.636494	12128700.0
2015-03-23	-0.009879	0.068357	0.07406599999999999	0.05745700000000001	-0.570972	15112900.0
2015-03-20	0.008987	0.070451	0.08406799999999999	0.067484	0.5148159999999999	18368300.0
2015-03-19	-0.008907	0.065242	0.066626	0.051227999999999996	-0.5148159999999999	11523800.0
2015-03-18	0.0022719999999999997	0.064542	0.075986	0.059338999999999996	0.13104200000000002	15697900.0
2015-03-17	-0.0038799999999999998	0.059547	0.065075	0.052292	-0.22464699999999999	11718300.0
2015-03-16	0.013934	0.077114	0.084469	0.07273500000000001	0.795616	15182900.0
2015-03-13	-0.006029	0.068879	0.076887	0.051993	-0.346317	16506200.0
2015-03-12	0.018758	0.075628	0.089816	0.075628	1.057693	18159600.0
2015-03-11	0.0046700000000000005	0.071386	0.080651	0.068357	0.262085	13015600.0
2015-03-10	-0.025041	0.055501999999999996	0.059845	0.041604	-1.441459	16357700.0
2015-03-09	0.010018	0.067479	0.08134	0.066777	0.570964	13001500.0
2015-03-06	-0.017903	0.071114	0.083348	0.047679	-1.038982	22719200.0
2015-03-05	-0.002092	0.06956	0.070076	0.059243	-0.12168499999999999	10931300.0
2015-03-04	0.002582	0.062667	0.07180399999999999	0.057668	0.149765	16625500.0
2015-03-03	0.0032380000000000004	0.06628099999999999	0.072162	0.063687	0.187202	13706900.0
2015-03-02	0.007996	0.068357	0.077945	0.063998	0.458653	13047300.0
2015-02-27	-0.004872	0.06055	0.074255	0.06055	-0.280804	15225900.0
2015-02-26	0.007197	0.066434	0.07814199999999999	0.064338	0.411846	15444800.0
2015-02-25	0.005261	0.067302	0.076261	0.06712699999999999	0.299519	18307900.0
2015-02-24	0.024768000000000002	0.08455700000000001	0.102558	0.081497	1.3759540000000001	22937700.0
2015-02-23	-0.007525	0.062997	0.063533	0.050491	-0.42120799999999997	16814000.0
2015-02-20	0.009623	0.063486	0.080261	0.052484	0.533528	15379000.0
2015-02-19	-0.002358	0.064398	0.070336	0.058099	-0.131047	11256500.0
2015-02-18	-0.012145999999999999	0.068357	0.068357	0.050936	-0.683281	14278100.0
2015-02-17	0.007206000000000001	0.062806	0.076772	0.06209	0.402481	15308800.0
2015-02-13	0.001679	0.066384	0.080014	0.06423200000000001	0.093602	16479100.0
2015-02-12	0.020558	0.078606	0.09288300000000001	0.07165099999999999	1.123218	23211300.0
2015-02-11	-0.001539	0.061047000000000004	0.072012	0.057026	-0.084232	13061900.0
2015-02-10	0.011068999999999999	0.079443	0.084801	0.07260599999999999	0.5990409999999999	16367300.0
2015-02-09	-0.001209	0.05968300000000001	0.072232	0.056176	-0.065514	14372400.0
2015-02-06	0.019729	0.086799	0.105242	0.082847	1.0483360000000002	25214000.0
2015-02-05	0.006917	0.077452	0.080863	0.069873	0.365048	11293900.0
2015-02-04	-0.005994	0.060822	0.074949	0.060069000000000004	-0.318249	14934100.0
2015-02-03	0.022535	0.076831	0.093587	0.076061	1.170021	18812500.0
2015-02-02	0.020044	0.07130299999999999	0.093307	0.066195	1.020256	20308900.0
2015-01-30	-0.023171999999999998	0.055307	0.065094	0.043407999999999995	-1.207462	26943700.0
2015-01-29	0.016804	0.078503	0.090602	0.066991	0.861137	20393300.0
2015-01-28	-0.025800999999999998	0.07634099999999999	0.077481	0.040792	-1.357227	24354400.0
2015-01-27	-0.01004	0.054807	0.065346	0.049349000000000004	-0.533524	15220500.0
2015-01-26	0.001588	0.06326699999999999	0.0742	0.059309	0.08424	12577700.0
2015-01-23	-0.015801	0.070768	0.073551	0.051104000000000004	-0.851776	15458300.0
2015-01-22	0.030417000000000003	0.077723	0.103529	0.06969500000000001	1.591229	31423500.0
2015-01-21	0.0032310000000000004	0.06337000000000001	0.081972	0.058384000000000005	0.16848	21842400.0
2015-01-20	-0.003933	0.070458	0.07714299999999999	0.058615	-0.20592199999999997	23477700.0
2015-01-16	0.017093999999999998	0.06194500000000001	0.087979	0.06155700000000001	0.8798600000000001	29368900.0
2015-01-15	-0.032037	0.048046	0.064595	0.024915	-1.703556	42458100.0
2015-01-14	-0.0345	0.068357	0.068357	0.003536	-1.9001119999999998	49394500.0
2015-01-13	0.00016999999999999999	0.076165	0.084156	0.060002999999999994	0.009358	21644700.0
2015-01-12	-0.008594	0.067276	0.069437	0.049092000000000004	-0.477364	15455200.0
2015-01-09	-0.017387	0.07419500000000001	0.075433	0.048897	-0.982822	15396200.0
2015-01-08	0.022346	0.084634	0.101454	0.084634	1.235542	16971100.0
2015-01-07	0.001526	0.08484	0.08484	0.06274099999999999	0.084247	23843200.0
2015-01-06	-0.025929	0.069944	0.071885	0.029539	-1.469554	29074100.0
2015-01-05	-0.031045	0.061005	0.06476599999999999	0.029719	-1.8158729999999998	20100600.0
2015-01-02	0.004986	0.068357	0.081758	0.066467	0.290169	12600000.0
2014-12-31	-0.009026000000000001	0.077783	0.08101799999999999	0.065524	-0.530121	18529400.0
2014-12-30	0.003018	0.071131	0.080694	0.068569	0.176708	7518100.0
2014-12-29	0.006555	0.072995	0.088809	0.07007200000000001	0.381318	10601200.0
2014-12-26	0.00112	0.078499	0.082285	0.074025	0.06510099999999999	6086500.0
2014-12-24	0.0	0.079704	0.081941	0.071615	0.0	7412500.0
2014-12-23	0.008718	0.077139	0.093109	0.075056	0.50222	13552600.0
2014-12-22	0.000161	0.079223	0.082174	0.069673	0.009297	17073400.0
2014-12-19	0.007319	0.07382999999999999	0.090445	0.073305	0.41851800000000006	22756400.0
2014-12-18	0.028610000000000003	0.09087999999999999	0.105991	0.087282	1.590355	18173400.0
2014-12-17	0.022933000000000002	0.077805	0.100992	0.073573	1.246242	17856400.0
2014-12-16	-0.012339	0.061779999999999995	0.087952	0.056146	-0.67892	20709700.0
2014-12-15	-0.014657	0.087765	0.089019	0.052842999999999994	-0.81844	19209900.0
2014-12-12	-0.017991	0.064502	0.076636	0.054477	-1.0230219999999999	17405400.0
2014-12-11	0.007581	0.083912	0.09968300000000001	0.082849	0.42781499999999995	16886200.0
2014-12-10	-0.028343	0.070236	0.071614	0.039417	-1.646168	29620600.0
2014-12-09	-0.00351	0.06116	0.078317	0.056185	-0.204605	19676400.0
2014-12-08	-0.000479	0.073514	0.083118	0.06768400000000001	-0.027904	15528200.0
2014-12-05	0.021505	0.086265	0.10465899999999999	0.083988	1.227645	20071100.0
2014-12-04	-0.0026	0.06754199999999999	0.075753	0.062999	-0.148803	11515200.0
2014-12-03	0.007531	0.073117	0.084735	0.070476	0.427814	12115500.0
2014-12-02	0.018	0.075409	0.096555	0.07522899999999999	1.0044440000000001	12546600.0
2014-12-01	-0.00266	0.072012	0.076123	0.064327	-0.148811	12771600.0
2014-11-28	-0.002983	0.076298	0.07915	0.06970499999999999	-0.167408	6759600.0
2014-11-26	0.000663	0.080044	0.080044	0.073446	0.037205	7626600.0
2014-11-25	-0.010827	0.07875700000000001	0.07875700000000001	0.057415	-0.613827	14802600.0
2014-11-24	0.008437	0.079676	0.090526	0.079676	0.47431599999999996	8335000.0
2014-11-21	0.005489	0.09222000000000001	0.09222000000000001	0.078448	0.306915	12340500.0
2014-11-20	-0.007921	0.068132	0.06901900000000001	0.060148	-0.446407	10917300.0
2014-11-19	0.0011560000000000001	0.073808	0.079848	0.068479	0.065097	9210100.0
2014-11-18	0.002484	0.07469500000000001	0.083065	0.072024	0.139496	8897800.0
2014-11-17	0.0016589999999999999	0.070235	0.079688	0.068273	0.09300599999999999	9017600.0
2014-11-14	0.0008300000000000001	0.075586	0.082191	0.074337	0.046501	6803400.0
2014-11-13	-0.005449	0.074164	0.076472	0.065109	-0.306911	12240400.0
2014-11-12	-0.013199	0.058585000000000005	0.065943	0.05525599999999999	-0.753323	17219600.0
2014-11-11	-0.009042	0.07141	0.074535	0.064118	-0.52082	12539800.0
2014-11-10	0.007483	0.071381	0.083276	0.070506	0.427814	10801000.0
2014-11-07	0.00392	0.07242	0.080849	0.068732	0.22321300000000002	12384600.0
2014-11-06	0.001308	0.07399800000000001	0.078043	0.066086	0.074395	10421600.0
2014-11-05	0.014938	0.08504500000000001	0.092718	0.07772799999999999	0.8370360000000001	14063800.0
2014-11-04	-0.010348	0.063926	0.066222	0.049443	-0.5859260000000001	15295800.0
2014-11-03	0.006614	0.080741	0.087141	0.07309600000000001	0.372021	11841200.0
2014-10-31	0.018353	0.088446	0.09605	0.08392000000000001	1.0137399999999999	18347600.0
2014-10-30	0.0016870000000000001	0.068882	0.082302	0.06851900000000001	0.092999	14709800.0
2014-10-29	-0.0057020000000000005	0.075049	0.077934	0.059542	-0.316216	16712100.0
2014-10-28	0.016883000000000002	0.079446	0.09448200000000001	0.078346	0.920734	13625000.0
2014-10-27	-0.001703	0.069921	0.076144	0.06626	-0.09301	11087100.0
2014-10-24	0.011712	0.07411799999999999	0.088563	0.07411799999999999	0.632428	13758000.0
2014-10-23	0.010618	0.087769	0.09675299999999999	0.0844	0.567325	12641900.0
2014-10-22	-0.008286	0.077271	0.081354	0.066135	-0.44641099999999995	13750700.0
2014-10-21	0.022956	0.086621	0.101431	0.083773	1.209042	14020400.0
2014-10-20	0.007651000000000001	0.07331599999999999	0.085752	0.072742	0.39991	10807600.0
2014-10-17	0.020334	0.087918	0.10841500000000001	0.08479500000000001	1.0416370000000001	20183500.0
2014-10-16	-0.008104	0.060126	0.08394299999999999	0.051025	-0.41851000000000005	31965100.0
2014-10-15	-0.042421	0.057244	0.063919	0.006069	-2.287884	37866900.0
2014-10-14	-0.0029230000000000003	0.048053	0.081885	0.036406	-0.158108	29096800.0
2014-10-13	-0.006152	0.074862	0.086805	0.067696	-0.334812	17169300.0
2014-10-10	-0.009479000000000001	0.07431900000000001	0.088697	0.064855	-0.520832	16689400.0
2014-10-09	-0.021854	0.07398300000000001	0.07398300000000001	0.048348	-1.227642	19189500.0
2014-10-08	0.019066	0.076862	0.096273	0.07359700000000001	1.050953	15834100.0
2014-10-07	-0.015121	0.07058400000000001	0.07058400000000001	0.057540999999999995	-0.8463370000000001	14542000.0
2014-10-06	-0.00199	0.083788	0.08414500000000001	0.06988	-0.11160199999999999	11578000.0
2014-10-03	0.024812999999999998	0.082721	0.103554	0.079067	1.357845	18321100.0
2014-10-02	-0.008927	0.071245	0.077403	0.061465	-0.492912	24559100.0
2014-10-01	-0.007802	0.082473	0.085349	0.073309	-0.434197	18995800.0
2014-09-30	-0.001492	0.083729	0.08983	0.078885	-0.08314099999999999	14384800.0
2014-09-29	-0.0037979999999999997	0.073	0.081401	0.067638	-0.212475	10686500.0
2014-09-26	0.006816	0.085713	0.095611	0.085533	0.378765	11948900.0
2014-09-25	-0.024013999999999997	0.080015	0.08019	0.056478999999999994	-1.367233	16340100.0
2014-09-24	0.011323	0.086737	0.094908	0.08389500000000001	0.637424	13728200.0
2014-09-23	0.000493	0.080874	0.091182	0.079986	0.027714	14328800.0
2014-09-22	-0.003273	0.079462	0.088496	0.07698200000000001	-0.18476900000000002	13225200.0
2014-09-19	-0.003425	0.089888	0.09183	0.076472	-0.193992	18739300.0
2014-09-18	0.016747	0.086602	0.102037	0.086602	0.9330440000000001	16973700.0
2014-09-17	0.005334	0.08175199999999999	0.0933	0.07940599999999999	0.295616	15091800.0
2014-09-16	0.000834	0.07832	0.08716900000000001	0.076695	0.046196	10947900.0
2014-09-15	-0.0014990000000000001	0.07796499999999999	0.08175199999999999	0.072015	-0.08314500000000001	10685600.0
2014-09-12	0.004518	0.08319800000000001	0.094248	0.08229299999999999	0.24943600000000002	14359100.0
2014-09-11	0.009118000000000001	0.081742	0.093806	0.077904	0.49884799999999996	11467000.0
2014-09-10	0.002709	0.084123	0.091638	0.079907	0.147808	9153800.0
2014-09-09	-0.013859	0.077774	0.078678	0.062411	-0.7667510000000001	14868700.0
2014-09-08	-0.000334	0.081209	0.088075	0.079402	-0.018482	8090000.0
2014-09-05	0.00335	0.080842	0.086099	0.07359	0.184765	9600900.0
2014-09-04	0.000167	0.081204	0.090452	0.077578	0.009235	9811900.0
2014-09-03	0.000503	0.088823	0.095172	0.078664	0.027722000000000004	11791800.0
2014-09-02	0.0037	0.082656	0.08720800000000001	0.077011	0.203232	8671100.0
2014-08-29	0.004902	0.085767	0.09143899999999999	0.083754	0.267906	8897900.0
2014-08-28	-0.007215999999999999	0.076297	0.078477	0.06830499999999999	-0.397244	9096100.0
2014-08-27	-0.0025109999999999998	0.084467	0.086279	0.078668	-0.138569	11410900.0
2014-08-26	0.006741	0.08666900000000001	0.093601	0.083386	0.369526	10281100.0
2014-08-25	0.014532	0.091542	0.10727300000000001	0.089321	0.785229	13996800.0
2014-08-22	-0.000171	0.081363	0.093206	0.079328	-0.009235	10228600.0
2014-08-21	0.01492	0.082849	0.10369500000000001	0.081722	0.7944829999999999	12745500.0
2014-08-20	0.00139	0.079841	0.08792699999999999	0.079277	0.073906	8121400.0
2014-08-19	0.005765999999999999	0.089472	0.09174199999999999	0.08455399999999999	0.304859	9040500.0
2014-08-18	0.008458	0.08457200000000001	0.095444	0.082664	0.443424	8881400.0
2014-08-15	-0.004037	0.087413	0.092352	0.071265	-0.21247800000000003	12727400.0
2014-08-14	0.004584	0.083428	0.08781699999999999	0.082092	0.240188	8275900.0
2014-08-13	0.006566	0.089005	0.091886	0.085547	0.341816	7012600.0
2014-08-12	0.000533	0.08074400000000001	0.086894	0.078822	0.027714	11289600.0
2014-08-11	-0.00035499999999999996	0.08631599999999999	0.087085	0.079207	-0.018475	9066800.0
2014-08-08	0.007691	0.082086	0.091186	0.07724600000000001	0.39724	12213200.0
2014-08-07	-0.005691	0.090174	0.091329	0.071886	-0.29562	11743800.0
2014-08-06	0.003032	0.079191	0.094638	0.078032	0.15704	12190600.0
2014-08-05	-0.010415	0.07827	0.081518	0.06241	-0.5450520000000001	16863300.0
2014-08-04	0.00301	0.090715	0.092056	0.07979	0.157059	13543900.0
2014-08-01	-0.020635	0.077218	0.079095	0.050564	-1.099331	23915400.0
2014-07-31	-0.021049000000000002	0.077696	0.078247	0.059504999999999995	-1.145538	15955900.0
2014-07-30	0.004605	0.089488	0.094288	0.08192	0.249439	11815700.0
2014-07-29	-0.009292	0.081376	0.081376	0.068757	-0.508099	13498800.0
2014-07-28	0.00305	0.081189	0.087059	0.076237	0.166283	12382800.0
2014-07-25	-0.002704	0.0779	0.084303	0.076436	-0.147812	10500600.0
2014-07-24	0.002881	0.083758	0.088895	0.08229	0.157055	9844100.0
2014-07-23	0.005625	0.084134	0.092068	0.079706	0.304859	11122100.0
2014-07-22	0.007383	0.085819	0.092882	0.08489	0.39723600000000003	10375200.0
2014-07-21	0.000172	0.080429	0.08582000000000001	0.076339	0.009231999999999999	9141400.0
2014-07-18	0.0063950000000000005	0.091267	0.094073	0.083222	0.34181500000000004	12803300.0
2014-07-17	-0.014478	0.079708	0.085239	0.064958	-0.7852399999999999	17013500.0
2014-07-16	0.007551	0.08693200000000001	0.095663	0.083217	0.406491	20507500.0
2014-07-15	0.035175	0.114396	0.128626	0.11074200000000001	1.829132	36178000.0
2014-07-14	0.008781	0.096635	0.102649	0.09023300000000001	0.452667	14004400.0
2014-07-11	0.004319	0.077213	0.089292	0.075265	0.221703	10230000.0
2014-07-10	-0.008211	0.063924	0.078416	0.061991	-0.424939	12436600.0
2014-07-09	0.0046630000000000005	0.084803	0.089462	0.079561	0.240181	10914300.0
2014-07-08	-0.016058000000000003	0.076361	0.078653	0.06260800000000001	-0.8406600000000001	18343400.0
2014-07-07	-0.006661	0.079438	0.081335	0.07014	-0.351044	13916100.0
2014-07-03	0.0014039999999999999	0.08741399999999999	0.095394	0.083044	0.073899	12599800.0
2014-07-02	-0.010422	0.076833	0.08078099999999999	0.068372	-0.554283	19189900.0
2014-07-01	0.006117	0.081149	0.09704	0.079825	0.323333	14472200.0
2014-06-30	0.001564	0.088335	0.094777	0.087199	0.082566	11549000.0
2014-06-27	0.002439	0.088901	0.095929	0.08719199999999999	0.128437	10178600.0
2014-06-26	-0.002434	0.08644099999999999	0.089283	0.07242	-0.128437	11854400.0
2014-06-25	0.001916	0.086244	0.096116	0.0796	0.100918	14836600.0
2014-06-24	-0.013233000000000002	0.084234	0.088729	0.073369	-0.7064020000000001	12322900.0
2014-06-23	0.011120999999999999	0.089851	0.10273099999999999	0.08416900000000001	0.5871390000000001	16007700.0
2014-06-20	0.0043630000000000006	0.09746	0.098982	0.09099199999999999	0.229343	17124800.0
2014-06-19	-0.008307	0.08834299999999999	0.08834299999999999	0.079287	-0.440357	11624400.0
2014-06-18	0.00627	0.087573	0.097444	0.081118	0.330277	13729400.0
2014-06-17	0.009670999999999999	0.088507	0.103841	0.086399	0.50457	11200500.0
2014-06-16	-0.0029809999999999997	0.08641	0.088321	0.076472	-0.155968	11199100.0
2014-06-13	0.0	0.089849	0.10207999999999999	0.086983	0.0	12040800.0
2014-06-12	-0.004016	0.086234	0.092896	0.082427	-0.210995	11670200.0
2014-06-11	-0.010881	0.082134	0.08797	0.07272100000000001	-0.577961	14232200.0
2014-06-10	0.00836	0.09099	0.099912	0.08947100000000001	0.440354	11609200.0
2014-06-09	0.007899	0.088893	0.103434	0.088701	0.412822	11999700.0
2014-06-06	0.006004	0.092543	0.099665	0.09042599999999999	0.311917	15399800.0
2014-06-05	0.017062	0.09454299999999999	0.109226	0.08632100000000001	0.871524	16803400.0
2014-06-04	0.001439	0.08847200000000001	0.092589	0.083179	0.073395	9727800.0
2014-06-03	0.004517	0.08492000000000001	0.09614600000000001	0.08492000000000001	0.22935100000000003	9131500.0
2014-06-02	-0.003959000000000001	0.09161	0.09161	0.079252	-0.201828	9440000.0
2014-05-30	-0.0026920000000000004	0.087302	0.093171	0.08202000000000001	-0.13761500000000002	11991900.0
2014-05-29	0.004869	0.095938	0.09928	0.088861	0.2477	11741000.0
2014-05-28	0.005622	0.08905199999999999	0.099134	0.087273	0.284393	11374900.0
2014-05-27	0.011187	0.094439	0.10803199999999999	0.093239	0.55962	14503700.0
2014-05-23	-0.000367	0.090041	0.09084	0.082247	-0.018356	10876500.0
2014-05-22	0.007945	0.091048	0.099708	0.088027	0.39448099999999997	11800900.0
2014-05-21	0.0074459999999999995	0.096737	0.107897	0.095316	0.36695900000000004	13210200.0
2014-05-20	-0.002043	0.087813	0.094293	0.081536	-0.10091	16888200.0
2014-05-19	0.009754	0.085338	0.102309	0.08492899999999999	0.47703900000000005	12068900.0
2014-05-16	-0.0037380000000000004	0.08820700000000001	0.090041	0.07904	-0.183475	19992400.0
2014-05-15	-0.015636	0.086832	0.086832	0.069788	-0.779786	19763000.0
2014-05-14	-0.00476	0.09043999999999999	0.091637	0.083655	-0.238517	10325800.0
2014-05-13	-0.000549	0.091836	0.09363099999999999	0.087049	-0.027535000000000004	12310700.0
2014-05-12	0.01185	0.095288	0.103966	0.09044400000000001	0.5871430000000001	12825500.0
2014-05-09	-0.006439	0.087233	0.089038	0.076405	-0.32109099999999996	12366500.0
2014-05-08	0.005736	0.093066	0.099721	0.090242	0.284398	16090800.0
2014-05-07	0.013311000000000002	0.094332	0.10597999999999999	0.087997	0.6513439999999999	18502600.0
2014-05-06	-0.01623	0.086422	0.086824	0.071947	-0.807312	25327400.0
2014-05-05	-0.024469	0.0567	0.07356599999999999	0.05317	-1.247662	25232300.0
2014-05-02	-0.002513	0.092193	0.102756	0.084563	-0.128433	15153800.0
2014-05-01	-0.004644	0.088872	0.09412999999999999	0.080694	-0.23852199999999998	12744600.0
2014-04-30	-0.002139	0.092761	0.094898	0.08265700000000001	-0.11008399999999999	14388100.0
2014-04-29	0.010993000000000001	0.09475499999999999	0.10614900000000001	0.091612	0.559605	13453400.0
2014-04-28	-0.0037700000000000003	0.088671	0.090041	0.070079	-0.192646	21394100.0
2014-04-25	-0.00872	0.092369	0.093144	0.079371	-0.449528	15937700.0
2014-04-24	0.0024980000000000002	0.09043	0.094125	0.081484	0.128433	15360600.0
2014-04-23	0.0043	0.08984500000000001	0.096095	0.085158	0.220173	11379000.0
2014-04-22	0.014174	0.090239	0.11083900000000001	0.088258	0.715572	16257600.0
2014-04-21	-0.0034409999999999996	0.09083	0.093791	0.0855	-0.174312	12384800.0
2014-04-17	-0.000724	0.091619	0.09615599999999999	0.085109	-0.036682	17955400.0
2014-04-16	0.008394	0.094019	0.100981	0.087853	0.422	27049400.0
2014-04-15	-0.002911	0.092619	0.103527	0.077942	-0.146789	26691400.0
2014-04-14	-0.006148	0.100882	0.102656	0.073877	-0.311913	31081500.0
2014-04-11	-0.036585	0.047882	0.064404	0.035918	-1.926536	47241300.0
2014-04-10	-0.031550999999999996	0.091512	0.09224700000000001	0.055281	-1.7155340000000001	29977200.0
2014-04-09	0.007137	0.094671	0.101154	0.08355800000000001	0.385315	15308400.0
2014-04-08	-0.002542	0.086346	0.09041	0.076184	-0.13760799999999998	16956500.0
2014-04-07	-0.013543000000000001	0.087854	0.093503	0.072362	-0.743099	18685700.0
2014-04-04	-0.014012	0.09651	0.097229	0.074587	-0.779782	16966900.0
2014-04-03	0.0029760000000000003	0.093105	0.095808	0.086436	0.165131	11925200.0
2014-04-02	0.003151	0.091487	0.098719	0.088413	0.174301	14012200.0
2014-04-01	-0.000659	0.101247	0.10739100000000001	0.090768	-0.036461	14584400.0
2014-03-31	0.011159	0.111344	0.11481500000000001	0.107142	0.610798	15216700.0
2014-03-28	0.002003	0.10222	0.109176	0.09251799999999999	0.10940899999999999	14708700.0
2014-03-27	0.000334	0.097643	0.10881400000000001	0.080796	0.018219	24632600.0
2014-03-26	-0.016905	0.10249200000000001	0.10537200000000001	0.078188	-0.938999	22745200.0
2014-03-25	-0.002292	0.09763	0.104275	0.087751	-0.12762	24053500.0
2014-03-24	0.014957	0.10055700000000001	0.115506	0.10019199999999999	0.820476	25810500.0
2014-03-21	0.000998	0.11242200000000001	0.116802	0.094904	0.054702999999999995	35144100.0
2014-03-20	0.031045999999999997	0.09804	0.13811600000000002	0.093713	1.650093	33736500.0
2014-03-19	0.0041340000000000005	0.095589	0.113348	0.093699	0.21879200000000001	21450700.0
2014-03-18	0.008336	0.101483	0.10795999999999999	0.097673	0.43759499999999996	12554800.0
2014-03-17	0.013732	0.10482899999999999	0.114292	0.101739	0.711083	13581400.0
2014-03-14	-0.010798	0.090989	0.099012	0.08162799999999999	-0.56522	18635800.0
2014-03-13	-0.008633	0.098426	0.10486500000000001	0.08308600000000001	-0.45583	17192500.0
2014-03-12	-0.00464	0.087674	0.092575	0.082396	-0.246139	17932100.0
2014-03-11	-0.017061	0.10098700000000001	0.101543	0.077085	-0.9207690000000001	19420000.0
2014-03-10	-0.003367	0.09211	0.098388	0.08712400000000001	-0.182339	16945200.0
2014-03-07	0.008489	0.10529200000000001	0.11367200000000001	0.100077	0.455838	18602200.0
2014-03-06	0.012723	0.10351199999999999	0.114451	0.101437	0.674613	19420600.0
2014-03-05	0.015718	0.101126	0.11664200000000001	0.098827	0.820492	17761500.0
2014-03-04	0.018680000000000002	0.11135199999999999	0.119353	0.10530199999999999	0.957241	17157000.0
2014-03-03	-0.010736	0.086872	0.089189	0.07509600000000001	-0.556118	19151000.0
2014-02-28	0.002293	0.09458899999999999	0.111616	0.09110599999999999	0.11851500000000001	18599000.0
2014-02-27	-0.001057	0.097491	0.099617	0.08512	-0.054699	16277500.0
2014-02-26	-0.00491	0.103451	0.10364300000000001	0.081332	-0.25526	23661700.0
2014-02-25	-0.017232	0.094454	0.095966	0.075929	-0.9116479999999999	17991800.0
2014-02-24	0.0072900000000000005	0.09710099999999999	0.10871600000000001	0.09634	0.382893	16151400.0
2014-02-21	0.000521	0.097102	0.101864	0.09291	0.027347000000000003	16790100.0
2014-02-20	0.005589	0.10208300000000001	0.11051199999999999	0.097103	0.291729	12457000.0
2014-02-19	-0.021029	0.094473	0.097849	0.073094	-1.12133	18669900.0
2014-02-18	0.005847	0.094459	0.10634300000000001	0.092195	0.30995900000000004	14983800.0
2014-02-14	0.002068	0.094265	0.10069199999999999	0.09161799999999999	0.109402	13067300.0
2014-02-13	0.008865999999999999	0.08832899999999999	0.107971	0.086232	0.46493199999999996	16605500.0
2014-02-12	0.001567	0.095192	0.102259	0.091754	0.082054	13437900.0
2014-02-11	0.012161	0.094398	0.11295699999999999	0.093818	0.6290319999999999	18774100.0
2014-02-10	0.00212	0.09981699999999999	0.10272300000000001	0.092455	0.109405	14715200.0
2014-02-07	0.002479	0.100213	0.105651	0.092638	0.127633	23388500.0
2014-02-06	0.023003	0.09969299999999999	0.12353399999999999	0.096712	1.157802	20881600.0
2014-02-05	0.004731	0.099905	0.106892	0.089525	0.237023	19491600.0
2014-02-04	0.011784000000000001	0.10519200000000001	0.117916	0.10276800000000001	0.583457	20709300.0
2014-02-03	-0.018966999999999998	0.099685	0.10800699999999999	0.07392699999999999	-0.957233	28549900.0
2014-01-31	-0.011428	0.087117	0.099066	0.080849	-0.58345	18174000.0
2014-01-30	0.008464	0.107578	0.113899	0.098886	0.42846300000000004	17031100.0
2014-01-29	-0.0037670000000000004	0.081561	0.099469	0.07939700000000001	-0.191441	25459000.0
2014-01-28	0.011798999999999999	0.10288399999999999	0.1218	0.099898	0.592579	18041000.0
2014-01-27	0.0	0.096712	0.11104800000000001	0.088947	0.0	23935000.0
2014-01-24	-0.024437999999999998	0.087781	0.094774	0.070105	-1.258083	26833100.0
2014-01-23	-0.019448	0.087387	0.087578	0.070626	-1.0210569999999999	26234600.0
2014-01-22	-0.009970999999999999	0.099928	0.099928	0.082768	-0.528744	15433500.0
2014-01-21	0.001032	0.09653300000000001	0.10314000000000001	0.086906	0.054691	19548300.0
2014-01-17	-0.014918	0.101002	0.101374	0.07906	-0.802254	20997900.0
2014-01-16	-0.008405	0.084004	0.102996	0.083082	-0.455825	21689400.0
2014-01-15	0.030307999999999998	0.096721	0.133196	0.096721	1.5953899999999999	35186600.0
2014-01-14	0.0006929999999999999	0.10831700000000001	0.11364	0.09425	0.036468	30272400.0
2014-01-13	-0.013507	0.097286	0.100287	0.078907	-0.7202029999999999	20711600.0
2014-01-10	-0.004595	0.095231	0.096911	0.08608400000000001	-0.246155	12694900.0
2014-01-09	-0.0018679999999999999	0.09896100000000001	0.099333	0.086849	-0.100273	13242500.0
2014-01-08	0.009431	0.101049	0.10800799999999999	0.096535	0.501412	14687400.0
2014-01-07	-0.011526	0.10230299999999999	0.104905	0.080364	-0.619927	17851200.0
2014-01-06	0.005796	0.106261	0.11205799999999999	0.10009	0.309967	17550700.0
2014-01-03	0.00773	0.09841799999999999	0.110855	0.096911	0.410229	14214100.0
2014-01-02	0.001893	0.100876	0.10446300000000001	0.094457	0.10029199999999999	15627600.0
2013-12-31	0.009146	0.108848	0.11551700000000001	0.10599000000000001	0.480026	11017400.0
2013-12-30	-0.003268	0.104085	0.106554	0.095919	-0.172085	8815800.0
2013-12-27	-0.001031	0.10351600000000001	0.106931	0.10142899999999999	-0.05434	8943700.0
2013-12-26	-0.000858	0.10598099999999999	0.10806600000000001	0.09783	-0.045284	6677000.0
2013-12-24	0.000171	0.10086200000000001	0.10503299999999999	0.10029400000000001	0.009045000000000001	4532600.0
2013-12-23	0.009359000000000001	0.109252	0.11728800000000002	0.105999	0.48909300000000006	13990600.0
2013-12-20	0.008213	0.103699	0.11894	0.103506	0.42569799999999997	22001700.0
2013-12-19	-0.000175	0.101385	0.109872	0.095984	-0.009059999999999999	16790000.0
2013-12-18	0.027279	0.10646300000000002	0.134798	0.09774400000000001	1.3767049999999998	27685900.0
2013-12-17	-0.012407	0.10878199999999999	0.10878199999999999	0.089213	-0.634007	18338500.0
2013-12-16	0.004451	0.107427	0.11922	0.10722999999999999	0.226429	26379200.0
2013-12-13	-0.002486	0.105262	0.10898699999999999	0.09879099999999999	-0.126796	11461300.0
2013-12-12	0.00428	0.103691	0.114521	0.100935	0.217369	15325300.0
2013-12-11	-0.011111	0.10097	0.105448	0.089676	-0.570607	17836100.0
2013-12-10	0.0033619999999999995	0.10369500000000001	0.115027	0.10095900000000001	0.172093	14543700.0
2013-12-09	0.008027	0.108418	0.11334200000000001	0.104676	0.407574	12714000.0
2013-12-06	0.0043	0.11892	0.122678	0.100129	0.217376	18661200.0
2013-12-05	-0.023955	0.094818	0.095398	0.076285	-1.240852	21324900.0
2013-12-04	0.005804	0.09593	0.11592999999999999	0.091464	0.29889299999999996	20287200.0
2013-12-03	-0.002106	0.102341	0.10873599999999999	0.087809	-0.108677	20426800.0
2013-12-02	-0.004195	0.10177	0.11431199999999998	0.097911	-0.21738400000000002	12465300.0
2013-11-29	-0.004523	0.10600599999999999	0.11119200000000001	0.098707	-0.23549299999999998	7128800.0
2013-11-27	0.005423	0.11200299999999999	0.11683199999999999	0.107175	0.280785	11238900.0
2013-11-26	-0.008326	0.103702	0.11002200000000001	0.09489199999999999	-0.434754	16263300.0
2013-11-25	0.003307	0.104854	0.117151	0.103125	0.17208900000000002	18649600.0
2013-11-22	0.004194	0.10466400000000001	0.109874	0.100998	0.217373	16730600.0
2013-11-21	0.019964	0.107628	0.12967	0.107628	1.014415	22843600.0
2013-11-20	-0.000891	0.10959100000000001	0.109787	0.096613	-0.045288	17682800.0
2013-11-19	0.0073560000000000006	0.108641	0.12191199999999999	0.104878	0.37135	22979900.0
2013-11-18	0.015856	0.11656099999999998	0.126823	0.11273699999999999	0.787975	22318800.0
2013-11-15	0.00864	0.10144700000000001	0.115451	0.099823	0.42569399999999996	20530100.0
2013-11-14	0.004803	0.10653199999999999	0.111427	0.095112	0.235496	17634000.0
2013-11-13	0.00315	0.09487899999999999	0.10879000000000001	0.08731	0.153973	22121900.0
2013-11-12	-0.002403	0.100616	0.10367699999999999	0.09388099999999999	-0.117745	15964800.0
2013-11-11	0.002594	0.10306199999999999	0.107973	0.09876499999999999	0.126801	12062800.0
2013-11-08	0.044724	0.10793299999999999	0.153678	0.10729200000000001	2.092232	31183100.0
2013-11-07	-0.008637	0.10472100000000001	0.109171	0.093066	-0.407574	17348900.0
2013-11-06	0.0028870000000000002	0.110674	0.112374	0.101535	0.13585999999999998	14013000.0
2013-11-05	-0.00173	0.10005399999999999	0.105995	0.096023	-0.08152000000000001	14532200.0
2013-11-04	-0.008951	0.108921	0.10934200000000001	0.093362	-0.42568599999999995	18891300.0
2013-11-01	0.01882	0.10215700000000001	0.129149	0.098944	0.878548	25794400.0
2013-10-31	-0.020152	0.10513499999999999	0.106394	0.081836	-0.9600719999999999	23738000.0
2013-10-30	-0.0024649999999999997	0.109739	0.114764	0.09926900000000001	-0.11774000000000001	16157200.0
2013-10-29	0.000949	0.10722899999999999	0.110582	0.095073	0.045284	23363100.0
2013-10-28	-0.0017059999999999998	0.10659600000000001	0.11077999999999999	0.098436	-0.08151599999999999	14836800.0
2013-10-25	0.005526	0.097353	0.113132	0.09546	0.26267199999999996	20889600.0
2013-10-24	-0.005118999999999999	0.10596900000000001	0.10701500000000001	0.09068999999999999	-0.24456	17759000.0
2013-10-23	-0.016225	0.097702	0.098732	0.08555399999999999	-0.787975	21034400.0
2013-10-22	-0.011977	0.11181600000000001	0.112426	0.090861	-0.588726	24820900.0
2013-10-21	-0.000552	0.103475	0.11526800000000001	0.095749	-0.027172	19471700.0
2013-10-18	0.0016600000000000002	0.105103	0.111621	0.095735	0.081512	24796600.0
2013-10-17	0.003889	0.09979199999999999	0.11001500000000002	0.096111	0.19020499999999999	17791000.0
2013-10-16	0.032307	0.110417	0.140811	0.10978399999999999	1.5306739999999999	24864000.0
2013-10-15	-0.007589	0.108275	0.110998	0.092984	-0.362286	17566500.0
2013-10-14	0.0038090000000000003	0.0921	0.111024	0.08831599999999999	0.181152	18881600.0
2013-10-11	-0.00019099999999999998	0.11333499999999999	0.12153399999999999	0.09651699999999999	-0.009063	32498800.0
2013-10-10	0.034877	0.127798	0.14346199999999998	0.117791	1.60313	24328700.0
2013-10-09	-0.002359	0.110596	0.11428599999999998	0.090629	-0.10868499999999999	24721200.0
2013-10-08	-0.018522	0.104085	0.10685399999999999	0.082996	-0.869499	19536000.0
2013-10-07	-0.015948	0.09612000000000001	0.09758700000000001	0.086477	-0.760807	16159300.0
2013-10-04	0.014055000000000002	0.106849	0.119815	0.105573	0.661183	17407200.0
2013-10-03	-0.00288	0.10217799999999999	0.10641700000000001	0.09158	-0.135857	18614500.0
2013-10-02	0.009887	0.09852000000000001	0.122708	0.09787799999999999	0.46191800000000005	23841200.0
2013-10-01	0.005222999999999999	0.111143	0.120826	0.107055	0.242752	19188000.0
2013-09-30	-0.010528000000000001	0.101361	0.109026	0.095187	-0.49450299999999997	21350600.0
2013-09-27	0.006745	0.10386	0.123151	0.101502	0.314686	23026000.0
2013-09-26	0.003675	0.11716700000000001	0.13072	0.108777	0.170826	22298700.0
2013-09-25	0.027425	0.110009	0.147142	0.106473	1.240772	39175500.0
2013-09-24	-0.022153	0.102493	0.10811300000000001	0.087148	-1.024979	34906900.0
2013-09-23	-0.025379	0.097053	0.103372	0.082518	-1.204803	28189500.0
2013-09-20	0.0009480000000000001	0.11643599999999998	0.1274	0.113273	0.044956	30792200.0
2013-09-19	-0.012357	0.1168	0.119299	0.093894	-0.593418	22452200.0
2013-09-18	0.006028	0.10383900000000001	0.12855999999999998	0.101116	0.287723	20844500.0
2013-09-17	-0.000941	0.113266	0.11598699999999999	0.106777	-0.04496	13207000.0
2013-09-16	0.010458	0.130407	0.131253	0.120467	0.494511	17055300.0
2013-09-13	0.0067	0.113284	0.124142	0.112006	0.314686	11942900.0
2013-09-12	-0.019150999999999998	0.11576900000000001	0.121616	0.087577	-0.9170879999999999	21976700.0
2013-09-11	-0.007639	0.106002	0.11408399999999999	0.099578	-0.368629	16028600.0
2013-09-10	0.015324	0.132629	0.134733	0.121477	0.728275	20233200.0
2013-09-09	0.0057079999999999995	0.116875	0.125551	0.111373	0.269726	19936400.0
2013-09-06	0.008636	0.118622	0.125026	0.09450399999999999	0.404606	22339900.0
2013-09-05	0.004627	0.11565	0.126157	0.113077	0.21578200000000003	13913200.0
2013-09-04	0.014473	0.112872	0.133319	0.107868	0.665325	19923800.0
2013-09-03	0.011874	0.12806700000000001	0.138413	0.118823	0.539475	15277200.0
2013-08-30	-0.003353	0.114852	0.115071	0.103225	-0.152855	15863100.0
2013-08-29	0.002372	0.11243900000000001	0.12541300000000002	0.10936099999999999	0.10789100000000001	13576000.0
2013-08-28	-0.000395	0.10628399999999999	0.12211	0.101888	-0.017979	18748100.0
2013-08-27	-0.023166	0.095471	0.106851	0.08538	-1.07893	23596800.0
2013-08-26	-0.009939	0.10881800000000001	0.116896	0.100953	-0.467525	16548400.0
2013-08-23	0.002107	0.113498	0.116693	0.105616	0.09890700000000001	11126800.0
2013-08-22	0.011234000000000001	0.12019	0.134408	0.118682	0.5214770000000001	14658500.0
2013-08-21	-0.009401000000000001	0.107951	0.114353	0.094294	-0.44056300000000004	17136200.0
2013-08-20	0.005595	0.11114600000000001	0.12359300000000001	0.087112	0.26074200000000003	18701500.0
2013-08-19	-0.027397	0.103871	0.10512300000000001	0.081121	-1.312698	22793300.0
2013-08-16	0.0	0.107628	0.122446	0.107628	0.0	17139000.0
2013-08-15	-0.015882	0.09927899999999999	0.102566	0.086339	-0.773224	16933200.0
2013-08-14	-0.002579	0.11303900000000001	0.12369200000000001	0.106278	-0.12587	15785800.0
2013-08-13	0.0036969999999999998	0.11489200000000001	0.12476199999999998	0.102144	0.179817	15078100.0
2013-08-12	-0.007887	0.102427	0.10813900000000001	0.095083	-0.386612	15133000.0
2013-08-09	-0.005654	0.10937899999999999	0.11871	0.102077	-0.27872800000000003	12652500.0
2013-08-08	-0.008499	0.114633	0.120868	0.088688	-0.422573	18587100.0
2013-08-07	-0.0034240000000000004	0.103601	0.111818	0.097988	-0.17083399999999999	12828400.0
2013-08-06	-0.010873	0.11003900000000001	0.112219	0.096557	-0.548443	10588600.0
2013-08-05	-0.006904	0.109069	0.11399100000000001	0.10276800000000001	-0.350666	9370200.0
2013-08-02	-0.000884	0.10690799999999999	0.111826	0.101793	-0.044956	11007300.0
2013-08-01	0.014535	0.12479200000000001	0.133175	0.121599	0.728287	15979400.0
2013-07-31	0.007229000000000001	0.117245	0.131115	0.115837	0.35963	19404900.0
2013-07-30	-0.006464	0.11581400000000001	0.118211	0.100037	-0.323669	14207400.0
2013-07-29	-0.006423000000000001	0.11083	0.11122699999999999	0.098924	-0.323673	10049100.0
2013-07-26	-0.007965	0.103558	0.106707	0.094502	-0.404606	16762300.0
2013-07-25	-0.0022960000000000003	0.10868399999999999	0.10966600000000001	0.097686	-0.11688299999999999	13870200.0
2013-07-24	-0.0007059999999999999	0.117126	0.11732200000000001	0.106528	-0.035968	16665000.0
2013-07-23	0.001945	0.11536500000000001	0.118708	0.110449	0.09890299999999999	10577100.0
2013-07-22	0.007123	0.112417	0.12232	0.10805999999999999	0.35965	15999700.0
2013-07-19	-0.0037259999999999997	0.114981	0.115968	0.10314300000000001	-0.18882000000000002	17762600.0
2013-07-18	0.019902	0.117049	0.137575	0.116646	0.9890100000000001	24563100.0
2013-07-17	0.004727	0.113028	0.123744	0.10878199999999999	0.23377199999999998	19166600.0
2013-07-16	0.002186	0.11242200000000001	0.12275599999999999	0.10999	0.107895	19222700.0
2013-07-15	-0.0014550000000000001	0.122741	0.12294300000000001	0.10473299999999999	-0.07193	28292000.0
2013-07-12	-0.003083	0.119682	0.12654	0.104353	-0.152847	32569200.0
2013-07-11	0.005654	0.132707	0.13331500000000002	0.10653900000000001	0.278721	21322600.0
2013-07-10	-0.001093	0.10978800000000001	0.11748800000000001	0.103101	-0.053944000000000006	16915000.0
2013-07-09	0.003474	0.119743	0.121776	0.101849	0.17083399999999999	20508700.0
2013-07-08	0.01315	0.123549	0.131171	0.113455	0.638347	21786900.0
2013-07-05	0.023119999999999998	0.124655	0.13814400000000002	0.11938599999999999	1.096924	17070200.0
2013-07-03	-0.0005679999999999999	0.101898	0.11243	0.09979099999999999	-0.026981	10442300.0
2013-07-02	0.013241	0.12203699999999999	0.142527	0.11243299999999999	0.620388	23935300.0
2013-07-01	-0.005683	0.129455	0.138157	0.11269000000000001	-0.267788	23511100.0
2013-06-28	-0.006773	0.119697	0.11990799999999999	0.10831500000000001	-0.321335	18256000.0
2013-06-27	0.012381	0.13164	0.141456	0.128439	0.580196	17093600.0
2013-06-26	0.008064	0.13259100000000001	0.135818	0.11602699999999999	0.37487800000000004	19332000.0
2013-06-25	0.022781	0.13331099999999999	0.15641300000000002	0.13331099999999999	1.035416	20951400.0
2013-06-24	-0.020015	0.097044	0.10933399999999999	0.080441	-0.9282950000000001	30736500.0
2013-06-21	-0.009909000000000001	0.130577	0.131004	0.10346500000000002	-0.46415	44412200.0
2013-06-20	-0.019981	0.110497	0.11258900000000001	0.093551	-0.955082	31857100.0
2013-06-19	-0.010348999999999999	0.117845	0.12861199999999998	0.10811400000000002	-0.49984700000000004	20840000.0
2013-06-18	0.004828	0.124075	0.12906800000000002	0.117625	0.232079	13259100.0
2013-06-17	0.013552000000000002	0.132349	0.14415799999999998	0.128975	0.6426649999999999	16856600.0
2013-06-14	-0.019199	0.11764100000000001	0.119503	0.09427100000000001	-0.928299	17185300.0
2013-06-13	0.018616	0.11653800000000002	0.14266099999999998	0.115906	0.8836639999999999	17090200.0
2013-06-12	-0.005796	0.128917	0.133106	0.10943800000000001	-0.27671100000000004	18479100.0
2013-06-11	-0.016004	0.101781	0.11394100000000001	0.094568	-0.77655	17600800.0
2013-06-10	0.0016589999999999999	0.127968	0.132097	0.11516900000000001	0.080341	16007000.0
2013-06-07	0.014391999999999999	0.12598399999999998	0.140852	0.11844500000000001	0.68729	21691000.0
2013-06-06	0.008863	0.116316	0.130682	0.104274	0.419518	23940900.0
2013-06-05	-0.018690000000000002	0.11494000000000001	0.12509800000000001	0.09255	-0.901516	24326000.0
2013-06-04	-0.008258	0.121358	0.13883399999999999	0.107582	-0.401669	22022600.0
2013-06-03	-0.001832	0.12053499999999999	0.125871	0.08852	-0.089252	28279600.0
2013-05-31	-0.018519	0.122143	0.12455999999999999	0.099583	-0.91938	24990100.0
2013-05-30	0.017377	0.118895	0.145536	0.117461	0.8479690000000001	24890800.0
2013-05-29	0.001282	0.109865	0.127717	0.106172	0.062477	20482600.0
2013-05-28	0.017518000000000002	0.13912	0.141	0.128055	0.839046	27162300.0
2013-05-24	0.005811	0.11087999999999999	0.12684	0.1071	0.276699	18342300.0
2013-05-23	-0.005221	0.10340899999999999	0.123672	0.10006699999999999	-0.249927	25294200.0
2013-05-22	0.011505	0.128993	0.161323	0.12603499999999998	0.544479	46968300.0
2013-05-21	0.013961000000000001	0.125472	0.149897	0.12375799999999999	0.651604	37112600.0
2013-05-20	-0.00019099999999999998	0.119902	0.127399	0.11197599999999999	-0.008926	22020000.0
2013-05-17	0.026094	0.12670399999999998	0.150223	0.12648399999999999	1.187149	26080300.0
2013-05-16	-0.002349	0.115506	0.132829	0.114848	-0.107109	21389500.0
2013-05-15	0.017121	0.11966099999999999	0.147095	0.118546	0.7676229999999999	27467000.0
2013-05-14	0.011275	0.12258599999999999	0.137247	0.120104	0.499859	24188400.0
2013-05-13	0.014500999999999998	0.117584	0.13726300000000002	0.112321	0.633736	23979500.0
2013-05-10	-0.0016309999999999999	0.120558	0.12467	0.11119200000000001	-0.071411	16199600.0
2013-05-09	-0.014469	0.118979	0.121456	0.101417	-0.642666	18103100.0
2013-05-08	0.012617	0.122154	0.139709	0.119646	0.553413	23559300.0
2013-05-07	0.019925	0.12939900000000001	0.14846600000000001	0.12219000000000001	0.8568879999999999	24291600.0
2013-05-06	0.012823	0.123627	0.13964200000000002	0.12032999999999999	0.5444869999999999	20829500.0
2013-05-03	-0.010607	0.13314600000000001	0.134777	0.094698	-0.45522299999999993	43257900.0
2013-05-02	0.001458	0.12593	0.12593	0.113329	0.062473	15529300.0
2013-05-01	-0.020404	0.11461500000000001	0.11804400000000001	0.093813	-0.892589	17686400.0
2013-04-30	0.0018399999999999998	0.121246	0.127887	0.11575	0.080334	13802600.0
2013-04-29	0.0008179999999999999	0.12491400000000001	0.125372	0.115058	0.035697	13496300.0
2013-04-26	-0.002449	0.117129	0.12238800000000001	0.11141300000000001	-0.10710499999999999	13929000.0
2013-04-25	0.0057469999999999995	0.127229	0.141256	0.12423900000000002	0.249928	19058800.0
2013-04-24	0.011418000000000001	0.12381800000000001	0.137773	0.12009700000000001	0.490921	16459300.0
2013-04-23	0.017318	0.128138	0.141388	0.121276	0.7319260000000001	20568500.0
2013-04-22	0.002541	0.12436300000000002	0.126497	0.11179000000000001	0.10712	15230100.0
2013-04-19	0.01265	0.13258	0.137625	0.121771	0.526623	19746100.0
2013-04-18	-0.003206	0.12056900000000001	0.13326	0.102611	-0.133884	26106800.0
2013-04-17	-0.035059	0.11155	0.113167	0.07157999999999999	-1.517414	43466300.0
2013-04-16	0.011684	0.132017	0.13412000000000002	0.112382	0.49984700000000004	23865500.0
2013-04-15	-0.022036	0.10615699999999999	0.12787300000000001	0.094956	-0.963993	31527300.0
2013-04-12	-0.006084	0.111015	0.12646400000000002	0.10079099999999999	-0.267777	37805900.0
2013-04-11	0.001218	0.11942	0.12829200000000002	0.110776	0.053559	22584700.0
2013-04-10	0.011709	0.126314	0.14058199999999998	0.12493299999999999	0.508774	20388900.0
2013-04-09	0.002058	0.12402	0.129093	0.11756199999999999	0.08926	20066700.0
2013-04-08	0.013984	0.119628	0.136231	0.112847	0.5980340000000001	18672300.0
2013-04-05	0.008844	0.103816	0.133305	0.102873	0.374889	22961500.0
2013-04-04	0.013661000000000001	0.12295999999999999	0.13683	0.121526	0.5712619999999999	21514000.0
2013-04-03	-0.023551	0.12149700000000001	0.122431	0.08647200000000001	-1.008629	33467400.0
2013-04-02	0.009408	0.131577	0.140298	0.12851300000000002	0.399163	17273700.0
2013-04-01	0.007795999999999999	0.129473	0.139924	0.128047	0.328216	17442200.0
2013-03-28	-0.006489	0.128987	0.13111099999999998	0.115771	-0.274986	27506700.0
2013-03-27	-0.017887	0.11713699999999999	0.11968599999999999	0.10230299999999999	-0.771736	26530100.0
2013-03-26	0.002473	0.132446	0.13779	0.122688	0.106438	16417500.0
2013-03-25	-0.00533	0.13334400000000002	0.13981400000000002	0.113006	-0.230622	23581400.0
2013-03-22	0.008893999999999999	0.133863	0.14249	0.127102	0.381436	22791500.0
2013-03-21	-0.015676	0.11976099999999999	0.129859	0.10966300000000001	-0.68303	23535900.0
2013-03-20	-0.001626	0.13581300000000002	0.137417	0.123669	-0.070961	19385300.0
2013-03-19	-0.006261	0.130523	0.138264	0.10843599999999999	-0.27499	24411500.0
2013-03-18	-0.010196	0.10862899999999999	0.11922100000000001	0.10322	-0.452388	28011400.0
2013-03-15	-0.019216	0.10456700000000001	0.11164	0.08644099999999999	-0.8693200000000001	60880800.0
2013-03-14	0.016746	0.129357	0.146213	0.12800899999999998	0.745121	26378700.0
2013-03-13	-0.002386	0.12755899999999998	0.130698	0.12352300000000001	-0.10643399999999999	16680200.0
2013-03-12	-0.003961999999999999	0.124431	0.131578	0.11773199999999999	-0.17741800000000002	18003400.0
2013-03-11	0.0055780000000000005	0.12800799999999998	0.14013499999999998	0.120822	0.248371	19473000.0
2013-03-08	-0.008493	0.126444	0.132233	0.10462300000000001	-0.381424	32711900.0
2013-03-07	0.011993	0.12778599999999998	0.146038	0.126884	0.532234	24245400.0
2013-03-06	0.010911	0.136219	0.14328	0.130296	0.478997	19607900.0
2013-03-05	0.007943	0.13628900000000002	0.150524	0.132156	0.345951	25561100.0
2013-03-04	0.003885	0.12318599999999999	0.13263599999999998	0.11396600000000001	0.168545	17695200.0
2013-03-01	-0.000205	0.11996	0.13885699999999998	0.11465999999999998	-0.008877	25923400.0
2013-02-28	-0.007305	0.12459	0.133511	0.115211	-0.319332	24711500.0
2013-02-27	0.035294	0.13325499999999998	0.169965	0.131124	1.49023	31921200.0
2013-02-26	-0.002096	0.139624	0.140569	0.10724600000000001	-0.08870700000000001	39401400.0
2013-02-25	-0.024738999999999997	0.131714	0.134019	0.09829299999999999	-1.0733139999999999	32775500.0
2013-02-22	0.013678999999999998	0.136213	0.142755	0.131073	0.585445	23584100.0
2013-02-21	-0.007406	0.122696	0.123624	0.10924500000000001	-0.31934	24437700.0
2013-02-20	-0.016987000000000002	0.125055	0.129387	0.102486	-0.745113	24786700.0
2013-02-19	0.011661	0.13287000000000002	0.145786	0.13287000000000002	0.5056229999999999	20445900.0
2013-02-15	-0.006908	0.13031199999999998	0.132832	0.112447	-0.301613	20016200.0
2013-02-14	0.011093	0.120851	0.141461	0.120156	0.47901099999999996	18017800.0
2013-02-13	-0.009361	0.132152	0.134446	0.112652	-0.408046	21635600.0
2013-02-12	0.009864	0.130578	0.142394	0.125945	0.425788	16388000.0
2013-02-11	0.000617	0.124553	0.13359400000000002	0.12153900000000001	0.026612	13935900.0
2013-02-08	0.008294	0.129672	0.138087	0.12803599999999998	0.35481599999999996	15218300.0
2013-02-07	-0.007817000000000001	0.128262	0.130581	0.11086900000000001	-0.33707800000000004	21429600.0
2013-02-06	-0.003689	0.11878499999999999	0.12825899999999998	0.116475	-0.159668	28282600.0
2013-02-05	0.023280000000000002	0.133482	0.153816	0.133246	0.9846309999999999	28067500.0
2013-02-04	-0.003553	0.120031	0.126393	0.11626199999999999	-0.150799	20822600.0
2013-02-01	0.017003	0.135721	0.150097	0.131168	0.709637	24520000.0
2013-01-31	-0.001697	0.124464	0.12948800000000002	0.12135499999999999	-0.070965	19536000.0
2013-01-30	0.000212	0.125421	0.132838	0.12350699999999999	0.008873	18631300.0
2013-01-29	0.010292	0.11863299999999999	0.139904	0.117908	0.425781	19907400.0
2013-01-28	-0.011026000000000001	0.11968499999999999	0.12351	0.11108	-0.461269	19706800.0
2013-01-25	0.017037	0.13633	0.146541	0.13317	0.700771	26009100.0
2013-01-24	0.003029	0.127579	0.141235	0.123677	0.124195	20008200.0
2013-01-23	-0.006661	0.119826	0.12491300000000001	0.11231700000000001	-0.27499	19105100.0
2013-01-22	0.0017219999999999998	0.12223900000000001	0.129518	0.119327	0.07095	24257300.0
2013-01-18	0.00043099999999999996	0.125878	0.131219	0.121023	0.017749	28679100.0
2013-01-17	-0.008116	0.117222	0.12853900000000001	0.11457300000000001	-0.337082	41086800.0
2013-01-16	0.010140999999999999	0.11663299999999999	0.13901	0.10836400000000002	0.41692799999999997	43453600.0
2013-01-15	0.010244	0.117752	0.14183199999999999	0.11431199999999998	0.416904	29898000.0
2013-01-14	-0.005635	0.121227	0.12831199999999998	0.11120899999999999	-0.230629	19079500.0
2013-01-11	-0.000217	0.122938	0.127335	0.110724	-0.008873	19723900.0
2013-01-10	0.014955000000000001	0.137748	0.14444200000000001	0.128822	0.6031920000000001	23413600.0
2013-01-09	-0.000659	0.128821	0.144678	0.118415	-0.026614999999999996	25920600.0
2013-01-08	0.001982	0.12708699999999998	0.12956900000000002	0.11616300000000002	0.079841	19624200.0
2013-01-07	0.001102	0.120624	0.13056600000000002	0.11888499999999999	0.044346	24456900.0
2013-01-04	0.017725	0.1243	0.149087	0.124047	0.700775	24487700.0
2013-01-03	-0.002015	0.129354	0.129607	0.115723	-0.079838	24227700.0
2013-01-02	0.02267	0.161152	0.161668	0.141533	0.8781700000000001	31413000.0
2012-12-31	0.016883000000000002	0.131404	0.15503	0.130091	0.6431279999999999	24209600.0
2012-12-28	-0.008939	0.12129100000000001	0.13664	0.121031	-0.343582	15401200.0
2012-12-27	-0.007506999999999999	0.135079	0.136628	0.10770899999999999	-0.290734	19567000.0
2012-12-26	0.0009109999999999999	0.135855	0.141799	0.12991	0.035244	11498900.0
2012-12-24	-0.001818	0.127856	0.135595	0.127598	-0.070484	8621200.0
2012-12-21	-0.011902	0.11698099999999999	0.126668	0.104746	-0.466919	38973500.0
2012-12-20	0.022972	0.13925099999999999	0.161416	0.13195	0.8809889999999999	25014900.0
2012-12-19	-0.00775	0.138184	0.148534	0.12343599999999999	-0.299537	34348500.0
2012-12-18	0.00897	0.144216	0.14708800000000002	0.130641	0.343589	33858600.0
2012-12-17	0.01565	0.14011700000000002	0.153639	0.135079	0.59026	23879800.0
2012-12-14	0.0007019999999999999	0.13481400000000002	0.143835	0.133222	0.026443	16208600.0
2012-12-13	0.000233	0.131894	0.13906	0.127913	0.008797	18457000.0
2012-12-12	0.0030489999999999996	0.144663	0.154778	0.136677	0.11454	23110600.0
2012-12-11	0.0077989999999999995	0.14285899999999999	0.156005	0.13802999999999999	0.290722	21955000.0
2012-12-10	-0.005874	0.134546	0.13801300000000002	0.12041099999999999	-0.22024499999999997	22394500.0
2012-12-07	0.026284	0.145207	0.165187	0.14219600000000002	0.960285	34552900.0
2012-12-06	0.006553	0.136457	0.144722	0.1326	0.23786500000000002	20541700.0
2012-12-05	0.015529	0.13843699999999998	0.16081900000000002	0.13312100000000002	0.555031	25515600.0
2012-12-04	-0.005881	0.134245	0.138139	0.11811300000000001	-0.211445	24031100.0
2012-12-03	-0.006572	0.140329	0.143092	0.125961	-0.23786500000000002	18955500.0
2012-11-30	-0.003396	0.128746	0.13838399999999998	0.124891	-0.123333	20066600.0
2012-11-29	0.009552	0.143976	0.149535	0.137303	0.34359	18915000.0
2012-11-28	0.001963	0.12783699999999998	0.1387	0.110846	0.070472	26106900.0
2012-11-27	-0.00318	0.134801	0.143964	0.128415	-0.114543	19875000.0
2012-11-26	-0.00511	0.12679200000000002	0.129278	0.107455	-0.184994	20376600.0
2012-11-23	0.008839	0.14539000000000002	0.14873499999999998	0.141768	0.317158	8316700.0
2012-11-21	0.000737	0.141773	0.14288800000000001	0.125318	0.026427999999999997	13030200.0
2012-11-20	0.00271	0.12780899999999998	0.151578	0.12557100000000002	0.096916	19375900.0
2012-11-19	0.026815	0.151159	0.168675	0.151159	0.9338489999999999	26781200.0
2012-11-16	0.003554	0.136232	0.143148	0.118942	0.123341	32458000.0
2012-11-15	0.002545	0.128435	0.147502	0.125834	0.08809700000000001	24858700.0
2012-11-14	-0.018731	0.139898	0.14443399999999998	0.10928199999999999	-0.660748	30986600.0
2012-11-13	-0.013307	0.12389100000000002	0.133401	0.11885599999999999	-0.475739	19793500.0
2012-11-12	-0.000985	0.141506	0.143183	0.126137	-0.035232	12816000.0
2012-11-09	0.005445	0.13255	0.158399	0.119907	0.19380899999999998	27553200.0
2012-11-08	-0.0019760000000000003	0.15751199999999999	0.163681	0.13283599999999998	-0.070472	27830900.0
2012-11-07	-0.055970000000000006	0.112049	0.112049	0.067049	-2.114388	47631200.0
2012-11-06	0.014431	0.14313499999999998	0.156025	0.13883900000000002	0.537403	17190900.0
2012-11-05	-0.003536	0.132671	0.133474	0.12009500000000001	-0.132145	13252500.0
2012-11-02	-0.009804	0.140378	0.141173	0.12156700000000001	-0.37001799999999996	17029200.0
2012-11-01	0.027831	0.135624	0.168304	0.132356	1.021958	23325400.0
2012-10-31	0.012633	0.143077	0.152453	0.134803	0.458111	19423500.0
2012-10-26	-0.012239	0.128269	0.13480699999999998	0.11328800000000001	-0.44930299999999995	21892700.0
2012-10-25	-0.000959	0.149502	0.150591	0.126643	-0.035252	17311700.0
2012-10-24	0.009195	0.14469200000000002	0.15018399999999998	0.135354	0.33479000000000003	18918900.0
2012-10-23	-0.018057	0.11835899999999999	0.125641	0.10703299999999999	-0.66956	22896400.0
2012-10-22	-0.005435	0.133202	0.140443	0.11308599999999999	-0.202629	27993000.0
2012-10-19	-0.016043	0.12953699999999999	0.13006500000000001	0.110008	-0.607883	29747500.0
2012-10-18	-0.007156	0.129053	0.13586600000000001	0.120144	-0.273102	23630400.0
2012-10-17	0.01144	0.137729	0.153895	0.133489	0.431671	26177500.0
2012-10-16	0.010618	0.14606	0.154631	0.132133	0.396454	28588100.0
2012-10-15	0.01826	0.142988	0.156624	0.138079	0.669552	26268000.0
2012-10-12	-0.011401	0.121598	0.143976	0.10946600000000001	-0.422879	44564000.0
2012-10-11	0.007901	0.151384	0.158721	0.137253	0.290734	27755000.0
2012-10-10	0.009425	0.139743	0.152087	0.133708	0.34360100000000005	25797600.0
2012-10-09	-0.0067209999999999995	0.138076	0.142981	0.125271	-0.246689	19947500.0
2012-10-08	-0.001199	0.12473800000000002	0.13861700000000002	0.118751	-0.04406	18631300.0
2012-10-05	-0.00263	0.141051	0.151907	0.125308	-0.096897	22774400.0
2012-10-04	0.023495	0.143413	0.16647	0.136468	0.8457530000000001	24326500.0
2012-10-03	0.005908	0.140948	0.145698	0.129491	0.211441	22419100.0
2012-10-02	-0.001221	0.148207	0.150998	0.132019	-0.043736000000000004	26946100.0
2012-10-01	0.012105	0.15476199999999998	0.172275	0.152502	0.42853199999999997	21956400.0
2012-09-28	-0.004915999999999999	0.136154	0.142057	0.12884600000000002	-0.17490799999999998	21380700.0
2012-09-27	0.010934000000000001	0.148009	0.164774	0.14261	0.384793	20843400.0
2012-09-26	-0.007645	0.132183	0.14571800000000001	0.119493	-0.27110300000000004	23782700.0
2012-09-25	-0.016493	0.152337	0.152337	0.124049	-0.594689	21988200.0
2012-09-24	0.008562	0.13591	0.159965	0.135351	0.306088	20499500.0
2012-09-21	-0.00897	0.151224	0.155936	0.130156	-0.32358200000000004	28287400.0
2012-09-20	-0.002177	0.132952	0.14180299999999998	0.121611	-0.078705	20997400.0
2012-09-19	0.001939	0.145403	0.15731900000000001	0.13736600000000002	0.06997300000000001	22887200.0
2012-09-18	0.0016989999999999998	0.139576	0.147349	0.128749	0.061215	25186600.0
2012-09-17	-0.009142	0.12778299999999998	0.13988599999999998	0.126408	-0.33234	19740100.0
2012-09-14	0.004107	0.15893	0.16252	0.138767	0.14868900000000002	43471600.0
2012-09-13	0.037074	0.141171	0.191012	0.13401	1.294319	47018600.0
2012-09-12	0.00808	0.15154700000000002	0.162231	0.148949	0.279835	29882200.0
2012-09-11	0.021672	0.144643	0.169128	0.142577	0.7346189999999999	22378900.0
2012-09-10	-0.013741	0.141426	0.15742799999999998	0.126878	-0.47225600000000006	20853500.0
2012-09-07	0.015766	0.153806	0.16828800000000002	0.152624	0.53347	28082400.0
2012-09-06	0.042575999999999996	0.157945	0.197693	0.155479	1.3817709999999999	41346800.0
2012-09-05	0.002702	0.145626	0.152114	0.1413	0.087464	13537500.0
