2017-09-01	0.005049	0.001976	0.005488	-0.000219	0.230000	7374300.000000
2016-09-01	-0.001842	0.028869	0.033631	0.028631	-0.07735800000000001	8457800.0
2016-08-31	0.0043939999999999995	0.038652	0.039369	0.030281	0.183731	10217900.0
2016-08-30	-0.00689	0.032208	0.03387	0.024132	-0.290104	9720100.0
2016-08-29	0.005078	0.034585000000000005	0.041030000000000004	0.034345999999999995	0.21274200000000001	9544600.0
2016-08-26	-0.008015000000000001	0.035292000000000004	0.040027999999999994	0.025583	-0.338456	11824900.0
2016-08-25	-0.004105	0.034108	0.03623	0.028919	-0.174064	9815700.0
2016-08-24	0.0	0.0334	0.03623	0.029626999999999997	0.0	11508900.0
2016-08-23	0.002515	0.036708	0.039782	0.034108	0.106369	8421100.0
2016-08-22	-0.004098	0.034579	0.034814	0.029633999999999997	-0.174057	8687500.0
2016-08-19	-0.004082	0.032935	0.03317	0.025666	-0.174065	9385900.0
2016-08-18	0.000908	0.032934	0.038801999999999996	0.032699	0.038681	9144300.0
2016-08-17	0.005248	0.038354	0.03977	0.032928	0.222412	11208500.0
2016-08-16	-0.009268	0.034341	0.034341	0.024524	-0.39648	9706100.0
2016-08-15	0.00477	0.035752	0.041154	0.033638	0.203079	10390600.0
2016-08-12	0.0064	0.037889	0.044508	0.035052999999999994	0.27076	10928900.0
2016-08-11	0.00321	0.036716000000000006	0.040273	0.034345	0.13538699999999998	11303300.0
2016-08-10	0.003221	0.038152	0.039341	0.034821	0.13538	8412100.0
2016-08-09	0.000691	0.035536	0.038869	0.032679	0.029011000000000002	7281300.0
2016-08-08	-0.0009199999999999999	0.032918	0.035059	0.027924	-0.038682	8680300.0
2016-08-05	-0.0006889999999999999	0.037435	0.039812	0.031731	-0.02901	10398200.0
2016-08-04	-0.002979	0.032212	0.037899	0.028419999999999997	-0.12571400000000002	11244100.0
2016-08-03	0.002527	0.037196	0.038146	0.030307	0.106377	12119100.0
2016-08-02	0.001841	0.031727	0.037202	0.030775999999999998	0.07735800000000001	12825200.0
2016-08-01	-0.0041259999999999995	0.03553	0.038848	0.029367	-0.174061	12349700.0
2016-07-29	-0.000458	0.035766	0.036476999999999996	0.030080000000000003	-0.019344	16530500.0
2016-07-28	0.00576	0.031010000000000003	0.041017000000000005	0.029819	0.24175700000000003	13077800.0
2016-07-27	-0.032977	0.011526999999999999	0.015212999999999999	-0.006906999999999999	-1.431187	37461100.0
2016-07-26	-0.015141	0.0332	0.035923000000000004	0.017315	-0.6672399999999999	15819900.0
2016-07-25	-0.005673	0.033656	0.034108	0.025985	-0.251427	9134300.0
2016-07-22	0.008361	0.035245	0.042981	0.034335000000000004	0.36746599999999996	8836100.0
2016-07-21	-0.001318	0.030244999999999998	0.034108	0.028426999999999997	-0.058013999999999996	8045100.0
2016-07-20	-0.00263	0.036827	0.03728	0.028668	-0.116047	8478200.0
2016-07-19	0.0	0.030255	0.035920999999999995	0.029575	0.0	7761100.0
2016-07-18	0.0	0.035467	0.035694	0.030708	0.0	7958300.0
2016-07-15	-0.0013130000000000001	0.038408	0.038861	0.028449000000000002	-0.058021	10621000.0
2016-07-14	-0.001093	0.033881	0.038629000000000004	0.030489999999999996	-0.048352	7621200.0
2016-07-13	0.00351	0.034788	0.038191	0.030704000000000002	0.154724	8028400.0
2016-07-12	0.00021899999999999998	0.035696	0.037285000000000006	0.025256999999999998	0.009670999999999999	9739000.0
2016-07-11	0.004187	0.033424	0.042995	0.027955	0.18373499999999998	10937800.0
2016-07-08	0.006431999999999999	0.038924	0.043969	0.033649	0.280433	11127100.0
2016-07-07	-0.0039759999999999995	0.037534	0.039818	0.027255	-0.174064	9741100.0
2016-07-06	-0.003522	0.035701	0.036839	0.022499	-0.154724	10902600.0
2016-07-05	0.0068709999999999995	0.035024	0.046713	0.034795	0.29977800000000004	12339100.0
2016-07-01	-0.004633	0.034108	0.035933	0.028176	-0.203076	11799700.0
2016-06-30	0.020027	0.035969	0.05481799999999999	0.035271	0.860649	16056500.0
2016-06-29	0.0058850000000000005	0.039023	0.046513	0.035512	0.251423	12250900.0
2016-06-28	0.009137000000000001	0.040721	0.043792000000000005	0.031508999999999995	0.38681	16509800.0
2016-06-27	-0.003415	0.027987	0.033166	0.019747999999999998	-0.145053	15779500.0
2016-06-24	-0.025509999999999998	0.013921000000000001	0.022179	0.005204	-1.112076	26003700.0
2016-06-23	0.0049039999999999995	0.038026	0.041254	0.033645999999999995	0.212745	9655300.0
2016-06-22	-0.005983	0.036857	0.038689999999999995	0.026775	-0.26109299999999996	10738900.0
2016-06-21	0.0033350000000000003	0.038245999999999995	0.041005	0.034567	0.14505	7919400.0
2016-06-20	0.004242	0.041033999999999994	0.046113	0.038031999999999996	0.18373499999999998	10712400.0
2016-06-17	-0.011476	0.030912000000000002	0.032054	0.012882	-0.502846	20805400.0
2016-06-16	0.006665000000000001	0.030891000000000002	0.041689	0.027444999999999997	0.290108	11305400.0
2016-06-15	-0.000666	0.035944	0.040995	0.030433999999999996	-0.029018000000000002	8360400.0
2016-06-14	-0.001773	0.027919	0.034337	0.018522999999999998	-0.07735800000000001	11298200.0
2016-06-13	-0.011394	0.030482	0.034787	0.021646000000000002	-0.502854	10613500.0
2016-06-10	0.005026	0.03885	0.047731	0.037483999999999996	0.22072600000000003	12357000.0
2016-06-09	0.00461	0.037005	0.047757	0.036547	0.201523	8042900.0
2016-06-08	0.005075	0.040198000000000005	0.049855000000000003	0.039049	0.22072600000000003	7915400.0
2016-06-07	-0.001102	0.041578	0.044564	0.038133	-0.047985	9812600.0
2016-06-06	0.007326999999999999	0.043195	0.05221699999999999	0.042963	0.316685	10310600.0
2016-06-03	0.007156	0.042737	0.049727	0.041106000000000004	0.307094	13425700.0
2016-06-02	0.00044699999999999997	0.042038	0.042504	0.037376	0.019196	6693900.0
2016-06-01	0.002242	0.042038	0.046243	0.039468	0.095962	8916000.0
2016-05-31	-0.00402	0.046692000000000004	0.046692000000000004	0.029937000000000002	-0.172737	18935200.0
2016-05-27	0.002014	0.042504	0.048333	0.041105	0.086373	7802200.0
2016-05-26	0.006984999999999999	0.04556	0.051195	0.043447	0.297489	8695800.0
2016-05-25	0.000225	0.045326	0.048144	0.03922	0.009597	9218100.0
2016-05-24	0.009097	0.045119	0.052702	0.042749	0.383862	12634200.0
2016-05-23	0.000455	0.044883	0.047017	0.041801	0.019191999999999997	13554700.0
2016-05-20	-0.008348000000000001	0.046505	0.04721	0.033103	-0.355072	12914100.0
2016-05-19	-0.003597	0.03665	0.039929	0.03173	-0.153538	10659500.0
2016-05-18	-0.006034	0.037614	0.043901	0.029929	-0.25911300000000004	12524300.0
2016-05-17	-0.019071	0.038155	0.040667	0.021252	-0.8349	17457000.0
2016-05-16	0.005954	0.037672000000000004	0.050769	0.037212	0.25910500000000003	9413600.0
2016-05-13	-0.010473	0.040219	0.042038	0.028395999999999998	-0.460636	10341200.0
2016-05-12	0.008139	0.044101	0.052124000000000004	0.042726	0.35508	10463400.0
2016-05-11	-0.006339	0.041582	0.044999000000000004	0.035205	-0.27830900000000003	8833100.0
2016-05-10	0.011273	0.046644	0.055858000000000005	0.046183999999999996	0.489426	8933500.0
2016-05-09	-0.0017649999999999999	0.042038	0.046176999999999996	0.038589	-0.076771	8110600.0
2016-05-06	0.00577	0.042038	0.050131999999999996	0.0388	0.24950799999999998	8524300.0
2016-05-05	0.001779	0.040879	0.053853	0.039488999999999996	0.076774	8801100.0
2016-05-04	0.0031219999999999998	0.039249	0.048312	0.034369	0.134354	9350500.0
2016-05-03	-0.003113	0.039488999999999996	0.044123	0.034393	-0.134354	10330700.0
2016-05-02	0.004018	0.036688	0.051108999999999995	0.036688	0.172738	12577500.0
2016-04-29	0.0038090000000000003	0.039702999999999995	0.047408	0.039001999999999995	0.163139	11716000.0
2016-04-28	-0.001119	0.03784	0.047169	0.036907	-0.047981	10932500.0
2016-04-27	0.0033689999999999996	0.044612	0.049760000000000006	0.035486000000000004	0.143951	11335500.0
2016-04-26	-0.004026	0.046932	0.047864	0.035512	-0.172737	13935500.0
2016-04-25	0.003817	0.041102	0.046249	0.038294	0.163135	11173800.0
2016-04-22	0.020156	0.045141	0.06590499999999999	0.045141	0.844506	25134200.0
2016-04-21	-0.016002000000000002	0.039454	0.039924	0.006809999999999999	-0.681359	37206900.0
2016-04-20	-0.047854	0.013863	0.014757	-0.014759999999999999	-2.1400330000000003	40360300.0
2016-04-19	0.008221	0.044067	0.051056	0.04046	0.364666	14418300.0
2016-04-18	0.0026030000000000003	0.042038	0.046106	0.035709	0.115158	11482300.0
2016-04-15	0.0058909999999999995	0.04181	0.049541	0.038627	0.25910900000000003	13647800.0
2016-04-14	-0.004561	0.04249	0.046112	0.035474	-0.201534	12982200.0
2016-04-13	-0.013075999999999999	0.044718	0.044942	0.023497999999999998	-0.585388	13234100.0
2016-04-12	0.004522	0.041365	0.049218	0.040018	0.201534	11219100.0
2016-04-11	-0.009174	0.042705	0.047818	0.031811	-0.412655	11880100.0
2016-04-08	0.011001	0.043836	0.055973	0.043836	0.489418	11959300.0
2016-04-07	-0.0074930000000000005	0.037353	0.039138	0.029768	-0.335872	9292000.0
2016-04-06	0.003868	0.042934	0.046517	0.038679000000000005	0.172733	9122700.0
2016-04-05	-0.007677	0.036038	0.040260000000000004	0.032037	-0.345474	10696700.0
2016-04-04	0.001281	0.04226	0.044263	0.034695	0.057579	10629800.0
2016-04-01	0.009484999999999999	0.036422	0.052820000000000006	0.035748	0.422249	14922900.0
2016-03-31	-0.004079	0.041367	0.048749	0.036220999999999996	-0.182339	15544500.0
2016-03-30	0.002152	0.045401	0.047643	0.038675	0.09597	14312200.0
2016-03-29	0.014846999999999999	0.043403	0.058191999999999994	0.042265	0.652569	25010400.0
2016-03-28	0.0048270000000000006	0.041581	0.050039	0.040437	0.21111999999999997	13306600.0
2016-03-24	0.00264	0.041809	0.045247	0.035849	0.11517000000000001	10890200.0
2016-03-23	-0.0008789999999999999	0.039748	0.046847	0.038602	-0.038395	9292100.0
2016-03-22	-0.003722	0.0393	0.043407	0.035649	-0.163139	13788300.0
2016-03-21	0.001535	0.037925	0.048208	0.036552999999999995	0.067177	9740400.0
2016-03-18	-0.003714	0.043631	0.044314	0.033386	-0.16314700000000001	23853400.0
2016-03-17	0.015982	0.042038	0.06192999999999999	0.040187	0.690959	24080000.0
2016-03-16	-0.0042	0.037661	0.040425	0.026144999999999998	-0.182338	15386100.0
2016-03-15	-0.001104	0.037206	0.04825	0.036976	-0.047982	13686300.0
2016-03-14	0.001991	0.038349	0.04711	0.038349	0.086369	13206700.0
2016-03-11	0.00713	0.044824	0.050629	0.043199	0.307091	16129300.0
2016-03-10	0.009373000000000001	0.050867	0.06071	0.047117	0.399929	28908600.0
2016-03-09	0.011056	0.051823	0.062249	0.049453	0.466606	18466600.0
2016-03-08	0.007044	0.048017000000000004	0.061140999999999994	0.045392	0.295193	18900200.0
2016-03-07	-0.0022670000000000004	0.045403	0.050878	0.044212	-0.09523	10695300.0
2016-03-04	0.0034119999999999997	0.045864	0.054702999999999995	0.043475	0.142837	13691500.0
2016-03-03	0.004340999999999999	0.046325	0.055202999999999995	0.044646	0.180924	13134800.0
2016-03-02	0.001831	0.044876	0.052087	0.043674	0.076175	12856300.0
2016-03-01	0.012984	0.056251	0.0638	0.051138	0.533253	12358300.0
2016-02-29	-0.00023199999999999997	0.050894	0.06160499999999999	0.044808999999999995	-0.009525	15049800.0
2016-02-26	-0.023098	0.047310000000000005	0.047786	0.025194	-0.971276	18421000.0
2016-02-25	0.005693999999999999	0.05136	0.056622000000000006	0.049208	0.238064	10903300.0
2016-02-24	0.005035	0.047039	0.056173	0.042472	0.209484	10844200.0
2016-02-23	-0.0056890000000000005	0.045384	0.05279299999999999	0.043472000000000004	-0.23805199999999999	11166400.0
2016-02-22	0.0038840000000000003	0.050164	0.059521000000000004	0.046805	0.161877	20716100.0
2016-02-19	0.003669	0.049442	0.054016999999999996	0.042217000000000005	0.152355	12850000.0
2016-02-18	0.002759	0.053545	0.055959	0.045576	0.114265	11170300.0
2016-02-17	0.0029980000000000002	0.051616999999999996	0.056461000000000004	0.048227	0.12379100000000001	12332500.0
2016-02-16	0.005799	0.055279999999999996	0.05869	0.047972	0.23806	12675900.0
2016-02-12	0.016506	0.057841	0.068241	0.053878999999999996	0.666565	15222400.0
2016-02-11	-0.00329	0.03733	0.051645	0.036095999999999996	-0.13331600000000002	16825300.0
2016-02-10	-0.017321	0.051134	0.052347000000000005	0.031004000000000004	-0.714172	16729600.0
2016-02-09	0.01524	0.040561	0.07084700000000001	0.040561	0.618949	24853800.0
2016-02-08	0.004947999999999999	0.043483	0.056598	0.036802	0.199971	17254400.0
2016-02-05	-0.002116	0.060041	0.061523	0.043497	-0.08570499999999999	17315700.0
2016-02-04	-0.004448	0.045248000000000003	0.054342999999999995	0.042298	-0.180924	14413700.0
2016-02-03	0.0065980000000000006	0.059072	0.062537	0.046205	0.266629	15958300.0
2016-02-02	-0.013022999999999998	0.042837	0.045035000000000006	0.035755	-0.533253	12332900.0
2016-02-01	0.001864	0.042335000000000005	0.055791999999999994	0.041601	0.076191	17097800.0
2016-01-29	0.008222	0.057317999999999994	0.067186	0.052138	0.333275	20457000.0
2016-01-28	0.011404000000000001	0.052410000000000005	0.06588300000000001	0.049416	0.45706899999999995	16622800.0
2016-01-27	0.00023799999999999998	0.052660000000000005	0.059648	0.043426	0.009525	14167000.0
2016-01-26	-0.001898	0.050164	0.058633000000000005	0.044435	-0.076187	13018500.0
2016-01-25	0.002378	0.054659000000000006	0.06115	0.046918	0.09522699999999999	12505200.0
2016-01-22	0.016187	0.056507	0.07173099999999999	0.051687000000000004	0.637996	15209200.0
2016-01-21	0.000242	0.051940999999999994	0.053463	0.042804	0.009522	15568900.0
2016-01-20	-0.012882	0.03839	0.042649	0.020853999999999998	-0.514206	19923500.0
2016-01-19	0.01012	0.056997000000000006	0.065853	0.05396	0.399936	15462200.0
2016-01-15	-0.009073999999999999	0.026844	0.042892	0.026342	-0.36185	20875700.0
2016-01-14	0.000717	0.053676999999999996	0.058194	0.044895	0.028572000000000004	16028000.0
2016-01-13	-0.006409999999999999	0.051411	0.061384	0.041936	-0.257103	16854300.0
2016-01-12	0.012987	0.06834900000000001	0.072137	0.057488	0.514202	21814800.0
2016-01-11	0.001686	0.051935	0.059019	0.044599	0.066662	15815200.0
2016-01-08	-0.002643	0.050921	0.06277999999999999	0.044864999999999995	-0.104752	14645900.0
2016-01-07	-0.016541	0.033538	0.044953	0.028575	-0.666557	20563600.0
2016-01-06	-0.005405	0.041526	0.049177	0.037577	-0.21901700000000002	16245100.0
2016-01-05	0.0035380000000000003	0.047935000000000005	0.055861	0.044467	0.142834	15781900.0
2016-01-04	-0.013035	0.035008	0.038919	0.025963999999999997	-0.533246	16084100.0
2015-12-31	-0.014	0.043656	0.044621	0.033292	-0.58086	9551800.0
2015-12-30	-0.003203	0.051125	0.05160599999999999	0.043918	-0.13331600000000002	5112500.0
2015-12-29	0.005059	0.05137100000000001	0.057166999999999996	0.050406	0.209488	7739800.0
2015-12-28	-0.0011480000000000001	0.047751999999999996	0.049682	0.044617000000000004	-0.047611	6326100.0
2015-12-24	-0.002977	0.045836	0.051366999999999996	0.044152	-0.123787	3036600.0
2015-12-23	0.008778	0.05259	0.060837999999999996	0.051620000000000006	0.36185100000000003	9092300.0
2015-12-22	0.011922	0.052128	0.065139	0.048445999999999996	0.485641	12280800.0
2015-12-21	0.006587999999999999	0.058071000000000005	0.061037	0.049176	0.266621	10444400.0
2015-12-18	-0.022764	0.047025	0.048474	0.026258	-0.942715	24583700.0
2015-12-17	-0.007984	0.049444999999999996	0.051362	0.040103	-0.333282	14697000.0
2015-12-16	0.017878	0.054553	0.070646	0.054553	0.73323	21868600.0
2015-12-15	0.014605000000000002	0.059812	0.069708	0.057833	0.590378	17916400.0
2015-12-14	0.004258	0.051157999999999995	0.062338	0.042711	0.171398	20092900.0
2015-12-11	-0.011459	0.046971	0.051883000000000006	0.034937	-0.466591	17313400.0
2015-12-10	0.002344	0.051887	0.060257000000000005	0.046964	0.095223	15481000.0
2015-12-09	-0.008138	0.044548000000000004	0.056513	0.037712	-0.333279	12945500.0
2015-12-08	-0.004398	0.046518000000000004	0.051379999999999995	0.040441000000000005	-0.180923	10736200.0
2015-12-07	-0.002079	0.050649	0.053803	0.043129	-0.085701	12030700.0
2015-12-04	0.019548	0.053132000000000006	0.075392	0.053132000000000006	0.790352	16488000.0
2015-12-03	-0.007248	0.049182	0.053111	0.039115	-0.295193	15004400.0
2015-12-02	-0.002798	0.048695	0.051144	0.042819	-0.11426900000000001	12598500.0
2015-12-01	0.006335	0.052875	0.061991	0.052875	0.257103	11153000.0
2015-11-30	-0.012283	0.049434	0.050164	0.037022	-0.504685	16063000.0
2015-11-27	0.0027890000000000002	0.050408	0.055289	0.044551	0.114273	7236700.0
2015-11-25	0.0	0.057241999999999994	0.061635	0.055289	0.0	10344900.0
2015-11-24	0.009311	0.051814	0.07398300000000001	0.050828	0.37799099999999997	15767200.0
2015-11-23	0.012491	0.061211	0.076923	0.060712	0.500847	13338100.0
2015-11-20	-0.015774	0.063127	0.069755	0.04079	-0.642601	19780800.0
2015-11-19	0.019631	0.05921900000000001	0.083747	0.05921900000000001	0.784347	24090700.0
2015-11-18	0.014639	0.060758000000000006	0.075487	0.058472	0.576443	12966300.0
2015-11-17	-0.006912000000000001	0.05544400000000001	0.06301	0.046869	-0.274052	12739400.0
2015-11-16	0.014015999999999999	0.059497	0.074073	0.058474	0.548092	11244900.0
2015-11-13	-0.00481	0.055164	0.063308	0.052619000000000006	-0.188999	11619500.0
2015-11-12	-0.010942	0.057463	0.05847	0.046387	-0.434692	10725000.0
2015-11-11	0.006464	0.062525	0.069112	0.062018	0.255146	9101200.0
2015-11-10	0.005536999999999999	0.055670000000000004	0.065096	0.055416	0.217346	8283100.0
2015-11-09	-0.01001	0.051661	0.05393099999999999	0.042582	-0.396893	10842700.0
2015-11-06	-0.008741	0.049218	0.055467999999999996	0.040218000000000004	-0.349647	11926700.0
2015-11-05	0.008578	0.058974	0.067799	0.05847	0.340198	9625100.0
2015-11-04	-0.004507	0.060979	0.06399099999999999	0.051440999999999994	-0.179546	10488500.0
2015-11-03	-0.001894	0.056714999999999995	0.060222000000000005	0.047445	-0.075603	9693100.0
2015-11-02	-0.002597	0.057468	0.05846799999999999	0.046974	-0.103951	16252200.0
2015-10-30	-0.010283	0.058464999999999996	0.059949	0.047337	-0.41578699999999996	15356200.0
2015-10-29	0.0014039999999999999	0.056484000000000006	0.062428	0.048559	0.05669400000000001	9427400.0
2015-10-28	0.002816	0.06169500000000001	0.06393	0.048284	0.11340399999999999	13667300.0
2015-10-27	0.00047000000000000004	0.055982000000000004	0.06269	0.055485	0.018897999999999998	30166600.0
2015-10-26	-0.004674	0.057476	0.060690999999999995	0.050057	-0.188996	14788600.0
2015-10-23	-0.010407	0.05993099999999999	0.05993099999999999	0.046225999999999996	-0.42524300000000004	18796100.0
2015-10-22	0.024887	0.064488	0.099854	0.063736	0.9922290000000001	35920200.0
2015-10-21	-0.002364	0.049460000000000004	0.063973	0.043705	-0.094493	19254900.0
2015-10-20	0.007144	0.05847	0.068551	0.05847	0.283493	16120100.0
2015-10-19	-0.000714	0.055196	0.059225	0.052677	-0.028350999999999998	15553800.0
2015-10-16	0.002386	0.064277	0.065539	0.057208	0.09450499999999999	20384200.0
2015-10-15	0.005758	0.063042	0.067104	0.056187	0.22679499999999997	11801600.0
2015-10-14	0.00072	0.055930999999999995	0.066094	0.055930999999999995	0.028339999999999997	14180000.0
2015-10-13	-0.008333	0.053179	0.05595	0.046627999999999996	-0.330735	12903600.0
2015-10-12	-0.00047599999999999997	0.053433	0.06501799999999999	0.052929	-0.018905	12299100.0
2015-10-09	0.000953	0.054185000000000004	0.061747	0.053176	0.037802999999999996	13931200.0
2015-10-08	0.011079	0.051591	0.07019700000000001	0.051591	0.43468900000000005	11960200.0
2015-10-07	0.013672	0.062868	0.07501100000000001	0.061835	0.5291939999999999	14329700.0
2015-10-06	-0.001219	0.058991999999999996	0.066733	0.056153999999999996	-0.047245	14579400.0
2015-10-05	0.01535	0.059789999999999996	0.07551000000000001	0.059266	0.585888	15664000.0
2015-10-02	0.014824	0.051837	0.073905	0.046519	0.557541	15537300.0
2015-10-01	-0.007976	0.06085599999999999	0.06745	0.044502	-0.30239499999999997	19606600.0
2015-09-30	0.011599	0.064088	0.07342699999999999	0.061952999999999994	0.434692	19752600.0
2015-09-29	0.0032890000000000003	0.05795	0.063037	0.052864	0.122853	14166900.0
2015-09-28	-0.0022719999999999997	0.055547000000000006	0.06356	0.050472	-0.085053	19323100.0
2015-09-25	0.012005	0.065786	0.083356	0.063083	0.444141	22511300.0
2015-09-24	0.010062	0.051666	0.07023099999999999	0.051392999999999994	0.368546	19385700.0
2015-09-23	-0.000773	0.05821799999999999	0.060673000000000005	0.051671	-0.028347000000000004	8910800.0
2015-09-22	-0.010206999999999999	0.044447	0.052818	0.041747	-0.377998	15021300.0
2015-09-21	0.005386999999999999	0.060118	0.067177	0.057132	0.198444	12935800.0
2015-09-18	-0.010157	0.044245	0.05606799999999999	0.040214	-0.37798699999999996	27527300.0
2015-09-17	0.005875	0.05821799999999999	0.07065199999999999	0.055245	0.217342	21232500.0
2015-09-16	0.016883000000000002	0.062891	0.077183	0.05739299999999999	0.614239	22233400.0
2015-09-15	0.010499	0.057385000000000005	0.072939	0.053217999999999994	0.37799499999999997	13019800.0
2015-09-14	-0.000787	0.060716	0.060716	0.050447000000000006	-0.028350999999999998	8950000.0
2015-09-11	0.00105	0.055995	0.060996	0.051273	0.037802999999999996	11802300.0
2015-09-10	0.003133	0.067665	0.07714	0.065993	0.11242	14952500.0
2015-09-09	-0.015424	0.073423	0.075892	0.048179	-0.5621109999999999	13764600.0
2015-09-08	0.009865	0.077084	0.081518	0.069603	0.35599899999999995	15273900.0
2015-09-04	-0.016343	0.054303	0.057301	0.046126	-0.599587	15450500.0
2015-09-03	0.006684000000000001	0.067386	0.07946	0.06573999999999999	0.243588	13311600.0
2015-09-02	0.003871	0.075099	0.076201	0.062152	0.140522	14054800.0
2015-09-01	-0.014496	0.049741	0.059514	0.046212	-0.534012	23703200.0
2015-08-31	-0.003295	0.059269	0.067386	0.056834	-0.12179200000000001	12673300.0
2015-08-28	0.004582999999999999	0.063037	0.072822	0.061405999999999995	0.168629	14503900.0
2015-08-27	0.013943	0.076481	0.0853	0.063803	0.505909	18871600.0
2015-08-26	0.019479	0.088739	0.090987	0.064576	0.69329	23523300.0
2015-08-25	-0.010162000000000001	0.088244	0.092416	0.054871	-0.36538699999999996	31363700.0
2015-08-24	-0.029092000000000003	0.025802999999999996	0.051454999999999994	-0.01281	-1.077392	44065300.0
2015-08-21	-0.025154	0.057120000000000004	0.06527999999999999	0.040010000000000004	-0.955608	28036200.0
2015-08-20	-0.00564	0.060580999999999996	0.06843300000000001	0.057963	-0.215477	14218000.0
2015-08-19	-0.012591	0.063251	0.065836	0.053947	-0.48716800000000005	15704800.0
2015-08-18	-0.001209	0.065579	0.072033	0.06325599999999999	-0.046844	11199400.0
2015-08-17	0.002424	0.061693	0.072561	0.060141	0.093685	8272800.0
2015-08-14	0.00365	0.065049	0.071282	0.06375	0.140529	9904800.0
2015-08-13	-0.003878	0.06790299999999999	0.070491	0.06091900000000001	-0.149898	10270900.0
2015-08-12	-0.005304	0.058379999999999994	0.061725	0.051174000000000004	-0.206116	9602200.0
2015-08-11	-0.004797999999999999	0.060215	0.064569	0.054325	-0.187374	11254900.0
2015-08-10	-0.0021550000000000002	0.070452	0.073008	0.06253099999999999	-0.084316	9501900.0
2015-08-07	-0.003578	0.064585	0.068659	0.05745599999999999	-0.14053	10886700.0
2015-08-06	-0.004748	0.064345	0.070681	0.060797000000000004	-0.18737	11378900.0
2015-08-05	0.006451999999999999	0.06917100000000001	0.076823	0.066621	0.252952	15329200.0
2015-08-04	0.007462999999999999	0.066615	0.075866	0.062247000000000004	0.290429	17559900.0
2015-08-03	0.011198	0.06141	0.079598	0.06115	0.430954	14672600.0
2015-07-31	0.012821	0.075807	0.084755	0.072912	0.487178	15309500.0
2015-07-30	-0.000739	0.066334	0.071594	0.062126999999999995	-0.028106	9095500.0
2015-07-29	0.000986	0.06686	0.071598	0.065807	0.037472000000000005	8479900.0
2015-07-28	0.00024700000000000004	0.07028200000000001	0.072389	0.06475299999999999	0.009372	11021800.0
2015-07-27	0.002473	0.063163	0.07108099999999999	0.059996	0.093689	10945700.0
2015-07-24	-0.009794	0.065295	0.067125	0.056148	-0.374752	10912500.0
2015-07-23	-0.001467	0.069735	0.070518	0.056425	-0.056216999999999996	13522200.0
2015-07-22	-0.00704	0.057539	0.077752	0.051838	-0.271687	15528600.0
2015-07-21	-0.004592000000000001	0.067386	0.070997	0.060163	-0.178005	13653800.0
2015-07-20	0.003152	0.069974	0.07489	0.06661	0.121796	10024200.0
2015-07-17	-0.0055450000000000004	0.063011	0.063269	0.056321	-0.21548499999999998	9608300.0
2015-07-16	0.00851	0.074912	0.079583	0.07309500000000001	0.3279	10483700.0
2015-07-15	-0.0009710000000000001	0.066868	0.072312	0.065571	-0.037468	11252100.0
2015-07-14	0.012543	0.073686	0.083137	0.072111	0.477799	19531000.0
2015-07-13	0.006684999999999999	0.071879	0.077428	0.070029	0.252956	9854200.0
2015-07-10	0.011774	0.07674500000000001	0.083429	0.073803	0.440334	13360400.0
2015-07-09	0.001505	0.083453	0.08666599999999999	0.068457	0.05620599999999999	13305200.0
2015-07-08	-0.009689	0.060490999999999996	0.066856	0.056513	-0.365372	11383700.0
2015-07-07	0.021055	0.06928200000000001	0.09337999999999999	0.066845	0.7776	20335000.0
2015-07-06	-0.001773	0.062791	0.070359	0.060088	-0.065583	10252600.0
2015-07-02	-0.00025299999999999997	0.070899	0.075763	0.063333	-0.009372	8975900.0
2015-07-01	0.006881999999999999	0.071467	0.077453	0.068746	0.252952	11177400.0
2015-06-30	-0.004315	0.073075	0.073075	0.059801	-0.15926300000000002	14621300.0
2015-06-29	-0.015	0.062049	0.066852	0.051375	-0.5621229999999999	15500800.0
2015-06-26	-0.0005	0.06952	0.076188	0.066853	-0.018734	16215600.0
2015-06-25	-0.004229999999999999	0.069776	0.07137	0.06287100000000001	-0.15926700000000002	10607600.0
2015-06-24	-0.004705	0.067122	0.069236	0.062363999999999996	-0.178009	10385100.0
2015-06-23	-0.00247	0.066068	0.068441	0.062903	-0.093685	11094900.0
2015-06-22	0.00198	0.070292	0.078218	0.068971	0.074947	8775900.0
2015-06-19	-0.00615	0.06581000000000001	0.067386	0.060822	-0.23421799999999998	23550600.0
2015-06-18	0.009436	0.06447	0.07984400000000001	0.06447	0.356014	16314600.0
2015-06-17	0.0047409999999999996	0.067386	0.073778	0.065522	0.178005	13898400.0
2015-06-16	0.012376999999999999	0.068465	0.082754	0.067656	0.45906800000000003	12517400.0
2015-06-15	-0.009259	0.063913	0.064715	0.056968	-0.346649	11364800.0
2015-06-12	-0.0034909999999999997	0.065789	0.06791799999999999	0.060465	-0.131157	15568600.0
2015-06-11	0.0025	0.07032100000000001	0.07405700000000001	0.068186	0.093682	11944900.0
2015-06-10	0.0032340000000000003	0.079404	0.08529400000000001	0.078334	0.1208	11979900.0
2015-06-09	0.0009960000000000001	0.07646	0.083159	0.074852	0.03717	10772700.0
2015-06-08	0.0014960000000000002	0.076192	0.080486	0.074045	0.055751999999999996	14339300.0
2015-06-05	-0.012072	0.073275	0.074336	0.06267	-0.45531499999999997	15975600.0
2015-06-04	-0.006851	0.071979	0.07908899999999999	0.067239	-0.260166	10145800.0
2015-06-03	-0.002928	0.07908	0.081968	0.07067799999999999	-0.11151099999999999	8148600.0
2015-06-02	0.001221	0.073563	0.081975	0.069357	0.046463	11878600.0
2015-06-01	-0.000488	0.086702	0.088015	0.07409	-0.018588999999999998	12684100.0
2015-05-29	-0.004375	0.077238	0.077238	0.066513	-0.167256	19628600.0
2015-05-28	0.00048600000000000005	0.078286	0.080903	0.069911	0.018586000000000002	9395200.0
2015-05-27	0.003171	0.074879	0.081706	0.071991	0.120796	9863100.0
2015-05-26	-0.005338	0.07384199999999999	0.075409	0.06391799999999999	-0.204422	15194300.0
2015-05-22	-0.00048499999999999997	0.073321	0.076453	0.071233	-0.018581999999999998	11909500.0
2015-05-21	-0.002902	0.07385	0.075411	0.068905	-0.111507	9270900.0
2015-05-20	0.000968	0.07775499999999999	0.083486	0.076192	0.037167	10965200.0
2015-05-19	-0.000242	0.073848	0.078015	0.071243	-0.009293000000000001	9072000.0
2015-05-18	-0.004817	0.075415	0.075415	0.069194	-0.185833	11511700.0
2015-05-15	0.000482	0.074895	0.08111900000000001	0.074377	0.018581	8479000.0
2015-05-14	0.010962000000000001	0.082746	0.090611	0.081698	0.418141	9961000.0
2015-05-13	0.008847	0.077779	0.093913	0.076985	0.334511	13183700.0
2015-05-12	-0.006106	0.071723	0.076718	0.065151	-0.2323	12384500.0
2015-05-11	-0.000976	0.076192	0.08695900000000001	0.07356599999999999	-0.037170999999999996	10113500.0
2015-05-08	0.00688	0.084125	0.08862	0.08015800000000001	0.260178	11144400.0
2015-05-07	0.000984	0.072751	0.08280900000000001	0.07222200000000001	0.037167	13834700.0
2015-05-06	-0.002209	0.083851	0.085171	0.06668400000000001	-0.083634	11906900.0
2015-05-05	-0.0051270000000000005	0.080921	0.080921	0.06883500000000001	-0.195129	11721300.0
2015-05-04	0.001222	0.075403	0.08119	0.072509	0.046455	10204800.0
2015-05-01	0.008629000000000001	0.076723	0.086009	0.0746	0.325226	10848300.0
2015-04-30	0.0017289999999999999	0.0738	0.078584	0.07061	0.065041	12700800.0
2015-04-29	-0.006868000000000001	0.073288	0.075664	0.066425	-0.26017399999999996	11371400.0
2015-04-28	-0.001469	0.079355	0.07988200000000001	0.07013	-0.055748	12174800.0
2015-04-27	-0.001467	0.079087	0.083035	0.073297	-0.05574400000000001	10044600.0
2015-04-24	-0.001465	0.078557	0.08066	0.072513	-0.055760000000000004	11623300.0
2015-04-23	-0.008715	0.07410800000000001	0.078797	0.06603200000000001	-0.334514	17408800.0
2015-04-22	0.012996	0.096776	0.09704	0.083845	0.49247299999999994	26887200.0
2015-04-21	0.002951	0.07645700000000001	0.084926	0.073016	0.111508	19673100.0
2015-04-20	0.008933	0.07939600000000001	0.09221499999999999	0.07912899999999999	0.334514	13023700.0
2015-04-17	-0.007389	0.072746	0.077782	0.062938	-0.27875900000000003	15330300.0
2015-04-16	0.00495	0.076458	0.088446	0.073528	0.185833	13121000.0
2015-04-15	-0.002715	0.078317	0.084162	0.071144	-0.102207	11189100.0
2015-04-14	-0.004668	0.073283	0.07487	0.06614400000000001	-0.176548	11209700.0
2015-04-13	-0.004403	0.078561	0.078561	0.071453	-0.167259	9616300.0
2015-04-10	-0.004141	0.07724099999999999	0.079076	0.070949	-0.157959	8720000.0
2015-04-09	0.003913000000000001	0.073823	0.081193	0.069349	0.148678	12710900.0
2015-04-08	-0.002926	0.075405	0.078291	0.069107	-0.11151199999999999	8954700.0
2015-04-07	-0.003886	0.073055	0.08142	0.070964	-0.148674	9773400.0
2015-04-06	0.012045	0.078573	0.10079500000000001	0.073811	0.45531099999999997	19843400.0
2015-04-02	0.0	0.077515	0.081218	0.070901	0.0	14343100.0
2015-04-01	0.003206	0.082562	0.083092	0.067699	0.120796	14300700.0
2015-03-31	0.000987	0.076192	0.08655299999999999	0.07194099999999999	0.037167	16604800.0
2015-03-30	0.010728	0.076997	0.090423	0.072433	0.399555	12561400.0
2015-03-27	-0.006691	0.07965900000000001	0.07965900000000001	0.066057	-0.250881	14384400.0
2015-03-26	-0.002472	0.073265	0.07911900000000001	0.070339	-0.092918	17359600.0
2015-03-25	-0.0004940000000000001	0.07938300000000001	0.082308	0.070076	-0.018588999999999998	22811300.0
2015-03-24	-0.003693	0.083875	0.085995	0.07221799999999999	-0.139382	13485700.0
2015-03-23	-0.0007379999999999999	0.075927	0.08387	0.07222100000000001	-0.02787	17060500.0
2015-03-20	0.015742	0.07753600000000001	0.093402	0.075923	0.585392	31608500.0
2015-03-19	-0.014286000000000002	0.073011	0.074071	0.059226999999999995	-0.538933	16057600.0
2015-03-18	0.002222	0.075395	0.083631	0.05732999999999999	0.083626	26247500.0
2015-03-17	0.0054600000000000004	0.086342	0.08794500000000001	0.07699299999999999	0.204426	21661800.0
2015-03-16	0.009521	0.07861900000000001	0.08805700000000001	0.078349	0.353092	15238800.0
2015-03-13	-0.016268	0.07274299999999999	0.076192	0.050726	-0.613274	17438400.0
2015-03-12	0.020116	0.085122	0.09784	0.082957	0.74337	17728700.0
2015-03-11	-0.0145	0.086189	0.086189	0.068854	-0.543724	18549700.0
2015-03-10	-0.016912	0.077519	0.07883	0.066508	-0.645084	14599100.0
2015-03-09	-0.0031309999999999997	0.085383	0.085906	0.07989500000000001	-0.119808	10123300.0
2015-03-06	-0.020755000000000003	0.077956	0.08000299999999999	0.057738	-0.810971	18180500.0
2015-03-05	-0.002353	0.086654	0.08793	0.078739	-0.092155	9223000.0
2015-03-04	-0.010477	0.084364	0.08588	0.072995	-0.414692	16263000.0
2015-03-03	-0.005787	0.082861	0.084117	0.076079	-0.2304	10036300.0
2015-03-02	-0.002309	0.085122	0.085122	0.079609	-0.092144	13514600.0
2015-02-27	0.019783000000000002	0.086655	0.11578900000000002	0.085377	0.774101	28312800.0
2015-02-26	0.00975	0.084864	0.098025	0.083057	0.377835	14346500.0
2015-02-25	-0.0018989999999999999	0.08615199999999999	0.08795499999999999	0.075077	-0.073719	10323300.0
2015-02-24	0.006691	0.085122	0.09756799999999999	0.083048	0.258037	12782700.0
2015-02-23	-0.002859	0.0784	0.090293	0.077882	-0.11059200000000001	11830300.0
2015-02-20	-0.003325	0.08331799999999999	0.085122	0.073011	-0.12901300000000002	15982400.0
2015-02-19	0.009106	0.08382200000000001	0.098384	0.079921	0.350193	16578300.0
2015-02-18	-0.001913	0.083565	0.084862	0.076298	-0.073726	9789800.0
2015-02-17	-0.004287	0.08047	0.08227899999999999	0.07607699999999999	-0.165883	12804200.0
2015-02-13	-0.004268	0.081262	0.08666599999999999	0.074572	-0.165878	10792100.0
2015-02-12	-0.00472	0.08589	0.092549	0.077439	-0.184311	13818200.0
2015-02-11	-0.000708	0.077444	0.087425	0.067207	-0.027652999999999997	20496300.0
2015-02-10	0.028377	0.12933699999999998	0.132496	0.110651	1.0782209999999999	32184200.0
2015-02-09	-0.005308	0.083289	0.085122	0.074388	-0.202744	13371100.0
2015-02-06	-0.008136	0.080967	0.084343	0.072918	-0.313327	12366400.0
2015-02-05	0.002639	0.088246	0.088767	0.080696	0.101371	11078500.0
2015-02-04	0.001201	0.088771	0.097112	0.084861	0.046077999999999994	16400000.0
2015-02-03	0.000962	0.089297	0.09190599999999999	0.07938200000000001	0.036869	13193100.0
2015-02-02	0.010202	0.086176	0.097246	0.07800599999999999	0.38705100000000003	15197500.0
2015-01-30	-0.022090000000000002	0.078163	0.08073999999999999	0.059605	-0.8570479999999999	19193700.0
2015-01-29	0.004294	0.08123899999999999	0.091076	0.073473	0.165882	13657900.0
2015-01-28	-0.011087999999999999	0.090242	0.095617	0.07257899999999999	-0.43313599999999997	14278500.0
2015-01-27	-0.014186	0.073514	0.07603700000000001	0.063672	-0.562149	15274000.0
2015-01-26	-0.007157999999999999	0.081865	0.083118	0.07309600000000001	-0.285679	11151900.0
2015-01-23	-0.010736	0.08066	0.084378	0.07025	-0.43313199999999996	12357700.0
2015-01-22	0.009686	0.085372	0.096884	0.077864	0.387054	14709100.0
2015-01-21	0.004634	0.078333	0.09191	0.07506499999999999	0.184307	10720600.0
2015-01-20	0.014813	0.089459	0.10553399999999999	0.087163	0.5805899999999999	17047300.0
2015-01-16	0.003539	0.08461	0.090499	0.081537	0.138225	15114900.0
2015-01-15	-0.004229	0.09200599999999999	0.092771	0.075178	-0.165878	11193100.0
2015-01-14	-0.0016420000000000002	0.071122	0.084358	0.070867	-0.064511	13443900.0
2015-01-13	-0.00023500000000000002	0.08995700000000001	0.100391	0.080287	-0.009216	12529500.0
2015-01-12	-0.009063	0.086131	0.089409	0.070748	-0.35940500000000003	11415800.0
2015-01-09	-0.011032	0.084124	0.086369	0.071156	-0.442345	12733500.0
2015-01-08	0.012095999999999999	0.089918	0.099762	0.087898	0.479206	21743600.0
2015-01-07	0.012482	0.093811	0.101733	0.088189	0.488426	13412300.0
2015-01-06	0.007594	0.092074	0.105722	0.087697	0.294892	16897500.0
2015-01-05	0.0	0.099284	0.106495	0.083577	0.0	26292600.0
2015-01-02	-0.001895	0.08615	0.08974800000000001	0.074327	-0.073719	9921100.0
2014-12-31	-0.012629000000000001	0.08918200000000001	0.08968999999999999	0.071418	-0.49763900000000005	9369500.0
2014-12-30	-0.002333	0.082084	0.088413	0.079805	-0.09215599999999999	9222000.0
2014-12-29	-0.002328	0.08108	0.087648	0.07325	-0.092159	8694500.0
2014-12-26	0.000466	0.08588	0.09421900000000001	0.084869	0.018437000000000002	6466900.0
2014-12-24	-0.000698	0.088405	0.091688	0.083859	-0.027645999999999997	6405900.0
2014-12-23	0.01464	0.08999	0.10536400000000001	0.088197	0.5713699999999999	13411300.0
2014-12-22	0.009535	0.090037	0.09779700000000001	0.08874299999999999	0.368618	11190900.0
2014-12-19	-0.01038	0.08640199999999999	0.095361	0.072323	-0.405491	24009500.0
2014-12-18	0.020217	0.093218	0.10705899999999999	0.09034500000000001	0.774112	18030700.0
2014-12-17	0.02872	0.086465	0.121928	0.084853	1.069001	20223900.0
2014-12-16	-0.004437	0.075226	0.10491500000000001	0.064527	-0.165879	23475400.0
2014-12-15	-0.008311	0.09095700000000001	0.092283	0.075838	-0.31333099999999997	23378500.0
2014-12-12	-0.014929	0.081464	0.087212	0.06787699999999999	-0.571358	18432400.0
2014-12-11	-0.0016829999999999998	0.08564400000000001	0.095817	0.082514	-0.06451	16201500.0
2014-12-10	-0.010466	0.085122	0.090284	0.072732	-0.405487	18324100.0
2014-12-09	-0.025498	0.06022	0.06977799999999999	0.048146	-1.01371	25714600.0
2014-12-08	-0.008959	0.084623	0.087615	0.074153	-0.35941	12802300.0
2014-12-05	0.0006900000000000001	0.085122	0.087866	0.077638	0.027649	12536900.0
2014-12-04	-0.006848999999999999	0.080663	0.086113	0.07446900000000001	-0.276462	13779700.0
2014-12-03	-0.016615	0.08219800000000001	0.08268500000000001	0.06611900000000001	-0.6819609999999999	15246500.0
2014-12-02	-0.00022400000000000002	0.080738	0.088045	0.077328	-0.009209	9878100.0
2014-12-01	-0.006246	0.069388	0.08366900000000001	0.068178	-0.25804099999999996	10065700.0
2014-11-28	0.012193	0.081692	0.10251700000000001	0.081692	0.497646	10502000.0
2014-11-26	0.003739	0.081802	0.091147	0.08131000000000001	0.152058	9199200.0
2014-11-25	0.003614	0.092622	0.10052	0.08892	0.14643399999999998	10741700.0
2014-11-24	-0.005169	0.09286799999999999	0.099497	0.085256	-0.210506	12890800.0
2014-11-21	0.00565	0.100771	0.10472100000000001	0.093363	0.228805	14382700.0
2014-11-20	0.000679	0.086198	0.097564	0.08348	0.027462	13465400.0
2014-11-19	0.015851	0.096136	0.11521300000000001	0.093375	0.631505	25402300.0
2014-11-18	0.014213	0.093386	0.116552	0.088295	0.558296	26143000.0
2014-11-17	0.0044469999999999996	0.09313400000000001	0.099271	0.092623	0.17389300000000002	10664000.0
2014-11-14	-0.001402	0.090324	0.097219	0.08521799999999999	-0.054913	10939500.0
2014-11-13	0.001873	0.091088	0.102088	0.090576	0.073219	12007700.0
2014-11-12	0.004705	0.092622	0.10239	0.087482	0.183045	12768800.0
2014-11-11	0.0028309999999999997	0.092365	0.100871	0.091849	0.109825	8563700.0
2014-11-10	0.0016539999999999999	0.09081499999999999	0.099077	0.086684	0.064072	9088900.0
2014-11-07	0.000709	0.096756	0.097015	0.088747	0.02745	11803800.0
2014-11-06	-0.00047300000000000006	0.095721	0.100628	0.08745800000000001	-0.018307	11528800.0
2014-11-05	0.011717	0.105163	0.11143399999999999	0.097064	0.44846	20676800.0
2014-11-04	0.000239	0.09157699999999999	0.09889400000000001	0.088702	0.009152	10105300.0
2014-11-03	-0.0016710000000000002	0.09027400000000001	0.103058	0.08505599999999999	-0.064064	13230600.0
2014-10-31	0.011594	0.10397100000000001	0.105554	0.092622	0.439312	18477700.0
2014-10-30	0.010742	0.093689	0.109428	0.089154	0.402694	18295600.0
2014-10-29	0.009862000000000001	0.095047	0.10528399999999999	0.091545	0.366101	25761800.0
2014-10-28	-0.004907	0.092622	0.095303	0.085921	-0.183045	18658700.0
2014-10-27	-0.006581	0.083834	0.08942699999999999	0.080106	-0.24711999999999998	17222500.0
2014-10-24	0.004161	0.095831	0.10358599999999998	0.09422699999999999	0.155594	13396000.0
2014-10-23	0.005909	0.10123	0.11306600000000001	0.095851	0.219662	23346800.0
2014-10-22	-0.001475	0.079462	0.104172	0.077044	-0.054920000000000004	27728200.0
2014-10-21	-0.060291	0.029776	0.039619	0.016146	-2.3887490000000002	55953500.0
2014-10-20	0.009561	0.08931	0.10765599999999999	0.088291	0.375241	17647800.0
2014-10-17	0.007519	0.09596	0.104689	0.086204	0.292877	23236000.0
2014-10-16	-0.015499	0.077963	0.085293	0.071139	-0.613205	22519200.0
2014-10-15	-0.009395	0.069087	0.08986799999999999	0.069087	-0.375248	22988600.0
2014-10-14	-0.009757	0.091878	0.093862	0.077747	-0.39355100000000004	21027400.0
2014-10-13	-0.008995	0.08795399999999999	0.096553	0.081811	-0.366093	20175200.0
2014-10-10	0.013677000000000002	0.092872	0.117528	0.092124	0.549149	25920800.0
2014-10-09	-0.015263999999999998	0.089925	0.097528	0.075945	-0.622356	25029300.0
2014-10-08	0.014343999999999999	0.084164	0.108544	0.082423	0.576591	26115600.0
2014-10-07	0.007339	0.089615	0.106155	0.089615	0.292873	24936600.0
2014-10-06	0.013954	0.093385	0.109901	0.09186	0.549141	20328100.0
2014-10-03	0.00797	0.097745	0.10312400000000001	0.092623	0.311181	14046300.0
2014-10-02	-0.001872	0.089043	0.093645	0.08444199999999999	-0.073224	16643200.0
2014-10-01	0.001875	0.089805	0.09748899999999999	0.085195	0.073224	30409700.0
2014-09-30	0.009704	0.08874299999999999	0.10710399999999999	0.088226	0.375236	22613700.0
2014-09-29	0.001185	0.084855	0.094176	0.084337	0.045765	12441100.0
2014-09-26	0.010053	0.098376	0.10491400000000001	0.090792	0.384396	9939600.0
2014-09-25	-0.011592	0.08719400000000001	0.09003799999999999	0.079698	-0.44846	11076300.0
2014-09-24	0.009071	0.091579	0.10436	0.091579	0.34779	13540900.0
2014-09-23	-0.007816	0.08692899999999999	0.09107	0.08382300000000001	-0.302037	10251300.0
2014-09-22	0.004043	0.087426	0.097819	0.08430800000000001	0.15559800000000001	11518100.0
2014-09-19	0.006221	0.09759	0.10726400000000001	0.09157699999999999	0.23795300000000003	47559700.0
2014-09-18	0.004326	0.096299	0.099712	0.091047	0.164746	12586400.0
2014-09-17	-0.000721	0.09603400000000001	0.096296	0.084226	-0.027458999999999997	16693800.0
2014-09-16	0.0033729999999999997	0.087094	0.100521	0.08419700000000001	0.128132	15232800.0
2014-09-15	0.000965	0.092359	0.09578500000000001	0.089197	0.036614	12259600.0
2014-09-12	-0.011681	0.09132	0.09184099999999999	0.07725499999999999	-0.448467	12966800.0
2014-09-11	0.00203	0.08779400000000001	0.09771200000000001	0.087272	0.077793	19614000.0
2014-09-10	0.005484	0.09953300000000001	0.107143	0.097696	0.208984	17558000.0
2014-09-09	0.003829	0.100319	0.10716800000000001	0.09979199999999999	0.14537	11892500.0
2014-09-08	-0.001434	0.096111	0.10321300000000001	0.095058	-0.054515	9097700.0
2014-09-05	-0.0007160000000000001	0.10032	0.10032	0.093748	-0.027256	12768100.0
2014-09-04	0.002154	0.101109	0.110856	0.09926499999999999	0.08177100000000001	16785300.0
2014-09-03	0.0033619999999999995	0.101904	0.10613299999999999	0.101111	0.127217	8635400.0
2014-09-02	-0.001918	0.09530599999999999	0.103748	0.089766	-0.072701	9798100.0
2014-08-29	0.0021620000000000003	0.099789	0.103755	0.096353	0.08178400000000001	7666700.0
2014-08-28	0.000721	0.098201	0.103228	0.09635	0.027256	9746400.0
2014-08-27	0.0	0.098731	0.103493	0.09635	0.0	7693100.0
2014-08-26	0.004588	0.100583	0.10829000000000001	0.100583	0.17263399999999998	8416500.0
2014-08-25	0.007053	0.10593599999999999	0.10941500000000001	0.100583	0.2635	10229300.0
2014-08-22	-0.0070030000000000005	0.097393	0.103506	0.091015	-0.2635	11244600.0
2014-08-21	0.003879	0.10165	0.112322	0.09978200000000001	0.145374	11951000.0
2014-08-20	-0.000242	0.097648	0.102716	0.09604800000000001	-0.009082999999999999	6782500.0
2014-08-19	-0.002177	0.100582	0.10404300000000001	0.095525	-0.081775	10260400.0
2014-08-18	0.011497	0.098159	0.11512	0.098159	0.427044	14891500.0
2014-08-15	0.017422	0.11893499999999999	0.127152	0.11373	0.6360319999999999	23221600.0
2014-08-14	0.0060090000000000005	0.10030700000000001	0.107472	0.10030700000000001	0.21807100000000001	6902000.0
2014-08-13	0.006552	0.101137	0.112232	0.101137	0.236236	9638900.0
2014-08-12	0.00278	0.10030399999999999	0.10809200000000001	0.099748	0.099941	13297500.0
2014-08-11	0.003042	0.10253599999999999	0.1123	0.10253599999999999	0.10904000000000001	14102600.0
2014-08-08	0.002541	0.100303	0.10701600000000001	0.098065	0.09085800000000001	13667000.0
2014-08-07	-0.014279	0.101685	0.10306400000000002	0.08431699999999999	-0.5179060000000001	14367400.0
2014-08-06	0.018887	0.099178	0.122493	0.099178	0.672371	17567500.0
2014-08-05	-0.005584	0.098906	0.10421400000000001	0.09220199999999999	-0.199898	11639200.0
2014-08-04	0.0028	0.10394400000000001	0.10534500000000001	0.095821	0.099949	11012900.0
2014-08-01	0.0	0.096101	0.10618499999999999	0.09414	0.0	13566700.0
2014-07-31	-0.008329000000000001	0.098082	0.10363800000000001	0.090304	-0.29984299999999997	15434700.0
2014-07-30	-0.018092	0.10330999999999999	0.104674	0.080399	-0.66328	20346200.0
2014-07-29	-0.008112000000000001	0.102476	0.103288	0.091654	-0.299847	10863600.0
2014-07-28	-0.0078049999999999994	0.100314	0.100582	0.090114	-0.290756	11709100.0
2014-07-25	0.000732	0.099239	0.10246300000000001	0.09628400000000001	0.027260000000000003	10809900.0
2014-07-24	0.003921	0.104897	0.108403	0.096537	0.145378	14856000.0
2014-07-23	-0.009225	0.094971	0.096842	0.08562	-0.34526799999999996	17531700.0
2014-07-22	-0.028538	0.066838	0.072808	0.05411900000000001	-1.099423	24706000.0
2014-07-21	-0.0007070000000000001	0.092542	0.10421400000000001	0.091763	-0.027252	17607200.0
2014-07-18	0.009757	0.103725	0.11236900000000001	0.100582	0.37251999999999996	19272400.0
2014-07-17	-0.002374	0.095618	0.101367	0.09300499999999999	-0.090851	9983500.0
2014-07-16	0.000475	0.10476500000000001	0.10816400000000001	0.098491	0.01817	10331400.0
2014-07-15	-0.006606999999999999	0.101362	0.101881	0.089416	-0.254414	10541900.0
2014-07-14	0.009769	0.101107	0.111596	0.100845	0.372525	11857700.0
2014-07-11	-0.006862	0.096937	0.10032200000000001	0.090686	-0.263489	9773000.0
2014-07-10	0.007390000000000001	0.090351	0.109503	0.090088	0.281673	12564500.0
2014-07-09	0.00023799999999999998	0.10032	0.10635599999999999	0.09664600000000001	0.009082999999999999	9891600.0
2014-07-08	-0.004746	0.09614299999999999	0.10345499999999999	0.094576	-0.181725	10090500.0
2014-07-07	-0.002131	0.093546	0.099801	0.092764	-0.08177100000000001	8991900.0
2014-07-03	-0.001419	0.099802	0.101363	0.093296	-0.054520000000000006	7537700.0
2014-07-02	0.0	0.101103	0.10370499999999999	0.096939	0.0	6707000.0
2014-07-01	-0.0016530000000000002	0.101362	0.102921	0.095126	-0.063606	11497700.0
2014-06-30	0.00403	0.095105	0.10840899999999999	0.090931	0.154476	14058700.0
2014-06-27	0.003807	0.099535	0.10739100000000001	0.09744	0.145367	18674400.0
2014-06-26	0.001668	0.099271	0.102943	0.095861	0.06361	16903300.0
2014-06-25	0.002628	0.09400800000000001	0.104001	0.090326	0.099945	17621800.0
2014-06-24	0.002876	0.095044	0.10480199999999999	0.093725	0.10903099999999999	14962800.0
2014-06-23	0.000959	0.094511	0.101903	0.091079	0.036343	13099300.0
2014-06-20	-0.002393	0.10268900000000002	0.102953	0.093735	-0.090866	23402600.0
2014-06-19	0.005534000000000001	0.100053	0.10879200000000001	0.099788	0.208984	13275200.0
2014-06-18	0.01564	0.097086	0.118065	0.09601	0.5815170000000001	18518200.0
2014-06-17	0.0063939999999999995	0.114658	0.115199	0.099229	0.23623200000000003	26926600.0
2014-06-16	0.007184	0.095675	0.11148699999999999	0.094585	0.263497	12878200.0
2014-06-13	-0.0012369999999999998	0.099766	0.103578	0.095954	-0.045422000000000004	9194600.0
2014-06-12	-0.003329	0.096647	0.103975	0.095562	-0.122673	11583600.0
2014-06-11	-0.005113	0.10643	0.10859	0.1013	-0.189384	9648600.0
2014-06-10	0.0039109999999999995	0.10696199999999999	0.11536500000000001	0.10614900000000001	0.144294	9168600.0
2014-06-09	-0.001952	0.105072	0.11156500000000001	0.105072	-0.072143	7316400.0
2014-06-06	0.002445	0.11021500000000001	0.11347	0.107504	0.090179	8760600.0
2014-06-05	0.0024519999999999998	0.107228	0.114568	0.10450999999999999	0.09018	10131700.0
2014-06-04	-0.0022010000000000003	0.109673	0.109945	0.10424800000000001	-0.08115800000000001	7864700.0
2014-06-03	0.000489	0.10505999999999999	0.112659	0.10478900000000001	0.018032	10493100.0
2014-06-02	-0.001222	0.104523	0.10831700000000001	0.102625	-0.04509	7472100.0
2014-05-30	0.006149	0.10558699999999999	0.11595	0.104224	0.22546	10446100.0
2014-05-29	0.001971	0.11159200000000001	0.11678399999999999	0.10940599999999999	0.072132	9867100.0
2014-05-28	-0.00466	0.106956	0.112123	0.102332	-0.171337	7536700.0
2014-05-27	0.004682	0.108313	0.115417	0.106127	0.171337	11282900.0
2014-05-23	0.0	0.110226	0.11213800000000002	0.107493	0.0	6255200.0
2014-05-22	-0.007095000000000001	0.106147	0.108046	0.099635	-0.26151199999999997	8430400.0
2014-05-21	0.007146	0.10803900000000001	0.117057	0.106673	0.26151199999999997	8607300.0
2014-05-20	-0.003193	0.111311	0.114852	0.105046	-0.117225	9639500.0
2014-05-19	-0.0044020000000000005	0.100995	0.104521	0.096114	-0.162331	7559500.0
2014-05-16	0.009131	0.10885999999999998	0.119532	0.10694400000000001	0.33367600000000003	13823900.0
2014-05-15	-0.009049	0.101538	0.110758	0.09665599999999999	-0.33367600000000003	12379200.0
2014-05-14	-0.005351	0.106432	0.110748	0.10130700000000001	-0.198402	10036100.0
2014-05-13	0.007104000000000001	0.10913099999999999	0.119726	0.10885999999999998	0.261535	11579600.0
2014-05-12	-0.0012230000000000001	0.10913099999999999	0.111573	0.103976	-0.045089	8906000.0
2014-05-09	0.003437	0.110221	0.114849	0.10831500000000001	0.12625899999999998	8516400.0
2014-05-08	-0.0044	0.107233	0.11021500000000001	0.101812	-0.162339	8538700.0
2014-05-07	0.010373	0.11461099999999999	0.122005	0.112694	0.378769	11115600.0
2014-05-06	-0.006624	0.10232999999999999	0.10613900000000001	0.100426	-0.243496	9359900.0
2014-05-05	-0.00464	0.100736	0.10831800000000001	0.098028	-0.171352	10163500.0
2014-05-02	0.004169	0.10913199999999999	0.113754	0.104781	0.15332	14197000.0
2014-05-01	-0.000245	0.108859	0.10913099999999999	0.094452	-0.009025	15385800.0
2014-04-30	0.005423	0.11214	0.11733299999999999	0.10940599999999999	0.19841	12362000.0
2014-04-29	-0.011211	0.10723800000000001	0.10885999999999998	0.095077	-0.41484099999999996	18928400.0
2014-04-28	0.000488	0.10372200000000001	0.11615999999999999	0.101559	0.018036	20736700.0
2014-04-25	0.0076170000000000005	0.10232100000000001	0.11730499999999999	0.101776	0.279564	16811400.0
2014-04-24	-0.000736	0.108043	0.11321600000000001	0.101509	-0.027045999999999997	11392600.0
2014-04-23	0.000491	0.10858699999999999	0.11158299999999999	0.104774	0.018028	12072500.0
2014-04-22	-0.000981	0.104234	0.10913199999999999	0.09988	-0.036068	17404900.0
2014-04-21	0.000737	0.102052	0.109949	0.098784	0.027054	12630900.0
2014-04-17	0.003203	0.10448900000000001	0.11241099999999998	0.099571	0.117229	18547100.0
2014-04-16	0.010204000000000001	0.107204	0.120175	0.107204	0.369759	21919900.0
2014-04-15	0.037438	0.140353	0.15867699999999998	0.130905	1.30764	47529200.0
2014-04-14	0.002589	0.11115599999999999	0.113739	0.102258	0.090187	19389800.0
2014-04-11	-0.006684999999999999	0.107149	0.118269	0.099736	-0.23446999999999998	18084200.0
2014-04-10	-0.002565	0.108575	0.12052	0.104025	-0.090188	21025700.0
2014-04-09	0.002314	0.107149	0.111425	0.10315799999999999	0.081162	12031400.0
2014-04-08	0.00725	0.110295	0.116899	0.10484	0.25251799999999996	14769900.0
2014-04-07	0.010466	0.11030999999999999	0.128298	0.11002	0.360729	17295700.0
2014-04-04	0.00394	0.113811	0.12080199999999999	0.110899	0.135277	15453600.0
2014-04-03	-0.006783	0.110595	0.113488	0.10047	-0.23448200000000002	18114000.0
2014-04-02	-0.0020829999999999998	0.111169	0.112613	0.10568399999999999	-0.072144	15709100.0
2014-04-01	-0.0064659999999999995	0.10513099999999999	0.11545699999999999	0.098821	-0.22545199999999999	20515700.0
2014-03-31	-0.007445	0.109999	0.11113699999999999	0.09491000000000001	-0.26152800000000004	24489800.0
2014-03-28	0.003348	0.11085899999999999	0.11485799999999999	0.108859	0.117226	11502100.0
2014-03-27	0.005439	0.10598800000000001	0.12005999999999999	0.105126	0.189392	13031500.0
2014-03-26	-0.000259	0.11087000000000001	0.118048	0.108573	-0.009018	15835500.0
2014-03-25	0.005729	0.11145899999999999	0.12040999999999999	0.11059200000000001	0.198402	16898900.0
2014-03-24	-0.001041	0.11001400000000001	0.111456	0.102225	-0.036076	15693000.0
2014-03-21	-0.00026000000000000003	0.118376	0.11981800000000001	0.103957	-0.009025	19189100.0
2014-03-20	0.008128	0.10798800000000001	0.11845399999999999	0.10333599999999998	0.279579	13228000.0
2014-03-19	-0.006770999999999999	0.107705	0.114346	0.10019700000000001	-0.23447800000000002	20882200.0
2014-03-18	0.003397	0.10885999999999998	0.11436500000000001	0.105093	0.11723299999999999	16880400.0
2014-03-17	0.00262	0.10885999999999998	0.11467000000000001	0.105374	0.090184	19203000.0
2014-03-14	0.005267	0.108275	0.11908099999999999	0.10623099999999999	0.180362	14687200.0
2014-03-13	-0.012997	0.10828299999999999	0.10943599999999999	0.09300599999999999	-0.450908	18302800.0
2014-03-12	-0.0006490000000000001	0.102379	0.10900399999999999	0.10065	-0.022545	15673700.0
2014-03-11	0.0038810000000000003	0.12313900000000001	0.12313900000000001	0.11446400000000001	0.134208	13812100.0
2014-03-10	0.002594	0.117645	0.12054400000000001	0.11445599999999999	0.08947000000000001	14540800.0
2014-03-07	0.0020800000000000003	0.12025999999999999	0.12171300000000002	0.11445	0.07158300000000001	17047600.0
2014-03-06	0.003129	0.119103	0.123474	0.11531400000000001	0.107376	14700000.0
2014-03-05	0.001044	0.120854	0.12172999999999999	0.115895	0.035782	14367400.0
2014-03-04	0.004984000000000001	0.124096	0.12556099999999998	0.12087	0.170002	20425200.0
2014-03-03	-0.002094	0.10828299999999999	0.116475	0.107405	-0.07158300000000001	18683400.0
2014-02-28	0.003415	0.11793900000000002	0.12704000000000001	0.11676500000000001	0.116318	15763200.0
2014-02-27	0.005281	0.11675999999999999	0.12472899999999999	0.11558	0.178955	18423400.0
2014-02-26	0.002647	0.121492	0.122676	0.116166	0.08947000000000001	18195100.0
2014-02-25	0.0072	0.12152	0.130759	0.117645	0.241577	22845500.0
2014-02-24	0.008607	0.121252	0.13027	0.118848	0.286312	24223500.0
2014-02-21	-0.0032170000000000002	0.126335	0.12723399999999999	0.11285099999999999	-0.10736400000000001	19419800.0
2014-02-20	0.005391	0.11644000000000002	0.130298	0.111319	0.17894300000000002	22639900.0
2014-02-19	-0.009875	0.11854	0.121523	0.105118	-0.33105100000000004	26645100.0
2014-02-18	-0.037502999999999995	0.09037200000000001	0.094104	0.069701	-1.306316	46098500.0
2014-02-14	0.007244	0.116199	0.12834500000000001	0.10665699999999999	0.250526	16030100.0
2014-02-13	0.003636	0.106617	0.124901	0.106617	0.12526800000000002	10435600.0
2014-02-12	-0.003365	0.12371900000000001	0.125744	0.110703	-0.11632200000000001	10633400.0
2014-02-11	0.0018149999999999998	0.12054300000000001	0.123731	0.115907	0.062641	15361300.0
2014-02-10	0.016337	0.121179	0.137377	0.114406	0.554733	20877200.0
2014-02-07	-0.002104	0.12175899999999999	0.127049	0.112943	-0.071586	20389000.0
2014-02-06	0.011167	0.15182	0.157169	0.126857	0.375797	22661500.0
2014-02-05	0.003468	0.11794400000000001	0.124802	0.11466300000000001	0.11631400000000001	13665200.0
2014-02-04	0.007527	0.124856	0.128161	0.11794600000000001	0.250526	17759700.0
2014-02-03	-0.016393	0.123556	0.123556	0.096368	-0.554737	23164900.0
2014-01-31	-0.009169	0.111204	0.117353	0.104469	-0.313156	16185000.0
2014-01-30	0.007123999999999999	0.120594	0.132685	0.120594	0.24157399999999998	13662000.0
2014-01-29	-0.024955	0.109019	0.109019	0.08745399999999999	-0.867894	23776100.0
2014-01-28	0.0036149999999999997	0.118799	0.127745	0.114471	0.125256	8915500.0
2014-01-27	-0.002832	0.11707000000000001	0.121674	0.11390399999999999	-0.098419	14601900.0
2014-01-24	-0.010193	0.11308800000000001	0.11793	0.105683	-0.35788400000000004	16507500.0
2014-01-23	-0.016541	0.10952200000000001	0.11036300000000002	0.09579700000000001	-0.590526	14828100.0
2014-01-22	-0.0005009999999999999	0.11960499999999999	0.122405	0.11288599999999999	-0.017899	9841700.0
2014-01-21	0.016293000000000002	0.127889	0.135855	0.124759	0.5726319999999999	17579000.0
2014-01-17	-0.010829	0.117927	0.118771	0.10554300000000001	-0.384747	13992700.0
2014-01-16	-0.001257	0.11820699999999999	0.119332	0.11258499999999999	-0.044735000000000004	11063100.0
2014-01-15	0.0017640000000000002	0.12158800000000002	0.12468499999999999	0.114548	0.06263400000000001	12844900.0
2014-01-14	0.0040479999999999995	0.120755	0.128672	0.119059	0.14315799999999998	12801100.0
2014-01-13	-0.014950999999999999	0.114025	0.117645	0.10009900000000001	-0.536842	14091900.0
2014-01-10	0.010068	0.124115	0.133398	0.122427	0.357887	13290000.0
2014-01-09	-0.005258	0.117925	0.119324	0.10589200000000001	-0.187882	14070200.0
2014-01-08	-0.011141	0.119029	0.119029	0.102149	-0.402633	15339600.0
2014-01-07	0.00298	0.123473	0.130134	0.1182	0.10736099999999998	11872300.0
2014-01-06	-0.004696	0.118198	0.121236	0.109358	-0.169991	11036300.0
2014-01-03	-0.004919	0.11819500000000001	0.11956900000000001	0.109124	-0.178955	10403400.0
2014-01-02	-0.015735	0.112505	0.115481	0.096001	-0.581581	12698600.0
2013-12-31	0.005354	0.11873299999999999	0.125805	0.11465299999999999	0.19685	11729200.0
2013-12-30	0.010575	0.12066900000000001	0.130839	0.120394	0.384731	10927500.0
2013-12-27	0.0041990000000000005	0.12316600000000001	0.125926	0.11874900000000001	0.152107	6762200.0
2013-12-26	0.007465	0.118479	0.127378	0.116255	0.268421	8588300.0
2013-12-24	0.0007469999999999999	0.117924	0.12182	0.115976	0.026851999999999997	4783800.0
2013-12-23	0.002997	0.11932000000000001	0.123228	0.1129	0.10736500000000002	10943200.0
2013-12-20	0.004516	0.119328	0.126898	0.11736500000000001	0.161049	22237200.0
2013-12-19	-0.003998	0.116249	0.119879	0.104799	-0.14316199999999998	14791800.0
2013-12-18	0.023530000000000002	0.12221900000000001	0.14565799999999998	0.11478699999999999	0.823169	23884500.0
2013-12-17	-0.0043289999999999995	0.113376	0.117076	0.106261	-0.152103	17655700.0
2013-12-16	0.001019	0.124198	0.127332	0.116791	0.035778	14562100.0
2013-12-13	0.0005099999999999999	0.125056	0.129902	0.117645	0.017894999999999998	14037400.0
2013-12-12	-0.022925	0.113746	0.11987300000000001	0.091187	-0.823158	19817700.0
2013-12-11	0.007026	0.12045	0.131388	0.11876700000000001	0.250526	14963500.0
2013-12-10	-0.013614	0.113772	0.114602	0.099663	-0.4921	15967800.0
2013-12-09	-0.001483	0.11598800000000001	0.11875	0.110463	-0.053684	12237100.0
2013-12-06	0.015816999999999998	0.12381800000000001	0.136446	0.12381800000000001	0.563679	12557100.0
2013-12-05	-0.013375999999999999	0.11515399999999999	0.118476	0.101865	-0.483158	18171200.0
2013-12-04	0.000496	0.11349100000000001	0.12096900000000001	0.10628900000000001	0.017897999999999997	13196100.0
2013-12-03	0.006736	0.116809	0.12629	0.115693	0.241573	16592300.0
2013-12-02	-0.0027370000000000003	0.11514200000000001	0.117923	0.10540899999999999	-0.098419	16738800.0
2013-11-29	0.0	0.11987	0.12571	0.11542000000000001	0.0	8641100.0
2013-11-27	0.005504	0.121001	0.12911	0.10981600000000001	0.196846	9909100.0
2013-11-26	-0.002972	0.12882000000000002	0.13188699999999998	0.121851	-0.10662	14240400.0
2013-11-25	-0.001484	0.126866	0.13800199999999999	0.12269100000000001	-0.053314999999999994	14059100.0
2013-11-22	0.0	0.12296900000000001	0.12630999999999998	0.11600999999999999	0.0	26396500.0
2013-11-21	0.009236	0.129408	0.13755499999999998	0.126598	0.328751	26364300.0
2013-11-20	-0.001993	0.122951	0.134167	0.119867	-0.071076	14422500.0
2013-11-19	-0.0007469999999999999	0.124634	0.127156	0.11847	-0.026660000000000003	11014800.0
2013-11-18	-0.001243	0.12603399999999998	0.12603399999999998	0.11931800000000001	-0.044426	9553900.0
2013-11-15	0.00024900000000000004	0.124075	0.128553	0.118477	0.008884	12021500.0
2013-11-14	0.0022429999999999998	0.124633	0.134452	0.12295	0.079971	10887200.0
2013-11-13	0.006018	0.12378099999999999	0.132248	0.11898399999999999	0.213238	11770500.0
2013-11-12	0.000251	0.126604	0.12886199999999998	0.11841700000000001	0.008888	10509200.0
2013-11-11	-0.004494	0.12435	0.125475	0.11760599999999999	-0.159935	9567800.0
2013-11-08	0.005522999999999999	0.122932	0.131691	0.11586700000000001	0.195473	11903600.0
2013-11-07	-0.005493	0.126318	0.13109500000000002	0.117325	-0.195473	16233200.0
2013-11-06	0.013924	0.128894	0.14599	0.123195	0.48868199999999995	17198000.0
2013-11-05	-0.00025299999999999997	0.121202	0.129178	0.11721400000000001	-0.008879999999999999	10575000.0
2013-11-04	-0.002525	0.128316	0.131157	0.116666	-0.08885599999999999	10252100.0
2013-11-01	0.001011	0.125475	0.129741	0.118648	0.035541	12430400.0
2013-10-31	-0.0012619999999999999	0.12235	0.13229200000000002	0.12235	-0.044426	14853500.0
2013-10-30	-0.004523	0.127737	0.12802	0.117274	-0.159935	12360000.0
2013-10-29	0.004797	0.124338	0.135419	0.11808699999999998	0.16882	14199600.0
2013-10-28	0.01486	0.125186	0.145948	0.124321	0.515339	16552100.0
2013-10-25	0.005928	0.126635	0.135047	0.12054300000000001	0.204353	14383400.0
2013-10-24	-0.007418999999999999	0.127202	0.133536	0.115973	-0.257671	17143800.0
2013-10-23	0.0	0.125187	0.130081	0.117125	0.0	12591800.0
2013-10-22	0.006954999999999999	0.126634	0.137941	0.121706	0.239906	17110200.0
2013-10-21	0.001032	0.130408	0.130408	0.120251	0.035542000000000004	12977500.0
2013-10-18	0.005966	0.126351	0.132189	0.121679	0.20435699999999998	18896600.0
2013-10-17	0.014474	0.127252	0.142061	0.125771	0.48868500000000004	15900200.0
2013-10-16	0.009028	0.135934	0.142808	0.12906099999999998	0.30209400000000003	17995100.0
2013-10-15	-0.006594	0.133491	0.139131	0.116271	-0.22212600000000002	21676600.0
2013-10-14	0.0037070000000000002	0.119217	0.130838	0.117727	0.12438900000000001	14202900.0
2013-10-11	-0.000265	0.129645	0.129645	0.117729	-0.008892	14266900.0
2013-10-10	0.018878	0.146418	0.149149	0.136705	0.6219600000000001	17174400.0
2013-10-09	-0.005365	0.128494	0.129701	0.117323	-0.1777	18998900.0
2013-10-08	0.006208	0.126993	0.13641	0.12091800000000001	0.204361	20471300.0
2013-10-07	-0.004032	0.12184400000000001	0.13092	0.11427999999999999	-0.133278	16708600.0
2013-10-04	0.001076	0.1282	0.128806	0.117903	0.035542000000000004	17217500.0
2013-10-03	-0.007214	0.126377	0.126377	0.116454	-0.23990300000000003	14437900.0
2013-10-02	-0.013702	0.121323	0.121323	0.103528	-0.462028	25664200.0
2013-10-01	0.001848	0.12904000000000002	0.131714	0.117749	0.062194000000000006	13196000.0
2013-09-30	-0.013541	0.11932000000000001	0.122544	0.106424	-0.46202	18101500.0
2013-09-27	-0.008776	0.12053599999999999	0.120826	0.10833399999999999	-0.30209400000000003	12609600.0
2013-09-26	0.010695999999999999	0.130173	0.13751300000000002	0.127236	0.36428499999999997	10941100.0
2013-09-25	-0.0051909999999999994	0.12897999999999998	0.129856	0.118756	-0.177697	11446100.0
2013-09-24	-0.002589	0.12809700000000002	0.132467	0.12227	-0.088852	15083300.0
2013-09-23	-0.019543	0.118619	0.119476	0.098052	-0.684154	19016200.0
2013-09-20	0.00229	0.126047	0.128052	0.1103	0.079967	30675300.0
2013-09-19	-0.007073	0.126896	0.127749	0.11296600000000001	-0.24878699999999998	14251700.0
2013-09-18	0.020624	0.126055	0.148976	0.11938199999999999	0.710812	18030500.0
2013-09-17	-0.001802	0.124026	0.132136	0.123447	-0.062206	12881700.0
2013-09-16	0.0043939999999999995	0.135365	0.14031	0.126929	0.15105	13351500.0
2013-09-13	0.006504	0.12898800000000002	0.134258	0.12488900000000001	0.22213400000000003	11623600.0
2013-09-12	-0.001559	0.128105	0.12869	0.11904300000000001	-0.053314	12114100.0
2013-09-11	0.0038829999999999997	0.135127	0.138062	0.130725	0.13231300000000001	11996500.0
2013-09-10	0.002856	0.141017	0.141312	0.133365	0.09702999999999999	11757300.0
2013-09-09	0.0044329999999999994	0.138685	0.139572	0.131295	0.149956	10605500.0
2013-09-06	0.002877	0.13781	0.144925	0.12950899999999999	0.09703400000000001	13976900.0
2013-09-05	-0.007784	0.13630699999999998	0.138072	0.11954100000000001	-0.264625	14290500.0
2013-09-04	0.016887	0.13306199999999999	0.158487	0.130968	0.5645479999999999	19138600.0
2013-09-03	-0.007334	0.13633199999999998	0.140193	0.122377	-0.246986	19068500.0
2013-08-30	0.0021	0.135445	0.139016	0.130684	0.07056	14296600.0
2013-08-29	-0.006519	0.137207	0.137207	0.126269	-0.220531	14215700.0
2013-08-28	0.005243	0.130986	0.144952	0.130688	0.17643	19245200.0
2013-08-27	0.000787	0.129496	0.137229	0.124143	0.026458	16742500.0
2013-08-26	-0.010384000000000001	0.13601400000000002	0.13601400000000002	0.121593	-0.352844	12740600.0
2013-08-23	0.005482	0.142538	0.142538	0.135435	0.18525	11302800.0
2013-08-22	0.000784	0.134845	0.140768	0.128329	0.026466000000000003	10307900.0
2013-08-21	-0.009573	0.133073	0.135127	0.121927	-0.326378	15799000.0
2013-08-20	-0.0033520000000000004	0.135706	0.14418399999999998	0.12986	-0.11468099999999999	10238200.0
2013-08-19	-0.006914	0.13366	0.134821	0.12320899999999999	-0.238159	11913000.0
2013-08-16	-0.001023	0.13192	0.13627	0.12263900000000001	-0.035289999999999995	20565200.0
2013-08-15	-0.011131	0.127064	0.129932	0.11903399999999999	-0.388115	14227800.0
2013-08-14	-0.0030269999999999997	0.131944	0.134518	0.125082	-0.10586199999999998	13787100.0
2013-08-13	-0.004519	0.136506	0.139922	0.124267	-0.158775	13548700.0
2013-08-12	-0.008217	0.130273	0.131966	0.120957	-0.291088	13970000.0
2013-08-09	-0.000995	0.13507	0.137044	0.12943	-0.035286	9021600.0
2013-08-08	0.001245	0.13789500000000002	0.13958900000000002	0.12998900000000002	0.044098000000000005	9481100.0
2013-08-07	-0.005449	0.131975	0.132537	0.124955	-0.19405799999999998	9301800.0
2013-08-06	0.001986	0.131972	0.137599	0.12718800000000002	0.070572	8645600.0
2013-08-05	0.0017399999999999998	0.13253299999999998	0.140707	0.13253299999999998	0.061749	9933200.0
2013-08-02	-0.008627	0.11857100000000001	0.129189	0.11521700000000001	-0.308735	25516600.0
2013-08-01	0.012225	0.14271099999999998	0.152611	0.14271099999999998	0.43222	12001100.0
2013-07-31	-0.005952000000000001	0.13619	0.14097	0.12635	-0.2117	13557100.0
2013-07-30	0.000993	0.1376	0.146325	0.13281500000000002	0.035278	10769400.0
2013-07-29	-0.008858	0.132823	0.134776	0.12305999999999999	-0.31754299999999996	10132000.0
2013-07-26	-0.004897	0.128386	0.128386	0.11062000000000001	-0.176426	12279600.0
2013-07-25	-0.000489	0.132273	0.134215	0.123117	-0.017634999999999998	9147300.0
2013-07-24	-0.002442	0.13808800000000002	0.13836500000000002	0.127848	-0.088215	10511000.0
2013-07-23	0.002938	0.136713	0.14171	0.132272	0.10585	9400900.0
2013-07-22	-0.006084	0.133384	0.13503900000000002	0.124555	-0.22052399999999997	9425100.0
2013-07-19	0.006861	0.135604	0.141716	0.133104	0.24698299999999998	11401100.0
2013-07-18	-0.000734	0.134215	0.140044	0.130884	-0.026458999999999996	9708800.0
2013-07-17	0.015163	0.142677	0.15479400000000001	0.135914	0.538075	18513100.0
2013-07-16	-0.019019	0.099659	0.11956199999999999	0.091918	-0.688027	33575600.0
2013-07-15	-0.000488	0.134212	0.139738	0.130897	-0.017654	11418400.0
2013-07-12	0.0	0.13366	0.136423	0.125371	0.0	10686400.0
2013-07-11	0.008604	0.142577	0.146758	0.13533199999999998	0.308735	13489600.0
2013-07-10	-0.0036729999999999996	0.136159	0.137269	0.12533	-0.132305	9539300.0
2013-07-09	0.007154000000000001	0.14260899999999999	0.148481	0.138694	0.255813	8760500.0
2013-07-08	0.000493	0.137297	0.140374	0.13086199999999998	0.017632	9936300.0
2013-07-05	0.000741	0.1401	0.14233900000000002	0.12414000000000001	0.026466000000000003	10402200.0
2013-07-03	0.002972	0.13000899999999999	0.138995	0.12411199999999999	0.10585	5264800.0
2013-07-02	-0.002224	0.13394	0.141505	0.125815	-0.079387	12248300.0
2013-07-01	0.008726000000000001	0.144683	0.156553	0.140726	0.308731	10754300.0
2013-06-28	-0.0037259999999999997	0.133378	0.138728	0.129154	-0.13231300000000001	16316000.0
2013-06-27	-0.001736	0.142655	0.14912	0.13113	-0.061745	11459100.0
2013-06-26	0.015358000000000002	0.14393499999999998	0.155351	0.14336400000000002	0.538082	13855600.0
2013-06-25	0.004807	0.141977	0.14513099999999998	0.131079	0.167603	12942100.0
2013-06-24	-0.005785	0.124821	0.14078800000000002	0.11569700000000001	-0.202889	16433700.0
2013-06-21	0.0161	0.148146	0.157996	0.13858499999999999	0.555718	21938300.0
2013-06-20	-0.031675	0.129732	0.131976	0.093262	-1.129086	24899700.0
2013-06-19	-0.012704	0.135876	0.147786	0.11925699999999999	-0.458686	16936100.0
2013-06-18	0.006145	0.134217	0.142299	0.13059400000000002	0.220516	9893100.0
2013-06-17	0.008429	0.13928	0.149678	0.135346	0.299919	12409200.0
2013-06-14	-0.001732	0.13281800000000002	0.14432	0.129452	-0.061749	13635100.0
2013-06-13	0.000495	0.131415	0.136186	0.113732	0.017651	17861200.0
2013-06-12	-0.002963	0.141495	0.14569300000000002	0.127223	-0.10586199999999998	11611100.0
2013-06-11	-0.009470999999999999	0.13318	0.135951	0.119874	-0.341659	16491600.0
2013-06-10	-0.005554	0.143976	0.144528	0.131296	-0.201485	11247400.0
2013-06-07	0.0152	0.152969	0.167801	0.146813	0.543144	14459600.0
2013-06-06	0.0034439999999999996	0.13868699999999998	0.145427	0.131948	0.122647	11171600.0
2013-06-05	-0.01859	0.14094500000000001	0.14094500000000001	0.118897	-0.674549	16429300.0
2013-06-04	0.014947	0.163313	0.16694900000000001	0.14541099999999998	0.534381	19241000.0
2013-06-03	0.020505000000000002	0.140354	0.165759	0.13122	0.7183649999999999	16577200.0
2013-05-31	-0.019132	0.13813599999999998	0.141496	0.119657	-0.683319	26184400.0
2013-05-30	-0.015218	0.143977	0.14701	0.123573	-0.551914	20874500.0
2013-05-29	-0.027027	0.13586199999999998	0.138277	0.10822999999999999	-1.007435	16986600.0
2013-05-28	0.007339	0.151224	0.163385	0.14582	0.271568	14412100.0
2013-05-24	0.007393	0.130878	0.153474	0.12978900000000002	0.271572	11542100.0
2013-05-23	-0.007573999999999999	0.13285	0.136632	0.122853	-0.28033800000000003	10934200.0
2013-05-22	-0.002125	0.139878	0.15551500000000001	0.133408	-0.078838	13615600.0
2013-05-21	-0.000944	0.144189	0.146344	0.13314600000000001	-0.035042000000000004	9148800.0
2013-05-20	-0.013730000000000001	0.140964	0.140964	0.123697	-0.516865	9966000.0
2013-05-17	-0.002785	0.14043599999999998	0.142555	0.12745499999999998	-0.105129	12611200.0
2013-05-16	0.003961	0.14123	0.15506	0.13803800000000002	0.14893	12330000.0
2013-05-15	0.009406999999999999	0.140959	0.157066	0.138006	0.350418	12306200.0
2013-05-14	0.007821999999999999	0.141225	0.15448199999999998	0.136625	0.289089	13023900.0
2013-05-13	0.000949	0.141225	0.149349	0.137433	0.035042000000000004	9291000.0
2013-05-10	0.000713	0.141225	0.14474800000000002	0.134178	0.026291000000000002	9927000.0
2013-05-09	-0.008008	0.14284000000000002	0.14418399999999998	0.129129	-0.297863	10113700.0
2013-05-08	-0.005621	0.137218	0.140961	0.12705999999999998	-0.21025500000000003	12636300.0
2013-05-07	0.014734	0.145022	0.15858599999999998	0.143395	0.5431560000000001	13785300.0
2013-05-06	-0.003788	0.142847	0.142847	0.131497	-0.14016800000000001	9356100.0
2013-05-03	0.006673	0.14720899999999998	0.15400999999999998	0.141496	0.245297	11757800.0
2013-05-02	-0.0059229999999999994	0.126622	0.14014300000000002	0.12202400000000001	-0.219021	18709600.0
2013-05-01	-0.0028350000000000003	0.136641	0.147698	0.136372	-0.105129	8710600.0
2013-04-30	0.002131	0.13906400000000002	0.145549	0.131767	0.07885299999999999	13432200.0
2013-04-29	0.003325	0.145292	0.146647	0.13661500000000001	0.122647	11311100.0
2013-04-26	-0.005903	0.136913	0.143652	0.13448800000000002	-0.219014	15159800.0
2013-04-25	0.004745	0.144474	0.152057	0.1396	0.175206	10197100.0
2013-04-24	-0.012881	0.13989100000000002	0.146842	0.12545599999999998	-0.48182700000000006	11368200.0
2013-04-23	-0.000468	0.143099	0.14790799999999998	0.12920399999999999	-0.017516999999999998	11216200.0
2013-04-22	0.0014060000000000001	0.137749	0.14658	0.13453900000000002	0.052562	10544100.0
2013-04-19	0.013302000000000001	0.146376	0.159662	0.144207	0.49058999999999997	13875800.0
2013-04-18	-0.010576	0.13961800000000002	0.144179	0.129155	-0.394215	16034200.0
2013-04-17	0.004248	0.135299	0.150386	0.13233599999999998	0.15768	24208000.0
2013-04-16	0.056872000000000006	0.178796	0.20954699999999998	0.174525	1.997384	32135700.0
2013-04-15	-0.0241	0.135104	0.138995	0.112875	-0.867291	16050600.0
2013-04-12	-0.002428	0.134011	0.13955499999999998	0.127636	-0.087608	10394700.0
2013-04-11	0.002679	0.143163	0.150946	0.141218	0.09637799999999999	10962500.0
2013-04-10	0.008843	0.143458	0.154394	0.141495	0.315365	9703700.0
2013-04-09	-0.0036710000000000002	0.140099	0.149038	0.131718	-0.131405	21056100.0
2013-04-08	0.019461000000000003	0.140926	0.163995	0.132667	0.683315	22757900.0
2013-04-05	-0.011347	0.132204	0.136427	0.126572	-0.402973	10729500.0
2013-04-04	0.009211	0.14433800000000002	0.15343099999999998	0.142348	0.324139	11435900.0
2013-04-03	-0.013507	0.143177	0.144299	0.123554	-0.481842	13639200.0
2013-04-02	0.0066760000000000005	0.140932	0.154195	0.140649	0.236553	13359200.0
2013-04-01	0.00024700000000000004	0.140084	0.142907	0.133874	0.008747	8200500.0
2013-03-28	0.00547	0.146037	0.152281	0.13582	0.19273800000000002	14227200.0
2013-03-27	-0.011551	0.13476300000000002	0.13728800000000002	0.123822	-0.41174399999999994	14559900.0
2013-03-26	0.014207	0.14178	0.157998	0.14178	0.49934799999999996	13666500.0
2013-03-25	0.001998	0.143491	0.147483	0.139215	0.07007999999999999	15718400.0
2013-03-22	-0.000749	0.138932	0.147478	0.13636800000000002	-0.026282999999999997	16128500.0
2013-03-21	0.005016	0.140923	0.157529	0.138346	0.175213	23063600.0
2013-03-20	0.013730000000000001	0.143527	0.158619	0.14236600000000002	0.473053	19271900.0
2013-03-19	0.014706	0.146207	0.16034400000000001	0.143263	0.49934700000000004	15192000.0
2013-03-18	-0.0018030000000000001	0.135028	0.144729	0.133852	-0.061325	11479900.0
2013-03-15	-0.004869	0.13564500000000002	0.139155	0.130964	-0.166443	20781900.0
2013-03-14	0.011143	0.14829900000000001	0.157173	0.143566	0.37669400000000003	14572500.0
2013-03-13	-0.002327	0.145627	0.147102	0.137659	-0.078846	14358300.0
2013-03-12	-0.008904	0.14888099999999999	0.149759	0.13484200000000002	-0.30440900000000004	11375900.0
2013-03-11	0.0022949999999999997	0.149172	0.154449	0.148586	0.07828099999999999	9200400.0
2013-03-08	0.0025559999999999997	0.151228	0.158576	0.14711300000000002	0.08697200000000001	11183600.0
2013-03-07	0.0025629999999999997	0.150348	0.15476800000000002	0.144455	0.086975	15094900.0
2013-03-06	0.008790000000000001	0.153326	0.16046	0.150353	0.295711	11653900.0
2013-03-05	-0.003607	0.154497	0.15509	0.142058	-0.121769	13240700.0
2013-03-04	0.003101	0.146788	0.153324	0.14233099999999999	0.10438199999999999	9934300.0
2013-03-01	-0.000516	0.142929	0.151838	0.142929	-0.017387	13724500.0
2013-02-28	0.007022	0.150357	0.16530799999999998	0.148862	0.234828	19005500.0
2013-02-27	0.008921	0.147345	0.162732	0.144027	0.295712	14271100.0
2013-02-26	0.010339	0.15677	0.16408499999999998	0.151588	0.339199	15770000.0
2013-02-25	-0.020769	0.150953	0.155728	0.12588	-0.695801	15874600.0
2013-02-22	0.021480000000000003	0.151283	0.174455	0.149759	0.7045020000000001	20102800.0
2013-02-21	-0.00053	0.14640699999999998	0.151587	0.14061700000000002	-0.017394999999999997	14135100.0
2013-02-20	0.001593	0.150675	0.156169	0.141823	0.052189	12949300.0
2013-02-19	0.006681	0.152524	0.16051300000000002	0.150988	0.217427	14850600.0
2013-02-15	0.015744	0.15288	0.16785999999999998	0.140396	0.504459	25204300.0
2013-02-14	-0.009944	0.150686	0.159029	0.134	-0.321808	22748600.0
2013-02-13	-0.009319	0.153126	0.161391	0.132922	-0.304417	19943800.0
2013-02-12	-0.027195	0.13486900000000002	0.13635799999999998	0.110153	-0.913234	30700500.0
2013-02-11	-0.0041270000000000005	0.147979	0.151538	0.13908199999999998	-0.139164	12159900.0
2013-02-08	-0.0035979999999999996	0.14798599999999998	0.150645	0.140598	-0.121762	12308000.0
2013-02-07	0.015662	0.15306	0.172267	0.15095899999999998	0.5218430000000001	18805300.0
2013-02-06	0.004457	0.149457	0.158501	0.145538	0.147862	16823700.0
2013-02-05	0.021151	0.156223	0.17469300000000001	0.156223	0.687103	17897300.0
2013-02-04	-0.0050609999999999995	0.147921	0.15098399999999998	0.14240799999999998	-0.165249	9456300.0
2013-02-01	0.008056	0.159021	0.16427	0.153772	0.26092600000000005	11932600.0
2013-01-31	-0.006934	0.150678	0.150678	0.137801	-0.22614299999999998	12969100.0
2013-01-30	0.0021379999999999997	0.149144	0.155597	0.14668599999999998	0.06958400000000001	13219400.0
2013-01-29	0.011078	0.14572000000000002	0.167156	0.145099	0.356597	17705800.0
2013-01-28	-0.00108	0.15037999999999999	0.151621	0.14386300000000002	-0.034786000000000004	13386500.0
2013-01-25	-0.0016170000000000002	0.151928	0.154097	0.14356300000000002	-0.05218099999999999	14040700.0
2013-01-24	-0.000539	0.151926	0.153474	0.145733	-0.017407	13258900.0
2013-01-23	0.0	0.14820999999999998	0.153784	0.146972	0.0	13570200.0
2013-01-22	-0.015119	0.150979	0.150979	0.129935	-0.495754	21249400.0
2013-01-18	0.005065	0.149146	0.155889	0.143628	0.165257	14056100.0
2013-01-17	0.005091	0.153148	0.160234	0.150067	0.165252	12121800.0
2013-01-16	0.0	0.14637	0.15284	0.143597	0.0	9168000.0
2013-01-15	0.008921	0.149759	0.163435	0.143853	0.287011	12721600.0
2013-01-14	0.002168	0.151005	0.15598900000000002	0.146332	0.069591	11001500.0
2013-01-11	-0.001353	0.146026	0.149136	0.136071	-0.043499	15644800.0
2013-01-10	-0.0018899999999999998	0.152553	0.154106	0.141375	-0.060875	15603700.0
2013-01-09	-0.00027	0.154725	0.154725	0.14324	-0.008701	10563700.0
2013-01-08	-0.006971	0.146368	0.149142	0.137737	-0.226135	14324300.0
2013-01-07	-0.009559	0.145485	0.145485	0.132662	-0.313107	14610200.0
2013-01-04	0.001596	0.151288	0.15801500000000002	0.147313	0.052185	15311300.0
2013-01-03	0.0	0.145172	0.149759	0.134775	0.0	16357900.0
2013-01-02	0.037242000000000004	0.17323	0.192578	0.16276300000000002	1.174164	21872400.0
2012-12-31	0.007784	0.14688199999999998	0.159668	0.137293	0.24352100000000002	15651400.0
2012-12-28	-0.012356	0.14344500000000002	0.149759	0.134921	-0.391379	14053400.0
2012-12-27	0.0	0.147549	0.153863	0.142814	0.0	11380600.0
2012-12-26	-0.008440000000000001	0.14882	0.15195	0.13442	-0.26962800000000003	9982100.0
2012-12-24	-0.004338	0.14445999999999998	0.146953	0.139785	-0.13917000000000002	4851800.0
2012-12-21	-0.004318	0.148207	0.154103	0.133622	-0.139145	27942400.0
2012-12-20	0.0073409999999999994	0.146946	0.159762	0.145695	0.234835	16182700.0
2012-12-19	-0.013412	0.148833	0.150067	0.13402999999999998	-0.434881	17991900.0
2012-12-18	-0.005867	0.150678	0.155891	0.138414	-0.191349	17952100.0
2012-12-17	-0.004248	0.153728	0.154644	0.14121	-0.139153	17588900.0
2012-12-14	0.001596	0.147313	0.15495699999999998	0.146701	0.052185	11800900.0
2012-12-13	-0.0010630000000000001	0.151591	0.15434	0.146398	-0.034798	11442100.0
2012-12-12	-0.005811	0.15067	0.151885	0.138826	-0.19133699999999998	14681700.0
2012-12-11	0.005845	0.149453	0.16045	0.147926	0.19133699999999998	10671300.0
2012-12-10	-0.0018559999999999998	0.149454	0.151893	0.14366099999999998	-0.060871	8603200.0
2012-12-07	0.008828	0.151604	0.160832	0.150066	0.287011	10654700.0
2012-12-06	0.001876	0.15068299999999998	0.153765	0.149451	0.060886	8974700.0
2012-12-05	0.004307	0.151306	0.160591	0.147592	0.139156	14561400.0
2012-12-04	-0.0061530000000000005	0.147606	0.153142	0.142377	-0.200042	11794200.0
2012-12-03	-0.014240000000000001	0.149153	0.150365	0.13187000000000001	-0.46965500000000004	12864900.0
2012-11-30	-0.001317	0.14885	0.150061	0.140372	-0.043499	13039500.0
2012-11-29	0.010916	0.15343199999999999	0.16230899999999998	0.147922	0.356598	12433700.0
2012-11-28	0.010629000000000001	0.146511	0.16228800000000002	0.138467	0.34356	14846300.0
2012-11-27	0.0016059999999999998	0.160126	0.170972	0.157028	0.051819000000000004	11873700.0
2012-11-26	-0.015027	0.146966	0.15307	0.136283	-0.492371	13217000.0
2012-11-23	0.014441999999999998	0.162602	0.174986	0.160744	0.46646499999999996	5365500.0
2012-11-21	0.0037579999999999996	0.160134	0.164485	0.15671500000000002	0.120926	8631300.0
2012-11-20	0.000269	0.15733699999999998	0.15858	0.14552400000000001	0.00864	12278600.0
2012-11-19	0.0186	0.16683	0.180763	0.16556400000000002	0.5874010000000001	14076200.0
2012-11-16	0.003568	0.159554	0.164639	0.152563	0.11229700000000001	15624800.0
2012-11-15	0.011663	0.154111	0.172757	0.152826	0.362806	17643600.0
2012-11-14	-0.004148	0.158608	0.164051	0.14836300000000002	-0.129572	13508300.0
2012-11-13	0.0022170000000000002	0.15604300000000002	0.173049	0.15443900000000002	0.069098	12105200.0
2012-11-12	-0.005787	0.157647	0.157647	0.148078	-0.181403	10169700.0
2012-11-09	-0.001925	0.147778	0.162742	0.147778	-0.060463	11520300.0
2012-11-08	-0.009804	0.155441	0.169943	0.146298	-0.310974	12921700.0
2012-11-07	-0.018706	0.153317	0.15672	0.126093	-0.604669	16745000.0
2012-11-06	0.017677000000000002	0.16237000000000001	0.180001	0.16048099999999998	0.561479	11448400.0
2012-11-05	-0.008361	0.153589	0.154838	0.143598	-0.267793	12139600.0
2012-11-02	-0.006697	0.1654	0.167571	0.14741400000000002	-0.21595	11237500.0
2012-11-01	0.004034	0.15671400000000002	0.169479	0.15671400000000002	0.129573	10622300.0
2012-10-31	0.0037799999999999995	0.161398	0.169212	0.153897	0.12093599999999999	11643500.0
2012-10-26	-0.001348	0.158584	0.162954	0.147972	-0.043192	11896500.0
2012-10-25	0.005693999999999999	0.161414	0.167378	0.15670599999999998	0.181398	10457900.0
2012-10-24	0.007375	0.157331	0.171245	0.157331	0.233235	13531400.0
2012-10-23	-0.016653	0.149252	0.149874	0.136192	-0.53557	13287300.0
2012-10-22	-0.004545	0.156719	0.160124	0.144028	-0.146843	13340500.0
2012-10-19	-0.011628	0.160401	0.160707	0.14418699999999998	-0.380085	19864500.0
2012-10-18	0.00265	0.15826099999999999	0.16777	0.149059	0.08638	23063300.0
2012-10-17	-0.004222	0.16253499999999999	0.165284	0.151539	-0.138207	15449600.0
2012-10-16	-0.006032	0.159165	0.16038	0.136699	-0.198685	25811800.0
2012-10-15	-0.002616	0.153408	0.158253	0.15098599999999998	-0.08638	13785100.0
2012-10-12	0.003149	0.162204	0.166153	0.157648	0.10366500000000001	12059700.0
2012-10-11	0.000525	0.160991	0.163422	0.15552	0.017269	10843800.0
2012-10-10	-0.012189	0.16035	0.162751	0.142336	-0.405994	13754500.0
2012-10-09	-0.000518	0.155247	0.16515	0.154047	-0.017266	13078700.0
2012-10-08	0.0	0.156448	0.16064900000000001	0.153447	0.0	9434600.0
2012-10-05	0.006522	0.16247999999999999	0.165802	0.155231	0.215939	12287900.0
2012-10-04	0.0023539999999999998	0.16430799999999998	0.167033	0.156134	0.07775900000000001	9654500.0
2012-10-03	-0.0026089999999999998	0.15704400000000002	0.163082	0.151609	-0.086392	13637100.0
2012-10-02	-0.001042	0.163077	0.166998	0.149504	-0.03455	10276000.0
2012-10-01	0.011864	0.164667	0.178096	0.16436199999999998	0.38872199999999996	16671400.0
2012-09-28	-0.009918999999999999	0.153417	0.154928	0.145258	-0.328259	22721200.0
2012-09-27	0.014565999999999999	0.166845	0.175736	0.16194	0.475102	15176100.0
2012-09-26	0.002123	0.16072	0.173316	0.15949100000000002	0.06909900000000001	16677400.0
2012-09-25	-0.011542	0.160381	0.16220299999999999	0.143678	-0.380073	20299200.0
2012-09-24	0.002367	0.150951	0.16404000000000002	0.150951	0.07774299999999999	21902000.0
2012-09-21	-0.015787	0.16034400000000001	0.160644	0.134878	-0.526928	98967500.0
2012-09-20	0.0031149999999999997	0.15374000000000002	0.168166	0.15344000000000002	0.103653	26953000.0
2012-09-19	-0.002589	0.15884700000000002	0.16334300000000002	0.151353	-0.086376	26276800.0
2012-09-18	0.00704	0.158553	0.177269	0.156138	0.233227	24373700.0
2012-09-17	0.006034	0.15886199999999998	0.165543	0.154914	0.198681	23594400.0
2012-09-14	-0.005997	0.163685	0.163685	0.147384	-0.198681	25087400.0
2012-09-13	0.021305	0.163197	0.186627	0.159497	0.691055	23803400.0
2012-09-12	0.000933	0.166134	0.16736800000000002	0.157493	0.030239	14632200.0
2012-09-11	0.002921	0.164588	0.17077799999999999	0.162422	0.09437999999999999	16505000.0
2012-09-10	-0.006333	0.16736099999999998	0.167977	0.15598299999999998	-0.205921	18216900.0
2012-09-07	-0.006553	0.172543	0.176209	0.15299100000000002	-0.214497	16391700.0
2012-09-06	0.017062	0.173906	0.190063	0.17142000000000002	0.549114	19851400.0
2012-09-05	0.00617	0.168018	0.176146	0.160202	0.197346	20839200.0
