2017-09-01	-0.010478	0.001866	0.003111	-0.010478.1	-3.200013	1187700.000000
2016-09-01	0.002634	0.027112999999999998	0.030113	0.021917	0.623504	1337100.0
2016-08-31	0.0147	0.024508000000000002	0.044313	0.022794	3.4293370000000003	2890200.0
2016-08-30	-0.013188	0.026437000000000002	0.029229	0.010362999999999999	-3.117584	1887400.0
2016-08-29	-0.000573	0.035785000000000004	0.040351	0.031726	-0.135468	1637600.0
2016-08-26	-0.016457	0.035371	0.038698	0.013125999999999999	-3.957733	4697100.0
2016-08-25	0.001652	0.031293	0.042039	0.024587	0.396729	4383900.0
2016-08-24	-0.006527	0.029320999999999996	0.033417	0.012934999999999999	-1.577286	10559900.0
2016-08-23	-0.017506	0.037645	0.037645	0.008781	-4.306107	10627900.0
2016-08-22	0.000315	0.034434	0.042770999999999997	0.031912	0.077423	3791000.0
2016-08-19	-0.00509	0.030625	0.031718	0.022412	-1.257965	2412700.0
2016-08-18	-0.0008609999999999999	0.033417	0.034832	0.027192	-0.21289	2596300.0
2016-08-17	-0.0044009999999999995	0.033136	0.036355	0.012408	-1.09343	4381100.0
2016-08-16	-0.03651	0.028492	0.031672000000000006	-0.013347999999999999	-9.415405	7884400.0
2016-08-15	0.008897	0.033691000000000006	0.044293	0.033613	2.274032	9143800.0
2016-08-12	0.006132	0.03322	0.044439	0.029993000000000002	1.557923	13962300.0
2016-08-11	0.004746	0.034207999999999995	0.044372	0.028869	1.199905	12648900.0
2016-08-10	0.002455	0.030087	0.039126	0.027112999999999998	0.619293	9565300.0
2016-08-09	0.001807	0.03437	0.037786	0.029406	0.454834	9900300.0
2016-08-08	-0.000384	0.032266	0.039689999999999996	0.027462	-0.096786	8743400.0
2016-08-05	0.009855	0.03899	0.043601	0.032936	2.45787	4418100.0
2016-08-04	0.0035039999999999997	0.036636	0.041181999999999996	0.030561	0.8708799999999999	5720200.0
2016-08-03	-0.000584	0.035468	0.036433	0.02437	-0.145126	6827200.0
2016-08-02	0.008476000000000001	0.0307	0.044042000000000005	0.024861	2.0901490000000003	4770800.0
2016-08-01	0.008348999999999999	0.033007999999999996	0.042413	0.031659	2.041763	2782400.0
2016-07-29	-0.00715	0.033214	0.034473000000000004	0.025906000000000002	-1.761154	2178300.0
2016-07-28	0.001535	0.03358	0.036385	0.024838	0.377411	2716000.0
2016-07-27	-0.002355	0.036297	0.038447	0.0264	-0.580612	2593300.0
2016-07-26	-0.0033640000000000002	0.033417	0.036813	0.026181	-0.832199	2121500.0
2016-07-25	-0.006568000000000001	0.031449	0.033297	0.023015	-1.635346	1295200.0
2016-07-22	0.012473	0.035288	0.047039	0.028985000000000004	3.067505	1864500.0
2016-07-21	-0.009857	0.036719	0.036719	0.013004	-2.448196	2733400.0
2016-07-20	-0.008843	0.034854	0.036849	0.021166	-2.215927	3361600.0
2016-07-19	0.010418	0.04249	0.061965	0.016522	2.5836330000000003	4980000.0
2016-07-18	-0.0026850000000000003	0.036634	0.038685000000000004	0.026661	-0.667694	2345800.0
2016-07-15	0.0038280000000000002	0.037898	0.039957	0.033821	0.9483030000000001	3460700.0
2016-07-14	0.000391	0.038627	0.041655000000000005	0.028571	0.096787	3323800.0
2016-07-13	0.004711	0.035039999999999995	0.040477	0.03431	1.161194	4781700.0
2016-07-12	0.001219	0.038495	0.041500999999999996	0.031955000000000004	0.29995700000000003	4167000.0
2016-07-11	0.009885	0.035386	0.051632000000000004	0.033499	2.4095150000000003	6337100.0
2016-07-08	0.008528	0.037596	0.043885	0.028162	2.061096	1082800.0
2016-07-07	-0.00124	0.034037	0.038127999999999995	0.027343	-0.29995700000000003	961300.0
2016-07-06	0.002284	0.039381	0.040914	0.026666000000000002	0.55156	1387400.0
2016-07-05	0.000642	0.031138	0.037686000000000004	0.029563	0.154831	1327600.0
2016-07-01	0.004755	0.033417	0.040704000000000004	0.033417	1.14183	1427800.0
2016-06-30	0.016756999999999998	0.036381000000000004	0.053063	0.035914999999999996	3.9577480000000005	2045600.0
2016-06-29	0.013158000000000001	0.038093	0.049632	0.036634	3.067505	1190000.0
2016-06-28	0.00677	0.036958	0.040629000000000005	0.026333999999999996	1.567612	1994700.0
2016-06-27	-0.0017100000000000001	0.029450999999999998	0.034581	0.017766999999999998	-0.396744	1868200.0
2016-06-24	-0.00125	0.011242	0.045775	0.010811	-0.290298	3471200.0
2016-06-23	0.007684000000000001	0.040445999999999996	0.041357	0.033460000000000004	1.7708130000000002	755800.0
2016-06-22	-0.001593	0.03515	0.036536	0.031208	-0.367707	1001700.0
2016-06-21	-0.000377	0.037098	0.038657	0.031988	-0.087082	928300.0
2016-06-20	0.004546	0.040551	0.043161	0.034722	1.045075	1067000.0
2016-06-17	-0.00963	0.034925	0.034925	0.019588	-2.235291	1455700.0
2016-06-16	0.001754	0.031691000000000004	0.037732999999999996	0.027548000000000003	0.406418	1212300.0
2016-06-15	-0.0010429999999999999	0.035185	0.037254	0.031391	-0.24192800000000003	854200.0
2016-06-14	0.007354	0.032679	0.042841000000000004	0.030376999999999998	1.6934049999999998	1220000.0
2016-06-13	-0.010931999999999999	0.030969	0.033933	0.021948	-2.544952	1073000.0
2016-06-10	-0.00037400000000000004	0.030583	0.03784	0.029424000000000002	-0.08709700000000001	760200.0
2016-06-09	0.001206	0.031998	0.035524	0.031783	0.280624	894100.0
2016-06-08	0.003674	0.032382	0.038811	0.032251999999999996	0.8515469999999999	918900.0
2016-06-07	0.00041799999999999997	0.03687	0.041878	0.033460000000000004	0.096772	993000.0
2016-06-06	0.002009	0.031687	0.039689	0.031687	0.464462	1154100.0
2016-06-03	0.004582999999999999	0.032331	0.041325	0.026465	1.054748	1515000.0
2016-06-02	-0.00105	0.033634	0.034155	0.027818	-0.241912	921400.0
2016-06-01	0.007831	0.033417	0.043697	0.029611000000000002	1.790191	972700.0
2016-05-31	-0.016077	0.031911	0.035655	0.016458	-3.735168	2546000.0
2016-05-27	0.000834	0.033891000000000004	0.037424	0.030488	0.193527	792500.0
2016-05-26	0.0029059999999999997	0.039445	0.045537	0.037370999999999995	0.67273	648700.0
2016-05-25	-0.000539	0.04195	0.043073	0.038495999999999996	-0.12493900000000001	737300.0
2016-05-24	0.0060539999999999995	0.044348	0.050213	0.043914	1.393508	741200.0
2016-05-23	-0.002291	0.042085000000000004	0.042475	0.036061	-0.528579	849600.0
2016-05-20	0.00494	0.043139	0.046667	0.038347000000000006	1.1340629999999998	1009000.0
2016-05-19	-0.011134999999999999	0.032341	0.038327999999999994	0.024201	-2.58525	1360600.0
2016-05-18	0.000207	0.037768	0.047677	0.034494	0.04808	738000.0
2016-05-17	-0.005927	0.040654	0.042923	0.028962	-1.383926	1016100.0
2016-05-16	0.003511	0.036614	0.048562	0.035325	0.816879	921200.0
2016-05-13	-0.011512999999999999	0.02965	0.038656	0.026761	-2.7101439999999997	1198700.0
2016-05-12	0.01286	0.041386	0.05575700000000001	0.039105	2.988861	969300.0
2016-05-11	-0.010354	0.038863999999999996	0.041079000000000004	0.028857999999999998	-2.431458	1006700.0
2016-05-10	0.016811000000000003	0.044812	0.058839999999999996	0.044725	3.88266	1141400.0
2016-05-09	0.00025	0.040525	0.048061	0.03732	0.057648000000000005	1498800.0
2016-05-06	0.008902	0.039913	0.050837	0.038995999999999996	2.037445	1139500.0
2016-05-05	0.009025	0.040922	0.050004	0.038012	2.047043	1198900.0
2016-05-04	0.005582	0.036757	0.047796	0.033387	1.258972	1382900.0
2016-05-03	0.00626	0.03651	0.047618	0.032182999999999996	1.403137	1166400.0
2016-05-02	0.003701	0.042137	0.046883	0.040749	0.826493	1008100.0
2016-04-29	-0.0014609999999999998	0.037752999999999995	0.041643	0.03203	-0.326737	952200.0
2016-04-28	-0.00398	0.034068	0.044220999999999996	0.032732	-0.893768	1034900.0
2016-04-27	0.006418000000000001	0.031247000000000004	0.051415999999999996	0.030664999999999998	1.431946	1405700.0
2016-04-26	0.025894999999999998	0.047652	0.067745	0.047652	5.6317900000000005	1918300.0
2016-04-25	-0.002337	0.036900999999999996	0.041259	0.03369	-0.509369	986300.0
2016-04-22	0.0033619999999999995	0.042964999999999996	0.04881	0.038362	0.730392	1037300.0
2016-04-21	-0.002251	0.039285	0.043878	0.036254	-0.490112	996700.0
2016-04-20	0.000309	0.042776	0.047921	0.038458	0.067276	887300.0
2016-04-19	-0.002774	0.040617	0.043961	0.036631	-0.6054689999999999	721100.0
2016-04-18	0.00589	0.040525	0.048912	0.038175	1.278183	824200.0
2016-04-15	0.001641	0.04251	0.042741	0.036739999999999995	0.355591	1134600.0
2016-04-14	-0.004152	0.04241	0.04241	0.035055	-0.9033959999999999	774300.0
2016-04-13	0.0017699999999999999	0.045222000000000005	0.045958	0.03569	0.384414	808500.0
2016-04-12	0.00592	0.040988	0.050808	0.038348	1.278229	682400.0
2016-04-11	-0.007291	0.039376	0.04241	0.030456	-1.585739	1140200.0
2016-04-08	-0.000795	0.045625	0.047508999999999996	0.037401	-0.172989	582600.0
2016-04-07	-0.000662	0.037633	0.044106	0.03598	-0.14418	1063200.0
2016-04-06	0.004477	0.039096	0.046198	0.039096	0.9706879999999999	1276100.0
2016-04-05	0.006648	0.040061	0.053988	0.034443	1.431945	1437300.0
2016-04-04	0.004572	0.041038	0.048873	0.040385000000000004	0.9802709999999999	1007500.0
2016-04-01	0.007268999999999999	0.033291	0.049779000000000004	0.029580000000000002	1.547317	957800.0
2016-03-31	-0.006548	0.039077999999999995	0.042252	0.031798	-1.403167	1105200.0
2016-03-30	0.009966	0.04637	0.055137	0.045380000000000004	2.114334	950900.0
2016-03-29	0.0077599999999999995	0.04024	0.04936	0.037533	1.633789	748500.0
2016-03-28	0.004862	0.044391	0.047923	0.042148000000000005	1.018707	994000.0
2016-03-24	-0.014734	0.039538	0.041654000000000004	0.02115	-3.1330259999999996	1319200.0
2016-03-23	0.0024010000000000004	0.041279	0.049056999999999996	0.040007	0.509369	781900.0
2016-03-22	-0.002395	0.039538	0.047438	0.036951	-0.509369	925300.0
2016-03-21	0.001584	0.038169999999999996	0.051264	0.038169999999999996	0.33638	1149700.0
2016-03-18	0.007571	0.044084	0.049257	0.036349	1.595321	2114600.0
2016-03-17	0.0048579999999999995	0.040954000000000004	0.048871	0.036853	1.018723	1299100.0
2016-03-16	0.005252000000000001	0.040957	0.049586	0.036882	1.0956270000000001	882600.0
2016-03-15	0.002077	0.034472	0.043983999999999995	0.031925999999999996	0.432449	1012300.0
2016-03-14	-0.002073	0.03367	0.042730000000000004	0.03367	-0.432449	934500.0
2016-03-11	0.002263	0.047444	0.05172	0.037642	0.470901	1336400.0
2016-03-10	0.0006929999999999999	0.043073	0.05067	0.036967	0.14416500000000002	1367600.0
2016-03-09	0.0049689999999999995	0.047338	0.052992	0.042457999999999996	1.0283360000000001	988200.0
2016-03-08	-0.002317	0.031414	0.042309	0.01671	-0.48053	1843800.0
2016-03-07	-0.013168000000000001	0.034720999999999995	0.038908	0.024255000000000002	-2.767837	1017800.0
2016-03-04	0.000915	0.037620999999999995	0.043192	0.035954	0.192215	935500.0
2016-03-03	0.006077	0.037076	0.047327999999999995	0.032573000000000005	1.268585	875200.0
2016-03-02	-0.004264	0.040333999999999995	0.044007	0.029314999999999997	-0.893784	1188600.0
2016-03-01	0.010844	0.044383	0.052869000000000006	0.036137	2.248841	1159500.0
2016-02-29	-0.006675	0.037795	0.044644	0.033293	-1.393509	1248600.0
2016-02-26	-0.005220000000000001	0.044527	0.047053	0.034474	-1.095612	1210200.0
2016-02-25	0.015694999999999997	0.050178	0.065374	0.047177	3.243088	1489300.0
2016-02-24	0.0068790000000000006	0.040737	0.057352999999999994	0.040347	1.411713	1301600.0
2016-02-23	0.000651	0.047508999999999996	0.051946000000000006	0.042828	0.13351400000000002	1282900.0
2016-02-22	0.006506999999999999	0.048387	0.06389500000000001	0.048387	1.325867	974000.0
2016-02-19	-0.002708	0.049904000000000004	0.05103	0.041045	-0.553254	1233300.0
2016-02-18	0.006862999999999999	0.045972000000000006	0.061988	0.044739999999999995	1.392624	987100.0
2016-02-17	0.017894999999999998	0.053403	0.068301	0.048889	3.567414	1237700.0
2016-02-16	0.014169	0.055713	0.065735	0.052303999999999996	2.785217	1548300.0
2016-02-12	-0.005309	0.05410499999999999	0.062251999999999995	0.040139	-1.049225	2331700.0
2016-02-11	-0.031643	0.037214	0.042506999999999996	-0.002085	-6.45758	2649700.0
2016-02-10	-0.009399	0.048532	0.055474	0.036931	-1.936295	1738000.0
2016-02-09	0.006759	0.041496	0.06207000000000001	0.037196	1.3830719999999999	1983100.0
2016-02-08	0.012221	0.035476	0.064266	0.035328	2.470489	2502100.0
2016-02-05	0.00823	0.049035	0.060157	0.045195	1.650132	1892400.0
2016-02-04	-0.012728	0.046319	0.050651999999999996	0.030463999999999998	-2.5849	1628200.0
2016-02-03	0.011737000000000001	0.056108000000000005	0.064278	0.046793	2.355987	2231200.0
2016-02-02	0.003098	0.046888	0.054284000000000006	0.037593	0.620011	1574600.0
2016-02-01	-0.005686999999999999	0.039742	0.050076	0.037804000000000004	-1.144608	1673100.0
2016-01-29	0.021001	0.054322	0.07065700000000001	0.045648	4.139679	2595900.0
2016-01-28	-0.0057729999999999995	0.051564	0.056304999999999994	0.039863	-1.1446379999999998	1862900.0
2016-01-27	-0.009859999999999999	0.048187	0.056927	0.033755	-1.9744419999999998	2694800.0
2016-01-26	-0.005118	0.000789	0.04943	-0.00398	-1.030166	4440800.0
2016-01-25	-0.004857	0.047398	0.051898	0.038301	-0.9824219999999999	1792100.0
2016-01-22	0.0059299999999999995	0.06291000000000001	0.06291000000000001	0.049481	1.1923059999999999	1517900.0
2016-01-21	0.001854	0.052373	0.056359000000000006	0.040165	0.371979	1562900.0
2016-01-20	-0.022713	0.037479000000000005	0.052818	0.011037	-4.664291	2459700.0
2016-01-19	-0.0032409999999999995	0.051785000000000005	0.071637	0.034699	-0.667725	2918100.0
2016-01-15	-0.001987	0.026927	0.051245000000000006	0.026927	-0.410141	2790100.0
2016-01-14	0.009422	0.048485	0.061736	0.037972000000000006	1.9267729999999998	1920700.0
2016-01-13	-0.016333	0.05464	0.056371000000000004	0.029627999999999998	-3.3957059999999997	1374100.0
2016-01-12	0.01212	0.051697	0.061775	0.044297	2.489533	1354800.0
2016-01-11	0.01146	0.059023	0.06591699999999999	0.049963	2.3273919999999997	2550100.0
2016-01-08	-0.001782	0.056840999999999996	0.063428	0.043864999999999994	-0.362442	1764600.0
2016-01-07	-0.019941999999999998	0.029985	0.04145	0.02194	-4.139694	1810100.0
2016-01-06	-0.002886	0.046322	0.061548	0.03878	-0.6009220000000001	1787100.0
2016-01-05	0.023686000000000002	0.055173	0.076562	0.05237000000000001	4.81691	1349300.0
2016-01-04	-0.018144	0.033179	0.041724000000000004	0.020578	-3.7581480000000003	1875200.0
2015-12-31	-0.012056	0.047338	0.049102	0.029213	-2.52771	1156200.0
2015-12-30	-0.003039	0.050574	0.052049	0.044344999999999996	-0.639053	633500.0
2015-12-29	0.009432	0.052947	0.062499	0.050259	1.964904	768300.0
2015-12-28	-0.000686	0.046085	0.049394	0.042967	-0.143066	612900.0
2015-12-24	0.002891	0.048724	0.053534000000000005	0.04627	0.6009220000000001	524400.0
2015-12-23	0.001609	0.050411000000000004	0.052097000000000004	0.046459	0.333831	742400.0
2015-12-22	0.009793000000000001	0.051744000000000005	0.061815999999999996	0.048922	2.012619	895200.0
2015-12-21	0.015506	0.056392	0.065236	0.055008	3.138184	1066800.0
2015-12-18	-0.014125	0.041226	0.048143	0.031971	-2.8997040000000003	2058200.0
2015-12-17	-0.010483	0.050122	0.054509	0.037107999999999995	-2.174789	1282300.0
2015-12-16	0.012381	0.054048	0.06434400000000001	0.047948000000000005	2.537246	1352000.0
2015-12-15	-0.008034	0.05042	0.051582	0.039383	-1.659698	1539800.0
2015-12-14	-0.0028539999999999998	0.042547	0.050173	0.036416000000000004	-0.59137	2026500.0
2015-12-11	-0.0076760000000000005	0.041969	0.049727999999999994	0.037945	-1.602493	1801900.0
2015-12-10	0.0061600000000000005	0.050218	0.059038	0.045785	1.2782129999999998	1119200.0
2015-12-09	-0.005804	0.044601999999999996	0.055334	0.037846	-1.211425	1194900.0
2015-12-08	-0.00146	0.041497000000000006	0.051497	0.039632	-0.305252	844400.0
2015-12-07	0.0033880000000000004	0.048147	0.054291	0.044354000000000005	0.7058409999999999	1537800.0
2015-12-04	0.013599000000000002	0.051014	0.069991	0.051014	2.794784	1701600.0
2015-12-03	-0.015895	0.049967000000000004	0.052314	0.028036000000000002	-3.3193660000000005	1776500.0
2015-12-02	-0.005722	0.048625	0.051958000000000004	0.041625999999999996	-1.2018440000000001	1307400.0
2015-12-01	0.004745	0.052691999999999996	0.067235	0.049391000000000004	0.991974	1267200.0
2015-11-30	-0.029879000000000003	0.037667	0.038038	0.014138	-6.438446	3000800.0
2015-11-27	0.007852	0.054841999999999995	0.058115999999999994	0.049135000000000005	1.6787880000000002	972800.0
2015-11-25	-0.002782	0.056338	0.06300700000000001	0.050927	-0.596543	2156400.0
2015-11-24	0.0017699999999999999	0.051105000000000005	0.06059	0.049002	0.378739	1234300.0
2015-11-23	-0.000133	0.05816	0.06367300000000001	0.053348	-0.028397000000000002	939900.0
2015-11-20	0.009196	0.062941	0.070154	0.060629999999999996	1.950561	1321200.0
2015-11-19	0.0034939999999999997	0.062065999999999996	0.06675	0.057428999999999994	0.738572	1410700.0
2015-11-18	0.003732	0.05681699999999999	0.060758000000000006	0.048174	0.785904	1185400.0
2015-11-17	0.007794	0.062805	0.078024	0.056774	1.628616	2081500.0
2015-11-16	0.035232	0.061801999999999996	0.09415499999999999	0.060662	7.111053	1516000.0
2015-11-13	-0.001966	0.055709	0.062236	0.047204	-0.397689	1059100.0
2015-11-12	-0.0071129999999999995	0.053109	0.055859000000000006	0.044076	-1.448716	1292200.0
2015-11-11	0.0048579999999999995	0.057584	0.068241	0.057041999999999995	0.984742	1197100.0
2015-11-10	-0.002934	0.054480999999999995	0.061220000000000004	0.045922000000000004	-0.596528	1165900.0
2015-11-09	-0.008909	0.051912	0.054837000000000004	0.043575	-1.827468	1657300.0
2015-11-06	-0.009012000000000001	0.053204999999999995	0.055573000000000004	0.038905	-1.865372	1455400.0
2015-11-05	-0.001051	0.057745000000000005	0.064598	0.052147000000000006	-0.21777399999999997	911600.0
2015-11-04	-0.00032	0.060012	0.0631	0.054223	-0.066268	932900.0
2015-11-03	-0.007661	0.053279999999999994	0.055482000000000004	0.045332	-1.60022	1046300.0
2015-11-02	0.003457	0.05639299999999999	0.061725	0.051684	0.7196199999999999	1160700.0
2015-10-30	0.007239	0.059733	0.067911	0.056491	1.496063	1774000.0
2015-10-29	-0.012622	0.055913	0.063988	0.040481	-2.64177	1795900.0
2015-10-28	-0.008967000000000001	0.052364	0.06273300000000001	0.033944	-1.8937680000000001	1973500.0
2015-10-27	0.009505	0.05146799999999999	0.076228	0.050703	1.9884490000000001	1399900.0
2015-10-26	0.007386	0.056103999999999994	0.065879	0.054034000000000006	1.533936	1383800.0
2015-10-23	0.012979	0.063372	0.070299	0.059615999999999995	2.660721	1280900.0
2015-10-22	0.023398	0.059399	0.08321100000000001	0.059399	4.687042	1190100.0
2015-10-21	0.013558	0.061315999999999996	0.078519	0.056155	2.679642	1332400.0
2015-10-20	-0.009068000000000001	0.039758999999999996	0.050638999999999997	0.028527999999999998	-1.8085330000000002	1901000.0
2015-10-19	0.0041	0.053386	0.060887000000000004	0.04966	0.814316	1329900.0
2015-10-16	0.002868	0.062264	0.06529299999999999	0.05363	0.568145	1145300.0
2015-10-15	0.004947999999999999	0.061584	0.074116	0.05285700000000001	0.975281	1496900.0
2015-10-14	-0.018068	0.056452999999999996	0.059142999999999994	0.036226	-3.6265410000000005	1192100.0
2015-10-13	-0.010964	0.050635	0.056251999999999996	0.044328	-2.225174	1026200.0
2015-10-12	0.005017	0.057837	0.062889	0.053627999999999995	1.013153	1048100.0
2015-10-09	-0.005178	0.056449	0.065465	0.050439	-1.051025	1340000.0
2015-10-08	0.006668	0.052782	0.064585	0.048119999999999996	1.344589	782100.0
2015-10-07	0.01212	0.063081	0.074275	0.059316999999999995	2.41452	1122200.0
2015-10-06	-0.006282	0.055955	0.060693	0.048822000000000004	-1.2593379999999998	1625700.0
2015-10-05	0.024781	0.064743	0.08294	0.061676	4.847976999999999	1347600.0
2015-10-02	0.009084	0.041971	0.065698	0.04094	1.7612150000000002	1154800.0
2015-10-01	-0.012348999999999999	0.05101	0.05625700000000001	0.033231000000000004	-2.424012	1889700.0
2015-09-30	0.023905000000000003	0.065858	0.083437	0.065285	4.582886	1721800.0
2015-09-29	0.011238	0.05494400000000001	0.070346	0.049722	2.130463	1226600.0
2015-09-28	-0.018	0.049163	0.058953	0.035955	-3.475021	1315400.0
2015-09-25	-0.004249	0.066317	0.066523	0.047027	-0.823792	1414000.0
2015-09-24	0.009814	0.04949	0.072354	0.039385	1.884277	1667600.0
2015-09-23	-0.004370000000000001	0.058542	0.063001	0.045992	-0.8427120000000001	601100.0
2015-09-22	-0.0033770000000000002	0.046337	0.05414	0.041375	-0.653351	1119200.0
2015-09-21	0.005115	0.061507000000000006	0.068987	0.055480999999999996	0.984772	964700.0
2015-09-18	-0.020665	0.047965	0.048117	0.030923000000000003	-4.062119	3010600.0
2015-09-17	0.000193	0.05757999999999999	0.071216	0.053916	0.037873000000000004	958900.0
2015-09-16	-0.001347	0.055088	0.057883000000000004	0.048431	-0.26512199999999997	927800.0
2015-09-15	0.008931999999999999	0.058052	0.06912599999999999	0.053591999999999994	1.7422490000000002	1253700.0
2015-09-14	-0.003917	0.057227999999999994	0.057227999999999994	0.049721	-0.766968	1034300.0
2015-09-11	0.0032020000000000004	0.054363	0.060253999999999995	0.051904	0.624969	1085500.0
2015-09-10	0.00728	0.051202	0.069676	0.051202	1.4108129999999999	1370200.0
2015-09-09	-0.011352	0.06625700000000001	0.067481	0.043401	-2.225144	1110300.0
2015-09-08	0.021666	0.064235	0.080446	0.063297	4.1568	1320700.0
2015-09-04	-0.012573	0.047561	0.051677999999999995	0.036598	-2.442963	1213100.0
2015-09-03	0.005685	0.05946900000000001	0.06863	0.057553999999999994	1.0983889999999998	1350900.0
2015-09-02	0.032487	0.06716699999999999	0.09084099999999999	0.064976	6.078933	1490600.0
2015-09-01	-0.017696	0.038728	0.047757	0.034266000000000005	-3.3708949999999995	1673700.0
2015-08-31	-0.013340000000000001	0.052530999999999994	0.052686000000000004	0.041498	-2.57547	1086800.0
2015-08-28	-0.000147	0.054551	0.058953	0.042899	-0.028412	1391200.0
2015-08-27	0.016375999999999998	0.07334700000000001	0.08924299999999999	0.068031	3.1112830000000002	1688100.0
2015-08-26	0.015780000000000002	0.086596	0.086596	0.052484	2.951477	2933800.0
2015-08-25	0.007698	0.10719000000000001	0.107244	0.069745	1.428695	2100600.0
2015-08-24	-0.035274	-0.012378	0.056544000000000004	-0.054479999999999994	-6.786499000000001	3308700.0
2015-08-21	-0.021279	0.060973	0.062397	0.040675	-4.182846	2038500.0
2015-08-20	-0.010176000000000001	0.062362	0.06498	0.053046	-2.0209040000000003	1405700.0
2015-08-19	-0.006536	0.06032100000000001	0.065073	0.053867	-1.306549	1302600.0
2015-08-18	-0.001643	0.060576	0.065471	0.059476999999999995	-0.32898	774500.0
2015-08-17	0.005000999999999999	0.058452	0.06969500000000001	0.057899	0.996338	776300.0
2015-08-14	0.010343999999999999	0.06367	0.075485	0.06154	2.039734	916000.0
2015-08-13	0.004838	0.063618	0.07370700000000001	0.063414	0.949371	1091200.0
2015-08-12	-0.000383	0.057149	0.066216	0.053125	-0.07521	917900.0
2015-08-11	-0.009109	0.055140999999999996	0.058724	0.049336	-1.804718	985800.0
2015-08-10	0.008083	0.06870599999999999	0.076491	0.06514400000000001	1.588531	978500.0
2015-08-07	-0.0008119999999999999	0.062551	0.06453300000000001	0.053501	-0.15979000000000002	997500.0
2015-08-06	-0.0008119999999999999	0.06539600000000001	0.066463	0.05742100000000001	-0.15979000000000002	1147900.0
2015-08-05	-0.00047699999999999994	0.06636	0.07006699999999999	0.061537	-0.094025	1209900.0
2015-08-04	0.008374	0.06755900000000001	0.074112	0.061108	1.635559	1066100.0
2015-08-03	0.003332	0.064746	0.068444	0.05853	0.6485449999999999	1064200.0
2015-07-31	0.0030510000000000003	0.069746	0.074384	0.064182	0.592209	1116800.0
2015-07-30	-0.008071	0.059119000000000005	0.065661	0.052627999999999994	-1.579148	1554700.0
2015-07-29	0.022197	0.069828	0.09929500000000001	0.067425	4.2486120000000005	2491000.0
2015-07-28	0.012229	0.070483	0.082646	0.064454	2.312347	1125300.0
2015-07-27	0.000647	0.060274	0.06768300000000001	0.055088	0.12219300000000001	997600.0
2015-07-24	-0.008825	0.063715	0.064449	0.052595	-1.682541	1124800.0
2015-07-23	0.000197	0.06397699999999999	0.075257	0.063085	0.037597000000000005	1175100.0
2015-07-22	-0.001772	0.064815	0.070628	0.05785	-0.33839400000000003	1124200.0
2015-07-21	-0.009653	0.06029400000000001	0.061952999999999994	0.052047	-1.861145	1767000.0
2015-07-20	0.019634	0.06984800000000001	0.086136	0.063079	3.7128910000000004	2052000.0
2015-07-17	-0.002182	0.06023200000000001	0.064084	0.057435	-0.41358999999999996	997900.0
2015-07-16	0.011082999999999999	0.065953	0.076677	0.064886	2.077301	975600.0
2015-07-15	0.001809	0.064621	0.067026	0.058580999999999994	0.33839400000000003	972200.0
2015-07-14	0.005913	0.069356	0.074303	0.066453	1.099747	1059200.0
2015-07-13	0.019002	0.073788	0.086882	0.071652	3.46846	1197200.0
2015-07-10	0.010722	0.074172	0.090839	0.06797	1.936325	1638900.0
2015-07-09	0.010944	0.07344500000000001	0.081058	0.070366	1.955109	1442100.0
2015-07-08	-0.0005780000000000001	0.054640999999999995	0.070418	0.05341	-0.103378	1528200.0
2015-07-07	0.011543000000000001	0.06715499999999999	0.07683200000000001	0.061326	2.039703	1328500.0
2015-07-06	0.003684	0.060635	0.070575	0.058874	0.64859	902600.0
2015-07-02	-0.0046229999999999995	0.066926	0.067378	0.055901	-0.817749	1024500.0
2015-07-01	0.012211	0.064502	0.07755	0.064502	2.133682	950000.0
2015-06-30	0.002048	0.073334	0.07689	0.062783	0.357178	1275200.0
2015-06-29	-0.016538999999999998	0.057951	0.063196	0.045656	-2.9326779999999997	1202600.0
2015-06-26	-0.007106	0.066896	0.067064	0.055585	-1.268936	1876300.0
2015-06-25	-0.000947	0.065718	0.069467	0.061131	-0.169205	884900.0
2015-06-24	-0.007670999999999999	0.061541	0.064705	0.055434000000000004	-1.381744	857600.0
2015-06-23	-0.002291	0.065811	0.068691	0.057226	-0.413575	572900.0
2015-06-22	0.004918	0.068381	0.074114	0.06676699999999999	0.883576	716800.0
2015-06-19	-0.008353	0.063541	0.063541	0.054158000000000005	-1.513336	1234900.0
2015-06-18	0.009056999999999999	0.06654600000000001	0.08319800000000001	0.065933	1.6261139999999998	1159700.0
2015-06-17	0.001048	0.066883	0.069225	0.05774	0.188003	862100.0
2015-06-16	0.004739	0.060175	0.070707	0.058102999999999995	0.845993	853800.0
2015-06-15	-0.00555	0.058413	0.061644000000000004	0.052898	-0.996384	710600.0
2015-06-12	-0.002611	0.058927	0.06415	0.056872000000000006	-0.46998599999999996	1110100.0
2015-06-11	0.011623	0.06465900000000001	0.076575	0.06465900000000001	2.067917	1333100.0
2015-06-10	-0.00037	0.063873	0.071177	0.061007000000000006	-0.06577999999999999	1729300.0
2015-06-09	-0.000106	0.069827	0.07044500000000001	0.063479	-0.018813999999999997	1041200.0
2015-06-08	0.00021099999999999998	0.063929	0.072301	0.062354999999999994	0.037613	964800.0
2015-06-05	-0.004417	0.059621	0.061635	0.054138	-0.789597	1389100.0
2015-06-04	-0.008962999999999999	0.057607000000000005	0.06609	0.053339	-1.616715	1854000.0
2015-06-03	0.005871	0.067497	0.072572	0.063984	1.052765	1340300.0
2015-06-02	-0.00157	0.061311000000000004	0.065097	0.051233	-0.282028	1469200.0
2015-06-01	0.01525	0.071108	0.086767	0.064833	2.697739	2003600.0
2015-05-29	-0.010099	0.062809	0.063761	0.049883	-1.804718	1517400.0
2015-05-28	0.001422	0.061407	0.068972	0.058717	0.253753	1468900.0
2015-05-27	0.004409000000000001	0.07194	0.07835700000000001	0.069633	0.783402	1196100.0
2015-05-26	-0.012185	0.071277	0.071277	0.057155	-2.19162	1380400.0
2015-05-22	-0.001295	0.073111	0.073666	0.067003	-0.23313899999999999	995600.0
2015-05-21	-0.000724	0.074054	0.07610700000000001	0.068228	-0.13056900000000002	769700.0
2015-05-20	-0.000672	0.075161	0.075161	0.067177	-0.12124700000000001	826500.0
2015-05-19	0.0015539999999999998	0.07194500000000001	0.079109	0.07133400000000001	0.279801	772100.0
2015-05-18	0.003743	0.07278	0.079358	0.072278	0.671478	822100.0
2015-05-15	-0.0035740000000000004	0.072167	0.076499	0.067001	-0.643509	1356500.0
2015-05-14	0.010733	0.075759	0.085471	0.074917	1.911804	1004500.0
2015-05-13	0.002046	0.074303	0.080041	0.073403	0.363724	980900.0
2015-05-12	0.000735	0.065241	0.077007	0.061469	0.130554	941800.0
2015-05-11	-5.2000000000000004e-05	0.068506	0.076218	0.066986	-0.009323	832000.0
2015-05-08	0.012061	0.082248	0.088401	0.079514	2.117004	950500.0
2015-05-07	0.007386	0.071245	0.084445	0.069466	1.286957	1040700.0
2015-05-06	-0.0027760000000000003	0.078917	0.082122	0.064036	-0.484955	1192200.0
2015-05-05	-0.012336	0.06979099999999999	0.073465	0.057694	-2.182266	993600.0
2015-05-04	0.0036509999999999997	0.073413	0.082774	0.073129	0.643524	912400.0
2015-05-01	0.012862	0.07342699999999999	0.086931	0.07342699999999999	2.238205	1196000.0
2015-04-30	-0.024518	0.070484	0.07323099999999999	0.040663	-4.373871	2257200.0
2015-04-29	-0.014071	0.068741	0.072554	0.055201	-2.54599	1427200.0
2015-04-28	0.0009289999999999999	0.07178	0.074657	0.059832	0.167908	1095600.0
2015-04-27	-0.007831	0.07376	0.078919	0.062179	-1.426895	1377700.0
2015-04-24	-0.00928	0.071245	0.072496	0.060315999999999995	-1.706634	1307400.0
2015-04-23	-0.002176	0.071518	0.079331	0.063705	-0.401062	1178700.0
2015-04-22	0.006827	0.074518	0.082111	0.06637799999999999	1.24971	1127300.0
2015-04-21	-0.002591	0.07908899999999999	0.080669	0.06307	-0.475617	1421000.0
2015-04-20	0.010163	0.07481	0.087854	0.073269	1.846542	1276600.0
2015-04-17	-0.011668000000000001	0.065098	0.068579	0.054979999999999994	-2.144973	1229900.0
2015-04-16	-0.00045599999999999997	0.068853	0.076791	0.06390499999999999	-0.083939	1065300.0
2015-04-15	-0.000659	0.077331	0.083797	0.070648	-0.12123099999999999	1154300.0
2015-04-14	0.001472	0.071407	0.076196	0.068469	0.270432	1586900.0
2015-04-13	-0.016715999999999998	0.070298	0.076184	0.053123000000000004	-3.124176	2130400.0
2015-04-10	-0.005163	0.071905	0.07627	0.066103	-0.9698950000000001	1279000.0
2015-04-09	0.003137	0.07073	0.078152	0.069501	0.58754	828100.0
2015-04-08	0.0032979999999999997	0.073885	0.0816	0.069492	0.615509	944800.0
2015-04-07	-0.001895	0.074791	0.083079	0.068909	-0.354401	1084800.0
2015-04-06	0.009108	0.07556900000000001	0.085228	0.067583	1.687988	1366300.0
2015-04-02	-0.00020099999999999998	0.07556900000000001	0.07659400000000001	0.066398	-0.037277	1387600.0
2015-04-01	-0.020694	0.067735	0.069689	0.043062	-3.9169	1897200.0
2015-03-31	-0.00942	0.064794	0.07374299999999999	0.062178	-1.799912	1261500.0
2015-03-30	0.013153	0.079012	0.093275	0.076361	2.480713	1049000.0
2015-03-27	0.008327	0.072278	0.084628	0.07056699999999999	1.557404	1256400.0
2015-03-26	0.007737999999999999	0.064466	0.083592	0.057408	1.436187	1499700.0
2015-03-25	-0.021052	0.072489	0.07597000000000001	0.049598	-3.9914699999999996	1338200.0
2015-03-24	0.001873	0.069213	0.07994	0.06186799999999999	0.354385	1250900.0
2015-03-23	-0.0041719999999999995	0.069963	0.076593	0.06780499999999999	-0.7927390000000001	1028100.0
2015-03-20	0.007815	0.076839	0.082089	0.06952	1.4735260000000001	3938100.0
2015-03-19	-0.0020239999999999998	0.07174900000000001	0.0763	0.06402200000000001	-0.382355	1178000.0
2015-03-18	0.009618000000000002	0.072812	0.08734700000000001	0.059934	1.799881	872800.0
2015-03-17	-0.007125	0.068936	0.07169500000000001	0.06124299999999999	-1.3428959999999999	936600.0
2015-03-16	0.025366999999999997	0.078317	0.100512	0.077664	4.662964	1198000.0
2015-03-13	-0.008401	0.067909	0.073519	0.055124	-1.557449	1155400.0
2015-03-12	0.007961	0.074072	0.08173899999999999	0.074072	1.464172	1047200.0
2015-03-11	-0.001873	0.074232	0.076782	0.068642	-0.345062	953000.0
2015-03-10	-0.010814	0.065138	0.06819800000000001	0.059233	-2.014389	1087100.0
2015-03-09	0.010523000000000001	0.070976	0.08763	0.069837	1.939773	887600.0
2015-03-06	-0.007233	0.0684	0.069801	0.059405999999999994	-1.342941	1220300.0
2015-03-05	0.000653	0.074434	0.07799099999999999	0.071092	0.121262	872300.0
2015-03-04	-0.004802000000000001	0.07104500000000001	0.07308300000000001	0.06611	-0.895264	851400.0
2015-03-03	-0.01522	0.069267	0.069267	0.053316999999999996	-2.88176	1312100.0
2015-03-02	0.014846000000000002	0.072278	0.088787	0.072278	2.769806	1037400.0
2015-02-27	-0.006358	0.070521	0.075527	0.065195	-1.1936950000000002	1311400.0
2015-02-26	-0.009982	0.071698	0.074809	0.057356	-1.893203	1349700.0
2015-02-25	-0.008518000000000001	0.08243500000000001	0.082488	0.069104	-1.629319	2759800.0
2015-02-24	0.0050100000000000006	0.07976699999999999	0.087228	0.076142	0.953522	1168600.0
2015-02-23	0.007844	0.08023999999999999	0.08903	0.076004	1.481247	1440600.0
2015-02-20	0.011303	0.07563500000000001	0.09245	0.072529	2.110718	1301400.0
2015-02-19	0.015813	0.08013300000000001	0.097432	0.076923	2.906921	1775000.0
2015-02-18	0.0050609999999999995	0.080187	0.08570900000000001	0.076797	0.925751	902000.0
2015-02-17	0.003148	0.07788400000000001	0.087591	0.073715	0.573974	1023300.0
2015-02-13	-0.002684	0.079148	0.085165	0.07313099999999999	-0.49063100000000004	1253900.0
2015-02-12	0.00596	0.082388	0.090752	0.080627	1.083145	1217900.0
2015-02-11	0.003271	0.077427	0.088523	0.076488	0.5924689999999999	1439300.0
2015-02-10	0.013729	0.09182699999999999	0.096752	0.085	2.453277	1280600.0
2015-02-09	-0.011371	0.075263	0.078804	0.066134	-2.0551909999999998	1208300.0
2015-02-06	0.0060810000000000005	0.081467	0.096274	0.07372999999999999	1.092392	1127100.0
2015-02-05	0.009257	0.08468200000000001	0.09249	0.07625499999999999	1.647888	1063200.0
2015-02-04	0.001458	0.076474	0.088795	0.072423	0.259201	1230900.0
2015-02-03	0.014102000000000002	0.08617799999999999	0.09713200000000001	0.08167100000000001	2.471802	1618200.0
2015-02-02	0.005096	0.080417	0.088158	0.06665399999999999	0.888718	1554000.0
2015-01-30	-0.021454	0.064868	0.071546	0.056507	-3.8233800000000002	2287900.0
2015-01-29	0.017172999999999997	0.08024400000000001	0.09890800000000001	0.06791599999999999	3.008698	2017000.0
2015-01-28	-0.006822	0.0875	0.10428	0.07140099999999999	-1.203491	1570400.0
2015-01-27	-0.026216000000000003	0.06539299999999999	0.068098	0.050599	-4.749161	1942700.0
2015-01-26	-0.008914	0.07367699999999999	0.077342	0.056060000000000006	-1.629364	1338900.0
2015-01-23	-0.003281	0.07964199999999999	0.084495	0.07397100000000001	-0.60173	1313000.0
2015-01-22	0.013248	0.088475	0.097094	0.078972	2.39772	1307900.0
2015-01-21	-0.001277	0.076049	0.08570499999999999	0.071137	-0.23143000000000002	966600.0
2015-01-20	0.005340999999999999	0.090839	0.092836	0.070756	0.962799	857800.0
2015-01-16	0.012164	0.077436	0.093664	0.077436	2.166305	1085600.0
2015-01-15	-0.004451	0.085386	0.088573	0.072473	-0.796157	896600.0
2015-01-14	-0.005763	0.079076	0.079576	0.06507	-1.036881	1101100.0
2015-01-13	-0.000617	0.089463	0.102239	0.070245	-0.111099	1095000.0
2015-01-12	-0.00282	0.082901	0.086889	0.072931	-0.509155	896400.0
2015-01-09	-0.0005639999999999999	0.079966	0.090927	0.078471	-0.101822	1439500.0
2015-01-08	0.022533	0.080584	0.11443299999999999	0.080584	3.980789	1950900.0
2015-01-07	0.012898	0.085462	0.095209	0.08488899999999999	2.249618	941900.0
2015-01-06	-0.0047020000000000005	0.08207	0.089888	0.065978	-0.823959	1205800.0
2015-01-05	-0.020794999999999998	0.077896	0.086837	0.05386900000000001	-3.721542	1506200.0
2015-01-02	0.003843	0.077551	0.090901	0.071605	0.6850430000000001	902100.0
2014-12-31	-0.014634000000000001	0.07731299999999999	0.083172	0.064103	-2.647675	706500.0
2014-12-30	-0.001073	0.07797899999999999	0.084439	0.076654	-0.194412	523600.0
2014-12-29	-0.006096	0.08068099999999999	0.08068099999999999	0.068499	-1.110901	610800.0
2014-12-26	0.0020870000000000003	0.081727	0.08777599999999999	0.081012	0.379517	547400.0
2014-12-24	0.0033710000000000003	0.081291	0.09199500000000001	0.08029800000000001	0.611008	403200.0
2014-12-23	-0.003461	0.091459	0.092669	0.076338	-0.629502	986000.0
2014-12-22	0.018667	0.083268	0.103208	0.083268	3.3327489999999997	1105500.0
2014-12-19	0.006314	0.07968	0.094842	0.076636	1.1201780000000001	2609100.0
2014-12-18	0.035052999999999994	0.094189	0.11851700000000001	0.08538	6.008209	1670500.0
2014-12-17	-0.001295	0.080187	0.083334	0.062824	-0.222183	1482600.0
2014-12-16	0.006406	0.078956	0.104933	0.07889700000000001	1.0923770000000002	1228600.0
2014-12-15	-0.0052380000000000005	0.082579	0.09232	0.067821	-0.897965	1308200.0
2014-12-12	-0.021506	0.06894299999999999	0.073281	0.054674	-3.7678830000000003	1204600.0
2014-12-11	0.007131	0.085073	0.094501	0.080934	1.2405389999999998	1170600.0
2014-12-10	-0.014216999999999999	0.075257	0.08064099999999999	0.062847	-2.508804	1244000.0
2014-12-09	0.004056000000000001	0.071425	0.08530800000000001	0.070401	0.71283	1140800.0
2014-12-08	-0.000105	0.080927	0.084397	0.073929	-0.018524000000000002	1669000.0
2014-12-05	0.0007379999999999999	0.07643	0.082749	0.073014	0.129623	1204300.0
2014-12-04	0.000264	0.08189600000000001	0.08343300000000001	0.073297	0.046294999999999996	900100.0
2014-12-03	-0.002262	0.080699	0.083369	0.077574	-0.398071	1383300.0
2014-12-02	-0.005181	0.077757	0.082844	0.070126	-0.916535	1659900.0
2014-12-01	-0.0024010000000000004	0.07663500000000001	0.081992	0.071503	-0.425842	1538300.0
2014-11-28	0.012740999999999999	0.082871	0.099775	0.079331	2.2310790000000003	940900.0
2014-11-26	0.010578	0.082092	0.093922	0.079956	1.832993	1320600.0
2014-11-25	-0.000794	0.088844	0.09587899999999999	0.087287	-0.137757	1808100.0
2014-11-24	0.004736	0.09087200000000001	0.09655	0.08925	0.8174140000000001	1127000.0
2014-11-21	0.012772	0.102927	0.104805	0.09835	2.176605	1328200.0
2014-11-20	-0.002365	0.08679500000000001	0.088727	0.079419	-0.404068	1021600.0
2014-11-19	-0.003002	0.085984	0.09001100000000001	0.08213200000000001	-0.514328	1167500.0
2014-11-18	0.00566	0.087494	0.098998	0.082916	0.964325	1775200.0
2014-11-17	-0.005841	0.089369	0.09222799999999999	0.081608	-1.001083	1160900.0
2014-11-14	-0.007287999999999999	0.08896	0.089018	0.07691100000000001	-1.258194	1665700.0
2014-11-13	0.005887	0.09065	0.101546	0.08919400000000001	1.010269	990600.0
2014-11-12	-0.001336	0.087738	0.092917	0.084363	-0.229645	789300.0
2014-11-11	0.000695	0.088902	0.097287	0.087388	0.11938499999999999	881400.0
2014-11-10	0.0045130000000000005	0.090657	0.095337	0.086563	0.7714989999999999	1296200.0
2014-11-07	-0.019644	0.085977	0.086149	0.06034400000000001	-3.4256889999999998	2569400.0
2014-11-06	0.000791	0.090393	0.093091	0.085114	0.137787	995100.0
2014-11-05	-0.005556	0.096834	0.09769	0.074519	-0.973557	1743800.0
2014-11-04	0.00021	0.089358	0.101345	0.08621799999999999	0.036788999999999995	1667900.0
2014-11-03	0.0009449999999999999	0.093015	0.09661499999999999	0.07776	0.16531400000000002	1145900.0
2014-10-31	0.006762000000000001	0.100981	0.10397200000000001	0.090972	1.1755520000000002	1699900.0
2014-10-30	0.015341	0.086099	0.107475	0.079499	2.626648	1586100.0
2014-10-29	0.004743	0.091661	0.096062	0.085088	0.808182	1663700.0
2014-10-28	0.013934	0.095389	0.10401600000000001	0.08694	2.341919	1809200.0
2014-10-27	0.00921	0.09100499999999999	0.099472	0.085061	1.533722	1071400.0
2014-10-24	0.003653	0.09487000000000001	0.095413	0.08131000000000001	0.606155	1550700.0
2014-10-23	0.026476	0.095525	0.12361099999999998	0.095525	4.2798	2442900.0
2014-10-22	0.019697	0.078688	0.12183499999999998	0.07685800000000001	3.122544	3805700.0
2014-10-21	-0.016635	0.055471000000000006	0.078423	0.031465	-2.681702	4106600.0
2014-10-20	-0.004029	0.08692899999999999	0.089647	0.074572	-0.652099	2054900.0
2014-10-17	0.0087	0.102056	0.108599	0.095948	1.395996	2360100.0
2014-10-16	-0.0026829999999999996	0.076662	0.098415	0.071814	-0.431641	1972800.0
2014-10-15	-0.005224	0.07586	0.088288	0.052675	-0.8449399999999999	2180500.0
2014-10-14	0.018684	0.093064	0.11951700000000001	0.090482	2.9664759999999997	1585300.0
2014-10-13	-0.009114	0.08572300000000001	0.101201	0.078297	-1.4603270000000002	1473800.0
2014-10-10	-0.000458	0.089655	0.102755	0.08354199999999999	-0.073425	1668600.0
2014-10-09	-0.010206999999999999	0.088659	0.090141	0.071556	-1.6531529999999999	1581500.0
2014-10-08	0.019246	0.090417	0.11105899999999999	0.081355	3.058304	1677600.0
2014-10-07	-0.022044	0.08564400000000001	0.086628	0.064719	-3.5817870000000003	1182700.0
2014-10-06	-0.007962	0.09665900000000001	0.097147	0.078648	-1.3041530000000001	1486300.0
2014-10-03	0.011284	0.09699400000000001	0.107305	0.092363	1.827636	2463700.0
2014-10-02	-0.008657	0.087436	0.091353	0.07599	-1.414352	1468900.0
2014-10-01	-0.026754000000000003	0.07913400000000001	0.07913400000000001	0.054888	-4.491028	1901400.0
2014-09-30	0.00783	0.096289	0.105234	0.093467	1.3041690000000001	1981200.0
2014-09-29	-0.001212	0.090163	0.0961	0.080029	-0.202057	1579900.0
2014-09-26	0.023332	0.08945700000000001	0.11848299999999999	0.08945700000000001	3.8022	1877700.0
2014-09-25	-0.005325	0.087074	0.09097999999999999	0.075843	-0.872482	1739100.0
2014-09-24	0.011625	0.088473	0.102181	0.088473	1.8827209999999999	959400.0
2014-09-23	-0.014805	0.086046	0.088783	0.070168	-2.4337619999999998	1451100.0
2014-09-22	-0.009682	0.082699	0.088964	0.076916	-1.607208	1097400.0
2014-09-19	0.006515000000000001	0.094422	0.098849	0.092785	1.074493	1896300.0
2014-09-18	0.004307	0.092315	0.094446	0.085799	0.7072149999999999	1040400.0
2014-09-17	0.009086	0.09247000000000001	0.10396099999999998	0.090442	1.478637	1152600.0
2014-09-16	0.009055	0.08592999999999999	0.103354	0.085247	1.460251	1186800.0
2014-09-15	0.0067079999999999996	0.088781	0.09727100000000001	0.08566	1.07454	678500.0
2014-09-12	0.00132	0.088657	0.093782	0.085781	0.21125700000000003	759400.0
2014-09-11	-0.002234	0.087534	0.08996699999999999	0.08254500000000001	-0.358169	1299200.0
2014-09-10	-0.002001	0.08896799999999999	0.089404	0.081251	-0.321472	2210500.0
2014-09-09	0.000973	0.094015	0.098687	0.08928	0.156112	1418300.0
2014-09-08	0.001088	0.08847000000000001	0.095019	0.08747200000000001	0.174515	926500.0
2014-09-05	0.0089	0.089662	0.098975	0.084628	1.414353	983600.0
2014-09-04	-0.002651	0.091919	0.095057	0.0842	-0.42246999999999996	1109000.0
2014-09-03	-0.001726	0.095986	0.100371	0.085148	-0.275513	1454800.0
2014-09-02	-0.00115	0.095978	0.09704199999999999	0.083024	-0.183701	1547700.0
2014-08-29	-0.0005740000000000001	0.092972	0.09503500000000001	0.086655	-0.091842	1532000.0
2014-08-28	-0.006222	0.085612	0.087974	0.079832	-1.0010379999999999	1455800.0
2014-08-27	-0.0005099999999999999	0.099471	0.100713	0.093321	-0.08204700000000001	1115200.0
2014-08-26	0.000453	0.099845	0.100093	0.094065	0.072907	1036500.0
2014-08-25	0.007879	0.100869	0.10913699999999998	0.098864	1.257874	866400.0
2014-08-22	0.000286	0.094667	0.103564	0.092474	0.045578	801400.0
2014-08-21	-0.001198	0.094669	0.098236	0.09003799999999999	-0.191468	1088200.0
2014-08-20	0.018475	0.097238	0.118398	0.09711	2.898545	1351100.0
2014-08-19	0.003556	0.10030800000000001	0.10273900000000001	0.095639	0.555999	841100.0
2014-08-18	0.013952	0.10385499999999999	0.116178	0.102818	2.151139	766400.0
2014-08-15	-0.002006	0.099764	0.103583	0.087013	-0.30989099999999997	1062400.0
2014-08-14	0.002425	0.098732	0.104377	0.095618	0.373688	1030000.0
2014-08-13	0.019966	0.09955900000000001	0.12106700000000001	0.09955900000000001	3.017028	1079100.0
2014-08-12	-0.002227	0.09711	0.10371300000000001	0.09123400000000001	-0.33723400000000003	779500.0
2014-08-11	0.002111	0.104124	0.10458699999999999	0.09843400000000001	0.318985	801800.0
2014-08-08	0.017490000000000002	0.098188	0.118925	0.09812	2.597763	1196000.0
2014-08-07	-0.0006129999999999999	0.105387	0.107674	0.093544	-0.091156	1087100.0
2014-08-06	-0.023243	0.091524	0.091524	0.069375	-3.536575	1883000.0
2014-08-05	-0.008081	0.093851	0.102782	0.085832	-1.239624	1218900.0
2014-08-04	0.007001	0.099999	0.106695	0.09652000000000001	1.066467	1196400.0
2014-08-01	0.000898	0.095467	0.10893699999999999	0.091985	0.136673	1535900.0
2014-07-31	-0.018862	0.090019	0.09105	0.076416	-2.925842	1935900.0
2014-07-30	0.00502	0.103006	0.11026300000000001	0.093935	0.774749	1077200.0
2014-07-29	-0.003941	0.100337	0.10137	0.092206	-0.610672	1063100.0
2014-07-28	-0.00023500000000000002	0.096788	0.10053	0.085884	-0.036453	1989600.0
2014-07-25	0.000412	0.09297899999999999	0.101758	0.092076	0.063797	2112300.0
2014-07-24	0.011124	0.09991599999999999	0.110293	0.095283	1.704422	1617600.0
2014-07-23	0.00137	0.09639099999999999	0.105868	0.092862	0.20965599999999998	1808500.0
2014-07-22	0.030004000000000003	0.107342	0.132114	0.106602	4.457184	2174500.0
2014-07-21	0.003016	0.093802	0.105077	0.08833300000000001	0.44662399999999997	1201200.0
2014-07-18	0.00719	0.10044199999999999	0.10533900000000002	0.095274	1.057328	1074700.0
2014-07-17	-0.001362	0.094122	0.10831600000000001	0.090387	-0.200516	1190600.0
2014-07-16	-0.00658	0.100213	0.102777	0.08719299999999999	-0.975311	947800.0
2014-07-15	0.005006	0.096568	0.108501	0.094805	0.738296	1312000.0
2014-07-14	0.009356999999999999	0.100327	0.10853900000000001	0.098411	1.367264	1045100.0
2014-07-11	0.013465999999999999	0.096763	0.114034	0.095376	1.941452	1073600.0
2014-07-10	0.001583	0.0853	0.104821	0.0853	0.22785999999999998	815700.0
2014-07-09	0.00458	0.10346099999999998	0.10771800000000001	0.09864500000000001	0.656265	827400.0
2014-07-08	-0.006886	0.09808	0.09808	0.087823	-0.9935149999999999	970900.0
2014-07-07	-0.010006000000000001	0.09265	0.09580599999999999	0.082084	-1.4583899999999999	1164700.0
2014-07-03	0.005787	0.102769	0.106771	0.09800700000000001	0.838562	687200.0
2014-07-02	-0.010334000000000001	0.097998	0.098749	0.080446	-1.513046	1309800.0
2014-07-01	-0.00056	0.0924	0.104209	0.08250299999999999	-0.08201599999999999	1358200.0
2014-06-30	-0.012107999999999999	0.097515	0.097987	0.081331	-1.795624	1234500.0
2014-06-27	0.004011	0.09866699999999999	0.103068	0.095824	0.5924689999999999	1102200.0
2014-06-26	-0.002462	0.09954199999999999	0.09954199999999999	0.084008	-0.36459400000000003	988400.0
2014-06-25	-0.00036899999999999997	0.09805499999999999	0.099811	0.08988600000000001	-0.054717999999999996	988400.0
2014-06-24	-0.008783	0.092627	0.10079	0.087139	-1.312546	812500.0
2014-06-23	-0.008766	0.096248	0.09983	0.083314	-1.321624	829500.0
2014-06-20	0.007308	0.09410299999999999	0.10713199999999999	0.09410299999999999	1.0937649999999999	1862900.0
2014-06-19	0.002503	0.098584	0.109368	0.093828	0.373718	1045800.0
2014-06-18	-0.00274	0.096375	0.09697599999999999	0.082481	-0.41018699999999997	1028200.0
2014-06-17	-0.00545	0.09618	0.10043200000000001	0.086547	-0.820312	858100.0
2014-06-16	0.006706	0.095907	0.107744	0.093699	1.0026549999999999	889300.0
2014-06-13	0.008608	0.09926900000000001	0.11026400000000001	0.097245	1.276062	750200.0
2014-06-12	-0.011487	0.095577	0.09864400000000001	0.08144	-1.7227169999999998	857100.0
2014-06-11	-0.016791999999999998	0.09173400000000001	0.094488	0.075409	-2.56128	1297500.0
2014-06-10	-0.004403	0.096523	0.097045	0.085361	-0.674484	1002700.0
2014-06-09	0.005444	0.09081	0.108267	0.087463	0.829468	1351000.0
2014-06-06	0.00505	0.098429	0.103046	0.097242	0.765594	891000.0
2014-06-05	0.011002	0.097177	0.11038099999999999	0.097177	1.6498419999999998	996100.0
2014-06-04	0.0038439999999999998	0.094432	0.10266600000000001	0.091085	0.574203	871300.0
2014-06-03	-0.00134	0.09711	0.099584	0.09096	-0.2005	850900.0
2014-06-02	0.002811	0.098652	0.10220499999999999	0.090272	0.419281	1012600.0
2014-05-30	0.003064	0.094286	0.102557	0.09132699999999999	0.45570299999999997	2121200.0
2014-05-29	0.014804	0.099499	0.11498900000000001	0.095814	2.1693580000000003	1489200.0
2014-05-28	-0.005215999999999999	0.109445	0.11738699999999999	0.098855	-0.768402	1831500.0
2014-05-27	0.001906	0.109519	0.110199	0.101901	0.28024299999999996	1294500.0
2014-05-23	0.005067	0.111997	0.11589300000000001	0.106733	0.741287	1663400.0
2014-05-22	-0.00043200000000000004	0.10741600000000001	0.10953399999999999	0.101881	-0.063294	823200.0
2014-05-21	0.008221	0.110251	0.11658900000000001	0.108115	1.193268	859500.0
2014-05-20	-0.010659	0.107481	0.107549	0.08976	-1.5639040000000002	907600.0
2014-05-19	0.001234	0.106527	0.11396600000000001	0.103457	0.180802	1460200.0
2014-05-16	-0.008805	0.107201	0.111259	0.095837	-1.301758	1739200.0
2014-05-15	-0.010408	0.10324100000000001	0.10725699999999999	0.089519	-1.554916	1061100.0
2014-05-14	-0.014197	0.10849600000000001	0.10856199999999999	0.08777599999999999	-2.15152	1165600.0
2014-05-13	0.004313	0.10618599999999999	0.11321099999999999	0.102276	0.650879	968400.0
2014-05-12	0.010534	0.108329	0.11951300000000001	0.10699000000000002	1.5729819999999999	1051900.0
2014-05-09	0.004806	0.104571	0.11163699999999999	0.09938999999999999	0.714158	837900.0
2014-05-08	0.001157	0.106052	0.113934	0.102414	0.171768	1024700.0
2014-05-07	0.004343	0.10963699999999998	0.112817	0.099962	0.641845	1173300.0
2014-05-06	-0.009872	0.103105	0.107392	0.093257	-1.4735260000000001	1026600.0
2014-05-05	0.007443000000000001	0.103487	0.11610699999999999	0.098695	1.102875	945500.0
2014-05-02	0.006447	0.107205	0.114745	0.10516700000000001	0.9491729999999999	1133100.0
2014-05-01	-0.007859	0.10335599999999999	0.110904	0.093921	-1.1661219999999999	1301700.0
2014-04-30	0.013271999999999999	0.10639100000000001	0.12250699999999999	0.101816	1.943588	1615800.0
2014-04-29	0.0038420000000000004	0.105706	0.11413800000000002	0.103033	0.5604859999999999	1225900.0
2014-04-28	0.001738	0.10783399999999999	0.11428900000000002	0.097328	0.253143	1352700.0
2014-04-25	0.002926	0.103431	0.112178	0.092894	0.42488100000000006	1803400.0
2014-04-24	-0.008395999999999999	0.109259	0.11035199999999999	0.089933	-1.229431	1398300.0
2014-04-23	0.033761	0.10703299999999999	0.14670899999999998	0.10004400000000001	4.78215	2862400.0
2014-04-22	-0.029723000000000003	0.12803699999999998	0.128243	0.06995	-4.339233	2674100.0
2014-04-21	0.007737999999999999	0.126826	0.126826	0.106946	1.1209870000000002	1303700.0
2014-04-17	0.0050799999999999994	0.09792999999999999	0.113471	0.09792999999999999	0.732254	1544900.0
2014-04-16	0.013025	0.11356600000000001	0.120805	0.102531	1.8532099999999998	1167900.0
2014-04-15	0.010076	0.104269	0.118751	0.09475599999999999	1.419266	1160500.0
2014-04-14	0.013002000000000001	0.114672	0.130205	0.10956600000000001	1.808014	1356100.0
2014-04-11	-0.010358	0.102913	0.105902	0.092735	-1.455414	2024200.0
2014-04-10	-0.021407	0.107927	0.111897	0.08167100000000001	-3.073639	1499300.0
2014-04-09	0.013916	0.11593099999999999	0.12948900000000002	0.10809300000000001	1.970734	1124300.0
2014-04-08	-0.0069099999999999995	0.104994	0.106607	0.08521799999999999	-0.985352	1782800.0
2014-04-07	-0.011715999999999999	0.104592	0.11311700000000001	0.091424	-1.690506	1315200.0
2014-04-04	-0.025282	0.114293	0.114293	0.076936	-3.7425839999999995	1622500.0
2014-04-03	-0.005768	0.108201	0.109074	0.09947	-0.8588100000000001	1254600.0
2014-04-02	0.006047	0.108146	0.113349	0.099226	0.894958	1050300.0
2014-04-01	0.002879	0.10808399999999999	0.11221700000000001	0.101375	0.424896	981900.0
2014-03-31	0.016818	0.117969	0.126926	0.11349000000000001	2.440827	1458700.0
2014-03-28	0.010448	0.11071199999999999	0.12352300000000001	0.10869300000000001	1.500656	1191800.0
2014-03-27	-0.004761	0.10376099999999999	0.10833399999999999	0.094961	-0.6870729999999999	1857000.0
2014-03-26	-0.005792	0.108046	0.116657	0.099641	-0.840744	1299200.0
2014-03-25	0.015045	0.11010199999999999	0.126745	0.10891300000000001	2.151566	2099700.0
2014-03-24	0.005019	0.114128	0.120031	0.10344500000000001	0.714172	1997300.0
2014-03-21	-0.015819	0.113587	0.116146	0.088687	-2.287125	4247800.0
2014-03-20	-0.006029	0.107699	0.11698	0.09566799999999999	-0.876892	3228500.0
2014-03-19	-0.018783	0.10881700000000001	0.110234	0.07940499999999999	-2.784347	2068200.0
2014-03-18	-0.000549	0.111445	0.11306300000000001	0.10470299999999999	-0.081375	1652400.0
2014-03-17	0.010159	0.113133	0.121374	0.11068099999999999	1.491607	1466300.0
2014-03-14	-0.002518	0.104216	0.118211	0.10156699999999999	-0.370636	1386100.0
2014-03-13	-0.006286	0.11070899999999999	0.114625	0.09579	-0.931106	1404600.0
2014-03-12	0.000366	0.103958	0.107537	0.09402999999999999	0.054214	1503100.0
2014-03-11	-0.010152	0.105451	0.10765699999999999	0.094421	-1.518707	1738200.0
2014-03-10	-0.0065439999999999995	0.100342	0.107049	0.09648999999999999	-0.985397	1377100.0
2014-03-07	-0.0016179999999999999	0.110562	0.113015	0.100418	-0.244049	1403500.0
2014-03-06	0.00011899999999999999	0.106385	0.110562	0.10340099999999999	0.018019999999999998	1378300.0
2014-03-05	0.007123999999999999	0.110126	0.11814000000000001	0.105251	1.066742	1889200.0
2014-03-04	0.012779	0.11119100000000001	0.12390699999999999	0.11119100000000001	1.889374	1748200.0
2014-03-03	0.007702	0.096099	0.11920399999999999	0.094054	1.1300350000000001	1709000.0
2014-02-28	0.005327	0.104199	0.119	0.104199	0.777466	2232700.0
2014-02-27	0.012163	0.112428	0.121236	0.10625599999999999	1.753769	3075100.0
2014-02-26	-0.016992	0.11329700000000001	0.12086400000000001	0.096321	-2.492386	2691000.0
2014-02-25	-0.015228	0.11836400000000001	0.124071	0.095001	-2.2681880000000003	2278400.0
2014-02-24	0.011014	0.12416600000000001	0.143103	0.1186	1.622665	2534300.0
2014-02-21	0.000365	0.120367	0.12335499999999999	0.10929900000000001	0.053818	2377600.0
2014-02-20	0.00996	0.11780999999999998	0.137629	0.11726199999999999	1.452377	2112600.0
2014-02-19	-0.000307	0.114725	0.12919	0.11068	-0.044815	1762400.0
2014-02-18	-0.001166	0.106097	0.122669	0.106097	-0.17033399999999999	1985200.0
2014-02-14	0.019337	0.11540999999999998	0.139422	0.11199	2.770264	2556400.0
2014-02-13	0.005538	0.10656700000000001	0.128325	0.09870599999999999	0.788971	2461600.0
2014-02-12	0.008631999999999999	0.123551	0.12879000000000002	0.11831300000000002	1.2192690000000002	1851100.0
2014-02-11	0.02325	0.119684	0.146849	0.11685899999999999	3.209594	2242200.0
2014-02-10	-0.0074129999999999995	0.112678	0.117424	0.103762	-1.031021	2375000.0
2014-02-07	0.022341	0.116586	0.144519	0.11041199999999998	3.039246	2072700.0
2014-02-06	0.008976999999999999	0.11051500000000002	0.132098	0.10880899999999999	1.2103270000000002	2073800.0
2014-02-05	0.014913999999999998	0.112099	0.143939	0.10976500000000002	1.981354	2728100.0
2014-02-04	0.002978	0.11578800000000002	0.124696	0.092383	0.394424	2205000.0
2014-02-03	-0.021005000000000003	0.112676	0.12346700000000001	0.089615	-2.841949	2307200.0
2014-01-31	0.015135	0.10347999999999999	0.140395	0.095002	2.0171200000000002	2618200.0
2014-01-30	0.00889	0.124797	0.137665	0.11783199999999999	1.174469	1931600.0
2014-01-29	-0.006272	0.10683499999999999	0.11510899999999999	0.10202	-0.8337709999999999	2501000.0
2014-01-28	0.00857	0.11533399999999999	0.12906700000000002	0.11374100000000001	1.1296540000000002	2676000.0
2014-01-27	-0.005007999999999999	0.118128	0.12545	0.09548200000000001	-0.663421	2851400.0
2014-01-24	-0.018141	0.121636	0.121636	0.087171	-2.447541	3496200.0
2014-01-23	-0.039323000000000004	0.11868599999999999	0.128085	0.07019600000000001	-5.522628	3944100.0
2014-01-22	0.016548	0.121925	0.13676300000000002	0.116568	2.286132	2646600.0
2014-01-21	0.00182	0.11671500000000001	0.135134	0.115193	0.251038	2274600.0
2014-01-17	0.00215	0.117154	0.11904400000000001	0.11192200000000001	0.295837	2016300.0
2014-01-16	-6.500000000000001e-05	0.111777	0.11555499999999999	0.10901500000000001	-0.008971999999999999	1378700.0
2014-01-15	0.013737000000000001	0.11540999999999998	0.13692000000000001	0.113053	1.864838	2294200.0
2014-01-14	0.0033130000000000004	0.11696199999999998	0.122875	0.102624	0.44822700000000004	2575800.0
2014-01-13	0.009836	0.14712999999999998	0.151981	0.123321	1.3178860000000001	3449000.0
2014-01-10	0.004841	0.11735999999999999	0.12261	0.10656099999999999	0.645554	1245800.0
2014-01-09	0.001549	0.11916600000000001	0.129907	0.115711	0.20619200000000001	1646600.0
2014-01-08	-0.00074	0.11375899999999999	0.11908800000000001	0.108655	-0.098648	1222700.0
2014-01-07	0.015928	0.136151	0.138438	0.124713	2.0889279999999997	1684100.0
2014-01-06	-0.005304	0.11723099999999999	0.123223	0.108129	-0.69928	1134800.0
2014-01-03	0.006778	0.11869400000000001	0.125032	0.11854100000000001	0.887573	843400.0
2014-01-02	-0.017422999999999998	0.10332999999999999	0.10888199999999999	0.094251	-2.3220669999999997	1115900.0
2013-12-31	0.01143	0.117914	0.129677	0.117914	1.5061950000000002	693000.0
2013-12-30	-0.007763	0.11473199999999999	0.120229	0.09944700000000001	-1.0310059999999999	835600.0
2013-12-27	-0.00477	0.118558	0.124028	0.105518	-0.63652	711400.0
2013-12-26	0.018475	0.11693699999999999	0.13884200000000002	0.11571600000000001	2.420639	1498600.0
2013-12-24	0.007445	0.116256	0.12479100000000001	0.114949	0.968216	726700.0
2013-12-23	0.005894	0.12113399999999999	0.129255	0.11950999999999999	0.76207	1806100.0
2013-12-20	0.008532	0.11853	0.13054300000000002	0.11470799999999999	1.09375	1953600.0
2013-12-19	-0.005149	0.11556500000000001	0.11556500000000001	0.100976	-0.6634369999999999	1530400.0
2013-12-18	0.020447	0.11604400000000001	0.140276	0.108679	2.582023	2282800.0
2013-12-17	0.005712	0.118676	0.122897	0.113897	0.717225	1161700.0
2013-12-16	0.007337000000000001	0.11621300000000001	0.12648199999999998	0.11540999999999998	0.914482	1270700.0
2013-12-13	0.00761	0.120746	0.125273	0.11718900000000002	0.9413520000000001	1017100.0
2013-12-12	0.003783	0.11346300000000001	0.12531	0.11346300000000001	0.46620200000000006	1193900.0
2013-12-11	-0.013280000000000002	0.116931	0.116931	0.09883600000000001	-1.6586	1163200.0
2013-12-10	0.002735	0.11364400000000001	0.122877	0.11115499999999999	0.34069099999999997	1197900.0
2013-12-09	0.0053549999999999995	0.11791199999999999	0.12428900000000001	0.116217	0.663429	1389100.0
2013-12-06	0.011196	0.125531	0.130428	0.11998099999999999	1.37172	1416600.0
2013-12-05	0.003156	0.115656	0.1263	0.11360899999999999	0.385513	1190800.0
2013-12-04	-0.018304	0.113803	0.11468699999999998	0.088242	-2.277214	2163400.0
2013-12-03	-0.006657	0.112296	0.11540999999999998	0.099441	-0.833794	1987300.0
2013-12-02	-0.013905	0.116828	0.121945	0.097774	-1.766105	1676600.0
2013-11-29	-0.015771	0.11486800000000001	0.117968	0.094488	-2.035157	1553300.0
2013-11-27	0.015593000000000001	0.118243	0.136659	0.118243	1.981324	1896400.0
2013-11-26	0.009170000000000001	0.12381199999999999	0.139061	0.122303	1.1546399999999999	2432600.0
2013-11-25	0.006247	0.128115	0.13586700000000002	0.12523800000000002	0.781624	6402400.0
2013-11-22	0.015937	0.129125	0.144308	0.12668900000000002	1.962906	4836800.0
2013-11-21	0.010787999999999999	0.12948800000000002	0.14081300000000002	0.126452	1.314529	3642300.0
2013-11-20	-0.012808000000000002	0.124824	0.124824	0.10983599999999999	-1.580948	858600.0
2013-11-19	0.008124	0.128	0.138128	0.12481500000000001	0.994705	1047000.0
2013-11-18	0.002911	0.12727	0.137345	0.12727	0.35533200000000004	897700.0
2013-11-15	-0.006074	0.122946	0.12384200000000001	0.110409	-0.746079	2043000.0
2013-11-14	0.007504	0.129815	0.135228	0.12374500000000001	0.914826	886200.0
2013-11-13	0.00021899999999999998	0.120216	0.127108	0.11201199999999999	0.026664	1667500.0
2013-11-12	0.000583	0.125877	0.126616	0.11972000000000001	0.07103	1485100.0
2013-11-11	-0.006951000000000001	0.124328	0.124328	0.111122	-0.8526530000000001	1029900.0
2013-11-08	0.014022999999999999	0.125629	0.141997	0.12430699999999999	1.696449	1281400.0
2013-11-07	-0.004895	0.12604200000000002	0.136406	0.11946099999999998	-0.5950850000000001	1285400.0
2013-11-06	0.010334000000000001	0.126376	0.138011	0.126376	1.2434610000000001	921900.0
2013-11-05	-0.001989	0.122477	0.13102	0.120154	-0.239814	885700.0
2013-11-04	0.008844	0.129643	0.138011	0.12889	1.056961	833400.0
2013-11-01	0.009075	0.127566	0.15542999999999998	0.126637	1.074714	2135000.0
2013-10-31	-0.0028420000000000003	0.12831900000000002	0.134802	0.12116199999999999	-0.337517	1516500.0
2013-10-30	0.000449	0.129752	0.136828	0.12301300000000001	0.053292	1196100.0
2013-10-29	0.0032270000000000003	0.127314	0.131455	0.12283499999999999	0.38192	1231100.0
2013-10-28	-0.005746	0.12386099999999998	0.12907000000000002	0.11705499999999999	-0.6838989999999999	1316400.0
2013-10-25	0.010406	0.12409500000000001	0.139206	0.11976500000000001	1.225731	1578100.0
2013-10-24	0.004849	0.126219	0.134493	0.12084400000000001	0.568435	1125400.0
2013-10-23	0.01484	0.125444	0.143019	0.125444	1.714203	1672200.0
2013-10-22	0.037909	0.164425	0.169726	0.143759	4.2189559999999995	2784200.0
2013-10-21	-0.027929000000000002	0.125877	0.127275	0.092599	-3.197525	3450600.0
2013-10-18	-0.003556	0.128053	0.128053	0.119698	-0.408569	1447500.0
2013-10-17	0.011732	0.123324	0.139878	0.11909700000000001	1.332298	857700.0
2013-10-16	0.015568	0.13267400000000001	0.144567	0.12704000000000001	1.740845	1494000.0
2013-10-15	-0.012549	0.125612	0.127025	0.11015899999999999	-1.4211049999999998	1109500.0
2013-10-14	0.010541	0.122932	0.138905	0.118381	1.18129	790600.0
2013-10-11	-0.004026	0.1217	0.12498800000000002	0.117612	-0.45297200000000004	1260000.0
2013-10-10	0.038105	0.132151	0.168964	0.132151	4.1301190000000005	1323200.0
2013-10-09	-0.003511	0.127348	0.132129	0.11935	-0.38192800000000005	1531000.0
2013-10-08	-0.008902	0.12651500000000002	0.129431	0.11521600000000001	-0.9770049999999999	1080200.0
2013-10-07	0.008653000000000001	0.12284400000000001	0.14848699999999998	0.119719	0.941483	1950700.0
2013-10-04	-0.002687	0.12880999999999998	0.131194	0.11387	-0.293106	2490300.0
2013-10-03	-0.017988999999999998	0.124347	0.12443699999999999	0.099054	-1.9984439999999999	2668500.0
2013-10-02	-0.01898	0.12243299999999999	0.122787	0.095854	-2.149437	3204200.0
2013-10-01	-0.000392	0.12781900000000002	0.132497	0.12490599999999999	-0.044410000000000005	1377500.0
2013-09-30	-0.013075999999999999	0.115772	0.120128	0.10854100000000001	-1.5010459999999999	1588500.0
2013-09-27	-0.004698	0.123623	0.125877	0.110444	-0.541801	1308900.0
2013-09-26	0.015563999999999998	0.128431	0.144281	0.127198	1.7675169999999998	1525700.0
2013-09-25	-0.0021850000000000003	0.121923	0.128601	0.11840899999999999	-0.248703	1062300.0
2013-09-24	0.004075	0.128171	0.139993	0.128171	0.46186099999999997	1309100.0
2013-09-23	-0.0029690000000000003	0.126933	0.133442	0.11708099999999999	-0.337509	1138700.0
2013-09-20	-0.018330000000000003	0.126309	0.12795	0.10524000000000001	-2.1228029999999998	2284900.0
2013-09-19	-0.003439	0.127254	0.132417	0.12037	-0.39969699999999997	1403500.0
2013-09-18	0.009257	0.12596400000000002	0.136733	0.115543	1.06585	1386500.0
2013-09-17	0.009186	0.12596500000000002	0.137271	0.12368599999999999	1.048073	1169300.0
2013-09-16	0.009509	0.134371	0.14286500000000002	0.131628	1.074707	1418000.0
2013-09-13	0.005611	0.12970299999999998	0.13281700000000002	0.121251	0.630622	973200.0
2013-09-12	-0.00023700000000000001	0.12356400000000001	0.133171	0.12258599999999999	-0.026641	1886100.0
2013-09-11	0.011993	0.12443699999999999	0.13938	0.12443699999999999	1.332306	1143300.0
2013-09-10	0.00806	0.131504	0.141576	0.128327	0.8881979999999999	1352500.0
2013-09-09	0.002748	0.12806099999999998	0.136251	0.126696	0.30197199999999996	1220200.0
2013-09-06	-0.003303	0.129505	0.132589	0.111366	-0.364151	1662600.0
2013-09-05	-0.001046	0.119626	0.126693	0.115005	-0.11546300000000001	1337200.0
2013-09-04	0.005177	0.12332699999999999	0.137079	0.12241700000000001	0.568443	1360300.0
2013-09-03	0.009884	0.13443	0.143719	0.132131	1.0747149999999999	1525400.0
2013-08-30	0.000654	0.12808599999999998	0.128914	0.120171	0.071037	1847000.0
2013-08-29	0.001556	0.128458	0.13417300000000001	0.124771	0.168762	1333600.0
2013-08-28	0.001299	0.13758399999999998	0.14441400000000001	0.137215	0.140793	1207700.0
2013-08-27	-0.016375	0.12975899999999999	0.14219600000000002	0.11478	-1.803825	1315200.0
2013-08-26	-0.006428	0.136477	0.143062	0.128359	-0.712708	1311100.0
2013-08-23	0.018511	0.136569	0.16027	0.135375	2.014984	4927100.0
2013-08-22	0.006345	0.14008299999999999	0.15163900000000002	0.13758599999999999	0.68634	4718000.0
2013-08-21	0.004248	0.136106	0.150589	0.131464	0.45754300000000003	1455900.0
2013-08-20	0.004101	0.13657	0.15568099999999999	0.13657	0.439949	1545400.0
2013-08-19	-0.002373	0.133873	0.140011	0.127642	-0.255158	1191700.0
2013-08-16	0.000573	0.133686	0.14252599999999999	0.132476	0.061608	1400300.0
2013-08-15	-0.012053	0.128479	0.13408699999999998	0.120021	-1.311081	1191700.0
2013-08-14	-0.003547	0.135927	0.138492	0.129973	-0.38716100000000003	1045300.0
2013-08-13	0.008618	0.138972	0.148489	0.136477	0.932701	1481600.0
2013-08-12	-0.008223999999999999	0.134828	0.137943	0.126947	-0.8975069999999999	1376200.0
2013-08-09	-0.004974	0.135292	0.137024	0.126994	-0.545547	1307800.0
2013-08-08	0.0008029999999999999	0.140674	0.140674	0.129815	0.087966	1358700.0
2013-08-07	0.0022530000000000002	0.134099	0.140501	0.131355	0.24638400000000002	1372100.0
2013-08-06	0.000886	0.13547	0.139956	0.133914	0.096802	1597700.0
2013-08-05	0.00307	0.134457	0.144374	0.131519	0.334373	1166200.0
2013-08-02	0.013096	0.145314	0.154245	0.13433699999999998	1.407853	1842300.0
2013-08-01	0.017066	0.142532	0.15653499999999998	0.142438	1.803825	1238500.0
2013-07-31	0.00025	0.139789	0.150483	0.12919	0.026382	1852200.0
2013-07-30	0.000833	0.141497	0.145285	0.13164700000000001	0.087998	1584600.0
2013-07-29	-8.3e-05	0.125302	0.140171	0.12520699999999998	-0.008797	1726900.0
2013-07-26	0.004184	0.131722	0.141708	0.129915	0.439964	1675800.0
2013-07-25	0.0031899999999999997	0.121975	0.140293	0.11911300000000001	0.334336	2833300.0
2013-07-24	0.010177	0.142742	0.160186	0.139465	1.055923	2220700.0
2013-07-23	0.019628	0.16153499999999998	0.17539100000000002	0.149841	1.997391	2643500.0
2013-07-22	0.000865	0.13893599999999998	0.13991900000000002	0.132838	0.08799	1129200.0
2013-07-19	0.001387	0.132439	0.13884100000000002	0.129583	0.14077699999999999	1713900.0
2013-07-18	0.011483	0.137473	0.149527	0.136377	1.152703	1058200.0
2013-07-17	0.013144	0.140413	0.15141500000000002	0.139505	1.302276	1130600.0
2013-07-16	-0.015475999999999998	0.136079	0.13786800000000002	0.118591	-1.557464	1274500.0
2013-07-15	0.016350999999999997	0.138699	0.15506	0.13577	1.619049	1446000.0
2013-07-12	-0.00504	0.136678	0.1412	0.12321300000000002	-0.5015569999999999	1459400.0
2013-07-11	0.014168	0.145241	0.15319000000000002	0.141572	1.390267	1118300.0
2013-07-10	0.017797	0.136996	0.158362	0.135544	1.7158349999999998	1397000.0
2013-07-09	0.003664	0.142307	0.148345	0.136269	0.35196	1150900.0
2013-07-08	0.004693999999999999	0.140556	0.144112	0.137104	0.44875299999999996	1102500.0
2013-07-05	0.013619	0.140506	0.152061	0.13827899999999999	1.284676	731800.0
2013-07-03	0.007519	0.135302	0.146945	0.12729100000000002	0.703933	651600.0
2013-07-02	-0.015362	0.135425	0.135425	0.11418099999999999	-1.4606700000000001	1587000.0
2013-07-01	-0.0036880000000000003	0.136477	0.14056400000000002	0.130504	-0.351952	1509100.0
2013-06-28	0.010246	0.133831	0.152355	0.133831	0.9679030000000001	2717300.0
2013-06-27	0.015033000000000001	0.14056	0.156462	0.13905599999999999	1.399071	2536000.0
2013-06-26	0.020256	0.145576	0.16103299999999998	0.144041	1.8478009999999998	1666600.0
2013-06-25	-0.001541	0.143811	0.145015	0.133303	-0.14077	1467900.0
2013-06-24	-0.011708	0.132691	0.134963	0.11971	-1.082298	1419200.0
2013-06-21	0.00018999999999999998	0.141454	0.14827	0.136044	0.017593	2836100.0
2013-06-20	-0.017675	0.129356	0.136477	0.11596400000000001	-1.66304	2591400.0
2013-06-19	-0.017639	0.135537	0.138983	0.11611700000000001	-1.689438	1566000.0
2013-06-18	0.005357	0.139731	0.146869	0.13700199999999998	0.510353	1656600.0
2013-06-17	0.005293	0.142281	0.152833	0.136899	0.501564	1144300.0
2013-06-14	-0.002501	0.134161	0.14163499999999998	0.128477	-0.237571	1053100.0
2013-06-13	0.008594	0.136371	0.149641	0.131912	0.8094859999999999	1831000.0
2013-06-12	0.010287000000000001	0.14666600000000002	0.151922	0.140124	0.9591290000000001	1597200.0
2013-06-11	-0.0066560000000000005	0.128913	0.136371	0.121029	-0.624732	1139100.0
2013-06-10	-0.0064269999999999996	0.137324	0.139441	0.126526	-0.6071479999999999	1108500.0
2013-06-07	0.028648000000000003	0.138546	0.170124	0.137021	2.630936	1826600.0
2013-06-06	0.007529999999999999	0.138781	0.14657	0.130443	0.686348	1652600.0
2013-06-05	-0.014086000000000001	0.134206	0.134963	0.11884600000000001	-1.3022770000000001	1333500.0
2013-06-04	-0.0035090000000000004	0.134321	0.140573	0.12807000000000002	-0.32558400000000004	1554900.0
2013-06-03	-0.0036850000000000003	0.138302	0.138302	0.123805	-0.34317800000000004	2035200.0
2013-05-31	-0.011211	0.132655	0.144547	0.123735	-1.055855	1975800.0
2013-05-30	0.008195000000000001	0.15221400000000002	0.162063	0.14568399999999998	0.7655029999999999	2068600.0
2013-05-29	-0.004084	0.14239100000000002	0.148362	0.13631400000000002	-0.38301799999999997	1546300.0
2013-05-28	0.006445	0.156299	0.167459	0.15404600000000002	0.600647	5380200.0
2013-05-24	0.007148999999999999	0.14640999999999998	0.157434	0.140466	0.6615449999999999	4807100.0
2013-05-23	-0.001784	0.14005	0.152025	0.137677	-0.16536800000000001	4760300.0
2013-05-22	-0.004674	0.146963	0.158881	0.14095	-0.43525699999999995	2119500.0
2013-05-21	0.004036	0.15116	0.15461	0.14382899999999998	0.374329	1452000.0
2013-05-20	0.0014089999999999999	0.14360599999999998	0.155158	0.14252599999999999	0.130554	1501100.0
2013-05-17	0.023173	0.154642	0.17540899999999998	0.154642	2.097862	2610700.0
2013-05-16	-0.00047999999999999996	0.14735299999999998	0.15541300000000002	0.145807	-0.043502	1574300.0
2013-05-15	0.011470999999999999	0.13683900000000002	0.162412	0.13147899999999998	1.02716	2214200.0
2013-05-14	0.009618000000000002	0.150028	0.160063	0.14777300000000002	0.853066	1115100.0
2013-05-13	-0.00049	0.148112	0.152282	0.14382999999999999	-0.043511	1327000.0
2013-05-10	0.005821	0.147428	0.155589	0.147428	0.5135649999999999	1307500.0
2013-05-09	-0.0044210000000000005	0.151045	0.154205	0.14043699999999998	-0.391731	2024000.0
2013-05-08	-0.010497	0.145215	0.145773	0.1355	-0.9401010000000001	1972700.0
2013-05-07	0.006751999999999999	0.149463	0.156657	0.14699	0.600639	1497800.0
2013-05-06	0.0017640000000000002	0.145522	0.158698	0.143833	0.156677	2300200.0
2013-05-03	0.013311000000000002	0.152554	0.165677	0.150728	1.1664430000000001	2356600.0
2013-05-02	0.013286000000000001	0.150869	0.169254	0.146591	1.149025	1805400.0
2013-05-01	0.002624	0.146586	0.16212100000000002	0.14507799999999998	0.226356	1957100.0
2013-04-30	0.000303	0.143454	0.150412	0.140438	0.026116000000000004	1813500.0
2013-04-29	0.000909	0.14902	0.15157400000000001	0.144145	0.078316	1232000.0
2013-04-26	0.007123	0.148788	0.161998	0.147268	0.609352	1634800.0
2013-04-25	0.005937	0.129385	0.160077	0.128915	0.504883	2109700.0
2013-04-24	0.006490999999999999	0.15553499999999998	0.16322799999999998	0.154588	0.548408	1913400.0
2013-04-23	0.012624	0.177553	0.192415	0.14890799999999998	1.053291	2489300.0
2013-04-22	-0.0044659999999999995	0.152606	0.15344100000000002	0.14151	-0.374328	1378500.0
2013-04-19	0.013261000000000002	0.154592	0.166682	0.152899	1.096832	1487500.0
2013-04-18	-0.005651	0.152274	0.153476	0.136526	-0.47008500000000003	1287800.0
2013-04-17	-0.007272	0.144372	0.14652	0.130171	-0.609345	1883900.0
2013-04-16	0.008592	0.156371	0.159621	0.150955	0.7138220000000001	1516900.0
2013-04-15	-0.017905	0.141459	0.14843399999999998	0.125855	-1.514641	1636300.0
2013-04-12	-0.001233	0.144065	0.148198	0.136391	-0.104469	1235000.0
2013-04-11	0.013753	0.153097	0.167819	0.152259	1.149032	1868000.0
2013-04-10	0.005974	0.15420599999999998	0.160347	0.152159	0.49617799999999995	1372100.0
2013-04-09	0.003365	0.151567	0.153862	0.13936500000000002	0.278564	1432700.0
2013-04-08	0.0059240000000000004	0.149396	0.15571500000000002	0.142833	0.487465	1197700.0
2013-04-05	-0.00912	0.141924	0.1465	0.13193	-0.757324	2581700.0
2013-04-04	0.0032600000000000003	0.153621	0.161352	0.150842	0.269859	1465100.0
2013-04-03	0.000842	0.152053	0.16632	0.149151	0.069634	2627100.0
2013-04-02	0.000105	0.154834	0.156527	0.145039	0.008705	1676500.0
2013-04-01	-0.015747999999999998	0.144265	0.147955	0.128078	-1.323143	2139300.0
2013-03-28	0.0217	0.147815	0.174568	0.147815	1.784493	3824000.0
2013-03-27	0.008218000000000001	0.143148	0.160681	0.14069600000000002	0.670272	1904300.0
2013-03-26	0.015058000000000002	0.154264	0.166709	0.15277000000000002	1.209969	1974100.0
2013-03-25	0.000542	0.153146	0.158002	0.14443	0.043526	1324400.0
2013-03-22	0.006326	0.154928	0.163323	0.150292	0.5048819999999999	1560400.0
2013-03-21	-0.006071	0.145799	0.15140399999999998	0.14144	-0.487464	1571500.0
2013-03-20	-0.006784	0.15324100000000002	0.156581	0.140872	-0.548401	1849800.0
2013-03-19	0.005522	0.15339	0.163838	0.150032	0.443924	1465500.0
2013-03-18	-0.004097	0.137268	0.15374300000000002	0.135905	-0.33076500000000003	1491200.0
2013-03-15	0.0021609999999999997	0.143202	0.152016	0.142333	0.174087	2516400.0
2013-03-14	0.0026	0.14866300000000002	0.151775	0.145179	0.20890799999999998	1879400.0
2013-03-13	0.021357	0.15222	0.175738	0.147898	1.6800389999999998	2079100.0
2013-03-12	-0.0018780000000000001	0.14485499999999998	0.147519	0.141302	-0.14798	2116100.0
2013-03-11	0.006111999999999999	0.146235	0.15632000000000001	0.145086	0.478775	2104000.0
2013-03-08	0.013515000000000001	0.153575	0.16703099999999999	0.151247	1.0445790000000001	1771100.0
2013-03-07	0.004866	0.15112799999999998	0.160749	0.149568	0.374283	1416200.0
2013-03-06	0.0062640000000000005	0.152582	0.15676800000000002	0.14748	0.478782	1684400.0
2013-03-05	0.008152	0.148788	0.161846	0.14615	0.61805	1492500.0
2013-03-04	-0.012136	0.144488	0.14514000000000002	0.12716	-0.931427	1765900.0
2013-03-01	0.0019320000000000001	0.145525	0.153618	0.136909	0.14798699999999998	1866200.0
2013-02-28	-0.0037359999999999997	0.15217	0.154771	0.143716	-0.287254	2281700.0
2013-02-27	0.025304	0.14558800000000002	0.18119100000000002	0.14558800000000002	1.897636	2665700.0
2013-02-26	-0.0066	0.166773	0.170217	0.152996	-0.49821400000000005	12053400.0
2013-02-25	-0.002724	0.168218	0.176805	0.158707	-0.20616199999999998	10852400.0
2013-02-22	0.006396	0.16864400000000002	0.17888099999999998	0.16532	0.48105600000000004	6849200.0
2013-02-21	-0.0019379999999999998	0.16306199999999998	0.165052	0.155763	-0.146049	1955700.0
2013-02-20	-0.005667	0.160165	0.16742100000000001	0.157394	-0.42951999999999996	2883900.0
2013-02-19	0.004097	0.165183	0.16889200000000001	0.158029	0.309242	2442200.0
2013-02-15	0.009072	0.164123	0.17468399999999998	0.163722	0.678643	2562400.0
2013-02-14	0.00022999999999999998	0.156368	0.16813499999999998	0.148345	0.017196	2400200.0
2013-02-13	-0.002292	0.16479000000000002	0.167191	0.153851	-0.171821	1899900.0
2013-02-12	-0.003085	0.167448	0.170241	0.15720699999999999	-0.23194099999999998	1746900.0
2013-02-11	-0.005454	0.163858	0.164123	0.153541	-0.41232299999999994	1781700.0
2013-02-08	0.006519	0.16399	0.17464100000000002	0.16399	0.48963900000000005	1936900.0
2013-02-07	-0.001827	0.161465	0.170103	0.154156	-0.137444	1963100.0
2013-02-06	0.006781000000000001	0.159975	0.172016	0.158771	0.506798	2524000.0
2013-02-05	0.0035759999999999998	0.17473	0.175267	0.162646	0.26631900000000003	2888300.0
2013-02-04	-0.005961999999999999	0.155047	0.162655	0.152778	-0.44667799999999996	2837700.0
2013-02-01	0.004029	0.172834	0.176452	0.157423	0.300652	3427400.0
2013-01-31	-0.015191	0.162144	0.16636700000000001	0.144459	-1.1510850000000001	5312000.0
2013-01-30	-0.018253	0.164512	0.16580699999999998	0.140542	-1.408798	6843500.0
2013-01-29	0.005934	0.16581700000000002	0.179763	0.16386199999999998	0.455291	3028500.0
2013-01-28	-0.033229	0.165383	0.165383	0.12166099999999999	-2.637191	4172000.0
2013-01-25	-0.009223	0.163998	0.164248	0.152014	-0.738755	3366100.0
2013-01-24	-0.029352999999999997	0.169576	0.169576	0.125711	-2.422409	4129600.0
2013-01-23	0.007763	0.156674	0.17315999999999998	0.148126	0.635681	2417000.0
2013-01-22	0.014472	0.164495	0.18444000000000002	0.161893	1.168244	1613600.0
2013-01-18	-0.008232	0.164123	0.16608900000000001	0.153434	-0.670044	2414700.0
2013-01-17	0.012827000000000002	0.169225	0.182166	0.166114	1.030823	1343700.0
2013-01-16	-0.004999	0.161028	0.161523	0.151989	-0.403725	1150600.0
2013-01-15	0.0011710000000000002	0.158917	0.169453	0.157181	0.094498	1239200.0
2013-01-14	0.002134	0.156421	0.16698	0.156421	0.171798	850100.0
2013-01-11	-0.00425	0.168453	0.172287	0.158186	-0.343605	1174300.0
2013-01-10	0.001277	0.167715	0.16858199999999998	0.158797	0.10308099999999999	1634300.0
2013-01-09	0.01108	0.16675299999999998	0.177648	0.15974000000000002	0.8847889999999999	1289800.0
2013-01-08	-0.013373	0.158934	0.158934	0.142377	-1.082375	1340600.0
2013-01-07	0.003408	0.158296	0.169826	0.158048	0.274887	1335700.0
2013-01-04	0.0037409999999999995	0.168852	0.169723	0.15815	0.300652	1739300.0
2013-01-03	0.003002	0.167243	0.17710399999999998	0.161627	0.24053899999999998	1828100.0
2013-01-02	0.010619	0.183044	0.18783699999999998	0.16778099999999999	0.841828	2245600.0
2012-12-31	0.010401	0.15724100000000002	0.17763299999999999	0.143476	0.816062	1999200.0
2012-12-28	-0.016051	0.157226	0.16174000000000002	0.14230299999999999	-1.27993	1612200.0
2012-12-27	0.008693000000000001	0.164882	0.176266	0.160202	0.68721	1733800.0
2012-12-26	-0.007976	0.164123	0.169268	0.154461	-0.63565	979700.0
2012-12-24	-0.0038659999999999996	0.164373	0.164373	0.156498	-0.309265	656800.0
2012-12-21	0.006811	0.147637	0.176331	0.147385	0.541183	3926200.0
2012-12-20	-0.004413	0.158986	0.164875	0.15146800000000002	-0.35220300000000004	2310500.0
2012-12-19	-0.000215	0.164624	0.17339300000000002	0.154853	-0.017189	1932400.0
2012-12-18	0.027760000000000003	0.165668	0.197468	0.163866	2.156151	5676100.0
2012-12-17	0.016412	0.167133	0.18794	0.161899	1.254173	1670700.0
2012-12-14	-0.011446	0.164253	0.165029	0.149247	-0.8847809999999999	1697000.0
2012-12-13	-0.019824	0.16031900000000002	0.162221	0.138764	-1.563423	2434700.0
2012-12-12	-0.002065	0.168046	0.17361300000000002	0.1602	-0.163223	1505100.0
2012-12-11	-0.004436	0.16802899999999998	0.171556	0.157825	-0.352173	1380400.0
2012-12-10	0.005549	0.162223	0.174257	0.159563	0.438064	1183200.0
2012-12-07	0.004591	0.16539500000000001	0.17074	0.159923	0.36078699999999997	1064200.0
2012-12-06	-0.000546	0.164759	0.16933800000000002	0.154839	-0.042939	1678000.0
2012-12-05	0.000546	0.16603199999999999	0.171758	0.154197	0.042939	1860800.0
2012-12-04	-0.0007650000000000001	0.161707	0.17365999999999998	0.160308	-0.060127999999999994	2098500.0
2012-12-03	-0.018757	0.163499	0.165745	0.142163	-1.503265	1782300.0
2012-11-30	0.0027949999999999997	0.167877	0.177386	0.164123	0.223358	1651400.0
2012-11-29	0.005294	0.163494	0.175066	0.15833699999999998	0.42090600000000006	2116000.0
2012-11-28	0.006445	0.171625	0.186184	0.16276400000000002	0.5090720000000001	1621900.0
2012-11-27	-0.002037	0.17644	0.187558	0.171513	-0.161217	1824100.0
2012-11-26	0.015899	0.184749	0.198225	0.177561	1.238777	2015200.0
2012-11-23	0.014584	0.181583	0.196688	0.180671	1.11998	652300.0
2012-11-21	0.0036590000000000004	0.18277000000000002	0.18656	0.180287	0.279999	860300.0
2012-11-20	-0.0033159999999999995	0.17871800000000002	0.179891	0.16347799999999998	-0.25454	1516000.0
2012-11-19	0.022835	0.18351800000000001	0.20576799999999998	0.18112	1.713928	2026200.0
2012-11-16	0.010048	0.181953	0.194333	0.17360899999999999	0.746659	1651800.0
2012-11-15	-0.0060149999999999995	0.177384	0.18434	0.16481099999999999	-0.449692	1551800.0
2012-11-14	-0.022954	0.18237799999999998	0.183946	0.148529	-1.7563549999999999	1932600.0
2012-11-13	0.00412	0.168877	0.195123	0.167958	0.313942	2297200.0
2012-11-12	-0.001889	0.176492	0.18068399999999998	0.16693	-0.144242	1550800.0
2012-11-09	0.000667	0.173083	0.189598	0.168627	0.050904000000000005	1782200.0
2012-11-08	-0.013493999999999999	0.154279	0.17639000000000002	0.154279	-1.043618	1773500.0
2012-11-07	-0.039212000000000004	0.14902100000000001	0.15995299999999998	0.110385	-3.156318	3714000.0
2012-11-06	0.008183	0.179214	0.201383	0.175833	0.653335	1879700.0
2012-11-05	0.004055	0.175696	0.18714	0.167647	0.322411	1712100.0
2012-11-02	-0.00499	0.18246700000000002	0.186221	0.169954	-0.398773	2363400.0
2012-11-01	0.0055509999999999995	0.179846	0.19356099999999998	0.17846199999999998	0.4412	1189100.0
2012-10-31	0.00894	0.199027	0.200169	0.181	0.7042390000000001	1171500.0
2012-10-26	-0.00759	0.16989500000000002	0.180226	0.16233599999999998	-0.60244	1469000.0
2012-10-25	-0.00394	0.186117	0.188753	0.164659	-0.313934	1111700.0
2012-10-24	0.021425	0.180382	0.217169	0.180382	1.671486	2011200.0
2012-10-23	-0.008839	0.17236300000000002	0.174396	0.161056	-0.695725	1222400.0
2012-10-22	-0.001292	0.175543	0.18137999999999999	0.167296	-0.101814	762800.0
2012-10-19	-0.015161	0.177214	0.17833800000000002	0.15822	-1.21331	1518900.0
2012-10-18	0.007908	0.17858800000000002	0.188916	0.173676	0.627861	1165700.0
2012-10-17	0.0022489999999999997	0.18187	0.186288	0.176947	0.178169	1004600.0
2012-10-16	0.009406	0.183175	0.190183	0.181264	0.738182	1162800.0
2012-10-15	-0.004947999999999999	0.175926	0.178335	0.171742	-0.390289	1258100.0
2012-10-12	0.002588	0.18291	0.19346	0.175792	0.203628	969200.0
2012-10-11	0.00010800000000000001	0.18469000000000002	0.187868	0.17846099999999998	0.008476000000000001	533400.0
2012-10-10	-0.010777	0.179846	0.179846	0.162994	-0.8569559999999999	1000700.0
2012-10-09	-0.003085	0.17934	0.188743	0.174827	-0.246079	806100.0
2012-10-08	-0.003815	0.176465	0.181335	0.173967	-0.305442	628600.0
2012-10-05	-0.0015869999999999999	0.18208	0.183327	0.173725	-0.127251	1172800.0
2012-10-04	0.015362	0.184792	0.197579	0.183779	1.213325	1359300.0
2012-10-03	-0.000752	0.180106	0.18478699999999998	0.174413	-0.059410000000000004	1326800.0
2012-10-02	-0.002997	0.179975	0.181867	0.163957	-0.23757899999999998	1382100.0
2012-10-01	0.000643	0.17846199999999998	0.186161	0.174549	0.050926	1707700.0
2012-09-28	0.00995	0.176294	0.194394	0.173744	0.780579	1780600.0
2012-09-27	0.005984000000000001	0.18205	0.186154	0.172433	0.466659	1424400.0
2012-09-26	0.004481000000000001	0.17845999999999998	0.193659	0.17845999999999998	0.347901	1185600.0
2012-09-25	0.005052	0.180659	0.189592	0.17871800000000002	0.39027399999999995	1899400.0
2012-09-24	-0.002738	0.17936300000000002	0.18117	0.166969	-0.21209699999999998	1503800.0
2012-09-21	0.001206	0.180786	0.185827	0.17690799999999998	0.093322	2995900.0
2012-09-20	-0.011492	0.172072	0.17411600000000002	0.164278	-0.899383	1574100.0
2012-09-19	0.005122	0.177946	0.18603699999999998	0.17589100000000002	0.39878800000000003	1353300.0
2012-09-18	-0.004772	0.175009	0.177054	0.163889	-0.373329	1339200.0
2012-09-17	-0.003351	0.17565799999999998	0.184066	0.171964	-0.26303899999999997	4665600.0
2012-09-14	-0.00655	0.178715	0.179474	0.16454100000000002	-0.517555	1782200.0
2012-09-13	0.007682	0.178716	0.191723	0.172594	0.60241	1325200.0
2012-09-12	0.0019510000000000003	0.181783	0.187532	0.178844	0.152725	1086400.0
2012-09-11	0.002282	0.178204	0.184607	0.176027	0.178169	969100.0
2012-09-10	-0.001627	0.173602	0.182424	0.172707	-0.12725799999999998	719400.0
2012-09-07	-0.0070019999999999995	0.178334	0.180492	0.168431	-0.5515220000000001	1161600.0
2012-09-06	0.014203	0.18464	0.19558499999999998	0.17949	1.1030280000000001	1220600.0
2012-09-05	0.011045999999999999	0.17741700000000002	0.19225799999999998	0.17611500000000002	0.8484719999999999	1401900.0
