2017-09-01	-0.001000	-0.000625	0.001438	-0.002938	-0.160003	1863000.000000
2016-09-01	-0.002248	0.026286	0.028950999999999998	0.020511	-0.253013	3966600.0
2016-08-31	0.002601	0.028955	0.033319999999999995	0.026193	0.291946	5394700.0
2016-08-30	0.0073349999999999995	0.035605	0.039733	0.028337	0.817421	5085300.0
2016-08-29	0.008476000000000001	0.037052999999999996	0.046555	0.036148	0.9366530000000001	4983000.0
2016-08-26	-0.008577	0.037399	0.038207	0.022416	-0.9559629999999999	5294500.0
2016-08-25	0.004875	0.037679000000000004	0.043809	0.035695	0.540756	6694100.0
2016-08-24	-0.002778	0.035245	0.037493	0.031469	-0.308998	4135400.0
2016-08-23	-0.001993	0.040001	0.041886	0.032285	-0.222099	4305400.0
2016-08-22	0.003565	0.035515	0.042088	0.032363	0.395905	4484700.0
2016-08-19	-0.018099	0.032687	0.032687	0.016773	-2.047104	7065700.0
2016-08-18	0.000256	0.036843	0.037993	0.032951999999999995	0.028961	3710500.0
2016-08-17	-0.007122	0.035956	0.035956	0.023136	-0.8111119999999999	5184900.0
2016-08-16	-0.004894	0.03377	0.035692	0.030362	-0.560058	3333900.0
2016-08-15	-0.008367	0.031273	0.033266000000000004	0.02694	-0.965622	3391600.0
2016-08-12	0.001173	0.037252999999999994	0.041157	0.034738	0.135185	3015700.0
2016-08-11	0.004882	0.036215	0.043886	0.036041000000000004	0.560059	3490200.0
2016-08-10	0.004142	0.032892000000000005	0.04112	0.029827999999999997	0.47316	2941700.0
2016-08-09	0.000169	0.032891000000000004	0.042959	0.029564	0.019302	3491700.0
2016-08-08	-0.007718000000000001	0.035257	0.036995	0.026831	-0.888374	3589300.0
2016-08-05	0.007692	0.039807	0.045672000000000004	0.038231	0.878707	3883800.0
2016-08-04	0.0066370000000000005	0.038513	0.044682	0.036134	0.753197	4313200.0
2016-08-03	-0.001529	0.036220999999999996	0.038421	0.030677999999999997	-0.17381300000000002	4120000.0
2016-08-02	-0.002627	0.037097000000000005	0.041748	0.027707	-0.299347	4504200.0
2016-08-01	0.0030600000000000002	0.037629	0.042119	0.036397000000000006	0.347618	4208800.0
2016-07-29	-0.014822	0.033177	0.037686000000000004	0.018348	-1.7091439999999998	7460900.0
2016-07-28	-0.000502	0.036558	0.041672	0.025897000000000003	-0.057937999999999996	6239400.0
2016-07-27	-0.018322	0.035435	0.036286	0.014588	-2.15332	9939200.0
2016-07-26	-0.044663	0.0039030000000000002	0.010812	-0.016663	-5.494377	14563700.0
2016-07-25	-0.006705	0.033102	0.033102	0.024301	-0.8304290000000001	6210100.0
2016-07-22	0.008492	0.036501	0.047168	0.036501	1.0428620000000002	4304200.0
2016-07-21	0.008884999999999999	0.038562	0.045217	0.034537	1.081497	3572100.0
2016-07-20	-0.003478	0.038388	0.038633999999999995	0.02791	-0.42486599999999997	3353300.0
2016-07-19	0.021809000000000002	0.037947	0.059026999999999996	0.035187	2.60717	6277700.0
2016-07-18	0.001537	0.038872000000000004	0.038872000000000004	0.033762	0.18345699999999998	5254700.0
2016-07-15	-0.002582	0.0397	0.039867	0.031092	-0.308998	3688400.0
2016-07-14	0.009038	0.043025	0.047325	0.037207	1.0718379999999998	6011900.0
2016-07-13	0.0046630000000000005	0.036537	0.042128	0.034843	0.550407	3464200.0
2016-07-12	0.002049	0.035605	0.040612999999999996	0.035265	0.241402	3742000.0
2016-07-11	0.005688	0.038849	0.04252	0.036885	0.666283	4266300.0
2016-07-08	0.003225	0.038174	0.0422	0.036975	0.376594	3809600.0
2016-07-07	0.002404	0.037837	0.040842	0.033716	0.28003	3621300.0
2016-07-06	-0.001077	0.022999000000000002	0.03732	0.020512	-0.12554200000000001	5102800.0
2016-07-05	0.00299	0.033197000000000004	0.039044999999999996	0.033024	0.347618	5191100.0
2016-07-01	0.000499	0.030269	0.040080000000000005	0.029752999999999998	0.057945	3798100.0
2016-06-30	0.007114	0.037252	0.043925	0.033957999999999995	0.8207780000000001	4808100.0
2016-06-29	0.008355	0.041373	0.048364	0.039975	0.9559709999999999	5020400.0
2016-06-28	0.018916	0.043619	0.056442	0.040324	2.124351	6173000.0
2016-06-27	-0.026289	0.024507	0.024507	0.0064719999999999995	-3.032043	14150500.0
2016-06-24	-0.014603	0.014672	0.034751	0.010657	-1.7091450000000001	6985900.0
2016-06-23	0.0048909999999999995	0.042989	0.045307	0.035776999999999996	0.56971	3832800.0
2016-06-22	-0.016391	0.024458	0.025639999999999996	0.013817	-1.9408869999999998	6578900.0
2016-06-21	-0.0064010000000000004	0.0398	0.040472	0.026291000000000002	-0.762841	4749000.0
2016-06-20	0.009405	0.044498	0.050935	0.044075	1.110466	5951000.0
2016-06-17	-0.001633	0.033575	0.037634	0.026726	-0.193138	8331400.0
2016-06-16	0.0018	0.032132	0.038824000000000004	0.024592	0.212448	3931800.0
2016-06-15	-0.0021219999999999998	0.041014999999999996	0.042452	0.032393	-0.25106799999999996	4168100.0
2016-06-14	-0.0039030000000000002	0.031816000000000004	0.037288999999999996	0.026680000000000002	-0.46348500000000004	6351400.0
2016-06-13	0.005149	0.032135000000000004	0.049231	0.031287999999999996	0.608329	5436700.0
2016-06-10	-0.0035020000000000003	0.027255	0.034509	0.025653	-0.415207	4347400.0
2016-06-09	0.005569	0.035266000000000006	0.043916000000000004	0.035266000000000006	0.656617	4583400.0
2016-06-08	0.0017230000000000001	0.036285000000000005	0.040617	0.027024	0.202774	3925900.0
2016-06-07	-0.00082	0.038491000000000004	0.047319	0.034756	-0.096558	4562100.0
2016-06-06	0.0053560000000000005	0.03936	0.042602999999999995	0.03441	0.6276470000000001	4901700.0
2016-06-03	0.001486	0.034921	0.039878	0.028511	0.173821	4640200.0
2016-06-02	0.000743	0.032355	0.039283	0.031072000000000002	0.086906	4740200.0
2016-06-01	-0.000737	0.043217	0.049029	0.038431	-0.086273	5057200.0
2016-05-31	-0.009655	0.04364	0.044572	0.029421	-1.140701	7995200.0
2016-05-27	-0.0043619999999999996	0.047262	0.050717	0.037571	-0.5176390000000001	3208900.0
2016-05-26	0.0043	0.044233	0.049311	0.042963	0.508049	3716300.0
2016-05-25	-0.005567	0.041533999999999995	0.043554	0.035474	-0.661408	5307400.0
2016-05-24	0.009283	0.048144	0.059865999999999996	0.044916000000000005	1.092766	4494100.0
2016-05-23	0.0020399999999999997	0.04492	0.053176	0.042450999999999996	0.239639	7081600.0
2016-05-20	-0.021789	0.038638	0.040802	0.016988999999999997	-2.616905	9735900.0
2016-05-19	-0.007289	0.037183	0.038175	0.030570999999999997	-0.8818819999999999	6255100.0
2016-05-18	-0.011590999999999999	0.037988	0.04142	0.027204000000000002	-1.418693	7303200.0
2016-05-17	-0.015041999999999998	0.042894999999999996	0.045873000000000004	0.024387	-1.869202	5826200.0
2016-05-16	0.006287	0.040626	0.050505	0.036900999999999996	0.776428	4343600.0
2016-05-13	-0.009914	0.040171	0.043538	0.031913	-1.236549	6568700.0
2016-05-12	0.007589	0.048063999999999996	0.054527	0.043379	0.9394	4286800.0
2016-05-11	-0.018693	0.040362999999999996	0.043376	0.023716	-2.3581090000000002	6890200.0
2016-05-10	0.005886	0.043377	0.052228	0.043377	0.738121	4082600.0
2016-05-09	0.0019140000000000001	0.043776	0.050567	0.04138	0.23962399999999998	5006800.0
2016-05-06	0.010056	0.044024	0.053708000000000006	0.037649	1.24617	4417100.0
2016-05-05	-0.00038700000000000003	0.043056	0.04846	0.040555	-0.047943	4519700.0
2016-05-04	0.007243	0.036474	0.05971	0.036474	0.891487	6613700.0
2016-05-03	0.00156	0.036707	0.049645999999999996	0.036545	0.191719	4039100.0
2016-05-02	0.013519	0.044537	0.057485	0.0433	1.6391529999999999	4830800.0
2016-04-29	-0.011179000000000001	0.043299000000000004	0.043299000000000004	0.028375	-1.370766	6276900.0
2016-04-28	-0.0029620000000000002	0.039639	0.047688999999999995	0.036224	-0.364265	3385800.0
2016-04-27	0.00462	0.045096	0.050161000000000004	0.043789	0.565567	4436200.0
2016-04-26	0.001961	0.04289	0.05042	0.039698000000000004	0.23964699999999997	4082300.0
2016-04-25	0.015616999999999999	0.039643	0.06009199999999999	0.039144	1.878799	6979900.0
2016-04-22	-0.002305	0.062955	0.064863	0.039651	-0.277992	9311300.0
2016-04-21	-0.02147	0.043217	0.04484	0.019277000000000002	-2.64566	7947600.0
2016-04-20	-0.0024059999999999997	0.04686	0.050827	0.040383999999999996	-0.29715	5006700.0
2016-04-19	7.8e-05	0.043703	0.047264999999999995	0.037307	0.009575	4606300.0
2016-04-18	0.008374	0.043217	0.052443	0.042401	1.02568	4524200.0
2016-04-15	0.002117	0.039699	0.047553	0.038717	0.258805	3103800.0
2016-04-14	0.004886	0.045272	0.053083000000000005	0.04445	0.594314	4834800.0
2016-04-13	-0.005642	0.044035000000000005	0.045751	0.030708999999999997	-0.6901619999999999	4985200.0
2016-04-12	0.000392	0.04747	0.049105	0.037738	0.047927	5211400.0
2016-04-11	-0.0031260000000000003	0.046397	0.049169	0.039058999999999996	-0.383422	6973700.0
2016-04-08	-0.001405	0.044357	0.048102	0.036216000000000005	-0.17255399999999999	3625600.0
2016-04-07	0.004862	0.04199	0.051398	0.039126999999999995	0.594322	4720800.0
2016-04-06	0.001099	0.043954	0.045756	0.038794999999999996	0.134201	5619900.0
2016-04-05	-0.001489	0.037247	0.044933999999999995	0.033568	-0.18212899999999999	6282200.0
2016-04-04	0.00433	0.043463999999999996	0.050198	0.042067	0.5272220000000001	4239300.0
2016-04-01	0.010662	0.03915	0.057411000000000004	0.036494	1.284477	5212400.0
2016-03-31	-0.001192	0.04587	0.052586	0.041393	-0.143784	7685900.0
2016-03-30	0.015004	0.051043	0.061140999999999994	0.048519	1.7829439999999999	4853700.0
2016-03-29	0.006495	0.045419	0.055075	0.044657	0.766861	7188200.0
2016-03-28	-0.000973	0.049225	0.050917000000000004	0.041779000000000004	-0.11502799999999999	4784400.0
2016-03-24	-0.007247	0.039017	0.041621	0.030364999999999996	-0.8627100000000001	5796700.0
2016-03-23	0.0029879999999999998	0.045576	0.053159000000000005	0.043554	0.354668	4143600.0
2016-03-22	8.1e-05	0.043049000000000004	0.048104	0.041111	0.009590000000000001	3494500.0
2016-03-21	-0.002176	0.039686	0.046748000000000005	0.034557	-0.258812	4050100.0
2016-03-18	0.00747	0.045504	0.051349	0.039744	0.8818739999999999	14783800.0
2016-03-17	-0.002914	0.041106000000000004	0.046004	0.039754000000000005	-0.345077	6108700.0
2016-03-16	0.000729	0.042372	0.048542	0.036794	0.086258	6716700.0
2016-03-15	0.004312	0.038124	0.050517	0.037360000000000004	0.508049	5061400.0
2016-03-14	0.011106999999999999	0.045449	0.059867	0.042359	1.294075	7912100.0
2016-03-11	0.013086000000000002	0.047652	0.06086799999999999	0.046521	1.504959	7042300.0
2016-03-10	0.0028420000000000003	0.045572	0.05385499999999999	0.034672	0.32592	6171200.0
2016-03-09	0.010302	0.050441	0.058898	0.04357	1.169457	6428200.0
2016-03-08	0.010841	0.034847	0.060404	0.034847	1.217392	6236200.0
2016-03-07	-0.000256	0.041882	0.046689	0.033780000000000004	-0.028756	5640700.0
2016-03-04	0.0041990000000000005	0.043485	0.050012	0.036155	0.469696	5857400.0
2016-03-03	-0.015108000000000002	0.034412	0.034412	0.015393	-1.715843	9132000.0
2016-03-02	-0.003113	0.040672	0.042164	0.032772	-0.354675	4267700.0
2016-03-01	0.014165	0.049627	0.061021000000000006	0.04838	1.591232	4731500.0
2016-02-29	0.001111	0.0409	0.054891999999999996	0.040098	0.12461900000000001	6467700.0
2016-02-26	-0.003575	0.047657	0.050232	0.031584	-0.40260300000000004	5193700.0
2016-02-25	0.011191	0.054443	0.064051	0.052017999999999995	1.246292	6034000.0
2016-02-24	0.001369	0.045905	0.054987	0.04123	0.152206	5349800.0
2016-02-23	-0.0065439999999999995	0.048262	0.055408000000000006	0.043795	-0.7325510000000001	5276700.0
2016-02-22	0.009783	0.05112	0.065823	0.05112	1.0845559999999999	6223300.0
2016-02-19	-0.005462	0.049595	0.052735000000000004	0.038919999999999996	-0.608871	10793700.0
2016-02-18	-0.01239	0.052627	0.058385	0.03597	-1.398499	9707100.0
2016-02-17	-0.004531	0.05112	0.053061000000000004	0.029424000000000002	-0.513756	12729000.0
2016-02-16	0.0106	0.055488	0.062262	0.048179	1.189217	10835800.0
2016-02-12	0.01028	0.05103	0.065528	0.045447	1.141632	8552800.0
2016-02-11	-0.0068909999999999996	0.035024	0.050763	0.034575999999999996	-0.770592	7568600.0
2016-02-10	0.004529	0.060192999999999997	0.064775	0.053366	0.504219	5726300.0
2016-02-09	0.008272	0.046501	0.066971	0.04478	0.9133	7525700.0
2016-02-08	0.005633	0.038824000000000004	0.059864	0.026618	0.6183930000000001	11311500.0
2016-02-05	-0.043594	0.051032999999999995	0.051032999999999995	0.001465	-5.004189	13261700.0
2016-02-04	-0.006668	0.047399000000000004	0.04913	0.027324	-0.7705989999999999	7595000.0
2016-02-03	-0.020008	0.054597	0.056463	0.024746999999999998	-2.3593830000000002	9327000.0
2016-02-02	-0.005297	0.046397	0.048843	0.038383	-0.627907	7653000.0
2016-02-01	0.006706	0.045176	0.060037	0.044667	0.789643	6189900.0
2016-01-29	0.01144	0.054470000000000005	0.06804099999999999	0.054298	1.331909	10549900.0
2016-01-28	0.012493	0.05312000000000001	0.066165	0.045294	1.436554	7460500.0
2016-01-27	0.003654	0.055048	0.061507000000000006	0.045883	0.41860200000000003	7409000.0
2016-01-26	0.010319	0.054648	0.069638	0.049357	1.170189	8326100.0
2016-01-25	0.006756999999999999	0.081748	0.082192	0.049345	0.7610779999999999	15141500.0
2016-01-22	0.004752	0.056472	0.059237	0.046928	0.532776	9016600.0
2016-01-21	0.017792	0.057748	0.075269	0.051211	1.959816	9839100.0
2016-01-20	-0.014638	0.046379000000000004	0.055593	0.023209999999999998	-1.636361	11905200.0
2016-01-19	0.020142	0.064353	0.074209	0.058238	2.207177	9195300.0
2016-01-15	-0.012348	0.029849	0.049588	0.029398	-1.36998	10070500.0
2016-01-14	0.013030000000000002	0.055412	0.06947300000000001	0.031763	1.427063	9204500.0
2016-01-13	-0.019755	0.053358	0.054969000000000004	0.029998	-2.207169	6986000.0
2016-01-12	0.0064269999999999996	0.054183	0.060578	0.046436	0.713516	5639700.0
2016-01-11	0.010478	0.05266799999999999	0.065502	0.052030999999999994	1.151162	6392400.0
2016-01-08	-0.001556	0.051938	0.06757	0.047485	-0.171257	6103400.0
2016-01-07	-0.023142	0.042598000000000004	0.047303	0.026174	-2.606743	7477900.0
2016-01-06	-0.006711	0.040539	0.051738	0.038863	-0.7610779999999999	6543800.0
2016-01-05	0.013778	0.049601	0.065871	0.048527999999999995	1.541199	6314000.0
2016-01-04	-0.00474	0.043202	0.047472	0.030924	-0.5327529999999999	9995000.0
2015-12-31	-0.010801	0.045752	0.04892	0.038007	-1.227265	3537000.0
2015-12-30	-0.00533	0.047356	0.05042	0.043767	-0.608887	2400800.0
2015-12-29	0.011116	0.053333000000000005	0.064221	0.051739999999999994	1.255814	3213900.0
2015-12-28	0.001518	0.046954	0.054046000000000004	0.04651	0.171242	2777200.0
2015-12-24	-0.001936	0.050677999999999994	0.052801	0.048466	-0.218811	1659300.0
2015-12-23	0.009174	0.053799	0.06121	0.051387999999999996	1.0274809999999999	3641900.0
2015-12-22	0.00025499999999999996	0.053532	0.054246	0.041742	0.028533999999999997	4092000.0
2015-12-21	0.008829	0.053823	0.060851	0.05067	0.9799040000000001	3344600.0
2015-12-18	-0.007148999999999999	0.044321	0.049152	0.036718	-0.799149	11238900.0
2015-12-17	-0.002885	0.05558	0.060575	0.047998	-0.323455	5275900.0
2015-12-16	0.007781999999999999	0.056153999999999996	0.067481	0.047165	0.8657450000000001	6306300.0
2015-12-15	0.005763	0.062331	0.069022	0.056364	0.637406	6118300.0
2015-12-14	0.001551	0.051935	0.060085	0.038172000000000005	0.171257	7660700.0
2015-12-11	-0.009556	0.039102	0.045829	0.03695	-1.0655290000000002	5736400.0
2015-12-10	0.005318	0.051391	0.059505999999999996	0.047694	0.589843	5286800.0
2015-12-09	0.000429	0.048234	0.058066	0.045438	0.047562	7604700.0
2015-12-08	0.0009449999999999999	0.046876999999999995	0.055092999999999996	0.040647	0.104653	4814200.0
2015-12-07	0.001893	0.047592	0.053925	0.04705	0.209304	4810700.0
2015-12-04	0.024782	0.054457000000000005	0.07893	0.051398	2.673333	7778200.0
2015-12-03	-0.002902	0.050104	0.057775	0.043633	-0.31395	6558600.0
2015-12-02	-0.006378	0.047906	0.049467000000000004	0.041936	-0.694489	5692200.0
2015-12-01	0.0025399999999999997	0.054435000000000004	0.058210000000000005	0.047714	0.275887	5321900.0
2015-11-30	-0.0006129999999999999	0.0525	0.053513	0.044955	-0.066597	7872000.0
2015-11-27	0.006343	0.052972000000000005	0.059269	0.051304999999999996	0.684975	2763700.0
2015-11-25	0.00105	0.059269	0.065295	0.056303	0.11328900000000001	7477200.0
2015-11-24	-0.0016600000000000002	0.054087	0.060195000000000005	0.049089	-0.17936	6047700.0
2015-11-23	0.004915999999999999	0.060292	0.068569	0.059362	0.528626	4968400.0
2015-11-20	0.005384000000000001	0.059923000000000004	0.067496	0.058333	0.575805	6659400.0
2015-11-19	0.006843000000000001	0.059362	0.07047	0.057197000000000005	0.7268680000000001	5323500.0
2015-11-18	0.014332	0.06279900000000001	0.07511799999999999	0.05840700000000001	1.5009	5194500.0
2015-11-17	-0.00108	0.059171	0.066611	0.053639	-0.113273	6027600.0
2015-11-16	0.009912	0.058205999999999994	0.069862	0.055798	1.028923	6731800.0
2015-11-13	-0.019089	0.056905	0.061724	0.038573	-2.020104	8602400.0
2015-11-12	-0.015283000000000001	0.056104999999999995	0.058338	0.042706	-1.642479	5893800.0
2015-11-11	0.005564	0.063572	0.07068300000000001	0.062355999999999995	0.594689	8387800.0
2015-11-10	0.002568	0.057861	0.078686	0.038912	0.273758	12716500.0
2015-11-09	-0.0033539999999999998	0.060671	0.060951	0.050854	-0.358704	8423800.0
2015-11-06	0.004076	0.055137	0.0649	0.052885	0.434212	4615600.0
2015-11-05	0.004004	0.061247	0.069258	0.057005999999999994	0.424789	5059100.0
2015-11-04	0.002855	0.060402	0.06361499999999999	0.052084000000000005	0.302071	6797100.0
2015-11-03	-0.000268	0.057566	0.061252	0.051424	-0.028336	4584900.0
2015-11-02	-0.001247	0.061344	0.06493	0.049736	-0.132141	5663000.0
2015-10-30	-0.003285	0.061808	0.065664	0.05588099999999999	-0.349258	6409500.0
2015-10-29	-0.002833	0.056736	0.059455999999999995	0.049513	-0.302071	3752600.0
2015-10-28	0.011644	0.059836	0.071792	0.057084	1.227142	4390300.0
2015-10-27	-0.004814	0.060212	0.06096699999999999	0.044347000000000004	-0.509735	10013300.0
2015-10-26	-0.0036409999999999997	0.055975	0.072252	0.052117	-0.38701599999999997	11478600.0
2015-10-23	0.015513999999999998	0.062324	0.078472	0.061559	1.623604	11677300.0
2015-10-22	0.081237	0.140565	0.146764	0.119696	7.86322	25286600.0
2015-10-21	-0.012519	0.06079	0.063545	0.041407	-1.227135	7979600.0
2015-10-20	-0.006221	0.054901	0.057942999999999995	0.048514	-0.613571	4851800.0
2015-10-19	-0.003149	0.0535	0.062697	0.05259	-0.311539	7064300.0
2015-10-16	0.01119	0.070194	0.073158	0.056807	1.095002	7168300.0
2015-10-15	0.00817	0.056786	0.083883	0.046792	0.792953	10168300.0
2015-10-14	-0.005417	0.06725199999999999	0.075245	0.049627	-0.528625	9093000.0
2015-10-13	0.001356	0.05536	0.06213200000000001	0.053101999999999996	0.13214800000000002	4697300.0
2015-10-12	0.004671	0.058537	0.065032	0.056785	0.45310200000000006	3448200.0
2015-10-09	-0.001846	0.059876	0.064404	0.052364	-0.179359	5756600.0
2015-10-08	0.011595000000000001	0.060195000000000005	0.077058	0.059362	1.113892	8218900.0
2015-10-07	-0.001276	0.047406000000000004	0.059362	0.043144	-0.12271900000000001	6497100.0
2015-10-06	0.007215999999999999	0.060303999999999996	0.07119400000000001	0.059257000000000004	0.689094	7252400.0
2015-10-05	0.013829	0.064457	0.079001	0.06371399999999999	1.3026659999999999	6501600.0
2015-10-02	0.010225	0.043811	0.070408	0.041666	0.953407	4400800.0
2015-10-01	0.002537	0.059039	0.064415	0.050115	0.23599299999999998	4456600.0
2015-09-30	0.010771	0.06729500000000001	0.07262	0.062404999999999995	0.991157	5517600.0
2015-09-29	0.01584	0.075921	0.079564	0.068746	1.4348379999999998	6944800.0
2015-09-28	-0.016703	0.052957000000000004	0.060989999999999996	0.039714	-1.538666	6609800.0
2015-09-25	0.003084	0.06589500000000001	0.074715	0.061213	0.283188	4825800.0
2015-09-24	-0.000924	0.053378999999999996	0.059905999999999994	0.047613	-0.08494600000000001	4138800.0
2015-09-23	0.001852	0.059798000000000004	0.066446	0.057290999999999995	0.169899	3035300.0
2015-09-22	-0.00715	0.050921	0.061309	0.046485000000000005	-0.660782	6254500.0
2015-09-21	0.008758	0.064055	0.071587	0.058925	0.8023680000000001	4543500.0
2015-09-18	-0.008074	0.048318	0.057846	0.042145999999999996	-0.745727	10492700.0
2015-09-17	-0.008612999999999999	0.058074	0.062367	0.045406999999999996	-0.8023680000000001	7955000.0
2015-09-16	0.005092	0.064325	0.065296	0.052240999999999996	0.471992	5198700.0
2015-09-15	0.012581	0.062858	0.07706	0.056849000000000004	1.151634	5142600.0
2015-09-14	-0.004517	0.058817999999999995	0.062081	0.050879	-0.41535900000000003	4557200.0
2015-09-11	0.022677000000000003	0.061809	0.083496	0.059473000000000005	2.0389779999999997	6656300.0
2015-09-10	-0.0018859999999999999	0.054144000000000005	0.064024	0.051813	-0.169914	6210800.0
2015-09-09	-0.013949000000000001	0.064944	0.066039	0.042286000000000004	-1.274353	5129400.0
2015-09-08	0.020347999999999998	0.075668	0.082035	0.06651	1.821854	5771100.0
2015-09-04	-0.012081999999999999	0.048769	0.054617	0.040604	-1.094994	4429100.0
2015-09-03	-0.00031299999999999996	0.067745	0.07469400000000001	0.054288	-0.028335000000000003	6313900.0
2015-09-02	0.027496	0.083843	0.089396	0.071602	2.425995	6908100.0
2015-09-01	-0.016312	0.034276999999999995	0.051112	0.032382	-1.463143	7308400.0
2015-08-31	-0.012779	0.054078999999999995	0.055289	0.043953	-1.161087	5086600.0
2015-08-28	-0.002384	0.05464	0.061338	0.051785000000000005	-0.21711	5606000.0
2015-08-27	0.022911	0.076894	0.09362899999999999	0.073412	2.039872	10187100.0
2015-08-26	0.043197	0.088848	0.115445	0.071741	3.686752	16439800.0
2015-08-25	-0.017874	0.098614	0.098729	0.047521	-1.553291	11468800.0
2015-08-24	-0.043858999999999995	0.00763	0.054941	-0.037261	-3.9861839999999997	15074800.0
2015-08-21	-0.026363	0.064624	0.064731	0.04052	-2.4609520000000003	10980000.0
2015-08-20	-0.013253999999999998	0.06478400000000001	0.067638	0.054319000000000006	-1.2538610000000001	6668000.0
2015-08-19	0.0033740000000000003	0.065407	0.080574	0.062649	0.318146	5905700.0
2015-08-18	0.000993	0.061688	0.076976	0.061688	0.093575	4257300.0
2015-08-17	0.014002	0.065788	0.086351	0.064927	1.3006659999999999	5204100.0
2015-08-14	-0.001007	0.06525299999999999	0.070738	0.061703999999999995	-0.093597	3185600.0
2015-08-13	0.011091	0.066411	0.085441	0.065541	1.019936	4636400.0
2015-08-12	-0.005364	0.062854	0.064585	0.05160599999999999	-0.49591899999999994	4167100.0
2015-08-11	-0.005836	0.06116799999999999	0.066222	0.05805	-0.542717	3585000.0
2015-08-10	0.004751	0.074853	0.079823	0.068155	0.43978900000000004	3994500.0
2015-08-07	-0.004328	0.06805	0.069448	0.059014	-0.402359	3463700.0
2015-08-06	-0.004509	0.067838	0.072764	0.062376999999999995	-0.42108100000000004	6740200.0
2015-08-05	0.006657	0.076133	0.079475	0.069988	0.617576	3560600.0
2015-08-04	-0.002816	0.069232	0.06977	0.061708000000000006	-0.261993	2842100.0
2015-08-03	-0.004406	0.07019299999999999	0.07212	0.059704999999999994	-0.411721	4427300.0
2015-07-31	0.006958	0.07386799999999999	0.08949299999999999	0.070096	0.645646	7647000.0
2015-07-30	0.009775	0.061948	0.080991	0.061948	0.898277	5372500.0
2015-07-29	0.009041	0.070342	0.080334	0.065071	0.82344	6006500.0
2015-07-28	0.013432	0.073591	0.084051	0.071811	1.207085	4863000.0
2015-07-27	-0.000624	0.067583	0.075923	0.064247	-0.05614500000000001	5818600.0
2015-07-24	-0.010197	0.07221699999999999	0.07221699999999999	0.057687999999999996	-0.9263610000000001	5554600.0
2015-07-23	-0.005021	0.083152	0.084247	0.053034000000000005	-0.458496	10380700.0
2015-07-22	0.002672	0.072978	0.078907	0.06990299999999999	0.243279	5392600.0
2015-07-21	-0.001744	0.069901	0.071216	0.062885	-0.159073	4206700.0
2015-07-20	-0.000102	0.071764	0.076477	0.067599	-0.009346	4947000.0
2015-07-17	-0.003679	0.06694800000000001	0.072626	0.059302999999999995	-0.336868	6429800.0
2015-07-16	-0.012214000000000001	0.06912599999999999	0.06912599999999999	0.048631	-1.132218	7696200.0
2015-07-15	0.002936	0.061878999999999997	0.077891	0.058633000000000005	0.271355	7572500.0
2015-07-14	0.003556	0.065329	0.075427	0.063592	0.327507	5746100.0
2015-07-13	0.007988	0.072525	0.07810700000000001	0.069242	0.729858	4578700.0
2015-07-10	0.012022	0.077112	0.082983	0.07379	1.085434	5179200.0
2015-07-09	0.006781999999999999	0.07761599999999999	0.084641	0.07538500000000001	0.608223	5247100.0
2015-07-08	-0.008688	0.057309000000000006	0.0677	0.057309000000000006	-0.786003	4914300.0
2015-07-07	0.010768000000000002	0.071823	0.08132	0.064114	0.963783	4794400.0
2015-07-06	-0.005407	0.065583	0.06991699999999999	0.058471	-0.486572	3852500.0
2015-07-02	0.004282	0.072824	0.078069	0.066686	0.383652	3250900.0
2015-07-01	0.007258	0.06903200000000001	0.077126	0.064873	0.645645	4446200.0
2015-06-30	-0.0038770000000000002	0.07418200000000001	0.078325	0.058616999999999995	-0.346222	6656000.0
2015-06-29	-0.019015	0.061335	0.068036	0.048154	-1.731079	8412800.0
2015-06-26	0.015659	0.072488	0.086099	0.070257	1.403572	6039500.0
2015-06-25	-0.008795	0.069358	0.071681	0.059185	-0.795349	4322300.0
2015-06-24	-0.005557	0.063966	0.071664	0.06275599999999999	-0.505303	3927100.0
2015-06-23	0.0032	0.076638	0.08072	0.071453	0.290078	4541700.0
2015-06-22	0.008222	0.071253	0.079262	0.06936200000000001	0.739219	3893300.0
2015-06-19	-0.000936	0.07114	0.079474	0.066584	-0.084213	8279300.0
2015-06-18	0.009977	0.07397000000000001	0.08452	0.069368	0.8889389999999999	5101000.0
2015-06-17	0.006235	0.067678	0.07874600000000001	0.067678	0.552071	3941000.0
2015-06-16	0.0034990000000000004	0.068128	0.072888	0.066428	0.308776	3094800.0
2015-06-15	-0.007995	0.065097	0.06802000000000001	0.057003	-0.7111350000000001	5861800.0
2015-06-12	-0.0055439999999999994	0.066794	0.068248	0.062099	-0.49592600000000003	3702400.0
2015-06-11	0.003043	0.070938	0.08024500000000001	0.070938	0.271347	4203900.0
2015-06-10	0.006017	0.07196699999999999	0.078848	0.069597	0.533371	4828600.0
2015-06-09	-0.00619	0.070937	0.071386	0.059389	-0.552094	7770900.0
2015-06-08	-0.002303	0.07384	0.07428799999999999	0.065451	-0.20584899999999998	4594600.0
2015-06-05	-0.007995	0.064478	0.066254	0.059374	-0.720497	3959300.0
2015-06-04	-0.002176	0.066259	0.07367699999999999	0.063048	-0.196502	4702800.0
2015-06-03	0.002389	0.069694	0.077352	0.06514299999999999	0.21521700000000002	4165700.0
2015-06-02	0.000727	0.069583	0.077025	0.064141	0.065491	4430300.0
2015-06-01	0.003023	0.067692	0.079613	0.067692	0.27137	4919200.0
2015-05-29	-0.0057009999999999995	0.08098999999999999	0.082984	0.061605999999999994	-0.514664	6439100.0
2015-05-28	-0.013597999999999999	0.070771	0.07306499999999999	0.051104000000000004	-1.244499	10204000.0
2015-05-27	0.002031	0.083566	0.08630299999999999	0.075136	0.185532	8129500.0
2015-05-26	-0.005354	0.076458	0.08026900000000001	0.067637	-0.491646	7123100.0
2015-05-22	-0.002921	0.076571	0.080154	0.07320499999999999	-0.269043	4559500.0
2015-05-21	-0.008291	0.075613	0.07636699999999999	0.066676	-0.7699590000000001	4729500.0
2015-05-20	-0.005661	0.080123	0.081194	0.06449099999999999	-0.528763	6185100.0
2015-05-19	0.027138	0.078752	0.11163499999999998	0.073913	2.467591	10809200.0
2015-05-18	-0.000204	0.077213	0.080291	0.073364	-0.018563	4100800.0
2015-05-15	0.0033770000000000002	0.078313	0.092655	0.07610700000000001	0.306122	7607200.0
2015-05-14	0.003698	0.081415	0.08374	0.07720700000000001	0.333962	4744000.0
2015-05-13	-0.006125	0.079303	0.083925	0.070609	-0.5565869999999999	6526900.0
2015-05-12	0.0045119999999999995	0.07665599999999999	0.087268	0.07146	0.408165	4848100.0
2015-05-11	-0.00733	0.076226	0.079738	0.06613	-0.667931	4123700.0
2015-05-08	0.014983000000000002	0.093687	0.10438	0.089232	1.3451229999999998	7543100.0
2015-05-07	0.004046	0.07664	0.088495	0.074963	0.361779	5018900.0
2015-05-06	0.002705	0.077646	0.083926	0.075179	0.24120300000000003	6614500.0
2015-05-05	0.0	0.080898	0.081795	0.071703	0.0	7637000.0
2015-05-04	-0.017075999999999997	0.064425	0.087131	0.058692999999999995	-1.549202	8426300.0
2015-05-01	0.012947	0.079992	0.093836	0.079992	1.159576	6280300.0
2015-04-30	-0.004843999999999999	0.073871	0.081871	0.07120499999999999	-0.435989	8300300.0
2015-04-29	0.001962	0.075199	0.08733400000000001	0.069521	0.17624700000000001	5697200.0
2015-04-28	0.004044	0.07608200000000001	0.083012	0.070605	0.361793	4357400.0
2015-04-27	-0.023294	0.07798200000000001	0.080166	0.050907	-2.133629	7282700.0
2015-04-24	0.017938	0.07787100000000001	0.10109800000000001	0.076204	1.614128	7741300.0
2015-04-23	-0.008584999999999999	0.073575	0.07445700000000001	0.06387899999999999	-0.77922	6336500.0
2015-04-22	0.031306	0.102185	0.128887	0.09354900000000001	2.755134	19254300.0
2015-04-21	-0.013619999999999998	0.07809400000000001	0.082129	0.059601	-1.215233	5981700.0
2015-04-20	0.013701	0.079345	0.09366100000000001	0.079345	1.205948	4382400.0
2015-04-17	-0.007843000000000001	0.07234600000000001	0.074826	0.06479299999999999	-0.695732	6933600.0
2015-04-16	-0.008399	0.0772	0.08916	0.067587	-0.751396	5071700.0
2015-04-15	-0.011683	0.071575	0.077651	0.063621	-1.057533	6604400.0
2015-04-14	0.001437	0.07488500000000001	0.081301	0.072783	0.129875	4961100.0
2015-04-13	-0.0036810000000000002	0.073683	0.077431	0.069936	-0.333969	5197900.0
2015-04-10	0.012947	0.08189	0.093613	0.07809400000000001	1.159576	5937800.0
2015-04-09	-0.003098	0.07798200000000001	0.084438	0.070859	-0.27829699999999996	4790000.0
2015-04-08	0.005189	0.082234	0.090849	0.07384299999999999	0.463829	4445200.0
2015-04-07	0.000727	0.077534	0.083692	0.07596699999999999	0.064941	4443700.0
2015-04-06	0.004696	0.07708200000000001	0.08911799999999999	0.07370700000000001	0.41743500000000006	4501300.0
2015-04-02	-0.004777	0.07428799999999999	0.077422	0.06029400000000001	-0.426712	6614300.0
2015-04-01	-0.011802	0.07101299999999999	0.073336	0.062051	-1.0668030000000002	7484800.0
2015-03-31	-0.004495	0.077322	0.08404	0.073136	-0.408165	5617000.0
2015-03-30	0.009488	0.083208	0.093102	0.082541	0.853439	4074500.0
2015-03-27	-0.006964	0.074891	0.080301	0.068377	-0.630813	4642400.0
2015-03-26	-0.005095000000000001	0.072051	0.076115	0.056673	-0.463829	10445800.0
2015-03-25	-0.012279	0.074402	0.080695	0.064421	-1.131737	6030500.0
2015-03-24	0.007503	0.07623300000000001	0.091318	0.07197	0.686462	7549900.0
2015-03-23	0.016177	0.075205	0.100975	0.075205	1.456421	9232000.0
2015-03-20	0.011148	0.081801	0.097525	0.079555	0.9926	10014000.0
2015-03-19	-0.010516	0.076426	0.078093	0.066647	-0.9462209999999999	3615400.0
2015-03-18	0.008631	0.07618899999999999	0.089976	0.068566	0.7699590000000001	5831000.0
2015-03-17	-0.010087	0.07520800000000001	0.07798200000000001	0.065111	-0.9090959999999999	4530700.0
2015-03-16	0.008303	0.084471	0.090513	0.082346	0.742119	4772200.0
2015-03-13	0.001039	0.07787000000000001	0.08694199999999999	0.072382	0.09277300000000001	5152800.0
2015-03-12	0.013585	0.083204	0.094783	0.081615	1.1966860000000001	8765100.0
2015-03-11	-0.013812999999999999	0.07809400000000001	0.083356	0.06286900000000001	-1.233795	9391100.0
2015-03-10	-0.014533	0.069156	0.07147300000000001	0.06022	-1.3172840000000001	7838900.0
2015-03-09	0.005971	0.074431	0.090412	0.074431	0.538048	8460300.0
2015-03-06	-0.019978	0.068846	0.076677	0.054597	-1.8367689999999999	9677900.0
2015-03-05	-0.011372	0.064648	0.074434	0.058734	-1.057533	9438800.0
2015-03-04	0.005113	0.078739	0.08598	0.07193	0.473106	9179400.0
2015-03-03	-0.0026	0.077659	0.082725	0.07313099999999999	-0.24118	8149700.0
2015-03-02	0.011122	0.07798200000000001	0.101852	0.071551	1.020416	12363300.0
2015-02-27	-0.00613	0.074299	0.07570700000000001	0.066932	-0.56588	7552500.0
2015-02-26	0.017381	0.07379400000000001	0.100796	0.06905499999999999	1.577027	16098800.0
2015-02-25	0.038745	0.086549	0.13692100000000001	0.085976	3.384368	16751600.0
2015-02-24	0.007104000000000001	0.084698	0.09911	0.080202	0.616188	5643600.0
2015-02-23	0.001274	0.086542	0.08989	0.084579	0.11035199999999999	5682000.0
2015-02-20	0.0	0.087004	0.090813	0.080077	0.0	8155000.0
2015-02-19	-0.004123	0.086431	0.087005	0.077693	-0.35865	6312200.0
2015-02-18	0.002438	0.085967	0.092421	0.083317	0.211525	5617500.0
2015-02-17	-0.013591999999999998	0.081325	0.08439400000000001	0.069616	-1.195603	5972000.0
2015-02-13	0.00589	0.090895	0.096041	0.085521	0.515046	6762200.0
2015-02-12	0.009341	0.085503	0.10339300000000001	0.082272	0.809288	7910100.0
2015-02-11	0.0020210000000000002	0.088969	0.090935	0.079023	0.174751	5153900.0
2015-02-10	0.014021	0.09450399999999999	0.105058	0.090282	1.1955559999999998	4697600.0
2015-02-09	-0.013512	0.079368	0.081103	0.070575	-1.1679680000000001	8203000.0
2015-02-06	-0.00371	0.08516	0.088964	0.07939700000000001	-0.321877	4662700.0
2015-02-05	0.003083	0.08792799999999999	0.096368	0.086772	0.26669299999999996	5564100.0
2015-02-04	0.001384	0.082488	0.09325499999999999	0.082488	0.11956099999999999	6464800.0
2015-02-03	0.015241999999999999	0.088878	0.104628	0.086645	1.29673	7373000.0
2015-02-02	0.0007570000000000001	0.082763	0.089938	0.07547000000000001	0.064376	6751400.0
2015-01-30	-0.008898999999999999	0.080122	0.0877	0.076158	-0.763328	12385400.0
2015-01-29	0.050574	0.12066400000000001	0.14515899999999998	0.117724	4.129303	19146900.0
2015-01-28	-0.00882	0.089414	0.09038500000000001	0.077638	-0.72654	6921300.0
2015-01-27	-0.012131999999999999	0.078835	0.08303300000000001	0.074039	-1.011635	6640800.0
2015-01-26	0.012394	0.085286	0.101191	0.08407200000000001	1.020852	7753300.0
2015-01-23	-0.014633000000000002	0.08770900000000001	0.096323	0.069884	-1.22316	11496000.0
2015-01-22	0.0060880000000000005	0.09072100000000001	0.094933	0.081332	0.505821	7536400.0
2015-01-21	-0.005065999999999999	0.079686	0.08327899999999999	0.072261	-0.423058	8682200.0
2015-01-20	-0.007542	0.089133	0.091985	0.072375	-0.634582	6967300.0
2015-01-16	0.001204	0.083424	0.091039	0.079735	0.101181	6927000.0
2015-01-15	-0.001748	0.092458	0.096972	0.08058	-0.147148	5737500.0
2015-01-14	-0.013896	0.071186	0.07821399999999999	0.06732	-1.1863709999999998	7740600.0
2015-01-13	-0.001935	0.098339	0.10406800000000001	0.080453	-0.16555799999999998	5971200.0
2015-01-12	-0.002146	0.091083	0.094349	0.080234	-0.183929	3989600.0
2015-01-09	-0.012187	0.082856	0.082856	0.069143	-1.057625	4283300.0
2015-01-08	0.0037229999999999997	0.089895	0.09857	0.087813	0.321899	5476700.0
2015-01-07	0.017424000000000002	0.097471	0.106767	0.092763	1.48066	6400300.0
2015-01-06	0.001843	0.092538	0.105978	0.083224	0.156341	6484100.0
2015-01-05	-0.011044	0.08781699999999999	0.09224700000000001	0.075225	-0.94725	6211900.0
2015-01-02	-0.004696	0.09233999999999999	0.10243599999999999	0.079807	-0.404648	6019700.0
2014-12-31	-0.005836	0.081582	0.093695	0.07950499999999999	-0.505829	4589300.0
2014-12-30	-0.008312	0.085176	0.086892	0.076252	-0.726539	3257700.0
2014-12-29	0.0027429999999999998	0.08207300000000001	0.095151	0.081499	0.239128	4183200.0
2014-12-26	0.010125	0.09047899999999999	0.100098	0.088741	0.8736719999999999	3884300.0
2014-12-24	-0.004139	0.08735	0.091043	0.081811	-0.358665	1729700.0
2014-12-23	0.003515	0.092793	0.098121	0.08874	0.30349699999999996	3590000.0
2014-12-22	0.007187000000000001	0.08805	0.096682	0.085134	0.616173	5342200.0
2014-12-19	-0.004804	0.085493	0.09489600000000001	0.07899199999999999	-0.413857	10284300.0
2014-12-18	0.02204	0.094825	0.11214600000000001	0.08735	1.8577270000000001	11277100.0
2014-12-17	0.033025	0.089924	0.128162	0.084654	2.694611	14010000.0
2014-12-16	0.002939	0.08255599999999999	0.115499	0.077025	0.239128	15106700.0
2014-12-15	-0.023836000000000003	0.09143	0.09311	0.058912	-1.986488	10121600.0
2014-12-12	-0.0038469999999999997	0.08364500000000001	0.09237000000000001	0.08089600000000001	-0.321884	8691000.0
2014-12-11	0.010778	0.088438	0.101244	0.08759199999999999	0.8920889999999999	8972700.0
2014-12-10	-0.014886000000000002	0.08354199999999999	0.086517	0.065332	-1.2507469999999998	12020800.0
2014-12-09	-0.013498	0.071969	0.080188	0.068564	-1.14959	10066800.0
2014-12-08	-0.038418	0.054609000000000005	0.100785	0.041287	-3.4027629999999998	11792700.0
2014-12-05	0.006795000000000001	0.088714	0.098149	0.08723600000000001	0.5977779999999999	6209300.0
2014-12-04	0.001675	0.08609800000000001	0.092929	0.083251	0.14715599999999998	5149300.0
2014-12-03	0.0041	0.08380599999999999	0.092609	0.083577	0.358658	5316700.0
2014-12-02	-0.006995	0.08087899999999999	0.1012	0.075771	-0.616173	10389700.0
2014-12-01	-0.010639000000000001	0.079937	0.08881	0.074209	-0.9472659999999999	5273700.0
2014-11-28	0.006132	0.084638	0.100685	0.084525	0.542611	3442900.0
2014-11-26	0.000728	0.089725	0.090064	0.084749	0.06439199999999999	3667800.0
2014-11-25	-0.00175	0.097301	0.09888200000000001	0.09335	-0.15498399999999998	5369000.0
2014-11-24	0.005068	0.098665	0.105359	0.095261	0.44668599999999997	5222900.0
2014-11-21	0.000414	0.10638399999999999	0.106725	0.094466	0.036468	5483700.0
2014-11-20	0.0008289999999999999	0.096736	0.10537	0.09628099999999999	0.07293	4551900.0
2014-11-19	0.001556	0.100717	0.107089	0.09719	0.136726	6631300.0
2014-11-18	0.0045850000000000005	0.097763	0.10816400000000001	0.09010499999999999	0.401123	6258600.0
2014-11-17	-0.002494	0.09525299999999999	0.095481	0.090008	-0.21878000000000003	3596500.0
2014-11-14	0.007645	0.095814	0.116494	0.09455	0.665443	7793400.0
2014-11-13	0.001574	0.098919	0.107204	0.095237	0.136765	4099800.0
2014-11-12	0.001997	0.094541	0.09973	0.093388	0.173202	2725700.0
2014-11-11	0.00031600000000000004	0.098232	0.100538	0.094887	0.027358999999999998	3429000.0
2014-11-10	0.000105	0.102269	0.10376800000000001	0.095579	0.00911	5123900.0
2014-11-07	0.004647999999999999	0.09395	0.102061	0.090009	0.40108499999999997	4674600.0
2014-11-06	0.000212	0.098122	0.100324	0.094413	0.018257	3597300.0
2014-11-05	0.0017989999999999998	0.10311700000000001	0.10393	0.09603400000000001	0.15496	4123800.0
2014-11-04	0.009187	0.100713	0.10891500000000001	0.098838	0.783982	5802200.0
2014-11-03	-0.00128	0.097548	0.097548	0.088653	-0.109398	4064900.0
2014-10-31	0.0037479999999999996	0.10307100000000001	0.10436300000000001	0.090502	0.319069	6795900.0
2014-10-30	0.00701	0.09507	0.10477	0.094124	0.5925520000000001	3965500.0
2014-10-29	0.0014039999999999999	0.09755499999999999	0.103123	0.08985499999999999	0.118523	5295900.0
2014-10-28	0.006412	0.102566	0.103997	0.09314800000000001	0.537826	5083000.0
2014-10-27	0.0037090000000000005	0.09516799999999999	0.101989	0.094928	0.30995900000000004	4071100.0
2014-10-24	0.007141	0.093106	0.106243	0.091298	0.592545	5256600.0
2014-10-23	0.00088	0.10781900000000001	0.110955	0.096239	0.072922	5966700.0
2014-10-22	-0.000769	0.093226	0.10298900000000001	0.092021	-0.063805	6455600.0
2014-10-21	-0.006333	0.077321	0.095286	0.074326	-0.528732	11422200.0
2014-10-20	0.0060409999999999995	0.095999	0.10359000000000002	0.092986	0.501373	5403200.0
2014-10-17	0.012568000000000001	0.10306300000000002	0.111969	0.093668	1.0301129999999998	7074500.0
2014-10-16	-0.00586	0.084227	0.095144	0.083621	-0.48313100000000003	7526400.0
2014-10-15	-0.007245000000000001	0.089617	0.09551799999999999	0.078539	-0.601685	10468500.0
2014-10-14	0.004078	0.09792999999999999	0.10917400000000001	0.09575399999999999	0.337311	5539500.0
2014-10-13	-0.01701	0.094942	0.098389	0.077472	-1.4312280000000002	6173800.0
2014-10-10	-0.004529999999999999	0.097436	0.105599	0.091994	-0.382882	5844900.0
2014-10-09	-0.01183	0.096261	0.09895	0.083869	-1.0118790000000002	5068600.0
2014-10-08	0.01099	0.10015399999999999	0.110437	0.096963	0.929848	5586600.0
2014-10-07	-0.010976	0.093105	0.093456	0.08480599999999999	-0.9389569999999999	6093800.0
2014-10-06	-0.010753	0.091181	0.09199	0.08343300000000001	-0.9298549999999999	4278600.0
2014-10-03	0.007862000000000001	0.110599	0.110599	0.101508	0.6745909999999999	3948600.0
2014-10-02	-0.000743	0.095099	0.101738	0.09475	-0.063805	4116000.0
2014-10-01	-0.006539	0.09187200000000001	0.100087	0.08770700000000001	-0.5651930000000001	5334600.0
2014-09-30	-0.014653999999999999	0.097077	0.09855900000000001	0.07553	-1.2853780000000001	10036400.0
2014-09-29	0.016051	0.091866	0.12708	0.08862300000000001	1.385666	16489100.0
2014-09-26	0.0057350000000000005	0.09568099999999999	0.105351	0.095332	0.492256	3454400.0
2014-09-25	-0.008842000000000001	0.09627000000000001	0.10054199999999999	0.086109	-0.765754	4569100.0
2014-09-24	0.015934	0.099192	0.11819600000000001	0.098722	1.358291	7817900.0
2014-09-23	-0.004471	0.094277	0.09953200000000001	0.09124	-0.382866	4702700.0
2014-09-22	-0.004557	0.094173	0.098242	0.090685	-0.39199	4875700.0
2014-09-19	0.009414	0.102478	0.113978	0.10071799999999999	0.802215	9043100.0
2014-09-18	-0.000535	0.09579	0.101302	0.093796	-0.045585	5488900.0
2014-09-17	-0.0023469999999999997	0.09614400000000001	0.097899	0.090293	-0.200554	5738600.0
2014-09-16	0.002996	0.094615	0.104474	0.09438099999999999	0.255249	5826200.0
2014-09-15	0.001393	0.096023	0.10366199999999999	0.09590499999999999	0.11851500000000001	6255000.0
2014-09-12	0.0040880000000000005	0.096727	0.107347	0.095311	0.346412	7791300.0
2014-09-11	-0.00043	0.096255	0.100383	0.090121	-0.036476	5960100.0
2014-09-10	0.020968	0.093952	0.12068699999999999	0.09021900000000001	1.7411729999999999	12031400.0
2014-09-09	-0.015243000000000001	0.098149	0.099335	0.0787	-1.285354	9795200.0
2014-09-08	-0.006125	0.09378	0.094016	0.08670800000000001	-0.5196310000000001	5251900.0
2014-09-05	0.0006450000000000001	0.098024	0.09826	0.094486	0.054702999999999995	4004600.0
2014-09-04	-0.001396	0.09555	0.098023	0.092959	-0.1185	4849800.0
2014-09-03	0.003664	0.10251800000000001	0.105119	0.0998	0.30993699999999996	4855300.0
2014-09-02	-0.009816	0.09134500000000001	0.096729	0.08490700000000001	-0.838677	6727100.0
2014-08-29	-0.004462	0.097662	0.097662	0.08962200000000001	-0.38288099999999997	4635100.0
2014-08-28	0.0031969999999999998	0.09474199999999999	0.10771700000000001	0.093105	0.273491	5492400.0
2014-08-27	0.005738	0.10784200000000001	0.113133	0.100435	0.48805200000000004	9027300.0
2014-08-26	-0.0034939999999999997	0.10584600000000001	0.11053199999999999	0.101862	-0.298263	6392400.0
2014-08-25	-0.000106	0.11111700000000001	0.117209	0.10596300000000002	-0.009033	4614300.0
2014-08-22	-0.0008460000000000001	0.106431	0.110294	0.10338800000000001	-0.072304	3586900.0
2014-08-21	0.00361	0.107841	0.11312699999999999	0.107019	0.30728099999999997	5981600.0
2014-08-20	-0.0027530000000000002	0.106431	0.108892	0.10116	-0.234977	4150400.0
2014-08-19	0.0021219999999999998	0.11054000000000001	0.112301	0.106549	0.180763	3331700.0
2014-08-18	0.0049039999999999995	0.110678	0.117638	0.108083	0.41574099999999997	4398800.0
2014-08-15	0.0013880000000000001	0.111275	0.116	0.103478	0.11749200000000001	4281300.0
2014-08-14	-0.003193	0.102781	0.10560699999999999	0.098188	-0.27114099999999997	5644500.0
2014-08-13	0.004275999999999999	0.108678	0.11541900000000001	0.106313	0.36154200000000003	3595800.0
2014-08-12	0.000321	0.10524800000000001	0.107851	0.101936	0.027107	3235900.0
2014-08-11	-0.00021400000000000002	0.10855999999999999	0.11080799999999999	0.105367	-0.018066	4288400.0
2014-08-08	0.002572	0.10358599999999998	0.11271600000000001	0.10180700000000001	0.21690399999999999	6505900.0
2014-08-07	-0.0017120000000000002	0.110575	0.112705	0.103709	-0.144608	3261100.0
2014-08-06	0.00042800000000000005	0.105958	0.11258900000000001	0.105602	0.036148	3728000.0
2014-08-05	-0.009331	0.10279500000000001	0.106314	0.095169	-0.795349	5494800.0
2014-08-04	0.000106	0.106431	0.107018	0.09727899999999999	0.009033	7652700.0
2014-08-01	-0.0027489999999999997	0.10338900000000001	0.108421	0.102219	-0.234977	4576400.0
2014-07-31	-0.014487	0.098014	0.099628	0.090403	-1.2562950000000002	6826000.0
2014-07-30	0.0013570000000000001	0.110704	0.112436	0.103545	0.117493	6049800.0
2014-07-29	0.00041799999999999997	0.10770199999999999	0.113825	0.10562300000000001	0.036163	6712700.0
2014-07-28	0.000627	0.10388900000000001	0.109321	0.10261700000000001	0.054222	4863100.0
2014-07-25	0.0038799999999999998	0.106548	0.112233	0.106083	0.334412	4992500.0
2014-07-24	0.0	0.10794000000000001	0.10956500000000001	0.105503	0.0	7781700.0
2014-07-23	-0.009557	0.097697	0.10126	0.089767	-0.831512	9483200.0
2014-07-22	-0.013122	0.081932	0.098492	0.07864299999999999	-1.156884	12398100.0
2014-07-21	-0.014547	0.101178	0.102408	0.090336	-1.301475	6510600.0
2014-07-18	0.0063030000000000004	0.10946800000000001	0.11452999999999999	0.10373199999999999	0.5603640000000001	4044900.0
2014-07-17	-0.009066	0.102976	0.104425	0.096177	-0.813416	4099100.0
2014-07-16	-0.010269	0.099261	0.10091599999999999	0.08944400000000001	-0.930916	7128700.0
2014-07-15	-0.0016920000000000001	0.104779	0.10533	0.099714	-0.153671	3787000.0
2014-07-14	0.0009960000000000001	0.10995899999999999	0.1104	0.10565999999999999	0.090393	4159900.0
2014-07-11	-0.002088	0.10731099999999999	0.10896099999999999	0.100381	-0.189804	2812500.0
2014-07-10	-0.004848	0.097126	0.10621300000000002	0.09647	-0.442856	3274900.0
2014-07-09	0.009791	0.108753	0.119255	0.10831099999999999	0.885735	5604900.0
2014-07-08	-0.000799	0.102234	0.11085	0.10157100000000001	-0.07231900000000001	3115100.0
2014-07-07	-0.008020999999999999	0.10391099999999999	0.10391099999999999	0.093721	-0.732079	3951700.0
2014-07-03	0.004476	0.11512599999999999	0.11512599999999999	0.108743	0.406723	2295800.0
2014-07-02	-0.004653	0.106651	0.10730799999999999	0.099311	-0.424782	3216700.0
2014-07-01	0.002581	0.103027	0.11324100000000001	0.10094	0.23497800000000002	3787700.0
2014-06-30	-0.007095999999999999	0.104359	0.10665	0.095962	-0.650749	4265700.0
2014-06-27	-0.000492	0.103598	0.108175	0.10250799999999999	-0.045181	2785500.0
2014-06-26	-0.000984	0.106431	0.10948	0.100551	-0.090401	2783200.0
2014-06-25	0.0013800000000000002	0.102288	0.11112000000000001	0.101634	0.126556	3662000.0
2014-06-24	-0.004318	0.105671	0.10936300000000002	0.101003	-0.39769699999999997	4586400.0
2014-06-23	-9.8e-05	0.10339200000000001	0.10719100000000001	0.10198	-0.009033	2919000.0
2014-06-20	9.8e-05	0.10958	0.11066600000000001	0.103717	0.009033	5418100.0
2014-06-19	0.005526	0.103047	0.113855	0.103047	0.506141	3372200.0
2014-06-18	0.00079	0.11156600000000001	0.112113	0.102498	0.072297	5441200.0
2014-06-17	0.0016809999999999998	0.104352	0.11452999999999999	0.103367	0.15364	6479700.0
2014-06-16	0.006071	0.10566099999999999	0.113919	0.103679	0.551346	4038600.0
2014-06-13	0.007318000000000001	0.10255	0.11563699999999999	0.10255	0.659775	4014600.0
2014-06-12	-0.006572	0.106321	0.11293199999999999	0.096735	-0.5965199999999999	5609100.0
2014-06-11	-0.00456	0.104896	0.10730899999999999	0.100399	-0.41574799999999995	6606100.0
2014-06-10	-0.004932	0.10894200000000001	0.10894200000000001	0.09879199999999999	-0.451904	5961200.0
2014-06-09	-0.005688	0.10241600000000001	0.106866	0.097967	-0.524201	3802600.0
2014-06-06	-0.004783	0.106	0.108267	0.099196	-0.442863	2955500.0
2014-06-05	9.8e-05	0.105351	0.10815999999999999	0.098979	0.009033	2407800.0
2014-06-04	0.009759	0.10545	0.117556	0.104468	0.894775	3589200.0
2014-06-03	-0.005685	0.102202	0.10610599999999999	0.099708	-0.5242	3363500.0
2014-06-02	0.005915	0.105995	0.118103	0.10523199999999999	0.5422739999999999	3001400.0
2014-05-30	0.0008880000000000001	0.105449	0.107742	0.099553	0.081353	4232800.0
2014-05-29	0.008458	0.11501900000000001	0.117442	0.110615	0.768219	4123700.0
2014-05-28	-0.010356	0.10968399999999999	0.111863	0.099114	-0.9503870000000001	8930700.0
2014-05-27	0.0035299999999999997	0.11753699999999999	0.125191	0.11611500000000001	0.322777	5093200.0
2014-05-23	-0.004392	0.11611199999999999	0.11970499999999999	0.107947	-0.403442	4174300.0
2014-05-22	-0.001073	0.116328	0.11991700000000001	0.11176099999999999	-0.098648	3376000.0
2014-05-21	0.010145	0.117327	0.126885	0.11557	0.923485	2735600.0
2014-05-20	-0.005485	0.11491300000000002	0.119174	0.108248	-0.502083	3123700.0
2014-05-19	-0.01018	0.11178099999999999	0.111998	0.10021000000000001	-0.941406	3859800.0
2014-05-16	0.0062439999999999996	0.11589400000000001	0.12503399999999998	0.113718	0.573814	5081000.0
2014-05-15	-0.005144	0.11264300000000001	0.115025	0.105823	-0.47518900000000003	3810800.0
2014-05-14	-0.00483	0.117074	0.11804300000000001	0.10468399999999999	-0.44829600000000003	3826300.0
2014-05-13	0.006514	0.12033800000000001	0.123591	0.111446	0.600708	3955400.0
2014-05-12	-0.0006799999999999999	0.115566	0.119684	0.11383299999999999	-0.06275900000000001	3817400.0
2014-05-09	0.009612	0.114256	0.12629	0.113927	0.878639	3649400.0
2014-05-08	-9.8e-05	0.11578800000000002	0.117757	0.109552	-0.008942	3384500.0
2014-05-07	0.010005	0.118775	0.128166	0.11535	0.905533	4322600.0
2014-05-06	-0.0018789999999999998	0.11446700000000001	0.11711400000000001	0.1116	-0.17035699999999998	3075100.0
2014-05-05	-0.002859	0.1148	0.1148	0.10611300000000001	-0.260002	3483500.0
2014-05-02	0.004654999999999999	0.117007	0.129932	0.11568099999999999	0.421387	4934000.0
2014-05-01	-0.004143	0.107649	0.11160899999999999	0.103798	-0.376556	3531400.0
2014-04-30	-0.001182	0.115899	0.11820699999999999	0.110295	-0.10759	4519800.0
2014-04-29	0.011863	0.114238	0.131695	0.10979000000000001	1.066933	6626100.0
2014-04-28	-0.00417	0.118118	0.120333	0.10339100000000001	-0.376564	7444500.0
2014-04-25	0.008914	0.115462	0.12551600000000002	0.110323	0.797966	5047100.0
2014-04-24	0.007162000000000001	0.11973800000000001	0.12626400000000002	0.11535	0.6365729999999999	4764900.0
2014-04-23	-0.001913	0.11568699999999998	0.122874	0.11186900000000001	-0.170372	4179100.0
2014-04-22	-0.003511	0.11926700000000001	0.122064	0.10662100000000001	-0.313789	8934300.0
2014-04-21	-0.005786	0.11034300000000001	0.116907	0.104224	-0.5200199999999999	6357000.0
2014-04-17	-0.005752	0.11424400000000001	0.11723	0.10893399999999999	-0.520027	4545200.0
2014-04-16	0.0	0.11723	0.118558	0.11158900000000001	0.0	3532700.0
2014-04-15	0.0071920000000000005	0.121923	0.124597	0.11490399999999999	0.645546	5882400.0
2014-04-14	0.008259	0.119506	0.125123	0.11568699999999998	0.735192	6155900.0
2014-04-11	-0.001408	0.11220899999999999	0.11871500000000001	0.111199	-0.12551199999999998	6553600.0
2014-04-10	0.010981	0.117618	0.13236099999999998	0.113195	0.9683	8873000.0
2014-04-09	0.0027530000000000002	0.11535	0.120581	0.113303	0.24206599999999998	3669500.0
2014-04-08	0.01103	0.115005	0.129262	0.10971600000000001	0.95935	5579500.0
2014-04-07	-0.008787	0.112045	0.119566	0.100535	-0.771057	5994600.0
2014-04-04	0.00215	0.116606	0.12403	0.112266	0.188278	5409000.0
2014-04-03	0.000717	0.120379	0.12129300000000001	0.112607	0.062775	2575700.0
2014-04-02	-0.003167	0.118198	0.11910899999999999	0.10897000000000001	-0.277954	3701200.0
2014-04-01	-0.001326	0.116146	0.120925	0.110799	-0.116547	4494000.0
2014-03-31	0.008124	0.117644	0.12922899999999998	0.11603800000000002	0.708298	4853300.0
2014-03-28	0.011231	0.116626	0.130196	0.11592999999999999	0.9683	4344100.0
2014-03-27	0.003339	0.11453499999999998	0.121401	0.111626	0.286911	3756000.0
2014-03-26	-0.00073	0.11686099999999999	0.123025	0.11453599999999999	-0.062782	4127000.0
2014-03-25	-0.002807	0.11836500000000001	0.11894500000000001	0.11129100000000001	-0.24206599999999998	4929800.0
2014-03-24	0.007437	0.12259300000000001	0.130187	0.121425	0.636574	6393000.0
2014-03-21	-0.011698	0.12250799999999999	0.12458699999999999	0.10230299999999999	-1.0131299999999999	12625800.0
2014-03-20	0.005203	0.11349300000000001	0.12521500000000002	0.11198399999999999	0.448288	4242600.0
2014-03-19	-0.012434	0.11489100000000001	0.115121	0.097813	-1.084862	5556900.0
2014-03-18	-0.002971	0.11763499999999999	0.119807	0.111007	-0.26000999999999996	3269500.0
2014-03-17	0.000205	0.121751	0.12243599999999999	0.113978	0.017937	5554300.0
2014-03-14	0.002157	0.11489100000000001	0.121306	0.111226	0.188263	5510700.0
2014-03-13	-0.013575	0.117497	0.117497	0.09614099999999999	-1.201409	5480200.0
2014-03-12	-0.000709	0.111172	0.11862400000000001	0.10823599999999998	-0.06276699999999999	6701700.0
2014-03-11	0.037605	0.124019	0.158933	0.121325	3.209763	16354400.0
2014-03-10	-0.003141	0.11254700000000001	0.117452	0.10916	-0.268974	4388900.0
2014-03-07	-0.000837	0.117217	0.1178	0.108232	-0.071724	3724000.0
2014-03-06	0.005893	0.115819	0.12297899999999999	0.11218	0.502083	4362900.0
2014-03-05	0.000421	0.119577	0.122748	0.11488	0.035858	3913300.0
2014-03-04	0.006998000000000001	0.12634700000000001	0.126584	0.121735	0.591751	4655200.0
2014-03-03	-0.008723	0.104683	0.111247	0.101869	-0.744171	5149300.0
2014-02-28	0.000736	0.115702	0.119807	0.11276900000000001	0.062774	5104700.0
2014-02-27	0.0	0.117227	0.11922100000000001	0.110306	0.0	4179600.0
2014-02-26	-0.007555	0.12496800000000001	0.126249	0.114257	-0.648979	4265900.0
2014-02-25	0.001243	0.124385	0.127416	0.11774100000000001	0.10666700000000001	4233600.0
2014-02-24	0.000519	0.124618	0.13056600000000002	0.122402	0.044464	4472200.0
2014-02-21	0.007311	0.12825899999999998	0.139536	0.12825899999999998	0.622314	5284300.0
2014-02-20	0.002093	0.126147	0.131444	0.124145	0.177788	2975000.0
2014-02-19	-0.004895	0.12204000000000001	0.132349	0.11829100000000001	-0.41783100000000006	4505500.0
2014-02-18	0.002506	0.127788	0.134129	0.12203299999999999	0.213356	5454200.0
2014-02-14	0.0033520000000000004	0.122966	0.13086099999999998	0.120727	0.284492	3532900.0
2014-02-13	0.006007	0.12248099999999999	0.13303099999999998	0.120228	0.506722	3617900.0
2014-02-12	-0.00472	0.126032	0.128745	0.11836300000000001	-0.40004	4268900.0
2014-02-11	0.00506	0.127223	0.136473	0.12449600000000001	0.426727	5343500.0
2014-02-10	-0.011051	0.122858	0.12496900000000001	0.10843399999999999	-0.942367	6968200.0
2014-02-07	0.010322	0.126629	0.136818	0.12105999999999999	0.871238	6591200.0
2014-02-06	0.014533	0.12833699999999998	0.144204	0.126174	1.2090379999999998	5356900.0
2014-02-05	0.0052640000000000004	0.121348	0.133914	0.11433900000000001	0.43563100000000005	4958900.0
2014-02-04	0.000752	0.12291700000000001	0.13029300000000002	0.119652	0.062217999999999996	6300400.0
2014-02-03	-0.012212	0.129271	0.13166	0.109801	-1.022354	6904700.0
2014-01-31	0.003945000000000001	0.11585799999999999	0.133846	0.114658	0.328933	5972500.0
2014-01-30	0.006978	0.12775	0.135116	0.122195	0.577858	4987400.0
2014-01-29	-0.010937	0.122224	0.12628499999999998	0.109205	-0.9156799999999999	8013500.0
2014-01-28	0.001169	0.127961	0.131667	0.12521	0.097794	3682800.0
2014-01-27	-0.0038130000000000004	0.12318399999999999	0.127829	0.11877599999999999	-0.32006100000000004	6607600.0
2014-01-24	-0.009337	0.11788900000000001	0.132404	0.11387699999999999	-0.7912140000000001	6944800.0
2014-01-23	0.004638000000000001	0.120939	0.137537	0.12034600000000001	0.391175	7146000.0
2014-01-22	-0.002104	0.124733	0.127691	0.12023800000000001	-0.177804	4976400.0
2014-01-21	0.00158	0.129947	0.13705599999999998	0.125799	0.133339	6462700.0
2014-01-17	-0.011763	0.124383	0.125671	0.10974600000000001	-1.0045540000000002	5975300.0
2014-01-16	0.006285	0.124145	0.13475	0.12167	0.533401	5058000.0
2014-01-15	0.00252	0.12804100000000002	0.130167	0.124025	0.213356	3560600.0
2014-01-14	0.004113	0.12461400000000002	0.131613	0.12449600000000001	0.34671	3842200.0
2014-01-13	-0.010125	0.125204	0.125204	0.110644	-0.8623200000000001	5753200.0
2014-01-10	0.0035619999999999996	0.129212	0.13380699999999998	0.126973	0.302254	5512200.0
2014-01-09	0.000524	0.13463699999999998	0.135934	0.122965	0.044449	7709000.0
2014-01-08	-0.010064	0.115165	0.117032	0.10874600000000001	-0.8623350000000001	7669800.0
2014-01-07	0.005529	0.131071	0.139286	0.128137	0.47116800000000003	4881800.0
2014-01-06	-0.007147	0.12578399999999998	0.12578399999999998	0.11296700000000001	-0.613395	5022700.0
2014-01-03	0.001348	0.13056900000000002	0.13208499999999998	0.125902	0.115547	2965300.0
2014-01-02	-0.00639	0.12230099999999999	0.124852	0.115925	-0.551171	2925800.0
2013-12-31	0.000206	0.12415599999999999	0.12566300000000002	0.12044500000000001	0.017769	2560900.0
2013-12-30	0.001032	0.124503	0.127637	0.12345899999999999	0.088898	2293000.0
2013-12-27	0.000723	0.1252	0.129962	0.12438699999999998	0.062241	1987100.0
2013-12-26	0.0031079999999999997	0.127532	0.129163	0.1259	0.266716	1978300.0
2013-12-24	0.0024920000000000003	0.122983	0.130108	0.122983	0.21334	1155900.0
2013-12-23	-0.002176	0.127299	0.12997999999999998	0.11949000000000001	-0.186691	3296300.0
2013-12-20	0.0144	0.128635	0.141049	0.127216	1.217957	8039500.0
2013-12-19	-0.008235	0.12426500000000001	0.12919	0.113126	-0.702332	5476500.0
2013-12-18	0.016423	0.128189	0.14356300000000002	0.127116	1.377968	5526800.0
2013-12-17	-0.01121	0.124734	0.126384	0.110946	-0.951241	4460300.0
2013-12-16	0.010695	0.131164	0.140812	0.13033	0.8978889999999999	4868100.0
2013-12-13	0.0036130000000000003	0.125927	0.13106800000000002	0.12425399999999999	0.302269	3277500.0
2013-12-12	-0.012177	0.126505	0.12981099999999998	0.110446	-1.03125	5719900.0
2013-12-11	-0.0017809999999999998	0.12579500000000002	0.12827	0.12178699999999999	-0.151116	5194500.0
2013-12-10	-0.00303	0.124499	0.124616	0.11721300000000001	-0.257843	4190600.0
2013-12-09	-0.011156999999999999	0.117066	0.12136500000000001	0.10916400000000001	-0.9601129999999999	5056100.0
2013-12-06	0.014356	0.130863	0.142768	0.130392	1.217956	5811200.0
2013-12-05	-0.002926	0.12085599999999999	0.126144	0.11885799999999999	-0.24893200000000001	5076500.0
2013-12-04	-0.006952	0.116449	0.12193399999999999	0.112947	-0.595634	4951300.0
2013-12-03	-0.001347	0.127649	0.127649	0.119723	-0.115578	4851900.0
2013-12-02	-0.008832	0.123928	0.123928	0.11283699999999999	-0.764534	4810000.0
2013-11-29	0.0031940000000000002	0.127054	0.13111	0.125084	0.275597	2920300.0
2013-11-27	-0.003389	0.12750799999999998	0.12797	0.11977	-0.293389	3501500.0
2013-11-26	-0.007279000000000001	0.132831	0.136156	0.125378	-0.634796	5517400.0
2013-11-25	0.006615	0.139747	0.145749	0.138593	0.5730970000000001	20420800.0
2013-11-22	0.005834000000000001	0.13583199999999998	0.14361	0.130376	0.502541	16495500.0
2013-11-21	0.00164	0.13723	0.140602	0.13478800000000002	0.14106	12884800.0
2013-11-20	-0.004490999999999999	0.129461	0.135017	0.124946	-0.387932	3815100.0
2013-11-19	0.003379	0.132697	0.14164100000000002	0.130839	0.29094699999999996	3836600.0
2013-11-18	0.007532	0.133973	0.14438800000000002	0.133973	0.6436310000000001	4966700.0
2013-11-15	-0.00656	0.132928	0.135951	0.12072100000000001	-0.5642699999999999	7096800.0
2013-11-14	-0.005606	0.135016	0.141028	0.123456	-0.48490900000000003	6594200.0
2013-11-13	0.004608	0.132	0.139549	0.130142	0.39673600000000003	4164800.0
2013-11-12	0.005871	0.133974	0.142034	0.131403	0.502564	3845000.0
2013-11-11	0.000824	0.132102	0.139819	0.131752	0.070518	2573800.0
2013-11-08	-0.001954	0.133857	0.135374	0.12393900000000001	-0.167496	5052400.0
2013-11-07	-0.00715	0.134902	0.136408	0.12123199999999999	-0.617172	4921000.0
2013-11-06	0.00503	0.13711800000000002	0.143289	0.134906	0.432015	4365900.0
2013-11-05	0.0010279999999999998	0.135023	0.139335	0.130827	0.088157	4338200.0
2013-11-04	0.00072	0.134441	0.13724	0.129425	0.06172999999999999	5023900.0
2013-11-01	0.007459	0.134207	0.145723	0.134207	0.634796	5127300.0
2013-10-31	0.005103	0.136215	0.14212	0.135152	0.432014	4271300.0
2013-10-30	-0.00020800000000000001	0.135624	0.13893	0.130428	-0.017631	3404300.0
2013-10-29	0.00713	0.13718	0.14288900000000002	0.133375	0.59954	3975100.0
2013-10-28	0.006225	0.13313	0.145456	0.133011	0.520195	3836400.0
2013-10-25	0.001056	0.135405	0.137441	0.130374	0.088158	3055900.0
2013-10-24	0.004989	0.13661500000000001	0.141431	0.134568	0.41439799999999993	3640900.0
2013-10-23	-0.009567	0.13373	0.135161	0.120018	-0.80233	4581200.0
2013-10-22	0.005603	0.135286	0.144999	0.129651	0.467301	5144000.0
2013-10-21	-0.006408	0.116336	0.13003699999999999	0.110856	-0.537834	9137700.0
2013-10-18	-0.0028280000000000002	0.136939	0.136939	0.122921	-0.23806799999999997	7286100.0
2013-10-17	0.0026260000000000003	0.13385	0.13777999999999999	0.127418	0.220428	3860500.0
2013-10-16	0.015138999999999998	0.140253	0.151619	0.138318	1.251969	4708700.0
2013-10-15	-0.009713	0.12546600000000002	0.12797999999999998	0.119	-0.811127	5878900.0
2013-10-14	-0.00021099999999999998	0.13025599999999998	0.135883	0.127503	-0.017639	3429700.0
2013-10-11	0.003177	0.13721	0.138531	0.13288599999999998	0.264519	4132600.0
2013-10-10	0.012544	0.145759	0.14843499999999998	0.137126	1.03154	4531000.0
2013-10-09	-0.0071319999999999995	0.132758	0.134448	0.124548	-0.590729	5159400.0
2013-10-08	-0.004451	0.133125	0.136851	0.129158	-0.37030799999999997	3643900.0
2013-10-07	-0.00359	0.128937	0.135405	0.1275	-0.29975100000000005	3037100.0
2013-10-04	0.000317	0.13348800000000002	0.135765	0.130972	0.026458	3047700.0
2013-10-03	-0.006402	0.13266	0.133374	0.12623199999999998	-0.5378189999999999	4855700.0
2013-10-02	-0.008842000000000001	0.127718	0.13125699999999998	0.109194	-0.7494350000000001	7250300.0
2013-10-01	-0.0008320000000000001	0.133853	0.136329	0.12996300000000002	-0.070534	3240700.0
2013-09-30	-0.00937	0.126499	0.129185	0.110733	-0.802353	4404500.0
2013-09-27	-0.010897	0.130742	0.13189700000000001	0.12046099999999998	-0.943351	3533100.0
2013-09-26	0.0058390000000000004	0.137344	0.14234000000000002	0.136182	0.502548	3604900.0
2013-09-25	-0.0016359999999999999	0.134439	0.13664300000000001	0.129915	-0.141068	4053200.0
2013-09-24	0.00514	0.132575	0.149597	0.12930999999999998	0.440834	4810300.0
2013-09-23	0.003922	0.135027	0.14216700000000002	0.133271	0.335045	3301600.0
2013-09-20	-0.010417000000000001	0.131659	0.135713	0.122392	-0.899322	8077000.0
2013-09-19	-0.007903	0.131909	0.132024	0.114672	-0.687699	6430800.0
2013-09-18	0.007965999999999999	0.133628	0.146601	0.130964	0.687699	4279600.0
2013-09-17	0.002149	0.132698	0.141752	0.131653	0.185157	3256900.0
2013-09-16	0.003698	0.140382	0.143761	0.13479000000000002	0.317399	3490900.0
2013-09-13	0.001749	0.136074	0.139693	0.133623	0.149887	2668700.0
2013-09-12	-0.002873	0.13444	0.138746	0.129668	-0.24688000000000002	4277300.0
2013-09-11	0.005883	0.13151500000000002	0.14088	0.12812	0.502579	3928600.0
2013-09-10	0.004562	0.141851	0.14490799999999998	0.134795	0.387916	4984300.0
2013-09-09	0.001974	0.133736	0.140452	0.13361800000000001	0.167527	3525200.0
2013-09-06	0.006272	0.136697	0.14713099999999998	0.12934600000000002	0.528991	4485800.0
2013-09-05	0.005254	0.136233	0.149702	0.133253	0.440842	4275300.0
2013-09-04	0.006770999999999999	0.133967	0.144287	0.132047	0.564278	2898800.0
2013-09-03	0.001695	0.143102	0.145265	0.131322	0.141052	3672100.0
2013-08-30	-0.0052710000000000005	0.135881	0.137435	0.12559800000000002	-0.440827	3993000.0
2013-08-29	-0.004721	0.138253	0.14218	0.126948	-0.39674299999999996	4796600.0
2013-08-28	0.013075	0.145299	0.161334	0.145299	1.084526	5482500.0
2013-08-27	-0.0049310000000000005	0.137972	0.141931	0.127775	-0.41107200000000005	4513100.0
2013-08-26	0.0018920000000000002	0.146135	0.153106	0.14301	0.157425	3060000.0
2013-08-23	-0.003457	0.144688	0.146005	0.136783	-0.28862	12274200.0
2013-08-22	0.0036799999999999997	0.14649600000000002	0.150343	0.144572	0.30609899999999995	15364400.0
2013-08-21	-0.004084	0.142293	0.147201	0.138701	-0.341095	3430600.0
2013-08-20	0.00020899999999999998	0.143729	0.148399	0.141933	0.017478999999999998	2827800.0
2013-08-19	0.0047350000000000005	0.144453	0.15492	0.143611	0.393585	3126200.0
2013-08-16	-0.003774	0.141093	0.144689	0.138816	-0.314835	3324000.0
2013-08-15	-0.007492	0.136708	0.140991	0.132425	-0.629737	4207500.0
2013-08-14	-0.003525	0.140881	0.142422	0.133768	-0.29736399999999996	5448700.0
2013-08-13	-0.0060799999999999995	0.14313399999999998	0.144077	0.132412	-0.516021	5188300.0
2013-08-12	-0.005940999999999999	0.141848	0.145479	0.13610899999999998	-0.507264	3256800.0
2013-08-09	-0.0042840000000000005	0.141737	0.147568	0.13205799999999998	-0.36735500000000004	4041800.0
2013-08-08	-0.002949	0.146975	0.151045	0.133021	-0.25362399999999996	4862300.0
2013-08-07	-0.0036479999999999998	0.142328	0.146846	0.138504	-0.31485	3256400.0
2013-08-06	-0.006243	0.143601	0.14440699999999998	0.132548	-0.542244	3507200.0
2013-08-05	0.001109	0.14118	0.146136	0.139106	0.096192	3326400.0
2013-08-02	0.00202	0.141176	0.14568	0.137018	0.17491900000000002	3224300.0
2013-08-01	0.00938	0.14966500000000002	0.156893	0.14616800000000002	0.804634	3954600.0
2013-07-31	-0.002948	0.142789	0.145346	0.134769	-0.253639	5343000.0
2013-07-30	0.005109000000000001	0.14488900000000002	0.151197	0.14302	0.437301	4127400.0
2013-07-29	-0.001632	0.142554	0.14337	0.135906	-0.139923	3592500.0
2013-07-26	0.005539	0.14055499999999999	0.15029	0.136685	0.472275	4561600.0
2013-07-25	0.008587000000000001	0.143489	0.154371	0.14218699999999998	0.7259369999999999	4208100.0
2013-07-24	-0.001033	0.14868800000000001	0.15093299999999998	0.137935	-0.08745599999999999	5197900.0
2013-07-23	-0.008403	0.143019	0.145011	0.132825	-0.717186	6989300.0
2013-07-22	-0.026827999999999998	0.11463499999999999	0.11668699999999999	0.106767	-2.3526990000000003	13209600.0
2013-07-19	0.0008990000000000001	0.143599	0.145995	0.135952	0.078735	4508300.0
2013-07-18	0.000799	0.14771099999999998	0.151023	0.14211400000000002	0.069939	3401600.0
2013-07-17	-0.007731999999999999	0.133963	0.137363	0.12546300000000002	-0.682175	5377400.0
2013-07-16	0.0012900000000000001	0.136902	0.147569	0.12884400000000001	0.113693	4406200.0
2013-07-15	-0.008171	0.143595	0.145059	0.133465	-0.725929	4480700.0
2013-07-12	0.007838	0.141101	0.154941	0.14007999999999998	0.690941	4766800.0
2013-07-11	0.008102	0.152176	0.154578	0.140854	0.708443	4064100.0
2013-07-10	-0.0001	0.1452	0.147601	0.136624	-0.008744	3532400.0
2013-07-09	0.001101	0.147491	0.148979	0.13558599999999998	0.096192	4120100.0
2013-07-08	0.0002	0.148179	0.150698	0.139821	0.017494	4064300.0
2013-07-05	-0.004883	0.147244	0.148953	0.13083699999999998	-0.428543	3933900.0
2013-07-03	0.004203	0.143599	0.150578	0.140853	0.367317	1676300.0
2013-07-02	0.001102	0.14337	0.151159	0.138445	0.096214	3850500.0
2013-07-01	0.008283	0.147412	0.158384	0.146373	0.717179	4053500.0
2013-06-28	-0.006523	0.141764	0.148648	0.13510899999999998	-0.568497	5386400.0
2013-06-27	0.008195000000000001	0.150427	0.15470699999999998	0.146725	0.708435	4497100.0
2013-06-26	0.013536000000000001	0.153219	0.162364	0.14946700000000002	1.154495	3585500.0
2013-06-25	0.002364	0.15065699999999999	0.151597	0.14160699999999998	0.20114200000000002	3211300.0
2013-06-24	0.000617	0.135256	0.149015	0.129141	0.052475	4244500.0
2013-06-21	0.004546	0.150103	0.154711	0.144551	0.384826	7227000.0
2013-06-20	-0.020443	0.13827899999999999	0.14186600000000002	0.118029	-1.7667080000000002	5550100.0
2013-06-19	-0.009424	0.14291199999999998	0.147038	0.129386	-0.8221360000000001	3518200.0
2013-06-18	0.010229	0.146149	0.158424	0.145802	0.8833620000000001	3340100.0
2013-06-17	0.003251	0.153593	0.15812400000000001	0.141976	0.279877	4884800.0
2013-06-14	-0.004652	0.142792	0.149614	0.135854	-0.402314	3351100.0
2013-06-13	0.006514	0.141741	0.15303	0.13906400000000002	0.5597310000000001	2927800.0
2013-06-12	0.000102	0.149306	0.153497	0.141508	0.008758	4485200.0
2013-06-11	-0.013061000000000001	0.137511	0.14291099999999998	0.126598	-1.1369850000000001	4812800.0
2013-06-10	0.012719	0.161054	0.165475	0.153143	1.093269	5718400.0
2013-06-07	0.016549	0.14786400000000002	0.167141	0.147155	1.399361	5036800.0
2013-06-06	0.0026969999999999997	0.143015	0.148232	0.128429	0.22740100000000002	5817300.0
2013-06-05	-0.019823	0.14058099999999998	0.140929	0.117218	-1.705497	5394800.0
2013-06-04	0.004186	0.143954	0.151774	0.13963499999999998	0.358604	4902300.0
2013-06-03	0.014394	0.145738	0.160183	0.14337	1.215691	4224000.0
2013-05-31	-0.005151	0.14125	0.150908	0.137363	-0.43731000000000003	5443400.0
2013-05-30	-0.012311	0.144999	0.146977	0.12603599999999998	-1.05825	8028900.0
2013-05-29	-0.021632	0.145499	0.145499	0.11863699999999999	-1.90052	8770700.0
2013-05-28	0.009473	0.161175	0.171287	0.159107	0.824417	14083800.0
2013-05-24	-0.007325	0.148108	0.148108	0.137501	-0.642174	13161000.0
2013-05-23	-0.006978	0.145533	0.149723	0.13658499999999998	-0.6161270000000001	13743100.0
2013-05-22	-0.003915999999999999	0.15278	0.15526199999999998	0.144093	-0.34713	4648200.0
2013-05-21	0.005909	0.153576	0.16458499999999998	0.15096600000000002	0.520668	4078600.0
2013-05-20	0.0	0.148924	0.156868	0.148924	0.0	2233100.0
2013-05-17	0.004154	0.1521	0.161217	0.14868199999999998	0.364487	4015300.0
2013-05-16	-0.008140999999999999	0.148146	0.15040699999999999	0.139782	-0.7202609999999999	4251800.0
2013-05-15	0.007411	0.15346700000000002	0.161779	0.15346700000000002	0.650841	3402600.0
2013-05-14	0.008169	0.153476	0.165071	0.15301700000000001	0.711601	3810800.0
2013-05-13	0.001797	0.150258	0.158079	0.147728	0.15622	3154100.0
2013-05-10	0.005116	0.155334	0.158223	0.148976	0.44256599999999996	5036900.0
2013-05-09	-0.012481	0.15038800000000002	0.155525	0.13532	-1.09343	10628500.0
2013-05-08	-0.0131	0.15221600000000002	0.15221600000000002	0.13509200000000002	-1.162872	5228800.0
2013-05-07	0.0021550000000000002	0.152554	0.157408	0.149167	0.190918	4304200.0
2013-05-06	-0.008259	0.15053699999999998	0.15098499999999998	0.142587	-0.737633	3314200.0
2013-05-03	0.008427	0.16203800000000002	0.16677999999999998	0.157861	0.746323	4109400.0
2013-05-02	0.006706999999999999	0.15323699999999998	0.16324	0.149373	0.59008	3821100.0
2013-05-01	-0.00744	0.150523	0.15571300000000002	0.14319	-0.659508	2720100.0
2013-04-30	-0.000391	0.153343	0.154358	0.145336	-0.034706	4205200.0
2013-04-29	0.012786	0.15998099999999998	0.170945	0.155298	1.119461	3417700.0
2013-04-26	-0.000495	0.151072	0.152899	0.14616300000000002	-0.043404000000000005	3113600.0
2013-04-25	-0.000792	0.15517999999999998	0.15928599999999998	0.15038900000000002	-0.069427	3529400.0
2013-04-24	0.012631	0.15614	0.169424	0.15614	1.093468	4593000.0
2013-04-23	0.00443	0.151748	0.163002	0.151052	0.38182	5753500.0
2013-04-22	-0.006005	0.145755	0.14933	0.134568	-0.520683	5620500.0
2013-04-19	-0.019527000000000003	0.13728900000000002	0.147014	0.12451199999999998	-1.7269439999999998	8227700.0
2013-04-18	-0.006144	0.14715899999999998	0.148845	0.12490799999999999	-0.5466989999999999	5696900.0
2013-04-17	-0.0048530000000000005	0.14695999999999998	0.153111	0.14069700000000002	-0.43393000000000004	4191500.0
2013-04-16	0.008713	0.155148	0.162481	0.150862	0.772354	3199300.0
2013-04-15	-0.013900999999999998	0.147323	0.15066	0.13608699999999999	-1.249633	5643600.0
2013-04-12	0.015688	0.146792	0.171648	0.146792	1.3884729999999998	5714000.0
2013-04-11	0.004927	0.150625	0.163455	0.150625	0.433914	4049400.0
2013-04-10	0.004255	0.15301199999999998	0.160082	0.151758	0.373146	3159400.0
2013-04-09	-0.004335	0.152328	0.152328	0.14177	-0.38182	3690400.0
2013-04-08	0.000789	0.148465	0.15323699999999998	0.145852	0.069427	4163600.0
2013-04-05	0.007851	0.147061	0.161947	0.142938	0.68557	5693000.0
2013-04-04	0.013904	0.155695	0.17044	0.155579	1.197563	5860600.0
2013-04-03	-0.010074	0.151754	0.155087	0.138536	-0.8764799999999999	4454400.0
2013-04-02	0.012216	0.1564	0.168267	0.152096	1.0500639999999999	5136800.0
2013-04-01	-0.00642	0.149092	0.15221300000000001	0.142619	-0.555412	3155800.0
2013-03-28	0.007988	0.152095	0.162581	0.149648	0.685562	3954700.0
2013-03-27	0.004061	0.148702	0.16157	0.148585	0.347122	4401700.0
2013-03-26	0.002647	0.153618	0.157372	0.152563	0.22563200000000003	4434000.0
2013-03-25	-0.010376	0.154534	0.156159	0.138979	-0.8938370000000001	4932500.0
2013-03-22	0.007511	0.15221099999999999	0.165076	0.15221099999999999	0.642196	4160000.0
2013-03-21	-0.00243	0.149178	0.153612	0.14824500000000002	-0.20828200000000002	3523400.0
2013-03-20	0.0037600000000000003	0.154553	0.158184	0.154553	0.321075	3534900.0
2013-03-19	-0.001725	0.154783	0.15723800000000002	0.148003	-0.147514	4648500.0
2013-03-18	-0.011037	0.144004	0.148513	0.135448	-0.9546049999999999	3934500.0
2013-03-15	0.003625	0.148383	0.156854	0.146643	0.312424	6388000.0
2013-03-14	-0.000704	0.152096	0.152328	0.146763	-0.060752999999999995	3649900.0
2013-03-13	0.006278	0.152095	0.16061199999999998	0.14976099999999998	0.53804	3896600.0
2013-03-12	-0.001315	0.151979	0.152095	0.148133	-0.11281600000000001	3856000.0
2013-03-11	0.0018239999999999999	0.14941	0.15442999999999998	0.147309	0.15622	4853400.0
2013-03-08	0.016686000000000003	0.164672	0.174404	0.163485	1.405853	8838100.0
2013-03-07	0.002892	0.150305	0.156494	0.150305	0.242973	4566400.0
2013-03-06	0.010437	0.15401199999999998	0.164475	0.153771	0.86779	5052000.0
2013-03-05	0.007784	0.158025	0.16481300000000002	0.15548	0.642197	5643000.0
2013-03-04	-0.006375	0.151365	0.15220799999999998	0.142573	-0.529365	4636900.0
2013-03-01	-0.002294	0.14968499999999998	0.151367	0.141033	-0.190934	3823200.0
2013-02-28	0.0017760000000000002	0.152087	0.158227	0.14968	0.147545	3967600.0
2013-02-27	0.002934	0.15124200000000002	0.158365	0.148224	0.24298899999999998	4326800.0
2013-02-26	0.0008320000000000001	0.164162	0.16682	0.16053699999999999	0.068878	6451100.0
2013-02-25	0.009344	0.16321	0.180283	0.161746	0.766167	9028000.0
2013-02-22	0.011791	0.16322799999999998	0.175321	0.158046	0.955558	4421300.0
2013-02-21	0.002449	0.15581099999999998	0.168304	0.154079	0.197998	4424600.0
2013-02-20	0.0006389999999999999	0.162614	0.169422	0.160386	0.051644	4023800.0
2013-02-19	-0.000532	0.16459300000000002	0.168923	0.16001600000000002	-0.043038	4401900.0
2013-02-15	0.0036340000000000005	0.16472799999999999	0.17093599999999998	0.157279	0.292694	5094100.0
2013-02-14	-0.004681	0.159894	0.16026500000000002	0.151615	-0.378761	5360900.0
2013-02-13	-0.011567000000000001	0.156005	0.157349	0.141836	-0.946968	6663100.0
2013-02-12	-0.000736	0.160159	0.163699	0.15723	-0.06027999999999999	4526900.0
2013-02-11	0.0031620000000000003	0.160155	0.167011	0.15831800000000001	0.258255	3557600.0
2013-02-08	0.002537	0.15867799999999999	0.172058	0.15830999999999998	0.20663499999999999	5331600.0
2013-02-07	-0.004628	0.161135	0.161502	0.14940599999999998	-0.378792	5619600.0
2013-02-06	0.001686	0.15648399999999998	0.166765	0.155505	0.137749	4482700.0
2013-02-05	0.0032770000000000004	0.161501	0.17316700000000002	0.160519	0.266868	4952800.0
2013-02-04	-0.01407	0.15496600000000002	0.159687	0.14407	-1.1621700000000001	5933300.0
2013-02-01	0.006926000000000001	0.165159	0.17418	0.164184	0.568168	5481100.0
2013-01-31	0.006548999999999999	0.16076500000000002	0.169232	0.159047	0.533738	5740500.0
2013-01-30	-0.002634	0.161135	0.163827	0.155628	-0.215218	4657600.0
2013-01-29	0.005935	0.159039	0.16938	0.157808	0.482079	4929700.0
2013-01-28	0.006829000000000001	0.164351	0.172283	0.160633	0.550949	4564600.0
2013-01-25	0.0043939999999999995	0.161624	0.169467	0.16125	0.352943	5461600.0
2013-01-24	-0.001818	0.162867	0.163115	0.155908	-0.146332	5157200.0
2013-01-23	0.0057020000000000005	0.167873	0.171622	0.152876	0.45626099999999997	9368000.0
2013-01-22	0.007479	0.16023900000000002	0.175096	0.15595799999999999	0.5939939999999999	6967300.0
2013-01-18	0.005449	0.165548	0.16846	0.16276300000000002	0.43041999999999997	5579900.0
2013-01-17	0.007245000000000001	0.16608699999999998	0.174375	0.164302	0.568176	4044600.0
2013-01-16	-0.004481000000000001	0.1568	0.159212	0.154007	-0.35297399999999995	2925800.0
2013-01-15	-0.000218	0.15629400000000002	0.162893	0.153121	-0.017196	3910400.0
2013-01-14	-0.0021809999999999998	0.162004	0.16656300000000002	0.157825	-0.172188	3828100.0
2013-01-11	0.003611	0.168487	0.168996	0.157176	0.284103	3692600.0
2013-01-10	0.006497	0.168532	0.172241	0.164438	0.507912	4393300.0
2013-01-09	-0.00143	0.15983599999999998	0.165456	0.15421500000000002	-0.111916	4822100.0
2013-01-08	0.00033	0.156896	0.16226300000000002	0.14961300000000002	0.025802999999999996	6285200.0
2013-01-07	0.011798000000000001	0.16059	0.17713800000000002	0.153867	0.912544	5820900.0
2013-01-04	-0.008607	0.161496	0.163675	0.149319	-0.671493	5374100.0
2013-01-03	0.005659	0.164073	0.1691	0.16214	0.43905600000000006	5473500.0
2013-01-02	0.021653	0.177295	0.189805	0.176373	1.644249	7377200.0
2012-12-31	0.007193000000000001	0.159502	0.170511	0.151411	0.5423359999999999	6236600.0
2012-12-28	-0.012849000000000001	0.155339	0.15926700000000002	0.145258	-0.981377	3725600.0
2012-12-27	-0.000225	0.163719	0.166729	0.148796	-0.017212	4576600.0
2012-12-26	-0.0061600000000000005	0.159413	0.162665	0.14991600000000002	-0.47348	3054000.0
2012-12-24	-0.009869	0.154024	0.15531199999999998	0.14771199999999998	-0.766167	2375000.0
2012-12-21	0.0015550000000000002	0.156593	0.16355899999999998	0.149626	0.120522	10730000.0
2012-12-20	0.0036780000000000003	0.164991	0.166933	0.15825699999999998	0.28408	4298900.0
2012-12-19	-0.008948000000000001	0.164319	0.16585899999999998	0.15110099999999999	-0.697288	5152900.0
2012-12-18	0.006784	0.162658	0.173123	0.161753	0.525116	5340500.0
2012-12-17	0.011589	0.165022	0.175347	0.163323	0.8866799999999999	5956500.0
2012-12-14	-0.003252	0.157325	0.16449	0.152896	-0.24964099999999997	4364600.0
2012-12-13	-0.001567	0.161104	0.16708699999999999	0.156682	-0.12050599999999999	4639700.0
2012-12-12	-0.0034590000000000003	0.164865	0.16642	0.15617999999999999	-0.266877	4219500.0
2012-12-11	0.002349	0.166171	0.166821	0.156297	0.180779	7333000.0
2012-12-10	0.010511	0.18118599999999999	0.18381199999999998	0.16858299999999998	0.800613	9276400.0
2012-12-07	0.004427	0.174811	0.17547000000000001	0.163075	0.33573200000000003	8086500.0
2012-12-06	0.012878	0.163494	0.180591	0.16336099999999998	0.9641719999999999	6580200.0
2012-12-05	-0.0026379999999999997	0.164688	0.171882	0.155363	-0.19801300000000002	5349700.0
2012-12-04	0.0016079999999999998	0.15602	0.165894	0.151083	0.120529	6109700.0
2012-12-03	0.00022999999999999998	0.166696	0.166829	0.157888	0.017235	6638100.0
2012-11-30	0.006359	0.156118	0.17263699999999998	0.154372	0.47345699999999996	7369800.0
2012-11-29	0.00863	0.170972	0.178287	0.166366	0.637055	4873900.0
2012-11-28	0.006983	0.17191900000000002	0.18215	0.168918	0.5119090000000001	7155400.0
2012-11-27	-0.003711	0.17205499999999999	0.175045	0.166347	-0.27303299999999997	4633200.0
2012-11-26	-0.009304999999999999	0.165054	0.166939	0.155225	-0.6910930000000001	5619200.0
2012-11-23	0.012092	0.182412	0.1865	0.17955	0.887336	2474400.0
2012-11-21	0.003851	0.177253	0.179989	0.16672	0.281548	3900700.0
2012-11-20	0.007526000000000001	0.173847	0.187629	0.17288199999999998	0.5460659999999999	5822800.0
2012-11-19	0.010937	0.17790699999999998	0.185013	0.175538	0.784935	5559800.0
2012-11-16	0.000833	0.173728	0.176796	0.161736	0.059715	6909300.0
2012-11-15	-0.006736	0.16886900000000002	0.173717	0.158066	-0.486313	7639100.0
2012-11-14	-0.000236	0.174963	0.18548699999999999	0.165685	-0.017051	8157000.0
2012-11-13	-0.0028280000000000002	0.170398	0.177579	0.16708399999999998	-0.204773	4842300.0
2012-11-12	0.001652	0.174959	0.1798	0.17011800000000002	0.11941500000000001	4101900.0
2012-11-09	-0.004581	0.162968	0.17164200000000002	0.157186	-0.332733	11030400.0
2012-11-08	-0.019916999999999997	0.165713	0.17394400000000002	0.14641700000000002	-1.476059	11398400.0
2012-11-07	-0.012618	0.169923	0.172188	0.155134	-0.9470290000000001	5971900.0
2012-11-06	0.005831	0.175807	0.181034	0.174333	0.43512	5581600.0
2012-11-05	0.006906999999999999	0.173539	0.182445	0.169896	0.5119090000000001	5039100.0
2012-11-02	0.000691	0.179481	0.186908	0.171515	0.051200999999999997	7908400.0
2012-11-01	0.0	0.174755	0.17610599999999998	0.166654	0.0	7374900.0
2012-10-31	0.001038	0.18246300000000001	0.183274	0.167459	0.076797	6899300.0
2012-10-26	-0.007098999999999999	0.1738	0.17514200000000002	0.162526	-0.528984	7684500.0
2012-10-25	0.000573	0.178769	0.178903	0.167892	0.042649	4978800.0
2012-10-24	-0.007731	0.178584	0.178584	0.160462	-0.580162	6498000.0
2012-10-23	-0.00554	0.166357	0.171128	0.157082	-0.41806099999999996	7763800.0
2012-10-22	-0.003043	0.173905	0.176811	0.16056199999999998	-0.23036900000000002	8142400.0
2012-10-19	-0.044583	0.13684100000000002	0.13911300000000001	0.117656	-3.5322419999999997	19495400.0
2012-10-18	-0.008753	0.17193	0.172931	0.158668	-0.699639	6817600.0
2012-10-17	-0.004358	0.17043599999999998	0.172927	0.161591	-0.349815	5623700.0
2012-10-16	0.0063100000000000005	0.177947	0.179451	0.17381	0.50338	4678900.0
2012-10-15	0.010702	0.175476	0.187639	0.17382899999999998	0.8446809999999999	5630700.0
2012-10-12	0.0016239999999999998	0.17472000000000001	0.17637	0.171928	0.127968	3411100.0
2012-10-11	-0.000433	0.175353	0.17966600000000002	0.171547	-0.034142	4274400.0
2012-10-10	0.003149	0.182616	0.188088	0.175236	0.247452	6712100.0
2012-10-09	0.006227	0.171031	0.185627	0.170519	0.48632	7048900.0
2012-10-08	0.005934	0.17166900000000002	0.180427	0.16960799999999998	0.460747	3894900.0
2012-10-05	-0.00033	0.177978	0.178879	0.16780599999999998	-0.025619	4166200.0
2012-10-04	0.007526000000000001	0.17919000000000002	0.182952	0.17516800000000002	0.580192	4478300.0
2012-10-03	-0.006379	0.174246	0.17618	0.163548	-0.49486499999999994	6337400.0
2012-10-02	-0.011523	0.174348	0.17511300000000002	0.155874	-0.9044120000000001	5979500.0
2012-10-01	0.002616	0.176654	0.181636	0.173844	0.204789	4939800.0
2012-09-28	-0.016297	0.156222	0.156222	0.13599	-1.2968600000000001	9523600.0
2012-09-27	0.0007509999999999999	0.174319	0.177463	0.171049	0.059715	3840400.0
2012-09-26	0.003662	0.172434	0.17824	0.172308	0.290108	4392000.0
2012-09-25	-0.00907	0.174557	0.175683	0.160924	-0.725212	4714600.0
2012-09-24	0.0	0.167303	0.174682	0.165177	0.0	3722000.0
2012-09-21	0.006011	0.178095	0.181618	0.175075	0.47776	7247700.0
2012-09-20	0.003447	0.171424	0.176727	0.171045	0.27303299999999997	3981400.0
2012-09-19	-0.002686	0.17407	0.176714	0.168025	-0.21331799999999998	3979900.0
2012-09-18	0.010202	0.170783	0.18426700000000001	0.170274	0.802033	5272900.0
2012-09-17	0.004797999999999999	0.17269400000000001	0.181386	0.172311	0.375404	5294600.0
2012-09-14	0.0014199999999999998	0.175895	0.179095	0.170775	0.110924	6395000.0
2012-09-13	0.008258	0.168442	0.185864	0.168442	0.639885	5666500.0
2012-09-12	-0.0041670000000000006	0.175525	0.17783800000000002	0.164473	-0.324211	5363400.0
2012-09-11	-0.0010949999999999998	0.179373	0.182325	0.17038599999999998	-0.085312	5595500.0
2012-09-10	0.003076	0.171154	0.17823599999999998	0.17051	0.23889899999999997	5008200.0
2012-09-07	0.00386	0.17735499999999998	0.17735499999999998	0.168824	0.29863	4889600.0
2012-09-06	0.018077	0.17903	0.194822	0.178635	1.3736270000000002	5925100.0
2012-09-05	0.00011200000000000001	0.175346	0.177451	0.169423	0.008544	3597800.0
