2017-09-01	-0.007070	0.000992	0.001612	-0.009179	-0.570000	3133400.000000
2016-09-01	-0.000575	0.022377	0.023786	0.013338	-0.048942	3116800.0
2016-08-31	0.002073	0.022026	0.028143	0.012145	0.17619300000000002	5500700.0
2016-08-30	-0.006975	0.021672999999999998	0.023659	0.012912	-0.597069	3088500.0
2016-08-29	0.009931	0.023679	0.034179	0.020493	0.841759	3740200.0
2016-08-26	0.014169999999999999	0.024425	0.039142	0.024186000000000003	1.184334	6181600.0
2016-08-25	-0.014541	0.013890999999999999	0.017782	-0.006271	-1.233284	7285300.0
2016-08-24	-0.013097999999999999	0.019462	0.022604	0.007244	-1.1256030000000001	5287200.0
2016-08-23	0.005497	0.027055000000000003	0.037235000000000004	0.025183	0.469833	3389800.0
2016-08-22	0.0032170000000000002	0.023199	0.029772000000000003	0.021204	0.274048	4130300.0
2016-08-19	-0.000459	0.018036	0.024489	0.014163999999999998	-0.039146	5405000.0
2016-08-18	-0.0005740000000000001	0.020149	0.022846	0.012879	-0.048935	4132000.0
2016-08-17	-0.001604	0.021672999999999998	0.026941000000000003	0.011137000000000001	-0.137032	4448200.0
2016-08-16	-0.00728	0.016791999999999998	0.020743	0.014119	-0.626426	2593400.0
2016-08-15	0.004227000000000001	0.020388999999999997	0.029026	0.017472	0.362152	3164900.0
2016-08-12	-0.002961	0.020626	0.022953	0.016204	-0.254494	2418800.0
2016-08-11	0.005843	0.022024000000000002	0.029281	0.019566	0.499191	2919600.0
2016-08-10	-0.005129	0.021207	0.021207	0.01294	-0.44045200000000007	2869700.0
2016-08-09	0.00897	0.023905000000000003	0.034714	0.021791	0.763443	3226100.0
2016-08-08	-0.001493	0.024019	0.02531	0.01569	-0.127228	2871400.0
2016-08-05	0.003803	0.022497	0.026148	0.021438	0.32299	3030600.0
2016-08-04	0.001038	0.020494	0.024974	0.015661	0.08809700000000001	3560900.0
2016-08-03	-0.011068000000000001	0.020857	0.02144	0.007917	-0.949425	3966400.0
2016-08-02	-0.00477	0.020861	0.023297	0.010535	-0.411095	3197200.0
2016-08-01	0.004907	0.019108	0.029018000000000002	0.01596	0.42088400000000004	4328600.0
2016-07-29	0.002402	0.01805	0.030555000000000002	0.0177	0.20554299999999998	3416600.0
2016-07-28	-0.000686	0.020972	0.029848000000000003	0.0156	-0.058723000000000004	2941200.0
2016-07-27	-0.008725	0.0204	0.022252	0.006044	-0.75367	4742700.0
2016-07-26	0.015300999999999999	0.017559	0.038482	0.017324000000000003	1.301788	4561900.0
2016-07-25	-0.0020670000000000003	0.022846	0.023666999999999997	0.013345	-0.17618499999999998	3299200.0
2016-07-22	-0.009552	0.020395	0.020395	0.002039	-0.822182	8867100.0
2016-07-21	-0.009127	0.017874	0.020637	0.011197	-0.792816	3871600.0
2016-07-20	0.004186	0.015662	0.028956	0.015662	0.362152	2988800.0
2016-07-19	0.002154	0.020283000000000002	0.026191000000000002	0.019588	0.18595899999999999	2989800.0
2016-07-18	-0.001924	0.022482	0.025488999999999998	0.017626	-0.166382	3276800.0
2016-07-15	-0.005291	0.026504000000000003	0.026733999999999997	0.013047	-0.46003	4743400.0
2016-07-14	0.000901	0.026737999999999998	0.027313999999999998	0.020637	0.078301	3675200.0
2016-07-13	-0.001912	0.021672999999999998	0.025235	0.016388	-0.16639	5534300.0
2016-07-12	0.004632	0.024212	0.030215	0.021558	0.401291	4276700.0
2016-07-11	0.001698	0.021672999999999998	0.028033	0.020054	0.146828	3680800.0
2016-07-08	0.009944	0.026111000000000002	0.034168000000000004	0.022022999999999997	0.85154	4398400.0
2016-07-07	0.000458	0.018402	0.029267	0.017935	0.039161	4697500.0
2016-07-06	0.009581999999999999	0.019903999999999998	0.032642000000000004	0.018606	0.8123859999999999	5075900.0
2016-07-05	0.00022999999999999998	0.024267	0.038071	0.023913999999999998	0.019485	5601100.0
2016-07-01	0.002996	0.027927999999999998	0.033963	0.02426	0.25322	4243500.0
2016-06-30	0.015447999999999998	0.03035	0.044288	0.029869	1.285614	6355600.0
2016-06-29	0.015569	0.029185000000000003	0.046147	0.029185000000000003	1.275879	5121200.0
2016-06-28	0.021363999999999998	0.032353	0.05055	0.031481	1.7141490000000001	6024200.0
2016-06-27	-0.010569	0.002204	0.019222	-0.007044	-0.8570780000000001	6733300.0
2016-06-24	-0.029264	0.002803	0.015253000000000001	-0.005816	-2.444611	7485200.0
2016-06-23	0.017921	0.036981	0.045145	0.031497000000000004	1.470665	5672500.0
2016-06-22	-0.003901	0.026258999999999998	0.033421	0.022375	-0.321403	5578000.0
2016-06-21	0.0014210000000000002	0.031242000000000002	0.032944	0.020181	0.11686700000000001	4925000.0
2016-06-20	0.003922	0.037239	0.041388	0.029307	0.321411	4919800.0
2016-06-17	-0.00532	0.026624000000000002	0.026866	0.013028999999999999	-0.438278	5518200.0
2016-06-16	0.004274	0.026744999999999998	0.033083999999999995	0.018943	0.350624	4013800.0
2016-06-15	-0.014738	0.031309	0.031909	0.010651	-1.2271729999999998	6250000.0
2016-06-14	-0.00245	0.02375	0.026146	0.019437	-0.204537	3786400.0
2016-06-13	0.0	0.02339	0.034053	0.02339	0.0	5395500.0
2016-06-10	-0.000933	0.023393	0.027703	0.021238999999999997	-0.07791100000000001	4211100.0
2016-06-09	0.011676	0.023233	0.039823000000000004	0.022869999999999998	0.964211	7088800.0
2016-06-08	0.012781	0.026744999999999998	0.040726	0.025028	1.0421209999999999	6077100.0
2016-06-07	0.004801	0.026868	0.036726	0.025758999999999997	0.389588	5738000.0
2016-06-06	0.004582	0.023774	0.032811	0.02365	0.370102	5424400.0
2016-06-03	-0.000603	0.026744999999999998	0.029467	0.018827	-0.048706	5300100.0
2016-06-02	0.030676	0.026617000000000002	0.062065999999999996	0.024705	2.40567	8854500.0
2016-06-01	0.0004969999999999999	0.022025	0.030826999999999997	0.019218	0.038956	5327100.0
2016-05-31	-0.014812	0.022974	0.023477	0.002613	-1.17849	9514700.0
2016-05-27	0.006282	0.024468	0.033195	0.024089	0.49671899999999997	5260700.0
2016-05-26	0.001233	0.025858	0.030797	0.024465999999999998	0.097397	4011500.0
2016-05-25	0.00173	0.028520999999999998	0.033341	0.026744999999999998	0.136345	4487200.0
2016-05-24	0.00797	0.033649	0.044134	0.028918	0.623329	4869100.0
2016-05-23	-0.002732	0.027382999999999998	0.028658	0.023175	-0.214256	3279900.0
2016-05-20	0.0065	0.032392000000000004	0.038551999999999996	0.029055	0.506454	5196000.0
2016-05-19	-0.007444	0.024579	0.027637000000000002	0.014516	-0.5843729999999999	5106400.0
2016-05-18	-0.0025989999999999997	0.024585	0.031827	0.01747	-0.204529	5374900.0
2016-05-17	-0.013188	0.021855	0.025867	0.009066	-1.051865	4481900.0
2016-05-16	0.01462	0.026108999999999997	0.043155	0.025981999999999998	1.149254	4268800.0
2016-05-13	-0.007745	0.022453	0.028765	0.016773	-0.613586	4302900.0
2016-05-12	0.002836	0.027504	0.033833999999999996	0.023074	0.22400599999999998	4720100.0
2016-05-11	-0.001477	0.026998	0.030916000000000003	0.023332	-0.11686700000000001	3865700.0
2016-05-10	0.011204	0.032497000000000005	0.038248000000000004	0.027767	0.876549	3766800.0
2016-05-09	0.007398999999999999	0.027904	0.039235	0.027904	0.574646	4005200.0
2016-05-06	0.003019	0.025195	0.031524	0.01835	0.233742	4054900.0
2016-05-05	0.008627	0.030913	0.040944	0.030392000000000002	0.662285	5922900.0
2016-05-04	-0.0078049999999999994	0.019895	0.026486000000000003	0.016276	-0.603852	5153900.0
2016-05-03	0.001134	0.024416	0.032568	0.022346	0.087655	3699000.0
2016-05-02	0.002527	0.023632	0.037901	0.022075	0.194786	5582100.0
2016-04-29	-0.007897	0.021983000000000003	0.025458	0.013747	-0.613579	7610100.0
2016-04-28	0.0041530000000000004	0.020541999999999998	0.043416	0.019119999999999998	0.321396	7246100.0
2016-04-27	0.009273	0.030006	0.039397	0.025962	0.710991	7863900.0
2016-04-26	-0.008439	0.028814	0.032694	0.01601	-0.652558	4979400.0
2016-04-25	0.005064	0.024015	0.036624000000000004	0.022715	0.389588	4650300.0
2016-04-22	0.005986	0.028444999999999998	0.037075	0.023344999999999998	0.45775600000000005	3652100.0
2016-04-21	-0.002034	0.02544	0.030920999999999997	0.018524000000000002	-0.155831	4213400.0
2016-04-20	0.007297	0.028322000000000003	0.039889999999999995	0.024641999999999997	0.555153	4443400.0
2016-04-19	0.006183	0.029787	0.033093	0.027009	0.467499	3653900.0
2016-04-18	0.006874	0.026345	0.0358	0.023149	0.5161899999999999	3517200.0
2016-04-15	-0.00349	0.02555	0.030461000000000002	0.015199	-0.26297	4233500.0
2016-04-14	0.000388	0.028869	0.032719	0.022497	0.029235	3620600.0
2016-04-13	0.009396999999999999	0.031837	0.037331	0.029559	0.701226	3723400.0
2016-04-12	0.012688	0.028645	0.041808	0.027966	0.934997	3813200.0
2016-04-11	-0.009297	0.026744999999999998	0.030777999999999996	0.016258	-0.691505	3927400.0
2016-04-08	0.0030210000000000002	0.030789999999999998	0.035644999999999996	0.025531	0.22400599999999998	3579900.0
2016-04-07	-0.015134	0.026744999999999998	0.028737000000000002	0.006027	-1.1395110000000002	4974100.0
2016-04-06	0.024109000000000002	0.023344999999999998	0.053811000000000005	0.022529	1.7725830000000002	7791000.0
2016-04-05	-0.010616	0.015844999999999998	0.022035	0.004272	-0.788902	7164700.0
2016-04-04	0.012339	0.034237000000000004	0.048132	0.031104000000000003	0.905769	7715300.0
2016-04-01	0.004933	0.020721	0.033727	0.017846	0.360367	4060300.0
2016-03-31	-0.005569	0.026744999999999998	0.028515	0.018713	-0.40905	4528000.0
2016-03-30	-0.000795	0.030146	0.032594	0.024024	-0.058441	3431500.0
2016-03-29	0.020276	0.022719999999999997	0.049645	0.018556	1.4609219999999998	5223900.0
2016-03-28	0.000135	0.028133	0.030493	0.02383	0.009743	3838300.0
2016-03-24	-0.007114	0.020130000000000002	0.023024	0.01255	-0.516197	3884800.0
2016-03-23	-0.005871	0.024279	0.03017	0.019072	-0.428543	7755300.0
2016-03-22	0.00147	0.024549	0.033742	0.016728	0.10713199999999999	8397600.0
2016-03-21	-0.013769	0.030063999999999997	0.031824	0.016803	-1.017472	5149600.0
2016-03-18	0.010066	0.034145999999999996	0.047677	0.026764999999999997	0.736458	10056700.0
2016-03-17	-0.015003	0.035459	0.037479000000000005	0.007725	-1.114372	6614800.0
2016-03-16	-0.0026030000000000003	0.031958999999999994	0.034645	0.021351	-0.19381700000000002	3738200.0
2016-03-15	-0.008771	0.024505000000000002	0.028364999999999998	0.016519	-0.6589430000000001	4164800.0
2016-03-14	0.002327	0.025422	0.039563	0.024621	0.174423	4465600.0
2016-03-11	0.014159999999999999	0.0371	0.047248000000000005	0.035747	1.046562	4635400.0
2016-03-10	0.00953	0.033325	0.049033	0.029363999999999998	0.697693	3955700.0
2016-03-09	0.001458	0.038525	0.039619	0.026213999999999998	0.10660599999999999	4071500.0
2016-03-08	-0.007499	0.028293000000000002	0.030194	0.022319	-0.552369	4705900.0
2016-03-07	0.005291	0.027318000000000002	0.038919999999999996	0.026772000000000004	0.387627	5256700.0
2016-03-04	0.00921	0.029204	0.044631	0.026725	0.668633	5303800.0
2016-03-03	0.004424	0.0285	0.037216	0.018816	0.319786	5290000.0
2016-03-02	0.005527000000000001	0.035715	0.046426999999999996	0.026951	0.397285	8084200.0
2016-03-01	-0.041477999999999994	-0.009378000000000001	-0.006978	-0.02578	-3.11058	19393500.0
2016-02-29	0.001294	0.034229	0.044777	0.032226	0.09690800000000001	8628700.0
2016-02-26	-0.004764	0.033022	0.036875	0.026244999999999997	-0.358551	5270000.0
2016-02-25	0.016093	0.035334	0.049106	0.030338999999999998	1.19191	4595400.0
2016-02-24	0.008311	0.021748	0.041352999999999994	0.01957	0.6104890000000001	4696000.0
2016-02-23	-0.011476	0.026037	0.032093	0.019308000000000002	-0.8527450000000001	3809700.0
2016-02-22	0.017246	0.038667	0.05003	0.035518	1.25975	4191200.0
2016-02-19	0.005469	0.031682999999999996	0.041732	0.027554000000000002	0.397293	5348600.0
2016-02-18	-0.008333	0.031002999999999996	0.036327	0.020902	-0.6104890000000001	4359000.0
2016-02-17	0.011506	0.039967	0.046595	0.028231	0.833359	6271500.0
2016-02-16	0.018256	0.040254000000000005	0.055157000000000005	0.035896	1.2985149999999999	5862100.0
2016-02-12	0.010740999999999999	0.037075	0.044322	0.027127	0.755837	6367900.0
2016-02-11	-0.020766	0.018739	0.025697	0.003711	-1.492302	5578200.0
2016-02-10	0.014778	0.042973000000000004	0.064296	0.039443	1.046555	4677100.0
2016-02-09	0.006196	0.012634999999999999	0.04702	0.009225	0.436065	6525300.0
2016-02-08	-0.024577	0.01907	0.024891	-0.011005	-1.7733299999999999	6543400.0
2016-02-05	-0.022835	0.029792000000000003	0.031145999999999997	0.0033840000000000003	-1.686104	4667300.0
2016-02-04	0.000656	0.031281	0.03345	0.01651	0.048438999999999996	5398600.0
2016-02-03	-0.004705	0.043289	0.046661	0.011457	-0.348854	6785700.0
2016-02-02	-0.004424	0.020947999999999998	0.033839	0.019471000000000002	-0.329468	5329700.0
2016-02-01	0.01225	0.012793	0.050037	0.009531	0.901192	6518400.0
2016-01-29	0.027195	0.038242	0.063374	0.037404	1.947754	9184500.0
2016-01-28	-0.02093	0.038383999999999995	0.041255	0.006396	-1.53106	6627300.0
2016-01-27	-0.001323	0.031958999999999994	0.042470999999999995	0.021993000000000002	-0.09689299999999999	6805000.0
2016-01-26	-0.0014529999999999999	0.03155	0.03932	0.024052	-0.10660599999999999	5197500.0
2016-01-25	-0.002898	0.031687	0.040386	0.027745	-0.213195	5935700.0
2016-01-22	0.017694	0.042749	0.050634	0.04178	1.2791290000000002	6109100.0
2016-01-21	0.00040199999999999996	0.034727	0.046627999999999996	0.018535	0.029075	7603000.0
2016-01-20	-0.000134	0.019921	0.037632	0.000134	-0.009704	9574900.0
2016-01-19	0.008929000000000001	0.03866	0.048851	0.030563	0.639572	6132200.0
2016-01-15	-0.011633	0.00795	0.030441000000000003	0.006156	-0.8430639999999999	8791600.0
2016-01-14	0.001875	0.034447000000000005	0.047442000000000005	0.026982	0.135659	8373800.0
2016-01-13	-0.023417	0.039113999999999996	0.051399	0.005633	-1.7345580000000003	8406300.0
2016-01-12	0.047123000000000005	0.044258	0.084829	0.04143	3.3334650000000003	7578700.0
2016-01-11	-0.010572	0.035176	0.042309	0.011398	-0.755836	6595800.0
2016-01-08	-0.008467	0.035703	0.044163	0.020309	-0.6104970000000001	7235300.0
2016-01-07	-0.023490999999999998	0.010697	0.024375	0.00704	-1.73455	6243700.0
2016-01-06	0.002763	0.015798	0.036032999999999996	0.015527000000000001	0.203483	6199000.0
2016-01-05	0.002904	0.031958999999999994	0.038495999999999996	0.030188	0.21318800000000002	4456400.0
2016-01-04	-0.014950999999999999	0.017336	0.021226	0.0076760000000000005	-1.114379	6006700.0
2015-12-31	-0.007868	0.025702999999999997	0.033822000000000005	0.022908	-0.591118	2958600.0
2015-12-30	-0.00411	0.031958999999999994	0.034743	0.025463999999999997	-0.310082	2537700.0
2015-12-29	0.008681	0.037842	0.043324	0.032895	0.649239	3280200.0
2015-12-28	-0.005797	0.028502999999999997	0.030231	0.023185	-0.436051	2959400.0
2015-12-24	-0.000258	0.030098000000000003	0.037541000000000005	0.030098000000000003	-0.019393999999999998	1453100.0
2015-12-23	0.004268	0.037031	0.040633999999999997	0.033027	0.319802	3171400.0
2015-12-22	0.013368000000000001	0.038451	0.046025	0.031147	0.9883959999999999	2953900.0
2015-12-21	0.004849	0.046748000000000005	0.05001	0.033565	0.356773	3533200.0
2015-12-18	-0.020411000000000002	0.030974	0.031773	0.01593	-1.5331270000000001	13094400.0
2015-12-17	-0.008527	0.036174	0.041718	0.027859	-0.646034	4991600.0
2015-12-16	0.019066	0.047187	0.057812999999999996	0.035483999999999995	1.417404	5204200.0
2015-12-15	0.005871	0.044675	0.055904999999999996	0.039263	0.433907	6226100.0
2015-12-14	0.0	0.036963	0.044405	0.022756000000000002	0.0	5471900.0
2015-12-11	-0.010201	0.02451	0.032947000000000004	0.019554	-0.761742	6108100.0
2015-12-10	-0.001547	0.039238	0.046726	0.032151	-0.1157	4995000.0
2015-12-09	-0.006659999999999999	0.034575	0.046396	0.024081	-0.501404	5393000.0
2015-12-08	0.001668	0.032442	0.040691000000000005	0.029914	0.125359	6717000.0
2015-12-07	-0.002432	0.038957	0.041876	0.025551	-0.183205	5385400.0
2015-12-04	0.019173	0.041427	0.059823	0.040345	1.4174200000000001	8903800.0
2015-12-03	0.007358	0.045002	0.071164	0.041186	0.539955	11676300.0
2015-12-02	-0.005228	0.035472000000000004	0.036285000000000005	0.025034	-0.385689	7931100.0
2015-12-01	0.01553	0.043981	0.05430499999999999	0.037649	1.128159	5705100.0
2015-11-30	-0.014648	0.038319	0.041168	0.021634999999999998	-1.079949	10189900.0
2015-11-27	-0.001306	0.040756	0.043059	0.03317	-0.096428	2403100.0
2015-11-25	0.0	0.035879	0.041162	0.031273	0.0	4428800.0
2015-11-24	0.0	0.029106	0.039943	0.026532	0.0	4226100.0
2015-11-23	0.006177	0.039143	0.046094	0.034372	0.45320200000000005	4708900.0
2015-11-20	0.004488000000000001	0.043259	0.049145999999999995	0.037372	0.327827	6229500.0
2015-11-19	-0.023337	0.034558	0.036162	0.01196	-1.7452470000000002	6832600.0
2015-11-18	0.012797	0.036827	0.05186	0.032629000000000005	0.944931	5147100.0
2015-11-17	0.00446	0.035194	0.047165	0.031657	0.327851	4348600.0
2015-11-16	0.023905000000000003	0.037516	0.062726	0.036959	1.716323	4400600.0
2015-11-13	0.0033689999999999996	0.039474	0.049397	0.037656999999999996	0.24106599999999997	4331000.0
2015-11-12	-0.024322999999999997	0.031099	0.031099	0.011601	-1.7838209999999999	5046000.0
2015-11-11	-0.00445	0.038727	0.041849000000000004	0.028818	-0.32785	4265300.0
2015-11-10	0.006986	0.036552	0.047624	0.032997000000000005	0.5110399999999999	3832600.0
2015-11-09	-0.0024980000000000002	0.034644	0.038598	0.025508000000000003	-0.18319000000000002	4363900.0
2015-11-06	-0.001444	0.033967000000000004	0.035737	0.027839999999999997	-0.106071	4178100.0
2015-11-05	0.000131	0.03492	0.040775	0.029336	0.009636	3776300.0
2015-11-04	-0.001835	0.039817	0.041992	0.031797000000000006	-0.134995	4221000.0
2015-11-03	0.007261	0.035866	0.049557	0.0308	0.530327	5021300.0
2015-11-02	0.024756999999999998	0.038782	0.064036	0.036677999999999995	1.7645490000000001	6131600.0
2015-10-30	0.002169	0.037801	0.045394	0.034145999999999996	0.154274	5315800.0
2015-10-29	0.0029920000000000003	0.036252	0.045278	0.03315	0.212128	3833000.0
2015-10-28	0.011833	0.039667	0.049941	0.031105	0.8292309999999999	4037800.0
2015-10-27	-0.001099	0.041517	0.047076	0.030114	-0.07713300000000001	4762300.0
2015-10-26	-0.012620000000000001	0.035832	0.040898000000000004	0.022180000000000002	-0.8967360000000001	6459200.0
2015-10-23	0.008485	0.041782	0.052427	0.036389	0.597824	5619100.0
2015-10-22	-0.004767	0.041336000000000005	0.043031	0.026222000000000002	-0.337479	5648200.0
2015-10-21	-0.002987	0.042168000000000004	0.043999	0.021466	-0.212127	4324900.0
2015-10-20	-0.008081999999999999	0.033187	0.034165	0.024945	-0.578537	3778600.0
2015-10-19	0.001754	0.038638	0.042556000000000004	0.028562	0.125358	5190700.0
2015-10-16	0.00926	0.0419	0.050798	0.036675	0.655655	5154200.0
2015-10-15	0.017036000000000003	0.040688999999999996	0.055054	0.030202999999999997	1.186005	5966000.0
2015-10-14	-0.008105	0.035531	0.044364999999999995	0.026555000000000002	-0.568886	4607900.0
2015-10-13	-0.003013	0.039229	0.048036	0.031843	-0.212135	5762000.0
2015-10-12	0.005647	0.035384	0.048955	0.034099000000000004	0.39534	5557900.0
2015-10-09	0.007633	0.037674	0.061568	0.032924	0.530311	9449500.0
2015-10-08	0.015647	0.028326999999999998	0.055226	0.025111	1.0703049999999998	6663200.0
2015-10-07	0.014588	0.039917	0.05756699999999999	0.034428	0.983513	5794200.0
2015-10-06	-0.013405000000000002	0.03344	0.036659	0.0075379999999999996	-0.9160229999999999	8340500.0
2015-10-05	-0.003655	0.044243	0.044826	0.027038	-0.250695	7794100.0
2015-10-02	0.039912	0.025422999999999998	0.080917	0.019359	2.632348	12348400.0
2015-10-01	0.021811	0.035858999999999995	0.060958000000000005	0.027957999999999997	1.407775	10973200.0
2015-09-30	0.008588	0.054599	0.056475	0.035067	0.549599	7986700.0
2015-09-29	0.028673	0.045135	0.093197	0.04401	1.7838330000000002	11377700.0
2015-09-28	-0.030212	0.030083999999999996	0.033513	-0.002652	-1.9380990000000002	9965800.0
2015-09-25	-0.027055000000000003	0.049535	0.050597	0.002215	-1.783814	8229200.0
2015-09-24	-0.013133	0.026470999999999998	0.030962	0.015694999999999997	-0.8774639999999999	6840700.0
2015-09-23	-0.006737000000000001	0.037247	0.04245	0.027732	-0.453186	4513300.0
2015-09-22	-0.001424	0.032059	0.042896	0.028941	-0.09589400000000001	7009300.0
2015-09-21	-0.00128	0.049865	0.058909	0.037707	-0.08630399999999999	5613900.0
2015-09-18	-0.006779	0.031114	0.042011	0.030231	-0.460334	11475700.0
2015-09-17	0.00984	0.044384	0.06847400000000001	0.042896	0.661712	6031100.0
2015-09-16	0.0027170000000000002	0.039169	0.050054	0.03723	0.182205	5159400.0
2015-09-15	0.01746	0.045175	0.062319000000000006	0.040017000000000004	1.150811	6392000.0
2015-09-14	-0.016738	0.040808	0.042598000000000004	0.022012	-1.12204	6219600.0
2015-09-11	-0.0015710000000000001	0.039471	0.044982	0.031577	-0.105484	5707900.0
2015-09-10	0.006036	0.043947	0.05952999999999999	0.037054000000000004	0.402794	6230700.0
2015-09-09	-0.017091	0.04805	0.051585	0.022718000000000002	-1.1604079999999999	7820900.0
2015-09-08	0.026383999999999998	0.063306	0.071167	0.050911	1.745384	7393500.0
2015-09-04	-0.01429	0.026059	0.035595	0.011604999999999999	-0.9590069999999999	12536800.0
2015-09-03	-0.021943	0.051491999999999996	0.056593	0.017681	-1.5056379999999998	9501700.0
2015-09-02	0.029051999999999998	0.060594	0.073042	0.053845000000000004	1.937187	9125800.0
2015-09-01	-0.038179000000000005	0.01938	0.025006	-0.0047090000000000005	-2.646843	8976400.0
2015-08-31	-0.017265	0.045016	0.051253	0.020492	-1.217926	7463100.0
2015-08-28	0.000544	0.042181	0.047428	0.033812	0.038360000000000005	5513000.0
2015-08-27	0.017719	0.06526599999999999	0.06613200000000001	0.038417	1.227517	8603200.0
2015-08-26	0.033772	0.071547	0.080202	0.048567	2.263252	10681500.0
2015-08-25	-0.014525999999999999	0.07171699999999999	0.072158	0.027013	-0.987778	8199900.0
2015-08-24	-0.045239999999999995	-0.048091	0.023513	-0.220221	-3.222259	13366500.0
2015-08-21	-0.029023	0.033887	0.036476999999999996	0.012484	-2.128975	8817900.0
2015-08-20	-0.01265	0.031172000000000002	0.036556	0.028883999999999996	-0.9398350000000001	5062000.0
2015-08-19	-0.007940000000000001	0.037674	0.043282	0.027658999999999996	-0.5945819999999999	3832100.0
2015-08-18	-0.008255	0.03798	0.042483	0.033345	-0.623352	3796800.0
2015-08-17	0.014952000000000002	0.039522	0.059146000000000004	0.037103	1.11245	3622500.0
2015-08-14	0.001291	0.037634	0.046112	0.037634	0.09589400000000001	2158100.0
2015-08-13	0.001163	0.041805	0.048407	0.037357999999999995	0.086311	2989700.0
2015-08-12	0.0	0.036819	0.042881999999999997	0.025097	0.0	4858200.0
2015-08-11	-0.002963	0.035762	0.042881999999999997	0.033344	-0.220581	4643800.0
2015-08-10	0.001807	0.046112	0.052976	0.044094	0.13427	3383300.0
2015-08-07	0.000904	0.044095	0.046385	0.035069	0.067123	3233600.0
2015-08-06	-0.016016	0.041819999999999996	0.044471	0.022335	-1.208343	4262400.0
2015-08-05	0.011573	0.052536	0.058033	0.049451999999999996	0.8631209999999999	3561900.0
2015-08-04	-0.002949	0.04355	0.045420999999999996	0.035930000000000004	-0.22058899999999998	2854300.0
2015-08-03	-0.004975	0.038757	0.043945	0.031707	-0.374	4195600.0
2015-07-31	0.001405	0.045545	0.051007	0.041149	0.105491	5180300.0
2015-07-30	0.005136	0.039668	0.049844	0.036321	0.38359899999999997	3842600.0
2015-07-29	0.005292	0.043555	0.049074	0.036420999999999995	0.39318800000000004	4981300.0
2015-07-28	0.023923	0.05143	0.068244	0.044400999999999996	1.7357939999999998	4902200.0
2015-07-27	-0.004605	0.038769	0.042062	0.033419	-0.335647	4821000.0
2015-07-24	-0.010287000000000001	0.036774	0.040304	0.030527999999999996	-0.757622	3887300.0
2015-07-23	-0.00026000000000000003	0.041662	0.047633999999999996	0.037725	-0.019173	3647900.0
2015-07-22	0.003658	0.046971	0.050513	0.043019999999999996	0.268524	4578700.0
2015-07-21	-0.005974	0.040310000000000006	0.044644	0.031779	-0.44113900000000006	3737500.0
2015-07-20	0.00117	0.045459	0.046001	0.040036	0.086289	3205100.0
2015-07-17	0.0014320000000000001	0.042748	0.04492	0.035144	0.105499	4656500.0
2015-07-16	0.011192	0.051946000000000006	0.05785	0.05126	0.8151619999999999	4847300.0
2015-07-15	0.000791	0.042336	0.046458	0.040687	0.057557000000000004	4601500.0
2015-07-14	0.009578	0.045661	0.053013	0.043302999999999994	0.690475	5486000.0
2015-07-13	0.010757	0.048496	0.058311	0.048496	0.767189	5796000.0
2015-07-10	0.017513	0.057013999999999995	0.062292999999999994	0.054018	1.227524	6640600.0
2015-07-09	0.003295	0.056489	0.062071	0.046183	0.23017100000000001	7005500.0
2015-07-08	-0.008304	0.034373	0.043883	0.033237	-0.5850069999999999	5623800.0
2015-07-07	-0.0009519999999999999	0.044308	0.046577	0.023887000000000002	-0.067115	7498800.0
2015-07-06	-0.0037939999999999996	0.032435000000000005	0.045149	0.028479	-0.268525	6684400.0
2015-07-02	-0.0036450000000000002	0.045281	0.046548	0.034302	-0.258934	4589500.0
2015-07-01	-0.00027	0.045281	0.051332	0.037823	-0.019172	5147200.0
2015-06-30	0.010914	0.055409	0.062237	0.047869	0.767204	7612800.0
2015-06-29	-0.024746999999999998	0.031925999999999996	0.037614	0.01611	-1.7837599999999998	5106500.0
2015-06-26	-0.004239	0.04703	0.048412000000000004	0.035702	-0.306877	5995500.0
2015-06-25	0.007878	0.051938	0.065026	0.047064	0.565826	5506300.0
2015-06-24	-0.017491	0.053647	0.053647	0.02957	-1.2785950000000001	4881000.0
2015-06-23	-0.007770999999999999	0.052382000000000005	0.052925	0.037857999999999996	-0.5725020000000001	5044600.0
2015-06-22	0.006518	0.055416	0.058012	0.050908	0.47709700000000005	3791600.0
2015-06-19	-0.00013000000000000002	0.05159	0.055278999999999995	0.046263	-0.009552	7450600.0
2015-06-18	0.013341	0.048731000000000003	0.065066	0.048731000000000003	0.963722	4598200.0
2015-06-17	0.0014550000000000001	0.047484	0.053861	0.044573	0.10494200000000001	4894100.0
2015-06-16	0.0023870000000000002	0.048039	0.052625	0.043592	0.171761	3727600.0
2015-06-15	-0.001324	0.042071	0.050537	0.031941000000000004	-0.095421	5922300.0
2015-06-12	-0.009184000000000001	0.040201	0.044601	0.035939	-0.667908	5522800.0
2015-06-11	0.000788	0.051341	0.05436900000000001	0.046938	0.057244	5205400.0
2015-06-10	0.016551	0.051955999999999995	0.06790299999999999	0.049576999999999996	1.183158	6276500.0
2015-06-09	-0.002928	0.05041	0.051664999999999996	0.043297	-0.20991500000000002	6448900.0
2015-06-08	-0.004241	0.048455	0.0529	0.043455	-0.305336	6486700.0
2015-06-05	-0.007628	0.044455	0.04735	0.038666000000000006	-0.553413	6423000.0
2015-06-04	-0.010282	0.041627	0.048039	0.031806	-0.753792	8645600.0
2015-06-03	-0.00065	0.050493	0.053492	0.041087	-0.047691000000000004	6445200.0
2015-06-02	0.0023469999999999997	0.045033	0.05815	0.038610000000000005	0.171737	7768800.0
2015-06-01	0.004979	0.058338	0.06644	0.048039	0.362595	6532400.0
2015-05-29	-0.011526999999999999	0.046952999999999995	0.050345999999999995	0.035958	-0.8492280000000001	7214400.0
2015-05-28	-0.001422	0.047497000000000004	0.055087	0.042888	-0.10494200000000001	4065900.0
2015-05-27	0.009795	0.05981	0.059947	0.046669999999999996	0.715622	3734900.0
2015-05-26	-0.016063	0.042248	0.042787	0.028376	-1.192703	4505100.0
2015-05-22	-0.007525	0.046167	0.051780999999999994	0.039885000000000004	-0.562966	2965700.0
2015-05-21	-0.004823	0.046576	0.046842	0.041388	-0.362579	3537600.0
2015-05-20	0.004462	0.048039	0.056589999999999994	0.047103	0.333954	6868700.0
2015-05-19	0.012521	0.053179	0.064678	0.051285000000000004	0.925537	6593600.0
2015-05-18	0.01374	0.050644999999999996	0.066416	0.050233	1.001884	5406500.0
2015-05-15	0.002098	0.048863	0.050238	0.044328	0.152657	4528400.0
2015-05-14	0.018702	0.054899	0.071839	0.052239	1.3358299999999999	3877200.0
2015-05-13	-0.004521	0.048457	0.052777	0.039258999999999995	-0.324417	3506000.0
2015-05-12	-0.010786	0.039629000000000004	0.043352	0.034804	-0.782402	3770000.0
2015-05-11	-0.002493	0.045288	0.051202	0.044188	-0.181297	3126500.0
2015-05-08	0.021582	0.057170000000000006	0.073186	0.057170000000000006	1.536186	3973100.0
2015-05-07	0.003768	0.045642	0.054949	0.044795	0.26718200000000003	5002700.0
2015-05-06	-0.007876000000000001	0.050137	0.052795	0.03153	-0.562973	4317100.0
2015-05-05	-0.013043	0.048039	0.051490999999999995	0.032021	-0.9446110000000001	3474900.0
2015-05-04	0.003968	0.05358400000000001	0.056772	0.049841	0.286247	3137300.0
2015-05-01	0.015447	0.041845	0.065354	0.041845	1.0972899999999999	5883200.0
2015-04-30	-0.016383	0.042085000000000004	0.047208	0.0263	-1.183166	6331500.0
2015-04-29	-0.010847	0.042970999999999995	0.048176	0.027219999999999998	-0.7919470000000001	5655300.0
2015-04-28	0.004068	0.037037	0.05574	0.023423	0.295792	7761700.0
2015-04-27	-0.018039	0.054114999999999996	0.05533099999999999	0.025352	-1.335831	8739800.0
2015-04-24	-0.011337999999999999	0.047772	0.047772	0.035756	-0.8492120000000001	4662000.0
2015-04-23	0.006281	0.044680000000000004	0.060936000000000004	0.041859	0.467552	4702400.0
2015-04-22	0.012065000000000001	0.05239	0.062179	0.047767000000000004	0.887367	4861100.0
2015-04-21	-0.000778	0.05279400000000001	0.053337	0.04505	-0.057242999999999995	4265100.0
2015-04-20	0.008498	0.052834000000000006	0.060507000000000005	0.051738	0.620209	4249000.0
2015-04-17	-0.006881	0.040147	0.051849	0.037425	-0.505707	5815500.0
2015-04-16	-0.011424	0.04629	0.04898	0.035125	-0.8492129999999999	4201200.0
2015-04-15	0.00025699999999999996	0.049519	0.053421	0.045751	0.019074	3388800.0
2015-04-14	-0.002433	0.046965	0.04777	0.039448000000000004	-0.181282	3988200.0
2015-04-13	0.001925	0.043601	0.057856	0.040507999999999995	0.143127	5782000.0
2015-04-10	0.010372	0.047631	0.059316999999999995	0.046816	0.763321	4521300.0
2015-04-09	0.009687000000000001	0.047353	0.059151999999999996	0.043786	0.7061	4888900.0
2015-04-08	-0.010236	0.050483	0.051704999999999994	0.036088999999999996	-0.753799	6279600.0
2015-04-07	-0.002327	0.050884	0.053592999999999995	0.045194	-0.171768	3529200.0
2015-04-06	0.006375	0.040404	0.05731	0.039858	0.467552	4372000.0
2015-04-02	0.009588	0.046249	0.061528	0.043772000000000005	0.696533	5113600.0
2015-04-01	-0.023721000000000003	0.05650499999999999	0.05798300000000001	0.020894	-1.765205	8381400.0
2015-03-31	-0.005483	0.048974000000000004	0.053652	0.040688	-0.410286	5773400.0
2015-03-30	0.01344	0.052373	0.06253099999999999	0.052373	0.99234	3765900.0
2015-03-27	0.010051000000000001	0.047081	0.061582000000000005	0.046534	0.734695	4510300.0
2015-03-26	-0.008862	0.043225	0.050412	0.037395	-0.653587	5590700.0
2015-03-25	-0.014228	0.053778	0.0626	0.036536	-1.064468	8133600.0
2015-03-24	0.0006360000000000001	0.05324400000000001	0.059798000000000004	0.05230800000000001	0.047523	5854900.0
2015-03-23	0.008331	0.051904	0.063637	0.050960000000000005	0.6177600000000001	6150800.0
2015-03-20	0.004636	0.061929	0.062878	0.052716	0.34215500000000004	9159500.0
2015-03-19	0.000644	0.061122	0.061122	0.047563999999999995	0.047501	4794000.0
2015-03-18	0.011601	0.048060000000000005	0.07247200000000001	0.043670999999999995	0.845886	5858300.0
2015-03-17	-0.012231	0.048788	0.049871	0.035105000000000004	-0.9028930000000001	4497300.0
2015-03-16	0.015693000000000002	0.057953	0.071437	0.057678	1.140503	6497300.0
2015-03-13	-0.003778	0.050666	0.051078	0.040112	-0.27563499999999996	5289000.0
2015-03-12	0.009336	0.049961	0.062966	0.048714999999999994	0.674797	4014400.0
2015-03-11	0.002372	0.053977	0.067845	0.051758000000000005	0.171067	6954600.0
2015-03-10	-0.013394	0.046838	0.048889999999999996	0.037670999999999996	-0.9789200000000001	5252700.0
2015-03-09	0.005490999999999999	0.053412	0.060979	0.048184	0.399162	6134400.0
2015-03-06	-0.025731999999999998	0.045473	0.049762	0.024429	-1.919815	7052400.0
2015-03-05	0.003965	0.054730999999999995	0.06253600000000001	0.050156	0.294632	5780500.0
2015-03-04	0.0020510000000000003	0.045837	0.058107000000000006	0.03896	0.152069	5382900.0
2015-03-03	-0.010149	0.051774	0.054176	0.032687	-0.760338	4662500.0
2015-03-02	0.015981	0.052174	0.07021000000000001	0.052174	1.178513	5240300.0
2015-02-27	-0.01548	0.048436	0.051507000000000004	0.035486000000000004	-1.1595010000000001	8848200.0
2015-02-26	0.0022890000000000002	0.053646000000000006	0.056991	0.048829000000000004	0.171067	5413500.0
2015-02-25	-0.004935	0.052174	0.057234	0.044451	-0.370659	4598800.0
2015-02-24	-0.002902	0.050316	0.051642999999999994	0.04527	-0.21859	4855900.0
2015-02-23	0.005838	0.050572000000000006	0.060988	0.050572000000000006	0.437195	6051500.0
2015-02-20	0.008447	0.049885000000000006	0.061197	0.043017	0.627266	6665200.0
2015-02-19	-0.004713	0.053381	0.053381	0.043462	-0.351654	6900500.0
2015-02-18	0.005508	0.052174	0.059316999999999995	0.050827	0.40867600000000004	7801400.0
2015-02-17	0.037337	0.070069	0.094675	0.067133	2.6706540000000003	13476900.0
2015-02-13	0.004404	0.045574	0.057089	0.035324	0.313629	9009400.0
2015-02-12	0.007259000000000001	0.058115	0.06136799999999999	0.050901	0.51323	5542800.0
2015-02-11	-0.006411	0.052596000000000004	0.056531	0.040510000000000004	-0.456208	7457700.0
2015-02-10	0.016978999999999998	0.05703300000000001	0.072754	0.053889	1.1880190000000002	5663300.0
2015-02-09	-0.011414	0.049207	0.053446	0.038045999999999996	-0.8078310000000001	5470800.0
2015-02-06	-0.011285	0.052174	0.056924	0.037925	-0.8078609999999999	5421000.0
2015-02-05	0.016053	0.066368	0.071052	0.060405999999999994	1.130989	5737700.0
2015-02-04	-0.008825	0.050205	0.05639500000000001	0.040779	-0.627273	7378300.0
2015-02-03	0.0279	0.062586	0.081819	0.057669000000000005	1.9293360000000002	9746400.0
2015-02-02	0.019048	0.045985000000000005	0.072511	0.044954	1.2925799999999998	9912300.0
2015-01-30	-0.022052000000000002	0.049724000000000004	0.050877	0.026233999999999997	-1.530182	15810900.0
2015-01-29	-0.005449	0.048018	0.051744000000000005	0.033542	-0.380158	11889900.0
2015-01-28	-0.024582	0.046442000000000004	0.055669	0.026310000000000004	-1.75827	12731800.0
2015-01-27	-0.004366	0.044239999999999995	0.052453	0.038672000000000005	-0.313629	9927200.0
2015-01-26	-0.017674000000000002	0.05108	0.051900999999999996	0.025237	-1.2925719999999998	34907400.0
2015-01-23	0.019476	0.05733200000000001	0.078799	0.052035000000000005	1.397118	23255300.0
2015-01-22	0.033124	0.050878	0.08717000000000001	0.050878	2.300003	17866600.0
2015-01-21	0.011911	0.047511000000000005	0.06733	0.041681	0.817337	10793800.0
2015-01-20	-0.007696	0.054777	0.05926	0.035544	-0.532227	10524900.0
2015-01-16	0.011961	0.049101	0.066076	0.042662	0.8173600000000001	8832000.0
2015-01-15	0.001812	0.059798000000000004	0.06155700000000001	0.047923	0.12356600000000001	13290200.0
2015-01-14	-0.014013	0.037719	0.047404	0.032226	-0.9694370000000001	8696900.0
2015-01-13	-0.022559	0.057967	0.06517300000000001	0.024906	-1.5966799999999999	9508300.0
2015-01-12	0.000941	0.053022	0.056982000000000005	0.047931	0.066506	7294000.0
2015-01-09	-0.004682	0.050485	0.053440999999999995	0.043588	-0.33262600000000003	8790600.0
2015-01-08	0.023972999999999998	0.062408000000000005	0.07783	0.062408000000000005	1.663223	7608400.0
2015-01-07	0.024993	0.059561	0.079948	0.056458	1.691719	8104100.0
2015-01-06	-0.005029	0.058348000000000004	0.06525700000000001	0.041738	-0.342133	12838800.0
2015-01-05	-0.004174000000000001	0.046612	0.051588999999999996	0.04061	-0.28513299999999997	11258700.0
2015-01-02	-0.004432	0.051154000000000005	0.063687	0.040661	-0.304138	6029800.0
2014-12-31	-0.011906	0.055198000000000004	0.061966	0.038350999999999996	-0.826851	4737400.0
2014-12-30	-0.004293	0.052962999999999996	0.055687	0.041779000000000004	-0.299385	4990800.0
2014-12-29	0.0010869999999999999	0.053246	0.06114	0.050519	0.075722	4611400.0
2014-12-26	-0.006345	0.056119	0.058544000000000006	0.048418	-0.444855	4206200.0
2014-12-24	0.004202	0.058123	0.066286	0.051534	0.293419	3232500.0
2014-12-23	-0.023819	0.05626799999999999	0.057805999999999996	0.030962	-1.703659	7335600.0
2014-12-22	0.012731000000000001	0.056972	0.070989	0.055980999999999996	0.8991469999999999	10384000.0
2014-12-19	-0.000134	0.056972	0.061785	0.047628	-0.009453	10460600.0
2014-12-18	0.026971	0.07195800000000001	0.08577	0.067161	1.855087	7014800.0
2014-12-17	0.018643	0.06261900000000001	0.077726	0.05995399999999999	1.2588270000000001	9045900.0
2014-12-16	-0.009029	0.039082	0.071664	0.038789	-0.615211	8380100.0
2014-12-15	-0.007308	0.069659	0.070971	0.048534	-0.501641	6942700.0
2014-12-12	-0.016944999999999998	0.041509	0.05583099999999999	0.038357999999999996	-1.1830969999999998	7567800.0
2014-12-11	0.0073739999999999995	0.062895	0.07169600000000001	0.061163999999999996	0.511085	6224000.0
2014-12-10	-0.019941	0.049760000000000006	0.054568	0.035054	-1.410232	6506900.0
2014-12-09	-0.000936	0.04129	0.056406	0.040019	-0.066262	5373400.0
2014-12-08	-0.003332	0.053309	0.060348	0.049085000000000004	-0.23663299999999998	7343800.0
2014-12-05	0.014877000000000001	0.055689999999999996	0.07312300000000001	0.053261	1.041138	9583400.0
2014-12-04	-0.012026	0.056547	0.058664999999999995	0.037206	-0.851822	8246300.0
2014-12-03	0.006861	0.054840999999999994	0.066639	0.053846000000000005	0.482696	7224500.0
2014-12-02	0.006227	0.058263	0.069563	0.058120000000000005	0.435379	5501000.0
2014-12-01	0.0	0.049968	0.060837999999999996	0.043246	0.0	5350000.0
2014-11-28	0.005308	0.06301799999999999	0.071645	0.058704	0.369141	3074500.0
2014-11-26	0.009479000000000001	0.056983000000000006	0.067579	0.056112	0.653069	5062600.0
2014-11-25	-0.0019199999999999998	0.054519000000000005	0.059445000000000005	0.052490999999999996	-0.13251500000000002	5621000.0
2014-11-24	0.00607	0.058151	0.063252	0.053924	0.416465	6667100.0
2014-11-21	0.005688	0.06739400000000001	0.06842000000000001	0.05728	0.38803899999999997	8974400.0
2014-11-20	0.004459	0.0511	0.061405999999999995	0.043885	0.302879	6878100.0
2014-11-19	-0.009797	0.05363099999999999	0.056401	0.044446	-0.672004	8109000.0
2014-11-18	0.047406000000000004	0.059601	0.110757	0.05105	3.104461	12950300.0
2014-11-17	0.003481	0.053789	0.06712	0.053176	0.22715	5325500.0
2014-11-14	-0.0061979999999999995	0.057765	0.058222	0.047715	-0.406997	5833700.0
2014-11-13	0.012846999999999999	0.061483	0.073822	0.059015	0.832916	6920100.0
2014-11-12	-0.007103	0.049809	0.055169	0.045214	-0.463783	4630500.0
2014-11-11	0.004075	0.056547	0.066081	0.052703	0.265029	4542400.0
2014-11-10	0.008957	0.056857000000000005	0.066631	0.050186	0.577324	5932900.0
2014-11-07	-0.009309999999999999	0.055932	0.05839199999999999	0.041946	-0.6057279999999999	6054000.0
2014-11-06	0.000582	0.059008000000000005	0.062699	0.053163999999999996	0.03785	7329500.0
2014-11-05	0.011335	0.068523	0.07334500000000001	0.061991	0.7287899999999999	11671500.0
2014-11-04	-0.003228	0.055927	0.05871799999999999	0.044765	-0.208229	5679800.0
2014-11-03	-0.000147	0.055927	0.060112	0.047557	-0.009461	4436000.0
2014-10-31	0.010826	0.06876900000000001	0.071903	0.06375499999999999	0.690937	8663400.0
2014-10-30	0.005817	0.053238	0.067737	0.049455	0.369126	5566400.0
2014-10-29	0.007969	0.056388	0.07005	0.052099	0.501629	8229200.0
2014-10-28	0.003773	0.057504	0.060851999999999996	0.054952999999999995	0.236618	5708600.0
2014-10-27	-0.004507	0.054325	0.05876900000000001	0.03988	-0.28394	6673100.0
2014-10-24	0.014478999999999999	0.058801	0.072489	0.057191	0.8991469999999999	7883000.0
2014-10-23	0.014691999999999998	0.063573	0.07648200000000001	0.063083	0.899167	6642600.0
2014-10-22	-0.004925	0.062563	0.066303	0.050856	-0.30287600000000003	8396900.0
2014-10-21	0.017856999999999998	0.060519	0.081538	0.058864	1.078991	14523400.0
2014-10-20	0.029843	0.059785000000000005	0.091998	0.059274	1.75098	12465500.0
2014-10-17	0.002912	0.06988	0.06988	0.049197000000000005	0.17036500000000002	18747600.0
2014-10-16	-0.0070680000000000005	0.043818	0.066561	0.040083999999999995	-0.416447	11991100.0
2014-10-15	-0.019839	0.037582	0.048562	-0.004673	-1.1925620000000001	28912800.0
2014-10-14	0.007136	0.063081	0.07682	0.056044000000000004	0.425911	9107200.0
2014-10-13	-0.016378	0.053086	0.05522899999999999	0.038419	-0.9937969999999999	8208100.0
2014-10-10	0.007227	0.056380999999999994	0.07796	0.05405700000000001	0.435367	10563500.0
2014-10-09	-0.031644	0.050277999999999996	0.054458000000000006	0.022953	-1.9686580000000002	9472300.0
2014-10-08	0.027995	0.055555999999999994	0.08645599999999999	0.055060000000000005	1.6941979999999999	10207700.0
2014-10-07	-0.014792	0.048244999999999996	0.052802999999999996	0.039454	-0.908626	8272900.0
2014-10-06	-0.001846	0.060447	0.062885	0.052647	-0.11358299999999999	10306700.0
2014-10-03	0.03535	0.102477	0.107356	0.090027	2.101193	29984000.0
2014-10-02	0.005282	0.057054999999999995	0.068048	0.045892	0.312332	10372800.0
2014-10-01	0.013383	0.061775	0.075829	0.055776	0.780845	13010800.0
2014-09-30	-0.009434	0.06958400000000001	0.06958400000000001	0.051418	-0.555667	14432900.0
2014-09-29	-0.012629999999999999	0.050376	0.05641	0.047694	-0.75346	7876700.0
2014-09-26	0.009401999999999999	0.064651	0.077342	0.06059	0.555675	8141700.0
2014-09-25	-0.015995	0.061775	0.07093200000000001	0.044625	-0.9606549999999999	10559400.0
2014-09-24	-0.004838	0.061609000000000004	0.066745	0.045038999999999996	-0.291969	16432000.0
2014-09-23	-0.028797000000000003	0.021705000000000002	0.040533	0.018808000000000002	-1.7894599999999998	18538800.0
2014-09-22	-0.003624	0.057445	0.05969	0.049908999999999995	-0.22603600000000001	7390400.0
2014-09-19	-0.004659	0.068797	0.071031	0.056826999999999996	-0.291954	9196400.0
2014-09-18	0.008336	0.067085	0.074005	0.06274	0.51799	5464600.0
2014-09-17	-0.003173	0.06289700000000001	0.06386	0.047498	-0.197792	8253700.0
2014-09-16	0.019091999999999998	0.059813	0.082373	0.053274	1.16787	6301800.0
2014-09-15	-0.003682	0.062752	0.065358	0.054608000000000004	-0.22604000000000002	3721700.0
2014-09-12	-0.008366	0.056445	0.062583	0.048693	-0.517979	5008300.0
2014-09-11	-0.0034869999999999996	0.05582	0.05984299999999999	0.050026	-0.216625	5843500.0
2014-09-10	0.006561	0.065501	0.072629	0.061775	0.404972	7495700.0
2014-09-09	0.011888	0.06242999999999999	0.08046299999999999	0.059972000000000004	0.725208	10835300.0
2014-09-08	0.0071530000000000005	0.063261	0.073002	0.061939999999999995	0.43323599999999995	5627600.0
2014-09-05	0.004686999999999999	0.063433	0.067414	0.056301	0.282539	6000200.0
2014-09-04	-0.004665	0.060619000000000006	0.065572	0.050713	-0.282539	9243800.0
2014-09-03	0.006259000000000001	0.06327	0.073072	0.062439	0.376732	5606200.0
2014-09-02	0.0009390000000000001	0.062107	0.063936	0.056786	0.056495000000000004	5037800.0
2014-08-29	0.011565	0.066821	0.074223	0.060765	0.687538	4724000.0
2014-08-28	-0.003788	0.061272	0.063786	0.056747000000000006	-0.226043	3883100.0
2014-08-27	-0.002519	0.062778	0.064951	0.056760000000000005	-0.15068499999999999	3051000.0
2014-08-26	-0.0017289999999999999	0.064278	0.066781	0.059439	-0.10360699999999999	5102000.0
2014-08-25	0.000629	0.067452	0.06995599999999999	0.06094	0.03767	4470900.0
2014-08-22	-0.007956	0.06045	0.06674400000000001	0.052167	-0.48031599999999997	5146200.0
2014-08-21	-0.00078	0.067237	0.06955399999999999	0.060615999999999996	-0.0471	3949400.0
2014-08-20	0.002187	0.056964	0.067414	0.052816999999999996	0.131855	5996400.0
2014-08-19	0.008508	0.069637	0.071812	0.058596	0.508583	8802400.0
2014-08-18	0.003478	0.068825	0.070672	0.061271000000000006	0.20719899999999997	6170700.0
2014-08-15	-0.007532	0.058276	0.063274	0.045947	-0.452064	8477100.0
2014-08-14	0.004096	0.064117	0.07131	0.061775	0.244865	5346900.0
2014-08-13	0.020253999999999998	0.06740700000000001	0.08345	0.065188	1.186688	6665700.0
2014-08-12	0.0022559999999999998	0.060577	0.066564	0.058011	0.131855	4420500.0
2014-08-11	-0.001287	0.06502100000000001	0.069633	0.059383000000000005	-0.07534500000000001	5580900.0
2014-08-08	0.018853	0.062471000000000006	0.08388	0.057597	1.0830959999999998	10209500.0
2014-08-07	-0.004894	0.064546	0.067837	0.051036	-0.282543	12885400.0
2014-08-06	-0.011131	0.046531	0.058691999999999994	0.039851	-0.649853	19503800.0
2014-08-05	-0.007684000000000001	0.059054999999999996	0.069253	0.047498	-0.45208000000000004	10402300.0
2014-08-04	0.016103	0.06488300000000001	0.080945	0.056939	0.9324040000000001	5990800.0
2014-08-01	-0.004211	0.054896	0.065214	0.049908	-0.244877	6122500.0
2014-07-31	-0.013423	0.056853999999999995	0.057872	0.044638	-0.791122	6767900.0
2014-07-30	-0.001117	0.06499500000000001	0.06702799999999999	0.054826	-0.06592999999999999	6593100.0
2014-07-29	-0.0017530000000000002	0.063974	0.065497	0.052301	-0.103603	6968000.0
2014-07-28	-0.002226	0.059579999999999994	0.06396900000000001	0.052997	-0.131851	5988700.0
2014-07-25	-0.006005	0.061439	0.064795	0.050533	-0.357888	5208300.0
2014-07-24	-0.0014199999999999998	0.065963	0.071828	0.05909400000000001	-0.08477	9664700.0
2014-07-23	0.010525	0.062452	0.076336	0.058558000000000006	0.621609	8823000.0
2014-07-22	0.004807	0.06500700000000001	0.073684	0.062965	0.282535	8613600.0
2014-07-21	0.000802	0.059221	0.064839	0.051048	0.047089	5563500.0
2014-07-18	0.013654	0.068678	0.08076	0.065572	0.791138	7457300.0
2014-07-17	-0.022406	0.058063	0.05890599999999999	0.037141	-1.327969	10053000.0
2014-07-16	-0.009912	0.060772	0.06578400000000001	0.035213999999999995	-0.593349	15113600.0
2014-07-15	-0.007495	0.058955999999999995	0.066914	0.053485000000000005	-0.45206899999999994	9138900.0
2014-07-14	0.003919	0.06527000000000001	0.066768	0.055616	0.235447	8873200.0
2014-07-11	0.0050420000000000005	0.061273	0.068132	0.05190499999999999	0.301388	7533700.0
2014-07-10	-0.0020440000000000002	0.053928	0.061274	0.045915	-0.12243299999999999	5161600.0
2014-07-09	-0.000314	0.069118	0.07312300000000001	0.059772000000000006	-0.018837	7576000.0
2014-07-08	0.000157	0.06962	0.07195700000000001	0.06010599999999999	0.009423	7627800.0
2014-07-07	-0.014562	0.051247	0.056347	0.04072	-0.8853190000000001	7616000.0
2014-07-03	0.010014	0.066261	0.072574	0.060114	0.602776	4349900.0
2014-07-02	0.0	0.061775	0.066759	0.057621000000000006	0.0	7148200.0
2014-07-01	0.00717	0.059014	0.072065	0.057508000000000004	0.42851999999999996	7730100.0
2014-06-30	-0.005615	0.070039	0.072036	0.059391	-0.337441	11711600.0
2014-06-27	-0.008351	0.066548	0.068363	0.054173	-0.506153	10748200.0
2014-06-26	0.007165	0.070202	0.075187	0.058901999999999996	0.431179	10264200.0
2014-06-25	0.002029	0.070875	0.07703600000000001	0.065713	0.12184500000000001	8209700.0
2014-06-24	-0.001091	0.060225	0.075361	0.05889400000000001	-0.065612	9764000.0
2014-06-23	0.004385	0.06604299999999999	0.078907	0.064205	0.262443	10238600.0
2014-06-20	-0.012525	0.071992	0.074797	0.048566000000000005	-0.759216	17900300.0
2014-06-19	0.014112999999999999	0.071061	0.095821	0.070726	0.843578	23598400.0
2014-06-18	0.035564	0.07224900000000001	0.10759200000000001	0.068091	2.0527189999999997	20710500.0
2014-06-17	0.02582	0.099402	0.10189	0.08002999999999999	1.452839	28563100.0
2014-06-16	-0.011038	0.115388	0.12312200000000001	0.025047	-0.6280060000000001	65437800.0
2014-06-13	-0.00148	0.086885	0.086885	0.063368	-0.084354	2085300.0
2014-06-12	-0.006212	0.06775	0.069494	0.057285	-0.356178	3518600.0
2014-06-11	-0.011154	0.061014	0.063084	0.050838999999999995	-0.646748	3126800.0
2014-06-10	-0.006104999999999999	0.062936	0.062936	0.052650999999999996	-0.356182	3030600.0
2014-06-09	-0.003682	0.062096000000000005	0.066707	0.058851	-0.21558000000000002	2859200.0
2014-06-06	0.0069310000000000005	0.07083300000000001	0.07754	0.068254	0.403042	3485700.0
2014-06-05	-0.018665	0.043927	0.050845999999999995	0.041395999999999995	-1.106034	7570500.0
2014-06-04	0.036224	0.066703	0.12493499999999999	0.06408	2.071473	12427300.0
2014-06-03	-0.000164	0.06338099999999999	0.06775199999999999	0.057612000000000003	-0.009377	3738700.0
2014-06-02	-0.000164	0.066354	0.068102	0.058487	-0.009369	1925500.0
2014-05-30	0.006763	0.065118	0.07462200000000001	0.064942	0.3843	2881300.0
2014-05-29	0.007645999999999999	0.069716	0.076455	0.066169	0.43116400000000005	1996600.0
2014-05-28	-0.004303	0.067584	0.06882100000000001	0.062287	-0.243702	2490100.0
2014-05-27	0.008176000000000001	0.069549	0.077025	0.066522	0.45928199999999997	2302500.0
2014-05-23	0.002509	0.067235	0.07080399999999999	0.064915	0.14059100000000002	1890500.0
2014-05-22	0.000335	0.066343	0.07027	0.059916	0.018761	2511500.0
2014-05-21	0.0058909999999999995	0.07028999999999999	0.07873	0.06651900000000001	0.328052	3348700.0
2014-05-20	-0.015413	0.058391	0.058922	0.038411	-0.871708	6871400.0
2014-05-19	-0.000828	0.065112	0.072001	0.062638	-0.04686	3556200.0
2014-05-16	0.008012	0.068659	0.07560399999999999	0.06349500000000001	0.44990600000000003	3945700.0
2014-05-15	-0.012201	0.062479999999999994	0.06511900000000001	0.051046	-0.693611	4631500.0
2014-05-14	-0.002959	0.064949	0.06986	0.06249299999999999	-0.168724	2821100.0
2014-05-13	-0.002623	0.06740299999999999	0.070202	0.056907000000000006	-0.14996400000000001	3612700.0
2014-05-12	0.013628	0.07184299999999999	0.084609	0.070779	0.768604	3097000.0
2014-05-09	0.012451	0.068673	0.08339400000000001	0.06687799999999999	0.693604	3686000.0
2014-05-08	0.001854	0.066339	0.075331	0.065979	0.103111	3215800.0
2014-05-07	0.002027	0.069221	0.070663	0.057326999999999996	0.11248	3716600.0
2014-05-06	0.0025399999999999997	0.06669800000000001	0.07699600000000001	0.06416799999999999	0.140595	3878100.0
2014-05-05	0.004764	0.06415499999999999	0.073777	0.057438	0.26245100000000005	3979300.0
2014-05-02	-0.007431	0.068139	0.070121	0.056247000000000005	-0.412426	4189200.0
2014-05-01	0.006631000000000001	0.067241	0.079212	0.062162	0.365559	3765600.0
2014-04-30	0.00033999999999999997	0.065064	0.067604	0.059802	0.018741	3143100.0
2014-04-29	0.001192	0.06815	0.07269099999999999	0.064698	0.065617	2747600.0
2014-04-28	0.008933	0.078058	0.08025800000000001	0.063029	0.4874	5156300.0
2014-04-25	-0.002228	0.067427	0.067427	0.057186	-0.121853	3141200.0
2014-04-24	-0.000685	0.074371	0.077295	0.063223	-0.037482999999999995	3387900.0
2014-04-23	0.001372	0.066329	0.070538	0.060473	0.074978	3521100.0
2014-04-22	-0.010858	0.067964	0.07122300000000001	0.055294	-0.599873	4161700.0
2014-04-21	0.006661	0.059043	0.07708200000000001	0.05795	0.365551	3844000.0
2014-04-17	0.001026	0.06450700000000001	0.080558	0.061224	0.056233000000000005	6056000.0
2014-04-16	0.00758	0.075516	0.079559	0.065224	0.412418	5001000.0
2014-04-15	-0.000517	0.06540900000000001	0.07385800000000001	0.046856	-0.028118	6820300.0
2014-04-14	-0.018919	0.011912	0.051739999999999994	0.0065060000000000005	-1.04979	10496000.0
2014-04-11	-0.014975	0.062439999999999996	0.063328	0.049304	-0.8435860000000001	4727200.0
2014-04-10	-0.021172999999999997	0.068094	0.072091	0.036818000000000004	-1.218509	5712600.0
2014-04-09	0.0065569999999999995	0.066179	0.074923	0.06250599999999999	0.374927	5252400.0
2014-04-08	-0.010062	0.066705	0.06895599999999999	0.053720000000000004	-0.5811310000000001	4307800.0
2014-04-07	0.0008119999999999999	0.066705	0.07675499999999999	0.064972	0.04686	5609000.0
2014-04-04	-0.011876000000000001	0.064139	0.07697999999999999	0.051811	-0.693615	5273600.0
2014-04-03	0.007275	0.070845	0.076364	0.067223	0.421795	4971800.0
2014-04-02	0.008642	0.062529	0.078533	0.062529	0.496777	4945800.0
2014-04-01	0.001137	0.07296799999999999	0.083243	0.069137	0.06531100000000001	4626600.0
2014-03-31	0.018706	0.091087	0.095345	0.077071	1.0543559999999998	7741700.0
2014-03-28	0.020957	0.08152999999999999	0.10326600000000001	0.080443	1.156986	7155800.0
2014-03-27	-0.0020239999999999998	0.070484	0.073014	0.056926	-0.111969	4886500.0
2014-03-26	0.004915	0.07810700000000001	0.089551	0.075382	0.27058000000000004	4136700.0
2014-03-25	0.014616999999999998	0.075435	0.08870499999999999	0.074882	0.7931020000000001	2971700.0
2014-03-24	-0.011559	0.077761	0.078854	0.054077999999999994	-0.634475	4424900.0
2014-03-21	-0.012588	0.08038300000000001	0.08614	0.0552	-0.6997869999999999	7155000.0
2014-03-20	-0.004511	0.071033	0.071033	0.059572	-0.251927	2891600.0
2014-03-19	0.0	0.074435	0.08321	0.064228	0.0	3510700.0
2014-03-18	0.010638	0.073559	0.088942	0.072835	0.5878180000000001	3612300.0
2014-03-17	0.006116	0.073934	0.085951	0.073934	0.3359	3577000.0
2014-03-14	-0.00288	0.071931	0.080464	0.06757300000000001	-0.15861199999999998	4333000.0
2014-03-13	-0.013371000000000001	0.074794	0.079093	0.054730999999999995	-0.746448	3963700.0
2014-03-12	-0.007136	0.06676900000000001	0.071393	0.060722000000000005	-0.40121100000000004	4259700.0
2014-03-11	0.003163	0.07157100000000001	0.083881	0.066575	0.17728	5143800.0
2014-03-10	0.002671	0.06674	0.075148	0.062625	0.149289	4343700.0
2014-03-07	0.0023420000000000003	0.076411	0.076411	0.064577	0.13063	4133200.0
2014-03-06	0.00218	0.07732	0.078218	0.068155	0.1213	4134500.0
2014-03-05	-0.000168	0.073546	0.075163	0.063664	-0.009331	3192600.0
2014-03-04	0.010332	0.082822	0.086998	0.079192	0.5691609999999999	4331100.0
2014-03-03	-0.0037119999999999996	0.061439999999999995	0.074462	0.058547	-0.205273	4802400.0
2014-02-28	0.016467	0.071198	0.099324	0.071014	0.895733	7156700.0
2014-02-27	0.008476000000000001	0.07007999999999999	0.081204	0.07007999999999999	0.45719499999999996	3500300.0
2014-02-26	0.006266	0.07510700000000001	0.0863	0.073055	0.33589600000000003	4008400.0
2014-02-25	-0.002604	0.07454	0.074726	0.061515	-0.13995	3253500.0
2014-02-24	0.008403	0.074376	0.089011	0.072499	0.44785699999999995	4390700.0
2014-02-21	0.002105	0.07306499999999999	0.085099	0.07174900000000001	0.11196500000000001	5084600.0
2014-02-20	0.014235	0.0748	0.087577	0.071177	0.746445	3846200.0
2014-02-19	0.000178	0.070605	0.088534	0.068125	0.009337999999999999	6517500.0
2014-02-18	-0.012131	0.070053	0.070053	0.041977999999999994	-0.643818	7561500.0
2014-02-14	0.004947	0.070992	0.079323	0.06322799999999999	0.261265	5154800.0
2014-02-13	0.003013	0.06795	0.075168	0.064912	0.158615	2543900.0
2014-02-12	-0.000708	0.075165	0.078581	0.067953	-0.037323	3032300.0
2014-02-11	0.011826	0.069444	0.085575	0.0681	0.6158140000000001	3407600.0
2014-02-10	0.003958	0.07387	0.079075	0.07194199999999999	0.205281	3688000.0
2014-02-07	0.015341999999999998	0.087018	0.090737	0.07840499999999999	0.78376	4302300.0
2014-02-06	0.000366	0.07194500000000001	0.078407	0.068812	0.018665	5124700.0
2014-02-05	0.021082	0.07814700000000001	0.099143	0.074348	1.054348	9615200.0
2014-02-04	-0.020288999999999998	0.05940700000000001	0.071357	0.044715	-1.0356940000000001	15925000.0
2014-02-03	-0.032708999999999995	0.07174900000000001	0.072128	0.034799000000000004	-1.726147	7089700.0
2014-01-31	-0.007893	0.060280999999999994	0.07043300000000001	0.05483	-0.419872	4404000.0
2014-01-30	0.011533	0.077264	0.089814	0.075172	0.606487	4705800.0
2014-01-29	-0.012787	0.065554	0.07174900000000001	0.053727	-0.681129	5511600.0
2014-01-28	0.002282	0.072502	0.083227	0.072502	0.121299	4043300.0
2014-01-27	-0.0034990000000000004	0.074374	0.080562	0.066124	-0.186615	4194300.0
2014-01-24	-0.026400999999999997	0.06609	0.06791599999999999	0.043454	-1.446228	5682400.0
2014-01-23	-0.007439	0.069937	0.073017	0.06069600000000001	-0.410553	4396000.0
2014-01-22	-0.003706	0.07409600000000001	0.074637	0.058932000000000005	-0.20527199999999998	4085200.0
2014-01-21	-0.002352	0.07427	0.078593	0.063104	-0.130623	4484200.0
2014-01-17	0.0067670000000000004	0.07174900000000001	0.080452	0.06776	0.373222	6485100.0
2014-01-16	-0.003708	0.072652	0.075904	0.065426	-0.20528400000000002	4321400.0
2014-01-15	-0.0013460000000000002	0.075177	0.07878500000000001	0.0676	-0.074635	4785100.0
2014-01-14	0.0027	0.076271	0.077175	0.06505599999999999	0.149285	4546500.0
2014-01-13	-0.011676	0.06871000000000001	0.072285	0.05798300000000001	-0.653137	4264000.0
2014-01-10	0.009939	0.077346	0.087818	0.070485	0.550502	6548700.0
2014-01-09	-0.024326	0.02172	0.052372	0.020311000000000003	-1.380916	8127900.0
2014-01-08	0.016711	0.072107	0.091271	0.069958	0.9330440000000001	6725000.0
2014-01-07	0.010469	0.081884	0.08821799999999999	0.077359	0.578495	6510600.0
2014-01-06	0.015084	0.086629	0.09801900000000001	0.082037	0.821095	10538100.0
2014-01-03	0.019216999999999998	0.089724	0.095341	0.080549	1.026356	12577400.0
2014-01-02	-0.002614	0.068388	0.073056	0.065213	-0.13995	4219000.0
2013-12-31	0.005255	0.07493999999999999	0.07925800000000001	0.073251	0.279915	3299700.0
2013-12-30	-0.000523	0.078319	0.080195	0.074941	-0.027863	1882600.0
2013-12-27	-0.001218	0.07887899999999999	0.08112799999999999	0.07307000000000001	-0.06499500000000001	1834800.0
2013-12-26	0.001743	0.079446	0.079446	0.075316	0.09285800000000001	1887300.0
2013-12-24	-0.000523	0.077193	0.078319	0.071939	-0.027863	1249400.0
2013-12-23	0.008965	0.084767	0.087418	0.079088	0.473534	3618800.0
2013-12-20	-0.004898	0.076252	0.077382	0.070977	-0.25997600000000004	6769400.0
2013-12-19	-0.010215	0.070852	0.074022	0.064512	-0.547817	4110000.0
2013-12-18	0.020675	0.081192	0.099463	0.069393	1.086349	4786000.0
2013-12-17	0.004437	0.09554800000000001	0.096886	0.071462	0.232121	4638100.0
2013-12-16	0.008052	0.08375	0.091073	0.08163	0.41783100000000006	3156400.0
2013-12-13	0.004313	0.082231	0.087263	0.075264	0.22284	2536100.0
2013-12-12	-0.010842000000000001	0.074134	0.075474	0.064562	-0.566376	3496800.0
2013-12-11	-0.019518999999999998	0.077193	0.077944	0.054857	-1.0399399999999999	4009900.0
2013-12-10	-0.008467	0.068258	0.072911	0.065467	-0.45496400000000004	2740300.0
2013-12-09	-0.004644	0.077561	0.07811699999999999	0.06700199999999999	-0.250686	3579300.0
2013-12-06	0.021613	0.088739	0.10103999999999999	0.087982	1.142052	3318200.0
2013-12-05	-0.00035099999999999997	0.07738400000000001	0.079654	0.071898	-0.01857	4352800.0
2013-12-04	-0.012318	0.070092	0.084106	0.058694	-0.659237	4469300.0
2013-12-03	0.001912	0.07401	0.080188	0.06858099999999999	0.102142	4652900.0
2013-12-02	0.0036630000000000005	0.07700499999999999	0.08959400000000001	0.073811	0.194977	3952100.0
2013-11-29	-0.002263	0.07775499999999999	0.078318	0.07119400000000001	-0.120697	2247200.0
2013-11-27	0.0015689999999999999	0.077193	0.082263	0.072875	0.083561	2239600.0
2013-11-26	0.001397	0.078322	0.080954	0.070049	0.074287	3548500.0
2013-11-25	-0.005556	0.07981	0.083924	0.06840399999999999	-0.297127	2647200.0
2013-11-22	0.008757	0.078703	0.08719099999999999	0.071913	0.46425299999999997	3742200.0
2013-11-21	0.003691	0.08628200000000001	0.087796	0.08003400000000001	0.194977	3776300.0
2013-11-20	-0.018122	0.078864	0.079608	0.05061	-0.9749190000000001	5823900.0
2013-11-19	-0.006346	0.068509	0.079961	0.05835	-0.343551	4986800.0
2013-11-18	-0.004099	0.074798	0.078293	0.06836	-0.22283200000000003	3653000.0
2013-11-15	-0.004929	0.07535800000000001	0.076822	0.06346	-0.269268	5443600.0
2013-11-14	0.011170000000000001	0.079782	0.08922100000000001	0.073489	0.6035229999999999	3611100.0
2013-11-13	0.005182	0.072354	0.082773	0.06602899999999999	0.278557	3398200.0
2013-11-12	-0.003443	0.075151	0.075708	0.06699400000000001	-0.18570699999999998	2612300.0
2013-11-11	0.001034	0.080161	0.082759	0.075892	0.055714	2849100.0
2013-11-08	0.012740000000000001	0.07700599999999999	0.090915	0.07381	0.67781	3357500.0
2013-11-07	-0.0029579999999999997	0.078692	0.08337699999999999	0.07307000000000001	-0.157856	4102500.0
2013-11-06	0.00648	0.086814	0.095679	0.081721	0.343552	4427800.0
2013-11-05	-0.0029690000000000003	0.06816699999999999	0.076253	0.067414	-0.157852	4104300.0
2013-11-04	0.000175	0.061770000000000005	0.080955	0.061770000000000005	0.009288	8695700.0
2013-11-01	-0.002439	0.07982	0.08376	0.06875	-0.129993	4723800.0
2013-10-31	-0.00932	0.07812100000000001	0.079794	0.066596	-0.5013850000000001	6619000.0
2013-10-30	-0.009573	0.079583	0.082897	0.061909000000000006	-0.519954	4035400.0
2013-10-29	0.014744	0.08018099999999999	0.09437999999999999	0.076632	0.789219	5742400.0
2013-10-28	0.005056000000000001	0.076442	0.088271	0.076067	0.269264	3738700.0
2013-10-25	-0.002435	0.079253	0.08225	0.067827	-0.12999000000000002	2817600.0
2013-10-24	-0.002602	0.075137	0.077753	0.065049	-0.139274	4375500.0
2013-10-23	0.016217	0.081562	0.098838	0.080233	0.854225	4954100.0
2013-10-22	0.004248	0.07853099999999999	0.083297	0.075671	0.22283499999999998	3183100.0
2013-10-21	-0.0017670000000000001	0.07396	0.075864	0.065967	-0.09285	3657800.0
2013-10-18	0.004794	0.080065	0.084272	0.073563	0.250691	4941000.0
2013-10-17	0.015141	0.075647	0.094283	0.07273500000000001	0.779945	3477800.0
2013-10-16	0.016489	0.078979	0.094765	0.07878099999999999	0.835644	3352500.0
2013-10-15	-0.011053	0.07407799999999999	0.08051799999999999	0.06393099999999999	-0.566376	3086100.0
2013-10-14	0.0036369999999999996	0.072501	0.08386	0.070542	0.185692	3452200.0
2013-10-11	0.013267	0.072242	0.092286	0.07204400000000001	0.668514	4230100.0
2013-10-10	0.022805000000000002	0.085328	0.101566	0.083704	1.123505	3543400.0
2013-10-09	0.011437000000000001	0.079058	0.09383999999999999	0.078442	0.557083	4238200.0
2013-10-08	-0.004932	0.078027	0.089263	0.071285	-0.24140100000000003	5094000.0
2013-10-07	-0.011809	0.069132	0.069536	0.062470000000000005	-0.584958	2631300.0
2013-10-04	0.005845	0.07599	0.084315	0.070711	0.28783800000000004	2228900.0
2013-10-03	-0.008969	0.07318200000000001	0.07459099999999999	0.05889400000000001	-0.44568599999999997	3178000.0
2013-10-02	0.005259000000000001	0.07356599999999999	0.082872	0.071746	0.259979	3440300.0
2013-10-01	0.005071	0.084499	0.089379	0.07860299999999999	0.24939	2987300.0
2013-09-30	0.004717	0.078993	0.100646	0.074499	0.230915	5588300.0
2013-09-27	0.0011330000000000001	0.07939700000000001	0.086146	0.076534	0.055412	2920300.0
2013-09-26	0.002462	0.081234	0.08922999999999999	0.08061900000000001	0.120072	2067300.0
2013-09-25	-0.011604000000000001	0.083277	0.08368300000000001	0.069093	-0.572659	3631200.0
2013-09-24	-0.006138	0.084482	0.084885	0.07562100000000001	-0.304802	2919000.0
2013-09-23	0.0009310000000000001	0.082871	0.086298	0.07884	0.046181	2611200.0
2013-09-20	-0.005370000000000001	0.08768200000000001	0.088684	0.075652	-0.267857	6328700.0
2013-09-19	-0.0014789999999999998	0.083871	0.084071	0.077064	-0.07389	2778200.0
2013-09-18	0.0025960000000000002	0.082067	0.08869099999999999	0.069623	0.129314	4809900.0
2013-09-17	-0.002219	0.08226900000000001	0.085674	0.077463	-0.110824	2522100.0
2013-09-16	0.008958	0.09196499999999999	0.095804	0.086913	0.44333599999999995	2515700.0
2013-09-13	0.0	0.085296	0.087115	0.079841	0.0	2256400.0
2013-09-12	-0.009429	0.08226900000000001	0.08507200000000001	0.07106	-0.471054	3907100.0
2013-09-11	0.002409	0.083472	0.088488	0.08267000000000001	0.120075	3191600.0
2013-09-10	0.000742	0.086083	0.08949700000000001	0.079859	0.036942	2956700.0
2013-09-09	0.008604	0.083075	0.093403	0.082467	0.42486899999999994	3662700.0
2013-09-06	-0.0037270000000000003	0.082669	0.087108	0.066932	-0.18473399999999998	4443300.0
2013-09-05	0.008647	0.083077	0.093659	0.083077	0.424885	4618100.0
2013-09-04	0.021309	0.109482	0.111768	0.098674	1.025242	11290000.0
2013-09-03	0.00657	0.09312999999999999	0.100034	0.083297	0.314048	5625300.0
2013-08-30	-0.001544	0.085594	0.085594	0.076403	-0.073902	5442900.0
2013-08-29	0.0052369999999999995	0.08077999999999999	0.099258	0.07553	0.24938200000000002	4865700.0
2013-08-28	0.0009710000000000001	0.082039	0.088765	0.081829	0.046192000000000004	4532200.0
2013-08-27	-0.016422	0.072746	0.077294	0.064063	-0.794342	5667000.0
2013-08-26	-0.007016	0.083285	0.088007	0.074663	-0.341751	4871300.0
2013-08-23	-0.011618999999999999	0.082264	0.089974	0.06765499999999999	-0.572647	5979800.0
2013-08-22	0.012908000000000001	0.084314	0.10013899999999999	0.08308099999999999	0.6280789999999999	3485100.0
2013-08-21	-0.0028399999999999996	0.080415	0.08984199999999999	0.076317	-0.138558	5298000.0
2013-08-20	-0.023475	0.055253	0.063458	0.048649	-1.173015	6160700.0
2013-08-19	0.0035240000000000002	0.077448	0.089699	0.07584099999999999	0.175483	4325200.0
2013-08-16	-0.007731	0.078684	0.081872	0.073901	-0.387935	4583300.0
2013-08-15	-0.015761	0.074628	0.077766	0.060702	-0.803559	4479400.0
2013-08-14	0.0065650000000000005	0.08780299999999999	0.092343	0.084052	0.332512	4784700.0
2013-08-13	-0.006881999999999999	0.082277	0.08521799999999999	0.071494	-0.35099	4612600.0
2013-08-12	-0.002709	0.079541	0.081105	0.074653	-0.138546	3247400.0
2013-08-09	-0.009127	0.080345	0.080732	0.071238	-0.471054	3868100.0
2013-08-08	0.012686	0.088752	0.098366	0.08678999999999999	0.6465489999999999	4641500.0
2013-08-07	0.000907	0.080902	0.08699	0.076974	0.046181	3839300.0
2013-08-06	-0.004155	0.082474	0.085016	0.077389	-0.212441	4429600.0
2013-08-05	0.007645	0.079123	0.092917	0.077349	0.38794	5395300.0
2013-08-02	-0.009912	0.071353	0.076231	0.060427	-0.508007	11814400.0
2013-08-01	0.004526	0.08463	0.090117	0.082474	0.23090700000000003	4418300.0
2013-07-31	0.003087	0.08404600000000001	0.096038	0.081883	0.157021	4376700.0
2013-07-30	-0.004519	0.087562	0.09402100000000001	0.076994	-0.23091199999999998	4319100.0
2013-07-29	-0.005036	0.081501	0.082475	0.074686	-0.258621	2831700.0
2013-07-26	0.003973	0.079737	0.086971	0.072113	0.203209	2671700.0
2013-07-25	0.0052640000000000004	0.084438	0.091317	0.078936	0.267849	4180700.0
2013-07-24	-0.00703	0.083255	0.08540199999999999	0.073693	-0.360218	3155400.0
2013-07-23	0.0	0.082084	0.085597	0.07622999999999999	0.0	4099600.0
2013-07-22	0.008361	0.08129199999999999	0.093689	0.08129199999999999	0.42487700000000006	4019000.0
2013-07-19	0.00585	0.08167999999999999	0.09098200000000001	0.077127	0.295559	7319300.0
2013-07-18	0.005515	0.083466	0.089635	0.081077	0.277092	4708000.0
2013-07-17	0.016442	0.092986	0.10815799999999999	0.090761	0.812805	5190200.0
2013-07-16	-0.003166	0.08146	0.088719	0.07541	-0.157013	3623600.0
2013-07-15	0.004678	0.085506	0.092192	0.08429	0.230908	4725500.0
2013-07-12	-0.005582	0.067761	0.078842	0.06373200000000001	-0.277092	5866200.0
2013-07-11	0.013962	0.09084099999999999	0.098399	0.090024	0.683502	5063400.0
2013-07-10	0.002269	0.081032	0.088402	0.07877999999999999	0.110832	4333300.0
2013-07-09	0.0017050000000000001	0.085951	0.086771	0.076312	0.08313	4269500.0
2013-07-08	0.0072510000000000005	0.086801	0.094445	0.084735	0.350987	4606400.0
2013-07-05	0.017077000000000002	0.089813	0.101369	0.089393	0.812797	3673200.0
2013-07-03	-0.005404	0.07953500000000001	0.083923	0.071594	-0.258617	2259100.0
2013-07-02	0.000773	0.082879	0.093544	0.08016000000000001	0.036945	4872100.0
2013-07-01	0.011269	0.101003	0.11305799999999999	0.097831	0.532829	4715800.0
2013-06-28	-0.008858	0.088525	0.093556	0.07888300000000001	-0.422588	6747100.0
2013-06-27	-0.0013460000000000002	0.09124600000000001	0.09312999999999999	0.082454	-0.064312	4382200.0
2013-06-26	0.00328	0.100076	0.108057	0.092096	0.156181	4362200.0
2013-06-25	0.004847	0.097389	0.101398	0.084093	0.22966	3921300.0
2013-06-24	-0.017337	0.079815	0.083133	0.061565999999999996	-0.83599	6412400.0
2013-06-21	0.025394999999999997	0.098732	0.11744500000000001	0.09851900000000001	1.1942709999999999	8406400.0
2013-06-20	-0.016522	0.08036900000000001	0.087061	0.067821	-0.7900510000000001	7158700.0
2013-06-19	-0.01644	0.089965	0.093873	0.07063	-0.799251	5714900.0
2013-06-18	-0.011026000000000001	0.077947	0.083236	0.066962	-0.5420119999999999	5610000.0
2013-06-17	0.011149	0.093667	0.106626	0.09222799999999999	0.5420119999999999	6131000.0
2013-06-14	0.002653	0.090588	0.09925	0.085226	0.128627	5463600.0
2013-06-13	0.02267	0.08557200000000001	0.114678	0.077558	1.074841	5175400.0
2013-06-12	-0.008834	0.092497	0.097096	0.077445	-0.422596	4856600.0
2013-06-11	0.000769	0.080785	0.095848	0.075136	0.036758	5355600.0
2013-06-10	-0.0009599999999999999	0.086853	0.09166	0.079747	-0.045936000000000005	3972600.0
2013-06-07	0.011655	0.092543	0.102269	0.091063	0.551208	4558100.0
2013-06-06	0.010204000000000001	0.09023400000000001	0.099632	0.080835	0.477696	4679500.0
2013-06-05	-0.008945999999999999	0.084715	0.091277	0.078364	-0.42258100000000004	5508000.0
2013-06-04	-0.012294	0.082462	0.089153	0.074934	-0.587952	5895200.0
2013-06-03	0.020584	0.093433	0.11093199999999999	0.091086	0.9646110000000001	6809100.0
2013-05-31	-0.019039	0.08706	0.091874	0.066545	-0.9094959999999999	8285300.0
2013-05-30	0.004443	0.090418	0.096515	0.087474	0.2113	6884000.0
2013-05-29	-0.00404	0.080149	0.088525	0.074076	-0.192917	4869000.0
2013-05-28	0.012662999999999999	0.09297899999999999	0.11100399999999999	0.09297899999999999	0.5971380000000001	7224200.0
2013-05-24	-0.002526	0.08239099999999999	0.092967	0.07393	-0.11943499999999999	4000300.0
2013-05-23	-0.001358	0.070992	0.09106	0.070992	-0.064297	6685300.0
2013-05-22	-0.015663999999999997	0.080832	0.093724	0.06274199999999999	-0.753315	11185800.0
2013-05-21	0.049308	0.130635	0.17449	0.130635	2.259934	14006300.0
2013-05-20	0.001003	0.085249	0.09376699999999999	0.083065	0.045944	5068400.0
2013-05-17	0.004029	0.088087	0.09291100000000001	0.07975399999999999	0.183727	5564600.0
2013-05-16	-0.007398999999999999	0.081995	0.08569600000000001	0.078513	-0.339916	3683800.0
2013-05-15	0.0018030000000000001	0.0846	0.093977	0.081112	0.082691	4523300.0
2013-05-14	0.01155	0.088305	0.10131799999999999	0.085878	0.523632	3615800.0
2013-05-13	0.0036609999999999998	0.082548	0.09782300000000001	0.082548	0.16536800000000001	3408100.0
2013-05-10	0.006139	0.086075	0.096098	0.086075	0.275604	3538900.0
2013-05-09	0.0012289999999999998	0.085849	0.097223	0.085849	0.055115	3879500.0
2013-05-08	0.014761000000000002	0.086715	0.105046	0.084452	0.652263	4231000.0
2013-05-07	0.008386	0.09057899999999999	0.097653	0.085102	0.36746599999999996	3468900.0
2013-05-06	-0.00041900000000000005	0.087385	0.096965	0.0867	-0.018375	2682800.0
2013-05-03	0.005902	0.091967	0.100686	0.09059	0.257225	3485000.0
2013-05-02	0.016935	0.08759199999999999	0.107426	0.08479199999999999	0.725754	3700500.0
2013-05-01	-0.000642	0.08596000000000001	0.09692	0.078731	-0.02755	4068900.0
2013-04-30	-0.0034159999999999998	0.084342	0.087131	0.07295499999999999	-0.14699600000000002	4751000.0
2013-04-29	0.010354	0.093456	0.100735	0.092987	0.44097200000000003	4225200.0
2013-04-26	-0.014246	0.089451	0.09199700000000001	0.07186100000000001	-0.615517	3498000.0
2013-04-25	0.013796000000000001	0.09110599999999999	0.11011300000000002	0.090168	0.587956	4116700.0
2013-04-24	-0.004293	0.09203	0.09553400000000001	0.082451	-0.18373499999999998	2574700.0
2013-04-23	0.011507	0.091834	0.106959	0.091125	0.486888	3309100.0
2013-04-22	0.0006519999999999999	0.09491000000000001	0.097039	0.08285	0.027569	2472700.0
2013-04-19	0.009208	0.090673	0.100458	0.083752	0.385842	4586400.0
2013-04-18	-0.015966	0.08829	0.089699	0.06598	-0.679825	3159300.0
2013-04-17	-0.006431	0.08455800000000001	0.089925	0.074758	-0.275604	4309700.0
2013-04-16	0.009085	0.091822	0.099121	0.083816	0.385849	4260000.0
2013-04-15	-0.020551	0.08299	0.09014	0.065694	-0.8911100000000001	5189000.0
2013-04-12	-0.010897	0.08350700000000001	0.087841	0.070049	-0.47771800000000003	4540300.0
2013-04-11	0.010161	0.09106	0.105577	0.088525	0.440964	5282200.0
2013-04-10	0.010265	0.090387	0.10179400000000001	0.089922	0.440963	3201900.0
2013-04-09	0.008193	0.092045	0.10331099999999999	0.089698	0.349091	4273500.0
2013-04-08	0.0021609999999999997	0.090407	0.092053	0.084527	0.091877	3241700.0
2013-04-05	-0.017827000000000003	0.076975	0.078823	0.066579	-0.771687	3861400.0
2013-04-04	0.002127	0.090146	0.09222999999999999	0.077876	0.091877	4387500.0
2013-04-03	-0.001062	0.08644400000000001	0.093382	0.084131	-0.045939999999999995	4855500.0
2013-04-02	0.011325	0.100385	0.11044100000000001	0.095473	0.48421800000000004	4953500.0
2013-04-01	-0.003407	0.093139	0.094538	0.084516	-0.146179	2809800.0
2013-03-28	0.009458	0.092891	0.10606700000000001	0.088891	0.401993	4411500.0
2013-03-27	-0.002787	0.08796799999999999	0.092896	0.07999099999999999	-0.118771	2613500.0
2013-03-26	0.020118	0.10243599999999999	0.116558	0.098368	0.840542	4236900.0
2013-03-25	-0.005654	0.098584	0.09882200000000001	0.085494	-0.23754899999999998	3401300.0
2013-03-22	0.00371	0.09621	0.09979299999999999	0.09429900000000001	0.155324	3323200.0
2013-03-21	0.006148	0.089491	0.10511300000000001	0.08828899999999999	0.255817	5703000.0
2013-03-20	0.009309	0.103756	0.10933599999999999	0.100603	0.38372399999999995	3578300.0
2013-03-19	0.000221	0.098663	0.106912	0.087501	0.009125	3853300.0
2013-03-18	-0.006825	0.08465800000000001	0.093092	0.079597	-0.283211	3444000.0
2013-03-15	-0.011535	0.090965	0.094776	0.081913	-0.484234	6510200.0
2013-03-14	0.001744	0.09764	0.097879	0.090482	0.073098	2971600.0
2013-03-13	-0.002826	0.09311	0.0943	0.082165	-0.11876700000000001	2923400.0
2013-03-12	-0.004545	0.094538	0.095249	0.08719500000000001	-0.191864	3763800.0
2013-03-11	0.013377000000000002	0.094538	0.10918	0.092138	0.557304	3877900.0
2013-03-08	-0.002843	0.099564	0.101	0.089272	-0.11876700000000001	3988800.0
2013-03-07	-0.006518	0.0943	0.099531	0.084313	-0.27410500000000004	2647900.0
2013-03-06	0.005461	0.098842	0.10242799999999999	0.094777	0.22842800000000002	3028700.0
2013-03-05	0.011489	0.100342	0.11243299999999999	0.097924	0.475075	4082500.0
2013-03-04	0.000663	0.08897200000000001	0.095264	0.082196	0.027408	3485900.0
2013-03-01	0.006005	0.090643	0.103059	0.083583	0.24668600000000002	4365000.0
2013-02-28	0.00943	0.099207	0.110757	0.091589	0.383728	5498400.0
2013-02-27	0.00952	0.094538	0.106446	0.092553	0.38372399999999995	4087300.0
2013-02-26	0.005469	0.101771	0.10900499999999999	0.08530900000000001	0.219261	7409000.0
2013-02-25	-0.018783	0.101391	0.11265	0.073979	-0.767441	6608600.0
2013-02-22	-0.00022400000000000002	0.101145	0.103102	0.090133	-0.00914	4313100.0
2013-02-21	-0.00067	0.094783	0.096739	0.08744600000000001	-0.027405000000000002	6103700.0
2013-02-20	-0.022708000000000002	0.09549400000000001	0.09549400000000001	0.062036	-0.9501799999999999	9916300.0
2013-02-19	-0.028013	0.06829	0.07432899999999999	0.045061000000000004	-1.205978	9472800.0
2013-02-15	-0.00106	0.09059299999999999	0.093378	0.081312	-0.045681	7276500.0
2013-02-14	0.0038299999999999996	0.087783	0.10106	0.08359	0.164448	4441400.0
2013-02-13	-0.002547	0.097094	0.100114	0.08919400000000001	-0.10963900000000001	3048400.0
2013-02-12	-0.00233	0.097088	0.09871	0.090365	-0.100502	3304900.0
2013-02-11	0.002548	0.094306	0.097327	0.091285	0.10964600000000001	3083100.0
2013-02-08	0.007271	0.096411	0.104369	0.093836	0.310635	3099500.0
2013-02-07	-0.004047	0.09220700000000001	0.095704	0.079851	-0.173584	3492200.0
2013-02-06	0.003848	0.089857	0.09875	0.082368	0.164436	4327900.0
2013-02-05	0.011243000000000001	0.10329400000000001	0.112997	0.100928	0.47509399999999996	3740000.0
2013-02-04	-0.014280000000000001	0.08614	0.090572	0.078442	-0.612133	3630600.0
2013-02-01	0.006867	0.10041	0.10698699999999998	0.096417	0.292362	4374500.0
2013-01-31	-0.001286	0.08984600000000001	0.09500700000000001	0.083513	-0.054817	6369900.0
2013-01-30	0.000429	0.095946	0.101813	0.08961000000000001	0.018276	3564600.0
2013-01-29	0.0032270000000000003	0.092184	0.10466199999999999	0.090536	0.137047	4616000.0
2013-01-28	0.001508	0.095481	0.098075	0.091001	0.06395	3090300.0
2013-01-25	-0.000646	0.08770399999999999	0.09548	0.086997	-0.02742	4243300.0
2013-01-24	0.011983	0.09573	0.108607	0.093822	0.502498	4024400.0
2013-01-23	-0.006494	0.09098400000000001	0.094538	0.079375	-0.27409	4116000.0
2013-01-22	0.011604999999999999	0.091422	0.10747999999999999	0.080398	0.484227	7128000.0
2013-01-18	0.011068999999999999	0.101323	0.106654	0.08920700000000001	0.45681700000000003	6347800.0
2013-01-17	0.027993	0.106993	0.132899	0.104502	1.123757	7958700.0
2013-01-16	-0.004305	0.092802	0.095778	0.086353	-0.17358800000000002	3221500.0
2013-01-15	-0.0020350000000000004	0.08934	0.0933	0.084637	-0.08223	3812700.0
2013-01-14	0.003404	0.092551	0.09876	0.087087	0.13705499999999998	3126300.0
2013-01-11	0.005017	0.092291	0.10127699999999999	0.092291	0.200996	3212000.0
2013-01-10	0.010834	0.09655599999999999	0.109425	0.09655599999999999	0.42940500000000004	4241100.0
2013-01-09	0.006263	0.09987	0.113326	0.097838	0.24666999999999997	3442200.0
2013-01-08	-0.001158	0.094538	0.098342	0.08794400000000001	-0.045681	4137600.0
2013-01-07	0.011720999999999999	0.090946	0.115577	0.08761000000000001	0.456818	6807700.0
2013-01-04	0.0044740000000000005	0.097631	0.10072300000000001	0.091961	0.173591	4219900.0
2013-01-03	0.014088	0.097413	0.11126400000000002	0.096106	0.53904	5338600.0
2013-01-02	0.020965	0.106012	0.11748499999999999	0.098274	0.785721	6521500.0
2012-12-31	0.006626000000000001	0.090509	0.102596	0.081914	0.246677	4689100.0
2012-12-28	-0.014272	0.088978	0.09109600000000001	0.077064	-0.539036	3055100.0
2012-12-27	0.005106	0.094538	0.101989	0.084691	0.191853	3863800.0
2012-12-26	-0.013669	0.093225	0.093488	0.075639	-0.520767	3485800.0
2012-12-24	-0.007615	0.09063099999999999	0.09349600000000001	0.08229500000000001	-0.29235500000000003	1594200.0
2012-12-21	-0.015463999999999999	0.089665	0.089665	0.071714	-0.603	6718000.0
2012-12-20	0.0056549999999999994	0.094796	0.103307	0.085254	0.219284	3232400.0
2012-12-19	-0.008412000000000001	0.094026	0.095816	0.08482	-0.328919	4275700.0
2012-12-18	0.013258	0.09790700000000001	0.111381	0.090392	0.5116390000000001	3837000.0
2012-12-17	0.009078	0.09689099999999999	0.10682699999999999	0.094538	0.347175	3717600.0
2012-12-14	-0.007821999999999999	0.091684	0.094279	0.084161	-0.301494	3133200.0
2012-12-13	-0.004248	0.098413	0.099963	0.08653	-0.164452	2505600.0
2012-12-12	0.001645	0.108241	0.113157	0.100219	0.063557	4653000.0
2012-12-11	-0.0009390000000000001	0.098152	0.106425	0.094016	-0.036316	5120100.0
2012-12-10	0.0009400000000000001	0.09840800000000001	0.11031099999999999	0.09582	0.036316	2800800.0
2012-12-07	0.0014119999999999998	0.103327	0.103845	0.094776	0.054480999999999995	3006600.0
2012-12-06	0.011183	0.101779	0.113569	0.09732400000000001	0.42679300000000003	4012200.0
2012-12-05	0.004061	0.105727	0.113882	0.097834	0.154361	3658800.0
2012-12-04	-0.000239	0.10204400000000001	0.10756700000000001	0.094679	-0.009075	6245900.0
2012-12-03	-0.005699	0.1057	0.111454	0.091317	-0.21793	4957800.0
2012-11-30	-0.003078	0.104644	0.10803299999999999	0.096301	-0.118046	6591200.0
2012-11-29	-0.008218000000000001	0.10720199999999999	0.10720199999999999	0.08858400000000001	-0.317825	6219100.0
2012-11-28	0.0042439999999999995	0.09891699999999999	0.106188	0.088271	0.163452	3683900.0
2012-11-27	-0.009112	0.09971100000000001	0.1064	0.090705	-0.354145	4221300.0
2012-11-26	-0.010862	0.093365	0.09565599999999999	0.084712	-0.42677299999999996	4280900.0
2012-11-23	0.012164	0.10614900000000001	0.11465	0.1028	0.472183	1838200.0
2012-11-21	0.0021100000000000003	0.10280299999999999	0.11003099999999999	0.09764	0.081719	5359300.0
2012-11-20	0.02033	0.118375	0.13180799999999998	0.11337	0.7718430000000001	5143200.0
2012-11-19	0.017275	0.108221	0.120279	0.10688099999999999	0.644726	5154800.0
2012-11-16	0.005628	0.102871	0.11068499999999999	0.092362	0.20885	5433700.0
2012-11-15	0.0024530000000000003	0.099634	0.106116	0.09234099999999999	0.090805	3990700.0
2012-11-14	-0.012833	0.10205399999999999	0.10925399999999999	0.084189	-0.48126599999999997	5047900.0
2012-11-13	-0.00458	0.097538	0.112402	0.095946	-0.172534	4150400.0
2012-11-12	0.008018	0.103127	0.115435	0.095636	0.299659	2992000.0
2012-11-09	0.002436	0.09964500000000001	0.10983699999999999	0.093208	0.090809	3926500.0
2012-11-08	-0.010841	0.100724	0.105234	0.088785	-0.40862600000000004	4583000.0
2012-11-07	-0.030367	0.09045	0.091994	0.057523000000000005	-1.1804780000000001	6640200.0
2012-11-06	0.014455	0.09995	0.12213099999999999	0.096035	0.553921	4809700.0
2012-11-05	0.004762	0.097845	0.10912000000000001	0.09207699999999999	0.181599	4632500.0
2012-11-02	-0.005917	0.11063800000000001	0.115329	0.092132	-0.22700900000000002	5083800.0
2012-11-01	0.016114	0.101784	0.122972	0.09754600000000001	0.608402	5225500.0
2012-10-31	-0.000481	0.10893199999999999	0.112108	0.09410700000000001	-0.018154	4411300.0
2012-10-26	-0.006686	0.097836	0.101254	0.08731799999999999	-0.254269	3169300.0
2012-10-25	0.0045579999999999996	0.113141	0.114462	0.0965	0.172539	3349700.0
2012-10-24	0.00337	0.110001	0.114507	0.101255	0.127133	4179200.0
2012-10-23	-0.022123	0.092443	0.09322000000000001	0.076633	-0.8535729999999999	4042300.0
2012-10-22	0.011666	0.097583	0.115151	0.097583	0.444931	3966400.0
2012-10-19	-0.027326999999999997	0.10151	0.101765	0.07014	-1.071491	7312800.0
2012-10-18	-0.002541	0.09336799999999999	0.100237	0.086245	-0.099888	6136700.0
2012-10-17	-0.011644	0.094466	0.101254	0.08616900000000001	-0.463108	4478200.0
2012-10-16	0.015299	0.109423	0.121932	0.10661500000000002	0.5993229999999999	3547400.0
2012-10-15	0.002091	0.100231	0.104324	0.094604	0.081722	3627300.0
2012-10-12	0.005371	0.102798	0.117971	0.10176900000000001	0.208851	4096400.0
2012-10-11	0.006345	0.118336	0.119371	0.107725	0.245171	3727100.0
2012-10-10	-0.015274000000000001	0.097177	0.105332	0.079591	-0.59932	6018500.0
2012-10-09	-0.022619	0.08680700000000001	0.092038	0.071612	-0.9080469999999999	7581400.0
2012-10-08	-0.010298	0.09731000000000001	0.101008	0.069699	-0.417705	4453000.0
2012-10-05	0.014766	0.10450699999999999	0.120518	0.10450699999999999	0.590237	6373200.0
2012-10-04	0.011023999999999999	0.09746	0.114659	0.096954	0.435852	4602800.0
2012-10-03	0.002072	0.10353599999999999	0.106324	0.095678	0.081733	3255300.0
2012-10-02	0.010169	0.10861199999999999	0.119878	0.10758800000000002	0.397171	4873700.0
2012-10-01	0.003479	0.111698	0.127627	0.10733	0.135399	4709900.0
2012-09-28	-0.00828	0.102494	0.106825	0.08899	-0.324955	4720500.0
2012-09-27	0.009519	0.11118800000000001	0.120448	0.11015899999999999	0.370087	3097900.0
2012-09-26	-0.005542	0.112193	0.11705299999999999	0.10170499999999999	-0.21664099999999997	4700400.0
2012-09-25	-0.009151000000000001	0.112153	0.11620799999999999	0.09719900000000001	-0.361061	5982400.0
2012-09-24	0.008304	0.10631099999999999	0.11908900000000001	0.10273299999999999	0.324952	3638200.0
2012-09-21	0.00417	0.108358	0.115543	0.10579100000000001	0.16249	5526600.0
2012-09-20	0.007937999999999999	0.10525799999999999	0.118967	0.104223	0.30689299999999997	4449500.0
2012-09-19	-0.003026	0.108876	0.10990699999999999	0.102171	-0.11734000000000001	4968200.0
2012-09-18	0.0020989999999999997	0.10035	0.112496	0.095699	0.081237	4456200.0
2012-09-17	-0.004181	0.104242	0.11119000000000001	0.097808	-0.16247899999999998	4782100.0
2012-09-14	0.017731	0.10313	0.127487	0.100511	0.676991	6048500.0
2012-09-13	0.015606	0.108376	0.12673	0.105716	0.586727	3949600.0
2012-09-12	-0.00072	0.10997	0.115021	0.10492	-0.027085	3550800.0
2012-09-11	0.005306	0.110516	0.119601	0.109447	0.19858599999999998	4415300.0
2012-09-10	-0.0036049999999999997	0.104117	0.109974	0.10278499999999999	-0.135399	3292700.0
2012-09-07	0.000721	0.110508	0.112374	0.103048	0.027076999999999997	3693800.0
2012-09-06	0.017871	0.11570899999999999	0.130083	0.11272599999999999	0.6589510000000001	4484400.0
2012-09-05	-0.008736	0.10918800000000001	0.111608	0.09494	-0.324967	4906200.0
