2017-09-01	-0.003720	0.001419	0.002888	-0.005335	-0.760009	1411100.000000
2016-09-01	0.004129	0.025277	0.030194	0.022361000000000002	0.7220310000000001	1095300.0
2016-08-31	-0.005051	0.021122	0.022715	0.015944999999999997	-0.8879090000000001	1636000.0
2016-08-30	-0.001939	0.026126	0.027829000000000003	0.01971	-0.341492	1039800.0
2016-08-29	0.006075	0.027447000000000003	0.032246	0.024134	1.0635379999999999	1051800.0
2016-08-26	-0.000947	0.028357999999999998	0.034407	0.02111	-0.165894	1324700.0
2016-08-25	0.0009480000000000001	0.023049	0.030075	0.02282	0.165894	840300.0
2016-08-24	-0.002003	0.022824	0.025960000000000004	0.020544	-0.351288	1137100.0
2016-08-23	0.003909	0.027967000000000002	0.03329	0.026079	0.683029	1195800.0
2016-08-22	-0.003007	0.022423	0.024762	0.017800999999999997	-0.5269010000000001	1336400.0
2016-08-19	0.0024	0.021902	0.028308999999999997	0.018585	0.41958599999999996	1305300.0
2016-08-18	-0.003836	0.023908000000000002	0.023908000000000002	0.017526	-0.6732640000000001	1087900.0
2016-08-17	0.009711	0.027926	0.036095	0.025912	1.687989	1358500.0
2016-08-16	-0.007254999999999999	0.02875	0.029949	0.023552	-1.2702790000000002	1363600.0
2016-08-15	0.001609	0.035439	0.03767	0.03235	0.281235	1268200.0
2016-08-12	-0.004033	0.033941000000000006	0.033941000000000006	0.024995	-0.707901	1232900.0
2016-08-11	0.012191	0.032762	0.044411	0.031609	2.113906	2043400.0
2016-08-10	0.002411	0.029702	0.033922	0.028141000000000003	0.41697700000000004	1226300.0
2016-08-09	-0.001064	0.03005	0.033111	0.027567	-0.18423399999999998	1098900.0
2016-08-08	5.6000000000000006e-05	0.033168	0.033861	0.02953	0.009689	1327700.0
2016-08-05	0.004274	0.033815	0.038222000000000006	0.028711	0.736954	1799500.0
2016-08-04	-0.003195	0.034616	0.037275	0.026983999999999998	-0.552719	1071800.0
2016-08-03	0.00011200000000000001	0.033344	0.035715	0.029008	0.019409	1419300.0
2016-08-02	0.000393	0.03294	0.033171	0.025189	0.067871	2115100.0
2016-08-01	-0.000392	0.023862	0.032303	0.023862	-0.067871	1598400.0
2016-07-29	0.002135	0.032016	0.03613	0.029176999999999998	0.36848400000000003	1621900.0
2016-07-28	-0.001627	0.027676	0.031841	0.024089	-0.281219	1799500.0
2016-07-27	0.0034340000000000004	0.029812	0.038693	0.029812	0.591507	2359700.0
2016-07-26	-0.010967	0.01714	0.027587999999999998	0.011226	-1.910279	3421600.0
2016-07-25	-0.004489	0.029891	0.031148000000000002	0.022576	-0.7854300000000001	1937000.0
2016-07-22	0.000999	0.032178	0.032806999999999996	0.026114	0.174545	1205600.0
2016-07-21	-0.0063939999999999995	0.030524000000000003	0.032059	0.021486	-1.1248479999999998	1870800.0
2016-07-20	0.000993	0.034051	0.037123	0.031718	0.17453	1413300.0
2016-07-19	0.000718	0.031263	0.034337	0.026593000000000002	0.12606900000000001	1051300.0
2016-07-18	-0.001599	0.03149	0.032968	0.027568000000000002	-0.28118899999999997	1224400.0
2016-07-15	0.002764	0.034683	0.036621	0.029324	0.484817	2475200.0
2016-07-14	0.00943	0.036672	0.043405	0.035118	1.6387639999999999	1904300.0
2016-07-13	0.000279	0.031608	0.034198	0.028557	0.048492	1491500.0
2016-07-12	0.00646	0.03555	0.040648000000000004	0.031377999999999996	1.1151280000000001	1912900.0
2016-07-11	0.005025	0.032951	0.039123000000000005	0.03167	0.863037	1659500.0
2016-07-08	0.012866999999999998	0.037160000000000006	0.048483	0.036864999999999995	2.181778	2726600.0
2016-07-07	-0.001656	0.030851	0.034089	0.025199	-0.28120500000000004	1842300.0
2016-07-06	-0.002676	0.028738	0.030323000000000003	0.022044	-0.45574899999999996	2383300.0
2016-07-05	0.000513	0.027268	0.032673	0.019337	0.08728	2353600.0
2016-07-01	0.002398	0.031381	0.036916000000000004	0.030026	0.40727199999999997	1930900.0
2016-06-30	0.020988999999999997	0.034509	0.053028	0.034509	3.49086	2449400.0
2016-06-29	0.01138	0.039958	0.045006	0.035945	1.871491	1894100.0
2016-06-28	0.014355000000000001	0.037123	0.046560000000000004	0.036012	2.327255	2237300.0
2016-06-27	-0.011412	0.023091999999999998	0.023397	0.007115000000000001	-1.8715060000000001	2544100.0
2016-06-24	-0.02866	0.000226	0.016040000000000002	-0.002558	-4.838729	4567500.0
2016-06-23	0.016819	0.040175999999999996	0.048849000000000004	0.038671	2.792694	2021600.0
2016-06-22	-0.000817	0.034031	0.038665	0.028976	-0.135758	1369600.0
2016-06-21	0.0008179999999999999	0.030962	0.035719	0.030239	0.135758	1889100.0
2016-06-20	0.013555000000000001	0.043227	0.054825	0.040969	2.220581	2162800.0
2016-06-17	-0.005826	0.031626999999999995	0.031687	0.022099	-0.959992	3448000.0
2016-06-16	0.012694	0.028497	0.04718	0.024011	2.06543	2632100.0
2016-06-15	0.001134	0.033355	0.038954	0.030400999999999997	0.18423499999999998	1694200.0
2016-06-14	0.002872	0.03225	0.035459	0.027992000000000003	0.465454	2021400.0
2016-06-13	-0.008484	0.03059	0.031751999999999996	0.022391	-1.386658	2129900.0
2016-06-10	-0.009228	0.02605	0.026232	0.017624	-1.5224	2123400.0
2016-06-09	-0.007525	0.025727999999999997	0.031564	0.01911	-1.250885	2208800.0
2016-06-08	0.002984	0.031504000000000004	0.037417	0.029693999999999998	0.494522	1684900.0
2016-06-07	0.00488	0.032293	0.039812	0.032112	0.804856	1723100.0
2016-06-06	0.010095999999999999	0.034141000000000005	0.044798000000000004	0.032549	1.648452	1510700.0
2016-06-03	0.002023	0.031324	0.035068	0.028010000000000004	0.32969699999999996	1424400.0
2016-06-02	-0.003853	0.031385	0.031385	0.022581999999999998	-0.6302949999999999	1980500.0
2016-06-01	0.002198	0.027954000000000003	0.035	0.023727	0.35878000000000004	1228200.0
2016-05-31	-0.003375	0.033888	0.036514	0.023752000000000002	-0.552719	2169600.0
2016-05-27	-0.000118	0.031263	0.031994999999999996	0.027416000000000003	-0.019409	1097600.0
2016-05-26	-0.006353	0.031383999999999995	0.035995	0.022405	-1.0472569999999999	1563900.0
2016-05-25	0.008065000000000001	0.033525	0.041843	0.031997000000000005	1.3187870000000002	1860000.0
2016-05-24	0.015171	0.037781	0.047901	0.034925	2.443588	1627400.0
2016-05-23	0.006666	0.03295	0.04095	0.0282	1.066681	1653500.0
2016-05-20	-0.000606	0.032137	0.039757	0.030137999999999998	-0.09697	1746500.0
2016-05-19	-0.010251	0.022299	0.026563999999999997	0.008699	-1.6581869999999999	1657300.0
2016-05-18	0.00072	0.030025	0.038872000000000004	0.025447	0.116378	1624400.0
2016-05-17	-0.010263	0.038252	0.040517000000000004	0.023066999999999997	-1.6761169999999999	2126000.0
2016-05-16	0.007308	0.03924	0.047874	0.038807999999999995	1.1848450000000001	1826200.0
2016-05-13	-0.010754999999999999	0.037519	0.039533	0.023913999999999998	-1.7627709999999999	1875900.0
2016-05-12	0.002238	0.03868	0.043388	0.031952999999999995	0.366043	1741900.0
2016-05-11	-0.002878	0.037764	0.044288	0.033922	-0.472	1786400.0
2016-05-10	0.010325	0.042503	0.049649	0.041086000000000004	1.676086	1732600.0
2016-05-09	-0.002191	0.036285000000000005	0.039113	0.030752999999999996	-0.356415	1301300.0
2016-05-06	0.0066760000000000005	0.038563	0.04605	0.033365	1.078858	1628300.0
2016-05-05	0.0036490000000000003	0.039993	0.045396	0.038316	0.587585	1680200.0
2016-05-04	-0.004822	0.028241000000000002	0.036461	0.027745999999999996	-0.780243	2118100.0
2016-05-03	-0.002198	0.032271	0.036465	0.027769	-0.35638400000000003	1916300.0
2016-05-02	0.0057350000000000005	0.037633	0.045076	0.035401	0.9247280000000001	1700300.0
2016-04-29	0.002275	0.038005000000000004	0.042977999999999995	0.035021	0.36601300000000003	1961200.0
2016-04-28	-0.004529999999999999	0.032498	0.04438	0.028475999999999998	-0.732056	1654700.0
2016-04-27	0.009507999999999999	0.04319	0.051873	0.037630000000000004	1.521943	2227700.0
2016-04-26	-0.013066	0.032704000000000004	0.034492	0.017105000000000002	-2.1191869999999997	3192100.0
2016-04-25	-0.0016600000000000002	0.034067	0.037206	0.025695999999999997	-0.269714	2378300.0
2016-04-22	0.0	0.040776	0.0449	0.033144	0.0	1802300.0
2016-04-21	-0.001657	0.038314	0.0428	0.034873	-0.269715	1635000.0
2016-04-20	-0.004185	0.041128	0.043025	0.031827	-0.6838989999999999	1439700.0
2016-04-19	0.00059	0.040395	0.045599	0.03519	0.09628300000000001	1849100.0
2016-04-18	0.004562	0.036223000000000005	0.044834	0.035731	0.741745	1146600.0
2016-04-15	0.0036869999999999997	0.039117	0.043315	0.038377	0.597245	1417000.0
2016-04-14	-0.0025510000000000003	0.040654	0.040654	0.033757999999999996	-0.41421499999999994	1213400.0
2016-04-13	0.003333	0.040848	0.043504	0.036152	0.539413	1545900.0
2016-04-12	0.008643999999999999	0.040747000000000005	0.049408999999999995	0.040248	1.387116	1636500.0
2016-04-11	-0.00023999999999999998	0.041181999999999996	0.046416000000000006	0.037756	-0.038529	1521100.0
2016-04-08	-0.003171	0.041545	0.043283999999999996	0.031546	-0.510544	1729300.0
2016-04-07	0.002098	0.032342	0.040743	0.028421	0.33712800000000004	2728300.0
2016-04-06	0.006031	0.035187	0.046081	0.032056	0.963303	2092200.0
2016-04-05	-0.003546	0.030518	0.039064999999999996	0.027212	-0.568329	1617400.0
2016-04-04	-0.006745	0.035526999999999996	0.037882	0.028152999999999997	-1.088486	2022800.0
2016-04-01	0.0054009999999999996	0.031899000000000004	0.045045	0.026666000000000002	0.866928	2011600.0
2016-03-31	-0.00072	0.038130000000000004	0.042799000000000004	0.036573	-0.115585	1777200.0
2016-03-30	0.014356	0.044318	0.056001	0.042992	2.27333	2195300.0
2016-03-29	-0.011366	0.029700999999999998	0.030076	0.018401	-1.820587	2525000.0
2016-03-28	0.011066	0.041096	0.05195399999999999	0.038887	1.7531439999999998	2336700.0
2016-03-24	0.0011560000000000001	0.034401	0.039836	0.030418999999999998	0.182998	1868800.0
2016-03-23	-0.0038810000000000003	0.036177999999999995	0.038633	0.029001999999999997	-0.6164850000000001	2305000.0
2016-03-22	0.000425	0.035988	0.042286000000000004	0.035295	0.067428	2146300.0
2016-03-21	-0.002964	0.036371	0.038004	0.032353	-0.47198500000000004	2095100.0
2016-03-18	0.009649	0.040665	0.048146	0.039080000000000004	1.521973	5853000.0
2016-03-17	0.00528	0.03985	0.047498	0.037811000000000004	0.8284	2790000.0
2016-03-16	0.002956	0.035253	0.043819	0.032441000000000005	0.462387	1927700.0
2016-03-15	0.003708	0.027544	0.042556000000000004	0.022347	0.5779569999999999	1827900.0
2016-03-14	-0.000433	0.036398	0.043837	0.032486	-0.067444	1747300.0
2016-03-11	0.012445999999999999	0.046245999999999995	0.052154	0.043064	1.9169310000000002	1697200.0
2016-03-10	-0.00125	0.042539	0.042733	0.026392000000000002	-0.192688	1875700.0
2016-03-09	-0.000686	0.040074	0.041888	0.033723	-0.10592599999999999	1883000.0
2016-03-08	-0.002304	0.030565	0.038388	0.030242	-0.35643	2020100.0
2016-03-07	0.003124	0.037545999999999996	0.041372000000000006	0.025807	0.48164300000000004	2012800.0
2016-03-04	0.0043289999999999995	0.038651	0.044057	0.035133	0.664658	1766300.0
2016-03-03	-0.000188	0.038129	0.039952999999999995	0.032268	-0.028914999999999996	1926000.0
2016-03-02	-0.0011279999999999999	0.033511	0.040016	0.031299	-0.173371	1807200.0
2016-03-01	0.017339	0.050571	0.056858000000000006	0.043026999999999996	2.620102	2204100.0
2016-02-29	-0.008846	0.036424	0.043705	0.028619	-1.348602	1993200.0
2016-02-26	-0.004528	0.039174	0.041460000000000004	0.032188	-0.693527	1843700.0
2016-02-25	0.011258	0.040242	0.049883	0.036743	1.7049560000000001	1718100.0
2016-02-24	0.006723999999999999	0.029289	0.047768	0.021312	1.011474	1937800.0
2016-02-23	-0.009701999999999999	0.037669	0.038064	0.021475	-1.473831	1922800.0
2016-02-22	0.00799	0.038130000000000004	0.0516	0.038130000000000004	1.204102	2207600.0
2016-02-19	-0.002105	0.039586	0.040182	0.032104	-0.317887	2121300.0
2016-02-18	0.0010220000000000001	0.03634	0.040449	0.033821	0.154114	2010200.0
2016-02-17	0.0070079999999999995	0.041267	0.048809	0.038597	1.049988	2156100.0
2016-02-16	0.010197	0.045142	0.051211	0.040152	1.512314	2140600.0
2016-02-12	0.021836	0.038130000000000004	0.06155599999999999	0.038130000000000004	3.169189	2292200.0
2016-02-11	-0.011676	0.020833	0.035065	0.014636000000000001	-1.7146599999999999	3182200.0
2016-02-10	-0.007681	0.043535000000000004	0.050698	0.027926	-1.136643	2911900.0
2016-02-09	0.005458	0.039176	0.058267	0.035779000000000005	0.803345	2968400.0
2016-02-08	0.002802	0.033094	0.052171	0.02887	0.411239	2505400.0
2016-02-05	0.000196	0.043995	0.048629	0.034591000000000004	0.028702	3368500.0
2016-02-04	0.006032	0.044944	0.058382	0.040557	0.8798219999999999	3458400.0
2016-02-03	0.031447	0.056165999999999994	0.080845	0.053337999999999997	4.447082	5766800.0
2016-02-02	-0.005782	0.037614999999999996	0.042466000000000004	0.026789	-0.8224790000000001	3581800.0
2016-02-01	-0.015033000000000001	0.034066	0.037251	0.025547999999999998	-2.170929	2701500.0
2016-01-29	0.024980000000000002	0.052160000000000005	0.07175	0.050457	3.519425	3993200.0
2016-01-28	0.012161	0.050012	0.062082000000000005	0.04326	1.692764	3067400.0
2016-01-27	0.005318	0.046858	0.06866900000000001	0.040358	0.736374	3596400.0
2016-01-26	0.052410000000000005	0.077705	0.102255	0.066608	6.89537	5129100.0
2016-01-25	-0.013975999999999999	0.041433	0.044506	0.030716000000000004	-1.864898	2805500.0
2016-01-22	0.012776000000000001	0.063695	0.06589600000000001	0.048059	1.683197	2979100.0
2016-01-21	0.005841	0.045630000000000004	0.058685	0.039445999999999995	0.765091	3355200.0
2016-01-20	-0.010333	0.03475	0.040794	0.017296000000000002	-1.367615	4136300.0
2016-01-19	-0.002163	0.056261	0.061538	0.03598	-0.286896	3399800.0
2016-01-15	-0.017637	0.0243	0.037631	0.016227000000000002	-2.381332	4632200.0
2016-01-14	0.017733000000000002	0.053319000000000005	0.07367	0.046685000000000004	2.35263	3720400.0
2016-01-13	-0.015191999999999999	0.045853	0.055503	0.028408	-2.0466	2598300.0
2016-01-12	0.002848	0.052329999999999995	0.058211	0.035729000000000004	0.382538	2363500.0
2016-01-11	-0.00021400000000000002	0.049203	0.052626	0.037592	-0.028687	2775500.0
2016-01-08	-0.0034049999999999996	0.048523000000000004	0.056978999999999995	0.040067	-0.45903	2664000.0
2016-01-07	-0.024362	0.031374	0.035788	0.017696	-3.366424	3553500.0
2016-01-06	-0.020141	0.032369999999999996	0.033576	0.016983	-2.840378	2997100.0
2016-01-05	0.004359	0.045630000000000004	0.050473000000000004	0.037013	0.612045	2688100.0
2016-01-04	-0.025358000000000002	0.027652	0.029526	0.009258	-3.6532739999999997	3277200.0
2015-12-31	-0.00836	0.044391	0.047075	0.036819	-1.2146	1602000.0
2015-12-30	-0.006409999999999999	0.044946	0.05117	0.037697	-0.9371950000000001	1553100.0
2015-12-29	0.011043	0.052405999999999994	0.059736000000000004	0.051024	1.597107	1824700.0
2015-12-28	0.000198	0.045215	0.049641000000000005	0.039267	0.028687	1275200.0
2015-12-24	0.000199	0.043278	0.050057	0.041618	0.028701	848400.0
2015-12-23	0.014700999999999999	0.050684	0.06395	0.049491	2.094437	2215300.0
2015-12-22	0.010103000000000001	0.050168	0.059881	0.044212	1.424957	2528700.0
2015-12-21	0.003812	0.050327	0.055665	0.043993	0.535569	2284400.0
2015-12-18	-0.012966	0.041134	0.043874	0.030948000000000003	-1.845795	5736400.0
2015-12-17	-0.007336	0.047025	0.051976	0.03782	-1.051972	3053900.0
2015-12-16	0.012286	0.045771	0.06264199999999999	0.042877	1.7405549999999999	4774100.0
2015-12-15	-0.060267999999999995	0.008217	0.01505	-0.024353	-9.085434	8645900.0
2015-12-14	0.018084	0.048737	0.065485	0.042321	2.677826	3462200.0
2015-12-11	-0.017077000000000002	0.032553	0.038195	0.025052	-2.572616	2523200.0
2015-12-10	0.00942	0.043486000000000004	0.06332	0.042548	1.4058680000000001	2548200.0
2015-12-09	-0.00472	0.041495	0.0553	0.033293	-0.7077180000000001	2660800.0
2015-12-08	-0.006086	0.036947	0.046359	0.031909	-0.918106	2350400.0
2015-12-07	-0.00297	0.041069999999999995	0.044176	0.036312	-0.449478	2142800.0
2015-12-04	0.024874	0.048407	0.07279	0.046917	3.6724089999999996	2175800.0
2015-12-03	-0.008478	0.05140599999999999	0.053689	0.032266	-1.262375	2609500.0
2015-12-02	-0.007648	0.045497	0.047963	0.036367000000000003	-1.147629	2034700.0
2015-12-01	0.0020440000000000002	0.044495	0.052909000000000005	0.042892	0.306015	2259000.0
2015-11-30	-0.008925	0.046357999999999996	0.048806999999999996	0.036232	-1.348465	2934200.0
2015-11-27	0.002284	0.044834	0.051335000000000006	0.041053	0.344269	876100.0
2015-11-25	-0.0007610000000000001	0.047685000000000005	0.050402999999999996	0.044835	-0.114746	1184100.0
2015-11-24	-0.005673	0.037194	0.043587	0.03403	-0.860718	2100600.0
2015-11-23	-0.001888	0.045301	0.051024	0.040433	-0.286926	1430400.0
2015-11-20	0.003599	0.047611	0.055269000000000006	0.045366000000000004	0.545136	1891100.0
2015-11-19	0.00629	0.047225	0.05307100000000001	0.041113	0.946823	1518200.0
2015-11-18	0.008878	0.046803	0.05565	0.046133	1.324524	2226900.0
2015-11-17	-0.007458	0.053498000000000004	0.054629	0.041257	-1.121125	2393000.0
2015-11-16	0.016447	0.05223	0.070149	0.05223	2.432297	2395000.0
2015-11-13	-0.004159	0.050480000000000004	0.056675	0.047787	-0.617584	2434500.0
2015-11-12	-0.01729	0.044095999999999996	0.047471	0.033375999999999996	-2.6128080000000002	2305600.0
2015-11-11	0.009264	0.054303	0.06519	0.052166	1.387161	2518900.0
2015-11-10	0.000762	0.050896	0.053636	0.045549	0.114014	1962900.0
2015-11-09	-0.011239	0.048601	0.048601	0.035912	-1.7007139999999998	2421000.0
2015-11-06	0.001698	0.046079	0.054288	0.044159	0.256546	1860000.0
2015-11-05	0.000503	0.055613	0.056938	0.048261	0.076004	2023900.0
2015-11-04	0.001008	0.054158000000000005	0.057339999999999995	0.051572	0.152023	2254000.0
2015-11-03	-0.007316	0.049604	0.05171	0.044273	-1.1116489999999999	2972800.0
2015-11-02	0.017238	0.054508	0.071781	0.05337000000000001	2.574799	2701800.0
2015-10-30	-0.002538	0.053769000000000004	0.059646000000000005	0.049829000000000005	-0.38001999999999997	2672100.0
2015-10-29	-0.002973	0.050303	0.051368	0.044511	-0.446564	1484600.0
2015-10-28	0.008612999999999999	0.050888	0.06324500000000001	0.048941000000000005	1.2826540000000002	2724700.0
2015-10-27	0.001214	0.04887	0.055593	0.042684	0.180542	1970100.0
2015-10-26	0.004814	0.054324000000000004	0.059052999999999994	0.051487	0.712585	2136100.0
2015-10-23	-0.0013460000000000002	0.056143	0.060529	0.04238	-0.199524	2997400.0
2015-10-22	0.041249	0.063178	0.10322100000000001	0.058330999999999994	5.871705	5111900.0
2015-10-21	0.004762	0.055253	0.068594	0.051018	0.6745909999999999	3009900.0
2015-10-20	0.0075	0.048589	0.064376	0.046313	1.054657	2404700.0
2015-10-19	-0.004707	0.047333	0.050518	0.042095999999999995	-0.665085	2004200.0
2015-10-16	-0.0032840000000000005	0.056591999999999996	0.056663	0.040437	-0.46556099999999995	2490300.0
2015-10-15	0.005866	0.061867	0.06357	0.050371	0.826584	2588500.0
2015-10-14	-0.005298	0.051724	0.056382	0.045936000000000005	-0.750595	2260300.0
2015-10-13	-0.006331	0.044433999999999994	0.05207899999999999	0.043172	-0.902588	2027600.0
2015-10-12	0.001067	0.055028	0.057134000000000004	0.049972	0.152008	1429300.0
2015-10-09	0.00281	0.053064	0.060738	0.051233	0.399063	2294000.0
2015-10-08	0.013149000000000001	0.046151	0.06691	0.045723	1.843231	2008800.0
2015-10-07	0.012004	0.059359	0.072353	0.054955	1.6627049999999999	1954000.0
2015-10-06	-0.003622	0.050127	0.054802	0.045883	-0.503571	2256800.0
2015-10-05	0.021788	0.060585	0.07749	0.055661	2.964371	2987200.0
2015-10-02	0.017044999999999998	0.039643	0.071188	0.035831	2.280288	3064400.0
2015-10-01	-0.006842	0.055767	0.057920000000000006	0.036242	-0.921615	2486300.0
2015-09-30	0.0015539999999999998	0.059713	0.064992	0.044693000000000004	0.20904499999999998	3619300.0
2015-09-29	0.022908	0.054325	0.08125	0.052879999999999996	3.0118259999999997	4946000.0
2015-09-28	-0.008454999999999999	0.042998	0.05355599999999999	0.042998	-1.121109	3468900.0
2015-09-25	0.014391999999999999	0.068106	0.071931	0.060074	1.881225	3767200.0
2015-09-24	-0.0005809999999999999	0.044625	0.055328999999999996	0.035144999999999996	-0.076004	2690300.0
2015-09-23	-0.0026089999999999998	0.056389	0.059211	0.043654000000000005	-0.342071	2684500.0
2015-09-22	-0.014424000000000001	0.039197	0.041000999999999996	0.031531	-1.9192200000000001	2775300.0
2015-09-21	0.003008	0.059134000000000006	0.06350599999999999	0.050464999999999996	0.399048	2492600.0
2015-09-18	-0.023295	0.039395	0.040352	0.024964	-3.163895	6526000.0
2015-09-17	-0.008668	0.049654000000000004	0.062354	0.040238	-1.187622	2855100.0
2015-09-16	0.004178	0.05184	0.058802999999999994	0.049642	0.570038	2060300.0
2015-09-15	0.019814	0.058106	0.075148	0.054219	2.650863	2690800.0
2015-09-14	-0.003186	0.054438	0.054885	0.043336	-0.427551	2277200.0
2015-09-11	0.0034100000000000003	0.051229	0.056612	0.044949	0.45605500000000004	2505200.0
2015-09-10	-0.0005679999999999999	0.053546	0.060346000000000004	0.047195	-0.076035	2031200.0
2015-09-09	-0.017918	0.06299400000000001	0.066589	0.031513	-2.4417869999999997	2642800.0
2015-09-08	0.025672000000000004	0.069134	0.08042300000000001	0.06514500000000001	3.4109190000000003	2432900.0
2015-09-04	-0.013405000000000002	0.039133999999999995	0.044555000000000004	0.033342000000000004	-1.805237	3195800.0
2015-09-03	0.0035399999999999997	0.057717	0.06487000000000001	0.053022	0.47508199999999995	2606200.0
2015-09-02	0.019783000000000002	0.068003	0.073322	0.058124	2.6033020000000002	3312700.0
2015-09-01	-0.025608	0.032804	0.040283	0.021401	-3.458419	3671400.0
2015-08-31	-0.014353999999999999	0.043669	0.049727	0.036517	-1.966752	2514900.0
2015-08-28	0.002154	0.046064	0.055572	0.044455	0.294541	2664100.0
2015-08-27	0.008268000000000001	0.060096000000000004	0.06894600000000001	0.04225	1.121155	4104600.0
2015-08-26	0.036907999999999996	0.070546	0.09188099999999999	0.059306	4.826568	4562200.0
2015-08-25	-0.006783	0.077412	0.078931	0.043463	-0.893066	5435900.0
2015-08-24	-0.024703	0.015686000000000002	0.0525	-0.007425	-3.3349309999999996	7359500.0
2015-08-21	-0.008790000000000001	0.053748000000000004	0.066964	0.042001	-1.197174	5442000.0
2015-08-20	-0.017275	0.042687	0.045285	0.034246	-2.394272	3281700.0
2015-08-19	-0.009607	0.044747	0.054394000000000005	0.038173	-1.344406	2467600.0
2015-08-18	-0.006232	0.055492999999999994	0.057552	0.050167	-0.877533	1705500.0
2015-08-17	0.006474	0.053749	0.067187	0.046102	0.905808	1648900.0
2015-08-14	0.0059700000000000005	0.061694000000000006	0.06780599999999999	0.05925	0.8303370000000001	1401900.0
2015-08-13	-0.007541	0.056114	0.060110000000000004	0.049549	-1.056793	1793100.0
2015-08-12	0.00027	0.050974	0.061466999999999994	0.042623	0.037766	2036700.0
2015-08-11	-0.018249	0.051135	0.051135	0.038942000000000004	-2.604218	1810800.0
2015-08-10	0.015783000000000002	0.067726	0.077691	0.06694299999999999	2.217346	1571800.0
2015-08-07	-0.002479	0.054287	0.065079	0.052014	-0.349105	1668700.0
2015-08-06	-0.011589	0.058983	0.061299	0.045017	-1.6512	1764800.0
2015-08-05	0.004056000000000001	0.070043	0.079838	0.063489	0.575546	1765600.0
2015-08-04	0.001865	0.06554299999999999	0.06985	0.059753999999999995	0.264191	1811900.0
2015-08-03	-0.008061	0.055973	0.06290599999999999	0.043018	-1.151138	2355100.0
2015-07-31	-0.001517	0.066538	0.068495	0.056049	-0.216995	1619600.0
2015-07-30	0.000792	0.056676	0.061784000000000006	0.051987	0.113205	2119100.0
2015-07-29	0.00225	0.062139	0.06389299999999999	0.05702	0.320816	2176900.0
2015-07-28	0.016138999999999997	0.060823	0.081277	0.057046000000000006	2.264526	3277700.0
2015-07-27	-0.004152	0.054928	0.057483000000000006	0.048256	-0.5850069999999999	3117600.0
2015-07-24	-0.001137	0.055288	0.06904099999999999	0.054153999999999994	-0.1604	3433600.0
2015-07-23	-0.038028	0.036025	0.048095	0.016248	-5.576401000000001	5176400.0
2015-07-22	-0.002247	0.058668	0.063567	0.050843	-0.330231	3067700.0
2015-07-21	-0.008656	0.057329	0.060229	0.047818	-1.283249	2743900.0
2015-07-20	0.002744	0.060365999999999996	0.06631799999999999	0.056984	0.40573200000000004	2349000.0
2015-07-17	-0.003054	0.055307	0.061174	0.054835	-0.45288100000000003	2429000.0
2015-07-16	0.0075	0.070559	0.073005	0.064513	1.103958	2023900.0
2015-07-15	-0.004975	0.058405	0.061312	0.053876	-0.735992	1786100.0
2015-07-14	0.0019809999999999997	0.059961	0.063957	0.058538	0.292526	1811400.0
2015-07-13	0.009809	0.069879	0.072273	0.064613	1.434173	2107200.0
2015-07-10	0.0078049999999999994	0.066649	0.074369	0.06499500000000001	1.132264	2061300.0
2015-07-09	0.006809999999999999	0.072872	0.079188	0.06704199999999999	0.9812770000000001	2069200.0
2015-07-08	-0.0175	0.05062	0.053483	0.041210000000000004	-2.566452	2613300.0
2015-07-07	0.002257	0.060235000000000004	0.063584	0.046702999999999995	0.330246	2865300.0
2015-07-06	-0.0019309999999999998	0.049662	0.061189	0.049253	-0.283066	2172200.0
2015-07-02	-0.0017350000000000002	0.062753	0.062753	0.054717999999999996	-0.254761	2022400.0
2015-07-01	0.008749	0.072394	0.074455	0.062298	1.2738040000000002	1726800.0
2015-06-30	0.002274	0.067053	0.069119	0.060651	0.330261	2561000.0
2015-06-29	-0.019989	0.051931	0.055439999999999996	0.038438	-2.9627830000000004	2475000.0
2015-06-26	0.007504	0.061456	0.073895	0.059892999999999995	1.103958	2625500.0
2015-06-25	-0.010283	0.06191	0.065072	0.048927	-1.52855	2564000.0
2015-06-24	-0.014388999999999999	0.058764	0.060621	0.044575	-2.17015	2862900.0
2015-06-23	0.0010019999999999999	0.06467	0.067723	0.058697000000000006	0.150955	2286400.0
2015-06-22	0.004593	0.065826	0.071493	0.063159	0.688812	1447400.0
2015-06-19	-0.004197	0.058099	0.061551	0.055310000000000005	-0.632171	3287200.0
2015-06-18	0.017012	0.06414700000000001	0.082041	0.062796	2.519256	2528900.0
2015-06-17	0.002939	0.060570000000000006	0.067275	0.054813	0.434036	1839400.0
2015-06-16	0.003978	0.057241	0.06777999999999999	0.056425	0.585022	1729300.0
2015-06-15	-0.013731	0.053387000000000004	0.054997000000000004	0.042054	-2.047516	2353100.0
2015-06-12	-0.011385	0.05975900000000001	0.060687	0.046698	-1.717285	1910500.0
2015-06-11	0.005156	0.060358	0.068621	0.05955800000000001	0.773728	1854200.0
2015-06-10	0.013123	0.059622	0.077311	0.059622	1.9437099999999998	1758900.0
2015-06-09	0.002491	0.061585	0.071128	0.059892999999999995	0.367981	1810800.0
2015-06-08	-0.0031190000000000002	0.055912	0.062051	0.054562	-0.462341	1608600.0
2015-06-05	-0.008020000000000001	0.054136000000000004	0.057282000000000007	0.050589	-1.1983190000000001	2314800.0
2015-06-04	-0.011301	0.055524000000000004	0.061280999999999995	0.046127	-1.7078240000000002	2237600.0
2015-06-03	0.006789	0.063356	0.069285	0.059159	1.019042	2074500.0
2015-06-02	0.000629	0.055158000000000006	0.065825	0.052959000000000006	0.094361	2481100.0
2015-06-01	-0.000629	0.059958000000000004	0.064355	0.056427	-0.094361	1906100.0
2015-05-29	-0.011127	0.056991999999999994	0.059298000000000003	0.045792	-1.6889490000000003	2880500.0
2015-05-28	-0.000932	0.055415	0.05896900000000001	0.050544	-0.141556	1578100.0
2015-05-27	0.008961	0.061352	0.071247	0.059427	1.349304	2625900.0
2015-05-26	-0.008634999999999999	0.059825	0.062064	0.047053	-1.311523	2471100.0
2015-05-22	-0.006664	0.059366999999999996	0.061591	0.050669	-1.019058	1822700.0
2015-05-21	0.0009880000000000002	0.059825	0.06277100000000001	0.05917000000000001	0.15097	2400800.0
2015-05-20	-0.0012029999999999999	0.06195	0.0662	0.058158	-0.184006	1978100.0
2015-05-19	0.001535	0.067837	0.071242	0.06443099999999999	0.234436	2075100.0
2015-05-18	-0.002633	0.064567	0.06842100000000001	0.060061	-0.403198	1747800.0
2015-05-15	0.0009199999999999999	0.066527	0.07057999999999999	0.06325800000000001	0.140671	1923800.0
2015-05-14	0.011406999999999999	0.071684	0.079684	0.069767	1.72522	2462500.0
2015-05-13	0.007745999999999999	0.068925	0.077653	0.068459	1.1625969999999999	2587900.0
2015-05-12	0.0010630000000000001	0.058588999999999995	0.069862	0.05392	0.159424	1864800.0
2015-05-11	-0.004359	0.064269	0.06918300000000001	0.061214	-0.656341	1708700.0
2015-05-08	0.012546	0.077554	0.085287	0.076277	1.8658599999999999	2025500.0
2015-05-07	0.0061530000000000005	0.063753	0.077081	0.063753	0.909515	2112900.0
2015-05-06	-0.0017100000000000001	0.066594	0.074429	0.057340999999999996	-0.253159	2203100.0
2015-05-05	-0.00698	0.065453	0.069411	0.055728999999999994	-1.040771	1947700.0
2015-05-04	0.008498	0.071397	0.081204	0.067879	1.256424	2240300.0
2015-05-01	0.008249	0.069254	0.07812000000000001	0.069254	1.209534	2160100.0
2015-04-30	-0.0036950000000000004	0.06550800000000001	0.07298099999999999	0.060003999999999995	-0.543808	3510200.0
2015-04-29	-0.00859	0.060397	0.063832	0.05204400000000001	-1.275193	3078600.0
2015-04-28	0.002216	0.064569	0.069092	0.054375	0.328202	3387900.0
2015-04-27	-0.006353	0.069813	0.073771	0.058611	-0.947052	3448800.0
2015-04-24	-0.004196	0.06752899999999999	0.06752899999999999	0.054436	-0.628189	3043500.0
2015-04-23	-0.030424	0.033301	0.045670999999999996	0.027277999999999997	-4.6974800000000005	5704500.0
2015-04-22	0.004085	0.065291	0.072314	0.057227	0.628174	2228800.0
2015-04-21	-0.0031	0.073917	0.074242	0.060757000000000005	-0.478134	1970500.0
2015-04-20	0.017315	0.075035	0.090797	0.073254	2.625336	2394200.0
2015-04-17	-0.025197999999999998	0.057783	0.057847	0.035924	-3.919281	3063500.0
2015-04-16	-0.003304	0.061977	0.067872	0.05794	-0.515671	1662800.0
2015-04-15	0.002711	0.071217	0.075201	0.065691	0.42190500000000003	1995800.0
2015-04-14	0.000904	0.063182	0.070642	0.055787	0.14064100000000002	1914300.0
2015-04-13	-0.0073620000000000005	0.06454800000000001	0.068378	0.05714299999999999	-1.153275	1860400.0
2015-04-10	0.001679	0.07106699999999999	0.07234600000000001	0.06288200000000001	0.262558	1501900.0
2015-04-09	0.003127	0.066398	0.072364	0.058892999999999994	0.48754899999999995	1680100.0
2015-04-08	0.000361	0.066527	0.073008	0.060110000000000004	0.056259	1754400.0
2015-04-07	0.004411	0.066011	0.079997	0.065238	0.6844640000000001	2479500.0
2015-04-06	0.016462	0.059058000000000006	0.087425	0.057354999999999996	2.512802	2560300.0
2015-04-02	0.0017230000000000001	0.07217	0.076042	0.063902	0.262542	1852600.0
2015-04-01	-0.014731999999999999	0.062259	0.063876	0.046806	-2.278396	2148100.0
2015-03-31	-0.006625	0.062416	0.066206	0.057342	-1.031388	2081300.0
2015-03-30	0.015596	0.07109299999999999	0.087857	0.07109299999999999	2.390931	1684000.0
2015-03-27	0.0055969999999999995	0.06501799999999999	0.07512	0.062788	0.853225	1722600.0
2015-03-26	-0.000676	0.061938	0.07091900000000001	0.056760000000000005	-0.103119	2050700.0
2015-03-25	-0.021765	0.066014	0.06780900000000001	0.043057	-3.394195	2540900.0
2015-03-24	0.001144	0.06299600000000001	0.076285	0.062675	0.178146	2091000.0
2015-03-23	-0.0021620000000000003	0.068705	0.069217	0.062299	-0.337555	2157300.0
2015-03-20	0.0050100000000000006	0.06929500000000001	0.07599	0.064788	0.7782140000000001	4371800.0
2015-03-19	-0.004866	0.064541	0.064861	0.056148	-0.7594609999999999	1953500.0
2015-03-18	0.013638999999999998	0.059578	0.08419	0.052369000000000006	2.100266	3062400.0
2015-03-17	-0.011913	0.062099	0.062163	0.048367	-1.8564759999999998	2557900.0
2015-03-16	0.021322	0.072032	0.089661	0.072032	3.253571	2111200.0
2015-03-13	-0.010519	0.063609	0.066008	0.049083	-1.6220860000000001	2284700.0
2015-03-12	0.016942	0.072198	0.084925	0.07206599999999999	2.569061	1715000.0
2015-03-11	-0.003266	0.06941900000000001	0.072837	0.062583	-0.49694799999999995	1894300.0
2015-03-10	-0.024704	0.056526	0.056847	0.040115	-3.853607	2564600.0
2015-03-09	0.012229	0.068863	0.08223	0.0675	1.884598	1608100.0
2015-03-06	-0.019156	0.059717	0.061435000000000003	0.043868	-3.0097509999999996	2114400.0
2015-03-05	0.0024530000000000003	0.066846	0.069972	0.063528	0.384415	1547200.0
2015-03-04	-0.0065969999999999996	0.066463	0.066463	0.055054	-1.040771	1575700.0
2015-03-03	-0.013078999999999999	0.060709000000000006	0.060897	0.046885	-2.090897	2232400.0
2015-03-02	0.01097	0.063428	0.078226	0.063175	1.734634	2223100.0
2015-02-27	-0.00566	0.066841	0.06740700000000001	0.059924	-0.900116	1946000.0
2015-02-26	0.004263	0.066274	0.07341	0.064948	0.675064	1789400.0
2015-02-25	-0.0013599999999999999	0.065581	0.06993200000000001	0.063373	-0.215652	2019100.0
2015-02-24	0.001836	0.063115	0.06930599999999999	0.061850999999999996	0.290649	1770300.0
2015-02-23	0.004104	0.06665399999999999	0.071285	0.063862	0.646988	1836000.0
2015-02-20	0.006164	0.06429299999999999	0.074059	0.054015999999999995	0.965744	2416600.0
2015-02-19	-0.001852	0.066527	0.067482	0.061301999999999995	-0.290664	1648800.0
2015-02-18	0.002876	0.066527	0.070297	0.060712	0.45007299999999995	1552000.0
2015-02-17	0.005906000000000001	0.066527	0.072825	0.061063	0.9188379999999999	2100900.0
2015-02-13	0.000181	0.06646200000000001	0.071091	0.062798	0.028152999999999997	1792000.0
2015-02-12	0.008694	0.069445	0.076059	0.068926	1.340805	1615700.0
2015-02-11	-0.001912	0.064747	0.067659	0.057951	-0.29538000000000003	1695100.0
2015-02-10	0.005945000000000001	0.076806	0.081624	0.071598	0.9132239999999999	1885100.0
2015-02-09	-0.0074069999999999995	0.062238999999999996	0.069735	0.05875	-1.146164	2073000.0
2015-02-06	-0.002882	0.07109800000000001	0.080441	0.066781	-0.44728100000000004	1826900.0
2015-02-05	0.010558	0.076416	0.08475099999999999	0.07277	1.621368	2050500.0
2015-02-04	-0.006809999999999999	0.072125	0.072449	0.062166	-1.0529629999999999	2363600.0
2015-02-03	0.009245	0.078056	0.084713	0.075053	1.416397	2604800.0
2015-02-02	0.013062	0.07197	0.088501	0.063837	1.9754639999999999	2379700.0
2015-01-30	-0.023053999999999998	0.064246	0.06728200000000001	0.048419	-3.5688940000000002	3561900.0
2015-01-29	0.013359000000000001	0.07401100000000001	0.087693	0.066222	2.040711	2674600.0
2015-01-28	0.001895	0.079588	0.092442	0.074013	0.288864	3574600.0
2015-01-27	-0.003714	0.060549	0.079041	0.051598000000000005	-0.568451	4190700.0
2015-01-26	0.001341	0.070543	0.074861	0.058635	0.205002	3556300.0
2015-01-23	-0.011271999999999999	0.072254	0.073742	0.060351	-1.7425080000000002	2245600.0
2015-01-22	0.02061	0.077914	0.095939	0.070453	3.121628	2225800.0
2015-01-21	0.0037049999999999995	0.071305	0.082637	0.067064	0.559128	1597700.0
2015-01-20	-0.000371	0.07793	0.08243400000000001	0.060309	-0.055938999999999996	2091800.0
2015-01-16	0.014656	0.074505	0.090099	0.069329	2.180511	2349700.0
2015-01-15	-0.001126	0.08021	0.08390299999999999	0.070005	-0.16774	1876800.0
2015-01-14	-0.004856	0.06260399999999999	0.072559	0.05899600000000001	-0.726837	1980800.0
2015-01-13	-0.000746	0.083108	0.09746200000000001	0.06454800000000001	-0.111801	2703000.0
2015-01-12	-0.005445	0.078273	0.078273	0.06253600000000001	-0.8200379999999999	2149200.0
2015-01-09	-0.012284	0.074603	0.075587	0.057682000000000004	-1.872955	2378600.0
2015-01-08	0.023967	0.078868	0.099284	0.07799500000000001	3.568863	3142900.0
2015-01-07	0.007248999999999999	0.081616	0.084186	0.07512200000000001	1.07164	3081300.0
2015-01-06	-0.010664	0.076239	0.079919	0.055626999999999996	-1.59343	3532000.0
2015-01-05	-0.022553	0.066227	0.070413	0.047126	-3.4477379999999997	3692900.0
2015-01-02	-0.001582	0.07570700000000001	0.078124	0.062776	-0.24229499999999998	2116400.0
2014-12-31	-0.009165999999999999	0.074196	0.08176699999999999	0.062548	-1.416397	1623700.0
2014-12-30	-0.005219	0.07213	0.073353	0.063955	-0.810714	1180700.0
2014-12-29	0.002707	0.073418	0.078711	0.070256	0.419357	1215700.0
2014-12-26	-0.004193	0.075603	0.078624	0.067954	-0.6522680000000001	1607400.0
2014-12-24	0.00054	0.068659	0.07792	0.068659	0.083893	981600.0
2014-12-23	-0.002392	0.077972	0.07887000000000001	0.070594	-0.372772	2190200.0
2014-12-22	0.010817	0.077959	0.08502799999999999	0.07744	1.6679689999999998	2081600.0
2014-12-19	0.0010890000000000001	0.069785	0.078289	0.067058	0.167755	4891300.0
2014-12-18	0.029265	0.085188	0.10456700000000001	0.08251499999999999	4.3795779999999995	3359800.0
2014-12-17	0.009745	0.07478	0.085575	0.064591	1.44432	3942600.0
2014-12-16	0.014025999999999999	0.07596599999999999	0.104565	0.07473400000000001	2.050034	3380800.0
2014-12-15	-0.001718	0.07998999999999999	0.082176	0.06271	-0.251602	2609300.0
2014-12-12	-0.012754999999999999	0.06918200000000001	0.07208200000000001	0.059472000000000004	-1.891571	2820600.0
2014-12-11	0.005751	0.07953500000000001	0.086588	0.07438099999999999	0.84793	2437300.0
2014-12-10	-0.016104	0.07236000000000001	0.073027	0.052275	-2.413452	3243700.0
2014-12-09	-0.000621	0.066225	0.074294	0.061024	-0.093155	2043100.0
2014-12-08	-0.008258	0.072036	0.076666	0.058809	-1.248657	1898300.0
2014-12-05	6.2e-05	0.074086	0.07739299999999999	0.070647	0.009308	1722600.0
2014-12-04	0.0	0.07144099999999999	0.077525	0.064165	0.0	2164200.0
2014-12-03	0.010336	0.076502	0.08545599999999999	0.070287	1.546845	3038800.0
2014-12-02	0.015427000000000001	0.07736699999999999	0.090938	0.075739	2.273635	2504400.0
2014-12-01	-0.012056	0.061496	0.069272	0.058212	-1.798416	2502100.0
2014-11-28	0.011244	0.08177000000000001	0.090175	0.07648200000000001	1.6586610000000002	1565500.0
2014-11-26	0.001582	0.072549	0.075808	0.069358	0.232956	1823200.0
2014-11-25	-0.011384	0.067253	0.07181799999999999	0.060944000000000005	-1.6959380000000002	3646300.0
2014-11-24	-0.001748	0.07316	0.07584	0.068135	-0.260925	2358200.0
2014-11-21	0.00502	0.079558	0.083262	0.074709	0.745498	2472000.0
2014-11-20	0.0033369999999999997	0.06883600000000001	0.078025	0.066471	0.49385100000000004	1749000.0
2014-11-19	-0.002919	0.073396	0.073935	0.064234	-0.43327299999999996	2314700.0
2014-11-18	0.0092	0.080212	0.090954	0.08000800000000001	1.353149	2311400.0
2014-11-17	-0.001007	0.073758	0.081026	0.073758	-0.1483	1674300.0
2014-11-14	0.0031579999999999998	0.080147	0.08253200000000001	0.07456	0.463455	1786300.0
2014-11-13	0.004249	0.08111	0.08843200000000001	0.077552	0.6210180000000001	2375100.0
2014-11-12	0.003628	0.075761	0.084139	0.07473099999999999	0.528274	1500700.0
2014-11-11	-0.003488	0.08090499999999999	0.081247	0.072009	-0.50975	1806600.0
2014-11-10	0.007090000000000001	0.07685299999999999	0.08691499999999999	0.075475	1.028808	1463500.0
2014-11-07	0.003204	0.079612	0.082861	0.07497899999999999	0.463425	1882800.0
2014-11-06	0.0023120000000000003	0.07892	0.085781	0.07559400000000001	0.333649	2067200.0
2014-11-05	0.004128	0.083304	0.087201	0.072588	0.59317	2770400.0
2014-11-04	0.011415	0.083284	0.092503	0.078498	1.621979	3128600.0
2014-11-03	-0.0030559999999999997	0.0745	0.083271	0.073377	-0.43557799999999997	2367500.0
2014-10-31	0.01098	0.091192	0.095519	0.08594299999999999	1.547852	3016300.0
2014-10-30	0.0072180000000000005	0.075205	0.088851	0.07170399999999999	1.010254	1836500.0
2014-10-29	-0.000331	0.081277	0.08370599999999999	0.072778	-0.046341	2060600.0
2014-10-28	0.010029000000000001	0.080868	0.090246	0.07892	1.3902889999999999	2358800.0
2014-10-27	0.006528	0.07529	0.08705299999999999	0.069844	0.899033	2840000.0
2014-10-24	0.024405	0.078548	0.10673900000000001	0.07713500000000001	3.281036	4480900.0
2014-10-23	0.043901	0.101982	0.148571	0.101982	5.653839	7424400.0
2014-10-22	-0.01405	0.078691	0.08014500000000001	0.061848	-1.835174	4294300.0
2014-10-21	0.0242	0.08519299999999999	0.10636400000000001	0.084723	3.086395	3078400.0
2014-10-20	0.001456	0.07695700000000001	0.081669	0.073895	0.185379	2782500.0
2014-10-17	0.017401	0.084512	0.101289	0.084512	2.1780779999999997	3746400.0
2014-10-16	0.006184	0.07249	0.092988	0.067104	0.769317	3497200.0
2014-10-15	0.000298	0.06589400000000001	0.08261900000000001	0.050134	0.037071	4794700.0
2014-10-14	0.009631	0.085009	0.1036	0.081437	1.186394	3644300.0
2014-10-13	-0.0069489999999999994	0.082387	0.091174	0.056186	-0.861992	4583400.0
2014-10-10	-0.034694	0.08429	0.086391	0.04141	-4.458175	7366500.0
2014-10-09	-0.019589	0.076936	0.07960700000000001	0.055421000000000005	-2.567398	3768000.0
2014-10-08	0.027092	0.083387	0.108699	0.079234	3.4571989999999997	4135500.0
2014-10-07	-0.018954	0.067235	0.07769	0.058316999999999994	-2.465439	3144900.0
2014-10-06	0.001213	0.081845	0.087464	0.074456	0.157577	2464700.0
2014-10-03	0.010817	0.08405599999999999	0.09277	0.07814299999999999	1.39029	3514100.0
2014-10-02	-0.003664	0.074192	0.080006	0.069386	-0.47268699999999997	3221300.0
2014-10-01	-0.017644999999999997	0.074961	0.07884400000000001	0.05637999999999999	-2.317139	2925900.0
2014-09-30	-0.003587	0.081273	0.08430800000000001	0.072015	-0.472717	2675100.0
2014-09-29	-0.001615	0.067709	0.078314	0.065587	-0.21316500000000002	2848300.0
2014-09-26	-0.000421	0.079223	0.082025	0.067562	-0.05561900000000001	3557700.0
2014-09-25	-0.016566	0.07542	0.075792	0.057994000000000004	-2.224472	2764200.0
2014-09-24	0.0035329999999999997	0.077426	0.084525	0.074063	0.472718	2608200.0
2014-09-23	-0.009196	0.075366	0.078106	0.06885	-1.241974	2049700.0
2014-09-22	-0.006681	0.080612	0.081201	0.070168	-0.9083100000000001	2231000.0
2014-09-19	-0.0010220000000000001	0.083182	0.086488	0.07656900000000001	-0.13903800000000002	8106200.0
2014-09-18	0.010112000000000001	0.08137	0.091463	0.08129600000000001	1.362488	2364800.0
2014-09-17	0.00359	0.079442	0.085922	0.0746	0.481933	2757000.0
2014-09-16	0.002561	0.07384299999999999	0.082729	0.072274	0.342972	1945100.0
2014-09-15	0.003751	0.08064400000000001	0.08454199999999999	0.076822	0.500488	1868000.0
2014-09-12	-0.002841	0.07966799999999999	0.07966799999999999	0.07256699999999999	-0.380035	2135400.0
2014-09-11	-0.0020050000000000003	0.074072	0.076981	0.071163	-0.268769	1465400.0
2014-09-10	0.0012460000000000001	0.08019	0.082879	0.075485	0.16684000000000002	1558800.0
2014-09-09	-0.002968	0.07750499999999999	0.081676	0.074155	-0.398559	1745400.0
2014-09-08	0.004785	0.080492	0.088273	0.078247	0.639541	2446100.0
2014-09-05	0.004108	0.07914600000000001	0.084255	0.075465	0.546845	1989100.0
2014-09-04	-0.00146	0.081846	0.085147	0.075394	-0.194657	1549800.0
2014-09-03	-0.002774	0.080791	0.082661	0.073908	-0.370743	1533600.0
2014-09-02	0.0015279999999999998	0.073676	0.083491	0.073676	0.20391900000000002	1578800.0
2014-08-29	0.000139	0.07952000000000001	0.081993	0.072926	0.018555000000000002	1537800.0
2014-08-28	0.000278	0.074273	0.08027000000000001	0.072025	0.037063	1314100.0
2014-08-27	-0.004564	0.077652	0.08086	0.07168300000000001	-0.61174	1402200.0
2014-08-26	-0.000691	0.081157	0.084065	0.07795099999999999	-0.092682	1808100.0
2014-08-25	0.003954999999999999	0.082888	0.085358	0.081091	0.528305	1012900.0
2014-08-22	-0.00256	0.078921	0.081385	0.075337	-0.342895	1547500.0
2014-08-21	-0.000692	0.080263	0.08183	0.077055	-0.09272799999999999	1475800.0
2014-08-20	0.008403	0.082419	0.089642	0.07971	1.116867	2298800.0
2014-08-19	0.0009019999999999999	0.087989	0.092056	0.08301900000000001	0.11976600000000001	1592500.0
2014-08-18	0.015502000000000002	0.091701	0.10271400000000001	0.090477	2.0270080000000004	1852900.0
2014-08-15	-0.002951	0.088937	0.09023400000000001	0.075288	-0.38697800000000004	1960900.0
2014-08-14	0.0038079999999999998	0.086884	0.08987	0.085736	0.497544	1586900.0
2014-08-13	0.006529999999999999	0.088974	0.092672	0.085662	0.847625	3104300.0
2014-08-12	0.002134	0.085662	0.09021699999999999	0.084195	0.276413	2176100.0
2014-08-11	-0.001917	0.08597	0.090362	0.082964	-0.24879400000000002	1919100.0
2014-08-08	0.012362999999999999	0.08667899999999999	0.099083	0.083481	1.584747	2702600.0
2014-08-07	-0.003009	0.089242	0.091731	0.080765	-0.386948	1892500.0
2014-08-06	-0.0016460000000000001	0.080384	0.086596	0.07487100000000001	-0.211929	2679000.0
2014-08-05	-0.0068909999999999996	0.084351	0.08820700000000001	0.07448099999999999	-0.893677	2168500.0
2014-08-04	0.004568	0.085663	0.092093	0.07838200000000001	0.589646	2494500.0
2014-08-01	-0.005536	0.079653	0.086509	0.07141	-0.718643	2505800.0
2014-07-31	-0.019827	0.082258	0.08391900000000001	0.061644000000000004	-2.62587	3571100.0
2014-07-30	-0.0019440000000000002	0.087162	0.091081	0.081585	-0.257996	2458400.0
2014-07-29	-0.010376	0.08304199999999999	0.09087200000000001	0.07386799999999999	-1.39125	2286600.0
2014-07-28	0.002825	0.083858	0.089168	0.07533200000000001	0.377746	2002200.0
2014-07-25	-6.9e-05	0.089317	0.091411	0.081315	-0.009201	1601800.0
2014-07-24	0.0031100000000000004	0.09158	0.098481	0.08377799999999999	0.41458100000000003	2580000.0
2014-07-23	-0.003032	0.086999	0.08782100000000001	0.080941	-0.40538	1849400.0
2014-07-22	0.005683	0.089791	0.095658	0.089791	0.755509	1608200.0
2014-07-21	-0.0036590000000000004	0.08408	0.08565299999999999	0.076511	-0.48829700000000004	1520900.0
2014-07-18	0.008987	0.087546	0.096847	0.085354	1.188553	2133000.0
2014-07-17	-0.017993000000000002	0.07911699999999999	0.08164099999999999	0.065157	-2.423157	2776500.0
2014-07-16	0.007652	0.087	0.09425700000000001	0.085129	1.0226899999999999	1969200.0
2014-07-15	0.000414	0.085353	0.088946	0.080563	0.055251999999999996	1955700.0
2014-07-14	0.004782	0.09046799999999999	0.09588300000000001	0.088663	0.635758	2114600.0
2014-07-11	0.002919	0.087239	0.089879	0.082713	0.38697800000000004	1907900.0
2014-07-10	-0.005461	0.076501	0.08175199999999999	0.07455099999999999	-0.727906	2070100.0
2014-07-09	0.0008300000000000001	0.087005	0.08895700000000001	0.081374	0.110596	1521800.0
2014-07-08	-0.002415	0.087675	0.089023	0.082133	-0.322494	1596700.0
2014-07-07	-0.003438	0.085876	0.086622	0.078561	-0.460663	1257900.0
2014-07-03	0.001239	0.085503	0.08909	0.083635	0.165848	1142200.0
2014-07-02	0.004635	0.082876	0.090909	0.077846	0.617309	1621300.0
2014-07-01	0.009215000000000001	0.086642	0.097325	0.086414	1.216171	1767600.0
2014-06-30	-0.0031320000000000002	0.087091	0.087166	0.080595	-0.41461099999999995	1878400.0
2014-06-27	-0.000278	0.081125	0.087921	0.080294	-0.03682	1981800.0
2014-06-26	0.000557	0.086109	0.087923	0.07711799999999999	0.0737	1490900.0
2014-06-25	0.003914	0.08467100000000001	0.095138	0.083761	0.515946	1321800.0
2014-06-24	-0.006940000000000001	0.082491	0.08934600000000001	0.07752	-0.921357	1404500.0
2014-06-23	-0.007370999999999999	0.084905	0.0864	0.07675499999999999	-0.98587	1390200.0
2014-06-20	0.004637	0.085729	0.091438	0.083175	0.61731	4204600.0
2014-06-19	0.001109	0.086857	0.088286	0.08279700000000001	0.14743	1560500.0
2014-06-18	0.004454	0.087166	0.090641	0.078404	0.589661	1340700.0
2014-06-17	0.002582	0.083006	0.090427	0.080204	0.340911	1209400.0
2014-06-16	-0.000279	0.082098	0.086641	0.0796	-0.03685	1274300.0
2014-06-13	0.002027	0.086263	0.090512	0.08353200000000001	0.267151	1376200.0
2014-06-12	-0.009279	0.089412	0.089412	0.073103	-1.234588	1839400.0
2014-06-11	-0.003863	0.08303200000000001	0.085353	0.079514	-0.515976	1489900.0
2014-06-10	-0.002408	0.082739	0.08453200000000001	0.07893	-0.322449	1700000.0
2014-06-09	0.0047009999999999994	0.085354	0.092032	0.085128	0.626526	1800900.0
2014-06-06	0.006470999999999999	0.08746799999999999	0.092377	0.083994	0.856857	1768700.0
2014-06-05	0.010193	0.089168	0.09664500000000001	0.082607	1.335999	1542300.0
2014-06-04	-0.004409000000000001	0.085505	0.086189	0.080568	-0.5805060000000001	1335700.0
2014-06-03	0.004005	0.083523	0.091531	0.079939	0.525193	2061700.0
2014-06-02	-0.001614	0.083221	0.088094	0.078805	-0.21193	1682300.0
2014-05-30	0.001124	0.083219	0.087488	0.080704	0.147446	3908500.0
2014-05-29	0.006788	0.085891	0.093028	0.083512	0.8845209999999999	1624100.0
2014-05-28	-7.099999999999999e-05	0.088193	0.088883	0.082438	-0.009216	1566100.0
2014-05-27	0.002125	0.088122	0.088891	0.08527699999999999	0.276383	1512300.0
2014-05-23	0.005915	0.084735	0.092083	0.083342	0.764724	1209400.0
2014-05-22	-0.0024879999999999998	0.085739	0.087668	0.08226699999999999	-0.322479	1550100.0
2014-05-21	0.00922	0.088429	0.096372	0.088429	1.183945	1641000.0
2014-05-20	-0.010164	0.091472	0.09378500000000001	0.078291	-1.318634	1845100.0
2014-05-19	0.003826	0.08381	0.098743	0.083113	0.494461	1529200.0
2014-05-16	0.001064	0.091625	0.093716	0.083724	0.13742000000000001	1901700.0
2014-05-15	-0.004379	0.09170299999999999	0.093091	0.079827	-0.56781	2388400.0
2014-05-14	-0.005827000000000001	0.092395	0.094618	0.084191	-0.760055	2113400.0
2014-05-13	-0.002731	0.093388	0.096217	0.088189	-0.357147	1695400.0
2014-05-12	0.010471	0.095411	0.104374	0.09487000000000001	1.355316	2972100.0
2014-05-09	0.003622	0.089918	0.096199	0.087515	0.467056	2093000.0
2014-05-08	-0.0021969999999999997	0.09	0.099594	0.087137	-0.28392	1939400.0
2014-05-07	0.013281999999999999	0.09742100000000001	0.107378	0.09114900000000001	1.6941220000000001	2238500.0
2014-05-06	-0.009387999999999999	0.089449	0.090614	0.080828	-1.2087709999999998	2299700.0
2014-05-05	0.0034969999999999997	0.084374	0.099259	0.080555	0.4487	2710900.0
2014-05-02	-0.0049	0.098371	0.099922	0.084722	-0.631851	5758500.0
2014-05-01	0.012366	0.09523	0.110854	0.09224700000000001	1.575043	3997400.0
2014-04-30	0.011196	0.09264700000000001	0.105111	0.090265	1.4102629999999998	2904000.0
2014-04-29	0.002332	0.097104	0.097343	0.08668	0.293045	1820900.0
2014-04-28	0.004906000000000001	0.098969	0.106326	0.08729400000000001	0.613548	2244300.0
2014-04-25	-0.000659	0.090813	0.094489	0.08434	-0.08243500000000001	2093100.0
2014-04-24	-0.009711	0.07927100000000001	0.084098	0.06835	-1.2270889999999999	2847800.0
2014-04-23	-0.00648	0.091383	0.092012	0.084149	-0.824166	2847500.0
2014-04-22	0.001948	0.091066	0.099102	0.088152	0.24726900000000002	2252500.0
2014-04-21	0.006462000000000001	0.08820599999999999	0.09978200000000001	0.08765099999999999	0.814987	1781100.0
2014-04-17	0.007019	0.096243	0.10382899999999999	0.095844	0.879143	2645600.0
2014-04-16	0.019987	0.10080700000000001	0.113919	0.097875	2.454193	2135200.0
2014-04-15	0.0070599999999999994	0.09299600000000001	0.101853	0.08274400000000001	0.8607870000000001	2119000.0
2014-04-14	0.005741	0.100755	0.101333	0.08896	0.6959609999999999	2058100.0
2014-04-11	-0.011793999999999999	0.087121	0.090952	0.07913300000000001	-1.446892	2368200.0
2014-04-10	-0.013766	0.091128	0.096755	0.076416	-1.712403	2857200.0
2014-04-09	0.007416	0.093307	0.100353	0.089258	0.915703	2671900.0
2014-04-08	0.003274	0.092337	0.098105	0.08413	0.402947	2893600.0
2014-04-07	-0.010745999999999999	0.09161	0.09514600000000001	0.080196	-1.336975	2807500.0
2014-04-04	-0.0020570000000000002	0.098108	0.10508599999999998	0.08904400000000001	-0.256424	2735300.0
2014-04-03	0.001029	0.093778	0.10156699999999999	0.089603	0.128181	2676200.0
2014-04-02	-0.003882	0.08769199999999999	0.089772	0.082414	-0.485329	3281400.0
2014-04-01	0.006412999999999999	0.093782	0.099981	0.092092	0.796692	2370800.0
2014-03-31	0.010879999999999999	0.095348	0.105601	0.095104	1.337014	2711800.0
2014-03-28	0.010237999999999999	0.098095	0.10952100000000001	0.094806	1.245369	1906500.0
2014-03-27	-0.0018780000000000001	0.089796	0.095294	0.08454500000000001	-0.228898	2402500.0
2014-03-26	-0.007236	0.096899	0.098772	0.08411	-0.8882899999999999	2318900.0
2014-03-25	0.012385	0.102237	0.109412	0.09597	1.501823	2897600.0
2014-03-24	-0.005258	0.093653	0.09677000000000001	0.08184	-0.640991	2793600.0
2014-03-21	0.00521	0.101495	0.10693699999999999	0.095887	0.631851	5920400.0
2014-03-20	0.009144	0.09134600000000001	0.105492	0.088933	1.098862	2577500.0
2014-03-19	-0.011376	0.09209400000000001	0.092917	0.074242	-1.382759	2141000.0
2014-03-18	0.003553	0.093828	0.099937	0.091846	0.430389	2032800.0
2014-03-17	0.018793999999999998	0.098993	0.116067	0.098993	2.234414	2529400.0
2014-03-14	-0.007492	0.085918	0.094516	0.082745	-0.897423	2975100.0
2014-03-13	-0.013276	0.09711900000000001	0.101073	0.076114	-1.61171	2520700.0
2014-03-12	0.000453	0.088386	0.094072	0.08442999999999999	0.054962000000000004	2637000.0
2014-03-11	-0.007862000000000001	0.093402	0.094301	0.081137	-0.96154	1928900.0
2014-03-10	-0.004101	0.09095299999999999	0.091767	0.083788	-0.5036470000000001	1966100.0
2014-03-07	0.00022400000000000002	0.098527	0.099504	0.08899800000000001	0.027451	2381400.0
2014-03-06	0.001718	0.09625399999999999	0.099273	0.093399	0.210625	2236800.0
2014-03-05	0.008819	0.091847	0.103123	0.087979	1.071464	3551400.0
2014-03-04	0.0035549999999999996	0.089616	0.09919700000000001	0.08680800000000001	0.43034399999999995	6975500.0
2014-03-03	-0.018704	0.078557	0.08455499999999999	0.06721	-2.30764	2814400.0
2014-02-28	0.002903	0.090792	0.09900199999999999	0.088598	0.357132	3179400.0
2014-02-27	0.011139	0.090121	0.10614900000000001	0.08494299999999999	1.355285	3124000.0
2014-02-26	-0.0005269999999999999	0.093655	0.096366	0.086672	-0.06409400000000001	2771100.0
2014-02-25	0.005522	0.09258999999999999	0.102172	0.08920299999999999	0.668495	2863100.0
2014-02-24	0.004788000000000001	0.09466799999999999	0.107698	0.090933	0.576912	2454300.0
2014-02-21	7.6e-05	0.092012	0.09840299999999999	0.089853	0.009147	2574300.0
2014-02-20	0.007659	0.092764	0.104307	0.087746	0.9157489999999999	2155800.0
2014-02-19	-0.009408	0.088117	0.099551	0.08090900000000001	-1.135536	2719400.0
2014-02-18	-0.0024219999999999997	0.093582	0.097219	0.08804400000000001	-0.293015	2876500.0
2014-02-14	0.015213999999999998	0.088907	0.109213	0.086641	1.813172	3030000.0
2014-02-13	-0.0023	0.082384	0.09150900000000001	0.07711	-0.274735	2850600.0
2014-02-12	0.002421	0.093816	0.099355	0.091047	0.288468	2100600.0
2014-02-11	0.009869	0.099187	0.114357	0.098763	1.164497	2604000.0
2014-02-10	-0.004834000000000001	0.093452	0.099861	0.088138	-0.573166	3317400.0
2014-02-07	0.011094	0.1049	0.111893	0.098419	1.3009870000000001	3263200.0
2014-02-06	0.012092	0.101258	0.115067	0.096943	1.401024	3828400.0
2014-02-05	0.00505	0.110376	0.116882	0.09224700000000001	0.582245	4960000.0
2014-02-04	0.02276	0.11861500000000001	0.132366	0.101138	2.565521	7412500.0
2014-02-03	-0.033466	0.099444	0.10261700000000001	0.059914999999999996	-3.902885	4245100.0
2014-01-31	0.001093	0.08674	0.10905799999999999	0.085195	0.12738	3715400.0
2014-01-30	-0.016891	0.09673999999999999	0.09673999999999999	0.06779400000000001	-2.00148	4102600.0
2014-01-29	0.00339	0.101643	0.11155	0.092328	0.400307	3584000.0
2014-01-28	0.006591	0.10319300000000001	0.108136	0.10038	0.773285	2734200.0
2014-01-27	-0.009676	0.097499	0.10231	0.08601900000000001	-1.1462860000000001	3312800.0
2014-01-24	-0.033331	0.09119	0.09119	0.06255	-4.084854	3776100.0
2014-01-23	-0.012969	0.092422	0.092583	0.078811	-1.610268	2720300.0
2014-01-22	-0.0037229999999999997	0.102075	0.103198	0.093891	-0.46403500000000003	2118800.0
2014-01-21	-0.00233	0.108313	0.11231500000000001	0.091102	-0.291084	2705700.0
2014-01-17	-0.006152	0.097755	0.103881	0.089799	-0.773308	2327900.0
2014-01-16	-0.002022	0.09362899999999999	0.099663	0.09275599999999999	-0.2547	1792700.0
2014-01-15	0.007495999999999999	0.10206699999999999	0.11046600000000001	0.100387	0.937027	3025900.0
2014-01-14	0.02027	0.10269600000000001	0.121468	0.099677	2.483666	2479700.0
2014-01-13	-0.011015	0.096201	0.10629000000000001	0.08619199999999999	-1.364617	2633400.0
2014-01-10	-0.001979	0.10321500000000002	0.105148	0.092984	-0.24564299999999997	3254300.0
2014-01-09	-0.001318	0.102324	0.10562300000000001	0.09572699999999999	-0.16378800000000002	2539900.0
2014-01-08	-0.007409999999999999	0.097829	0.099985	0.088726	-0.927948	3122700.0
2014-01-07	0.000145	0.097749	0.10373900000000001	0.095194	0.018196	2525500.0
2014-01-06	-0.0059229999999999994	0.101569	0.10585599999999999	0.091486	-0.746002	2712100.0
2014-01-03	0.002317	0.101097	0.105155	0.09839099999999999	0.291114	2133300.0
2014-01-02	-0.015116	0.081945	0.08939	0.07849600000000001	-1.928695	3052100.0
2013-12-31	0.005953	0.10375899999999999	0.107149	0.09966	0.755089	1846500.0
2013-12-30	0.000502	0.097057	0.10155299999999999	0.094769	0.06369	1714300.0
2013-12-27	0.007665000000000001	0.103082	0.10801	0.101254	0.9643709999999999	1894900.0
2013-12-26	0.009489000000000001	0.101674	0.112747	0.099507	1.182632	2158200.0
2013-12-24	0.001389	0.10264200000000001	0.10352599999999999	0.095571	0.172897	1311700.0
2013-12-23	0.000585	0.102242	0.104895	0.095971	0.072785	3439600.0
2013-12-20	0.0022719999999999997	0.102168	0.112724	0.10071799999999999	0.282005	5856800.0
2013-12-19	0.004492	0.093197	0.10501500000000001	0.090526	0.55497	4080900.0
2013-12-18	0.033564	0.09994	0.136164	0.09994	4.01207	5580000.0
2013-12-17	0.029218	0.122951	0.13328299999999998	0.119163	3.3934019999999996	6206800.0
2013-12-16	0.009729	0.102143	0.119531	0.099535	1.119018	2805300.0
2013-12-13	-0.001185	0.09979500000000001	0.105873	0.093977	-0.136467	1743400.0
2013-12-12	-0.0014990000000000001	0.097973	0.10456300000000002	0.092337	-0.172851	2486700.0
2013-12-11	-0.006115	0.10944200000000001	0.11737	0.091948	-0.709626	3897500.0
2013-12-10	-0.007932999999999999	0.094912	0.098845	0.090295	-0.927955	2353100.0
2013-12-09	-0.00031099999999999997	0.100811	0.104058	0.097307	-0.036377	2064400.0
2013-12-06	0.014034999999999999	0.110974	0.11625999999999999	0.108027	1.619377	2886100.0
2013-12-05	0.002926	0.098665	0.10953	0.09710099999999999	0.336609	2842700.0
2013-12-04	-0.001106	0.093543	0.10778199999999999	0.08955	-0.127358	3450700.0
2013-12-03	-0.008459	0.08524	0.09669	0.07740599999999999	-0.9825659999999999	7864500.0
2013-12-02	-0.043667000000000004	0.084038	0.086755	0.048801	-5.303902	6897900.0
2013-11-29	7.5e-05	0.09926900000000001	0.104621	0.09786900000000001	0.009079	2029000.0
2013-11-27	0.010216	0.10317899999999999	0.11166300000000001	0.09744	1.2281870000000001	2433500.0
2013-11-26	0.007011	0.10103	0.110997	0.100024	0.836983	4229600.0
2013-11-25	0.001603	0.10573099999999999	0.10631800000000001	0.09851599999999999	0.19104000000000002	2496300.0
2013-11-22	0.00514	0.099271	0.11773900000000001	0.094718	0.6095659999999999	1644800.0
2013-11-21	0.009056999999999999	0.103527	0.109653	0.102676	1.064422	1576100.0
2013-11-20	-0.001816	0.099909	0.106704	0.09183999999999999	-0.213806	2691800.0
2013-11-19	-0.000615	0.103646	0.110097	0.102798	-0.072433	2532500.0
2013-11-18	0.002156	0.105091	0.110109	0.103985	0.25348699999999996	2148200.0
2013-11-15	0.000462	0.099133	0.106367	0.097687	0.054336	2360400.0
2013-11-14	0.009332	0.10784400000000001	0.11772300000000001	0.10638399999999999	1.086388	2569800.0
2013-11-13	0.0017920000000000002	0.100277	0.107162	0.096577	0.208206	2426300.0
2013-11-12	0.003204	0.106307	0.110105	0.101127	0.371193	2428600.0
2013-11-11	-0.000312	0.10069700000000001	0.10613399999999999	0.098194	-0.036209	1751500.0
2013-11-08	0.012499	0.10126	0.118648	0.10126	1.430381	2234300.0
2013-11-07	-0.0056630000000000005	0.104754	0.111097	0.096761	-0.651794	3188900.0
2013-11-06	0.008008	0.10755799999999999	0.11509000000000001	0.105544	0.9143600000000001	1910300.0
2013-11-05	-0.001583	0.099596	0.105805	0.09181399999999999	-0.181053	1757900.0
2013-11-04	0.003336	0.10528199999999999	0.109757	0.101597	0.380234	1741500.0
2013-11-01	0.000397	0.112567	0.114059	0.098173	0.045257	1676600.0
2013-10-31	0.008494	0.106174	0.118654	0.10599700000000001	0.959648	2327200.0
2013-10-30	-0.0039109999999999995	0.10713699999999998	0.110752	0.099995	-0.443618	2107700.0
2013-10-29	0.002882	0.105995	0.10953199999999999	0.10192799999999999	0.325927	1986700.0
2013-10-28	0.004019	0.102006	0.11257	0.099076	0.45264499999999996	2358400.0
2013-10-25	0.007531	0.100645	0.113257	0.099035	0.841957	2054300.0
2013-10-24	0.0023539999999999998	0.10242899999999999	0.12036	0.100097	0.26255	3851100.0
2013-10-23	-0.004847	0.101279	0.10395599999999999	0.092981	-0.543197	2337500.0
2013-10-22	0.004462	0.10556600000000001	0.11417000000000001	0.104849	0.497924	2053500.0
2013-10-21	0.0033380000000000003	0.104131	0.10880699999999999	0.10314200000000001	0.371186	1762200.0
2013-10-18	0.001794	0.106832	0.11205699999999999	0.102599	0.199173	2590500.0
2013-10-17	0.013890999999999999	0.102754	0.122208	0.10248	1.520935	2791700.0
2013-10-16	0.009347	0.114168	0.114905	0.10753	1.013946	2646400.0
2013-10-15	-0.013015	0.10348800000000001	0.104398	0.089931	-1.430404	2720500.0
2013-10-14	0.005633	0.100371	0.11354700000000001	0.097992	0.615631	1866800.0
2013-10-11	0.011564	0.102914	0.117816	0.095787	1.249343	2492700.0
2013-10-10	0.015055	0.114257	0.12120999999999998	0.111627	1.602417	2688800.0
2013-10-09	0.0034990000000000004	0.105617	0.112123	0.099772	0.371178	2499200.0
2013-10-08	-0.012891	0.104859	0.10951300000000001	0.089783	-1.385147	2869000.0
2013-10-07	-0.005946	0.096809	0.103377	0.09421900000000001	-0.642784	1931200.0
2013-10-04	0.00717	0.102903	0.115388	0.10066699999999999	0.769524	1983700.0
2013-10-03	-0.005453	0.100039	0.103746	0.092441	-0.5884560000000001	2525800.0
2013-10-02	-0.003511	0.10005599999999999	0.10430299999999999	0.093684	-0.380226	2056500.0
2013-10-01	0.001759	0.10717	0.108373	0.098938	0.190117	1854800.0
2013-09-30	-0.006737999999999999	0.096954	0.10219099999999999	0.090339	-0.733314	2104700.0
2013-09-27	-0.003647	0.098264	0.101285	0.091764	-0.398346	2028100.0
2013-09-26	0.003827	0.10825599999999999	0.11193199999999999	0.102007	0.41645	2240900.0
2013-09-25	-0.004967	0.105403	0.108329	0.09882	-0.54319	2173400.0
2013-09-24	-0.00256	0.10576600000000001	0.11151199999999999	0.10075	-0.28065500000000004	3585100.0
2013-09-23	0.009165999999999999	0.108446	0.11801800000000001	0.107894	0.99585	3468500.0
2013-09-20	-0.012832	0.10394400000000001	0.107851	0.090406	-1.412285	6999000.0
2013-09-19	0.0023079999999999997	0.103305	0.113505	0.103305	0.253479	2912400.0
2013-09-18	0.011340000000000001	0.107528	0.11913199999999999	0.104028	1.231247	3307700.0
2013-09-17	0.005871	0.103098	0.113474	0.099207	0.63372	2436000.0
2013-09-16	0.005312	0.11566300000000002	0.117619	0.10886400000000002	0.570351	2756300.0
2013-09-13	0.0033840000000000003	0.10729000000000001	0.110654	0.105702	0.362122	1973300.0
2013-09-12	-0.004296	0.10541800000000001	0.10644100000000001	0.097974	-0.46171599999999996	2399700.0
2013-09-11	0.009525	0.104956	0.115101	0.10457999999999999	1.0139770000000001	1889000.0
2013-09-10	0.007281	0.109974	0.115272	0.107703	0.769524	2572800.0
2013-09-09	0.014777	0.11024500000000001	0.12474400000000001	0.10909300000000001	1.5390469999999998	1976800.0
2013-09-06	0.00148	0.106696	0.11371500000000001	0.095157	0.1539	1965600.0
2013-09-05	0.002794	0.102652	0.110077	0.099566	0.28970300000000004	1947900.0
2013-09-04	0.011747	0.10321500000000002	0.12057999999999999	0.10321500000000002	1.2040870000000001	2312200.0
2013-09-03	-0.00317	0.11420799999999999	0.117612	0.097481	-0.325928	2168100.0
2013-08-30	0.002294	0.10740699999999999	0.108674	0.099999	0.235382	2205600.0
2013-08-29	0.002832	0.10330999999999999	0.112694	0.100475	0.289711	1457200.0
2013-08-28	0.002395	0.102424	0.11134100000000001	0.10095499999999999	0.244408	1545800.0
2013-08-27	-0.013994	0.095692	0.09965299999999999	0.088542	-1.448502	1907500.0
2013-08-26	-0.000612	0.104387	0.112015	0.101104	-0.063362	1815700.0
2013-08-23	-0.002355	0.105447	0.107759	0.094177	-0.244446	1953300.0
2013-08-22	0.011021	0.106431	0.118896	0.103801	1.131661	2002000.0
2013-08-21	-0.011892	0.104628	0.105109	0.090675	-1.2357639999999999	2293700.0
2013-08-20	-0.001644	0.109826	0.113381	0.106656	-0.17108199999999998	2153600.0
2013-08-19	-0.002502	0.11002	0.111266	0.10657	-0.261085	1829300.0
2013-08-16	0.00043200000000000004	0.10906099999999999	0.11414200000000001	0.108678	0.045021	2332800.0
2013-08-15	-0.015047999999999999	0.10408099999999999	0.10408099999999999	0.091994	-1.59359	1994900.0
2013-08-14	-0.008848	0.11284300000000001	0.112937	0.100395	-0.9453809999999999	2021400.0
2013-08-13	0.00245	0.11200399999999999	0.118197	0.099526	0.26109299999999996	2023300.0
2013-08-12	0.000592	0.10778099999999999	0.114915	0.105152	0.063034	1647400.0
2013-08-09	-0.003118	0.111159	0.11555699999999999	0.10151900000000001	-0.333122	2460100.0
2013-08-08	0.007214	0.11483800000000001	0.12171900000000001	0.1089	0.765282	2380600.0
2013-08-07	0.002809	0.1088	0.114945	0.10634300000000001	0.297119	1934000.0
2013-08-06	-0.0035619999999999996	0.109749	0.110973	0.103344	-0.378136	1841100.0
2013-08-05	-0.002875	0.109845	0.110597	0.106464	-0.306137	1351800.0
2013-08-02	-0.001267	0.10665699999999999	0.110128	0.101874	-0.13504000000000002	1899300.0
2013-08-01	0.008345	0.119676	0.128	0.11863599999999999	0.882339	2997000.0
2013-07-31	0.00505	0.113447	0.127421	0.11230699999999999	0.531189	2694000.0
2013-07-30	0.001973	0.113453	0.115549	0.108024	0.20709299999999997	2285200.0
2013-07-29	-0.002566	0.10594100000000001	0.109741	0.10261500000000001	-0.270119	1460400.0
2013-07-26	0.003089	0.10707	0.11431199999999998	0.09916	0.324135	2332200.0
2013-07-25	0.001891	0.100857	0.11613299999999999	0.096465	0.19808199999999998	3346700.0
2013-07-24	-0.003597	0.11373499999999999	0.113926	0.104127	-0.378136	1808800.0
2013-07-23	0.0040420000000000005	0.112219	0.12043399999999999	0.10811199999999999	0.42315699999999995	2254400.0
2013-07-22	0.000775	0.108875	0.11671300000000001	0.105625	0.081024	2823500.0
2013-07-19	0.006148	0.10934400000000001	0.12021300000000001	0.10934400000000001	0.6392359999999999	3093900.0
2013-07-18	0.007326999999999999	0.1104	0.12144500000000001	0.11001300000000001	0.7562949999999999	2945800.0
2013-07-17	0.002624	0.11681099999999998	0.119725	0.110399	0.270095	2096600.0
2013-07-16	-0.004441	0.112044	0.116396	0.103051	-0.45919799999999994	2458400.0
2013-07-15	-0.002518	0.11069100000000001	0.114067	0.106929	-0.26107800000000003	2064400.0
2013-07-12	0.005326	0.111079	0.117576	0.10817	0.549225	2291700.0
2013-07-11	0.009696999999999999	0.119797	0.123616	0.11793699999999999	0.9903569999999999	2387500.0
2013-07-10	0.0007059999999999999	0.11098499999999999	0.11588399999999999	0.10638	0.07204400000000001	2307500.0
2013-07-09	0.010879999999999999	0.1202	0.12445899999999999	0.117229	1.0984120000000002	2196200.0
2013-07-08	0.005289	0.115271	0.12303800000000001	0.114276	0.531189	2571600.0
2013-07-05	0.019096000000000002	0.120027	0.132103	0.114953	1.8817139999999999	2064500.0
2013-07-03	0.006622	0.10609400000000001	0.122643	0.105379	0.648246	1358800.0
2013-07-02	-0.005306	0.108049	0.11516199999999999	0.100733	-0.5221859999999999	3008800.0
2013-07-01	-0.000366	0.10073700000000001	0.12095	0.100635	-0.036034	2668800.0
2013-06-28	-0.008073	0.10686199999999998	0.113008	0.099608	-0.8013	3428500.0
2013-06-27	0.005106	0.1194	0.123045	0.11362699999999999	0.504181	2229600.0
2013-06-26	0.013304	0.119208	0.128546	0.115719	1.2965010000000001	2524400.0
2013-06-25	0.006884	0.117923	0.123606	0.111104	0.666253	2676700.0
2013-06-24	-0.019071	0.10248199999999999	0.10248199999999999	0.085962	-1.881707	3602500.0
2013-06-21	0.0074459999999999995	0.11804200000000001	0.12376	0.11028199999999999	0.729264	4674400.0
2013-06-20	-0.025006999999999998	0.102129	0.102627	0.080328	-2.51194	2975600.0
2013-06-19	-0.012393000000000001	0.11059200000000001	0.113444	0.09653300000000001	-1.260483	1971700.0
2013-06-18	0.009472	0.11227899999999999	0.12379200000000001	0.11059200000000001	0.954361	1695300.0
2013-06-17	0.007926	0.118894	0.129097	0.11679300000000001	0.792305	2617800.0
2013-06-14	-0.001529	0.11169000000000001	0.119381	0.106196	-0.153054	2016800.0
2013-06-13	0.019903	0.109876	0.135242	0.10610699999999999	1.9537360000000001	2604200.0
2013-06-12	-0.010797	0.11845	0.119155	0.097893	-1.0714110000000001	2400700.0
2013-06-11	-0.005324000000000001	0.10157000000000001	0.113397	0.09766	-0.531197	1752100.0
2013-06-10	-0.0027	0.11369000000000001	0.11408900000000001	0.104993	-0.270111	2224100.0
2013-06-07	0.022454	0.117948	0.135732	0.113757	2.196854	3374900.0
2013-06-06	0.000736	0.10936099999999999	0.112634	0.100974	0.072006	2680800.0
2013-06-05	-0.012998	0.10847000000000001	0.109378	0.094235	-1.287491	2690400.0
2013-06-04	-0.005334	0.11109200000000001	0.11661500000000001	0.099846	-0.531189	2508500.0
2013-06-03	0.003083	0.115022	0.11754	0.104849	0.306122	2647100.0
2013-05-31	-0.010320999999999999	0.10441099999999999	0.118566	0.099227	-1.0354	3207700.0
2013-05-30	0.0026089999999999998	0.11279000000000002	0.11938599999999999	0.109491	0.26109299999999996	2599200.0
2013-05-29	-0.004122	0.105217	0.108402	0.099643	-0.41414700000000004	2113600.0
2013-05-28	0.011970999999999999	0.119555	0.131944	0.118447	1.1884540000000001	2722000.0
2013-05-24	-0.001268	0.10515799999999999	0.111496	0.101436	-0.12604500000000002	2228400.0
2013-05-23	-0.00343	0.103372	0.10978800000000001	0.09856000000000001	-0.342141	2568400.0
2013-05-22	-0.005253	0.11283499999999999	0.119816	0.102663	-0.526702	3833200.0
2013-05-21	0.0025960000000000002	0.120923	0.123222	0.115023	0.25960500000000003	2473300.0
2013-05-20	0.002963	0.114416	0.123742	0.11271099999999999	0.295448	2457300.0
2013-05-17	0.002881	0.11792899999999999	0.12416400000000001	0.11571600000000001	0.286476	4060400.0
2013-05-16	-0.003857	0.11411800000000001	0.119027	0.11151300000000001	-0.384964	2685900.0
2013-05-15	0.008229	0.115104	0.12833599999999998	0.11399300000000001	0.814667	2912600.0
2013-05-14	0.0008150000000000001	0.115204	0.11995499999999999	0.11469800000000001	0.080574	2481000.0
2013-05-13	0.000181	0.112069	0.11945	0.10923800000000002	0.017906000000000002	2044400.0
2013-05-10	0.005095000000000001	0.118649	0.12434	0.11529600000000001	0.501336	2993300.0
2013-05-09	0.015897	0.116094	0.140871	0.116094	1.5398100000000001	4487000.0
2013-05-08	0.001759	0.11723	0.11991900000000001	0.114541	0.17008199999999998	2654400.0
2013-05-07	0.001577	0.114641	0.12251300000000001	0.11402000000000001	0.15221400000000002	2235200.0
2013-05-06	9.2e-05	0.114951	0.118681	0.113087	0.008926	2174400.0
2013-05-03	0.016880000000000003	0.12671500000000002	0.14399	0.125556	1.602478	3013100.0
2013-05-02	0.014252	0.12225899999999999	0.136575	0.12087	1.3339159999999999	3119500.0
2013-05-01	-0.0015279999999999998	0.11777	0.121397	0.11392999999999999	-0.143257	3258900.0
2013-04-30	0.008476000000000001	0.11863699999999999	0.126813	0.107771	0.7878189999999999	3768800.0
2013-04-29	0.000386	0.118315	0.12143599999999999	0.10733699999999999	0.03582	2903700.0
2013-04-26	-0.010393000000000001	0.11798199999999999	0.120218	0.1019	-0.975823	3359400.0
2013-04-25	-0.027719	0.081712	0.093931	0.071771	-2.676757	9027000.0
2013-04-24	0.00447	0.11931199999999999	0.124929	0.11546300000000001	0.429725	3238200.0
2013-04-23	0.015028	0.121669	0.135077	0.117657	1.423409	3209800.0
2013-04-22	0.000851	0.117023	0.121144	0.111	0.080574	2646800.0
2013-04-19	0.006954000000000001	0.12053499999999999	0.1266	0.115321	0.6535489999999999	3323000.0
2013-04-18	-0.0047409999999999996	0.12083499999999998	0.12221199999999999	0.104315	-0.447655	3144700.0
2013-04-17	-0.006312	0.10986800000000001	0.11334000000000001	0.10418499999999999	-0.5998	3155300.0
2013-04-16	0.0036880000000000003	0.12684600000000001	0.12853599999999998	0.11639000000000001	0.349159	2636800.0
2013-04-15	-0.017831	0.111526	0.11940899999999999	0.096899	-1.718849	3677400.0
2013-04-12	-0.005266	0.11330899999999999	0.11723	0.107324	-0.510292	2111400.0
2013-04-11	0.0052	0.11878699999999999	0.127707	0.11878699999999999	0.501312	2137800.0
2013-04-10	0.016423	0.11849900000000001	0.137898	0.11786700000000001	1.557717	3262400.0
2013-04-09	0.001891	0.119664	0.126952	0.113221	0.179054	2370600.0
2013-04-08	-0.000283	0.117868	0.12378199999999999	0.10984300000000001	-0.02684	1947700.0
2013-04-05	-0.00037799999999999997	0.10256199999999999	0.117657	0.101506	-0.03582	2477800.0
2013-04-04	0.001325	0.118503	0.12273099999999999	0.113007	0.125328	1771200.0
2013-04-03	-0.007886	0.117862	0.121742	0.105593	-0.751991	3278900.0
2013-04-02	0.008235	0.11860899999999999	0.129182	0.118504	0.778854	2097500.0
2013-04-01	-0.006208	0.113766	0.115552	0.107672	-0.590851	1684300.0
2013-03-28	0.009687000000000001	0.121055	0.128163	0.11691700000000001	0.9131239999999999	2276700.0
2013-03-27	-0.007354	0.10944100000000001	0.11102100000000001	0.105439	-0.69828	2129500.0
2013-03-26	0.008558	0.119573	0.128176	0.119573	0.805733	1893500.0
2013-03-25	-0.011746	0.11817799999999999	0.121012	0.09876	-1.119049	3739200.0
2013-03-22	0.014103000000000001	0.118726	0.133522	0.118726	1.324935	2409800.0
2013-03-21	-0.006815000000000001	0.114169	0.114909	0.10708599999999999	-0.644592	1937300.0
2013-03-20	0.004564	0.124776	0.12753699999999998	0.119147	0.429749	1799500.0
2013-03-19	-0.002182	0.121474	0.123064	0.10886400000000002	-0.205918	3211400.0
2013-03-18	-0.009304	0.10474000000000001	0.11240399999999999	0.10463499999999999	-0.8862680000000001	1811400.0
2013-03-15	0.0035840000000000004	0.11575899999999999	0.126084	0.11523199999999999	0.340179	5148400.0
2013-03-14	0.00885	0.119574	0.126908	0.11882999999999999	0.832565	2203400.0
2013-03-13	-0.00037999999999999997	0.117023	0.121699	0.11436700000000001	-0.035797	2059600.0
2013-03-12	-0.0064269999999999996	0.117129	0.11881800000000001	0.10805	-0.608772	2226800.0
2013-03-11	0.0009460000000000001	0.113008	0.11966500000000001	0.113008	0.089516	1720600.0
2013-03-08	0.011192	0.121938	0.13059300000000001	0.12001500000000001	1.047424	2357200.0
2013-03-07	-0.001147	0.11851700000000001	0.122253	0.11520899999999999	-0.107429	1875200.0
2013-03-06	0.0020109999999999998	0.120018	0.127397	0.11723800000000001	0.18803399999999998	3470300.0
2013-03-05	0.011328	0.122215	0.133571	0.121025	1.047409	2632200.0
2013-03-04	-0.004722	0.114224	0.114224	0.104321	-0.438683	2566300.0
2013-03-01	-0.002212	0.110471	0.116379	0.103275	-0.205902	2660400.0
2013-02-28	0.004152	0.117347	0.127701	0.11238599999999999	0.384956	2870100.0
2013-02-27	0.012315999999999999	0.114731	0.134711	0.11309300000000001	1.1280139999999999	2353700.0
2013-02-26	0.005504	0.120976	0.12701400000000002	0.11878	0.5013270000000001	2471900.0
2013-02-25	-0.017287999999999998	0.12101500000000001	0.12241800000000001	0.09771200000000001	-1.602478	3021900.0
2013-02-22	0.007983	0.119959	0.12768	0.118111	0.734086	2158100.0
2013-02-21	-0.004168	0.1141	0.116915	0.108793	-0.384934	2758000.0
2013-02-20	-0.009887	0.117023	0.11938199999999999	0.10597999999999999	-0.922104	2995400.0
2013-02-19	0.009202	0.11907899999999999	0.129575	0.117997	0.850449	2988500.0
2013-02-15	0.004379	0.12006700000000001	0.123544	0.11528499999999998	0.402893	2326200.0
2013-02-14	-0.000778	0.112354	0.120064	0.110073	-0.071633	2217500.0
2013-02-13	0.00033999999999999997	0.11925	0.12316099999999999	0.11436199999999999	0.031334	1699900.0
2013-02-12	0.008186	0.12435999999999998	0.134545	0.12403099999999999	0.747391	1928000.0
2013-02-11	-0.00039	0.120966	0.12633	0.11713399999999999	-0.035583	1715500.0
2013-02-08	0.004304	0.12524100000000002	0.136126	0.12194200000000001	0.391472	1937800.0
2013-02-07	-0.004577	0.123484	0.12446900000000001	0.11045899999999999	-0.41818999999999995	2277600.0
2013-02-06	0.011824	0.11993499999999999	0.140533	0.119381	1.06771	3510600.0
2013-02-05	0.007145	0.129944	0.136748	0.129275	0.64061	2833100.0
2013-02-04	-0.007779	0.11517899999999999	0.120048	0.113076	-0.702896	1987600.0
2013-02-01	0.010045	0.13387000000000002	0.140017	0.13074000000000002	0.8986209999999999	3853600.0
2013-01-31	-0.00248	0.122695	0.125594	0.115782	-0.22242800000000001	3763100.0
2013-01-30	-0.00992	0.12381099999999999	0.125467	0.11155799999999999	-0.8986200000000001	2822800.0
2013-01-29	0.011525	0.120348	0.137545	0.11733299999999999	1.032089	3530700.0
2013-01-28	0.000597	0.128279	0.128279	0.12034600000000001	0.05339	2964900.0
2013-01-25	0.00923	0.125275	0.137453	0.12290699999999999	0.81855	4237800.0
2013-01-24	0.001809	0.122679	0.127649	0.116127	0.160149	3816300.0
2013-01-23	0.001611	0.119848	0.128108	0.118038	0.14236500000000002	3579300.0
2013-01-22	0.005975	0.11993800000000002	0.13063699999999998	0.11663699999999999	0.524948	3215200.0
2013-01-18	0.006729000000000001	0.12781800000000001	0.132172	0.12346300000000002	0.587234	3187900.0
2013-01-17	0.004918	0.12611	0.134286	0.122885	0.427094	2803900.0
2013-01-16	0.003186	0.120571	0.128658	0.119647	0.27581	2092300.0
2013-01-15	0.002163	0.121027	0.127626	0.11801700000000001	0.186836	2106400.0
2013-01-14	0.008309	0.125322	0.136879	0.12182	0.711777	2592500.0
2013-01-11	-0.006296	0.11174200000000001	0.121254	0.10443399999999999	-0.542717	2923900.0
2013-01-10	0.004979	0.127419	0.130683	0.12298900000000001	0.427063	2600600.0
2013-01-09	0.009529000000000001	0.128276	0.138515	0.126393	0.8096770000000001	2359700.0
2013-01-08	0.000105	0.120155	0.12698199999999998	0.11933099999999999	0.008896	2655500.0
2013-01-07	0.001258	0.119797	0.128164	0.11673299999999999	0.10676600000000001	2745800.0
2013-01-04	0.0073939999999999995	0.125346	0.13353800000000002	0.122378	0.6228100000000001	2704900.0
2013-01-03	-0.00116	0.11870399999999999	0.1257	0.11621400000000001	-0.097855	2704600.0
2013-01-02	0.020786000000000002	0.14014200000000002	0.147405	0.13735799999999998	1.717186	3206700.0
2012-12-31	0.011658	0.12110499999999999	0.137882	0.11926800000000001	0.952034	2580600.0
2012-12-28	-0.009283	0.115914	0.125863	0.111426	-0.765174	1877300.0
2012-12-27	-0.00462	0.124405	0.125129	0.10701500000000001	-0.382592	2360900.0
2012-12-26	-0.001288	0.125851	0.130434	0.11861500000000001	-0.10678800000000001	1542900.0
2012-12-24	0.000967	0.119093	0.131406	0.11897200000000001	0.080101	953400.0
2012-12-21	-0.010943000000000001	0.107802	0.11830999999999998	0.097773	-0.916451	5975500.0
2012-12-20	0.011933	0.127909	0.137454	0.126217	0.987625	3289800.0
2012-12-19	-0.008844	0.12476	0.125478	0.113383	-0.738502	3254800.0
2012-12-18	0.008815	0.12513	0.13564	0.12355899999999999	0.7296060000000001	2800000.0
2012-12-17	0.008126999999999999	0.12526099999999998	0.13402999999999998	0.12209400000000001	0.6672899999999999	2750700.0
2012-12-14	-0.002378	0.117846	0.124894	0.117846	-0.19574	2709000.0
2012-12-13	-0.006658	0.121869	0.127904	0.11233499999999999	-0.551651	2621400.0
2012-12-12	-0.005978	0.124401	0.12776099999999999	0.11000399999999999	-0.498237	4064900.0
2012-12-11	0.019702	0.133464	0.148756	0.131629	1.610435	3821600.0
2012-12-10	0.003934	0.122202	0.13583499999999998	0.121956	0.320298	2847700.0
2012-12-07	0.006157	0.127505	0.132819	0.120585	0.498275	2476400.0
2012-12-06	0.002093	0.12441700000000001	0.12800799999999998	0.118349	0.16902999999999999	2027700.0
2012-12-05	0.007102	0.126166	0.137391	0.11743599999999998	0.569442	2996600.0
2012-12-04	-0.001993	0.124046	0.128776	0.12018800000000002	-0.160141	1969800.0
2012-12-03	-0.007147	0.129606	0.132943	0.11366500000000002	-0.578331	1929200.0
2012-11-30	0.0033090000000000003	0.124293	0.130617	0.121938	0.266899	2284900.0
2012-11-29	-0.0030789999999999997	0.129113	0.136776	0.11873	-0.249115	2364000.0
2012-11-28	0.0068650000000000004	0.121308	0.132509	0.11359200000000001	0.551629	2426200.0
2012-11-27	0.002442	0.125169	0.134776	0.124296	0.19577	2504200.0
2012-11-26	-0.002105	0.11470899999999999	0.123548	0.11470899999999999	-0.169075	1910200.0
2012-11-23	0.015066	0.128344	0.141487	0.126575	1.192253	1101100.0
2012-11-21	-0.0008990000000000001	0.124679	0.125563	0.119376	-0.07119	2011300.0
2012-11-20	0.00045	0.125185	0.13276300000000002	0.116595	0.035606	2035100.0
2012-11-19	0.01209	0.14096199999999998	0.146714	0.134825	0.9457399999999999	2688600.0
2012-11-16	0.005454	0.132659	0.148855	0.127904	0.42428599999999994	5237100.0
2012-11-15	0.008131999999999999	0.12398800000000001	0.144073	0.12398800000000001	0.627541	3291600.0
2012-11-14	-0.01987	0.132517	0.135184	0.10584500000000001	-1.564484	2882700.0
2012-11-13	-0.001121	0.12401600000000002	0.14418699999999998	0.12097100000000001	-0.08835599999999999	2985900.0
2012-11-12	0.0041659999999999996	0.133285	0.14232899999999998	0.127425	0.327011	2220100.0
2012-11-09	0.002936	0.13201300000000002	0.144278	0.125624	0.22981300000000002	3176400.0
2012-11-08	-0.009285999999999999	0.127956	0.13707	0.119729	-0.7336050000000001	3005900.0
2012-11-07	-0.016288999999999998	0.124899	0.124899	0.104603	-1.308143	4593100.0
2012-11-06	0.014062	0.135793	0.151956	0.134783	1.1136780000000002	2806100.0
2012-11-05	0.0070810000000000005	0.120056	0.14243699999999998	0.120056	0.556846	2387800.0
2012-11-02	-0.003137	0.135938	0.140501	0.125416	-0.24746700000000002	3051900.0
2012-11-01	0.018835	0.135765	0.154621	0.134474	1.458389	3306600.0
2012-10-31	-0.0048850000000000005	0.131374	0.139856	0.12443399999999999	-0.380065	3360400.0
2012-10-26	0.002506	0.13253399999999999	0.14078	0.12854000000000002	0.194465	3592600.0
2012-10-25	-0.006562	0.133678	0.13713399999999998	0.11882999999999999	-0.5126649999999999	4613900.0
2012-10-24	-0.003832	0.135199	0.141702	0.12397899999999999	-0.300514	3321300.0
2012-10-23	-0.041068	0.09640399999999999	0.106797	0.083077	-3.358772	5866000.0
2012-10-22	-0.004411	0.124922	0.13283499999999998	0.113844	-0.36238899999999996	3130800.0
2012-10-19	-0.018999000000000002	0.129821	0.129821	0.106893	-1.5909799999999998	3804100.0
2012-10-18	-0.0007379999999999999	0.129823	0.133641	0.12373699999999999	-0.061852	2538800.0
2012-10-17	0.006155	0.139899	0.14182	0.135216	0.512642	3191800.0
2012-10-16	0.015519	0.146371	0.150273	0.13747	1.272766	2857500.0
2012-10-15	0.00043099999999999996	0.130886	0.135155	0.12673900000000002	0.035363	2916300.0
2012-10-12	-0.0008619999999999999	0.13283599999999998	0.13759000000000002	0.126133	-0.070694	2566100.0
2012-10-11	-0.004824	0.138409	0.13853	0.12531	-0.397744	2429200.0
2012-10-10	-0.007026	0.131494	0.132096	0.121859	-0.583374	2561600.0
2012-10-09	-0.014994	0.130425	0.130425	0.113935	-1.263946	2989500.0
2012-10-08	0.0043170000000000005	0.12648900000000002	0.13733099999999998	0.125893	0.362381	2607600.0
2012-10-05	0.005613	0.135088	0.140599	0.131614	0.468475	3663600.0
2012-10-04	0.0069310000000000005	0.134631	0.140422	0.12992599999999999	0.574516	2531400.0
2012-10-03	0.002566	0.134639	0.136938	0.12484200000000001	0.21211999999999998	2610300.0
2012-10-02	0.00268	0.142774	0.143501	0.12907000000000002	0.220971	3602300.0
2012-10-01	0.009414	0.13725	0.154021	0.128803	0.769004	3900600.0
2012-09-28	-0.0043100000000000005	0.127108	0.13186199999999998	0.11772200000000001	-0.353569	2559500.0
2012-09-27	0.002484	0.13504000000000002	0.13895	0.123676	0.203286	2081400.0
2012-09-26	-0.002585	0.131983	0.138321	0.12784	-0.21211999999999998	2612900.0
2012-09-25	-0.009602	0.134029	0.13584000000000002	0.119183	-0.795502	3800400.0
2012-09-24	0.005579	0.127004	0.142055	0.125912	0.45961	3037400.0
2012-09-21	-0.003954	0.137177	0.137298	0.123636	-0.327034	9547000.0
2012-09-20	-0.000534	0.12617799999999998	0.131374	0.122674	-0.04419	2075600.0
2012-09-19	0.002141	0.124714	0.139003	0.12289800000000001	0.176789	2723500.0
2012-09-18	-0.003732	0.131374	0.133907	0.124618	-0.309365	2477500.0
2012-09-17	-0.002128	0.127522	0.132698	0.125475	-0.17678	3290300.0
2012-09-14	0.020856	0.141206	0.15497	0.137519	1.697052	4993000.0
2012-09-13	0.013765000000000001	0.132744	0.151557	0.12701300000000001	1.104858	2729300.0
2012-09-12	-0.003949	0.13671	0.137455	0.122563	-0.31819899999999995	2409600.0
2012-09-11	0.005514	0.132123	0.142854	0.131124	0.44193999999999994	2403400.0
2012-09-10	-0.023163	0.12467	0.125158	0.10443599999999999	-1.9003450000000002	6356100.0
2012-09-07	-0.0049310000000000005	0.13258699999999998	0.13586199999999998	0.124339	-0.406578	3215400.0
2012-09-06	0.016676	0.139019	0.151473	0.135196	1.352326	3223400.0
2012-09-05	0.0007639999999999999	0.13433599999999998	0.135199	0.12434	0.061874	2985500.0
