2017-09-01	-0.007246	0.001137	0.002273	-0.009520	-0.509994	1545200.000000
2016-09-01	-0.0020989999999999997	0.031431	0.036094	0.026268	-0.12601099999999998	2112200.0
2016-08-31	0.001131	0.031597	0.034599	0.025095	0.067856	3373000.0
2016-08-30	-0.007858	0.031597	0.037718	0.023326	-0.474995	2451700.0
2016-08-29	0.004187	0.032262	0.041731	0.032262	0.25204099999999996	3541200.0
2016-08-26	-0.021122	0.032085	0.037614	0.0076939999999999995	-1.298958	2928300.0
2016-08-25	-0.003925	0.032083	0.034837	0.026414	-0.242344	1841400.0
2016-08-24	-0.002506	0.029174000000000002	0.031274	0.021096	-0.155102	1716400.0
2016-08-23	-0.012985	0.031598	0.03973	0.017564	-0.8142659999999999	2448300.0
2016-08-22	-0.0015429999999999999	0.034145	0.039559	0.029368000000000002	-0.096939	4793300.0
2016-08-19	-0.005831	0.027324	0.029223000000000002	0.01656	-0.36836199999999997	3467200.0
2016-08-18	0.023398	0.030625	0.055897	0.028682	1.4443620000000001	3713100.0
2016-08-17	0.016603	0.029126999999999997	0.050372	0.021058	1.008145	4953100.0
2016-08-16	-0.012766	0.018753	0.024932	0.012738	-0.785191	5784800.0
2016-08-15	-0.010449	0.032080000000000004	0.035137	0.020657	-0.649483	1769100.0
2016-08-12	0.000624	0.035944	0.038359	0.031436	0.038781	1734300.0
2016-08-11	0.007389	0.031435000000000005	0.039544	0.029002999999999998	0.455604	1956700.0
2016-08-10	0.002364	0.034849	0.036637	0.030622000000000003	0.145401	1835700.0
2016-08-09	-0.000787	0.031922000000000006	0.037932	0.029811	-0.048458	2583700.0
2016-08-08	-0.006103	0.032728	0.036764	0.024978	-0.37806300000000004	1960700.0
2016-08-05	-0.009456	0.029838999999999997	0.031278	0.018803999999999998	-0.591309	2954000.0
2016-08-04	-0.00062	0.037511	0.045022	0.027762000000000002	-0.038776	2958800.0
2016-08-03	0.0034200000000000003	0.031758	0.038814	0.026626	0.21325700000000003	3648800.0
2016-08-02	0.002806	0.029989	0.034975	0.023396	0.174492	3328700.0
2016-08-01	0.0032840000000000005	0.029016000000000004	0.036438	0.027402999999999997	0.20356	1922000.0
2016-07-29	0.0029809999999999997	0.031274	0.038718	0.028361	0.18418800000000002	2725500.0
2016-07-28	-0.003128	0.033856	0.033856	0.01466	-0.193878	2511900.0
2016-07-27	-0.003273	0.029025	0.033848	0.017447999999999998	-0.203571	1944700.0
2016-07-26	-0.011859	0.03128	0.032869	0.017775	-0.7464109999999999	2496500.0
2016-07-25	-0.001384	0.030646	0.030646	0.020491	-0.087242	1762400.0
2016-07-22	0.013404	0.032080000000000004	0.045425	0.026452	0.8336530000000001	2921800.0
2016-07-21	-0.001556	0.028868	0.031437	0.02341	-0.096939	3160100.0
2016-07-20	-0.002329	0.031437	0.033839999999999995	0.025511000000000002	-0.145401	2017100.0
2016-07-19	-0.0017050000000000001	0.032876999999999997	0.033996	0.025202000000000002	-0.106625	1868900.0
2016-07-18	-0.0015480000000000001	0.033034	0.038143	0.029841000000000003	-0.096947	2889300.0
2016-07-15	0.006542	0.0369	0.040435000000000006	0.031276	0.407147	3028500.0
2016-07-14	-0.005576	0.026164999999999997	0.031118	0.021531	-0.348976	2936200.0
2016-07-13	0.013500999999999999	0.039370999999999996	0.046011	0.034674	0.8336520000000001	2536800.0
2016-07-12	-0.015912	0.027294	0.027932	0.014225999999999999	-0.998455	2675500.0
2016-07-11	-0.001542	0.025391999999999998	0.030324	0.016003	-0.09693099999999999	2070900.0
2016-07-08	0.006677	0.027433	0.038806	0.0167	0.416832	2813900.0
2016-07-07	-0.01514	0.027023000000000002	0.030650999999999998	0.012193	-0.9596709999999999	4517300.0
2016-07-06	0.007705	0.031121	0.040182	0.025397	0.484676	5048900.0
2016-07-05	0.013431	0.030631	0.047708999999999994	0.030631	0.8336600000000001	2873700.0
2016-07-01	0.001721	0.036762	0.038214	0.021269	0.10663199999999999	2331200.0
2016-06-30	0.021412999999999998	0.036543	0.05418099999999999	0.033081	1.2989540000000002	3851400.0
2016-06-29	0.002885	0.036557	0.040359	0.031101	0.174485	4018700.0
2016-06-28	-0.0044670000000000005	0.032256	0.032256	0.020406	-0.27142	4055500.0
2016-06-27	0.008139	0.035182	0.051276	0.031366000000000005	0.49054	3444700.0
2016-06-24	0.00853	0.027781	0.058404	0.025271000000000002	0.509781	4832300.0
2016-06-23	-0.000322	0.041502	0.042171	0.034811	-0.019234	2179500.0
2016-06-22	-0.007664	0.042318	0.04265	0.031030000000000002	-0.461693	2761100.0
2016-06-21	0.000959	0.039827999999999995	0.045644	0.02936	0.057709	4283400.0
2016-06-20	-0.0071400000000000005	0.039497000000000004	0.039662	0.024649	-0.432827	2705600.0
2016-06-17	0.001112	0.038671	0.041974000000000004	0.031734	0.067329	3640300.0
2016-06-16	0.009623	0.040162	0.05266799999999999	0.040162	0.5771109999999999	2678100.0
2016-06-15	-0.010003	0.039992	0.040487	0.02497	-0.605965	2019400.0
2016-06-14	0.00607	0.041489	0.046803	0.03551	0.365501	1523400.0
2016-06-13	-0.006665000000000001	0.039992	0.046426	0.032238	-0.403976	2174200.0
2016-06-10	0.0006349999999999999	0.038671	0.044284	0.034214	0.038475	2306700.0
2016-06-09	0.015643	0.038824000000000004	0.056763	0.038824000000000004	0.932999	2420000.0
2016-06-08	0.0060030000000000005	0.037301	0.046071	0.037132	0.35588400000000003	1945700.0
2016-06-07	0.005546	0.041358	0.048481	0.035592	0.32702600000000004	2347900.0
2016-06-06	-0.004062	0.038986	0.043885	0.030033999999999998	-0.240463	1453000.0
2016-06-03	0.015676	0.047382	0.060935	0.046524	0.9137540000000001	3048700.0
2016-06-02	0.004809000000000001	0.035869	0.044661	0.031905	0.278942	1879100.0
2016-06-01	0.0038280000000000002	0.038278	0.043815	0.034124	0.22122199999999997	2079200.0
2016-05-31	0.009409	0.038963	0.05119	0.03512	0.5386350000000001	3375000.0
2016-05-27	0.002189	0.040012	0.044389	0.03406	0.125046	2039200.0
2016-05-26	0.016082	0.038238999999999995	0.05656	0.036282	0.904136	1944900.0
2016-05-25	-0.001537	0.034689	0.043213999999999995	0.031314999999999996	-0.086563	1903900.0
2016-05-24	0.016143	0.043813	0.058972000000000004	0.038939999999999995	0.894524	2511600.0
2016-05-23	-0.00034700000000000003	0.038399	0.052289999999999996	0.037497	-0.019241	2641200.0
2016-05-20	0.001564	0.043637	0.046709	0.034241	0.08656699999999999	2164900.0
2016-05-19	0.009297	0.034191	0.049692	0.028355	0.50978	1550400.0
2016-05-18	-0.011101	0.034432	0.051023	0.023431	-0.615581	3347000.0
2016-05-17	-0.024534999999999998	0.036847000000000005	0.039133999999999995	0.009053	-1.394684	2732400.0
2016-05-16	-0.001183	0.038607999999999996	0.039486	0.031228	-0.067326	1825600.0
2016-05-13	-0.001182	0.040364	0.042294	0.031412999999999996	-0.067333	2129100.0
2016-05-12	0.001691	0.040365	0.046518000000000004	0.035794	0.096188	3716700.0
2016-05-11	-0.001857	0.038433999999999996	0.042469	0.028256	-0.105808	2588300.0
2016-05-10	0.002199	0.04652	0.048982	0.039662	0.12504200000000001	1947700.0
2016-05-09	0.002034	0.042305	0.047415	0.038605	0.11542100000000001	1544700.0
2016-05-06	-0.002536	0.039486	0.045462	0.029643	-0.14428	2325400.0
2016-05-05	0.000169	0.040014	0.047749	0.033685	0.009625	2516900.0
2016-05-04	0.002203	0.0342	0.049881	0.033495	0.12503399999999998	3680900.0
2016-05-03	0.005795000000000001	0.037536	0.047458999999999994	0.034345999999999995	0.327034	2782100.0
2016-05-02	0.008076	0.04252	0.055025	0.037161	0.452068	1791200.0
2016-04-29	0.007618000000000001	0.033181999999999996	0.049742	0.025082	0.42321400000000003	1895800.0
2016-04-28	0.0	0.030662000000000002	0.045062	0.027422000000000002	0.0	1462800.0
2016-04-27	0.013333000000000001	0.04258	0.059726	0.036561	0.731007	2155100.0
2016-04-26	-0.0017510000000000002	0.042575	0.046035	0.034381999999999996	-0.096184	1523500.0
2016-04-25	0.00193	0.036378	0.042033999999999995	0.032547	0.10580099999999999	1764800.0
2016-04-22	0.006534999999999999	0.041131	0.051414	0.040029	0.35588400000000003	2410900.0
2016-04-21	-0.030479000000000003	0.034855000000000004	0.035033	0.005481000000000001	-1.712093	3644700.0
2016-04-20	-0.019805	0.040011	0.042279000000000004	0.019071	-1.1349870000000002	3051100.0
2016-04-19	0.000504	0.040535	0.04455	0.032678	0.028855000000000002	2133500.0
2016-04-18	0.004555	0.039662	0.045625	0.031419	0.259704	1809800.0
2016-04-15	0.007306999999999999	0.042489	0.051498	0.038425	0.41359700000000005	2266100.0
2016-04-14	0.00033999999999999997	0.038071	0.04249	0.034184	0.019234	1803000.0
2016-04-13	-0.006418000000000001	0.041944999999999996	0.041944999999999996	0.025966000000000003	-0.365501	1635700.0
2016-04-12	0.005263	0.04178	0.046722	0.03419	0.298168	1762500.0
2016-04-11	-0.006745	0.041065	0.044922000000000004	0.030895999999999996	-0.384739	2213200.0
2016-04-08	0.009362	0.044971	0.052579999999999995	0.040547	0.529022	2367200.0
2016-04-07	0.001364	0.035232	0.046573	0.033637	0.07695	1829500.0
2016-04-06	0.007556	0.037341	0.047695999999999995	0.031806	0.42321000000000003	4013100.0
2016-04-05	-0.021672999999999998	0.037216	0.039837	0.01643	-1.240791	3240700.0
2016-04-04	-0.005181	0.042442	0.043137	0.031669	-0.298168	2529700.0
2016-04-01	0.001842	0.032698000000000005	0.046103	0.030957	0.1058	2277200.0
2016-03-31	0.004711	0.039312	0.047358	0.034939	0.269322	2810900.0
2016-03-30	0.004224	0.04177	0.047742	0.032636	0.240459	2743400.0
2016-03-29	0.019375	0.041363	0.061059	0.041363	1.0820889999999999	2252800.0
2016-03-28	-0.005607	0.050480000000000004	0.055821	0.038906	-0.314942	1703300.0
2016-03-24	-0.001866	0.043366	0.050475	0.041766000000000005	-0.10498800000000001	2026200.0
2016-03-23	0.006659	0.044768	0.058722	0.042442	0.372208	1545700.0
2016-03-22	-0.000171	0.045841	0.057825	0.042979	-0.009544	1726800.0
2016-03-21	-0.002724	0.050128	0.058512	0.033895	-0.152703	1644100.0
2016-03-18	-0.004407	0.051183	0.056688999999999996	0.037864	-0.248131	5690500.0
2016-03-17	0.01619	0.04835	0.070187	0.04041	0.897107	3023700.0
2016-03-16	0.01009	0.043251	0.05929299999999999	0.033589999999999995	0.553531	2669500.0
2016-03-15	-0.0010429999999999999	0.044713	0.054	0.041982	-0.057258	2485500.0
2016-03-14	0.0038380000000000003	0.042873	0.053475999999999996	0.041958999999999996	0.20996399999999998	2040200.0
2016-03-11	0.004909	0.056259	0.058647000000000005	0.048544	0.26722399999999996	2304100.0
2016-03-10	-0.00419	0.047992	0.053846000000000005	0.034638	-0.229046	2023400.0
2016-03-09	0.005971	0.047625	0.057010000000000005	0.047625	0.324486	2035200.0
2016-03-08	0.008323	0.046139	0.059127	0.045768	0.44855100000000003	3398400.0
2016-03-07	-0.000531	0.045398	0.054485000000000006	0.042245	-0.028629	3824400.0
2016-03-04	0.0037310000000000004	0.044086	0.053207000000000004	0.037012	0.200416	3636600.0
2016-03-03	0.001067	0.049859	0.050977	0.036256000000000004	0.057263	2171700.0
2016-03-02	0.000356	0.043894	0.050232	0.019847	0.019088	2665600.0
2016-03-01	-0.009165999999999999	0.054643	0.057228999999999995	0.032848	-0.496277	2868600.0
2016-02-29	0.0053159999999999995	0.048737	0.061549	0.045952	0.286313	3186000.0
2016-02-26	-0.032739	0.042960000000000005	0.048707	0.012966	-1.822846	2557300.0
2016-02-25	0.015315	0.051273	0.066044	0.044709	0.8398399999999999	2755300.0
2016-02-24	0.004194	0.043963	0.053852	0.034441	0.229053	2873500.0
2016-02-23	0.013102	0.044469999999999996	0.063949	0.042429	0.706242	2680300.0
2016-02-22	0.010556	0.050433	0.059432000000000006	0.042934	0.563068	3043400.0
2016-02-19	-0.001964	0.049306	0.050241	0.034898	-0.104976	4175200.0
2016-02-18	0.003404	0.043866	0.05851	0.031663	0.181328	4134400.0
2016-02-17	0.001076	0.053635	0.062280999999999996	0.040855	0.057266	3998600.0
2016-02-16	0.009781	0.059005999999999996	0.062233000000000004	0.048378	0.515362	2939900.0
2016-02-12	0.000906	0.049707999999999995	0.055977	0.034322000000000005	0.047718	2877300.0
2016-02-11	-0.017981	0.042399	0.053591999999999994	0.027476	-0.9639129999999999	3672500.0
2016-02-10	0.004471	0.04556	0.059801	0.034318	0.23859	4100300.0
2016-02-09	-0.00675	0.043528	0.053578	0.03627	-0.362659	5980000.0
2016-02-08	0.001067	0.047809	0.064204	0.038307	0.057258	3841300.0
2016-02-05	-0.001598	0.039996	0.050413	0.025301	-0.085892	3687200.0
2016-02-04	-0.019666	0.044344	0.047262	0.025379	-1.078445	4175900.0
2016-02-03	0.013940000000000001	0.052246	0.06740800000000001	0.048364	0.7539600000000001	3970700.0
2016-02-02	0.021818	0.04063	0.07180299999999999	0.040441000000000005	1.154796	6190100.0
2016-02-01	0.010015999999999999	0.048763	0.05964	0.042083999999999996	0.524903	3141500.0
2016-01-29	0.021391	0.055215	0.074121	0.051122	1.097526	3727600.0
2016-01-28	0.019533000000000002	0.047809	0.076225	0.040257999999999995	0.9829979999999999	2223200.0
2016-01-27	0.011316	0.050421	0.060267999999999995	0.047407	0.56308	3824900.0
2016-01-26	0.010269	0.058163	0.072172	0.05268099999999999	0.505821	3367800.0
2016-01-25	-0.014324000000000002	0.048809	0.04961	0.029398	-0.7157819999999999	2125100.0
2016-01-22	0.017093999999999998	0.057986	0.066331	0.048216	0.8398549999999999	3674700.0
2016-01-21	0.003704	0.05312000000000001	0.061496	0.037799	0.181328	3606100.0
2016-01-20	-0.031899000000000004	0.04326	0.048402	0.001727	-1.6128959999999999	4104800.0
2016-01-19	0.00972	0.052601	0.06578099999999999	0.04721	0.486732	4674800.0
2016-01-15	-0.0176	0.02721	0.043689	0.017793	-0.8971100000000001	4201600.0
2016-01-14	0.021419	0.051815999999999994	0.07566200000000001	0.047608	1.068898	3362600.0
2016-01-13	-0.005137	0.050002	0.055982000000000004	0.040632	-0.257679	2935000.0
2016-01-12	0.006318	0.053426	0.056235	0.033565	0.31494099999999997	3495200.0
2016-01-11	0.0032649999999999997	0.050627	0.05747000000000001	0.044789999999999996	0.162243	3605300.0
2016-01-08	-0.007625	0.048608	0.052003	0.038022	-0.381748	3351500.0
2016-01-07	-0.004932	0.037673000000000005	0.047411	0.036281	-0.248135	2331100.0
2016-01-06	-0.005658	0.040101	0.046623000000000005	0.037335	-0.286312	2599300.0
2016-01-05	0.001511	0.046423	0.054537999999999996	0.027423000000000003	0.076347	2345700.0
2016-01-04	-0.0047	0.041111	0.044854000000000005	0.033428	-0.23858600000000002	2201500.0
2015-12-31	-0.013538999999999999	0.046060000000000004	0.050141000000000005	0.027016000000000002	-0.696693	1753600.0
2015-12-30	0.0020440000000000002	0.050535000000000004	0.057935	0.047225	0.104984	1419200.0
2015-12-29	0.005325	0.051822	0.059848	0.050647000000000005	0.271995	1142700.0
2015-12-28	0.000742	0.053581	0.058675	0.049467000000000004	0.03785	1383800.0
2015-12-24	-0.002589	0.056715999999999996	0.05867000000000001	0.052613	-0.13248800000000002	592200.0
2015-12-23	0.01635	0.060291	0.074391	0.057908	0.823307	1625800.0
2015-12-22	0.002827	0.05910599999999999	0.064085	0.045165	0.141948	1453500.0
2015-12-21	-0.000941	0.060297	0.067062	0.048956	-0.047317000000000005	1800900.0
2015-12-18	-0.013741999999999999	0.051222000000000004	0.056126999999999996	0.036897000000000006	-0.700276	4426600.0
2015-12-17	-0.007006999999999999	0.0573	0.059834000000000005	0.046388	-0.359611	2723400.0
2015-12-16	0.029032	0.059523	0.088598	0.05731699999999999	1.4478799999999998	2453200.0
2015-12-15	0.008034	0.059748	0.07895	0.05914199999999999	0.397461	2830600.0
2015-12-14	0.011023	0.059373	0.06959	0.052016	0.539405	2025400.0
2015-12-11	0.0011619999999999998	0.054875	0.066741	0.047305	0.056775	2292400.0
2015-12-10	-0.0175	0.05731900000000001	0.061339	0.033801	-0.870613	3091500.0
2015-12-09	-0.002845	0.053108	0.071147	0.050502	-0.141957	2223800.0
2015-12-08	-0.007904000000000001	0.054329999999999996	0.057511	0.035438	-0.397457	2377600.0
2015-12-07	0.000377	0.055522	0.057512	0.035828	0.018928999999999998	3506400.0
2015-12-04	0.025285	0.060795	0.08527	0.060795	1.239696	4915000.0
2015-12-03	-0.007851	0.048217	0.056715999999999996	0.040123	-0.387997	3279500.0
2015-12-02	-0.013413999999999999	0.052523	0.055718	0.040944	-0.6718970000000001	2979300.0
2015-12-01	0.003793	0.062928	0.068139	0.049901999999999995	0.18927	1619600.0
2015-11-30	-0.000758	0.056315	0.067129	0.054113	-0.037857999999999996	3410200.0
2015-11-27	0.00783	0.05812899999999999	0.070641	0.05812899999999999	0.387997	726200.0
2015-11-25	-0.003616	0.059128999999999994	0.059530999999999994	0.049075	-0.179798	1362000.0
2015-11-24	-0.003414	0.052708000000000005	0.056516	0.042688	-0.17034100000000002	2684900.0
2015-11-23	-0.015864	0.038769	0.057899	0.036008	-0.804379	2954500.0
2015-11-20	0.007331999999999999	0.062676	0.071616	0.059696000000000006	0.369064	1873600.0
2015-11-19	0.009873	0.059124	0.071362	0.056715999999999996	0.49209200000000003	1663100.0
2015-11-18	0.009970999999999999	0.057121000000000005	0.069482	0.048003	0.49208900000000005	2248000.0
2015-11-17	-0.024138999999999997	0.052959000000000006	0.061462	0.027252999999999996	-1.220761	2870700.0
2015-11-16	0.022579	0.055907000000000005	0.080778	0.05247	1.116665	2170700.0
2015-11-13	-0.01004	0.056715999999999996	0.067325	0.043505	-0.501552	2074500.0
2015-11-12	-0.016396	0.05455	0.065576	0.038995999999999996	-0.8327600000000001	1734900.0
2015-11-11	0.005621	0.058498	0.065032	0.055726	0.28389000000000003	2667600.0
2015-11-10	0.016571000000000002	0.056112	0.07463	0.052288	0.8233030000000001	2730900.0
2015-11-09	0.010976	0.052443	0.072385	0.050408	0.5394100000000001	3455000.0
2015-11-06	-0.033320999999999996	0.039602	0.039602	0.004195	-1.693932	4892300.0
2015-11-05	-0.008124	0.05496	0.06100800000000001	0.047155	-0.416382	2902600.0
2015-11-04	0.009883	0.05376	0.06814400000000001	0.051987	0.501553	2823800.0
2015-11-03	0.0014939999999999999	0.053163999999999996	0.059479	0.045271	0.07571	2370400.0
2015-11-02	0.002809	0.055726	0.06324600000000001	0.047415	0.14194500000000002	2595200.0
2015-10-30	0.020057	0.059137999999999996	0.085178	0.057120000000000004	0.993648	4782300.0
2015-10-29	-0.011332	0.052724	0.064499	0.027180000000000003	-0.567802	5265500.0
2015-10-28	-0.020714	0.053394000000000004	0.057302	0.018997	-1.059883	3980000.0
2015-10-27	0.0052060000000000006	0.055537	0.064967	0.055537	0.26497600000000004	4097100.0
2015-10-26	0.002983	0.059474	0.062233000000000004	0.049623	0.15140599999999999	3388400.0
2015-10-23	-0.015962999999999998	0.054971000000000006	0.058073	0.038683999999999996	-0.823304	2382500.0
2015-10-22	0.006092	0.058080999999999994	0.06705499999999999	0.057691	0.312287	2286800.0
2015-10-21	-0.002945	0.06410700000000001	0.069553	0.052826	-0.151417	1798400.0
2015-10-20	0.000737	0.052823	0.067227	0.051071	0.037857	1671000.0
2015-10-19	0.0048119999999999994	0.05476	0.061801	0.048697000000000004	0.246048	2782500.0
2015-10-16	-0.00037	0.055542999999999995	0.062581	0.053391999999999995	-0.018928	4209200.0
2015-10-15	0.024256	0.058919000000000006	0.082949	0.05871799999999999	1.211299	3015400.0
2015-10-14	0.0005690000000000001	0.057918	0.067736	0.055914	0.028388999999999998	2473000.0
2015-10-13	-0.004906000000000001	0.056517	0.061301999999999995	0.050336	-0.246044	2323800.0
2015-10-12	0.009524	0.060943	0.074831	0.059735	0.47316400000000003	4137900.0
2015-10-09	-0.011113	0.056715999999999996	0.060498	0.044176	-0.558334	2921000.0
2015-10-08	0.006827	0.05371	0.067137	0.049101	0.340683	2576500.0
2015-10-07	-0.007155	0.058507	0.059899	0.043982	-0.359608	2464800.0
2015-10-06	-0.006547	0.055925	0.057309000000000006	0.041496	-0.33120700000000003	3423500.0
2015-10-05	0.008679000000000001	0.062099	0.06668500000000001	0.051133	0.435302	3164600.0
2015-10-02	0.007988	0.05993099999999999	0.065157	0.049883	0.397457	2828400.0
2015-10-01	-0.0041670000000000006	0.059118	0.060719	0.045909	-0.20819000000000001	3085600.0
2015-09-30	0.015189	0.06260800000000001	0.075002	0.057529	0.747604	4164700.0
2015-09-29	0.0	0.058748	0.06017	0.045541000000000005	0.0	3281500.0
2015-09-28	-0.008672	0.052587	0.062053	0.043121	-0.43058	3278700.0
2015-09-25	0.009153	0.068319	0.089255	0.064457	0.450329	3907200.0
2015-09-24	0.008462	0.059936	0.078179	0.052557000000000006	0.412807	4600600.0
2015-09-23	0.01069	0.066709	0.07831	0.060287	0.516007	6284200.0
2015-09-22	0.005275	0.060465	0.076502	0.052135	0.253307	7625800.0
2015-09-21	0.012863999999999999	0.069255	0.083177	0.065669	0.609825	3629600.0
2015-09-18	0.008784	0.061837	0.087372	0.049495	0.412807	9342800.0
2015-09-17	0.016437	0.06436599999999999	0.10373099999999999	0.058526	0.759934	5314400.0
2015-09-16	0.009836	0.06588	0.07854900000000001	0.064351	0.450333	2387100.0
2015-09-15	0.006393	0.067859	0.077311	0.059505999999999996	0.29084	4465200.0
2015-09-14	0.001032	0.06764099999999999	0.074682	0.056639	0.046912999999999996	3257700.0
2015-09-11	0.015513999999999998	0.062082000000000005	0.08331000000000001	0.060740999999999996	0.694259	3036500.0
2015-09-10	-0.004383	0.062988	0.075002	0.057649	-0.197025	3056900.0
2015-09-09	-0.017835	0.070687	0.072436	0.044904	-0.8162229999999999	3499300.0
2015-09-08	0.02479	0.08155499999999999	0.092527	0.072598	1.107063	5176200.0
2015-09-04	-0.014493	0.055508	0.058598000000000004	0.04646	-0.656734	2813600.0
2015-09-03	0.00772	0.066992	0.076999	0.061433	0.347134	2566000.0
2015-09-02	0.001044	0.07612000000000001	0.08636100000000001	0.053636	0.046905	3055600.0
2015-09-01	-0.034288	0.043092	0.051262	0.023099	-1.594925	3462200.0
2015-08-31	-0.016659999999999998	0.062075	0.06820599999999999	0.044529	-0.788082	3144400.0
2015-08-28	0.0015890000000000001	0.064822	0.06948	0.0536	0.075058	2511100.0
2015-08-27	0.01841	0.071271	0.086797	0.06242999999999999	0.853756	5577500.0
2015-08-26	0.0096	0.080466	0.081337	0.056084	0.44094799999999995	4967600.0
2015-08-25	-0.028763999999999998	0.08004700000000001	0.081738	0.033953	-1.360378	3850600.0
2015-08-24	-0.050301	0.034152999999999996	0.053832000000000005	0.002827	-2.50497	7272100.0
2015-08-21	-0.014847999999999998	0.058164999999999994	0.067463	0.049263	-0.7505569999999999	2665500.0
2015-08-20	-0.004618	0.059382000000000004	0.072378	0.054459	-0.23454299999999997	1707200.0
2015-08-19	-0.005146	0.061375	0.065488	0.052363	-0.262696	2337900.0
2015-08-18	0.0025800000000000003	0.062149	0.070594	0.056846	0.131348	2317500.0
2015-08-17	0.003513	0.067063	0.07672000000000001	0.063712	0.178253	1872500.0
2015-08-14	0.013493000000000002	0.063084	0.080662	0.058889	0.675507	1673200.0
2015-08-13	0.003385	0.062673	0.074699	0.052251	0.16886900000000002	2276300.0
2015-08-12	0.01045	0.061222000000000006	0.079449	0.059197	0.516003	4918800.0
2015-08-11	0.007465	0.065676	0.08240700000000001	0.063636	0.365886	2059600.0
2015-08-10	-0.012289	0.067089	0.071322	0.050766000000000006	-0.609813	1848200.0
2015-08-07	0.013994999999999999	0.062202	0.08304600000000001	0.058319	0.684879	2071000.0
2015-08-06	0.006367	0.06917000000000001	0.074312	0.061973	0.309593	6080400.0
2015-08-05	-0.003077	0.062805	0.06690499999999999	0.05686	-0.150101	7303400.0
2015-08-04	-0.012348	0.061627999999999995	0.062438	0.050694	-0.6098210000000001	2390900.0
2015-08-03	0.0024760000000000003	0.068925	0.074	0.06161799999999999	0.12195999999999999	2403700.0
2015-07-31	0.006324000000000001	0.073642	0.087737	0.070987	0.309601	2825700.0
2015-07-30	-0.003057	0.060177999999999995	0.068935	0.054883	-0.150105	3044000.0
2015-07-29	0.0011480000000000001	0.058133000000000004	0.074239	0.053239999999999996	0.05629	3111900.0
2015-07-28	0.008681999999999999	0.063824	0.07534	0.060328	0.422176	4114900.0
2015-07-27	0.029394	0.067786	0.098058	0.067786	1.388535	3111000.0
2015-07-24	0.000397	0.06503300000000001	0.071175	0.061221000000000005	0.01876	2835000.0
2015-07-23	-0.019291	0.062141999999999996	0.064842	0.04158	-0.928802	2534700.0
2015-07-22	0.014228999999999999	0.066512	0.08441699999999999	0.06567	0.675491	3136400.0
2015-07-21	-0.011526	0.06359	0.065256	0.048182	-0.553528	2105900.0
2015-07-20	-0.002728	0.064842	0.068372	0.05529	-0.131359	1428400.0
2015-07-17	-0.017983000000000002	0.062822	0.063433	0.046508	-0.8818889999999999	2419300.0
2015-07-16	0.01653	0.068368	0.084744	0.068368	0.797459	1457300.0
2015-07-15	0.008235	0.063999	0.07612100000000001	0.060864	0.394042	1676700.0
2015-07-14	-0.004295	0.066713	0.07420399999999999	0.059428999999999996	-0.206405	2209300.0
2015-07-13	0.001956	0.069633	0.07568	0.063378	0.093822	1609300.0
2015-07-10	0.008284	0.069875	0.087745	0.062937	0.394039	2178900.0
2015-07-09	-0.014194	0.067746	0.067746	0.048264	-0.684875	2557800.0
2015-07-08	0.000583	0.06588	0.073553	0.061318	0.028137	3034600.0
2015-07-07	0.027384	0.071633	0.10039400000000001	0.07056699999999999	1.285328	4067100.0
2015-07-06	0.0048200000000000005	0.062027	0.072517	0.060314	0.225163	2697800.0
2015-07-02	0.008303	0.07235599999999999	0.083149	0.068902	0.384662	3714700.0
2015-07-01	0.005703	0.068702	0.073912	0.065229	0.262692	3031100.0
2015-06-30	-0.0046619999999999995	0.072795	0.072795	0.056804999999999994	-0.21578200000000003	3082300.0
2015-06-29	-0.007445	0.064593	0.07982	0.056873	-0.347138	2662800.0
2015-06-26	0.011293000000000001	0.065121	0.07878500000000001	0.057747	0.520702	3099400.0
2015-06-25	-0.0050149999999999995	0.079201	0.080065	0.068412	-0.232391	3418800.0
2015-06-24	-0.011696999999999999	0.078095	0.08172	0.061033000000000004	-0.548458	4142500.0
2015-06-23	-0.013881000000000001	0.074276	0.078062	0.054716999999999995	-0.660011	2364800.0
2015-06-22	0.00137	0.081224	0.08354099999999999	0.070483	0.065071	2353600.0
2015-06-19	-0.011801	0.073875	0.077413	0.063054	-0.5670430000000001	4780600.0
2015-06-18	0.017519999999999997	0.07596	0.09904199999999999	0.07468999999999999	0.827327	2552700.0
2015-06-17	0.01377	0.075749	0.092064	0.07381599999999999	0.641419	2131000.0
2015-06-16	0.006023	0.072509	0.082875	0.068189	0.278869	2081900.0
2015-06-15	-0.008559	0.07425	0.074678	0.063115	-0.399719	2658800.0
2015-06-12	-0.007506999999999999	0.07086100000000001	0.073411	0.064273	-0.353245	2002900.0
2015-06-11	0.003768	0.083001	0.09046699999999999	0.075749	0.176628	2872600.0
2015-06-10	0.001987	0.082802	0.08728999999999999	0.076817	0.092953	3033000.0
2015-06-09	-0.009056999999999999	0.087186	0.089304	0.064099	-0.427608	3562400.0
2015-06-08	-0.011098	0.075958	0.075958	0.063181	-0.529866	2289600.0
2015-06-05	-0.00945	0.074504	0.074504	0.054794	-0.45549300000000004	4312300.0
2015-06-04	-0.002309	0.071609	0.07864600000000001	0.069125	-0.111554	2501700.0
2015-06-03	-0.017580000000000002	0.072291	0.073715	0.047685000000000005	-0.8645129999999999	3445100.0
2015-06-02	-0.014163	0.06893200000000001	0.071739	0.04688	-0.706486	3136200.0
2015-06-01	0.003553	0.082186	0.085607	0.07474199999999999	0.176621	2527700.0
2015-05-29	0.002062	0.078571	0.085022	0.07413600000000001	0.102256	2641400.0
2015-05-28	0.001877	0.07493999999999999	0.080596	0.070497	0.092953	2835900.0
2015-05-27	0.011009999999999999	0.075136	0.08820499999999999	0.07248099999999999	0.539169	2030700.0
2015-05-26	-0.0005690000000000001	0.07534	0.075749	0.06085	-0.027888999999999997	1944700.0
2015-05-22	-0.008278	0.07251	0.07392699999999999	0.056723	-0.409019	2567100.0
2015-05-21	0.005676	0.076563	0.082669	0.070863	0.278877	1961300.0
2015-05-20	-0.003018	0.075546	0.08204	0.069864	-0.148731	2897900.0
2015-05-19	0.00933	0.070013	0.087014	0.067146	0.45548599999999995	2803900.0
2015-05-18	0.009806	0.072853	0.089607	0.072853	0.47409799999999996	1964800.0
2015-05-15	0.011276999999999999	0.079304	0.09227300000000001	0.077422	0.539154	2189000.0
2015-05-14	0.009618999999999999	0.078916	0.089475	0.078916	0.455502	2058600.0
2015-05-13	-0.014319	0.078663	0.086364	0.056389999999999996	-0.687897	1837600.0
2015-05-12	-0.007298999999999999	0.069756	0.07430199999999999	0.06004400000000001	-0.35324099999999997	2146600.0
2015-05-11	-0.006489	0.075133	0.08683400000000001	0.066715	-0.31606300000000004	1964800.0
2015-05-08	0.012169	0.08759299999999999	0.097775	0.082606	0.5856399999999999	2127000.0
2015-05-07	-0.003081	0.075956	0.083621	0.07119099999999999	-0.14872	2589000.0
2015-05-06	-0.008023	0.07369400000000001	0.080886	0.056843	-0.39043	1996400.0
2015-05-05	-0.024595	0.07194	0.074746	0.048489	-1.227058	3431100.0
2015-05-04	0.003365	0.07474299999999999	0.092441	0.071525	0.167324	4492400.0
2015-05-01	0.010771	0.076155	0.089165	0.072699	0.5298649999999999	2331800.0
2015-04-30	-0.018546	0.072756	0.073354	0.041632999999999996	-0.929585	5687500.0
2015-04-29	0.025095	0.102336	0.105403	0.081884	1.227055	7885100.0
2015-04-28	0.014074000000000001	0.07243	0.09151000000000001	0.069319	0.678596	2205300.0
2015-04-27	-0.016496	0.078808	0.081052	0.056983000000000006	-0.808738	2092400.0
2015-04-24	0.010537999999999999	0.075336	0.091826	0.070389	0.5112720000000001	1711700.0
2015-04-23	0.0065569999999999995	0.07637100000000001	0.089442	0.075956	0.316056	2484500.0
2015-04-22	-0.00346	0.075955	0.08009	0.069339	-0.167325	3258000.0
2015-04-21	-0.010459999999999999	0.076362	0.08454600000000001	0.061632000000000006	-0.5112720000000001	3696300.0
2015-04-20	0.004202	0.080474	0.08766499999999999	0.075954	0.204517	2864300.0
2015-04-17	0.008475	0.072226	0.086523	0.070983	0.409016	4328200.0
2015-04-16	0.0	0.075749	0.077821	0.064975	0.0	5134800.0
2015-04-15	-0.007266	0.079657	0.092615	0.066287	-0.353249	2577000.0
2015-04-14	-0.0009550000000000001	0.077598	0.08129700000000001	0.072872	-0.046474	2345900.0
2015-04-13	-0.013009	0.076154	0.080211	0.060739999999999995	-0.641418	1603600.0
2015-04-10	0.004926	0.072488	0.081863	0.063316	0.241695	3571400.0
2015-04-09	-0.015482	0.074143	0.07615	0.049662	-0.7715609999999999	5089000.0
2015-04-08	0.002431	0.07494400000000001	0.08459900000000001	0.07051900000000001	0.12085	2257600.0
2015-04-07	-0.014556999999999999	0.073965	0.074559	0.058503	-0.734371	2525300.0
2015-04-06	0.012689	0.076953	0.09783	0.076953	0.6321140000000001	1860900.0
2015-04-02	0.008848	0.077571	0.088102	0.074128	0.43690500000000004	2334500.0
2015-04-01	0.000942	0.077776	0.083249	0.060748	0.046478	2337100.0
2015-03-31	0.0022660000000000002	0.075545	0.08590700000000001	0.070873	0.111553	5086200.0
2015-03-30	0.018073	0.07761	0.099535	0.07699	0.8738100000000001	3210000.0
2015-03-27	0.00183	0.07896	0.085177	0.073158	0.088311	1744000.0
2015-03-26	-0.007392	0.084354	0.090936	0.069751	-0.35939099999999996	2059200.0
2015-03-25	-0.013094	0.084771	0.09289	0.070156	-0.645057	2549400.0
2015-03-24	-0.018903	0.08477799999999999	0.091151	0.062075	-0.949154	2709300.0
2015-03-23	0.009822	0.08980199999999999	0.101869	0.086383	0.48839499999999997	2460900.0
2015-03-20	0.006529000000000001	0.09084400000000001	0.099953	0.076473	0.322533	4867800.0
2015-03-19	-0.011797	0.080176	0.095178	0.072175	-0.5897640000000001	2118000.0
2015-03-18	0.022619999999999998	0.084563	0.11115599999999999	0.07638099999999999	1.105812	3929100.0
2015-03-17	-0.009337	0.074436	0.08396100000000001	0.071802	-0.460754	3905600.0
2015-03-16	0.033783999999999995	0.090624	0.146558	0.090624	1.612637	5506500.0
2015-03-13	-0.011639	0.08186399999999999	0.082278	0.05826	-0.5621189999999999	3318700.0
2015-03-12	0.020047	0.09045700000000001	0.11115499999999999	0.09045700000000001	0.949154	1780100.0
2015-03-11	-0.007533	0.084757	0.08874	0.074277	-0.35939	1790200.0
2015-03-10	-0.005761	0.083718	0.094138	0.07850800000000001	-0.276451	2203300.0
2015-03-09	-0.002491	0.085385	0.089334	0.076237	-0.119801	2085600.0
2015-03-06	-0.030281	0.08719299999999999	0.08719299999999999	0.048688	-1.50206	2472000.0
2015-03-05	0.003729	0.086391	0.098329	0.084367	0.184303	2639700.0
2015-03-04	-0.001489	0.08558099999999999	0.086591	0.07911499999999999	-0.073719	3293300.0
2015-03-03	0.005804999999999999	0.083551	0.093305	0.077658	0.285668	4373200.0
2015-03-02	-0.006142	0.081138	0.09063	0.068414	-0.304089	3637200.0
2015-02-27	-0.0035240000000000002	0.086787	0.089202	0.077529	-0.175091	3118700.0
2015-02-26	-0.003512	0.088586	0.089188	0.077556	-0.175094	2070100.0
2015-02-25	-0.018858	0.08557000000000001	0.088128	0.062154999999999995	-0.958363	2379200.0
2015-02-24	-0.001991	0.086551	0.092835	0.082035	-0.101368	2253200.0
2015-02-23	0.005093	0.086164	0.091888	0.0834	0.258023	1821600.0
2015-02-20	-0.0012720000000000001	0.0836	0.087542	0.069012	-0.06450700000000001	1791700.0
2015-02-19	-0.009001	0.08849800000000001	0.08849800000000001	0.069744	-0.460758	2071100.0
2015-02-18	0.021328	0.085376	0.10931800000000001	0.08278300000000001	1.0689540000000002	3979500.0
2015-02-17	0.006104	0.087987	0.098024	0.07634400000000001	0.304093	4569700.0
2015-02-13	-0.020652	0.081638	0.08281799999999999	0.049397	-1.050518	4574300.0
2015-02-12	0.0	0.09009099999999999	0.091861	0.078689	0.0	3883600.0
2015-02-11	-0.028339999999999997	0.079637	0.085177	0.051365999999999995	-1.483624	5351800.0
2015-02-10	0.018647999999999998	0.083815	0.10716400000000001	0.066497	0.95837	4218400.0
2015-02-09	-0.005173	0.084402	0.09079	0.075111	-0.267242	3013400.0
2015-02-06	-0.034447000000000005	0.079569	0.080691	0.041441000000000006	-1.843018	3591500.0
2015-02-05	0.00259	0.093609	0.096795	0.084052	0.13823	4917400.0
2015-02-04	-0.015972999999999998	0.084624	0.084624	0.066	-0.866215	3780500.0
2015-02-03	0.003752	0.085732	0.090914	0.077218	0.202728	3172100.0
2015-02-02	-0.003061	0.08591499999999999	0.089236	0.07041499999999999	-0.165874	2550600.0
2015-01-30	-0.022278	0.084996	0.085177	0.060099	-1.2348290000000002	3172900.0
2015-01-29	0.014505	0.085177	0.102015	0.07986900000000001	0.792507	2913200.0
2015-01-28	-0.00202	0.084629	0.097598	0.079514	-0.11058	2783300.0
2015-01-27	0.000168	0.082802	0.091936	0.080609	0.009201	3414900.0
2015-01-26	0.009003	0.089416	0.0955	0.078725	0.488414	2343900.0
2015-01-23	0.011512	0.089652	0.10195800000000001	0.087787	0.617405	2741200.0
2015-01-22	-0.004618	0.088518	0.09185800000000001	0.075526	-0.248802	2518400.0
2015-01-21	0.002916	0.08275700000000001	0.091133	0.07419500000000001	0.156654	2888400.0
2015-01-20	0.002407	0.092453	0.093946	0.079019	0.12900999999999999	2413700.0
2015-01-16	0.009547	0.085553	0.095914	0.078961	0.506832	3036800.0
2015-01-15	-0.0006940000000000001	0.085553	0.089883	0.07294099999999999	-0.036862	4235800.0
2015-01-14	0.020173	0.086521	0.10841300000000001	0.075575	1.050522	4303300.0
2015-01-13	0.019484	0.095161	0.121395	0.095161	0.995224	4563400.0
2015-01-12	-0.007165	0.086926	0.08945299999999999	0.07021000000000001	-0.368602	2661700.0
2015-01-09	0.009949	0.096955	0.10147	0.081447	0.506832	5319300.0
2015-01-08	0.01264	0.088357	0.10326600000000001	0.087562	0.635845	2592100.0
2015-01-07	0.007939	0.08698	0.097399	0.080969	0.396244	2595300.0
2015-01-06	-0.001475	0.086977	0.11238599999999999	0.081575	-0.073723	5959500.0
2015-01-05	0.016873	0.09758700000000001	0.107759	0.09128	0.829361	6398800.0
2015-01-02	0.0018780000000000001	0.090068	0.096387	0.08150800000000001	0.09214800000000001	2384000.0
2014-12-31	-0.01916	0.087376	0.091374	0.06278500000000001	-0.958367	1849300.0
2014-12-30	-0.012731999999999999	0.08576900000000001	0.086164	0.06761	-0.645053	1683500.0
2014-12-29	0.010569	0.08527699999999999	0.100436	0.08527699999999999	0.5298689999999999	2882400.0
2014-12-26	0.007345	0.09565900000000001	0.109925	0.092645	0.365539	2679900.0
2014-12-24	0.022338999999999998	0.097334	0.121367	0.09302	1.087513	1584700.0
2014-12-23	0.0009390000000000001	0.102477	0.10638299999999999	0.093224	0.045685	2657000.0
2014-12-22	0.003016	0.095077	0.09940800000000001	0.087241	0.146221	3361100.0
2014-12-19	-0.007297	0.102646	0.10285	0.081559	-0.35641799999999996	5054400.0
2014-12-18	0.013655	0.095082	0.109194	0.089687	0.657993	2904000.0
2014-12-17	0.01521	0.08772100000000001	0.11131700000000001	0.08772100000000001	0.721958	3704200.0
2014-12-16	-0.007642	0.094461	0.10491500000000001	0.078572	-0.365551	3779400.0
2014-12-15	0.005185	0.111274	0.11379600000000001	0.088578	0.24674200000000002	4076300.0
2014-12-12	-0.016248	0.08205499999999999	0.094873	0.07606	-0.7859189999999999	2519100.0
2014-12-11	0.020829	0.095096	0.119155	0.092775	0.986973	4116900.0
2014-12-10	0.000193	0.095097	0.105018	0.087287	0.00914	2811500.0
2014-12-09	-0.001541	0.089826	0.097203	0.085401	-0.07310900000000001	2592900.0
2014-12-08	0.019038	0.094682	0.116803	0.090172	0.8864559999999999	3598000.0
2014-12-05	-0.00274	0.06790800000000001	0.091682	0.06640900000000001	-0.127949	1744300.0
2014-12-04	0.0017649999999999999	0.092321	0.104122	0.092321	0.082245	3302100.0
2014-12-03	-0.010284999999999999	0.093615	0.094677	0.0796	-0.48434099999999997	3795700.0
2014-12-02	0.017977	0.09576599999999999	0.11846300000000001	0.09360399999999999	0.831616	4811900.0
2014-12-01	0.002376	0.08796799999999999	0.11613699999999999	0.085802	0.10965699999999999	3774500.0
2014-11-28	0.011214	0.100168	0.11331500000000001	0.09732	0.511768	1031400.0
2014-11-26	0.013393	0.097583	0.114015	0.096251	0.6031569999999999	2196900.0
2014-11-25	0.001219	0.09780900000000001	0.098476	0.08847200000000001	0.054821	6330900.0
2014-11-24	-0.016975999999999998	0.093597	0.094471	0.07458300000000001	-0.776783	3490600.0
2014-11-21	-0.002788	0.10297	0.103406	0.082048	-0.127937	4487700.0
2014-11-20	0.000797	0.093162	0.100141	0.091417	0.03656	3098400.0
2014-11-19	-0.004958	0.091431	0.098159	0.084486	-0.22846999999999998	2743600.0
2014-11-18	-0.003163	0.095983	0.097714	0.089709	-0.146225	2982900.0
2014-11-17	0.018731	0.096456	0.116953	0.094914	0.8499	4502900.0
2014-11-14	-0.002411	0.091614	0.09930900000000001	0.088976	-0.10966500000000001	3046800.0
2014-11-13	-0.007379000000000001	0.097089	0.099708	0.083122	-0.338131	3588200.0
2014-11-12	-0.008111	0.084078	0.091438	0.07260499999999999	-0.374684	4172200.0
2014-11-11	-0.004333	0.092097	0.094468	0.084985	-0.201049	1791300.0
2014-11-10	0.008342	0.092079	0.10338	0.08469	0.383819	2312200.0
2014-11-07	0.02047	0.096026	0.117095	0.095583	0.9230079999999999	3038600.0
2014-11-06	-0.019086000000000002	0.0936	0.09403500000000001	0.064231	-0.8773120000000001	6200000.0
2014-11-05	-0.007498	0.096627	0.098139	0.084536	-0.34727399999999997	11541500.0
2014-11-04	-0.005104	0.098978	0.105422	0.08759299999999999	-0.237603	3430200.0
2014-11-03	0.012320999999999999	0.098166	0.11034400000000001	0.093817	0.566597	3373300.0
2014-10-31	0.009428	0.098862	0.105447	0.09008200000000001	0.429516	4897800.0
2014-10-30	0.027623	0.10102	0.126058	0.097636	1.224587	5973000.0
2014-10-29	0.020833	0.10806900000000001	0.13432	0.106457	0.904724	5829100.0
2014-10-28	0.020399	0.095897	0.124798	0.091433	0.868168	5065700.0
2014-10-27	-0.01272	0.093788	0.0975	0.07291	-0.548317	4021700.0
2014-10-24	0.021217	0.097095	0.121022	0.096858	0.895595	2865000.0
2014-10-23	-0.001297	0.10064	0.102297	0.089994	-0.054836	2501400.0
2014-10-22	0.016707	0.096177	0.119269	0.094252	0.694538	3089600.0
2014-10-21	0.002203	0.09642200000000001	0.09690399999999999	0.081957	0.09138500000000001	2970700.0
2014-10-20	0.015436000000000002	0.092049	0.111633	0.090825	0.6305689999999999	2672200.0
2014-10-17	0.00044800000000000005	0.09915	0.101355	0.089354	0.018277	3890000.0
2014-10-16	-0.022961000000000002	0.086595	0.088988	0.063385	-0.9595530000000001	4794000.0
2014-10-15	-0.0032700000000000003	0.094968	0.10737000000000001	0.068732	-0.13708900000000002	3397100.0
2014-10-14	0.011241	0.10197	0.123918	0.093288	0.46607600000000005	4003900.0
2014-10-13	0.0044280000000000005	0.096191	0.115086	0.094737	0.182781	3581800.0
2014-10-10	0.0146	0.100151	0.11834000000000001	0.100151	0.594002	3165700.0
2014-10-09	-0.010667	0.090361	0.101061	0.082337	-0.43866000000000005	4885200.0
2014-10-08	0.013969999999999998	0.095485	0.11447	0.093266	0.566597	4549500.0
2014-10-07	-0.019443000000000002	0.083131	0.086999	0.067899	-0.804191	3972900.0
2014-10-06	-0.005275	0.096417	0.100505	0.084152	-0.21933000000000002	1587000.0
2014-10-03	0.009093	0.096194	0.10711400000000001	0.08697200000000001	0.374683	2386100.0
2014-10-02	-0.0022129999999999997	0.090378	0.099338	0.086988	-0.09138099999999999	2444400.0
2014-10-01	0.0033299999999999996	0.097896	0.109072	0.092552	0.13707	2961300.0
2014-09-30	0.0042369999999999994	0.096204	0.10718299999999999	0.091325	0.17364100000000002	2893400.0
2014-09-29	0.011958	0.089561	0.108572	0.087339	0.48434499999999997	2697300.0
2014-09-26	0.002148	0.096603	0.09883	0.082747	0.08681799999999999	3438300.0
2014-09-25	-0.012378	0.104777	0.10942	0.089382	-0.5065529999999999	2120000.0
2014-09-24	-0.001545	0.10648599999999998	0.108926	0.100143	-0.063317	1886100.0
2014-09-23	0.0026550000000000002	0.105021	0.11651900000000001	0.09866	0.108544	2647700.0
2014-09-22	-0.014180000000000002	0.10334000000000002	0.10358099999999999	0.088628	-0.587967	2979100.0
2014-09-19	-0.001307	0.107919	0.110568	0.100212	-0.054268	4481800.0
2014-09-18	-0.005417	0.10598900000000001	0.108624	0.093293	-0.22613899999999998	2430200.0
2014-09-17	0.0041340000000000005	0.11176400000000002	0.117778	0.104307	0.17185999999999998	2933400.0
2014-09-16	-0.0082	0.095968	0.11028199999999999	0.078552	-0.343731	7386400.0
2014-09-15	-0.0008619999999999999	0.10956199999999999	0.11409100000000001	0.10002799999999999	-0.036179	1770500.0
2014-09-12	-0.020693	0.100142	0.100608	0.08076699999999999	-0.886467	1664200.0
2014-09-11	0.011748999999999999	0.105746	0.121334	0.10550999999999999	0.497501	1703900.0
2014-09-10	-0.0040420000000000005	0.106922	0.11092	0.1001	-0.17185899999999998	1790300.0
2014-09-09	-0.011359000000000001	0.10272	0.10272	0.090627	-0.488468	2080400.0
2014-09-08	-0.011026000000000001	0.10344	0.10459	0.087802	-0.47941300000000003	2455300.0
2014-09-05	0.018432	0.107384	0.129869	0.10691600000000001	0.7869689999999999	2995800.0
2014-09-04	0.002336	0.103867	0.10832699999999999	0.094476	0.099495	2687100.0
2014-09-03	-0.004229	0.10621099999999999	0.118601	0.0999	-0.180912	3397400.0
2014-09-02	0.017427	0.10503399999999999	0.13643	0.094331	0.732692	8792700.0
2014-08-29	0.007587000000000001	0.10575	0.113898	0.10287400000000001	0.316601	1637200.0
2014-08-28	0.007205	0.10478599999999999	0.1142	0.100924	0.298508	977600.0
2014-08-27	0.008588	0.109162	0.11573499999999999	0.10599700000000001	0.352772	1015800.0
2014-08-26	-0.011106	0.106473	0.111047	0.09299099999999999	-0.461323	1123800.0
2014-08-25	0.006135	0.10865899999999999	0.11616800000000001	0.10623699999999998	0.253277	1654400.0
2014-08-22	-0.00458	0.094419	0.108886	0.093937	-0.189953	1465500.0
2014-08-21	0.000218	0.109128	0.112022	0.10261600000000001	0.009037	1381000.0
2014-08-20	0.002186	0.10405999999999999	0.114453	0.10116	0.09045399999999999	2348300.0
2014-08-19	0.016669999999999997	0.10673900000000001	0.12418499999999999	0.103299	0.678421	2287800.0
2014-08-18	-0.004646	0.10746700000000001	0.11309200000000001	0.098662	-0.189953	2489500.0
2014-08-15	0.015274000000000001	0.113456	0.12761	0.11320799999999999	0.615097	6126800.0
2014-08-14	0.010211	0.106012	0.118555	0.106012	0.407055	1425500.0
2014-08-13	0.003415	0.109286	0.1113	0.100728	0.135681	1976100.0
2014-08-12	-0.00022799999999999999	0.10601400000000001	0.112305	0.102994	-0.009045000000000001	1932300.0
2014-08-11	-0.004306	0.10500899999999999	0.111524	0.098745	-0.17186700000000002	1648700.0
2014-08-08	0.019409	0.10908599999999999	0.127222	0.10908599999999999	0.759834	2701000.0
2014-08-07	0.006512	0.110909	0.11965	0.10833800000000002	0.253273	2537500.0
2014-08-06	-0.016693	0.101465	0.10753299999999999	0.085033	-0.660327	4753700.0
2014-08-05	-0.016861	0.104268	0.10923900000000002	0.083887	-0.6784140000000001	2432000.0
2014-08-04	-0.009354000000000001	0.104525	0.107234	0.078426	-0.379921	3732900.0
2014-08-01	0.005149	0.109223	0.119122	0.104768	0.20805	2681800.0
2014-07-31	-0.022538	0.09704299999999999	0.111074	0.08011	-0.9316979999999999	3581700.0
2014-07-30	-0.019313	0.098393	0.10812000000000001	0.083922	-0.814094	3010700.0
2014-07-29	-0.016255000000000002	0.10504300000000001	0.110411	0.08614	-0.696522	2786500.0
2014-07-28	0.005733	0.094713	0.116542	0.09166200000000001	0.24424	1882600.0
2014-07-25	-0.0057	0.104577	0.10947799999999999	0.097575	-0.24424	989400.0
2014-07-24	0.004879	0.109028	0.113249	0.104807	0.20805	2184900.0
2014-07-23	-0.000424	0.106448	0.108324	0.10129099999999999	-0.018078	807500.0
2014-07-22	0.0006360000000000001	0.11043599999999999	0.111374	0.103868	0.027126	1953200.0
2014-07-21	-0.0029620000000000002	0.103171	0.10504200000000001	0.095921	-0.126644	1801700.0
2014-07-18	0.008534	0.111643	0.11635999999999999	0.10385899999999999	0.36183200000000004	2766800.0
2014-07-17	-0.013471	0.10155499999999999	0.102951	0.090153	-0.578915	2050800.0
2014-07-16	0.004652	0.106445	0.110653	0.096627	0.198994	2055300.0
2014-07-15	0.007670999999999999	0.105275	0.117524	0.105275	0.32564499999999996	2638400.0
2014-07-14	-0.004032	0.10691800000000001	0.110672	0.09800299999999999	-0.17186700000000002	2777600.0
2014-07-11	-0.001695	0.105745	0.108555	0.100358	-0.072361	3101100.0
2014-07-10	0.007256	0.097961	0.116127	0.097961	0.307548	2741400.0
2014-07-09	0.0008539999999999999	0.10550999999999999	0.10928800000000001	0.100315	0.036170999999999995	2068600.0
2014-07-08	0.007098	0.10170599999999999	0.114309	0.10170599999999999	0.298512	2249400.0
2014-07-07	0.009994	0.106951	0.124004	0.10623099999999999	0.41610699999999995	2186800.0
2014-07-03	-0.012866999999999998	0.10029400000000001	0.10574700000000001	0.086781	-0.542744	3307200.0
2014-07-02	-0.012704	0.103872	0.10434	0.08584800000000001	-0.54274	2634200.0
2014-07-01	-0.016451	0.10597100000000001	0.10712200000000001	0.08709299999999999	-0.714599	2258900.0
2014-06-30	0.01031	0.10644100000000001	0.11876800000000001	0.10388199999999999	0.443245	2440500.0
2014-06-27	0.006991	0.104573	0.116987	0.10106	0.2985	1705300.0
2014-06-26	0.003295	0.104218	0.111502	0.099518	0.140201	1973300.0
2014-06-25	-0.0048189999999999995	0.11199300000000001	0.118307	0.10334000000000002	-0.206051	3721200.0
2014-06-24	0.00231	0.11714000000000001	0.126047	0.11339	0.09854500000000001	3336800.0
2014-06-23	-0.011828	0.116202	0.117824	0.09767200000000001	-0.510658	4006700.0
2014-06-20	-0.0008289999999999999	0.11897999999999999	0.125691	0.112268	-0.035835000000000006	5126500.0
2014-06-19	0.011111	0.11526600000000001	0.128839	0.11245799999999999	0.47481899999999994	4436000.0
2014-06-18	0.017491999999999997	0.11453599999999999	0.13810699999999998	0.11453599999999999	0.734638	3012900.0
2014-06-17	0.0	0.11286900000000001	0.118345	0.10905899999999999	0.0	1200000.0
2014-06-16	0.007089	0.115003	0.132268	0.11356500000000001	0.295643	2058100.0
2014-06-13	0.004966	0.11572	0.12319100000000001	0.110419	0.206062	1854600.0
2014-06-12	0.0008640000000000001	0.114032	0.121991	0.097149	0.035828	2769000.0
2014-06-11	0.0023829999999999997	0.11475199999999999	0.126114	0.10725699999999999	0.098549	3883000.0
2014-06-10	0.00065	0.11233199999999999	0.119831	0.110154	0.026875	1937200.0
2014-06-09	-0.011568	0.112615	0.117398	0.10042000000000001	-0.48378000000000004	2156100.0
2014-06-06	0.003871	0.11764300000000001	0.130605	0.11476199999999999	0.161262	3093400.0
2014-06-05	0.013513999999999998	0.11376900000000001	0.133233	0.113526	0.555458	2336800.0
2014-06-04	0.005259000000000001	0.110577	0.12256099999999999	0.107153	0.21501599999999998	2226200.0
2014-06-03	-0.005014	0.115472	0.116202	0.10841500000000001	-0.20605900000000002	1929500.0
2014-06-02	0.0	0.11498599999999999	0.11741900000000001	0.11109200000000001	0.0	2105700.0
2014-05-30	0.004159	0.116202	0.123777	0.11131500000000001	0.17022	3515900.0
2014-05-29	0.008388	0.11595599999999999	0.126798	0.114477	0.340438	2755900.0
2014-05-28	0.011612	0.115455	0.130909	0.11370999999999999	0.46587	2886700.0
2014-05-27	0.001342	0.12244200000000001	0.12468900000000001	0.11320699999999999	0.053752999999999995	3017000.0
2014-05-23	0.002466	0.115452	0.11995499999999999	0.11219900000000001	0.09854500000000001	2843900.0
2014-05-22	0.007225	0.11342999999999999	0.126283	0.109902	0.286686	3245100.0
2014-05-21	0.015127000000000002	0.129762	0.136925	0.127203	0.591294	3279600.0
2014-05-20	0.002527	0.11415	0.123384	0.11415	0.09854500000000001	3367800.0
2014-05-19	-0.00275	0.1139	0.12131800000000001	0.10904100000000001	-0.10750599999999999	3784400.0
2014-05-16	0.000229	0.110574	0.122342	0.105457	0.008961	3688000.0
2014-05-15	-0.003426	0.116202	0.12308599999999999	0.100905	-0.134392	5048300.0
2014-05-14	0.013425999999999999	0.115944	0.136098	0.115944	0.519626	2494200.0
2014-05-13	0.004184	0.119316	0.12346700000000001	0.112051	0.161267	2629200.0
2014-05-12	-0.013077000000000002	0.12158	0.125165	0.09725299999999999	-0.51067	3249600.0
2014-05-09	-0.022427000000000002	0.115201	0.120458	0.086414	-0.895893	4136800.0
2014-05-08	-0.002684	0.11795	0.120946	0.10821300000000002	-0.10751	3645700.0
2014-05-07	0.009027	0.1225	0.132324	0.12098900000000001	0.358361	4426100.0
2014-05-06	-0.01226	0.11396300000000001	0.116949	0.101522	-0.492745	4353800.0
2014-05-05	0.007411	0.115701	0.12698099999999998	0.1152	0.295658	1401900.0
2014-05-02	-0.026667000000000003	0.11303099999999999	0.115226	0.079606	-1.092998	2495800.0
2014-05-01	0.00373	0.084367	0.12501800000000002	0.070408	0.152294	2422300.0
2014-04-30	0.005072	0.12014100000000001	0.12801700000000002	0.119156	0.206066	1992300.0
2014-04-29	-0.010473999999999999	0.118151	0.123022	0.102807	-0.43003500000000006	2897600.0
2014-04-28	0.007253	0.11693800000000001	0.125279	0.11031500000000001	0.295647	1822500.0
2014-04-25	0.013363	0.11744500000000001	0.131615	0.116948	0.537533	1071600.0
2014-04-24	0.007178	0.115701	0.131976	0.110443	0.286686	1768300.0
2014-04-23	-0.002461	0.11845	0.130689	0.112206	-0.09854500000000001	1622000.0
2014-04-22	-0.00201	0.11495599999999999	0.117199	0.109223	-0.08062799999999999	1311700.0
2014-04-21	-0.002006	0.11893900000000002	0.12267	0.1065	-0.080639	1814000.0
2014-04-17	-0.01644	0.11179800000000001	0.11473399999999999	0.096139	-0.671913	2170600.0
2014-04-16	0.007731	0.116449	0.124832	0.11423	0.313565	1864200.0
2014-04-15	0.013205000000000001	0.114703	0.131441	0.112705	0.528572	2466300.0
2014-04-14	0.000672	0.119202	0.119202	0.108703	0.026882	2611400.0
2014-04-11	0.004952000000000001	0.110927	0.126754	0.110927	0.197101	3237500.0
2014-04-10	0.000901	0.115951	0.128523	0.112179	0.035824	2691800.0
2014-04-09	-0.004932	0.115952	0.115952	0.094934	-0.19709400000000002	3029300.0
2014-04-08	0.012943000000000001	0.11823	0.133944	0.111133	0.510659	3153100.0
2014-04-07	-0.009669	0.1157	0.11695499999999999	0.10540899999999999	-0.385231	3624500.0
2014-04-04	0.015297	0.121299	0.14347000000000001	0.120025	0.600254	5851500.0
2014-04-03	0.010381	0.116975	0.131652	0.116202	0.403148	3603900.0
2014-04-02	0.02313	0.122262	0.14202	0.11883699999999998	0.87798	6863900.0
2014-04-01	-0.019213	0.115944	0.116202	0.092948	-0.743596	3321800.0
2014-03-31	0.031272	0.122597	0.15883599999999998	0.116202	1.173619	7109600.0
2014-03-28	-0.040101	0.071698	0.088834	0.06325700000000001	-1.567814	12653900.0
2014-03-27	-0.004221	0.112764	0.113528	0.103595	-0.165737	4104000.0
2014-03-26	-0.009618000000000002	0.12804300000000002	0.133088	0.114926	-0.381283	2575800.0
2014-03-25	-0.00044699999999999997	0.12980799999999998	0.133338	0.12249600000000001	-0.017731	2110300.0
2014-03-24	0.008112999999999999	0.131858	0.139991	0.12575699999999998	0.319203	1727400.0
2014-03-21	0.001354	0.13517200000000001	0.14458900000000002	0.128045	0.053207000000000004	5620800.0
2014-03-20	0.000226	0.122954	0.128555	0.118372	0.008869	1935700.0
2014-03-19	-0.004718	0.127031	0.13311199999999998	0.115629	-0.186203	3938400.0
2014-03-18	-0.0024649999999999997	0.124758	0.131077	0.12273599999999998	-0.097538	1430600.0
2014-03-17	0.0060880000000000005	0.129571	0.134657	0.12346800000000001	0.239411	1898000.0
2014-03-14	0.007039	0.127022	0.140851	0.124206	0.27486	3059400.0
2014-03-13	0.010555	0.12934400000000001	0.141248	0.125203	0.407879	2409200.0
2014-03-12	0.013253000000000001	0.12648	0.142738	0.12438199999999999	0.505424	2458400.0
2014-03-11	0.007259999999999999	0.130168	0.135979	0.12488599999999998	0.274872	3727400.0
2014-03-10	-0.00117	0.12779100000000002	0.131484	0.122251	-0.044342	2600600.0
2014-03-07	0.0	0.12726300000000001	0.131484	0.11143499999999999	0.0	3151400.0
2014-03-06	-0.010875	0.12779100000000002	0.131705	0.11161199999999999	-0.41674399999999995	3312400.0
2014-03-05	-0.015714	0.125993	0.12702	0.10775699999999999	-0.61182	3015000.0
2014-03-04	0.006418000000000001	0.13761400000000001	0.138131	0.131151	0.248283	1800900.0
2014-03-03	-0.009759	0.122928	0.129583	0.11576099999999999	-0.381275	3060400.0
2014-02-28	0.015441	0.12961	0.15196300000000001	0.12779100000000002	0.594074	3938800.0
2014-02-27	-0.002299	0.126494	0.135311	0.12053	-0.08866900000000001	1823600.0
2014-02-26	-0.006851	0.129079	0.133715	0.11748900000000001	-0.265999	2699900.0
2014-02-25	-0.005225	0.130609	0.132146	0.120361	-0.203941	3041900.0
2014-02-24	0.0018210000000000001	0.129331	0.140881	0.128304	0.070934	3065600.0
2014-02-21	0.006412999999999999	0.128049	0.143031	0.12598299999999998	0.248272	2587800.0
2014-02-20	0.009947	0.129356	0.143183	0.12700799999999998	0.381279	1327400.0
2014-02-19	-0.006207	0.125198	0.13530999999999999	0.118976	-0.239406	2077700.0
2014-02-18	-0.010014	0.128304	0.12856099999999998	0.11393099999999999	-0.39014499999999996	3217700.0
2014-02-14	0.000683	0.123424	0.13113	0.120342	0.026593000000000002	2659300.0
2014-02-13	0.017613	0.12543900000000002	0.14843900000000002	0.12387100000000001	0.6738930000000001	3812100.0
2014-02-12	0.016729	0.128057	0.146924	0.125931	0.6295470000000001	4067500.0
2014-02-11	0.005686999999999999	0.111756	0.137679	0.106678	0.212806	2810800.0
2014-02-10	0.008845	0.125095	0.13830599999999998	0.118894	0.32808000000000004	2827300.0
2014-02-07	0.011608	0.130246	0.142246	0.129155	0.425609	1742500.0
2014-02-06	0.005838	0.12779100000000002	0.13903900000000002	0.122579	0.21280300000000002	1776700.0
2014-02-05	-0.004118	0.123966	0.12943	0.12041500000000001	-0.15073	1855700.0
2014-02-04	-0.0057799999999999995	0.13213699999999998	0.13430999999999998	0.11638299999999999	-0.212811	2512300.0
2014-02-03	-0.014947	0.130467	0.140902	0.107991	-0.558616	3635600.0
2014-01-31	0.004528	0.11569600000000001	0.139348	0.115159	0.168472	4450200.0
2014-01-30	0.025165	0.135231	0.156998	0.132751	0.9132879999999999	3937900.0
2014-01-29	-0.0019510000000000003	0.126691	0.13054100000000002	0.12119100000000001	-0.07092999999999999	3211800.0
2014-01-28	0.002199	0.12972	0.132476	0.124759	0.079803	2078100.0
2014-01-27	0.00245	0.12779100000000002	0.13359300000000002	0.12641	0.088665	3025300.0
2014-01-24	-0.011382999999999999	0.122875	0.12970299999999998	0.11467999999999999	-0.41674399999999995	3593400.0
2014-01-23	0.003646	0.123405	0.134096	0.12176	0.133003	2981900.0
2014-01-22	-0.00315	0.127244	0.130797	0.118773	-0.115272	2611700.0
2014-01-21	0.014753	0.129178	0.144429	0.129178	0.5320239999999999	2970400.0
2014-01-17	0.000492	0.12834600000000002	0.131675	0.12085499999999999	0.017723	2467800.0
2014-01-16	0.0034560000000000003	0.12695599999999999	0.132802	0.122502	0.124142	2340200.0
2014-01-15	0.005211	0.143183	0.15101900000000001	0.126951	0.186203	3696000.0
2014-01-14	0.000248	0.12751099999999999	0.135068	0.12331199999999999	0.008854	1867300.0
2014-01-13	-0.005921	0.138922	0.138922	0.11832999999999999	-0.212788	2556900.0
2014-01-10	0.011479999999999999	0.132576	0.154248	0.126665	0.407875	2538600.0
2014-01-09	0.006784	0.135442	0.137992	0.127224	0.23939899999999997	1884200.0
2014-01-08	-0.005249	0.12440899999999999	0.126664	0.115952	-0.186199	2204400.0
2014-01-07	0.008062	0.128075	0.138873	0.127222	0.283733	2567800.0
2014-01-06	0.002273	0.130924	0.13548	0.126082	0.079808	2588600.0
2014-01-03	-0.001513	0.129497	0.133194	0.120966	-0.053212	2824400.0
2014-01-02	-0.015392	0.130031	0.13031099999999998	0.11043199999999999	-0.549739	2366400.0
2013-12-31	0.000248	0.129471	0.133392	0.12387000000000001	0.008869	1925500.0
2013-12-30	-0.000248	0.126111	0.131711	0.12191099999999999	-0.008869	2151200.0
2013-12-27	0.004364	0.132712	0.140586	0.129057	0.155174	1334800.0
2013-12-26	-0.011455	0.14308800000000002	0.144756	0.125297	-0.412075	1925200.0
2013-12-24	0.00122	0.140586	0.147544	0.138638	0.043842	1053800.0
2013-12-23	0.010355	0.147335	0.158302	0.145367	0.368233	2317700.0
2013-12-20	0.008453	0.13916800000000001	0.161004	0.138317	0.298088	5428300.0
2013-12-19	-0.017827000000000003	0.130002	0.130002	0.11524000000000001	-0.640019	3901200.0
2013-12-18	0.007628	0.14227	0.150971	0.125712	0.271798	3941000.0
2013-12-17	-0.008297	0.139751	0.143648	0.128896	-0.2981	4126700.0
2013-12-16	0.013855000000000001	0.147359	0.161468	0.146794	0.49097799999999997	4383400.0
2013-12-13	0.005473	0.144558	0.148814	0.141154	0.192887	2025800.0
2013-12-12	-0.00149	0.138036	0.147102	0.137753	-0.052609	3367600.0
2013-12-11	-0.0014880000000000002	0.138606	0.14765799999999998	0.13634300000000002	-0.052604	2640800.0
2013-12-10	-0.020408000000000003	0.138646	0.14169500000000002	0.113429	-0.736466	3349800.0
2013-12-09	0.001216	0.139199	0.15029700000000001	0.137534	0.043842	2569700.0
2013-12-06	0.018583000000000002	0.14539000000000002	0.16517300000000001	0.142564	0.657555	2854100.0
2013-12-05	-0.008598	0.139185	0.139185	0.12209400000000001	-0.30686599999999997	3130000.0
2013-12-04	-0.002206	0.134156	0.14366099999999998	0.127447	-0.078907	2394800.0
2013-12-03	0.008403	0.137203	0.151017	0.132411	0.298096	2891400.0
2013-12-02	0.002229	0.142564	0.150475	0.136348	0.078903	3254600.0
2013-11-29	0.002732	0.13322	0.150502	0.13322	0.096447	1377800.0
2013-11-27	0.00024900000000000004	0.14143599999999998	0.143137	0.135485	0.00877	2515200.0
2013-11-26	-0.007888	0.140586	0.14143	0.122031	-0.280555	4406500.0
2013-11-25	-0.001477	0.143674	0.14985	0.138902	-0.052613	2399500.0
2013-11-22	0.002715	0.139742	0.148749	0.139179	0.09644	2883100.0
2013-11-21	-0.00074	0.144805	0.147899	0.128772	-0.026299	2299800.0
2013-11-20	-0.009284	0.139193	0.145602	0.129996	-0.33316799999999996	2082900.0
2013-11-19	-0.002194	0.142532	0.145869	0.135025	-0.078907	2065900.0
2013-11-18	-0.003401	0.14169500000000002	0.14307999999999998	0.129225	-0.12273800000000001	3635900.0
2013-11-15	0.003658	0.136692	0.14587	0.13613599999999998	0.131512	2298100.0
2013-11-14	0.000976	0.143927	0.150887	0.139751	0.035068	2200900.0
2013-11-13	0.011855	0.135797	0.15748800000000002	0.132417	0.42083400000000004	4012500.0
2013-11-12	-0.022453	0.119933	0.128745	0.102034	-0.815361	8906200.0
2013-11-11	-0.008379000000000001	0.14004	0.143317	0.12884400000000001	-0.30686199999999997	1806600.0
2013-11-08	-0.006659	0.13706	0.13706	0.12214100000000001	-0.24549899999999997	3834300.0
2013-11-07	-0.016374	0.14218699999999998	0.145922	0.12030899999999999	-0.613716	2718200.0
2013-11-06	0.017615000000000002	0.140315	0.16176400000000002	0.140315	0.6488	2017400.0
2013-11-05	-0.006151	0.137078	0.15218900000000002	0.13303099999999998	-0.227962	2260000.0
2013-11-04	-0.001182	0.143011	0.14408900000000002	0.131422	-0.043847000000000004	1699900.0
2013-11-01	0.011231	0.144946	0.15884600000000001	0.144402	0.412076	2248800.0
2013-10-31	-0.0007160000000000001	0.13786199999999998	0.145216	0.12288299999999999	-0.026307	2649900.0
2013-10-30	-0.004989	0.143296	0.150342	0.133269	-0.184105	2055900.0
2013-10-29	0.000951	0.14574	0.14574	0.13678800000000002	0.035061	1581600.0
2013-10-28	-0.001662	0.140315	0.14627300000000001	0.13165	-0.061359000000000004	1842300.0
2013-10-25	0.01494	0.140311	0.15790099999999999	0.139487	0.543571	1720600.0
2013-10-24	-0.000241	0.144708	0.145257	0.13619	-0.008766	2620300.0
2013-10-23	-0.01096	0.139771	0.148739	0.125911	-0.403301	3487500.0
2013-10-22	0.014258000000000002	0.14113699999999998	0.159881	0.136727	0.5172770000000001	1877800.0
2013-10-21	0.0038810000000000003	0.140586	0.14612	0.136435	0.140274	2011000.0
2013-10-18	-0.003385	0.141689	0.146653	0.135622	-0.122742	1615400.0
2013-10-17	0.014969	0.140026	0.159619	0.133588	0.534813	1626300.0
2013-10-16	0.015703	0.14968399999999998	0.158497	0.143713	0.552357	2890800.0
2013-10-15	-0.020747	0.139751	0.140308	0.11636600000000001	-0.745236	2743700.0
2013-10-14	-0.00919	0.134517	0.136724	0.11934600000000001	-0.33316799999999996	2240200.0
2013-10-11	0.0	0.14113699999999998	0.144999	0.13231099999999998	0.0	1284100.0
2013-10-10	0.010509000000000001	0.147833	0.154523	0.13305999999999998	0.377011	1900700.0
2013-10-09	0.006642	0.144233	0.163313	0.13581600000000002	0.236709	3693600.0
2013-10-08	0.014475	0.14286300000000002	0.163358	0.140586	0.508522	3334800.0
2013-10-07	-0.004719	0.13577	0.147669	0.131804	-0.16658399999999998	2182600.0
2013-10-04	-0.001241	0.14285	0.148792	0.137473	-0.043842	2183000.0
2013-10-03	-0.017069	0.133633	0.134189	0.120005	-0.613716	2533500.0
2013-10-02	0.003425	0.137795	0.152028	0.135283	0.122734	2421900.0
2013-10-01	-0.001222	0.140029	0.14867	0.136126	-0.043823	2147400.0
2013-09-30	0.003433	0.136391	0.147858	0.134992	0.122741	4451600.0
2013-09-27	-0.006335	0.13586099999999998	0.14142000000000002	0.129191	-0.22795500000000002	2838600.0
2013-09-26	-0.009055	0.143753	0.144029	0.127229	-0.328777	2810400.0
2013-09-25	-0.007585	0.15093	0.159403	0.143004	-0.277508	3880700.0
2013-09-24	0.001424	0.15393800000000002	0.15804400000000002	0.14819000000000002	0.052033	9013300.0
2013-09-23	0.01616	0.151448	0.177036	0.14616400000000002	0.5810350000000001	8280700.0
2013-09-20	-0.012622	0.152568	0.15449000000000002	0.13581600000000002	-0.459625	10228300.0
2013-09-19	-0.0030859999999999998	0.157497	0.162699	0.14627300000000001	-0.112739	2245900.0
2013-09-18	0.025566	0.153117	0.185125	0.148344	0.9105790000000001	3263400.0
2013-09-17	0.001707	0.155648	0.160992	0.151429	0.0607	2512400.0
2013-09-16	-0.007984999999999999	0.165114	0.179064	0.142515	-0.28618299999999997	3271900.0
2013-09-13	0.013984	0.15566300000000002	0.17263699999999998	0.154248	0.494313	3489900.0
2013-09-12	-0.006823	0.155646	0.161546	0.144126	-0.242821	1210800.0
2013-09-11	-0.008935	0.14921800000000002	0.15256	0.136687	-0.32087	2355300.0
2013-09-10	0.010247	0.156211	0.165214	0.15199200000000002	0.364235	1712100.0
2013-09-09	0.002691	0.153117	0.15904000000000001	0.14691099999999999	0.095391	1559200.0
2013-09-06	0.000735	0.156505	0.16751300000000002	0.152553	0.026024000000000002	2806500.0
2013-09-05	-0.0012230000000000001	0.150579	0.155936	0.14663199999999998	-0.043374	2000700.0
2013-09-04	-0.002682	0.15395999999999999	0.15424200000000002	0.140464	-0.09539	1790700.0
2013-09-03	-0.008462	0.158693	0.160365	0.134158	-0.303528	4253000.0
2013-08-30	0.000968	0.15535	0.162047	0.15116300000000002	0.034695	2915300.0
2013-08-29	-0.010298999999999999	0.149526	0.15145999999999998	0.13461199999999998	-0.372898	1919100.0
2013-08-28	0.006509	0.153673	0.165626	0.147279	0.234138	2153800.0
2013-08-27	0.000241	0.145609	0.164517	0.14310699999999998	0.008679000000000001	2859800.0
2013-08-26	-0.000964	0.15395	0.158395	0.150339	-0.034687	2024000.0
2013-08-23	0.0019309999999999998	0.152282	0.161188	0.148107	0.069366	2398800.0
2013-08-22	-0.014509999999999999	0.151197	0.158603	0.135562	-0.528991	3378300.0
2013-08-21	-0.017068	0.14314100000000002	0.14314100000000002	0.125617	-0.633069	3710400.0
2013-08-20	0.008489	0.153117	0.174325	0.15094200000000002	0.312203	3703800.0
2013-08-19	-0.0053939999999999995	0.15041300000000002	0.157985	0.140407	-0.199459	1861300.0
2013-08-16	-0.016378	0.149393	0.150457	0.125719	-0.6157229999999999	2300200.0
2013-08-15	-0.013203	0.145505	0.148392	0.13736800000000002	-0.502983	1622700.0
2013-08-14	-0.004758	0.14945999999999998	0.152594	0.13483	-0.182121	2742600.0
2013-08-13	-0.012749	0.153117	0.153117	0.1379	-0.494305	2671200.0
2013-08-12	-0.006886	0.146713	0.14978699999999998	0.14005399999999998	-0.268848	1755100.0
2013-08-09	-0.008152	0.153371	0.157181	0.141939	-0.320874	1476200.0
2013-08-08	0.001766	0.155407	0.159225	0.14879	0.069382	1536100.0
2013-08-07	0.005102000000000001	0.14518699999999998	0.166418	0.138793	0.199467	2515300.0
2013-08-06	-0.010536	0.152864	0.152864	0.139702	-0.416275	1970500.0
2013-08-05	-0.013425	0.148872	0.148872	0.135888	-0.537663	1450300.0
2013-08-02	-0.002807	0.154362	0.162081	0.146892	-0.112739	1109200.0
2013-08-01	0.009153	0.161912	0.17849600000000002	0.157138	0.364239	1966400.0
2013-07-31	-0.008855	0.125721	0.152121	0.122234	-0.355565	3168800.0
2013-07-30	0.001297	0.158603	0.16284300000000002	0.152618	0.052025	2729800.0
2013-07-29	-0.001727	0.14788900000000002	0.155109	0.146395	-0.069374	3089900.0
2013-07-26	0.015567	0.151347	0.171067	0.148313	0.61573	2793300.0
2013-07-25	0.010412000000000001	0.150562	0.16614500000000001	0.149285	0.407586	1894100.0
2013-07-24	-0.008348000000000001	0.15641	0.159957	0.138424	-0.329541	2038700.0
2013-07-23	0.008865000000000001	0.155417	0.16436199999999998	0.148005	0.346878	1309200.0
2013-07-22	0.002667	0.153885	0.163367	0.153629	0.104065	1381200.0
2013-07-19	-0.011423	0.15489	0.15717	0.139691	-0.45094300000000004	2958400.0
2013-07-18	0.008418	0.158226	0.169721	0.155672	0.329541	2805500.0
2013-07-17	-0.026525999999999997	0.134217	0.14118	0.119048	-1.066677	4781000.0
2013-07-16	0.003897	0.155613	0.180828	0.137389	0.156101	6905000.0
2013-07-15	0.014273	0.153623	0.175399	0.144761	0.5636899999999999	3737600.0
2013-07-12	0.0008789999999999999	0.154384	0.154638	0.145514	0.034698	2247900.0
2013-07-11	0.007975	0.161547	0.168189	0.15643800000000002	0.312188	2000900.0
2013-07-10	-0.005069	0.147271	0.152863	0.141426	-0.199456	1995000.0
2013-07-09	0.0039829999999999996	0.153117	0.161027	0.147758	0.15609800000000001	2243100.0
2013-07-08	0.011867	0.155182	0.173515	0.150277	0.459617	1925200.0
2013-07-05	-0.006893000000000001	0.15286	0.154399	0.13106500000000001	-0.268837	1395100.0
2013-07-03	-0.00044500000000000003	0.14670899999999998	0.154655	0.14260799999999998	-0.017345	1374500.0
2013-07-02	-0.003764	0.151074	0.16154300000000002	0.14366900000000002	-0.147427	2366600.0
2013-07-01	-0.012464	0.161943	0.167742	0.13597	-0.4943	4099200.0
2013-06-28	0.024647	0.177921	0.19704000000000002	0.154667	0.953926	8896600.0
2013-06-27	-0.0054600000000000004	0.15607200000000002	0.162753	0.144509	-0.212468	1798900.0
2013-06-26	0.013413999999999999	0.17053800000000002	0.186423	0.168975	0.5151100000000001	2545800.0
2013-06-25	0.011762	0.170078	0.18246099999999998	0.159276	0.446427	7638500.0
2013-06-24	-0.002707	0.155349	0.171378	0.143788	-0.103028	7881800.0
2013-06-21	0.016975999999999998	0.176032	0.193668	0.154387	0.6353	9347600.0
2013-06-20	-0.02374	0.157243	0.15828699999999998	0.134547	-0.910019	2299300.0
2013-06-19	-0.023617	0.16506400000000002	0.169648	0.1373	-0.927185	2087900.0
2013-06-18	0.009047	0.162753	0.17791700000000002	0.161982	0.351986	2101900.0
2013-06-17	0.003321	0.16945	0.180797	0.165582	0.128777	2570200.0
2013-06-14	0.006686	0.165588	0.178048	0.16221300000000002	0.257549	2663100.0
2013-06-13	0.012181	0.163495	0.180837	0.162181	0.463592	1838400.0
2013-06-12	-0.005608	0.173954	0.17865699999999998	0.15723099999999998	-0.214626	1814800.0
2013-06-11	-0.009333	0.155231	0.166879	0.149796	-0.360573	2048700.0
2013-06-10	-0.006623	0.166351	0.166351	0.152723	-0.25755700000000004	1958500.0
2013-06-07	0.006219	0.166878	0.17541700000000002	0.153942	0.24038400000000001	2173000.0
2013-06-06	0.022716999999999998	0.165073	0.19127	0.16189800000000001	0.858512	2827300.0
2013-06-05	-0.01411	0.160896	0.1622	0.144982	-0.540859	2972300.0
2013-06-04	-0.006453	0.161958	0.165068	0.14848	-0.248966	1990700.0
2013-06-03	0.000668	0.164549	0.171293	0.150284	0.025745	2869100.0
2013-05-31	-0.002886	0.162222	0.18317	0.159895	-0.111599	2642600.0
2013-05-30	0.004909	0.171566	0.191577	0.168707	0.18887400000000001	2709200.0
2013-05-29	-0.026920999999999997	0.158487	0.16050999999999999	0.13168	-1.064553	4250800.0
2013-05-28	-0.001734	0.16985799999999998	0.176926	0.16051700000000002	-0.06867899999999999	2306100.0
2013-05-24	-0.007529000000000001	0.159798	0.163305	0.14727	-0.30048400000000003	2498800.0
2013-05-23	-0.005987	0.159828	0.160077	0.138659	-0.24037600000000003	1856600.0
2013-05-22	-0.012458	0.163333	0.181041	0.14513299999999998	-0.506538	1973200.0
2013-05-21	0.003815	0.16629000000000002	0.17024	0.156414	0.154541	1718000.0
2013-05-20	-0.001058	0.16480899999999998	0.166042	0.15889	-0.042919	1587300.0
2013-05-17	0.0074659999999999995	0.16779000000000002	0.174747	0.16133	0.300464	2064300.0
2013-05-16	-0.007409999999999999	0.165302	0.16628900000000002	0.154697	-0.300464	2812000.0
2013-05-15	0.007036	0.162574	0.185671	0.160338	0.28331	3168200.0
2013-05-14	0.008168	0.16781300000000002	0.17707799999999999	0.161303	0.326225	2073100.0
2013-05-13	-0.0017170000000000002	0.16030999999999998	0.16605899999999998	0.15855999999999998	-0.068672	1694600.0
2013-05-10	0.011724	0.16759000000000002	0.178971	0.16076300000000002	0.463592	2576200.0
2013-05-09	-0.01791	0.165305	0.16778900000000002	0.140469	-0.721145	2862400.0
2013-05-08	-0.014499000000000001	0.159424	0.168725	0.143025	-0.5923689999999999	2720400.0
2013-05-07	0.023441	0.16405699999999998	0.194117	0.161051	0.935775	3065100.0
2013-05-06	-0.015872999999999998	0.165055	0.165548	0.14360799999999999	-0.64389	2784000.0
2013-05-03	0.000424	0.168755	0.17319400000000001	0.161109	0.017174000000000002	2171800.0
2013-05-02	-0.009022	0.16456400000000002	0.16969700000000001	0.141591	-0.369167	3132500.0
2013-05-01	-0.016102	0.163126	0.165049	0.143648	-0.669625	2578900.0
2013-04-30	0.001861	0.16456800000000002	0.16842200000000002	0.161436	0.07725499999999999	2034200.0
2013-04-29	0.008342	0.166752	0.177197	0.161893	0.343396	1642800.0
2013-04-26	0.001462	0.166755	0.17210699999999998	0.15848399999999999	0.060108	2282400.0
2013-04-25	0.002722	0.168468	0.175054	0.164077	0.111603	2127800.0
2013-04-24	0.003995	0.165054	0.17313599999999998	0.158686	0.163116	1751300.0
2013-04-23	0.0052840000000000005	0.165055	0.170964	0.15496	0.214626	1670100.0
2013-04-22	-0.009629	0.164077	0.164321	0.151398	-0.394908	1853400.0
2013-04-19	0.022474	0.169047	0.190987	0.167053	0.901432	2712800.0
2013-04-18	-0.006169	0.16456099999999999	0.170012	0.155641	-0.248967	2690400.0
2013-04-17	0.0006389999999999999	0.162329	0.16728800000000002	0.155883	0.025752999999999998	2497500.0
2013-04-16	0.00449	0.168794	0.175518	0.152107	0.180294	2376700.0
2013-04-15	-0.00974	0.16283599999999998	0.169495	0.15346400000000002	-0.394916	2424500.0
2013-04-12	0.00468	0.16084400000000001	0.17249	0.16084400000000001	0.188869	1727300.0
2013-04-11	-0.001911	0.168271	0.168271	0.158626	-0.07725499999999999	1503800.0
2013-04-10	0.010079000000000001	0.16930499999999998	0.179297	0.16555799999999998	0.403492	2175500.0
2013-04-09	-0.0010710000000000001	0.167054	0.174291	0.15981800000000002	-0.042931	2948000.0
2013-04-08	0.0040869999999999995	0.16405699999999998	0.173578	0.161551	0.163117	3823200.0
2013-04-05	0.007586	0.159002	0.17768399999999998	0.15673	0.30048400000000003	3651800.0
2013-04-04	0.013619999999999998	0.166344	0.18118599999999999	0.163273	0.532276	3258500.0
2013-04-03	0.01223	0.168435	0.180091	0.166363	0.472175	4587400.0
2013-04-02	0.005365999999999999	0.166892	0.171579	0.16559000000000001	0.20604699999999998	3301400.0
2013-04-01	0.004490999999999999	0.164286	0.17213299999999998	0.160885	0.171704	2464800.0
2013-03-28	0.010209000000000001	0.163752	0.177757	0.161638	0.386322	2786100.0
2013-03-27	0.008004	0.168804	0.177061	0.16401	0.30048	3007100.0
2013-03-26	0.013793999999999999	0.165214	0.18303599999999998	0.163864	0.510818	2641800.0
2013-03-25	-0.004795000000000001	0.17843900000000001	0.182202	0.163389	-0.17840899999999998	9698600.0
2013-03-22	0.002977	0.177095	0.184643	0.17467	0.110447	7463300.0
2013-03-21	-0.004786	0.17360799999999998	0.176827	0.16958399999999998	-0.178418	1470600.0
2013-03-20	0.006653	0.181146	0.18870699999999999	0.178446	0.24638000000000002	1750200.0
2013-03-19	0.005305	0.181168	0.18714	0.173566	0.1954	2645200.0
2013-03-18	-0.004591	0.172231	0.179528	0.17007	-0.169914	1793700.0
2013-03-15	0.0	0.172502	0.184392	0.167908	0.0	4739200.0
2013-03-14	0.006005	0.177368	0.184979	0.174649	0.22089	2285400.0
2013-03-13	0.0060409999999999995	0.177369	0.185027	0.171626	0.220875	1782500.0
2013-03-12	0.0018620000000000002	0.177095	0.179835	0.17052	0.067963	2279400.0
2013-03-11	0.004208	0.173243	0.184525	0.169666	0.152923	3929700.0
2013-03-08	-0.0020989999999999997	0.17819400000000002	0.180391	0.16638699999999998	-0.076458	2463300.0
2013-03-07	-0.004181	0.179556	0.186392	0.169713	-0.152927	1965900.0
2013-03-06	-0.006691	0.17573699999999998	0.180626	0.164602	-0.246369	2378800.0
2013-03-05	-0.002991	0.17926199999999998	0.183865	0.172763	-0.11043900000000001	2920000.0
2013-03-04	0.014469	0.176546	0.198797	0.174898	0.5267109999999999	2908500.0
2013-03-01	0.004925	0.175163	0.183721	0.169918	0.17841700000000002	2356800.0
2013-02-28	0.012346	0.178493	0.196378	0.175419	0.44176099999999996	4674700.0
2013-02-27	0.00983	0.17512	0.190924	0.17512	0.348312	4178100.0
2013-02-26	0.004818	0.17936400000000002	0.18758699999999998	0.173976	0.169914	4042700.0
2013-02-25	-0.011196	0.181582	0.191115	0.163917	-0.39928	3924300.0
2013-02-22	0.013765000000000001	0.178801	0.193582	0.174821	0.484234	3985700.0
2013-02-21	-0.039657	0.153346	0.16563	0.119223	-1.452725	8337500.0
2013-02-20	-0.002314	0.17546099999999998	0.179002	0.16947	-0.084957	2680000.0
2013-02-19	0.011704	0.179024	0.191148	0.17682	0.424778	4026600.0
2013-02-15	0.006834999999999999	0.179315	0.18736	0.178205	0.246365	3843000.0
2013-02-14	-0.004224	0.173228	0.177648	0.171294	-0.152916	3119600.0
2013-02-13	-0.002575	0.176269	0.179575	0.170483	-0.093449	1341100.0
2013-02-12	0.0007030000000000001	0.176544	0.178474	0.17158099999999998	0.025481999999999998	1186100.0
2013-02-11	-0.00187	0.175995	0.181774	0.173242	-0.067962	965400.0
2013-02-08	0.000234	0.176545	0.178747	0.171039	0.008495	1321900.0
2013-02-07	0.005408	0.18014000000000002	0.189273	0.175989	0.1954	1957600.0
2013-02-06	0.004251	0.172927	0.182099	0.170147	0.152928	1421400.0
2013-02-05	0.005699	0.181568	0.19023299999999999	0.179611	0.203876	1730800.0
2013-02-04	-0.011502	0.175438	0.176267	0.163004	-0.416271	1976100.0
2013-02-01	-0.000938	0.179028	0.18123599999999998	0.173507	-0.033985	1920600.0
2013-01-31	0.005898	0.180705	0.185981	0.176262	0.212383	3048000.0
2013-01-30	0.006409999999999999	0.17793399999999998	0.191348	0.176257	0.22937800000000003	2581800.0
2013-01-29	0.008621	0.175122	0.187243	0.173995	0.30583899999999997	2328700.0
2013-01-28	-0.0031030000000000003	0.177377	0.179344	0.17203800000000002	-0.110431	2221600.0
2013-01-25	0.009154	0.1822	0.187871	0.17511	0.322818	3137600.0
2013-01-24	0.0033840000000000003	0.17994100000000002	0.18648499999999998	0.176811	0.11893499999999999	2442600.0
2013-01-23	0.002909	0.173957	0.18052	0.167679	0.101952	2618600.0
2013-01-22	0.005852	0.176234	0.187141	0.175947	0.203888	2931800.0
2013-01-18	0.004654	0.179979	0.18257400000000001	0.17161600000000002	0.161411	1751500.0
2013-01-17	0.003442	0.178253	0.18751199999999998	0.174202	0.11894600000000001	2127700.0
2013-01-16	-0.0078049999999999994	0.173076	0.177096	0.16475	-0.271858	1594500.0
2013-01-15	0.0026899999999999997	0.176232	0.18026199999999998	0.17133800000000002	0.093445	2369700.0
2013-01-14	-0.001465	0.17882	0.187444	0.173934	-0.050969	3293800.0
2013-01-11	0.001957	0.178824	0.18141600000000002	0.171335	0.067963	2077400.0
2013-01-10	0.0024530000000000003	0.180849	0.184602	0.177384	0.08495	2455500.0
2013-01-09	0.002459	0.196198	0.196198	0.17188599999999998	0.084964	2407800.0
2013-01-08	0.004942	0.17506	0.18291300000000002	0.17185999999999998	0.169907	2986700.0
2013-01-07	-0.017003	0.171663	0.174808	0.152221	-0.594696	2692700.0
2013-01-04	0.010059	0.18085	0.196733	0.179117	0.348328	2721400.0
2013-01-03	-0.002203	0.177095	0.178536	0.16931500000000002	-0.07646599999999999	3578400.0
2013-01-02	0.016675	0.189693	0.198188	0.185298	0.5692020000000001	2625800.0
2012-12-31	0.011836	0.174131	0.19251	0.167907	0.399292	2415600.0
2012-12-28	-0.007745999999999999	0.171507	0.182978	0.167683	-0.26337	1903800.0
2012-12-27	0.0054009999999999996	0.183749	0.189072	0.174877	0.18265499999999998	2949400.0
2012-12-26	-0.015648	0.19200599999999998	0.196663	0.16639	-0.537567	3239400.0
2012-12-24	-0.014219999999999998	0.187968	0.189116	0.170751	-0.49556300000000003	2168400.0
2012-12-21	-0.010258	0.182598	0.189415	0.178054	-0.36118	4891300.0
2012-12-20	0.009877	0.19026400000000002	0.20231	0.19026400000000002	0.344387	3573800.0
2012-12-19	0.000723	0.191124	0.194569	0.18595799999999998	0.025185	3247700.0
2012-12-18	0.012201	0.189679	0.205367	0.188807	0.419971	4157900.0
2012-12-17	0.011602	0.192902	0.206715	0.192608	0.394783	2473900.0
2012-12-14	-0.0014789999999999998	0.19025699999999998	0.19553900000000002	0.18732200000000002	-0.050399	1642100.0
2012-12-13	-0.004417	0.19025899999999998	0.19318	0.181786	-0.15118399999999999	1534100.0
2012-12-12	-0.002936	0.194046	0.19929000000000002	0.187055	-0.100796	2609500.0
2012-12-11	-0.000245	0.19055	0.196375	0.18967699999999998	-0.008408	2184900.0
2012-12-10	0.002698	0.19055	0.197267	0.189382	0.0924	1390700.0
2012-12-07	0.002706	0.189672	0.1967	0.18908699999999998	0.092399	1784600.0
2012-12-06	-0.000737	0.195232	0.197865	0.189088	-0.025203	2122300.0
2012-12-05	0.008426000000000001	0.193206	0.210024	0.19084600000000002	0.285587	3458900.0
2012-12-04	-0.005178	0.19025699999999998	0.196421	0.182919	-0.17639200000000002	1571900.0
2012-12-03	-0.009524	0.189969	0.19171400000000002	0.16961800000000002	-0.327579	2593700.0
2012-11-30	0.010362	0.193194	0.20435599999999998	0.189375	0.35276799999999997	3268800.0
2012-11-29	0.003218	0.193497	0.201159	0.185246	0.109203	3585900.0
2012-11-28	-0.003453	0.18643900000000002	0.191138	0.182621	-0.117592	2682700.0
2012-11-27	-0.0051530000000000005	0.192888	0.196686	0.182955	-0.176387	2510300.0
2012-11-26	0.014438999999999999	0.184623	0.212483	0.184623	0.487171	2109200.0
2012-11-23	0.001995	0.191145	0.195302	0.178672	0.067192	1259100.0
2012-11-21	-0.003232	0.189958	0.192623	0.172198	-0.109196	2286700.0
2012-11-20	-0.007404000000000001	0.194664	0.201128	0.179092	-0.25198000000000004	3094500.0
2012-11-19	0.001978	0.20056	0.20056	0.182307	0.067196	2582800.0
2012-11-16	0.0067209999999999995	0.191736	0.20655500000000002	0.18906900000000001	0.22678800000000002	3721600.0
2012-11-15	-0.005447	0.193793	0.20410999999999999	0.17876	-0.18479600000000002	2920600.0
2012-11-14	-0.011261	0.189093	0.191133	0.173938	-0.386375	2333800.0
2012-11-13	0.007895000000000001	0.18673199999999998	0.209644	0.184969	0.268776	1802700.0
2012-11-12	-0.008804000000000001	0.19753800000000002	0.201032	0.178322	-0.302372	1041200.0
2012-11-09	-0.000733	0.18851400000000001	0.196079	0.186477	-0.025196	1722500.0
2012-11-08	-0.0053479999999999995	0.191708	0.198943	0.183895	-0.184792	2152200.0
2012-11-07	-0.018373	0.184301	0.184301	0.1647	-0.646759	2443400.0
2012-11-06	0.009636	0.190551	0.20689899999999997	0.18883	0.335987	1921400.0
2012-11-05	-0.011667	0.18771600000000002	0.19026700000000002	0.175244	-0.411579	1916300.0
2012-11-02	-0.0021379999999999997	0.19649	0.20045	0.18659	-0.075603	3963500.0
2012-11-01	-0.010112999999999999	0.190551	0.194751	0.176831	-0.361168	1757800.0
2012-10-31	0.012381	0.196787	0.20897600000000002	0.193669	0.436771	2673200.0
2012-10-26	-0.0009519999999999999	0.193099	0.193382	0.185453	-0.0336	2538900.0
2012-10-25	0.002863	0.194527	0.19850299999999999	0.192255	0.10079199999999999	4102600.0
2012-10-24	-0.006164	0.193091	0.19676	0.180671	-0.21839099999999997	2491400.0
2012-10-23	-0.006828	0.182421	0.188588	0.180739	-0.24358000000000002	4141200.0
2012-10-22	-0.007245999999999999	0.18748900000000002	0.19055	0.178027	-0.260384	1624400.0
2012-10-19	-0.009951	0.19	0.19275499999999998	0.173468	-0.361175	2220300.0
2012-10-18	-0.005065999999999999	0.188357	0.193018	0.18451900000000002	-0.18479600000000002	3739800.0
2012-10-17	0.018765999999999998	0.196695	0.21345100000000003	0.195298	0.671967	2240500.0
2012-10-16	0.0	0.19725299999999998	0.205631	0.182731	0.0	2683400.0
2012-10-15	0.003059	0.18999000000000002	0.194192	0.18046600000000002	0.10919200000000001	2548300.0
2012-10-12	-0.013234000000000001	0.20077799999999998	0.203542	0.162632	-0.478775	4769600.0
2012-10-11	-0.001391	0.19331099999999998	0.201592	0.188618	-0.050395999999999996	1623600.0
2012-10-10	0.0018579999999999998	0.191103	0.198294	0.18640199999999998	0.067192	1447600.0
2012-10-09	-0.009890000000000001	0.187538	0.18836	0.17713299999999998	-0.361176	2091600.0
2012-10-08	0.018983	0.190829	0.23072800000000002	0.190829	0.680359	3884700.0
2012-10-05	-0.0044329999999999994	0.193051	0.196384	0.184162	-0.159588	2034900.0
2012-10-04	0.008232999999999999	0.194191	0.200633	0.18803	0.293984	3441800.0
2012-10-03	0.005677000000000001	0.194212	0.20266099999999998	0.18886	0.201576	2389000.0
2012-10-02	0.0007099999999999999	0.19308699999999998	0.202388	0.187168	0.025204	1994300.0
2012-10-01	-0.010077	0.190829	0.19641	0.17715799999999998	-0.361176	1894100.0
2012-09-28	0.006131	0.18942799999999999	0.200376	0.18269000000000002	0.218392	3055700.0
2012-09-27	-0.003173	0.194328	0.194328	0.182575	-0.113392	2014000.0
2012-09-26	0.008206	0.20582199999999998	0.22246799999999997	0.20441099999999998	0.29086300000000004	2412900.0
2012-09-25	-0.0037380000000000004	0.205812	0.208623	0.197661	-0.132973	1297100.0
2012-09-24	0.005166	0.203565	0.21091100000000002	0.202718	0.182839	1770600.0
2012-09-21	-0.001407	0.20638600000000001	0.208643	0.19623	-0.049866	3168400.0
2012-09-20	0.0025859999999999998	0.202151	0.208091	0.200737	0.091415	1220100.0
2012-09-19	-0.00047000000000000004	0.203849	0.21091700000000002	0.200739	-0.016613	1456200.0
2012-09-18	0.000705	0.203283	0.205546	0.191683	0.024929	2596700.0
2012-09-17	-0.016648	0.20411700000000002	0.208012	0.183251	-0.5983729999999999	5831700.0
2012-09-14	-0.001846	0.204394	0.206337	0.19272999999999998	-0.066479	2329200.0
2012-09-13	0.00557	0.200211	0.20998499999999998	0.196581	0.199459	2901900.0
2012-09-12	-0.005309	0.203561	0.205783	0.19550599999999999	-0.191143	893200.0
2012-09-11	-0.0029920000000000003	0.202452	0.20743699999999998	0.199406	-0.10804000000000001	901500.0
2012-09-10	-0.00045999999999999996	0.208819	0.208819	0.199961	-0.01662	999000.0
2012-09-07	0.006483	0.21080500000000002	0.215263	0.20579	0.2327	1620500.0
2012-09-06	0.004886	0.210842	0.214761	0.208042	0.174515	2827900.0
2012-09-05	-0.010589	0.207438	0.209377	0.18971	-0.382279	2141700.0
