2017-09-01	-0.000680	0.003499	0.008320	-0.001906	-1.260010	377600.000000
2016-09-01	0.0013130000000000001	0.004072999999999999	0.005393	-0.005788000000000001	1.8599860000000001	307100.0
2016-08-31	0.000127	-0.0016940000000000002	0.0013130000000000001	-0.006036	0.179931	167200.0
2016-08-30	-0.006062	-0.001754	0.0037329999999999998	-0.009255	-8.639892	199000.0
2016-08-29	0.003803	0.002261	0.009987000000000001	-2.1e-05	5.399902	316600.0
2016-08-26	0.002995	0.0	0.009989	-0.003568	4.23999	412000.0
2016-08-25	0.0038079999999999998	-0.0042899999999999995	0.005971	-0.0042899999999999995	5.369994999999999	309300.0
2016-08-24	-0.00864	-0.002292	0.004963	-0.012977	-12.289916999999999	369200.0
2016-08-23	-0.001067	0.0009339999999999999	0.006327	-0.003153	-1.520019	306200.0
2016-08-22	-0.005594	0.001704	0.0017109999999999998	-0.007682	-8.010010000000001	405700.0
2016-08-19	-0.007670999999999999	-0.003513	0.0	-0.010388	-11.069946	476800.0
2016-08-18	0.01112	0.008969	0.015905000000000002	0.007217	15.869995000000001	523500.0
2016-08-17	0.013161	0.0	0.014631	-0.0032869999999999996	18.539917000000003	479700.0
2016-08-16	0.006790000000000001	-0.000865	0.008012	-0.004803	9.5	365500.0
2016-08-15	-0.0062640000000000005	1.4000000000000001e-05	0.002926	-0.007976	-8.819946	428800.0
2016-08-12	0.000753	-0.004243	0.001009	-0.004243	1.059936	281200.0
2016-08-11	0.000455	0.001756	0.0072180000000000005	-0.000647	0.640015	301200.0
2016-08-10	-0.000519	0.002836	0.003547	-0.004236	-0.729981	268000.0
2016-08-09	0.001431	-0.000349	0.0031320000000000002	-0.004804	2.01001	428100.0
2016-08-08	-0.006519	0.000933	0.003083	-0.008627	-9.219971000000001	637000.0
2016-08-05	0.039875	0.055154999999999996	0.055154999999999996	0.034559	54.229981	1456600.0
2016-08-04	-0.008131999999999999	-0.009292	-0.005441	-0.01956	-11.150025	1321600.0
2016-08-03	0.019147	-0.00281	0.023265	-0.00695	25.76001	861800.0
2016-08-02	-0.007890000000000001	-0.002043	0.005103	-0.022387999999999998	-10.699950999999999	597400.0
2016-08-01	0.003901	0.0021620000000000003	0.009461	-0.006226	5.269897	547900.0
2016-07-29	0.018634	-0.008378	0.021032	-0.009562000000000001	24.710082999999997	1413600.0
2016-07-28	0.0012230000000000001	-0.010933	0.004070000000000001	-0.010933	1.619996	500500.0
2016-07-27	-3.8e-05	-0.0038729999999999997	0.01168	-0.006848000000000001	-0.050049	481500.0
2016-07-26	0.002164	0.000817	0.007301	-0.004267	2.859985	456100.0
2016-07-25	-0.0043170000000000005	0.002298	0.002509	-0.016807	-5.72998	592700.0
2016-07-22	-0.003827	0.002799	0.003152	-0.007077	-5.099976	405700.0
2016-07-21	-0.015028	-0.0028239999999999997	-0.0015	-0.019966	-20.329956	523100.0
2016-07-20	0.019465	0.002344	0.027121	-0.002502	25.829956	649700.0
2016-07-19	-0.010706	-0.006978	-0.002065	-0.012197	-14.359985	381600.0
2016-07-18	0.008109	0.001451	0.014174	-0.0018559999999999998	10.790039	300100.0
2016-07-15	-0.011595999999999999	-0.013587	-0.009048	-0.017524	-15.610107999999999	562000.0
2016-07-14	0.005625	0.0049380000000000005	0.009226	0.0011949999999999999	7.53003	290200.0
2016-07-13	-0.005039	-0.0022670000000000004	0.010614	-0.005604	-6.78003	351400.0
2016-07-12	-0.004145	0.00812	0.011812999999999999	-0.012598	-5.599975	489500.0
2016-07-11	0.016225	0.010109	0.023716	0.009049	21.570068	648200.0
2016-07-08	0.024822	0.007462000000000001	0.025716000000000003	0.005365	32.199951	712700.0
2016-07-07	0.00404	-0.0018579999999999998	0.010758	-0.0018579999999999998	5.219971	494900.0
2016-07-06	0.013341	-0.004055	0.015215000000000001	-0.011788	17.01001	561800.0
2016-07-05	0.006044	-0.006162	0.00606	-0.016696000000000003	7.660034	568800.0
2016-07-01	0.015187	0.000481	0.02186	-0.002323	18.959961	644100.0
2016-06-30	0.007262	0.025689999999999998	0.029175	0.000484	9.0	921500.0
2016-06-29	0.029197000000000004	0.013078999999999999	0.037127	0.009757	35.160034	778500.0
2016-06-28	0.015345	0.026920999999999997	0.041862	0.002361	18.199951000000002	1206000.0
2016-06-27	-0.037406	-0.009755	0.001437	-0.068239	-46.089966	1758600.0
2016-06-24	-0.113696	-0.069357	-0.054978	-0.124349	-158.05993600000002	3179200.0
2016-06-23	0.022131	0.01022	0.024925	0.008014	30.099975	679200.0
2016-06-22	0.012695	0.022486000000000003	0.023417	0.0069099999999999995	17.049927	685500.0
2016-06-21	0.0008119999999999999	0.0017809999999999998	0.006736	-0.009441	1.090088	453400.0
2016-06-20	0.024992	0.010999	0.038694	0.009975	32.719971	722900.0
2016-06-17	-0.011066	0.000234	0.000234	-0.015016	-14.650025	535600.0
2016-06-16	0.014149	-0.001088	0.022659000000000002	-0.0015550000000000002	18.469970999999997	629100.0
2016-06-15	0.0010119999999999999	0.001534	0.011426	-0.001403	1.320068	490900.0
2016-06-14	-0.008643000000000001	-0.0034659999999999995	0.004204	-0.018586000000000002	-11.369995	527000.0
2016-06-13	-0.002601	-0.0040939999999999995	0.014450999999999999	-0.0047090000000000005	-3.430053	414900.0
2016-06-10	-0.015798	-0.009298	-0.0065	-0.018409000000000002	-21.169922	479600.0
2016-06-09	-0.010894	-0.005765	-0.002598	-0.013669999999999998	-14.760010000000001	450000.0
2016-06-08	-0.0038020000000000003	0.0	0.0065439999999999995	-0.005875	-5.170044	494500.0
2016-06-07	0.008079000000000001	-0.000808	0.018442	-0.003032	10.900024	865000.0
2016-06-06	0.036406	0.0006219999999999999	0.038433999999999996	-0.00202	47.390015000000005	842600.0
2016-06-03	0.009077	-0.0071400000000000005	0.010674	-0.010814	11.709961	596700.0
2016-06-02	0.00939	0.0010949999999999998	0.009664	-0.004562	12.0	447000.0
2016-06-01	0.010812	-0.004168	0.014427	-0.011722	13.670044	755300.0
2016-05-31	-0.006811	0.004281	0.010487	-0.01414	-8.670044	784200.0
2016-05-27	0.003136	-0.001576	0.0036090000000000002	-0.005138	3.9799800000000003	305700.0
2016-05-26	-0.0009130000000000001	0.00059	0.007723000000000001	-0.006779	-1.160034	330500.0
2016-05-25	0.010783	0.0014960000000000002	0.016393	-0.00448	13.550049	344800.0
2016-05-24	0.015466999999999998	0.000299	0.02034	-0.000436	19.140015	391900.0
2016-05-23	-0.009445	-0.002353	0.003706	-0.011663	-11.800049000000001	399700.0
2016-05-20	-0.000816	0.0031190000000000002	0.006814	-0.003703	-1.0200200000000001	445700.0
2016-05-19	-0.013383	-0.013012000000000001	-0.006605	-0.02634	-16.959961	548800.0
2016-05-18	-0.008411	-0.0053289999999999995	0.007809	-0.017715	-10.75	378500.0
2016-05-17	-0.004246	0.001106	0.009724	-0.007254000000000001	-5.449951	456600.0
2016-05-16	0.0037770000000000004	0.002589	0.008454000000000001	-0.007492	4.829956	432400.0
2016-05-13	-0.002815	-0.0064340000000000005	0.0052640000000000004	-0.008766	-3.609985	482900.0
2016-05-12	0.011789	0.004876	0.018062	0.0022960000000000003	14.939941000000001	706500.0
2016-05-11	-0.0007570000000000001	-0.001254	0.004628	-0.006520999999999999	-0.9599610000000001	497700.0
2016-05-10	0.018756000000000002	0.00629	0.023801	0.00449	23.349976	539800.0
2016-05-09	-0.004144	0.0	0.00232	-0.015183000000000002	-5.179932	425400.0
2016-05-06	0.007455	-0.00793	0.009792	-0.00793	9.25	571300.0
2016-05-05	-0.009728	0.00067	0.008683	-0.011189	-12.190063	816900.0
2016-05-04	-0.075001	-0.07134	-0.065434	-0.11027999999999999	-101.599976	2884800.0
2016-05-03	-0.001511	-0.007717	0.001364	-0.015928	-2.0499259999999997	861500.0
2016-05-02	0.009696999999999999	0.003974	0.011253	-0.013887	13.029907000000001	508100.0
2016-04-29	0.019786	0.011248000000000001	0.038607999999999996	0.011248000000000001	26.070068	1018000.0
2016-04-28	-0.026704000000000002	-0.017537	0.001603	-0.0322	-36.150024	743400.0
2016-04-27	0.014836000000000002	-0.0016489999999999999	0.01728	-0.00521	19.790039	395500.0
2016-04-26	-0.000989	-0.000951	0.001168	-0.010320000000000001	-1.3200690000000002	320000.0
2016-04-25	-0.0024129999999999998	-0.004856	0.0018679999999999999	-0.011244	-3.22998	393400.0
2016-04-22	-0.001119	-0.006716	0.007142	-0.006716	-1.5	527000.0
2016-04-21	-0.0074069999999999995	-0.004956	0.005504	-0.00963	-10.0	269600.0
2016-04-20	0.003136	0.000609	0.013784000000000001	-0.005536	4.219971	416400.0
2016-04-19	-0.005608	0.00481	0.004899000000000001	-0.014837000000000001	-7.589966	434700.0
2016-04-18	0.01612	-0.0022600000000000003	0.027877	-0.0022600000000000003	21.469970999999997	625500.0
2016-04-15	-0.00336	-0.0020350000000000004	-0.000958	-0.011696	-4.489991000000001	479500.0
2016-04-14	0.014138	0.0039759999999999995	0.016877	0.000941	18.630005	519800.0
2016-04-13	0.013443	0.007744	0.02281	0.000169	17.479981	605300.0
2016-04-12	0.028189999999999996	0.0031	0.03159	-0.007528	35.650024	449400.0
2016-04-11	-0.0074719999999999995	0.006122	0.011176	-0.008586	-9.520019	293800.0
2016-04-08	-0.001841	0.00492	0.005522999999999999	-0.004065999999999999	-2.349976	300400.0
2016-04-07	-0.012768999999999999	-0.001191	-0.000526	-0.016674	-16.51001	389200.0
2016-04-06	0.010891	0.000891	0.012353	-0.004589	13.930054	280400.0
2016-04-05	-0.002091	-0.009175	0.004759	-0.012639	-2.680054	373200.0
2016-04-04	-0.013803	-0.0016539999999999999	-0.0011539999999999999	-0.018012	-17.939941	357100.0
2016-04-01	0.008331999999999999	-0.008503	0.009899	-0.012381999999999999	10.739989999999999	567300.0
2016-03-31	-0.021313	-0.0035840000000000004	-0.001549	-0.021792	-28.070068	488200.0
2016-03-30	0.006987999999999999	0.006889	0.011622	0.002408	9.140014	376400.0
2016-03-29	0.016208	-0.004529999999999999	0.020878	-0.004529999999999999	20.859986	427700.0
2016-03-28	-0.010882	0.000123	0.002705	-0.023194	-14.159912	453800.0
2016-03-24	-0.0037670000000000004	-0.004678	-0.001279	-0.011086	-4.920044	383700.0
2016-03-23	-0.01008	0.002653	0.003358	-0.014711000000000002	-13.300049	447900.0
2016-03-22	-0.023028	-0.029256	-0.016557	-0.032958	-31.099976	840100.0
2016-03-21	0.004679	-0.002433	0.005044	-0.008079000000000001	6.290039	256200.0
2016-03-18	-0.00196	0.0045590000000000006	0.010966	-0.0063549999999999995	-2.640014	472700.0
2016-03-17	-0.003057	-0.006876	0.003953	-0.010274	-4.130005000000001	389400.0
2016-03-16	0.014158	-0.00295	0.019344999999999998	-0.005352	18.859985	536200.0
2016-03-15	0.004828	-0.00798	0.01001	-0.00798	6.400025	383000.0
2016-03-14	-0.000859	-0.005012	0.010875	-0.006993999999999999	-1.140015	490200.0
2016-03-11	0.025584	0.010535	0.026535000000000003	0.005279	33.099975	649000.0
2016-03-10	0.0014550000000000001	0.003034	0.010922	-0.013461	1.880005	431100.0
2016-03-09	0.007109999999999999	-0.002159	0.007117	-0.015085	9.119995	443000.0
2016-03-08	-0.006706	-0.005753	0.005815	-0.008394	-8.660034	420400.0
2016-03-07	-0.004839	-0.012568000000000001	-0.001094	-0.012568000000000001	-6.279907	504500.0
2016-03-04	-0.00409	0.0026780000000000003	0.004543	-0.013031000000000001	-5.330078	601200.0
2016-03-03	0.001283	-0.003604	0.003435	-0.009774	1.6700439999999999	446800.0
2016-03-02	0.0042049999999999995	0.001111	0.004406	-0.011089	5.449951	469300.0
2016-03-01	0.024273	0.014527000000000002	0.024786000000000002	0.010077	30.710083	570600.0
2016-02-29	0.008722	-0.003165	0.022619	-0.004608	10.939941000000001	728200.0
2016-02-26	-0.007234	0.004227000000000001	0.007859999999999999	-0.015047	-9.140014	614500.0
2016-02-25	-0.000633	-0.000759	0.006146	-0.013581999999999999	-0.799927	729000.0
2016-02-24	0.001838	-0.010928	0.002346	-0.031049	2.319946	774200.0
2016-02-23	-0.020590999999999998	-0.007855	-1.6e-05	-0.023059	-26.530029	617800.0
2016-02-22	0.003646	0.0021969999999999997	0.005998	-0.012261	4.680054	827100.0
2016-02-19	0.025391999999999998	-0.010919	0.026391	-0.012317	31.790039	1052500.0
2016-02-18	0.013265	0.007640000000000001	0.017539	0.000664	16.389892	1060100.0
2016-02-17	0.112436	0.12093499999999999	0.12238399999999999	0.098561	124.88000500000001	2382000.0
2016-02-16	0.049782	0.0169	0.054659000000000006	0.013478	52.670044	1119700.0
2016-02-12	0.002625	0.011031000000000001	0.022412	-0.004435000000000001	2.77002	811600.0
2016-02-11	0.021757	0.020556	0.029881	-0.004105	22.46997	1036600.0
2016-02-10	0.041845	0.01375	0.057198	0.011106999999999999	41.480042	970500.0
2016-02-09	0.017961	-0.015784	0.030746	-0.020312	17.48999	1043800.0
2016-02-08	-0.041111	-0.018768	-0.015312000000000001	-0.059789999999999996	-41.75	1194000.0
2016-02-05	-0.050089	-0.005612	-0.004724	-0.054635	-53.549988	1036300.0
2016-02-04	0.019006	-0.004164999999999999	0.023341999999999998	-0.024696	19.939942000000002	766700.0
2016-02-03	-0.016526	0.003243	0.005202	-0.043458	-17.630005	793500.0
2016-02-02	-0.016666	-0.013706999999999999	-0.000664	-0.026114	-18.079956	679300.0
2016-02-01	0.018686	-0.00185	0.028000999999999998	-0.008187999999999999	19.900024	613300.0
2016-01-29	0.020937	0.002176	0.030226	-0.012328	21.839966	873600.0
2016-01-28	-0.000546	0.014458000000000002	0.015349000000000002	-0.027355	-0.569946	1127700.0
2016-01-27	-0.061033000000000004	-0.028752999999999997	-0.016562999999999998	-0.066035	-67.840088	1174000.0
2016-01-26	0.012395999999999999	-0.0007469999999999999	0.024382	-0.025348	13.609985	744800.0
2016-01-25	-0.018047999999999998	-0.0006259999999999999	0.0075569999999999995	-0.018093	-20.179931	428100.0
2016-01-22	0.026599	0.020833	0.034367	0.013772	28.96997	735700.0
2016-01-21	0.007223	0.002802	0.027438	-0.013197	7.810059	543600.0
2016-01-20	-0.012033	-0.017816	0.003764	-0.050470999999999995	-13.170044	1062500.0
2016-01-19	0.007141	0.011668000000000001	0.027844999999999998	-0.0076560000000000005	7.76001	679900.0
2016-01-15	-0.030891000000000002	-0.040468000000000004	-0.009408	-0.041226	-34.640015000000005	1074700.0
2016-01-14	0.020457	-0.000628	0.034407	-0.030849	22.479981	1160300.0
2016-01-13	-0.043537	0.006154	0.007015	-0.063164	-50.02002	1136600.0
2016-01-12	0.011124	0.004884	0.021315	-0.002816	12.640015	798400.0
2016-01-11	-0.000598	-0.0008439999999999999	0.009693	-0.014908000000000001	-0.679932	635300.0
2016-01-08	-0.0259	0.0045579999999999996	0.013040000000000001	-0.027579000000000003	-30.229979999999998	1023000.0
2016-01-07	-0.024668	-0.020673	-0.001855	-0.035455	-29.520020000000002	1092100.0
2016-01-06	-0.011547	-0.020393	0.0013130000000000001	-0.021219	-13.97998	561300.0
2016-01-05	-0.027847000000000004	-0.007298999999999999	0.001686	-0.035564	-34.680054	894900.0
2016-01-04	-0.023201	-0.014863	-0.012628	-0.036825	-29.579956	767800.0
2015-12-31	-0.011023	-0.002777	-0.000977	-0.013691	-14.210083	336200.0
2015-12-30	-0.010166	-0.002611	-0.00056	-0.011003	-13.239989999999999	272900.0
2015-12-29	0.023127	0.003959000000000001	0.024384	0.003182	29.440063000000002	404800.0
2015-12-28	-8.6e-05	-0.004776	0.001312	-0.015608000000000002	-0.10998499999999999	266400.0
2015-12-24	-0.004675	-0.00043	0.001149	-0.005504	-5.980103	159300.0
2015-12-23	0.001221	0.005096	0.00584	-0.008039	1.560059	268300.0
2015-12-22	0.001395	0.0056359999999999995	0.0056359999999999995	-0.007541	1.780029	303000.0
2015-12-21	-0.0077469999999999995	0.005608	0.010804000000000001	-0.016753999999999998	-9.960083000000001	464500.0
2015-12-18	-0.021366	-0.0058	-0.000586	-0.022836000000000002	-28.069946	882200.0
2015-12-17	-0.013937999999999999	0.007266	0.007266	-0.014726	-18.570069	504600.0
2015-12-16	0.006481999999999999	0.006843999999999999	0.010244	-0.006595	8.580079	413300.0
2015-12-15	0.019916999999999997	0.004446	0.025657	0.003113	25.849975	709200.0
2015-12-14	0.009764	0.002575	0.012884	-0.0072120000000000005	12.550049000000001	368200.0
2015-12-11	-0.016204	-0.012223000000000001	-0.005174	-0.018607	-21.170044	535100.0
2015-12-10	0.008888	0.0038689999999999996	0.00949	-0.006409000000000001	11.510010000000001	460900.0
2015-12-09	-0.006887000000000001	-0.001902	0.008428	-0.014478999999999999	-8.979981	384000.0
2015-12-08	0.00119	-0.011187	0.005765999999999999	-0.016316	1.549927	339000.0
2015-12-07	0.001492	-0.000131	0.007159	-0.00569	1.940064	409800.0
2015-12-04	0.015937	0.0029690000000000003	0.017804	0.0029690000000000003	20.400024	556300.0
2015-12-03	0.003638	0.00686	0.015665000000000002	-0.003348	4.640015	666400.0
2015-12-02	-0.0055049999999999995	0.0033060000000000003	0.011462	-0.008094	-7.060059	426000.0
2015-12-01	0.026945	0.007967	0.029387	0.005325	33.650024	682100.0
2015-11-30	0.0031	0.001141	0.01743	-0.000651	3.859986	539300.0
2015-11-27	-0.00061	0.002456	0.003861	-0.008131999999999999	-0.7600100000000001	278400.0
2015-11-25	0.004490999999999999	0.003886	0.012756	0.002193	5.569946	421000.0
2015-11-24	-0.019093000000000002	-0.015835	-0.014039	-0.041382	-24.139892	1390300.0
2015-11-23	-0.013429	0.002708	0.008763	-0.019922	-17.210082999999997	486100.0
2015-11-20	-0.0024289999999999997	0.007605	0.008834999999999999	-0.011404000000000001	-3.119995	626600.0
2015-11-19	0.00481	0.006515000000000001	0.016645	0.0028309999999999997	6.150024	555200.0
2015-11-18	0.015658000000000002	0.006601999999999999	0.022696	-0.005386	19.709961	804500.0
2015-11-17	-0.006378	0.0056359999999999995	0.010364	-0.013316	-8.079956	899300.0
2015-11-16	-0.023795	-0.015111000000000001	-0.013685	-0.05204400000000001	-30.880005	1708400.0
2015-11-13	-0.012374	-0.002291	0.004026	-0.014740999999999999	-16.26001	779900.0
2015-11-12	-0.01171	-0.006453	0.005024	-0.012478	-15.569946	561200.0
2015-11-11	0.004563	0.001519	0.008659	-0.006067	6.039917	597600.0
2015-11-10	0.00945	-0.006933	0.012729	-0.006933	12.390015	927800.0
2015-11-09	-0.095696	-0.06041799999999999	-0.043396	-0.10101399999999999	-138.75	2652400.0
2015-11-06	-0.008709999999999999	-0.007684999999999999	-0.0020510000000000003	-0.022316	-12.739991	1177200.0
2015-11-05	-0.0047090000000000005	0.0037020000000000004	0.004736	-0.012173999999999999	-6.920044	548500.0
2015-11-04	0.003181	0.000717	0.006205	-0.001468	4.660035	507400.0
2015-11-03	-0.0015609999999999999	-0.0038439999999999998	0.003987	-0.008179	-2.289917	414700.0
2015-11-02	0.008905	0.005357	0.010837000000000001	0.000227	12.949950999999999	498600.0
2015-10-30	0.020054	0.013572999999999998	0.028359	0.007295	28.589965999999997	994300.0
2015-10-29	0.015044	0.0039020000000000005	0.017016999999999997	-0.00131	21.130004	525700.0
2015-10-28	0.000884	0.006214	0.006214	-0.006634	1.239991	533200.0
2015-10-27	-0.009207	-0.002796	0.005881	-0.014086000000000001	-13.039916999999999	479000.0
2015-10-26	0.036466000000000005	0.006228	0.046374	0.005854	49.829956	863800.0
2015-10-23	0.008874	0.014419	0.014419	0.002089	12.020019	629600.0
2015-10-22	-0.007198	0.005321	0.012981	-0.009595000000000001	-9.820068	679600.0
2015-10-21	-0.005989	0.004503	0.015387999999999999	-0.008984	-8.219971000000001	481600.0
2015-10-20	-0.0026309999999999997	-0.003125	0.004629	-0.008756	-3.619995	471100.0
2015-10-19	0.029598000000000003	-0.0017809999999999998	0.032179	-0.005215	39.560059	700400.0
2015-10-16	0.006992	0.005364	0.011181	-0.000964	9.279907000000001	529000.0
2015-10-15	0.012364	0.0065060000000000005	0.016902	-0.00466	16.210082999999997	601900.0
2015-10-14	-0.025219	0.0036950000000000004	0.0037170000000000003	-0.027107999999999997	-33.920044	896100.0
2015-10-13	-0.001626	-0.005337	0.004275999999999999	-0.009909000000000001	-2.189941	502700.0
2015-10-12	0.025813	0.0035859999999999998	0.029856	0.0017510000000000002	33.899902000000004	600900.0
2015-10-09	0.006876999999999999	0.00128	0.009415	-0.005765	8.970092999999999	419300.0
2015-10-08	0.009864	-0.003469	0.015368999999999999	-0.008083	12.739989999999999	432400.0
2015-10-07	0.012647	0.007534999999999999	0.014685	-0.003481	16.130005	484900.0
2015-10-06	0.000463	-0.00302	0.008903	-0.008111	0.589966	401700.0
2015-10-05	0.007253	0.006652	0.017271	0.00463	9.179931	572800.0
2015-10-02	0.014915000000000001	-0.014153	0.015725	-0.019125	18.600098000000003	757000.0
2015-10-01	0.008263	-0.001075	0.011659000000000001	-0.013631	10.219971000000001	817500.0
2015-09-30	0.030442	0.014296000000000001	0.031892000000000004	0.009631	36.540039	794500.0
2015-09-29	0.000984	-0.000942	0.012576	-0.011783	1.1799309999999998	586800.0
2015-09-28	-0.042801	-0.008318	-0.00625	-0.048325	-53.619994999999996	1147800.0
2015-09-25	-0.022144999999999998	0.013550999999999999	0.013550999999999999	-0.022738	-28.369995	744900.0
2015-09-24	0.004028	-0.007241	0.006372	-0.015541	5.140015	596500.0
2015-09-23	-0.010055	-0.000535	0.0062450000000000006	-0.014694	-12.959961	394700.0
2015-09-22	-0.014172	-0.014119	-0.0072510000000000005	-0.022295	-18.530029000000003	515100.0
2015-09-21	0.01005	0.0046429999999999996	0.013303	0.000417	13.010009	581300.0
2015-09-18	-0.017853	-0.012343999999999999	-0.004181	-0.019196	-23.530029000000003	1213400.0
2015-09-17	-0.0018780000000000001	0.001113	0.013654	-0.005036	-2.47998	482000.0
2015-09-16	0.001274	0.0023510000000000002	0.006945999999999999	-0.00458	1.679931	478400.0
2015-09-15	0.024844	0.0046700000000000005	0.026802	-0.0046159999999999994	31.970093	721000.0
2015-09-14	-0.002774	0.001224	0.001558	-0.011066	-3.580078	411600.0
2015-09-11	0.002073	-0.005933	0.002252	-0.007005	2.670044	401600.0
2015-09-10	0.008631999999999999	0.00054	0.013433	-0.001347	11.020019	405900.0
2015-09-09	-0.002874	0.009840999999999999	0.018447	-0.004608	-3.680053	497800.0
2015-09-08	0.028227	0.018269	0.028813	0.017001	35.150024	659900.0
2015-09-04	0.003934	-0.013061000000000001	0.006474	-0.014688999999999999	4.880005000000001	607900.0
2015-09-03	-0.0020109999999999998	0.005045	0.013984	-0.005286	-2.5	544500.0
2015-09-02	0.022635	0.014053	0.022675999999999998	0.0005679999999999999	27.510009999999998	413100.0
2015-09-01	-0.026652999999999996	-0.025219	-0.002915	-0.033276	-33.28003	579300.0
2015-08-31	-0.008536	-0.003351	0.004439	-0.012641	-10.75	466700.0
2015-08-28	0.005895	-0.006214	0.009992000000000001	-0.009537	7.380005000000001	502800.0
2015-08-27	0.023334999999999998	0.009424	0.024937	0.008140999999999999	28.550048999999998	788000.0
2015-08-26	0.037877	0.027027	0.042619	0.000161	44.649902000000004	838400.0
2015-08-25	0.003995	0.023839	0.0433	0.0039770000000000005	4.690064	959600.0
2015-08-24	-0.035171	-0.04513	0.004602	-0.054161	-42.800049	1153600.0
2015-08-21	-0.032300999999999996	-0.009209	-0.0073950000000000005	-0.045287	-40.619995	1211800.0
2015-08-20	-0.026182	-0.002439	-0.001425	-0.027862	-33.809937	696200.0
2015-08-19	-0.00037200000000000004	-0.0058130000000000005	0.010195000000000001	-0.008383	-0.47998	471200.0
2015-08-18	-0.011274	-0.011848000000000001	0.001906	-0.014106	-14.730103	426200.0
2015-08-17	0.017728999999999998	-0.005219	0.01885	-0.005928	22.76001	518700.0
2015-08-14	-0.001299	-0.001704	0.00196	-0.007367	-1.6699220000000001	610000.0
2015-08-13	-0.007137	0.005391	0.009493000000000001	-0.007863	-9.239989999999999	411100.0
2015-08-12	-0.010062	-0.0070799999999999995	-0.0064069999999999995	-0.019383	-13.160034	770000.0
2015-08-11	-0.011996	-0.0059299999999999995	-0.000869	-0.018516	-15.880004999999999	513400.0
2015-08-10	0.0048579999999999995	0.007325	0.012639	0.000509	6.400024	548900.0
2015-08-07	-0.025485	-0.000925	-0.000629	-0.027512	-34.450072999999996	705900.0
2015-08-06	0.000437	0.000215	0.01563	-0.008222	0.5900880000000001	868800.0
2015-08-05	0.052351999999999996	0.076807	0.086457	0.032017000000000004	67.219971	2106200.0
2015-08-04	0.035075	0.001475	0.037131	4e-05	43.51001	1242400.0
2015-08-03	-0.0024850000000000002	0.005082	0.0051140000000000005	-0.014933000000000002	-3.089966	588400.0
2015-07-31	0.017601	0.018844999999999997	0.026856	0.016013999999999997	21.509887	797200.0
2015-07-30	0.002157	0.002107	0.00629	-0.009668000000000001	2.630005	523900.0
2015-07-29	0.009387000000000001	-0.004197	0.011356999999999999	-0.010877	11.340088	470700.0
2015-07-28	0.018557	0.008617	0.024071000000000002	0.001189	22.01001	452200.0
2015-07-27	-0.009470000000000001	-0.003023	0.0067480000000000005	-0.011917	-11.340088	562400.0
2015-07-24	-0.025664	-0.011343	-0.008292	-0.032108	-31.539917	988600.0
2015-07-23	-0.00406	6.500000000000001e-05	0.003639	-0.009457	-5.01001	428700.0
2015-07-22	-0.0009960000000000001	0.0034969999999999997	0.0055049999999999995	-0.0058130000000000005	-1.2299799999999999	360500.0
2015-07-21	-0.010185	0.0008730000000000001	0.0023	-0.014697	-12.710083000000001	563500.0
2015-07-20	0.026242	0.003643	0.040288	0.003339	31.910034000000003	886800.0
2015-07-17	0.027904	0.010135	0.031285	0.008462	33.01001	938300.0
2015-07-16	0.013233000000000002	0.009687000000000001	0.014766	0.005533	15.449951	275500.0
2015-07-15	-0.003321	-0.002074	0.005557	-0.0055320000000000005	-3.890015	324600.0
2015-07-14	3.4e-05	0.0009480000000000001	0.01027	-0.0019809999999999997	0.040039	323000.0
2015-07-13	0.024668	0.006954000000000001	0.026636	0.004829	28.200074	627500.0
2015-07-10	0.015203	0.013489	0.015923	0.006154	17.119995	533300.0
2015-07-09	0.008173999999999999	0.014773	0.021845	0.007215999999999999	9.130005	638000.0
2015-07-08	-0.024515000000000002	-0.009956	-0.002803	-0.025537	-28.070069	806000.0
2015-07-07	0.003136	0.0036710000000000002	0.004249	-0.019423	3.5799559999999997	563800.0
2015-07-06	-0.0014349999999999999	-0.007803	0.009028	-0.007935	-1.639892	464000.0
2015-07-02	-0.0063289999999999996	0.002182	0.003686	-0.007259000000000001	-7.28003	396700.0
2015-07-01	-0.000886	0.007495	0.020237	-0.003943	-1.020019	621100.0
2015-06-30	0.039396	0.011889	0.040109	0.010463	43.640015000000005	1082600.0
2015-06-29	-0.029074000000000003	-0.011307	-0.004295	-0.032825	-33.170044	707600.0
2015-06-26	-0.007214	0.002419	0.003315	-0.011704	-8.289916999999999	611700.0
2015-06-25	-0.004961	0.002667	0.005178	-0.005429	-5.730103	334700.0
2015-06-24	-0.000891	0.001575	0.00244	-0.0075	-1.029907	384200.0
2015-06-23	0.004833	0.003295	0.00798	-0.0037990000000000003	5.559936	428700.0
2015-06-22	-0.006966	0.002426	0.003125	-0.012629000000000001	-8.069946	686700.0
2015-06-19	-0.013203	-0.003007	-0.000417	-0.013586	-15.5	566800.0
2015-06-18	0.008929000000000001	0.004942	0.011362	0.000223	10.390015	596900.0
2015-06-17	-0.010738	0.0014880000000000002	0.005696	-0.011061	-12.630005	556100.0
2015-06-16	0.000715	-0.003539	0.004475	-0.006075	0.839966	407100.0
2015-06-15	0.001013	-0.006106	0.003773	-0.013243000000000001	1.189941	461400.0
2015-06-12	-0.006566	0.0012439999999999999	0.0012439999999999999	-0.009248000000000001	-7.76001	354200.0
2015-06-11	0.0016870000000000001	0.002932	0.0072120000000000005	-0.001703	1.990113	365500.0
2015-06-10	0.01433	0.005785	0.019375999999999997	0.0009199999999999999	16.669921	549800.0
2015-06-09	-0.00067	-0.002758	0.003393	-0.005936	-0.780029	478600.0
2015-06-08	-0.011976	0.0008150000000000001	0.003259	-0.013640000000000001	-14.109985	554500.0
2015-06-05	-0.006393	-0.002058	0.001552	-0.007978	-7.579956	421700.0
2015-06-04	-0.006677	-0.008226	0.0032170000000000002	-0.009089	-7.969971000000001	495600.0
2015-06-03	-0.0019309999999999998	0.000226	0.004222	-0.008369	-2.310059	689900.0
2015-06-02	0.025166	-0.0038740000000000003	0.029812	-0.004371	29.359986	1035100.0
2015-06-01	-0.0045899999999999995	0.0016719999999999999	0.0046240000000000005	-0.006792	-5.380005000000001	662200.0
2015-05-29	-0.015547	3.4e-05	0.001092	-0.020394	-18.51001	843100.0
2015-05-28	-0.00602	-0.000434	0.003047	-0.00885	-7.209961	394500.0
2015-05-27	0.001656	0.000368	0.006347	-0.001489	1.9799810000000002	555700.0
2015-05-26	-0.010525	-0.0014320000000000001	0.002838	-0.011907	-12.719971000000001	611100.0
2015-05-22	-0.003406	0.0008410000000000001	0.004635	-0.0044280000000000005	-4.130005000000001	410000.0
2015-05-21	0.0036829999999999996	-0.001796	0.008575	-0.00346	4.449951	323300.0
2015-05-20	-0.004515	-0.0028179999999999998	-9.1e-05	-0.008042	-5.47998	519500.0
2015-05-19	-0.002613	-0.002334	0.004117	-0.010535	-3.179932	538800.0
2015-05-18	0.015047999999999999	-0.002878	0.017084000000000002	-0.002878	18.039917000000003	596300.0
2015-05-15	0.007319	0.0025629999999999997	0.013159	-0.0008820000000000001	8.710083000000001	704200.0
2015-05-14	0.010478	0.009289	0.012439	-0.0005769999999999999	12.339966	506500.0
2015-05-13	-0.004833	-0.001825	0.0077989999999999995	-0.005053	-5.719971	562600.0
2015-05-12	-0.0024530000000000003	-0.006726	0.00075	-0.015922	-2.910034	687200.0
2015-05-11	-0.015256	-0.0038929999999999998	0.0038759999999999997	-0.018028	-18.380005	685900.0
2015-05-08	-0.007194	0.007961	0.009155	-0.008735	-8.72998	796800.0
2015-05-07	-0.040074	-0.031563	-0.028682999999999997	-0.064969	-50.660034	2162800.0
2015-05-06	0.000657	0.005723	0.013085	-0.004639	0.8300780000000001	1203400.0
2015-05-05	-0.003266	-0.004308	0.004576	-0.011637	-4.140015	732100.0
2015-05-04	0.005577	0.002745	0.016296	0.000452	7.029907000000001	570900.0
2015-05-01	0.018274000000000002	0.009161	0.018646	0.005000999999999999	22.619995	880200.0
2015-04-30	-0.00857	-0.000609	0.005414	-0.0136	-10.699950999999999	581200.0
2015-04-29	0.005144	-0.005732	0.010634999999999999	-0.0060539999999999995	6.390015	533000.0
2015-04-28	-0.008841	-0.002553	0.0005110000000000001	-0.011387000000000001	-11.079956	454900.0
2015-04-27	0.016309	0.001849	0.02364	0.0016059999999999998	20.109985	650600.0
2015-04-24	0.009819	0.006846	0.011382999999999999	0.005331	11.989989999999999	599300.0
2015-04-23	0.006761	-0.003215	0.008286	-0.004328	8.199952	463700.0
2015-04-22	0.015608000000000002	0.003843	0.021218	-0.001549	18.640014	433700.0
2015-04-21	0.002384	0.0037600000000000003	0.007697	0.000101	2.839966	360400.0
2015-04-20	0.003276	0.0029219999999999997	0.011974	-0.000446	3.890015	473800.0
2015-04-17	-0.015388999999999998	-0.009609999999999999	-0.004975	-0.015985	-18.559936999999998	598100.0
2015-04-16	0.00428	-0.000733	0.010292	-0.001565	5.140015	518500.0
2015-04-15	-0.003121	0.0010710000000000001	0.004607	-0.004647999999999999	-3.76001	402500.0
2015-04-14	0.0041340000000000005	-0.0024920000000000003	0.004334	-0.014394999999999998	4.959961	453700.0
2015-04-13	0.008617	-0.0005549999999999999	0.017158	-0.0012439999999999999	10.25	484400.0
2015-04-10	0.002951	0.001231	0.005396	-0.004215999999999999	3.5	361600.0
2015-04-09	-0.005242	0.001761	0.0056619999999999995	-0.009428	-6.25	434900.0
2015-04-08	0.006135	-0.001511	0.008456	-0.0036369999999999996	7.27002	341900.0
2015-04-07	-2.5e-05	0.004278	0.00843	-0.0009109999999999999	-0.03003	383000.0
2015-04-06	0.021172999999999997	-0.001387	0.029316000000000002	-0.005463	24.570069	688200.0
2015-04-02	0.009429	-0.000391	0.013222	-0.002966	10.839965	541100.0
2015-04-01	-0.012498	-0.000129	0.003307	-0.015161	-14.550048	622800.0
2015-03-31	0.012454	0.010367	0.023386	0.00928	14.320068	1011700.0
2015-03-30	0.012897	0.007188	0.018216999999999997	0.005999	14.640015	470100.0
2015-03-27	-0.004534000000000001	0.000772	0.00328	-0.008331	-5.170044	446500.0
2015-03-26	-0.010705	-0.007114	0.000659	-0.012952000000000002	-12.339966	524300.0
2015-03-25	-0.014551	0.00259	0.006232	-0.016319999999999998	-17.020020000000002	507100.0
2015-03-24	-0.009701999999999999	-0.004267	0.002574	-0.010837000000000001	-11.460083000000001	398100.0
2015-03-23	0.0017050000000000001	-0.0024760000000000003	0.009184000000000001	-0.003104	2.01001	460400.0
2015-03-20	0.0024230000000000002	0.011953	0.015447	0.0024230000000000002	2.850098	726200.0
2015-03-19	-0.004543999999999999	-0.004612	-0.0022760000000000002	-0.014124000000000001	-5.369994999999999	475600.0
2015-03-18	0.024376	-0.0004940000000000001	0.028069	-0.004863	28.119995	888800.0
2015-03-17	-0.004204	-0.005291	0.004299	-0.012361	-4.869994999999999	554600.0
2015-03-16	0.000579	0.004621	0.007869	-0.005847	0.669921	619800.0
2015-03-13	-0.024296	-0.000379	0.001239	-0.026799	-28.829956	813400.0
2015-03-12	0.007684999999999999	0.007965999999999999	0.014437	-0.0013160000000000001	9.049927	521800.0
2015-03-11	-0.011368000000000001	0.001217	0.003593	-0.014348	-13.539917	706100.0
2015-03-10	-0.02129	-0.012325	-0.01069	-0.024906	-25.910034	788800.0
2015-03-09	0.000831	-0.0006580000000000001	0.00403	-0.011505	1.01001	563800.0
2015-03-06	-0.012915000000000001	-0.008272	-0.002857	-0.015341999999999998	-15.910034	695500.0
2015-03-05	0.005083	-0.000302	0.013323	-0.0009220000000000001	6.22998	502100.0
2015-03-04	-0.013172	-0.006868000000000001	-0.002633	-0.014741999999999998	-16.359985	777700.0
2015-03-03	-0.005899000000000001	-0.003522	0.004194	-0.009124	-7.369994999999999	510900.0
2015-03-02	0.009633	0.000218	0.019814	-0.004404	11.920044	691500.0
2015-02-27	-0.003037	-0.00040300000000000004	0.004141	-0.004939	-3.7700199999999997	645400.0
2015-02-26	-0.007683	-0.001503	0.010505	-0.009505	-9.609985	935400.0
2015-02-25	0.025472	-0.000533	0.03285	-0.0015	31.069946	1615900.0
2015-02-24	0.010111	-0.002882	0.010583	-0.005365999999999999	12.210083000000001	603500.0
2015-02-23	-0.007112	-0.004736	0.00022200000000000003	-0.011018	-8.650024	869400.0
2015-02-20	-0.0014939999999999999	-0.0008619999999999999	0.009885	-0.0027010000000000003	-1.820069	1296800.0
2015-02-19	0.084649	0.085495	0.08895	0.064444	95.060059	2671500.0
2015-02-18	0.001784	-0.004059	0.008020000000000001	-0.008020000000000001	2.0	819800.0
2015-02-17	0.015969	0.01054	0.024968999999999998	0.009643	17.619995	900800.0
2015-02-13	0.010458	0.007509999999999999	0.015156000000000001	0.002418	11.420044	814400.0
2015-02-12	0.030083	0.016178	0.039809	0.014773	31.889892	1199100.0
2015-02-11	0.002307	0.006259000000000001	0.009748	-0.006212	2.440064	515700.0
2015-02-10	0.023684999999999998	0.007405	0.026763	0.006079	24.469970999999997	657600.0
2015-02-09	0.010495	-0.001731	0.016569	-0.008089	10.730041	492700.0
2015-02-06	-0.021233000000000002	-0.016312	-0.013956999999999999	-0.035889	-22.179993	1307400.0
2015-02-05	0.015871	0.005096	0.020578	0.002937	16.319947	660300.0
2015-02-04	-0.008935	-0.0014939999999999999	0.004154	-0.010804000000000001	-9.27002	557900.0
2015-02-03	0.024205	0.006573999999999999	0.026613	-0.000661	24.520020000000002	870600.0
2015-02-02	0.003517	0.002496	0.005468	-0.01583	3.550049	655300.0
2015-01-30	-0.005184	-0.002956	0.007352	-0.0062380000000000005	-5.26001	928400.0
2015-01-29	0.011453	0.004525	0.01222	-0.011084	11.489989999999999	760500.0
2015-01-28	-0.010465	0.010031	0.010406	-0.011757	-10.609985	571300.0
2015-01-27	-0.026875	-0.011643	-0.011412	-0.037126	-28.0	942000.0
2015-01-26	0.003728	-0.001802	0.0056170000000000005	-0.009412	3.869995	507500.0
2015-01-23	-0.011137000000000001	-0.001648	-0.001648	-0.015624	-11.690064	700400.0
2015-01-22	0.0039689999999999994	0.002841	0.007145	-0.009058	4.150025	913400.0
2015-01-21	0.020079	-0.000927	0.024000999999999998	-0.004829	20.580078	732400.0
2015-01-20	0.016594	0.008163	0.019629	-0.009145	16.729979999999998	700300.0
2015-01-16	0.009987000000000001	-0.001242	0.014085	-0.007573000000000001	9.969971000000001	1004800.0
2015-01-15	-0.036131	0.005204	0.006595	-0.038613	-37.420044	1451700.0
2015-01-14	-0.002072	-0.011245	0.001773	-0.015234000000000001	-2.149902	747300.0
2015-01-13	-0.002077	0.011991	0.026001	-0.011712	-2.160034	871100.0
2015-01-12	-0.011387999999999999	0.002595	0.002595	-0.029421	-11.979981	1078500.0
2015-01-09	-0.028526999999999997	0.0006	0.002069	-0.028822000000000004	-30.890015000000002	974400.0
2015-01-08	0.012416	-0.011798999999999999	0.012715	-0.02099	13.280029999999998	1045800.0
2015-01-07	-0.009621	0.01001	0.011212999999999999	-0.019806	-10.390015	955000.0
2015-01-06	-0.016053	0.005312	0.005831	-0.02285	-17.619995	1081500.0
2015-01-05	-0.038947	-0.0032310000000000004	-0.0032310000000000004	-0.044936000000000004	-44.480103	1051300.0
2015-01-02	0.001623	0.003324	0.008095	-0.00763	1.850098	509300.0
2014-12-31	-0.007348	0.0019850000000000002	0.004658	-0.007348	-8.440063	482500.0
2014-12-30	-0.009819	-0.003922	0.0009310000000000001	-0.013775	-11.390015	357800.0
2014-12-29	0.003304	-0.001366	0.011581000000000001	-0.004895	3.820068	472600.0
2014-12-26	0.005601	0.002305	0.009271	0.00028700000000000004	6.439941999999999	281200.0
2014-12-24	0.001891	0.00033999999999999997	0.004174000000000001	-0.003982	2.170044	166500.0
2014-12-23	-0.0015400000000000001	0.005446	0.007987000000000001	-0.007352	-1.7700200000000001	584500.0
2014-12-22	0.035991	0.0014060000000000001	0.038713	0.001145	39.930054	910200.0
2014-12-19	0.004409000000000001	0.005314	0.008591	-0.006781000000000001	4.869994999999999	1008400.0
2014-12-18	0.027191000000000003	0.012629000000000001	0.031292	0.011913	29.239990000000002	1230300.0
2014-12-17	0.028207	0.00436	0.030607	-0.002696	29.5	890100.0
2014-12-16	-0.030409	-0.010281	-0.00496	-0.030956	-32.800049	1110100.0
2014-12-15	-0.022962	0.002817	0.006957	-0.024584	-25.349975	888600.0
2014-12-12	-0.009226	-0.005062	0.004981	-0.009648	-10.28003	672000.0
2014-12-11	-0.001121	0.003469	0.010587000000000001	-0.0034159999999999998	-1.25	546500.0
2014-12-10	-0.017319	-0.0029690000000000003	0.0013210000000000001	-0.020332	-19.660034	671300.0
2014-12-09	-0.00044	-0.006763	0.00038700000000000003	-0.020163999999999998	-0.5	678000.0
2014-12-08	-0.00025499999999999996	-0.0036270000000000004	0.01155	-0.0036270000000000004	-0.289917	592200.0
2014-12-05	-0.003631	0.000886	0.002438	-0.008043000000000002	-4.140014	769600.0
2014-12-04	0.008795	-0.003389	0.014511000000000001	-0.0043	9.939941000000001	735300.0
2014-12-03	-0.008066	-0.000588	0.001439	-0.011287	-9.189941000000001	654100.0
2014-12-02	-0.012001000000000001	-0.007241	-0.004743	-0.019233	-13.839966	885600.0
2014-12-01	-0.006025	-0.0017670000000000001	0.004103	-0.017721	-6.98999	740400.0
2014-11-28	-0.005691	0.004045	0.004045	-0.007233	-6.640014999999999	287700.0
2014-11-26	-0.010465	-0.001883	0.0006190000000000001	-0.014713999999999998	-12.340088	626800.0
2014-11-25	0.016403	-0.000121	0.01911	-0.000974	19.030029000000003	655200.0
2014-11-24	0.0075379999999999996	0.005263	0.008719	-9e-06	8.680054	413400.0
2014-11-21	-0.002097	0.011292	0.011292	-0.003857	-2.420044	787800.0
2014-11-20	-0.002395	-0.006078	0.005481000000000001	-0.007245000000000001	-2.770019	449500.0
2014-11-19	-0.008723999999999999	-0.004054	0.0005059999999999999	-0.013094999999999999	-10.179932	542500.0
2014-11-18	0.00036	-0.001217	0.007364	-0.006696	0.419922	551800.0
2014-11-17	-0.005584	-0.002558	-0.0009720000000000001	-0.02058	-6.549926999999999	711900.0
2014-11-14	0.0042380000000000004	0.002252	0.006027	-0.0040149999999999995	4.949951	601300.0
2014-11-13	0.006038	0.003618	0.011197	-0.003919	7.01001	709100.0
2014-11-12	-0.005448	-0.0028870000000000002	0.009448999999999999	-0.011128	-6.359985	820200.0
2014-11-11	0.042267	0.00275	0.043446	0.002437	47.339965	1389700.0
2014-11-10	0.023214	-0.0015710000000000001	0.023835	-0.0016079999999999998	25.410035	882800.0
2014-11-07	-0.00286	-0.003097	0.002578	-0.008053	-3.140015	611300.0
2014-11-06	0.0022	0.001497	0.004519	-0.011448	2.410034	741200.0
2014-11-05	-0.00215	0.004828	0.016671000000000002	-0.010513	-2.359985	1165000.0
2014-11-04	-0.08412	-0.071255	-0.060315999999999995	-0.097729	-100.82006899999999	3357200.0
2014-11-03	-0.006375	0.004543	0.018894	-0.007634999999999999	-7.689941	1101800.0
2014-10-31	0.051998	0.025284	0.052538	0.022606	59.619994999999996	1472100.0
2014-10-30	0.002071	-0.0011359999999999999	0.008976000000000001	-0.010287000000000001	2.369995	542900.0
2014-10-29	-0.010721	-0.000138	0.002058	-0.011732	-12.400024	543800.0
2014-10-28	0.019712999999999998	0.000688	0.019934	-0.00048499999999999997	22.359985	501000.0
2014-10-27	-0.0036630000000000005	-0.00037799999999999997	0.004875	-0.0077209999999999996	-4.170044	377300.0
2014-10-24	0.006587000000000001	-0.00014199999999999998	0.008692	-0.006428	7.450074000000001	538700.0
2014-10-23	0.014832	0.009574	0.024209	0.005788000000000001	16.530029000000003	709000.0
2014-10-22	-0.016346	0.0016510000000000001	0.00323	-0.02053	-18.520020000000002	595500.0
2014-10-21	0.027106	0.003708	0.030624000000000002	0.003572	29.900025	737800.0
2014-10-20	0.023949	-0.000696	0.025221	-0.002358	25.799926	589700.0
2014-10-17	0.0038020000000000003	0.015822	0.019857	-0.00015800000000000002	4.0800790000000005	901500.0
2014-10-16	0.013638999999999998	-0.013299	0.014177	-0.015603	14.439941000000001	1059400.0
2014-10-15	0.007901	-0.018202	0.010034	-0.026769	8.300049000000001	1610700.0
2014-10-14	0.009369	0.009138	0.019506	0.0009710000000000001	9.75	1208600.0
2014-10-13	-0.021586	-0.00023500000000000002	0.008668	-0.043604000000000004	-22.960082999999997	1867500.0
2014-10-10	-0.034957999999999996	-0.006705	0.00117	-0.035947	-38.529907	1529100.0
2014-10-09	-0.021945	-0.005981	-0.0038159999999999995	-0.024766999999999997	-24.730103	1068500.0
2014-10-08	0.016021	0.0012259999999999999	0.016869	-0.009863	17.770020000000002	1046100.0
2014-10-07	-0.009528	-0.004769	0.009082	-0.01193	-10.669922	977400.0
2014-10-06	-0.018958000000000003	-0.00040300000000000004	-0.000105	-0.021946	-21.640015	964400.0
2014-10-03	0.0013599999999999999	0.004465	0.011089	7.900000000000001e-05	1.549927	616900.0
2014-10-02	0.001978	0.0020570000000000002	0.007885	-0.016358	2.25	797800.0
2014-10-01	-0.018057	-0.003703	-0.0033060000000000003	-0.023537	-20.919922	958800.0
2014-09-30	-0.002127	0.002971	0.006933	-0.007554000000000001	-2.470093	661500.0
2014-09-29	-0.011401	-0.010149	-0.008549	-0.0274	-13.389892000000001	861200.0
2014-09-26	0.008943000000000001	0.002268	0.009785	-0.002594	10.409912	689000.0
2014-09-25	-0.01522	-0.000499	0.00045700000000000005	-0.019196	-17.989991	752700.0
2014-09-24	0.013434999999999999	0.002907	0.015021000000000001	-0.007888	15.670044	564700.0
2014-09-23	0.00047999999999999996	-0.00205	0.010045	-0.0047090000000000005	0.559937	651700.0
2014-09-22	-0.01714	-0.004038	-0.004038	-0.026952999999999998	-20.329956	679200.0
2014-09-19	-0.009255	0.006515000000000001	0.006933	-0.009773	-11.079956	841000.0
2014-09-18	0.019934999999999998	0.004771	0.021034	0.001627	23.399901999999997	871800.0
2014-09-17	0.00075	0.001083	0.010094	-0.008611	0.8800049999999999	644500.0
2014-09-16	0.016756	-0.003207	0.022512	-0.00371	19.330078	810000.0
2014-09-15	-0.008892	-0.002388	-0.002096	-0.021195	-10.349975	829000.0
2014-09-12	-0.01097	-0.0011300000000000001	0.000884	-0.012831	-12.910035	791900.0
2014-09-11	-0.009918999999999999	-0.004222999999999999	-0.001556	-0.015556	-11.790039	619200.0
2014-09-10	0.009821	-7.6e-05	0.010458	-0.002948	11.560058999999999	685400.0
2014-09-09	-0.018167	-0.000225	0.000951	-0.020987000000000002	-21.780029000000003	870500.0
2014-09-08	0.003213	-0.003925	0.005464	-0.013632	3.8399650000000003	966500.0
2014-09-05	-0.021085	-0.008814	-0.007667	-0.031456	-25.73999	1705300.0
2014-09-04	-0.01105	0.006465	0.007696	-0.014906	-13.640014	967100.0
2014-09-03	-0.016336	0.0064150000000000006	0.0064150000000000006	-0.017723	-20.5	779300.0
2014-09-02	0.008511	0.002724	0.010809000000000001	-0.00020899999999999998	10.589965	681700.0
2014-08-29	-0.005117	0.003622	0.00411	-0.007268000000000001	-6.399902	532700.0
2014-08-28	-0.007979	-0.0041719999999999995	-0.000524	-0.009574	-10.060058999999999	480000.0
2014-08-27	-0.013111000000000001	-0.00021899999999999998	0.003382	-0.014034999999999999	-16.75	567800.0
2014-08-26	0.000399	0.002686	0.0075569999999999995	-0.005278	0.5100100000000001	409800.0
2014-08-25	-0.000384	0.007287999999999999	0.012891999999999999	-0.001292	-0.48999	570600.0
2014-08-22	0.009840999999999999	0.002719	0.010181	-0.003692	12.449950999999999	601100.0
2014-08-21	-0.006534000000000001	0.0	0.0015550000000000002	-0.007154000000000001	-8.319946	402500.0
2014-08-20	0.00125	0.00206	0.0033179999999999998	-0.0029879999999999998	1.589966	358900.0
2014-08-19	-0.0034479999999999997	0.003981	0.003981	-0.0062770000000000005	-4.400025	422300.0
2014-08-18	0.004771	0.0035039999999999997	0.01429	0.002677	6.060059	602400.0
2014-08-15	-0.011434	0.006856999999999999	0.006856999999999999	-0.014236000000000002	-14.690064000000001	1335800.0
2014-08-14	-0.0069099999999999995	0.004808	0.005952000000000001	-0.007490000000000001	-8.939941000000001	713800.0
2014-08-13	-0.000471	0.006227	0.006652	-0.007849	-0.609985	728200.0
2014-08-12	-0.011396	0.002238	0.00889	-0.016162	-14.920044	794200.0
2014-08-11	0.02163	0.000226	0.03772	-0.00547	27.71997	2051200.0
2014-08-08	-0.002762	0.0035020000000000003	0.003751	-0.010559	-3.549926	1029600.0
2014-08-07	0.0035450000000000004	0.017602	0.018008	-0.0009140000000000001	4.540039	675000.0
2014-08-06	-0.0005	-0.004847	0.012043	-0.009912	-0.640015	661900.0
2014-08-05	-0.014393000000000001	-0.003493	0.0052770000000000004	-0.023371	-18.710082999999997	953400.0
2014-08-04	0.043358	0.001324	0.049113	0.0005059999999999999	54.020019999999995	1367600.0
2014-08-01	0.002777	0.003662	0.010608	-0.00466	3.450073	805900.0
2014-07-31	-0.010749	-0.005915999999999999	-0.00078	-0.01551	-13.5	822000.0
2014-07-30	0.007492	0.005784	0.009545999999999999	0.0026550000000000002	9.339966	625700.0
2014-07-29	0.005907	0.005164	0.013354	0.0024690000000000003	7.319946000000001	701300.0
2014-07-28	0.009375	0.00017900000000000001	0.012299	-0.0032990000000000003	11.510010000000001	446400.0
2014-07-25	-0.007237	-0.0008730000000000001	0.002118	-0.010067	-8.949950999999999	662600.0
2014-07-24	-0.001574	-0.0035039999999999997	0.006967	-0.008404	-1.950074	621800.0
2014-07-23	0.006517	-0.001674	0.00954	-0.001674	8.02002	516700.0
2014-07-22	0.012121999999999999	0.0065049999999999995	0.013841	0.000724	14.739989999999999	571900.0
2014-07-21	0.002589	-0.0010140000000000001	0.004255	-0.008023	3.140015	535800.0
2014-07-18	0.009498000000000001	0.003979	0.009589	-0.001232	11.410034	795500.0
2014-07-17	-0.018208000000000002	-0.004192	0.004372	-0.021771000000000002	-22.280029000000003	932700.0
2014-07-16	-0.005971	0.0087	0.009959	-0.006499	-7.349976	577300.0
2014-07-15	0.002043	0.002206	0.00836	-0.007595	2.51001	622900.0
2014-07-14	0.011169	0.005416	0.017351	0.00048600000000000005	13.569946	590100.0
2014-07-11	-0.000995	0.005353	0.0061259999999999995	-0.003536	-1.209961	609900.0
2014-07-10	-0.01637	-0.019832	-0.007999	-0.022097	-20.23999	765500.0
2014-07-09	0.009092	0.005117	0.012128	-9e-05	11.140015	752500.0
2014-07-08	-0.021694	-0.0084	-0.003968	-0.035316	-27.170044	1112300.0
2014-07-07	0.007465	-0.00041799999999999997	0.017199000000000002	-0.003009	9.280028999999999	685700.0
2014-07-03	0.004266	0.006625	0.007755	0.00018600000000000002	5.280029	328500.0
2014-07-02	-0.007162999999999999	0.0034969999999999997	0.004684000000000001	-0.010764	-8.930054	617600.0
2014-07-01	0.036384	0.012218999999999999	0.038238	0.01143	43.77002	1005000.0
2014-06-30	-0.002049	-0.00021600000000000002	0.007914000000000001	-0.002464	-2.4699709999999997	578600.0
2014-06-27	-0.010043999999999999	-0.005494	0.00349	-0.010043999999999999	-12.22998	566800.0
2014-06-26	-0.00307	0.005575	0.007065000000000001	-0.00632	-3.75	555200.0
2014-06-25	0.013878999999999999	-0.002656	0.016477000000000002	-0.004756	16.719970999999997	592200.0
2014-06-24	-0.000722	0.001161	0.014093000000000001	-0.005474000000000001	-0.8699959999999999	764900.0
2014-06-23	0.00202	-0.002535	0.0043549999999999995	-0.006765	2.429932	421200.0
2014-06-20	-0.0030329999999999997	0.0019140000000000001	0.006762000000000001	-0.008966	-3.6599120000000003	902200.0
2014-06-19	-0.008259	0.0032380000000000004	0.0034020000000000005	-0.014266	-10.050049000000001	580300.0
2014-06-18	0.017025	0.0032090000000000005	0.018462	-0.0071790000000000005	20.369995	722000.0
2014-06-17	-0.004965	5.7999999999999994e-05	0.00894	-0.012872999999999999	-5.96997	687500.0
2014-06-16	0.011082	0.001749	0.017027	-0.005297	13.179931	751500.0
2014-06-13	-0.029935000000000003	-0.0008730000000000001	0.007316	-0.032104	-36.699951	1730000.0
2014-06-12	-0.018195	0.00047999999999999996	0.012877000000000001	-0.021398	-22.719970999999997	965800.0
2014-06-11	0.02113	-0.007262	0.022251	-0.008047	25.839966	747800.0
2014-06-10	-0.005724	7.3e-05	0.008919	-0.008911	-7.040039	588200.0
2014-06-09	-0.006591	0.0023989999999999997	0.009628	-0.007633	-8.159912	590700.0
2014-06-06	-0.007917	0.0051600000000000005	0.008173	-0.011106	-9.880005	631800.0
2014-06-05	0.0015970000000000001	0.005137	0.01122	-0.000273	1.9899900000000001	686500.0
2014-06-04	-0.01544	-0.003564	-0.002774	-0.016483	-19.540039	674700.0
2014-06-03	-0.010393000000000001	-0.005716	-0.004051	-0.017634	-13.290039000000002	625800.0
2014-06-02	0.000133	0.001854	0.005764	-0.014383000000000002	0.170044	519600.0
2014-05-30	-0.010140999999999999	0.00046399999999999995	0.00046399999999999995	-0.017558	-13.099975	906100.0
2014-05-29	0.017093999999999998	0.000567	0.017827000000000003	-0.003165	21.70996	810500.0
2014-05-28	0.008665	-0.002073	0.012620000000000001	-0.010372	10.910035	894800.0
2014-05-27	0.051783	0.007551	0.052391999999999994	0.007551	61.98999	1348700.0
2014-05-23	0.016179	0.000883	0.016485	-0.002419	19.059935999999997	527400.0
2014-05-22	0.0005269999999999999	-0.00037400000000000004	0.00727	-0.0046630000000000005	0.6201180000000001	560200.0
2014-05-21	0.023612	0.007233	0.023994	-0.0008349999999999999	27.159912	686300.0
2014-05-20	-0.007344	0.002261	0.006756999999999999	-0.013169	-8.510010000000001	636500.0
2014-05-19	0.019021	-0.00474	0.022152	-0.007237	21.630005	777900.0
2014-05-16	0.000801	1.8e-05	0.00242	-0.013105	0.910034	790700.0
2014-05-15	-0.008343000000000001	-0.002496	-0.0024519999999999998	-0.024149	-9.560058999999999	859200.0
2014-05-14	-0.012156	-0.001155	0.005699	-0.016165000000000002	-14.099975	638400.0
2014-05-13	-0.002931	0.00023199999999999997	0.007461	-0.005011	-3.4099120000000003	593800.0
2014-05-12	0.024130000000000002	0.007095999999999999	0.026393	0.00625	27.409912	777600.0
2014-05-09	0.02519	0.006868000000000001	0.027491	0.003177	27.910034000000003	1192700.0
2014-05-08	-0.020977000000000003	-0.031041000000000003	0.018768	-0.039302	-23.73999	2618500.0
2014-05-07	-0.031343	0.00398	0.0048270000000000006	-0.037617000000000005	-36.619995	1155100.0
2014-05-06	-0.019511	-0.001167	-5.9e-05	-0.021013999999999998	-23.25	600600.0
2014-05-05	0.009899	-0.008289	0.01145	-0.016874	11.679931	493600.0
2014-05-02	-0.000567	0.006759	0.013205000000000001	-0.008537999999999999	-0.669922	692400.0
2014-05-01	0.019737	0.0053289999999999995	0.031121	-0.001175	22.849976	929400.0
2014-04-30	0.00252	-0.008329999999999999	0.004416	-0.014781	2.910034	621700.0
2014-04-29	0.013266	0.006895999999999999	0.022181	-0.005721	15.119995000000001	788000.0
2014-04-28	-0.015138999999999998	0.000657	0.0015119999999999999	-0.04318	-17.520019	1538900.0
2014-04-25	-0.049128	-0.0041329999999999995	-0.0041329999999999995	-0.051789999999999996	-59.790039	1395900.0
2014-04-24	-0.002393	0.009877	0.012705	-0.013312000000000001	-2.919922	611300.0
2014-04-23	-0.008171	0.0014060000000000001	0.0038619999999999995	-0.013244	-10.050049000000001	581900.0
2014-04-22	0.007338	0.004693	0.013193999999999999	-0.000729	8.959961	669800.0
2014-04-21	0.010494	0.0035090000000000004	0.013059000000000001	-0.0033020000000000002	12.680054	572100.0
2014-04-17	-0.0032090000000000005	-0.005370000000000001	0.010204000000000001	-0.00763	-3.890015	1059700.0
2014-04-16	0.036333	0.006625	0.03723	0.0037869999999999996	42.5	1412500.0
2014-04-15	0.002176	0.004078	0.012997	-0.022173	2.540039	1028800.0
2014-04-14	0.009514	0.010431000000000001	0.027469	-0.003001	11.0	976500.0
2014-04-11	-0.017914	-0.014686000000000001	-0.000178	-0.025346	-21.090088	1610700.0
2014-04-10	-0.046435000000000004	-0.002357	0.000178	-0.049043	-57.329956	1558400.0
2014-04-09	0.039652999999999994	0.008269	0.040041	-0.0018440000000000002	47.089966	1487500.0
2014-04-08	0.015226	0.004642	0.023305000000000003	-0.00147	17.810059	1303100.0
2014-04-07	-0.007088	-0.008981	0.009999	-0.034020999999999996	-8.349976	1752800.0
2014-04-04	-0.047978	0.008526	0.010134	-0.048083	-59.369994999999996	2047200.0
2014-04-03	-0.023061	-0.0013109999999999999	-0.000663	-0.033671	-29.210083	1061200.0
2014-04-02	0.012218999999999999	0.0038520000000000004	0.020274	-0.001486	15.290039000000002	1018000.0
2014-04-01	0.049904000000000004	0.009497	0.050298	0.007736	59.479980000000005	1210600.0
2014-03-31	-0.000101	0.011283	0.018926	-0.001468	-0.119995	776700.0
2014-03-28	0.008255	0.005862	0.027388	0.00031299999999999996	9.760010000000001	1164800.0
2014-03-27	-0.005485	0.0	0.0026920000000000004	-0.027221	-6.52002	1630100.0
2014-03-26	-0.028544999999999997	0.004797	0.013319999999999999	-0.028707999999999997	-34.929930999999996	1065800.0
2014-03-25	-0.003445	0.0033799999999999998	0.013739	-0.020074	-4.230103	1418700.0
2014-03-24	-0.032242	0.004855	0.005635	-0.044876	-40.909912	1436700.0
2014-03-21	-0.018222	0.019034	0.019034	-0.019150999999999998	-23.550048999999998	1170000.0
2014-03-20	0.004009	-0.001212	0.009921	-0.011699	5.160035	636200.0
2014-03-19	-0.013186000000000002	0.002499	0.007873	-0.020590999999999998	-17.200074	708400.0
2014-03-18	0.012787999999999999	0.005606	0.013533000000000002	0.002127	16.470093	566700.0
2014-03-17	0.015797	0.004125	0.032226	-0.000734	20.029907	900600.0
2014-03-14	-0.024467	-0.003655	-0.002124	-0.025144	-31.799926	865000.0
2014-03-13	-0.024651	0.00406	0.0041719999999999995	-0.028479	-32.849976	967200.0
2014-03-12	0.0047350000000000005	-0.0025109999999999998	0.009559999999999999	-0.008143000000000001	6.279907	633900.0
2014-03-11	-0.012758	0.003164	0.003164	-0.014753	-17.139892	628100.0
2014-03-10	-0.010751	-0.000817	0.000589	-0.018586000000000002	-14.600098000000001	630400.0
2014-03-07	-0.004661	0.005973	0.006954999999999999	-0.007586	-6.359985	562500.0
2014-03-06	-0.0044	0.000233	0.006224	-0.006808	-6.03003	484500.0
2014-03-05	0.001542	-0.0017170000000000002	0.002127	-0.008638	2.1101080000000003	476900.0
2014-03-04	0.022477	0.008197	0.022985	0.006553	30.079956	670900.0
2014-03-03	-0.007859	-0.013271000000000002	-0.0050490000000000005	-0.020640000000000002	-10.599976	701400.0
2014-02-28	-0.006592	-0.000692	0.0068200000000000005	-0.013529	-8.950073	926400.0
2014-02-27	0.0006259999999999999	0.00014	0.0045320000000000004	-0.0051140000000000005	0.8500979999999999	629800.0
2014-02-26	0.002549	0.0037159999999999997	0.016194999999999998	-0.008489	3.449951	1097000.0
2014-02-25	0.030312000000000002	0.002451	0.033106000000000003	0.001127	39.819946	1215200.0
2014-02-24	-0.001505	0.001026	0.006347	-0.008756	-1.9799799999999999	825500.0
2014-02-21	0.025448	0.034981	0.039064999999999996	0.0	32.650024	2073200.0
2014-02-20	0.007254000000000001	0.008118	0.009609	-0.01549	9.239989999999999	1719100.0
2014-02-19	-0.021419	0.000277	0.005654	-0.023393999999999998	-27.880005	1065600.0
2014-02-18	0.016922	0.0028280000000000002	0.026438	-0.003102	21.660035	1111300.0
2014-02-14	0.003064	8e-06	0.006763	-0.005423	3.9100339999999996	906600.0
2014-02-13	0.023607	-0.004139	0.028845999999999997	-0.005952000000000001	29.429931	1222300.0
2014-02-12	0.026945999999999998	0.007422	0.029383999999999997	0.0	32.709961	1145800.0
2014-02-11	0.005059	-0.000679	0.006731	-0.005589	6.110108	544200.0
2014-02-10	0.010398000000000001	-0.0036810000000000002	0.013895	-0.006984999999999999	12.429931	584300.0
2014-02-07	0.050117	0.018474	0.051144999999999996	0.016858	57.050049	1393400.0
2014-02-06	0.012749	0.003922999999999999	0.019128	0.0017620000000000001	14.329956	452200.0
2014-02-05	-0.0018739999999999998	-0.0025570000000000002	0.006926000000000001	-0.019731	-2.109985	532300.0
2014-02-04	0.011343	0.003996	0.013775999999999998	-0.005649	12.630005	553000.0
2014-02-03	-0.027426	-0.000926	0.005415	-0.032876999999999997	-31.400025	736600.0
2014-01-31	-0.013026	-0.014275999999999999	0.000897	-0.017957	-15.109985	810700.0
2014-01-30	0.023117	0.010028	0.025551	0.007037999999999999	26.209961	791600.0
2014-01-29	-0.024722	-0.010778	-0.004155	-0.025427	-28.739990000000002	684900.0
2014-01-28	0.016873	0.009762	0.022218	0.006062	19.290039	632500.0
2014-01-27	-0.031094999999999998	0.0009660000000000001	0.005983	-0.03535	-36.690064	1203000.0
2014-01-24	-0.023932	-0.011465000000000001	-0.004715	-0.029962	-28.929931	867000.0
2014-01-23	-0.0036509999999999997	-0.005184	0.001385	-0.014127	-4.430054	531700.0
2014-01-22	0.0060869999999999995	0.0016920000000000001	0.006833	-0.001227	7.340088000000001	632200.0
2014-01-21	0.023691999999999998	0.002937	0.024566	-0.001307	27.909912	754700.0
2014-01-17	-0.00558	0.00047300000000000006	0.001865	-0.014536000000000002	-6.609985000000001	610100.0
2014-01-16	0.010052	-0.001995	0.014605000000000002	-0.001995	11.790039	786400.0
2014-01-15	0.011775	0.000768	0.013052000000000001	0.000768	13.650023999999998	576400.0
2014-01-14	0.017100999999999998	-0.00079	0.018584	-0.00587	19.48999	624000.0
2014-01-13	-0.007937999999999999	-0.005458	0.012743	-0.013231	-9.119995	612800.0
2014-01-10	-0.004204	0.002358	0.002358	-0.009751000000000001	-4.849975	489700.0
2014-01-09	-0.0032920000000000002	0.000389	0.004605	-0.011447	-3.810059	474800.0
2014-01-08	-0.004789	0.000791	0.004325	-0.00564	-5.569946	508700.0
2014-01-07	0.020658000000000003	0.006397	0.023132	0.002168	23.539917000000003	669400.0
2014-01-06	0.0060479999999999996	-0.00035299999999999996	0.010381999999999999	-0.017366	6.849975	656600.0
2014-01-03	-0.01114	0.001362	0.0063289999999999996	-0.012222	-12.759886999999999	622900.0
2014-01-02	-0.014591	-0.002091	-0.0009550000000000001	-0.01927	-16.960082999999997	653300.0
2013-12-31	0.008249	0.002637	0.008249	0.0009710000000000001	9.510009	444000.0
2013-12-30	-0.014884999999999999	0.001743	0.001743	-0.0165	-17.420044	645700.0
2013-12-27	-0.016422	0.0015630000000000002	0.001588	-0.017809000000000002	-19.539917000000003	516200.0
2013-12-26	0.008433	0.002797	0.008433	-0.0015429999999999999	9.949952	308100.0
2013-12-24	-0.0061909999999999995	-0.001407	0.0009689999999999999	-0.006275	-7.349976	254600.0
2013-12-23	-0.003107	0.002956	0.002956	-0.009161	-3.699951	512500.0
2013-12-20	-0.0005200000000000001	0.002669	0.004297	-0.002241	-0.619995	775800.0
2013-12-19	0.003013	-7.6e-05	0.005059	-0.003594	3.5799559999999997	602700.0
2013-12-18	0.023334999999999998	0.00045700000000000005	0.023878	-0.013696000000000002	27.089965999999997	878400.0
2013-12-17	-0.011369	-0.000136	0.0006389999999999999	-0.015363	-13.349976000000002	593200.0
2013-12-16	0.0025440000000000003	-0.000572	0.006309	-0.002792	2.97998	430700.0
2013-12-13	-0.003378	0.005778	0.005795000000000001	-0.005156	-3.9699699999999996	485300.0
2013-12-12	-0.002436	-0.003013	0.00455	-0.006018	-2.869995	404900.0
2013-12-11	-0.009092	0.003087	0.008058	-0.011623999999999999	-10.810058999999999	581900.0
2013-12-10	0.008688	-0.0005769999999999999	0.011521	-0.0025960000000000002	10.239989999999999	438700.0
2013-12-09	-0.001457	0.002254	0.005591	-0.004829	-1.71997	482400.0
2013-12-06	0.005118	0.012440000000000001	0.012440000000000001	-0.0013880000000000001	6.010008999999999	417000.0
2013-12-05	-0.006161	-0.0008289999999999999	-0.000618	-0.009927	-7.280028999999999	383700.0
2013-12-04	0.004412	-0.004156	0.007233	-0.008449	5.190064	462700.0
2013-12-03	-0.010114	-0.006176	-0.004712	-0.014622999999999999	-12.02002	483200.0
2013-12-02	-0.0032119999999999996	0.0031620000000000003	0.003573	-0.010953000000000001	-3.8299559999999997	435500.0
2013-11-29	0.00433	0.005905	0.009737	0.002493	5.140015	327500.0
2013-11-27	0.007818	0.003752	0.01315	0.000874	9.209961	437800.0
2013-11-26	0.016227000000000002	0.003261	0.020213	-0.0030800000000000003	18.809935999999997	575400.0
2013-11-25	0.000155	0.004521	0.005686	-0.0022429999999999998	0.180054	361000.0
2013-11-22	-0.00010400000000000001	0.000768	0.003572	-0.005418	-0.119995	369900.0
2013-11-21	0.010479	0.009197	0.014297	0.0034700000000000004	12.020019	493500.0
2013-11-20	0.025633999999999997	0.026716000000000004	0.040736	0.018803	28.669921999999996	975200.0
2013-11-19	-0.008431000000000001	-0.0025800000000000003	0.005178	-0.015896	-9.510010000000001	539600.0
2013-11-18	-0.01018	-2.6000000000000002e-05	0.0048	-0.016296	-11.599975	614900.0
2013-11-15	0.001838	0.005319	0.006436	-0.005574	2.090088	706500.0
2013-11-14	0.011777	0.007828	0.016954	0.004208	13.239989999999999	589300.0
2013-11-13	0.022474	-0.0019190000000000001	0.024011	-0.004011	24.709961	882000.0
2013-11-12	0.002727	0.005946	0.009257	-0.003602	2.98999	639200.0
2013-11-11	0.021711	-0.004425999999999999	0.033824	-0.005675	23.300048999999998	896800.0
2013-11-08	0.049184	0.032330000000000005	0.053036	0.018369999999999997	50.309936	1923900.0
2013-11-07	-0.033222	-0.001342	0.0043100000000000005	-0.035301	-35.150024	1328900.0
2013-11-06	-0.022352	-0.002957	0.00256	-0.028561000000000003	-24.189941	686800.0
2013-11-05	0.010891	0.0	0.013843000000000001	-0.009873	11.660034	517000.0
2013-11-04	0.017169	0.004342	0.017653	-0.00515	18.069945999999998	533800.0
2013-11-01	-0.0012619999999999999	0.002059	0.002885	-0.009366	-1.329956	534100.0
2013-10-31	-0.013775999999999998	0.012587000000000001	0.012587000000000001	-0.022975	-14.720092999999999	668000.0
2013-10-30	-0.000907	0.005058	0.007929	-0.010341	-0.9699709999999999	362500.0
2013-10-29	0.008838	0.00498	0.014006999999999999	-0.004764	9.369996	314500.0
2013-10-28	-0.009992000000000001	0.001503	0.003875	-0.012934000000000001	-10.699952	371500.0
2013-10-25	-0.008839	0.005378	0.007645	-0.012218000000000001	-9.550048	575500.0
2013-10-24	0.013537	0.007533	0.01577	2.8000000000000003e-05	14.430053	483300.0
2013-10-23	-0.008981	-0.001999	0.002259	-0.018222	-9.660034	484300.0
2013-10-22	-0.010542000000000001	0.0066879999999999995	0.01068	-0.027597000000000003	-11.459961	847800.0
2013-10-21	0.037052	0.004808	0.03959	0.002623	38.839966	700600.0
2013-10-18	0.015597999999999999	0.017294	0.023126	0.012469	16.099976	925700.0
2013-10-17	-0.0029460000000000003	-0.003564	0.006569	-0.008993000000000001	-3.049927	477100.0
2013-10-16	0.013402	0.007331999999999999	0.017122	0.0043170000000000005	13.689941000000001	398100.0
2013-10-15	0.0038130000000000004	-0.001454	0.014003	-0.00455	3.880005	474800.0
2013-10-14	0.006926000000000001	-0.004027	0.008767	-0.016702	7.0	431800.0
2013-10-11	-0.002527	0.0	0.014962999999999999	-0.00762	-2.559997	830800.0
2013-10-10	0.024428000000000002	0.017573	0.027764999999999998	0.013113999999999999	24.159973	758500.0
2013-10-09	-0.009117	0.0037070000000000002	0.0037070000000000002	-0.025778	-9.099976	1054300.0
2013-10-08	-0.041808	0.000106	0.002832	-0.05633200000000001	-43.550049	1369200.0
2013-10-07	-0.019291	-0.00064	-0.00064	-0.020853999999999998	-20.48999	437400.0
2013-10-04	0.012256	0.002554	0.014	-0.004422	12.859985	557400.0
2013-10-03	-0.016929	-0.0016489999999999999	0.007036	-0.02255	-18.069945999999998	726900.0
2013-10-02	0.028037	-0.0025329999999999997	0.03345	-0.003149	29.109984999999998	1154700.0
2013-10-01	0.027024	-0.002898	0.028052999999999998	-0.002898	27.320008	598600.0
2013-09-30	-0.003961	-0.005951	0.002483	-0.011695	-4.019959	467900.0
2013-09-27	0.003321	-0.003875	0.008244	-0.006435	3.359986	447300.0
2013-09-26	0.014328	0.0051340000000000005	0.016944999999999998	0.002166	14.289978	378800.0
2013-09-25	-0.008618	0.001402	0.002763	-0.009752	-8.669983	335900.0
2013-09-24	0.00926	0.000973	0.016925	-0.0075239999999999994	9.22998	531200.0
2013-09-23	-0.006231	-0.003001	0.005474000000000001	-0.016899	-6.25	445000.0
2013-09-20	0.002389	0.00018	0.0065260000000000006	-0.002538	2.390015	609800.0
2013-09-19	0.005557	0.002402	0.008261	-0.00609	5.529968	539700.0
2013-09-18	0.025612	-0.003071	0.031704	-0.003319	24.850037	671200.0
2013-09-17	0.002583	-0.001829	0.005869	-0.005828	2.5	279100.0
2013-09-16	0.0009519999999999999	0.013529	0.013622	-0.000962	0.919983	451300.0
2013-09-13	-0.003062	0.00197	0.00197	-0.00992	-2.9699709999999997	552700.0
2013-09-12	-0.011991	-0.002374	0.0005809999999999999	-0.013733	-11.77002	310900.0
2013-09-11	0.0041530000000000004	-8.2e-05	0.008459999999999999	-0.006813	4.059998	348700.0
2013-09-10	0.012261	0.0052710000000000005	0.014777	0.003003	11.840027000000001	407500.0
2013-09-09	0.0067870000000000005	0.00245	0.009686	6.3e-05	6.509949	391700.0
2013-09-06	0.00141	0.004824	0.007517	-0.011787	1.350036	592100.0
2013-09-05	0.0056170000000000005	-0.0016170000000000002	0.011035	-0.002026	5.349976	317800.0
2013-09-04	0.010203	0.002302	0.010384000000000001	-0.005961	9.619995	444000.0
2013-09-03	0.004582	0.011581999999999999	0.01611	0.002461	4.299988	441600.0
2013-08-30	-0.002254	0.0014349999999999999	0.005975	-0.005932	-2.119995	383100.0
2013-08-29	0.006462999999999999	-0.0017329999999999997	0.013138999999999998	-0.0017329999999999997	6.040039	331500.0
2013-08-28	-0.001058	0.000182	0.003773	-0.005109000000000001	-0.989991	306700.0
2013-08-27	-0.014681	-0.010416	-0.00555	-0.018356	-13.940002	484600.0
2013-08-26	-0.004915	-0.002012	0.007345999999999999	-0.0057740000000000005	-4.690002	342000.0
2013-08-23	0.002184	0.004569	0.004957	-0.001103	2.079956	378600.0
2013-08-22	0.012709999999999999	0.005414	0.015135	0.0035210000000000003	11.950012	369200.0
2013-08-21	0.007965999999999999	0.003988	0.019544	-0.000826	7.4299919999999995	537200.0
2013-08-20	-0.000386	0.000364	0.009666	-0.000547	-0.359985	342300.0
2013-08-19	-0.007382	-0.006456999999999999	0.007372	-0.008690999999999999	-6.940002000000001	467000.0
2013-08-16	0.001363	0.0015019999999999999	0.010876	-0.0018960000000000001	1.280029	820700.0
2013-08-15	-0.001287	-0.005074	0.003628	-0.011915	-1.210022	823200.0
2013-08-14	-0.014272	-0.003544	0.005621	-0.015341999999999998	-13.609985	835700.0
2013-08-13	-0.004603	0.002516	0.005584	-0.009426	-4.410035	670500.0
2013-08-12	-0.012237999999999999	-0.0036810000000000002	-0.00023700000000000001	-0.013393	-11.869995	714100.0
2013-08-09	0.038704	0.062415	0.06557400000000001	0.038232999999999996	36.140015000000005	2619700.0
2013-08-08	0.006652	0.009131	0.010154999999999999	-0.01256	6.169983	1329400.0
2013-08-07	-0.008339	-0.0038380000000000003	-0.002844	-0.024215	-7.799988000000001	869600.0
2013-08-06	0.0073230000000000005	0.007624	0.012298	-0.005622	6.799988000000001	934000.0
2013-08-05	0.02226	0.0072	0.024638	0.002092	20.220032	704500.0
2013-08-02	0.0044340000000000004	0.003196	0.010472	-0.00565	4.010008999999999	673800.0
2013-08-01	0.032751999999999996	0.0115	0.035242	0.008690999999999999	28.679993	1007800.0
2013-07-31	-0.012618	0.003732	0.003732	-0.013159	-11.190002	654300.0
2013-07-30	-0.001407	0.007443000000000001	0.011958	-0.008006000000000001	-1.25	491100.0
2013-07-29	-0.013299	0.000567	0.005122	-0.014899	-11.970032000000002	444800.0
2013-07-26	-0.013069999999999998	-0.028881999999999998	-0.005208	-0.030701999999999997	-11.919983	1020500.0
2013-07-25	0.020111	0.009698	0.028377	0.007370999999999999	17.979979999999998	957600.0
2013-07-24	-0.0019760000000000003	0.006229	0.010995999999999999	-0.004118999999999999	-1.7699580000000001	445600.0
2013-07-23	-0.005208	0.0030210000000000002	0.0071849999999999995	-0.01075	-4.690002	367600.0
2013-07-22	0.004675	0.005367	0.013065	0.0022649999999999997	4.190002	469000.0
2013-07-19	-0.003679	0.001023	0.001023	-0.011783	-3.309998	718500.0
2013-07-18	-0.007809	-0.003618	-0.002956	-0.015077000000000002	-7.080017	502100.0
2013-07-17	0.0051329999999999995	0.003015	0.011917	-0.00225	4.630005000000001	538900.0
2013-07-16	-0.010541	0.003664	0.0048920000000000005	-0.021411000000000003	-9.609985	675700.0
2013-07-15	-0.009484999999999999	0.002292	0.006529999999999999	-0.010528000000000001	-8.730042	581200.0
2013-07-12	0.011029	-0.001801	0.011611	-0.003153	10.040039	663400.0
2013-07-11	0.020206000000000002	0.009559	0.023019	0.003676	18.029969	816700.0
2013-07-10	-0.0052840000000000005	-0.002932	-6.7e-05	-0.011783	-4.739991000000001	522100.0
2013-07-09	0.009487	0.00323	0.013244999999999998	-0.009599	8.429993	908400.0
2013-07-08	0.039139	0.022803	0.040039	0.019926	33.470032	1161700.0
2013-07-05	0.011545	0.006021	0.01268	-0.0063880000000000004	9.759949	462300.0
2013-07-03	0.0051600000000000005	-0.005446	0.007455	-0.0058969999999999995	4.340026	193800.0
2013-07-02	0.000393	0.0028309999999999997	0.016498	-0.003009	0.330018	453200.0
2013-07-01	0.017008000000000002	0.006448000000000001	0.022161	0.005371	14.059997000000001	529200.0
2013-06-28	0.005204	-0.003235	0.009253	-0.003235	4.279968	509400.0
2013-06-27	0.003453	0.007248	0.010371	0.00041500000000000006	2.830017	533400.0
2013-06-26	0.01234	0.0076950000000000005	0.017651	0.006028	9.989991	583600.0
2013-06-25	0.005665	0.01077	0.015577	2.5e-05	4.559997	476300.0
2013-06-24	-0.009889	-0.009593	-0.001291	-0.026936	-8.039978	869100.0
2013-06-21	-0.003237	0.0061909999999999995	0.010015999999999999	-0.012836000000000002	-2.640014	1026100.0
2013-06-20	-0.015521	-0.0073019999999999995	0.002209	-0.019431999999999998	-12.859986	873300.0
2013-06-19	-0.007511	-0.000982	0.00581	-0.008744	-6.2700190000000005	591300.0
2013-06-18	0.011241	0.004288	0.01685	0.001187	9.280028999999999	634300.0
2013-06-17	0.012001000000000001	0.007662	0.018805000000000002	0.0034939999999999997	9.789978	822500.0
2013-06-14	0.001141	-0.002725	0.0032770000000000004	-0.005339	0.9299930000000001	572400.0
2013-06-13	0.008565000000000001	-0.003057	0.009890000000000001	-0.005459	6.919983	460500.0
2013-06-12	-0.006786	0.009909000000000001	0.010032	-0.013216	-5.519959	580700.0
2013-06-11	-0.01218	-0.009873	-0.0021620000000000003	-0.017147	-10.030028999999999	551200.0
2013-06-10	0.008574	0.0033810000000000003	0.010472	-0.001703	7.0	524700.0
2013-06-07	0.013091	0.005311	0.016553000000000002	-0.00098	10.549988	693100.0
2013-06-06	0.013074	-0.000817	0.013237	-0.010685	10.400024	582700.0
2013-06-05	-0.003994	-0.000927	0.012909	-0.00462	-3.1900020000000002	539000.0
2013-06-04	-0.004896	-0.002317	0.010440999999999999	-0.010678	-3.929993	533300.0
2013-06-03	-0.001629	0.001518	0.0024010000000000004	-0.019492	-1.309998	626800.0
2013-05-31	-0.00447	-0.0021920000000000004	0.015405	-0.005783	-3.609985	826200.0
2013-05-30	0.019274	0.0034460000000000003	0.030456999999999998	0.0	15.269957999999999	1258800.0
2013-05-29	-0.014994	-0.010206999999999999	-0.003295	-0.0185	-12.059997000000001	548600.0
2013-05-28	0.004007	0.013331	0.023555	0.00023700000000000001	3.210022	653300.0
2013-05-24	-0.0030859999999999998	-0.007404000000000001	0.000722	-0.010017	-2.479981	437900.0
2013-05-23	0.00698	-0.011315	0.009549	-0.01718	5.569947	906700.0
2013-05-22	-0.033815	-0.027252999999999996	-0.006344	-0.037107999999999995	-27.929993	1857200.0
2013-05-21	-0.019632	0.000475	0.005733	-0.0207	-16.539978	1115800.0
2013-05-20	0.035445	0.014797	0.035752	0.012941999999999999	28.840027000000003	1331200.0
2013-05-17	0.016973	0.006187	0.018123	0.002625	13.579956	784100.0
2013-05-16	-0.007037000000000001	0.00031	0.007111	-0.010239	-5.669983	898400.0
2013-05-15	0.018466999999999997	-0.0013779999999999999	0.021956	-0.001504	14.609985	927600.0
2013-05-14	0.017622	-0.001801	0.021301	-0.001801	13.700013	1015500.0
2013-05-13	0.015717	-0.005762	0.018082	-0.009198	12.030028999999999	786200.0
2013-05-10	0.037844	0.006102000000000001	0.04362	0.006102000000000001	27.909972999999997	2110500.0
2013-05-09	0.0030329999999999997	-0.000367	0.013206	-0.008908	2.22998	1053800.0
2013-05-08	0.014096000000000001	0.001614	0.015102	0.001462	10.220032000000002	461800.0
2013-05-07	-0.002284	0.005848	0.00589	-0.012123	-1.660034	314700.0
2013-05-06	0.002677	-0.0017519999999999999	0.008527	-0.002856	1.940002	405900.0
2013-05-03	0.023759	0.013391	0.029084	0.012570999999999999	16.820007999999998	662900.0
2013-05-02	0.020013	-0.00044699999999999997	0.026712	-0.00044699999999999997	13.890014	617900.0
2013-05-01	-0.002773	0.000819	0.005762	-0.007026	-1.929992	454300.0
2013-04-30	-0.004918	-0.001258	0.004718	-0.008493	-3.440003	484200.0
2013-04-29	-0.00251	0.004706	0.011209	-0.00589	-1.760009	572900.0
2013-04-26	-0.014102000000000002	-0.007437999999999999	-0.000717	-0.024324000000000002	-10.029969	740000.0
2013-04-25	0.014869	0.005993	0.028111	0.003853	10.419983	561000.0
2013-04-24	-0.002207	0.000897	0.003104	-0.012287000000000001	-1.549988	280900.0
2013-04-23	0.016617	0.002721	0.023941	0.002301	11.479981	468000.0
2013-04-22	0.010679000000000001	0.002107	0.011733	-0.008558	7.299988000000001	520200.0
2013-04-19	-0.009333	-0.004464	0.011434999999999999	-0.011159	-6.440003	831800.0
2013-04-18	-0.026510000000000002	-0.002441	-0.002032	-0.035638	-18.789978	800400.0
2013-04-17	-0.016512	-0.007923000000000001	-0.006494	-0.025391999999999998	-11.900024	606500.0
2013-04-16	0.013101	0.011583	0.01677	0.0029519999999999998	9.320007	493600.0
2013-04-15	-0.042699	-0.012999	-0.010066	-0.043304	-31.729979999999998	814400.0
2013-04-12	0.012425	-0.001662	0.015327	-0.015722	9.119995	972700.0
2013-04-11	0.020934	0.00274	0.022742	-0.000306	15.049988	725000.0
2013-04-10	0.032767000000000004	0.004195	0.033873	0.0015949999999999998	22.809997	652100.0
2013-04-09	-0.0005740000000000001	-0.0007610000000000001	0.006000999999999999	-0.008442	-0.400024	321300.0
2013-04-08	0.004644	-0.002236	0.0050479999999999995	-0.007515000000000001	3.220031	292900.0
2013-04-05	-0.011464	-0.011592	-0.005118999999999999	-0.019862	-8.039978	481200.0
2013-04-04	0.003764	-0.00103	0.00488	-0.013911000000000001	2.630005	469900.0
2013-04-03	-0.010185	0.000468	0.001927	-0.012466	-7.190002000000001	505800.0
2013-04-02	0.014588	0.008236	0.014718	0.003967	10.149963	512300.0
2013-04-01	0.011044	0.0013369999999999999	0.014183000000000001	-0.001962	7.6000369999999995	578700.0
2013-03-28	-0.009642	-0.0008060000000000001	-8.6e-05	-0.012736	-6.700011999999999	539700.0
2013-03-27	0.000389	-0.010064	0.001353	-0.017406	0.269958	407200.0
2013-03-26	-0.001509	0.00322	0.006268	-0.00345	-1.049988	278800.0
2013-03-25	-0.0032530000000000002	0.003023	0.00801	-0.006605	-2.2699580000000004	370500.0
2013-03-22	0.020350999999999998	0.007851	0.020366	0.002939	13.919982999999998	557500.0
2013-03-21	-0.005221	0.001251	0.017322	-0.005919	-3.5900269999999996	537100.0
2013-03-20	0.005014	0.008083	0.010334000000000001	0.002017	3.429993	379200.0
2013-03-19	-0.018168	0.001033	0.008438	-0.02454	-12.659974	940600.0
2013-03-18	-0.023392	-0.009909000000000001	-0.008241	-0.026069	-16.690002	597400.0
2013-03-15	0.000491	-0.002159	0.004613	-0.002931	0.349976	697900.0
2013-03-14	-0.003326	-0.000182	0.003172	-0.009322	-2.380005	383400.0
2013-03-13	-0.009016	0.00133	0.002341	-0.010401	-6.509949	376200.0
2013-03-12	-0.0041789999999999996	-0.002855	0.003186	-0.014495	-3.0300290000000003	523600.0
2013-03-11	0.005757	0.000125	0.006936	-0.001567	4.150024	459700.0
2013-03-08	0.002628	0.004214	0.0073290000000000004	-0.004186	1.8899540000000001	470800.0
2013-03-07	0.000181	0.004521	0.006731999999999999	-0.003297	0.13000499999999998	462700.0
2013-03-06	0.000682	0.003703	0.014322999999999999	-0.0019210000000000002	0.490051	492100.0
2013-03-05	0.006162	0.002787	0.012661	0.001807	4.399963	708000.0
2013-03-04	0.026437000000000002	-0.001538	0.027443000000000002	-0.004528	18.390015	890600.0
2013-03-01	0.009447	-8.7e-05	0.014018000000000001	-0.00788	6.51001	1009200.0
2013-02-28	-0.009771	0.00056	0.002601	-0.021871	-6.799988000000001	1088200.0
2013-02-27	0.025675	0.045041000000000005	0.050126	0.019912	17.419983	2010300.0
2013-02-26	0.010348999999999999	0.000164	0.013341999999999998	-0.009664	6.950011999999999	1314600.0
2013-02-25	-0.019219999999999998	0.003271	0.011815	-0.019219999999999998	-13.160034	713300.0
2013-02-22	0.0020050000000000003	0.007566	0.009615	-0.003527	1.369995	543100.0
2013-02-21	-0.007076000000000001	0.000436	0.0034289999999999998	-0.019021	-4.869994999999999	1109600.0
2013-02-20	-0.021707	0.0024739999999999996	0.005828	-0.022503	-15.269959	573400.0
2013-02-19	0.0017230000000000001	0.001282	0.007561	-0.002478	1.209961	476700.0
2013-02-15	-0.004762	-0.002012	0.0008640000000000001	-0.01009	-3.359985	669800.0
2013-02-14	0.002059	-0.005993	0.005425	-0.009245	1.450012	345700.0
2013-02-13	0.001123	-0.00054	0.006568000000000001	-0.006369	0.789978	334000.0
2013-02-12	0.010444	0.000991	0.013877	-0.0010630000000000001	7.27002	487100.0
2013-02-11	-0.006735	-0.001641	-0.001184	-0.012371	-4.720032	301600.0
2013-02-08	0.014681	0.004141	0.016433	0.001129	10.140015	468400.0
2013-02-07	-0.004913	0.0	0.004841	-0.020818	-3.4099739999999996	444400.0
2013-02-06	0.003658	0.003181	0.018219	-0.00227	2.529969	652200.0
2013-02-05	0.018078	0.006772	0.027219999999999998	0.005490999999999999	12.280028999999999	548600.0
2013-02-04	-0.009146	-0.005397	0.000656	-0.009963	-6.27002	507200.0
2013-02-01	0.000131	0.01116	0.018323	-0.001152	0.090027	915100.0
2013-01-31	-0.01384	-0.027522	-0.01115	-0.030744	-9.620056	1053800.0
2013-01-30	-0.007425	0.002299	0.00734	-0.008981999999999999	-5.199951	429000.0
2013-01-29	-0.006653	-0.002582	0.007944	-0.015546	-4.690002	528800.0
2013-01-28	-0.019254	-0.000236	0.004368	-0.025625	-13.840027	925600.0
2013-01-25	0.057788	0.0036049999999999997	0.058598000000000004	0.002207	39.270019	1573100.0
2013-01-24	0.010844	-0.000625	0.014072	-0.002068	7.289978	630600.0
2013-01-23	0.001475	0.005422	0.007031	-0.0047079999999999995	0.9899899999999999	365300.0
2013-01-22	-0.0021550000000000002	-0.001813	0.009156999999999998	-0.006258	-1.449951	552300.0
2013-01-18	0.004225	0.00011899999999999999	0.010733	-0.002	2.829956	598600.0
2013-01-17	0.00307	0.004327	0.011170000000000001	-0.009733	2.049988	547300.0
2013-01-16	0.006769	-0.003392	0.011531999999999999	-0.0076879999999999995	4.490051	396500.0
2013-01-15	0.0006490000000000001	-0.006848000000000001	0.0043289999999999995	-0.01415	0.429993	397900.0
2013-01-14	0.011335	0.003478	0.018887	0.0026850000000000003	7.429993	523700.0
2013-01-11	0.002861	-0.00021400000000000002	0.005753	-0.0050030000000000005	1.869995	368200.0
2013-01-10	0.0031149999999999997	0.005602	0.009577	-0.00927	2.029968	385600.0
2013-01-09	-0.008868000000000001	-0.002282	0.001232	-0.011013	-5.829956	306900.0
2013-01-08	6.1e-05	0.000517	0.008519	-0.004685	0.039978	455600.0
2013-01-07	0.013834	-0.0006320000000000001	0.017859	-0.006231	8.970032000000002	557200.0
2013-01-04	-0.000493	-0.00074	0.001757	-0.010374	-0.32000700000000004	404500.0
2013-01-03	0.016181	0.022227	0.032268	0.011701000000000001	10.329956	925600.0
2013-01-02	0.02903	0.028111	0.03472	0.011734999999999999	18.010009	681000.0
2012-12-31	0.018904	-0.002841	0.023190000000000002	-0.012121	11.510010000000001	584600.0
2012-12-28	-0.0018850000000000002	-0.0056229999999999995	0.006901000000000001	-0.009720999999999999	-1.150024	362900.0
2012-12-27	0.012716	0.0034200000000000003	0.016551	-0.008666	7.660034	410900.0
2012-12-26	-0.024249	-0.0035310000000000003	0.000194	-0.027457	-14.970032000000002	489100.0
2012-12-24	-0.0024879999999999998	-0.007304000000000001	0.00021	-0.010713	-1.539978	178000.0
2012-12-21	-0.018943	-0.012999	-0.008227	-0.029658999999999998	-11.950012	936900.0
2012-12-20	0.0057399999999999994	0.00279	0.010554000000000001	-0.006967	3.6000370000000004	309200.0
2012-12-19	-0.008708	0.0	0.009325	-0.010652	-5.51001	597100.0
2012-12-18	0.025727	0.00556	0.028936	0.002675	15.869995000000001	664900.0
2012-12-17	0.0054280000000000005	-0.000831	0.007106	-0.011556	3.330017	538800.0
2012-12-14	0.00075	-0.004502	0.007911	-0.005954	0.45996099999999995	393400.0
2012-12-13	-0.018647999999999998	0.0012490000000000001	0.0057469999999999995	-0.0275	-11.649963	749400.0
2012-12-12	0.0024230000000000002	0.005263	0.014056	0.000321	1.510009	690100.0
2012-12-11	-0.004377000000000001	0.008068	0.013483000000000002	-0.00778	-2.740051	845800.0
2012-12-10	-0.050281	-0.020041999999999997	-0.013822	-0.05462	-33.139953999999996	1221800.0
2012-12-07	-0.007589	0.004306	0.013265	-0.011278	-5.040039	542600.0
2012-12-06	-0.000135	-0.000346	0.009229000000000001	-0.009364	-0.089965	447400.0
2012-12-05	0.000633	0.000859	0.0057090000000000005	-0.014582	0.41998199999999997	449800.0
2012-12-04	-0.005975	-0.0034439999999999996	0.0017670000000000001	-0.012414	-3.98999	470200.0
2012-12-03	0.006951000000000001	0.010269	0.024186000000000003	0.004056000000000001	4.609986	879000.0
2012-11-30	-0.0038299999999999996	-0.0037549999999999997	0.0008410000000000001	-0.013638999999999998	-2.549988	645600.0
2012-11-29	0.011686	0.004863	0.021868000000000002	0.002963	7.690002000000001	1087600.0
2012-11-28	0.033451	-0.0013039999999999998	0.036341000000000005	-0.006235	21.299988	817200.0
2012-11-27	-0.005063000000000001	-0.001766	0.007703	-0.009594	-3.23999	444600.0
2012-11-26	-0.002991	-0.00162	0.002477	-0.008334000000000001	-1.9199830000000002	287400.0
2012-11-23	0.003643	0.003831	0.005488	-0.004378	2.329956	196700.0
2012-11-21	0.006293	0.001023	0.012445	-0.001149	4.0	364900.0
2012-11-20	0.016115	0.003229	0.021583	-0.001295	10.080017	576900.0
2012-11-19	0.017437	0.015875999999999998	0.02313	0.009776	10.719971000000001	510000.0
2012-11-16	-0.004437	-0.0009390000000000001	0.009992000000000001	-0.010073	-2.739991	883300.0
2012-11-15	0.0018170000000000003	-0.002288	0.009895999999999999	-0.007868	1.119996	649200.0
2012-11-14	-0.022068	0.005902	0.007774	-0.023068	-13.909973999999998	730400.0
2012-11-13	-0.004926	-0.006425	0.01184	-0.007941	-3.119995	555300.0
2012-11-12	0.012079000000000001	0.005161	0.015786	0.00020800000000000001	7.559997999999999	578700.0
2012-11-09	-0.0031850000000000003	-0.014922999999999999	0.007518	-0.018841999999999998	-2.0	1250800.0
2012-11-08	-0.010621	-0.003561	0.009518	-0.011818	-6.73999	676400.0
2012-11-07	-0.015956	-0.008684	-0.0029460000000000003	-0.026004000000000003	-10.290039	785000.0
2012-11-06	0.015927	0.001906	0.01747	-0.0012439999999999999	10.110046	756500.0
2012-11-05	7.900000000000001e-05	9.499999999999999e-05	0.0019379999999999998	-0.011658	0.049988	807600.0
2012-11-02	0.082989	0.109128	0.121993	0.081795	48.640014	2513000.0
2012-11-01	0.021488999999999998	0.0019690000000000003	0.022779	-0.008976000000000001	12.329956	1275400.0
2012-10-31	-0.009819	-0.000362	-0.00022400000000000002	-0.017965000000000002	-5.690002	774900.0
2012-10-26	0.038701	0.043254	0.056589999999999994	0.026404	21.590027	1953800.0
2012-10-25	-0.01029	0.008782	0.012490000000000001	-0.012809000000000001	-5.799988	1015600.0
2012-10-24	-0.009437000000000001	0.007486	0.009542	-0.015183000000000002	-5.369994999999999	670200.0
2012-10-23	0.003244	-0.021509	0.013752	-0.023325	1.839966	780000.0
2012-10-22	0.011954000000000001	-0.0024980000000000002	0.025067	-0.004567	6.700011999999999	851000.0
2012-10-19	-0.03757	-0.006490999999999999	-0.0064730000000000005	-0.046207	-21.880005	2024200.0
2012-10-18	-0.026511	-1.7e-05	0.001438	-0.046068	-15.859985	1455600.0
2012-10-17	0.000786	-0.000151	0.014855000000000002	-0.006943	0.46997	701100.0
2012-10-16	-0.005407	0.006689	0.013078	-0.008752	-3.25	722200.0
2012-10-15	0.013268	0.001433	0.014583	-0.013319	7.869996	624900.0
2012-10-12	-0.008343000000000001	-0.014027000000000001	-0.0034939999999999997	-0.015447999999999998	-4.989991000000001	801300.0
2012-10-11	-0.007088	0.012782	0.013744999999999999	-0.019505	-4.269958	1249300.0
2012-10-10	-0.025053	0.002298	0.002298	-0.029423	-15.480042000000001	1320800.0
2012-10-09	-0.020714	-0.001902	0.004913	-0.021872	-13.070007	688000.0
2012-10-08	-0.001472	-0.006868000000000001	0.0016460000000000001	-0.015413999999999999	-0.9299930000000001	486800.0
2012-10-05	-0.00496	0.0054009999999999996	0.013919999999999998	-0.010787	-3.149963	939100.0
2012-10-04	0.01962	0.003436	0.023699	0.000482	12.219971000000001	746000.0
2012-10-03	0.010612	0.0036829999999999996	0.014636000000000001	-0.003408	6.539978	607400.0
2012-10-02	-0.013731	0.0048649999999999995	0.006097	-0.021477	-8.579956	898100.0
2012-10-01	0.009353	0.002698	0.011372	-0.000662	5.789978	792300.0
2012-09-28	-0.01816	-0.003997	-0.001935	-0.020507	-11.450013	914300.0
2012-09-27	0.013550999999999999	0.005803	0.019	0.00053	8.429993	686300.0
2012-09-26	-0.015290999999999999	-0.000997	0.0073290000000000004	-0.022841	-9.659972999999999	953300.0
2012-09-25	0.0009029999999999999	0.000919	0.028232999999999998	0.0005070000000000001	0.5700069999999999	947700.0
2012-09-24	-0.007812999999999999	-0.006822	-0.003914	-0.012576	-4.970031	465500.0
2012-09-21	0.0037549999999999997	0.010098000000000001	0.014563999999999999	0.001325	2.380004	1096700.0
2012-09-20	-0.008231	-0.005227000000000001	-0.004914	-0.014787999999999999	-5.260008999999999	557300.0
2012-09-19	-0.002653	0.000437	0.005369	-0.006523999999999999	-1.6999509999999998	529400.0
2012-09-18	-0.004072	-0.0046630000000000005	0.009248000000000001	-0.008237999999999999	-2.619996	724500.0
2012-09-17	0.009208	-0.0009880000000000002	0.013491	-0.004502	5.8699959999999995	1156900.0
2012-09-14	0.016828	0.001946	0.028919	0.001452	10.549987	1503000.0
2012-09-13	0.011259	0.0	0.015856	-0.003662	6.9799809999999995	758100.0
2012-09-12	0.0035450000000000004	0.003626	0.017369	-0.00293	2.1900020000000002	641300.0
2012-09-11	0.015518	0.00045999999999999996	0.021255	-0.003633	9.440002999999999	899000.0
2012-09-10	-0.021285	-0.000933	0.004746	-0.022668999999999998	-13.229981	907700.0
2012-09-07	0.029056	0.014072999999999999	0.031275	0.013427000000000001	17.549988	1627000.0
2012-09-06	0.014819	0.007376000000000001	0.023622999999999998	0.0034950000000000003	8.820007	1055600.0
2012-09-05	-0.002865	0.0010220000000000001	0.008092	-0.0040880000000000005	-1.7100220000000002	480800.0
