2017-09-01	0.002818	0.001626	0.004227	-0.000108	0.260002	4958900.000000
2016-09-01	0.011453	0.032105	0.043329	0.027616	0.9694520000000001	29793300.0
2016-08-31	-0.002627	0.033989	0.035167000000000004	0.025505	-0.22298400000000002	11407800.0
2016-08-30	-0.008607	0.024738999999999997	0.031514	0.021700999999999998	-0.736779	11619400.0
2016-08-29	0.008221	0.029276	0.041172	0.028451999999999998	0.697998	8934500.0
2016-08-26	-0.00364	0.031162	0.038555	0.022948	-0.310218	16408200.0
2016-08-25	0.006758	0.031396	0.038958	0.028325	0.571983	10595500.0
2016-08-24	-0.00103	0.03057	0.032104	0.0216	-0.087265	5713300.0
2016-08-23	0.006333	0.034839999999999996	0.039234	0.033770999999999995	0.533211	5420100.0
2016-08-22	-0.005268999999999999	0.029506	0.030333	0.02289	-0.445946	5921100.0
2016-08-19	-0.0014869999999999998	0.028682999999999997	0.031160000000000004	0.026913	-0.12604500000000002	6199900.0
2016-08-18	0.005520000000000001	0.031277	0.037445	0.031277	0.46533900000000006	7082800.0
2016-08-17	0.004389	0.029966000000000003	0.037829	0.024247	0.36840100000000003	6762100.0
2016-08-16	-0.005056000000000001	0.031039999999999998	0.036019	0.024995	-0.426559	8071100.0
2016-08-15	-0.00022999999999999998	0.037203	0.037795	0.030922	-0.019387	6871200.0
2016-08-12	0.0035740000000000004	0.033774	0.040077999999999996	0.032109	0.30052199999999996	8063400.0
2016-08-11	0.004866	0.036175	0.039761000000000005	0.03259	0.407166	7387100.0
2016-08-10	0.003721	0.034753	0.041471	0.031633999999999995	0.310226	5981400.0
2016-08-09	0.002682	0.032717	0.038489999999999996	0.030552	0.222977	4158800.0
2016-08-08	-0.000233	0.02947	0.032957	0.023698	-0.019402000000000003	5388200.0
2016-08-05	-0.0031379999999999997	0.031874	0.036189	0.025281	-0.26174899999999995	6729700.0
2016-08-04	0.0009310000000000001	0.033313999999999996	0.038234	0.029475	0.077568	5564100.0
2016-08-03	-0.009106	0.028542	0.031038999999999997	0.016058000000000003	-0.765877	8192100.0
2016-08-02	0.004051	0.038796	0.040348	0.029485	0.339318	13083200.0
2016-08-01	0.009581000000000001	0.029707	0.043446	0.029464999999999998	0.794944	10420600.0
2016-07-29	0.009197	0.032487	0.043434	0.031393	0.756165	7520900.0
2016-07-28	0.004144	0.031025999999999998	0.037864999999999996	0.030782	0.339317	5911600.0
2016-07-27	-0.009498999999999999	0.031150999999999998	0.031876999999999996	0.020022	-0.785255	7744700.0
2016-07-26	-0.006177	0.030072	0.03488	0.02394	-0.513817	5379300.0
2016-07-25	0.000933	0.029227999999999997	0.032477	0.024655	0.07756	5605300.0
2016-07-22	0.0053950000000000005	0.034418000000000004	0.040225	0.033813	0.445946	6165600.0
2016-07-21	-0.0007030000000000001	0.027887000000000002	0.032119	0.026195	-0.058165999999999995	5407000.0
2016-07-20	-0.002105	0.030067	0.034289	0.02705	-0.1745	6289000.0
2016-07-19	0.002793	0.036452	0.042622	0.035121	0.23085	6078200.0
2016-07-18	-0.00093	0.039718	0.040081	0.035851	-0.076942	4781300.0
2016-07-15	0.0016300000000000002	0.044198	0.046983	0.038629000000000004	0.134666	8491300.0
2016-07-14	-0.000233	0.046255000000000004	0.051701	0.039113	-0.019241	11342600.0
2016-07-13	0.001633	0.040325	0.044447	0.035476	0.134674	7572100.0
2016-07-12	0.0	0.036445	0.041901	0.032808	0.0	6649800.0
2016-07-11	-0.000233	0.037658	0.041779000000000004	0.029174000000000002	-0.019241	6156800.0
2016-07-08	0.011081	0.041436	0.05271	0.038862	0.9041899999999999	6827300.0
2016-07-07	-0.002352	0.042043000000000004	0.042165	0.033484	-0.192375	7905700.0
2016-07-06	-0.004799	0.038745999999999996	0.040326999999999995	0.03108	-0.394394	8356500.0
2016-07-05	0.007784999999999999	0.035919	0.053944000000000006	0.035551	0.634857	11403100.0
2016-07-01	0.001299	0.037756	0.043526	0.037633	0.10582000000000001	9531100.0
2016-06-30	0.009056999999999999	0.039598	0.050624	0.038482	0.731056	10969300.0
2016-06-29	0.017584	0.045901	0.057878	0.045271	1.394768	7927500.0
2016-06-28	0.015142	0.042285	0.055723	0.036014	1.183151	9257100.0
2016-06-27	-0.012521	0.034163	0.034921	0.023674	-0.990776	9601800.0
2016-06-24	-0.023156	0.019844999999999998	0.034783	0.012191	-1.8757099999999998	12401100.0
2016-06-23	0.007658	0.042582999999999996	0.047559	0.039598	0.6156159999999999	7361300.0
2016-06-22	0.001918	0.040719	0.04396	0.038102	0.153893	4940100.0
2016-06-21	0.004456	0.040223	0.048862	0.040223	0.35591100000000003	6594700.0
2016-06-20	-0.001083	0.044475	0.046726	0.038347000000000006	-0.086563	6164300.0
2016-06-17	-0.003357	0.038350999999999996	0.039971	0.026386	-0.269348	11741700.0
2016-06-16	0.005546	0.036088	0.047869	0.035963	0.442489	6630100.0
2016-06-15	-0.004799	0.040221	0.041468	0.032987	-0.384765	7082200.0
2016-06-14	0.009447	0.039346	0.04967	0.03582	0.750289	6868600.0
2016-06-13	-0.007572	0.036599	0.042097	0.031226	-0.605995	6167400.0
2016-06-10	0.000361	0.034598000000000004	0.041723	0.032598	0.028862	6840800.0
2016-06-09	0.006292	0.038717	0.04727	0.03683	0.5001909999999999	6144900.0
2016-06-08	0.004009	0.040229	0.045028	0.035809	0.317421	4712600.0
2016-06-07	-0.005437	0.039472	0.041105	0.033066000000000005	-0.432854	6327500.0
2016-06-06	0.003638	0.038715	0.044136	0.036572	0.288567	5292300.0
2016-06-03	0.006345	0.039344	0.046448	0.037441	0.5001979999999999	6299800.0
2016-06-02	0.001956	0.036293	0.041631	0.033750999999999996	0.1539	5186300.0
2016-06-01	0.009255	0.038443	0.049347	0.037288	0.721428	6184100.0
2016-05-31	-0.004789	0.041513	0.044577	0.030788	-0.375137	6705000.0
2016-05-27	0.0025859999999999998	0.040237	0.045229000000000005	0.038829	0.201996	4212000.0
2016-05-26	-0.003191	0.039597	0.041128	0.034621	-0.25009899999999996	4622300.0
2016-05-25	0.006299	0.041010000000000005	0.049869	0.040111	0.49058500000000005	6049800.0
2016-05-24	0.009601	0.040894	0.054893	0.040894	0.740677	6293300.0
2016-05-23	0.0022489999999999997	0.039987	0.043625	0.037389	0.17313399999999998	5620600.0
2016-05-20	-0.00212	0.042839	0.043616	0.034412	-0.163521	6526800.0
2016-05-19	0.004258	0.036863	0.044414999999999996	0.03439	0.327049	6242500.0
2016-05-18	-0.009551	0.039211	0.041532	0.023995	-0.7406689999999999	8344100.0
2016-05-17	-0.012373	0.039725	0.045074	0.023041	-0.971535	10188200.0
2016-05-16	0.004924	0.036782	0.048043999999999996	0.033454000000000005	0.384766	6497200.0
2016-05-13	-0.014319	0.039724	0.039724	0.02181	-1.135063	6579000.0
2016-05-12	0.003165	0.043774	0.047064	0.039091	0.25009899999999996	4925000.0
2016-05-11	-0.004001	0.039849	0.044765	0.035186	-0.317436	5975000.0
2016-05-10	0.004384000000000001	0.039977	0.046687	0.039598	0.346298	6222400.0
2016-05-09	-0.000122	0.04061	0.047192000000000005	0.037572	-0.009613	6718800.0
2016-05-06	0.010209000000000001	0.041132	0.051745000000000006	0.037935	0.7983779999999999	6297200.0
2016-05-05	-0.003676	0.039598	0.04584	0.030933999999999996	-0.288567	6399500.0
2016-05-04	0.0061649999999999995	0.036649	0.048186	0.036649	0.48095	7365900.0
2016-05-03	0.0016059999999999998	0.037415	0.04897	0.036003	0.125053	7569400.0
2016-05-02	0.010609	0.0383	0.054909000000000006	0.0383	0.817619	7862600.0
2016-04-29	0.0045130000000000005	0.038424	0.044681	0.034513999999999996	0.346283	9391000.0
2016-04-28	-0.001627	0.034262	0.044542	0.033091	-0.125038	7615900.0
2016-04-27	0.004274	0.038551999999999996	0.047438	0.033716	0.327034	7689700.0
2016-04-26	-0.022847	0.040747000000000005	0.040747000000000005	0.011504	-1.789146	13742300.0
2016-04-25	0.005683	0.039212000000000004	0.046404	0.032791	0.442489	7672800.0
2016-04-22	0.0018559999999999998	0.034451	0.041527	0.028147000000000002	0.14428	8027700.0
2016-04-21	-0.009197	0.033096	0.036538	0.02685	-0.721428	8802100.0
2016-04-20	-0.020773	0.039722	0.040346	0.017128	-1.6641080000000001	9124200.0
2016-04-19	0.0054329999999999995	0.040602	0.050517	0.039849	0.43286099999999994	6606100.0
2016-04-18	0.00644	0.039597	0.048313	0.03606	0.509804	5545000.0
2016-04-15	0.003536	0.040105	0.044922000000000004	0.037569	0.278961	7299300.0
2016-04-14	0.0026899999999999997	0.041631	0.04697	0.03642	0.211616	6904400.0
2016-04-13	-0.0044670000000000005	0.050897000000000005	0.05570599999999999	0.035586	-0.353019	11738600.0
2016-04-12	0.001209	0.04786	0.05419500000000001	0.044566	0.095421	7081600.0
2016-04-11	-0.005649	0.045972000000000006	0.049877	0.041311	-0.44843299999999997	7081500.0
2016-04-08	-0.00047999999999999996	0.050631999999999996	0.050758	0.042196	-0.038155	5453000.0
2016-04-07	-0.006801000000000001	0.040985	0.046488	0.036358	-0.5438390000000001	6655900.0
2016-04-06	0.007816	0.047862	0.056684000000000005	0.047105	0.620163	6292100.0
2016-04-05	-0.000601	0.047484	0.052522000000000006	0.045342	-0.047706	5259100.0
2016-04-04	-0.003831	0.049618999999999996	0.049618999999999996	0.041839999999999995	-0.305313	5593400.0
2016-04-01	0.014822	0.044166000000000004	0.064795	0.043275	1.164001	8028600.0
2016-03-31	-0.004475	0.049000999999999996	0.05217	0.041395	-0.35302	6819200.0
2016-03-30	-0.001449	0.051784000000000004	0.055202	0.046215	-0.114494	6925400.0
2016-03-29	0.002179	0.048621	0.054076	0.042277999999999996	0.17173	6731400.0
2016-03-28	-0.003257	0.049378	0.05519500000000001	0.043435	-0.25759099999999996	4988500.0
2016-03-24	0.0008449999999999999	0.043558	0.051910000000000005	0.043177999999999994	0.06677999999999999	6645700.0
2016-03-23	0.000967	0.04786	0.057614	0.046087	0.07633200000000001	5594600.0
2016-03-22	-0.006961	0.047611	0.048114	0.037673000000000005	-0.553367	7205900.0
2016-03-21	0.0020440000000000002	0.047736	0.057189	0.045087999999999996	0.162193	8625600.0
2016-03-18	0.004834000000000001	0.049507	0.057613	0.044187	0.38162199999999996	33635200.0
2016-03-17	0.017335	0.047469	0.07246699999999999	0.04734	1.345284	12061500.0
2016-03-16	0.00036899999999999997	0.048114	0.05442999999999999	0.037415	0.028625	9490300.0
2016-03-15	0.001725	0.045918	0.051858	0.042819	0.13356800000000002	9297800.0
2016-03-14	-0.007095000000000001	0.045806	0.049395999999999995	0.034395	-0.5533680000000001	12389300.0
2016-03-11	-0.006442	0.0541	0.054737	0.037413	-0.505684	11109500.0
2016-03-10	-0.008197	0.050261	0.051525	0.032826	-0.6487729999999999	10385600.0
2016-03-09	-0.001204	0.051142	0.056063	0.043318999999999996	-0.09540499999999999	8954800.0
2016-03-08	-0.000481	0.046474	0.056312	0.04269	-0.038163	7788400.0
2016-03-07	-0.004671	0.044222000000000004	0.05075	0.041962	-0.372108	6792400.0
2016-03-04	0.007847	0.04533	0.059501	0.040775	0.620171	9406700.0
2016-03-03	0.003513	0.047987	0.052938	0.043416	0.27668000000000004	8747100.0
2016-03-02	0.01625	0.052629999999999996	0.066565	0.043210000000000005	1.259399	12096600.0
2016-03-01	0.011708	0.051377	0.062081	0.051247	0.896858	9483900.0
2016-02-29	-0.009988	0.048114	0.05134400000000001	0.036611000000000005	-0.7728189999999999	11065300.0
2016-02-26	-0.015059000000000001	0.050405	0.05206	0.03042	-1.183075	9281100.0
2016-02-25	0.009563	0.049912	0.058137	0.046957	0.744178	6789700.0
2016-02-24	-0.0030559999999999997	0.041067	0.045936000000000005	0.03338	-0.23851	6759800.0
2016-02-23	-0.003896	0.046455	0.052325	0.041477999999999994	-0.305305	5840600.0
2016-02-22	0.004157	0.048114	0.05939	0.047088	0.324386	6916500.0
2016-02-19	-0.002318	0.047858	0.051692999999999996	0.040698000000000005	-0.181282	7709600.0
2016-02-18	-0.0057	0.045317	0.046461	0.03235	-0.448425	7702600.0
2016-02-17	0.012029	0.050429	0.06561	0.048628	0.9350209999999999	10892900.0
2016-02-16	0.005927	0.061055	0.061055	0.046172000000000005	0.457962	9352600.0
2016-02-12	0.013642	0.054148	0.062805	0.046671	1.039962	9306100.0
2016-02-11	-0.021072999999999998	0.032319	0.040023	0.022559	-1.641044	12343900.0
2016-02-10	-0.012342	0.051538	0.05268	0.033148000000000004	-0.97316	10585400.0
2016-02-09	0.000242	0.038092	0.052934	0.027816000000000004	0.019058000000000002	14308900.0
2016-02-08	0.017488	0.036368	0.067734	0.036368	1.3548360000000002	16530200.0
2016-02-05	0.006196	0.046555	0.054607	0.046425	0.47703500000000004	9957600.0
2016-02-04	-0.004932	0.044883	0.048114	0.038162	-0.381637	8295100.0
2016-02-03	0.01097	0.051511	0.061439999999999995	0.0455	0.839599	10149600.0
2016-02-02	-0.011095	0.034805	0.040619999999999996	0.031188	-0.8586799999999999	9116400.0
2016-02-01	-0.006978	0.041955	0.044393	0.03323	-0.5438390000000001	9657200.0
2016-01-29	0.023428	0.050214999999999996	0.076739	0.048244999999999996	1.7841639999999999	19895000.0
2016-01-28	0.012943999999999999	0.056094000000000005	0.064075	0.045586	0.973176	9895100.0
2016-01-27	-0.000127	0.04439	0.06194500000000001	0.039336	-0.009537	10816100.0
2016-01-26	0.025504	0.06379800000000001	0.085346	0.057524	1.870018	16374800.0
2016-01-25	-0.006593000000000001	0.045946	0.048114	0.037275	-0.486588	9870400.0
2016-01-22	0.008342	0.057402999999999996	0.06519	0.045791000000000005	0.6106189999999999	9465800.0
2016-01-21	0.011737000000000001	0.050739	0.066773	0.042308	0.8491360000000001	12712900.0
2016-01-20	-0.0031149999999999997	0.037408	0.048431	0.025970999999999998	-0.226097	17795000.0
2016-01-19	0.023339	0.068811	0.084463	0.06768300000000001	1.655228	13457300.0
2016-01-15	-0.015364	0.034341	0.050724	0.033924	-1.106644	16724400.0
2016-01-14	0.003954999999999999	0.060734	0.07258099999999999	0.057666999999999996	0.28375300000000003	12835100.0
2016-01-13	-0.008626	0.063605	0.06388200000000001	0.0473	-0.62426	9310100.0
2016-01-12	-0.0020870000000000003	0.0618	0.062075	0.044563	-0.151329	8774700.0
2016-01-11	0.009214	0.060032	0.07214	0.0521	0.662086	10209200.0
2016-01-08	-0.015678	0.059715	0.061359000000000004	0.036564	-1.14447	9676400.0
2016-01-07	-0.008734	0.043533999999999996	0.053717999999999995	0.032943	-0.643181	11973900.0
2016-01-06	-0.009667	0.044474	0.052811000000000004	0.037077	-0.718857	9551000.0
2016-01-05	0.0031899999999999997	0.058192999999999995	0.065208	0.05509	0.236458	8133700.0
2016-01-04	-0.013097	0.043269	0.045133	0.032352	-0.9836809999999999	11529800.0
2015-12-31	-0.008243	0.055136000000000004	0.056852999999999994	0.047214	-0.624252	5042000.0
2015-12-30	-0.0036090000000000002	0.058565	0.059091	0.052513	-0.2743	3793200.0
2015-12-29	0.0055060000000000005	0.061217999999999995	0.06637699999999999	0.056323000000000005	0.41617600000000005	4406100.0
2015-12-28	0.001629	0.056586000000000004	0.059634000000000006	0.053009	0.12296300000000002	4150000.0
2015-12-24	-0.001627	0.053809	0.060292	0.053015999999999994	-0.12296300000000002	2498000.0
2015-12-23	0.00402	0.061898	0.068273	0.055921000000000005	0.302666	8254600.0
2015-12-22	0.008232999999999999	0.060061	0.067962	0.056312	0.614815	9872200.0
2015-12-21	0.010495	0.064015	0.06875099999999999	0.05752	0.775596	9105800.0
2015-12-18	-0.026902999999999996	0.052772	0.05501	0.028806000000000002	-2.043045	21342100.0
2015-12-17	-0.008643000000000001	0.057117999999999995	0.057771	0.046936	-0.662094	9864200.0
2015-12-16	0.016441	0.06122999999999999	0.077815	0.058841	1.239067	14102600.0
2015-12-15	0.017755	0.062921	0.080341	0.059815	1.3147360000000001	14113400.0
2015-12-14	0.0065569999999999995	0.05521	0.06744299999999999	0.052627	0.482376	12179000.0
2015-12-11	-0.000129	0.053443	0.06458799999999999	0.048007	-0.009461	12280500.0
2015-12-10	0.001158	0.06010599999999999	0.06867899999999999	0.055479999999999995	0.085137	8915900.0
2015-12-09	-0.000643	0.055209	0.07411000000000001	0.053033000000000004	-0.047303	10081900.0
2015-12-08	-0.007911	0.047939999999999997	0.059003	0.043488	-0.586433	8312700.0
2015-12-07	0.006938	0.05331	0.06635	0.05331	0.5107729999999999	9460000.0
2015-12-04	0.027594999999999998	0.060599	0.0874	0.059762	1.976837	11961000.0
2015-12-03	-0.00066	0.057807000000000004	0.062968	0.0486	-0.047302	11177800.0
2015-12-02	-0.001975	0.054325	0.064488	0.053211	-0.14188399999999998	8104200.0
2015-12-01	0.014698	0.057673	0.076744	0.057673	1.040443	8391700.0
2015-11-30	-0.011361	0.055573000000000004	0.058785000000000004	0.045238	-0.813431	8935700.0
2015-11-27	-0.002635	0.057109	0.063796	0.051677	-0.189186	2390100.0
2015-11-25	-0.007194	0.058355	0.061259	0.049366	-0.5202100000000001	4266500.0
2015-11-24	0.006318	0.052377999999999994	0.06726900000000001	0.052239	0.45401	7086800.0
2015-11-23	0.001978	0.057249	0.060596000000000004	0.05139199999999999	0.14188399999999998	9421300.0
2015-11-20	-0.005248	0.061826	0.066126	0.049759	-0.378342	9533200.0
2015-11-19	0.004215999999999999	0.06059199999999999	0.072014	0.05892000000000001	0.302658	7899500.0
2015-11-18	0.011056	0.055980999999999996	0.069783	0.053587	0.785065	6447100.0
2015-11-17	-0.003054	0.057670000000000006	0.067218	0.051211	-0.217545	8761800.0
2015-11-16	0.018118000000000002	0.061395000000000005	0.076833	0.057964	1.267456	7410600.0
2015-11-13	-0.009376	0.056965999999999996	0.061779999999999995	0.047195	-0.6621090000000001	8468800.0
2015-11-12	-0.017113999999999997	0.053212	0.057945	0.039155	-1.229607	7678600.0
2015-11-11	0.002508	0.060737	0.066458	0.059342	0.179726	5295900.0
2015-11-10	0.004907	0.056968	0.069027	0.054865	0.349953	6551000.0
2015-11-09	-0.00225	0.051932000000000006	0.058088	0.048295	-0.160805	8607200.0
2015-11-06	-0.010734	0.05019	0.051851	0.033721	-0.7755890000000001	9483500.0
2015-11-05	-0.008694	0.057661000000000004	0.059993	0.042157	-0.633705	6860900.0
2015-11-04	0.000129	0.056974000000000004	0.058484	0.049839	0.009437000000000001	6375400.0
2015-11-03	0.005875	0.053108	0.06856699999999999	0.048416	0.42564399999999997	8013200.0
2015-11-02	0.00288	0.059878999999999995	0.06264700000000001	0.05268099999999999	0.208085	7152900.0
2015-10-30	-0.008309	0.0567	0.058896000000000004	0.048464	-0.605332	9547700.0
2015-10-29	0.006666	0.060565	0.06664500000000001	0.053517999999999996	0.48236899999999994	8230700.0
2015-10-28	-0.010092	0.058616999999999995	0.06066900000000001	0.035362	-0.737771	10178400.0
2015-10-27	-0.002581	0.052201	0.055475	0.047971	-0.189155	9423400.0
2015-10-26	0.005972	0.056837	0.06919	0.056837	0.43508100000000005	11464700.0
2015-10-23	0.029125	0.084228	0.108099	0.07787100000000001	2.061966	16451200.0
2015-10-22	0.017122	0.061127999999999995	0.08627	0.057536000000000004	1.191773	14080900.0
2015-10-21	-0.0024	0.05700499999999999	0.068328	0.053422000000000004	-0.167427	8302100.0
2015-10-20	-0.009713	0.062635	0.06519	0.05255800000000001	-0.684319	8507100.0
2015-10-19	0.003471	0.063191	0.070881	0.061480999999999994	0.243729	7292200.0
2015-10-16	0.008483	0.073215	0.077811	0.06775700000000001	0.590599	9578900.0
2015-10-15	0.000808	0.07293200000000001	0.075807	0.064164	0.056236	8607400.0
2015-10-14	0.001349	0.068191	0.073948	0.06372799999999999	0.093735	8479200.0
2015-10-13	-0.00296	0.065459	0.06603300000000001	0.057136	-0.206246	8390200.0
2015-10-12	-0.002014	0.069759	0.070762	0.058587	-0.140602	6255900.0
2015-10-09	0.001075	0.069475	0.074063	0.065604	0.07498200000000001	6880100.0
2015-10-08	0.009224	0.06617200000000001	0.07717	0.06342300000000001	0.637451	6856600.0
2015-10-07	0.00436	0.071402	0.07358200000000001	0.065589	0.299996	8013200.0
2015-10-06	0.0024579999999999997	0.0685	0.07491	0.057573	0.168731	8851500.0
2015-10-05	0.011047	0.074853	0.08162799999999999	0.06792999999999999	0.7499319999999999	9187700.0
2015-10-02	0.006532	0.05800399999999999	0.07372000000000001	0.056965999999999996	0.440597	9085600.0
2015-10-01	0.000139	0.064082	0.07031	0.058744000000000005	0.009377	8547600.0
2015-09-30	-0.004704	0.075311	0.078263	0.055978	-0.318726	11041900.0
2015-09-29	0.007106	0.066751	0.076264	0.060509	0.478096	9033300.0
2015-09-28	-0.012385	0.061466999999999994	0.066751	0.053246	-0.8436889999999999	9207300.0
2015-09-25	0.018357	0.082148	0.096948	0.075571	1.228012	15080700.0
2015-09-24	0.015656	0.060071000000000006	0.086792	0.05885599999999999	1.031166	13423500.0
2015-09-23	0.000998	0.066599	0.071311	0.06325599999999999	0.065636	6294200.0
2015-09-22	-0.006511	0.05784299999999999	0.066751	0.056635000000000005	-0.431229	10207800.0
2015-09-21	0.010152	0.069954	0.081088	0.067819	0.6655810000000001	7742800.0
2015-09-18	-0.0042710000000000005	0.054601	0.074952	0.053538	-0.281227	18210200.0
2015-09-17	0.001997	0.065229	0.08455599999999999	0.063099	0.131241	11029600.0
2015-09-16	0.009359000000000001	0.077042	0.080729	0.070591	0.609321	8704200.0
2015-09-15	0.020423	0.066124	0.093083	0.06424400000000001	1.303029	11043700.0
2015-09-14	-0.005261999999999999	0.063789	0.06488	0.049757	-0.337468	9712800.0
2015-09-11	0.001464	0.062692	0.06971799999999999	0.057539	0.093735	11291400.0
2015-09-10	-0.002337	0.061142999999999996	0.074072	0.055379	-0.150001	12591100.0
2015-09-09	-0.021435	0.073763	0.075288	0.042208999999999997	-1.406136	11070600.0
2015-09-08	0.017743000000000002	0.090798	0.092815	0.079162	1.143669	9182300.0
2015-09-04	-0.016731	0.056836000000000005	0.056836000000000005	0.044937	-1.096786	11497500.0
2015-09-03	0.001719	0.072405	0.076683	0.06507	0.112472	8468300.0
2015-09-02	0.013208000000000001	0.078363	0.08146	0.07170599999999999	0.853066	8903700.0
2015-09-01	-0.025046000000000002	0.047127999999999996	0.054826	0.034297	-1.6592330000000002	15437700.0
2015-08-31	-0.0075829999999999995	0.063605	0.063605	0.053119000000000006	-0.506203	9520900.0
2015-08-28	-0.0037770000000000004	0.062125	0.06361699999999999	0.053469	-0.25311300000000003	10020000.0
2015-08-27	0.008181	0.074274	0.07954	0.053511	0.543709	13434000.0
2015-08-26	0.036247	0.089826	0.106977	0.075015	2.324821	17464700.0
2015-08-25	-0.010414	0.11365499999999999	0.114426	0.053791	-0.6749569999999999	21476900.0
2015-08-24	-0.037583	0.018195	0.05531799999999999	-0.034519	-2.531044	23696300.0
2015-08-21	-0.028007	0.061555	0.066607	0.03673	-1.9404830000000002	15763900.0
2015-08-20	-0.002833	0.061426	0.075387	0.057252	-0.196854	10696500.0
2015-08-19	-0.013443	0.063912	0.063912	0.050991	-0.946792	9775200.0
2015-08-18	-0.005296	0.067457	0.070565	0.059266	-0.374977	7445900.0
2015-08-17	-0.00119	0.06943099999999999	0.06943099999999999	0.054478	-0.084366	8683900.0
2015-08-14	-0.002112	0.066188	0.067173	0.06112000000000001	-0.150002	5586900.0
2015-08-13	-0.007984999999999999	0.068148	0.068427	0.056138	-0.571823	5948000.0
2015-08-12	0.00223	0.06213200000000001	0.06969	0.054435000000000004	0.159355	10397700.0
2015-08-11	-0.002095	0.062002999999999996	0.067729	0.058789999999999995	-0.149971	7491900.0
2015-08-10	0.011923999999999999	0.073394	0.08116699999999999	0.071274	0.8436819999999999	9165900.0
2015-08-07	-0.003433	0.064639	0.06647	0.06111799999999999	-0.243721	10045400.0
2015-08-06	-0.000396	0.07013	0.07013	0.05943	-0.028130000000000002	9353300.0
2015-08-05	-0.0018440000000000002	0.068719	0.07560399999999999	0.06450299999999999	-0.131248	10895400.0
2015-08-04	-0.006414	0.061585	0.065913	0.057675	-0.45934300000000006	13369100.0
2015-08-03	-0.0039109999999999995	0.064109	0.072175	0.057155	-0.28121199999999996	9511300.0
2015-07-31	-0.008916	0.070059	0.071576	0.056688999999999996	-0.646836	11877200.0
2015-07-30	-0.040063999999999995	0.050608	0.051667	0.020837	-3.027885	22067800.0
2015-07-29	0.004861	0.06715	0.076856	0.06582	0.365593	8921500.0
2015-07-28	0.003251	0.06901900000000001	0.075955	0.065951	0.243736	8649900.0
2015-07-27	-0.003985	0.06064	0.063828	0.055325	-0.29997199999999996	8613600.0
2015-07-24	-0.0050799999999999994	0.06423999999999999	0.067148	0.060538999999999996	-0.384339	5660800.0
2015-07-23	-0.0016079999999999998	0.066751	0.06754299999999999	0.057645	-0.121879	5380900.0
2015-07-22	-0.0016920000000000001	0.06758099999999999	0.071139	0.062838	-0.128418	6106400.0
2015-07-21	-0.006813	0.07313099999999999	0.074701	0.064756	-0.520691	7512400.0
2015-07-20	-0.000608	0.073525	0.076925	0.072348	-0.046494	5012900.0
2015-07-17	-0.000729	0.070128	0.076532	0.066339	-0.055792999999999995	5827300.0
2015-07-16	0.0018260000000000001	0.079414	0.080723	0.07483200000000001	0.139465	6623400.0
2015-07-15	0.001341	0.073782	0.079157	0.072864	0.10228	6673700.0
2015-07-14	0.0015869999999999999	0.077193	0.082708	0.076405	0.12087200000000001	6119500.0
2015-07-13	0.011859	0.08305900000000001	0.08996799999999999	0.08066799999999999	0.892632	7332900.0
2015-07-10	0.003595	0.083087	0.08482	0.07682	0.26964499999999997	6892500.0
2015-07-09	-0.004074	0.085579	0.088898	0.069245	-0.306831	9769900.0
2015-07-08	-0.008933	0.068774	0.07509199999999999	0.064563	-0.678772	6724700.0
2015-07-07	0.020862000000000002	0.07562100000000001	0.099401	0.07562100000000001	1.5527950000000001	11690400.0
2015-07-06	0.001501	0.071181	0.079388	0.0697	0.11156500000000001	6601200.0
2015-07-02	0.002634	0.079399	0.083986	0.076161	0.195267	6602500.0
2015-07-01	0.018916	0.077548	0.09651799999999999	0.073837	1.376121	8868000.0
2015-06-30	-0.001021	0.083725	0.084961	0.072877	-0.07438600000000001	8451400.0
2015-06-29	-0.012856	0.0702	0.07589299999999999	0.060847000000000005	-0.9483950000000001	7966200.0
2015-06-26	-0.00063	0.07751799999999999	0.080228	0.073996	-0.046501	7703200.0
2015-06-25	-0.001509	0.078192	0.080762	0.073863	-0.111588	5855700.0
2015-06-24	-0.0035090000000000004	0.07562100000000001	0.076295	0.071577	-0.260345	8843700.0
2015-06-23	-0.008204000000000001	0.073882	0.075486	0.06439099999999999	-0.613663	7190600.0
2015-06-22	-0.001118	0.08056	0.08403200000000001	0.07268200000000001	-0.083702	6907900.0
2015-06-19	-0.003464	0.074023	0.08054299999999999	0.070962	-0.26033	15598800.0
2015-06-18	0.009241	0.07884400000000001	0.090797	0.078441	0.688049	10712500.0
2015-06-17	0.012389	0.076846	0.090307	0.076302	0.9112239999999999	9305800.0
2015-06-16	0.012545	0.095862	0.095862	0.08126900000000001	0.911217	8285700.0
2015-06-15	-0.009509	0.068123	0.069895	0.062668	-0.697365	7527900.0
2015-06-12	-0.0068	0.072236	0.074267	0.06411	-0.5020979999999999	6508600.0
2015-06-11	-0.001634	0.08076	0.08076	0.07143	-0.12088	7633300.0
2015-06-10	0.008112000000000001	0.079985	0.087618	0.076986	0.5950850000000001	9483500.0
2015-06-09	0.015313	0.079085	0.09790700000000001	0.07700900000000001	1.106476	11528900.0
2015-06-08	0.003616	0.076181	0.083126	0.070903	0.260353	10916200.0
2015-06-05	-0.009212999999999999	0.073973	0.075073	0.064752	-0.6694720000000001	9439700.0
2015-06-04	-0.005219	0.073433	0.07932	0.068641	-0.381218	7714600.0
2015-06-03	0.00025499999999999996	0.080553	0.080827	0.07178899999999999	0.018586000000000002	5946800.0
2015-06-02	-0.0039310000000000005	0.070167	0.073713	0.066211	-0.28823899999999997	7380800.0
2015-06-01	0.005868	0.079054	0.084816	0.07384	0.427727	7588000.0
2015-05-29	-0.011849	0.07345299999999999	0.074266	0.060030999999999994	-0.8740389999999999	12551700.0
2015-05-28	-0.0007559999999999999	0.076028	0.076299	0.070474	-0.055777999999999994	5803400.0
2015-05-27	0.003159	0.076573	0.086358	0.074807	0.23243699999999998	8094600.0
2015-05-26	-0.010131	0.07575499999999999	0.077101	0.0619	-0.7531359999999999	6698300.0
2015-05-22	-0.005721	0.073212	0.075352	0.06893200000000001	-0.427727	6003600.0
2015-05-21	-0.0008699999999999999	0.071344	0.076823	0.06693400000000001	-0.065071	6054700.0
2015-05-20	-0.00433	0.076817	0.077748	0.07042999999999999	-0.325447	5487000.0
2015-05-19	0.001115	0.07562	0.078284	0.070025	0.083695	5729500.0
2015-05-18	-0.003825	0.074425	0.076548	0.068188	-0.288246	5590800.0
2015-05-15	0.005958	0.078957	0.082828	0.077622	0.44631099999999996	7454800.0
2015-05-14	0.010916	0.08101900000000001	0.08884600000000001	0.080749	0.808945	5634200.0
2015-05-13	-0.003127	0.078311	0.084096	0.07010599999999999	-0.23246	6459900.0
2015-05-12	-0.003986	0.072271	0.075754	0.063294	-0.297531	6305800.0
2015-05-11	-0.008523000000000001	0.07535399999999999	0.07588500000000001	0.066188	-0.641563	5237800.0
2015-05-08	0.009476	0.084739	0.089031	0.083801	0.706649	6929400.0
2015-05-07	-0.0024879999999999998	0.075085	0.07749299999999999	0.070135	-0.185981	7224300.0
2015-05-06	0.004122	0.079113	0.082337	0.068099	0.306854	7335700.0
2015-05-05	-0.0034850000000000003	0.07749400000000001	0.079502	0.067857	-0.260361	6589400.0
2015-05-04	0.0007469999999999999	0.07803099999999999	0.084595	0.07562	0.055802	7203800.0
2015-05-01	0.00981	0.078868	0.08644299999999999	0.077109	0.725242	8193000.0
2015-04-30	-0.004258	0.076833	0.079527	0.064981	-0.31612399999999996	9409300.0
2015-04-29	-0.007088	0.06987	0.074015	0.066125	-0.529983	11858500.0
2015-04-28	-0.002234	0.077221	0.078422	0.070015	-0.167397	8395500.0
2015-04-27	-0.0049380000000000005	0.074291	0.07814199999999999	0.068449	-0.37191799999999997	9192300.0
2015-04-24	0.000618	0.076682	0.083192	0.074822	0.046501999999999995	8785500.0
2015-04-23	-0.017919	0.062347	0.07122	0.055562	-1.373337	14569500.0
2015-04-22	0.00011999999999999999	0.085964	0.08753	0.077873	0.009216	6753100.0
2015-04-21	0.002534	0.09094	0.096303	0.08452899999999999	0.193703	7696400.0
2015-04-20	0.00412	0.09149299999999999	0.10318499999999999	0.087684	0.313629	7416000.0
2015-04-17	-0.011617	0.077645	0.080502	0.065051	-0.8947219999999999	9533800.0
2015-04-16	-0.00011999999999999999	0.084786	0.091407	0.08206000000000001	-0.009231999999999999	7615900.0
2015-04-15	-0.001076	0.087379	0.091918	0.08258099999999999	-0.08300700000000001	7006400.0
2015-04-14	0.002038	0.083617	0.089985	0.079199	0.156807	6792600.0
2015-04-13	0.0009599999999999999	0.079584	0.091941	0.078804	0.073776	8290500.0
2015-04-10	0.00555	0.08296	0.093816	0.081914	0.42431599999999997	7001700.0
2015-04-09	0.00145	0.082303	0.086495	0.07418200000000001	0.110687	6185000.0
2015-04-08	0.004612	0.082953	0.094532	0.082558	0.350495	6523400.0
2015-04-07	-0.007826999999999999	0.082701	0.08740099999999999	0.07486699999999999	-0.599549	6329900.0
2015-04-06	0.0074	0.077429	0.09465900000000001	0.072037	0.562653	6856300.0
2015-04-02	0.001336	0.082161	0.087693	0.07886900000000001	0.101471	6169800.0
2015-04-01	0.004638000000000001	0.090752	0.09088500000000001	0.077654	0.35051	7395300.0
2015-03-31	-0.009429	0.084661	0.086889	0.073914	-0.719467	8649700.0
2015-03-30	0.004981	0.088352	0.092567	0.08202999999999999	0.378204	6416800.0
2015-03-27	0.001947	0.083213	0.089284	0.082026	0.147568	6440600.0
2015-03-26	-0.01036	0.07852100000000001	0.078913	0.070293	-0.793267	7311600.0
2015-03-25	-0.010844	0.08995	0.08995	0.07044299999999999	-0.8393700000000001	8482200.0
2015-03-24	-0.011077	0.08452	0.08733099999999999	0.071489	-0.867051	7478800.0
2015-03-23	0.001416	0.079403	0.088103	0.079275	0.110672	9891100.0
2015-03-20	0.016311000000000003	0.092068	0.10247	0.08920800000000001	1.254471	22580300.0
2015-03-19	-0.004418	0.08038300000000001	0.084137	0.07598200000000001	-0.341301	9257500.0
2015-03-18	0.010863	0.084268	0.09984	0.073276	0.8301780000000001	12607900.0
2015-03-17	-0.008497	0.08154199999999999	0.08167200000000001	0.069476	-0.6549	7509300.0
2015-03-16	0.021141	0.087449	0.112224	0.086257	1.595718	15618300.0
2015-03-13	-0.003167	0.08268400000000001	0.086646	0.071723	-0.239814	7492500.0
2015-03-12	0.0086	0.086801	0.093861	0.085735	0.645668	6951100.0
2015-03-11	-0.0018399999999999998	0.084004	0.087328	0.074431	-0.13836700000000002	10066600.0
2015-03-10	-0.018654	0.076047	0.081397	0.063913	-1.4296950000000002	9681400.0
2015-03-09	0.005202	0.085842	0.09135	0.084399	0.396622	7326700.0
2015-03-06	-0.023278	0.08042200000000001	0.08080599999999999	0.055186	-1.817109	11338700.0
2015-03-05	0.0033200000000000005	0.087607	0.089407	0.080795	0.258278	5914200.0
2015-03-04	-0.009512	0.082609	0.085155	0.072043	-0.747146	7370000.0
2015-03-03	-0.002927	0.083375	0.084518	0.073094	-0.230606	6095600.0
2015-03-02	0.0032890000000000003	0.084137	0.087703	0.080444	0.258285	7235200.0
2015-02-27	-0.00047000000000000004	0.082228	0.08681	0.076499	-0.036903	7685000.0
2015-02-26	-0.003393	0.083629	0.087943	0.07690599999999999	-0.267494	7964500.0
2015-02-25	-0.000468	0.086673	0.08794099999999999	0.08084	-0.036896	5975800.0
2015-02-24	0.001288	0.08566	0.088581	0.079312	0.101463	6502200.0
2015-02-23	0.0061270000000000005	0.085287	0.092185	0.081327	0.479652	7919200.0
2015-02-20	-0.00399	0.080829	0.082101	0.071159	-0.313629	9581300.0
2015-02-19	-0.012172	0.08225199999999999	0.08463999999999999	0.06892899999999999	-0.968506	7271600.0
2015-02-18	0.009007	0.087561	0.095551	0.084518	0.710267	8132300.0
2015-02-17	-0.0047729999999999995	0.086156	0.086156	0.072778	-0.378197	10310400.0
2015-02-13	-0.001511	0.084137	0.085649	0.077458	-0.11991900000000001	6272000.0
2015-02-12	0.004554	0.08945399999999999	0.09059299999999999	0.081225	0.35972600000000005	6074600.0
2015-02-11	0.002928	0.09124700000000001	0.094421	0.08109	0.230606	7184600.0
2015-02-10	0.003998	0.08770599999999999	0.090765	0.081205	0.313614	7059300.0
2015-02-09	-0.006541	0.08033799999999999	0.081858	0.07122	-0.516525	8811500.0
2015-02-06	-0.012572	0.082386	0.083011	0.064755	-1.005425	8429800.0
2015-02-05	0.010608	0.089824	0.096648	0.088055	0.8393940000000001	6531300.0
2015-02-04	-0.0018620000000000002	0.08338	0.090822	0.079092	-0.147591	9212800.0
2015-02-03	0.009751000000000001	0.094708	0.095345	0.084137	0.765587	10747900.0
2015-02-02	0.009847	0.087867	0.09507	0.076291	0.765572	10278700.0
2015-01-30	-0.016108	0.076797	0.078442	0.06616699999999999	-1.272881	14685300.0
2015-01-29	0.0061070000000000004	0.092158	0.09636	0.084137	0.47963	12054500.0
2015-01-28	-0.015493	0.085892	0.089402	0.065585	-1.236008	14033400.0
2015-01-27	-0.034494	0.054123000000000004	0.055453999999999996	0.041052	-2.8501819999999998	14417400.0
2015-01-26	-0.0055509999999999995	0.082572	0.082572	0.068009	-0.46121899999999993	9371700.0
2015-01-23	-0.016808	0.07881200000000001	0.079049	0.064376	-1.420472	6745700.0
2015-01-22	0.009809	0.087841	0.095608	0.073861	0.820938	7211200.0
2015-01-21	0.002032	0.082389	0.091848	0.07316900000000001	0.169709	6974500.0
2015-01-20	-0.000657	0.091848	0.09830900000000001	0.082874	-0.054932	9869900.0
2015-01-16	0.015468	0.092941	0.109831	0.09196900000000001	1.273056	8815700.0
2015-01-15	-0.0014449999999999999	0.097914	0.098035	0.08396100000000001	-0.119072	6768200.0
2015-01-14	-0.003433	0.08495599999999999	0.090155	0.081328	-0.28392	6418200.0
2015-01-13	0.004226	0.10228999999999999	0.11103299999999999	0.090027	0.348053	6727100.0
2015-01-12	-0.003657	0.09462999999999999	0.096324	0.08289500000000001	-0.302254	5250900.0
2015-01-09	-0.00933	0.092807	0.092807	0.08010199999999999	-0.778496	4872800.0
2015-01-08	0.011436	0.096818	0.10590999999999999	0.092575	0.943367	6823300.0
2015-01-07	0.0052450000000000005	0.09599099999999999	0.10123099999999999	0.09136	0.430458	5986600.0
2015-01-06	-0.004555	0.095487	0.09851900000000001	0.08275	-0.37551799999999996	7791200.0
2015-01-05	-0.004755	0.089313	0.098608	0.084725	-0.39383	8626100.0
2015-01-02	-0.007136	0.088851	0.090769	0.077824	-0.595314	7251400.0
2014-12-31	-0.014177	0.087594	0.09362000000000001	0.075659	-1.199798	5712100.0
2014-12-30	-0.002591	0.087251	0.09396900000000001	0.085483	-0.21981799999999999	4730000.0
2014-12-29	-0.008773999999999999	0.087876	0.09149700000000001	0.08063300000000001	-0.751023	4657700.0
2014-12-26	0.003436	0.09196499999999999	0.099702	0.09091	0.293091	3148700.0
2014-12-24	-0.0016079999999999998	0.094306	0.09887	0.09009199999999999	-0.13739	2403000.0
2014-12-23	0.007451	0.093499	0.102224	0.093027	0.631958	5610600.0
2014-12-22	0.005975	0.092441	0.099913	0.09125499999999999	0.5037229999999999	7157100.0
2014-12-19	0.000544	0.093628	0.100511	0.088999	0.045799	14037800.0
2014-12-18	0.014333000000000002	0.09558	0.10749700000000001	0.090042	1.1906510000000001	8724500.0
2014-12-17	0.014996	0.094292	0.11384100000000001	0.092337	1.22728	7412700.0
2014-12-16	0.001794	0.091113	0.113391	0.081811	0.146545	8773800.0
2014-12-15	-0.003909	0.093677	0.10465	0.085508	-0.32056399999999996	6511900.0
2014-12-12	-0.009512	0.087017	0.098611	0.08122	-0.787651	6574600.0
2014-12-11	0.004556	0.091848	0.107377	0.09160499999999999	0.375519	6468700.0
2014-12-10	-0.007826999999999999	0.094737	0.096542	0.08282	-0.650292	6293300.0
2014-12-09	-0.000551	0.08835900000000001	0.092088	0.08114099999999999	-0.045791000000000005	5704000.0
2014-12-08	0.004204	0.091365	0.099338	0.091123	0.34803	4721900.0
2014-12-05	-0.002208	0.088714	0.089919	0.075334	-0.183167	6383400.0
2014-12-04	0.006445	0.097914	0.103252	0.093061	0.53122	6406700.0
2014-12-03	-0.011748999999999999	0.08909	0.09064900000000001	0.07470299999999999	-0.9800040000000001	6465600.0
2014-12-02	0.01099	0.096211	0.10505999999999999	0.092333	0.906716	7432900.0
2014-12-01	-0.00387	0.08870800000000001	0.09474500000000001	0.08086	-0.32056399999999996	6745100.0
2014-11-28	0.017439	0.094428	0.11248599999999999	0.092953	1.419624	7661800.0
2014-11-26	0.000901	0.092217	0.092831	0.08754400000000001	0.073257	4420000.0
2014-11-25	0.007831	0.094946	0.100646	0.091476	0.6319739999999999	6439700.0
2014-11-24	-0.005531	0.09529800000000001	0.095422	0.082729	-0.448784	5569200.0
2014-11-21	0.001469	0.10159800000000001	0.10369600000000001	0.091724	0.119064	8984100.0
2014-11-20	-0.00293	0.086926	0.092709	0.086926	-0.238144	5527600.0
2014-11-19	0.008869	0.095448	0.103269	0.091599	0.714394	6570400.0
2014-11-18	0.0012519999999999999	0.094085	0.096074	0.087497	0.100753	6419400.0
2014-11-17	-0.003064	0.090485	0.09271499999999999	0.082678	-0.247283	9475800.0
2014-11-14	-0.005531	0.09308	0.095422	0.083591	-0.448784	7559400.0
2014-11-13	-0.009835	0.085259	0.096241	0.079402	-0.805977	10191600.0
2014-11-12	-0.0021190000000000002	0.09099600000000001	0.09440499999999999	0.088804	-0.174011	6298700.0
2014-11-11	0.002459	0.09099299999999999	0.095998	0.08843	0.201492	6343900.0
2014-11-10	0.00359	0.089275	0.09638	0.08119	0.293075	5927100.0
2014-11-07	0.002587	0.089883	0.095532	0.083865	0.21065599999999998	5975700.0
2014-11-06	-0.001124	0.092829	0.094301	0.086572	-0.091599	6628900.0
2014-11-05	0.004061	0.09308	0.10231799999999999	0.088399	0.32971999999999996	8462000.0
2014-11-04	0.014419999999999999	0.093222	0.11046600000000001	0.092598	1.1540139999999999	10594800.0
2014-11-03	0.00126	0.084216	0.093349	0.078461	0.100746	7789500.0
2014-10-31	0.003796	0.093606	0.097122	0.088959	0.302239	9359800.0
2014-10-30	0.004622	0.08705299999999999	0.097651	0.080871	0.366333	5560300.0
2014-10-29	0.00081	0.094373	0.094373	0.08477699999999999	0.064125	6880600.0
2014-10-28	0.00605	0.095024	0.10074	0.09464199999999999	0.476257	9437700.0
2014-10-27	0.009276999999999999	0.089284	0.10877200000000001	0.087617	0.723542	10316600.0
2014-10-24	0.023188999999999998	0.116379	0.12779200000000002	0.11388699999999999	1.767654	13465600.0
2014-10-23	-0.011872	0.092237	0.093144	0.06683	-0.9158860000000001	14292100.0
2014-10-22	0.003144	0.09307	0.099962	0.09125	0.241798	9747600.0
2014-10-21	0.005108	0.104012	0.106234	0.093426	0.390831	12389600.0
2014-10-20	0.010928	0.099958	0.114228	0.094409	0.827111	8558100.0
2014-10-17	0.012523999999999999	0.109721	0.11681099999999998	0.097413	0.9361799999999999	11786600.0
2014-10-16	-0.00856	0.082979	0.098232	0.08191799999999999	-0.6453399999999999	11310200.0
2014-10-15	-0.007181	0.08757999999999999	0.100617	0.076651	-0.545342	13283200.0
2014-10-14	0.002159	0.107348	0.107348	0.095735	0.163605	8210300.0
2014-10-13	-0.015586000000000001	0.09528500000000001	0.09736399999999999	0.082294	-1.19976	10066100.0
2014-10-10	0.012312	0.10403599999999999	0.121527	0.10350999999999999	0.9361719999999999	13732400.0
2014-10-09	-0.006177	0.100614	0.10937100000000001	0.091727	-0.47262600000000005	7765700.0
2014-10-08	0.012265	0.102603	0.11504	0.100883	0.9270790000000001	8107100.0
2014-10-07	-0.004906000000000001	0.097721	0.10482999999999999	0.094298	-0.372643	7378200.0
2014-10-06	-0.0026260000000000003	0.097333	0.10219199999999999	0.09234400000000001	-0.199974	5656500.0
2014-10-03	0.00891	0.10538900000000001	0.11214500000000001	0.09797	0.6726	6701500.0
2014-10-02	-0.001083	0.09969299999999999	0.111206	0.097708	-0.081802	8858400.0
2014-10-01	-0.007165	0.103901	0.104164	0.090894	-0.545342	9024700.0
2014-09-30	-0.00829	0.098919	0.09917999999999999	0.09031900000000001	-0.636246	8074700.0
2014-09-29	-0.001655	0.094108	0.09879099999999999	0.088255	-0.127235	6360000.0
2014-09-26	0.002964	0.10296199999999998	0.105571	0.09409	0.227219	5478000.0
2014-09-25	-0.010676	0.09738200000000001	0.098802	0.088476	-0.827103	8212300.0
2014-09-24	0.009474	0.098789	0.11273	0.098789	0.727119	11694700.0
2014-09-23	-0.0043630000000000006	0.098146	0.101649	0.095422	-0.33628800000000003	7723500.0
2014-09-22	0.004025	0.10243599999999999	0.106474	0.100482	0.309028	8397100.0
2014-09-19	0.003326	0.10453399999999999	0.107801	0.100091	0.25448699999999996	11377700.0
2014-09-18	0.000356	0.100483	0.10388199999999999	0.09904500000000001	0.027259	5309200.0
2014-09-17	0.0009519999999999999	0.099437	0.105718	0.098259	0.072724	8273800.0
2014-09-16	0.0025039999999999997	0.09641799999999999	0.10783	0.09615499999999999	0.190864	7143800.0
2014-09-15	0.007326999999999999	0.099165	0.113304	0.098636	0.5544439999999999	7004700.0
2014-09-12	-0.002755	0.096532	0.098773	0.09192	-0.209038	6358500.0
2014-09-11	-0.0017929999999999999	0.099828	0.10166900000000001	0.096671	-0.13633	6341600.0
2014-09-10	0.007831999999999999	0.103006	0.11308199999999999	0.10234299999999999	0.5907819999999999	6715300.0
2014-09-09	-0.003961	0.096657	0.099826	0.093752	-0.299942	5202900.0
2014-09-08	-0.005372	0.097595	0.09798899999999999	0.091816	-0.409011	4899600.0
2014-09-05	0.0008359999999999999	0.096805	0.101537	0.091941	0.06362899999999999	5888900.0
2014-09-04	0.00965	0.100487	0.11150299999999999	0.098629	0.727112	7444200.0
2014-09-03	-0.000964	0.10393499999999999	0.106851	0.097438	-0.07270900000000001	5851800.0
2014-09-02	-0.001564	0.101546	0.105252	0.094927	-0.118156	5528900.0
2014-08-29	0.0009630000000000001	0.101017	0.101547	0.094524	0.07270800000000001	4901300.0
2014-08-28	-0.003361	0.09639199999999999	0.09903300000000001	0.092958	-0.25450100000000003	4278700.0
2014-08-27	-0.000839	0.100882	0.103125	0.097319	-0.063614	4248300.0
2014-08-26	-0.0019149999999999998	0.10114400000000001	0.10404100000000001	0.097456	-0.14541600000000002	5188400.0
2014-08-25	0.0017989999999999998	0.10484	0.105895	0.09916599999999999	0.136329	5586800.0
2014-08-22	0.0013210000000000001	0.098637	0.105242	0.098373	0.099991	6978500.0
2014-08-21	0.005676	0.100089	0.108991	0.098628	0.427178	7099800.0
2014-08-20	0.001451	0.097162	0.103548	0.097162	0.10906199999999999	4581800.0
2014-08-19	0.003032	0.099021	0.10595999999999998	0.095951	0.22721100000000002	6867700.0
2014-08-18	0.008071	0.103047	0.11461700000000001	0.100626	0.599907	8450500.0
2014-08-15	-0.002074	0.10398099999999999	0.10398099999999999	0.089884	-0.15451800000000002	7418400.0
2014-08-14	0.005768	0.101707	0.10778399999999999	0.099682	0.42718500000000004	5930700.0
2014-08-13	0.000737	0.10319500000000001	0.10535699999999999	0.09603300000000001	0.05454199999999999	5472200.0
2014-08-12	-0.000736	0.100492	0.105353	0.096576	-0.05454199999999999	6591200.0
2014-08-11	0.006547	0.104028	0.11272599999999999	0.101309	0.481727	8188000.0
2014-08-08	0.010107	0.098987	0.11244100000000001	0.098849	0.736214	6215600.0
2014-08-07	-0.011715	0.099272	0.10144299999999999	0.085569	-0.8634639999999999	7904000.0
2014-08-06	0.021156	0.100083	0.126408	0.09828200000000001	1.5269469999999998	12839000.0
2014-08-05	0.0023989999999999997	0.097028	0.10744400000000001	0.096889	0.172706	7995900.0
2014-08-04	-0.005399	0.097597	0.097597	0.086547	-0.390838	12075300.0
2014-08-01	0.030135000000000002	0.127685	0.147891	0.121709	2.1177669999999997	18110700.0
2014-07-31	-0.010747	0.094591	0.09811	0.087975	-0.763497	11235600.0
2014-07-30	-0.006229999999999999	0.100921	0.10525799999999999	0.093088	-0.44536499999999996	8296500.0
2014-07-29	-0.007696	0.097862	0.10355299999999999	0.091754	-0.554429	6419600.0
2014-07-28	-0.0037700000000000003	0.098148	0.101052	0.090404	-0.27265100000000003	6757300.0
2014-07-25	-0.008722	0.096932	0.098851	0.088022	-0.636254	6293400.0
2014-07-24	0.0033759999999999997	0.10201	0.10476099999999999	0.09829600000000001	0.24541500000000002	6273100.0
2014-07-23	-0.001373	0.103381	0.105716	0.096376	-0.099983	5891200.0
2014-07-22	-0.002242	0.100359	0.104334	0.09323300000000001	-0.163605	6073200.0
2014-07-21	-0.0033520000000000004	0.097217	0.098173	0.092027	-0.24541500000000002	4434300.0
2014-07-18	0.001866	0.102275	0.105012	0.096938	0.136345	6502400.0
2014-07-17	-0.006672	0.10090199999999999	0.104028	0.09274600000000001	-0.49081400000000003	5844700.0
2014-07-16	0.004019	0.104098	0.10819200000000001	0.102051	0.294487	8940500.0
2014-07-15	-0.0007379999999999999	0.11160199999999999	0.111738	0.105874	-0.054114999999999996	9637600.0
2014-07-14	0.001971	0.11174400000000001	0.11693599999999998	0.110924	0.144272	6802000.0
2014-07-11	-0.005514	0.101537	0.10846800000000001	0.100722	-0.405754	7519300.0
2014-07-10	-0.000735	0.10357899999999999	0.11227000000000001	0.102493	-0.0541	8786500.0
2014-07-09	0.013778	0.11038800000000001	0.126081	0.10818499999999999	1.000885	12113100.0
2014-07-08	0.004614	0.106798	0.11813900000000001	0.10513900000000001	0.33364099999999997	9150200.0
2014-07-07	0.002625	0.105822	0.112062	0.104574	0.18934600000000001	6673600.0
2014-07-03	0.005279	0.114168	0.117096	0.110126	0.378708	5501100.0
2014-07-02	0.003532	0.112928	0.117124	0.111249	0.25248699999999996	6276600.0
2014-07-01	0.00878	0.11296199999999999	0.120582	0.10788199999999999	0.6221770000000001	8421200.0
2014-06-30	-0.005442	0.10887100000000001	0.115186	0.100731	-0.387733	10297700.0
2014-06-27	0.0050880000000000005	0.10872899999999999	0.117052	0.107601	0.360695	8974900.0
2014-06-26	-0.008825	0.107893	0.10859200000000001	0.09880499999999999	-0.631203	7258800.0
2014-06-25	0.003924	0.10943199999999999	0.113924	0.103958	0.279526	12569300.0
2014-06-24	-0.006412999999999999	0.107616	0.107895	0.100643	-0.45987	8157300.0
2014-06-23	-0.005129	0.11081500000000001	0.11081500000000001	0.101103	-0.36969	6938900.0
2014-06-20	-0.003863	0.111775	0.112605	0.103344	-0.279533	11659900.0
2014-06-19	0.00564	0.109845	0.119852	0.10915	0.405762	12485100.0
2014-06-18	0.002639	0.10705999999999999	0.11402799999999999	0.10274000000000001	0.189369	9614200.0
2014-06-17	-0.001381	0.10789800000000001	0.110403	0.104279	-0.099205	5337300.0
2014-06-16	0.000628	0.10734	0.11318900000000001	0.101631	0.045082	5334600.0
2014-06-13	-0.001504	0.10859400000000001	0.11151400000000002	0.105396	-0.1082	5214000.0
2014-06-12	-0.003747	0.10568599999999999	0.10859500000000001	0.10388599999999999	-0.27050799999999997	6526800.0
2014-06-11	-0.001123	0.107627	0.11108599999999999	0.105275	-0.081161	7453700.0
2014-06-10	0.000749	0.10818	0.111919	0.10776500000000001	0.054114999999999996	5658400.0
2014-06-09	0.00075	0.107348	0.111921	0.106517	0.0541	6352500.0
2014-06-06	-0.000999	0.108734	0.11081099999999999	0.10499700000000001	-0.072128	5520500.0
2014-06-05	0.00313	0.112483	0.11525999999999999	0.11053900000000001	0.225425	5787700.0
2014-06-04	-0.0008759999999999999	0.109982	0.113035	0.10498800000000001	-0.063118	5427700.0
2014-06-03	-0.005351	0.10459500000000001	0.10818299999999999	0.098523	-0.387741	6970600.0
2014-06-02	-0.0053219999999999995	0.107227	0.10736400000000001	0.102148	-0.387726	4331700.0
2014-05-30	0.004850999999999999	0.10694200000000001	0.115218	0.10583800000000002	0.351654	7433000.0
2014-05-29	0.0037450000000000005	0.109011	0.11316500000000002	0.108734	0.27050799999999997	3886800.0
2014-05-28	0.00025	0.108319	0.11178099999999999	0.10818	0.018036	4201400.0
2014-05-27	-0.005464	0.10942400000000001	0.109838	0.102538	-0.39673600000000003	7003800.0
2014-05-23	-0.0016120000000000002	0.10708599999999999	0.11176099999999999	0.105573	-0.11723299999999999	4472600.0
2014-05-22	0.0019879999999999997	0.107358	0.111491	0.102949	0.144287	5561100.0
2014-05-21	0.0032409999999999995	0.11053199999999999	0.115093	0.106108	0.234436	6339800.0
2014-05-20	0.0037530000000000003	0.11026	0.11803	0.10956600000000001	0.270515	7057200.0
2014-05-19	-0.00498	0.104593	0.105145	0.098105	-0.360695	6068100.0
2014-05-16	-0.002483	0.11038800000000001	0.112179	0.101712	-0.180336	11558900.0
2014-05-15	-0.007885	0.110104	0.11174400000000001	0.099037	-0.577087	9402100.0
2014-05-14	-0.005392	0.110778	0.11308800000000001	0.102352	-0.396751	6867200.0
2014-05-13	-0.001468	0.11186099999999999	0.112403	0.104804	-0.108216	6540200.0
2014-05-12	-0.00801	0.111973	0.113319	0.099858	-0.595108	7859000.0
2014-05-09	0.002799	0.109551	0.11765	0.108741	0.20739000000000002	7303500.0
2014-05-08	0.0008529999999999999	0.108606	0.11211800000000001	0.10536400000000001	0.063118	4631200.0
2014-05-07	0.011833	0.11338499999999999	0.12281700000000001	0.112975	0.8656389999999999	6639500.0
2014-05-06	-0.006977	0.109826	0.109826	0.101138	-0.5139699999999999	4591300.0
2014-05-05	-0.002686	0.10522000000000001	0.10846900000000001	0.10291900000000001	-0.19838699999999998	4563600.0
2014-05-02	-0.005101	0.107395	0.11251300000000002	0.101065	-0.3787	6629200.0
2014-05-01	-0.0025440000000000003	0.10686099999999998	0.10793599999999999	0.098398	-0.189377	5305000.0
2014-04-30	0.001335	0.108339	0.11318099999999999	0.106321	0.099205	6243300.0
2014-04-29	-0.006029	0.10647100000000001	0.109145	0.101256	-0.450859	7214300.0
2014-04-28	0.018793999999999998	0.11078199999999999	0.13039800000000001	0.110373	1.379601	11595100.0
2014-04-25	0.003204	0.109694	0.114888	0.10655099999999999	0.23444299999999998	7497400.0
2014-04-24	0.009831	0.10763099999999999	0.12308800000000002	0.104181	0.712349	9523200.0
2014-04-23	-0.003052	0.11058	0.11058	0.09214299999999999	-0.221809	9577500.0
2014-04-22	-0.0038009999999999997	0.11759700000000001	0.119379	0.112252	-0.277321	9259100.0
2014-04-21	-0.0024460000000000003	0.118555	0.118555	0.111445	-0.17891700000000002	6391000.0
2014-04-17	0.001347	0.115407	0.12115699999999999	0.11362699999999999	0.098396	8374700.0
2014-04-16	0.010020000000000001	0.123956	0.132253	0.120499	0.7246020000000001	8300700.0
2014-04-15	0.000371	0.117595	0.121745	0.11385999999999999	0.026825	9000800.0
2014-04-14	0.0006190000000000001	0.12119400000000001	0.12396199999999999	0.11441099999999998	0.044746	7105600.0
2014-04-11	-0.004070000000000001	0.116355	0.125729	0.10973800000000002	-0.295219	11831400.0
2014-04-10	-0.004909	0.11910599999999999	0.12665099999999999	0.109641	-0.357819	12194300.0
2014-04-09	0.001721	0.124055	0.130102	0.117459	0.125252	11550700.0
2014-04-08	0.010685	0.118149	0.130232	0.111344	0.7693180000000001	11880700.0
2014-04-07	0.009026000000000001	0.121375	0.13609000000000002	0.12011400000000001	0.644089	13229000.0
2014-04-04	-0.00412	0.12303499999999999	0.12429100000000001	0.11298699999999999	-0.29522	8649600.0
2014-04-03	-0.00037400000000000004	0.11996400000000002	0.124149	0.11508099999999999	-0.026831999999999998	5646000.0
2014-04-02	-0.002614	0.115784	0.11773199999999999	0.110358	-0.187859	6741800.0
2014-04-01	-0.0032259999999999997	0.117872	0.1212	0.11246300000000001	-0.232582	8222300.0
2014-03-31	0.010532	0.121235	0.132868	0.114928	0.7514270000000001	8492800.0
2014-03-28	0.001381	0.12194200000000001	0.127275	0.116047	0.098388	6413500.0
2014-03-27	0.001887	0.118574	0.130948	0.116184	0.134178	8134100.0
2014-03-26	-0.0038840000000000003	0.12095299999999999	0.123054	0.111148	-0.27729000000000004	8269800.0
2014-03-25	0.006431	0.120973	0.127598	0.11984500000000001	0.45622299999999993	8892500.0
2014-03-24	0.018233000000000003	0.126771	0.145862	0.12634	1.270271	11221600.0
2014-03-21	-0.005618	0.128148	0.138282	0.11159100000000001	-0.39360100000000003	21244400.0
2014-03-20	-0.0058390000000000004	0.11673599999999999	0.12	0.10893199999999999	-0.411521	8659500.0
2014-03-19	-0.01241	0.11661099999999999	0.119834	0.100215	-0.885582	8607200.0
2014-03-18	-0.000877	0.117872	0.12123199999999999	0.113251	-0.062622	7703200.0
2014-03-17	0.010889	0.11843800000000002	0.131601	0.11843800000000002	0.769302	8452100.0
2014-03-14	-0.002652	0.116601	0.11843599999999999	0.11053099999999999	-0.187859	14850700.0
2014-03-13	-0.0006309999999999999	0.119	0.12520699999999998	0.117166	-0.044731	9676600.0
2014-03-12	0.003674	0.113766	0.12495099999999999	0.113199	0.259445	7469300.0
2014-03-11	0.0053479999999999995	0.118726	0.130114	0.118441	0.375718	6595800.0
2014-03-10	0.0019140000000000001	0.11658800000000001	0.120581	0.11530399999999999	0.13417	5229900.0
2014-03-07	0.004099	0.122884	0.125605	0.11858800000000001	0.28625500000000004	5865400.0
2014-03-06	0.003084	0.12103199999999999	0.126778	0.11815899999999999	0.214706	6475600.0
2014-03-05	-0.008031	0.11601900000000001	0.117302	0.105047	-0.563583	8542300.0
2014-03-04	0.012519	0.126673	0.135762	0.123931	0.8677219999999999	8306900.0
2014-03-03	-0.015000999999999999	0.112187	0.114319	0.099255	-1.0555809999999999	8598600.0
2014-02-28	0.006011	0.11858599999999998	0.128165	0.115298	0.420441	8489600.0
2014-02-27	0.0042380000000000004	0.116579	0.12318399999999999	0.11356400000000001	0.295212	6549800.0
2014-02-26	-0.0033280000000000002	0.11944600000000001	0.127173	0.113579	-0.232598	7764700.0
2014-02-25	0.0033399999999999997	0.116005	0.124332	0.111267	0.232598	8177500.0
2014-02-24	-0.001411	0.11873199999999999	0.129341	0.11270999999999999	-0.09840399999999999	7838700.0
2014-02-21	0.000642	0.11973699999999998	0.13178800000000002	0.117728	0.044731	8089200.0
2014-02-20	-0.002816	0.11529600000000001	0.12216300000000001	0.10871600000000001	-0.19680799999999998	8275200.0
2014-02-19	0.00218	0.11314	0.13206500000000002	0.11185	0.152077	8740000.0
2014-02-18	-0.018009999999999998	0.118998	0.12111	0.09196599999999999	-1.279221	15750700.0
2014-02-14	0.020565	0.116291	0.14589000000000002	0.10996900000000001	1.431275	10791900.0
2014-02-13	0.004001	0.11210099999999999	0.124075	0.110803	0.277336	7420600.0
2014-02-12	-0.017123	0.107804	0.113476	0.09263300000000001	-1.207665	11019700.0
2014-02-11	0.010381	0.11887400000000001	0.13334400000000002	0.112284	0.724587	10500800.0
2014-02-10	0.009313	0.11960699999999999	0.12915	0.11613599999999999	0.644096	8959700.0
2014-02-07	0.005331	0.11918	0.12499400000000001	0.115691	0.36676	7259200.0
2014-02-06	0.005886	0.11904100000000001	0.12576800000000002	0.11830999999999998	0.40255799999999997	7819700.0
2014-02-05	0.004731	0.115668	0.128303	0.111701	0.322052	9734100.0
2014-02-04	0.005152	0.122302	0.12806099999999998	0.113442	0.348869	12055400.0
2014-02-03	-0.012006999999999999	0.11889300000000001	0.119914	0.10299000000000001	-0.822998	14292700.0
2014-01-31	-0.003252	0.105656	0.122525	0.094458	-0.22364	12988800.0
2014-01-30	-0.009918000000000001	0.123775	0.123775	0.10534500000000001	-0.688813	9450500.0
2014-01-29	-0.018581999999999998	0.11349100000000001	0.11349100000000001	0.093426	-1.3149870000000001	13443100.0
2014-01-28	0.008156	0.12072100000000001	0.13283	0.117302	0.5725020000000001	10060800.0
2014-01-27	-0.008967000000000001	0.118719	0.119566	0.107142	-0.635116	10395400.0
2014-01-24	0.012014	0.133445	0.16730699999999998	0.12558699999999998	0.840874	20163200.0
2014-01-23	-0.012495000000000001	0.110535	0.114203	0.10221000000000001	-0.8856280000000001	12667700.0
2014-01-22	-0.004372999999999999	0.11775899999999999	0.12211400000000001	0.110454	-0.311302	8455600.0
2014-01-21	0.0037560000000000002	0.13633900000000002	0.138172	0.12153399999999999	0.266357	13216400.0
2014-01-17	-0.008440999999999999	0.12437100000000001	0.127446	0.115702	-0.603737	13629800.0
2014-01-16	-0.0028469999999999997	0.124376	0.126886	0.11893900000000002	-0.204193	11673300.0
2014-01-15	-0.000989	0.12395999999999999	0.130645	0.117693	-0.07104500000000001	8221900.0
2014-01-14	0.010749	0.127032	0.139138	0.126469	0.76355	8737100.0
2014-01-13	-0.003611	0.12226	0.129133	0.117772	-0.257469	9360800.0
2014-01-10	-0.001492	0.128709	0.132911	0.12324700000000001	-0.106545	8448300.0
2014-01-09	0.0022440000000000003	0.13053900000000002	0.134189	0.12337999999999999	0.159828	10833900.0
2014-01-08	-0.014493	0.120103	0.12259300000000001	0.107376	-1.0476530000000002	13458800.0
2014-01-07	0.009673000000000001	0.127306	0.139458	0.126049	0.692513	7158200.0
2014-01-06	0.002362	0.12856800000000002	0.133748	0.12422799999999999	0.168693	7208200.0
2014-01-03	-0.001117	0.129405	0.130664	0.12143399999999999	-0.079902	6925600.0
2014-01-02	-0.010687	0.125221	0.125636	0.111248	-0.772438	6981700.0
2013-12-31	-0.007195	0.123993	0.126328	0.113829	-0.5238189999999999	5765300.0
2013-12-30	-0.000122	0.126191	0.126878	0.12028499999999999	-0.008881	4145600.0
2013-12-27	0.003058	0.130874	0.136247	0.127706	0.221962	4006000.0
2013-12-26	0.005534000000000001	0.128822	0.13436199999999998	0.126051	0.399528	5347000.0
2013-12-24	0.0	0.126605	0.130484	0.125497	0.0	2899100.0
2013-12-23	-0.006476000000000001	0.130457	0.130457	0.114905	-0.470542	8653600.0
2013-12-20	-0.000733	0.12742799999999999	0.13513	0.125228	-0.053284000000000005	13206100.0
2013-12-19	-0.005827000000000001	0.120859	0.12509800000000001	0.11443299999999999	-0.426155	6442600.0
2013-12-18	0.018168	0.130504	0.147348	0.120342	1.305115	12036100.0
2013-12-17	-0.009548000000000001	0.127707	0.12853399999999998	0.11254000000000002	-0.692521	11416400.0
2013-12-16	-0.008255	0.131114	0.1359	0.115799	-0.603721	8849700.0
2013-12-13	0.00085	0.126602	0.128518	0.116201	0.062134	7441600.0
2013-12-12	-0.020471	0.123647	0.12431700000000001	0.098311	-1.527077	10176300.0
2013-12-11	0.004423	0.12754000000000001	0.137773	0.125789	0.328491	9787900.0
2013-12-10	-0.013328	0.12141300000000001	0.121678	0.108393	-1.003235	7373300.0
2013-12-09	0.003076	0.12579500000000002	0.131925	0.123929	0.23082800000000003	7395300.0
2013-12-06	0.022131	0.133684	0.151391	0.132866	1.6247479999999999	7189400.0
2013-12-05	-0.007918000000000001	0.126869	0.12768	0.11213900000000002	-0.585968	8186600.0
2013-12-04	-0.005726	0.120282	0.12176	0.109668	-0.426171	6807200.0
2013-12-03	0.00588	0.125788	0.135248	0.12484200000000001	0.435051	7533200.0
2013-12-02	-0.010449	0.123921	0.125392	0.11135	-0.781311	7497500.0
2013-11-29	-0.000712	0.132876	0.138757	0.12459100000000001	-0.053276	4954500.0
2013-11-27	-0.004253	0.129522	0.129655	0.118077	-0.319626	4905000.0
2013-11-26	-0.009015	0.12355899999999999	0.130944	0.116174	-0.683624	7111600.0
2013-11-25	0.005415	0.126461	0.137863	0.125002	0.408402	9670500.0
2013-11-22	0.003307	0.12446600000000001	0.130718	0.120475	0.248596	7436200.0
2013-11-21	-0.000236	0.128323	0.12898800000000002	0.12393399999999999	-0.017761000000000002	7287700.0
2013-11-20	0.00415	0.12592799999999998	0.134875	0.124993	0.31076	7680900.0
2013-11-19	-0.0027199999999999998	0.12286500000000002	0.126595	0.12153399999999999	-0.204208	7924200.0
2013-11-18	-0.0031829999999999996	0.125664	0.127656	0.117566	-0.239723	8507300.0
2013-11-15	0.006167	0.124324	0.13434300000000002	0.12419100000000001	0.46166899999999994	9664700.0
2013-11-14	0.00982	0.125384	0.139277	0.125384	0.72802	7580500.0
2013-11-13	0.008454000000000001	0.123199	0.13585	0.12170299999999999	0.621498	7581600.0
2013-11-12	0.0065650000000000005	0.125917	0.137008	0.124411	0.479447	8201700.0
2013-11-11	-0.00303	0.124144	0.128649	0.11963900000000001	-0.221955	6173600.0
2013-11-08	0.0023079999999999997	0.125781	0.129749	0.117435	0.168679	9768400.0
2013-11-07	-0.005917	0.12768800000000002	0.130272	0.116807	-0.435044	10087700.0
2013-11-06	0.016947	0.129233	0.149427	0.124945	1.22522	9526400.0
2013-11-05	0.0012289999999999998	0.12355799999999999	0.13200599999999998	0.11968	0.088768	4949300.0
2013-11-04	0.002218	0.130631	0.134378	0.12299700000000001	0.159828	5460100.0
2013-11-01	0.004954	0.125352	0.134418	0.124794	0.355149	6802300.0
2013-10-31	-0.009446	0.12190699999999999	0.127433	0.115275	-0.683655	7786800.0
2013-10-30	-0.011399	0.12728399999999998	0.127694	0.109528	-0.834549	6490000.0
2013-10-29	0.014268000000000001	0.128545	0.14461500000000002	0.123557	1.029876	9482900.0
2013-10-28	0.01625	0.127877	0.152515	0.125624	1.154198	9820900.0
2013-10-25	-0.007567	0.12549000000000002	0.127865	0.11095799999999999	-0.541588	9606500.0
2013-10-24	-0.003708	0.12437899999999999	0.126885	0.11714000000000001	-0.266349	7521100.0
2013-10-23	0.006594	0.12576800000000002	0.138519	0.12450699999999999	0.47056499999999996	8960700.0
2013-10-22	0.017855000000000003	0.131177	0.14971900000000002	0.13075	1.251847	9572300.0
2013-10-21	-0.005541	0.12434200000000001	0.125052	0.11257	-0.390648	6478700.0
2013-10-18	-0.000126	0.125903	0.12845499999999999	0.117252	-0.008888	7958500.0
2013-10-17	0.013786000000000001	0.124172	0.142575	0.121152	0.958885	8671300.0
2013-10-16	0.017429	0.131477	0.148153	0.130161	1.191482	6562600.0
2013-10-15	-0.014478	0.129944	0.13326	0.11639300000000001	-1.0042950000000002	11192500.0
2013-10-14	0.0033130000000000004	0.12833599999999998	0.139762	0.127179	0.22903400000000002	6326100.0
2013-10-11	0.007575	0.136737	0.143878	0.133968	0.519776	6082200.0
2013-10-10	0.012215	0.14192000000000002	0.149443	0.13808399999999998	0.8280790000000001	10121900.0
2013-10-09	0.008123	0.138852	0.147478	0.131714	0.546211	8470700.0
2013-10-08	0.008989	0.146238	0.155391	0.14113599999999998	0.5990449999999999	9656600.0
2013-10-07	-0.004867	0.12975899999999999	0.136329	0.12707100000000002	-0.32595799999999997	6373300.0
2013-10-04	0.002374	0.13723	0.139325	0.130195	0.158584	4984700.0
2013-10-03	-0.001186	0.134536	0.138273	0.124221	-0.079307	9251600.0
2013-10-02	-0.00302	0.131408	0.13483599999999998	0.124105	-0.202606	8522900.0
2013-10-01	0.007540000000000001	0.13408299999999998	0.14879900000000001	0.132881	0.502128	8076100.0
2013-09-30	-0.020981	0.129107	0.134399	0.10778900000000001	-1.427124	15028300.0
2013-09-27	-0.010763	0.130771	0.130771	0.11651800000000001	-0.740013	6551300.0
2013-09-26	0.004246	0.137909	0.141268	0.133674	0.29072600000000004	4632600.0
2013-09-25	-0.011448	0.13831	0.140621	0.121995	-0.79287	7589300.0
2013-09-24	-0.008325	0.130695	0.137998	0.125255	-0.581428	7692100.0
2013-09-23	-0.001385	0.132418	0.137851	0.12484	-0.09687799999999999	6304900.0
2013-09-20	-0.009111	0.134709	0.135984	0.12479200000000001	-0.643105	11146100.0
2013-09-19	-0.002242	0.137961	0.13838499999999998	0.12778299999999998	-0.158592	8157300.0
2013-09-18	0.005887	0.12418499999999999	0.144377	0.116649	0.414047	10372100.0
2013-09-17	-0.004117	0.132302	0.136409	0.12777	-0.29070999999999997	5457700.0
2013-09-16	0.014041999999999999	0.144755	0.151792	0.144612	0.977874	7512800.0
2013-09-13	0.010094	0.137745	0.148478	0.13731	0.6959310000000001	4894100.0
2013-09-12	-0.000127	0.13702	0.142821	0.133684	-0.008789	6944900.0
2013-09-11	0.004105	0.125086	0.139794	0.12494100000000001	0.281898	7049800.0
2013-09-10	-0.002687	0.140072	0.142105	0.129615	-0.185013	6650200.0
2013-09-09	0.013092	0.138371	0.150583	0.138371	0.8897709999999999	6089300.0
2013-09-06	0.00013000000000000002	0.13484000000000002	0.14205	0.12424500000000001	0.00882	6977400.0
2013-09-05	-0.004517	0.136453	0.137185	0.12546600000000002	-0.308327	7163200.0
2013-09-04	-0.0033450000000000003	0.131776	0.135134	0.125936	-0.22908	6031300.0
2013-09-03	-0.001797	0.140672	0.14285799999999998	0.128576	-0.12331400000000001	6743800.0
2013-08-30	0.007502	0.13836400000000001	0.146293	0.080808	0.5109560000000001	9039100.0
2013-08-29	0.005986	0.133805	0.149757	0.12878299999999998	0.405235	5961000.0
2013-08-28	-0.014365000000000001	0.13353299999999999	0.13353299999999999	0.118828	-0.9866719999999999	9008500.0
2013-08-27	-0.0072569999999999996	0.125451	0.13253299999999998	0.117646	-0.5021359999999999	7052200.0
2013-08-26	-0.018373	0.133857	0.134709	0.11413699999999999	-1.2949979999999999	6385400.0
2013-08-23	0.003009	0.13655699999999998	0.139403	0.132573	0.21142600000000003	5219600.0
2013-08-22	0.004913	0.13399	0.144715	0.127841	0.343582	6274400.0
2013-08-21	-0.0018859999999999999	0.134706	0.143555	0.12828299999999998	-0.132164	7390900.0
2013-08-20	-0.000754	0.136988	0.14240799999999998	0.13071300000000002	-0.052849	5172500.0
2013-08-19	-0.0038799999999999998	0.131441	0.13783399999999998	0.128315	-0.273086	5959400.0
2013-08-16	-0.007206999999999999	0.132172	0.135134	0.115106	-0.5109560000000001	9451600.0
2013-08-15	-0.009477	0.131083	0.132759	0.120046	-0.678345	7415300.0
2013-08-14	-0.005021	0.135273	0.136802	0.128601	-0.361191	5167500.0
2013-08-13	0.00049	0.13735899999999998	0.14028	0.131101	0.03524	4936400.0
2013-08-12	-0.000245	0.129434	0.13638599999999998	0.12679200000000002	-0.017616	4922200.0
2013-08-09	-0.00645	0.131681	0.133615	0.12159600000000001	-0.466896	6127200.0
2013-08-08	0.002562	0.137212	0.141228	0.128902	0.184998	6207900.0
2013-08-07	0.002691	0.130552	0.14166099999999998	0.130135	0.19380899999999998	5828500.0
2013-08-06	0.004177	0.13374	0.143083	0.13374	0.299523	6212500.0
2013-08-05	0.001353	0.13178299999999998	0.14016099999999998	0.130526	0.09689299999999999	4662800.0
2013-08-02	-0.004287	0.132075	0.133188	0.120118	-0.308327	6626300.0
2013-08-01	0.016687	0.15379400000000001	0.162417	0.147998	1.180466	10724800.0
2013-07-31	-0.0017399999999999998	0.135134	0.148822	0.131183	-0.12333699999999999	11857000.0
2013-07-30	0.004370000000000001	0.14080399999999998	0.146615	0.136127	0.308357	6434100.0
2013-07-29	-0.003732	0.13103900000000002	0.135981	0.130333	-0.26429	4389400.0
2013-07-26	-0.00024900000000000004	0.129629	0.135275	0.120735	-0.017623	6543500.0
2013-07-25	0.001744	0.131458	0.139377	0.129053	0.12334400000000001	6239900.0
2013-07-24	-0.0084	0.135134	0.13583499999999998	0.123636	-0.599052	5606600.0
2013-07-23	-0.003324	0.135134	0.13765	0.128985	-0.237862	4311700.0
2013-07-22	-0.0018440000000000002	0.133181	0.13625	0.128578	-0.132149	4813600.0
2013-07-19	0.013325	0.135982	0.150825	0.1316	0.9426120000000001	7862600.0
2013-07-18	0.0026219999999999998	0.134284	0.144489	0.134284	0.18502000000000002	5526000.0
2013-07-17	-0.0034590000000000003	0.136857	0.141942	0.130078	-0.244919	7644300.0
2013-07-16	-0.006625	0.140971	0.141673	0.135219	-0.47216800000000003	11208600.0
2013-07-15	-0.000491	0.141112	0.144198	0.13382	-0.034996	10024700.0
2013-07-12	0.009656999999999999	0.14222100000000001	0.15595499999999998	0.14222100000000001	0.682038	12586300.0
2013-07-11	0.012155	0.154385	0.160691	0.150659	0.848175	9185400.0
2013-07-10	0.002891	0.144787	0.151255	0.139756	0.201126	6862800.0
2013-07-09	0.010284	0.14813800000000002	0.16019	0.14813800000000002	0.708252	11456200.0
2013-07-08	0.005361	0.146557	0.15444000000000002	0.145973	0.36725599999999997	11141400.0
2013-07-05	-0.002927	0.148295	0.150187	0.132138	-0.20111099999999998	7264700.0
2013-07-03	0.001657	0.14130399999999999	0.14815699999999998	0.128911	0.11367100000000001	5339900.0
2013-07-02	0.005383	0.142611	0.152285	0.139093	0.367248	10228500.0
2013-07-01	0.013378	0.144083	0.165324	0.143786	0.900642	6699200.0
2013-06-28	-0.008754999999999999	0.142901	0.147612	0.132299	-0.594604	9865300.0
2013-06-27	0.003488	0.151911	0.158117	0.146149	0.236092	14731500.0
2013-06-26	0.009258	0.15169000000000002	0.157058	0.148558	0.620834	7326500.0
2013-06-25	0.001436	0.151403	0.15349300000000002	0.13930599999999999	0.096184	7909400.0
2013-06-24	-0.010978	0.136547	0.143637	0.117051	-0.743241	12563300.0
2013-06-21	0.02897	0.158835	0.178288	0.150324	1.9061970000000001	20055700.0
2013-06-20	-0.030407999999999998	0.137743	0.139511	0.10665	-2.063591	15555700.0
2013-06-19	-0.018092	0.143782	0.149859	0.12265699999999999	-1.250404	7424500.0
2013-06-18	0.001013	0.143492	0.147548	0.139871	0.069961	6051400.0
2013-06-17	0.011918000000000002	0.147008	0.164742	0.146861	0.813194	7359900.0
2013-06-14	-0.0051	0.144512	0.148887	0.132555	-0.349754	6825900.0
2013-06-13	0.010695999999999999	0.142753	0.159701	0.13685799999999998	0.725746	6927700.0
2013-06-12	-0.006657	0.151249	0.154909	0.134268	-0.454704	7834200.0
2013-06-11	0.000641	0.137924	0.153598	0.134554	0.043724	6781200.0
2013-06-10	0.004116	0.142755	0.150551	0.13643	0.279831	8966400.0
2013-06-07	0.012106	0.152867	0.165372	0.150336	0.813171	7839500.0
2013-06-06	0.0020870000000000003	0.142145	0.14826199999999998	0.13125499999999998	0.139908	11099900.0
2013-06-05	-0.009176	0.139351	0.141272	0.132699	-0.620811	8826900.0
2013-06-04	-0.0037340000000000003	0.144373	0.155565	0.130236	-0.25358600000000003	11379300.0
2013-06-03	0.011725	0.145276	0.157642	0.134102	0.786957	11720600.0
2013-05-31	-0.029460000000000004	0.139299	0.13958800000000002	0.109801	-2.037361	16461900.0
2013-05-30	0.002408	0.143637	0.157842	0.143637	0.16613699999999998	14761500.0
2013-05-29	-0.024239	0.133737	0.13501	0.11549200000000001	-1.7138209999999998	9992500.0
2013-05-28	-0.012457	0.146012	0.147129	0.128134	-0.891876	14372700.0
2013-05-24	0.040406	0.189848	0.196677	0.183454	2.780594	25580900.0
2013-05-23	-0.001523	0.135657	0.147845	0.135076	-0.10493499999999999	7141200.0
2013-05-22	0.000254	0.144218	0.156409	0.141025	0.017502	8873300.0
2013-05-21	-0.003667	0.144794	0.145517	0.131057	-0.253601	7377700.0
2013-05-20	-0.011622	0.143066	0.143066	0.125915	-0.813172	7307300.0
2013-05-17	-0.002245	0.139502	0.143352	0.130946	-0.157402	8549900.0
2013-05-16	-0.005949	0.140944	0.14448699999999998	0.132439	-0.419716	8065600.0
2013-05-15	0.015226	0.143637	0.165655	0.143637	1.058029	11154400.0
2013-05-14	0.011198	0.148585	0.156443	0.14582	0.769486	6867400.0
2013-05-13	-0.002159	0.140007	0.14668599999999998	0.1387	-0.148674	5420200.0
2013-05-10	0.007033	0.146562	0.152118	0.143929	0.48093400000000003	6162500.0
2013-05-09	-0.002932	0.145532	0.150198	0.13751300000000002	-0.20111800000000002	7189400.0
2013-05-08	0.0064150000000000006	0.14305	0.152001	0.133219	0.43720200000000004	12067300.0
2013-05-07	0.002444	0.14702	0.150256	0.136577	0.166153	9574200.0
2013-05-06	-0.005628	0.141296	0.146708	0.13383699999999998	-0.384773	7204200.0
2013-05-03	0.005529999999999999	0.14863800000000002	0.15393199999999999	0.14216600000000001	0.37602199999999997	7884000.0
2013-05-02	0.010001000000000001	0.149579	0.162799	0.14586500000000002	0.6732859999999999	7288200.0
2013-05-01	0.002866	0.144531	0.15853399999999998	0.14289200000000002	0.19236	8388800.0
2013-04-30	-0.011715	0.146287	0.146729	0.127737	-0.7957	9653800.0
2013-04-29	0.007523	0.15045999999999998	0.15669	0.145565	0.507149	6638100.0
2013-04-26	0.006790000000000001	0.145728	0.153195	0.143637	0.454697	8769100.0
2013-04-25	-0.0070019999999999995	0.151793	0.151793	0.132218	-0.47219099999999997	14702300.0
2013-04-24	-0.058801	0.10946900000000001	0.111144	0.073738	-4.212875	25708200.0
2013-04-23	0.014005000000000002	0.15288800000000002	0.168174	0.139443	0.989563	12684800.0
2013-04-22	-0.000368	0.150342	0.154303	0.147654	-0.026032	7530300.0
2013-04-19	0.019531	0.159251	0.17843499999999998	0.156799	1.354095	13147600.0
2013-04-18	0.010246	0.152477	0.16835999999999998	0.152039	0.703125	10896200.0
2013-04-17	-0.012984	0.150313	0.152614	0.13406099999999999	-0.9027629999999999	10964600.0
2013-04-16	0.00565	0.154643	0.160139	0.147989	0.390617	9365600.0
2013-04-15	-0.005370000000000001	0.147867	0.162973	0.14513399999999999	-0.373245	10877200.0
2013-04-12	0.005146	0.149725	0.166355	0.149147	0.35586599999999996	9383400.0
2013-04-11	0.005427	0.15392999999999998	0.164979	0.153348	0.373283	11831600.0
2013-04-10	0.012522	0.155425	0.170146	0.154542	0.850662	7947600.0
2013-04-09	-0.0067269999999999995	0.152478	0.153501	0.141512	-0.46006	6760600.0
2013-04-08	0.007157999999999999	0.15042	0.16161099999999998	0.146885	0.486099	6284500.0
2013-04-05	-0.003947	0.14235799999999998	0.149839	0.141625	-0.269096	6562600.0
2013-04-04	0.005376	0.15498900000000002	0.164722	0.15395599999999998	0.364571	8770600.0
2013-04-03	-0.010638	0.150872	0.15379	0.135698	-0.729142	8426700.0
2013-04-02	0.016216	0.154115	0.173538	0.151298	1.09372	13373600.0
2013-04-01	0.008305	0.1489	0.16385	0.147106	0.555534	7266000.0
2013-03-28	0.0	0.150395	0.153534	0.146059	0.0	8016700.0
2013-03-27	-0.004393	0.145788	0.147723	0.139685	-0.295143	5274600.0
2013-03-26	0.00939	0.157148	0.164359	0.155195	0.625008	5386000.0
2013-03-25	-0.0076359999999999996	0.152039	0.15725699999999998	0.139665	-0.512161	6843600.0
2013-03-22	0.0007769999999999999	0.151592	0.15562	0.14890599999999998	0.052101	5868400.0
2013-03-21	-0.00477	0.14966300000000002	0.153376	0.145505	-0.32119000000000003	6319500.0
2013-03-20	0.006095000000000001	0.154729	0.162647	0.15442999999999998	0.407982	8615800.0
2013-03-19	0.012473999999999999	0.15173699999999998	0.167468	0.151283	0.824623	9326400.0
2013-03-18	-0.002358	0.145399	0.15520899999999999	0.14389000000000002	-0.15623499999999998	7081800.0
2013-03-15	-0.013568	0.147425	0.15189	0.136409	-0.911438	15237000.0
2013-03-14	0.007682	0.153089	0.16209	0.152489	0.512138	8079100.0
2013-03-13	-0.004794	0.15054700000000001	0.15099400000000002	0.142336	-0.32115900000000003	6340300.0
2013-03-12	-0.002327	0.14965599999999998	0.153529	0.14682699999999999	-0.15625	7016700.0
2013-03-11	0.002203	0.149651	0.155174	0.14786	0.147568	6621000.0
2013-03-08	0.0036409999999999997	0.153687	0.15653399999999998	0.145448	0.243042	7252800.0
2013-03-07	-0.003886	0.152338	0.156367	0.145772	-0.260414	7111400.0
2013-03-06	0.001947	0.15144100000000002	0.15802	0.148451	0.130211	7194700.0
2013-03-05	0.004825	0.153542	0.162707	0.152641	0.321182	9716200.0
2013-03-04	0.002484	0.148425	0.154901	0.144207	0.164909	7631000.0
2013-03-01	0.004069	0.14478	0.160206	0.142663	0.26908899999999997	9599700.0
2013-02-28	-0.007427	0.15068800000000002	0.154441	0.143333	-0.49478199999999994	10466900.0
2013-02-27	0.008806	0.150071	0.165213	0.146285	0.5815739999999999	7567800.0
2013-02-26	0.0021079999999999996	0.153102	0.15902	0.149763	0.138901	8378900.0
2013-02-25	-0.013897999999999999	0.15323699999999998	0.162215	0.13602899999999998	-0.9287799999999999	9970400.0
2013-02-22	-0.0006490000000000001	0.15218900000000002	0.154283	0.147703	-0.043411	8433200.0
2013-02-21	-0.000519	0.14008199999999998	0.153833	0.134403	-0.034729	10305200.0
2013-02-20	-0.0038770000000000002	0.150402	0.154124	0.14519100000000001	-0.260407	9275400.0
2013-02-19	0.010975	0.15234	0.170553	0.15128699999999998	0.729142	11783500.0
2013-02-15	-0.0031260000000000003	0.15113900000000002	0.15474000000000002	0.14348699999999998	-0.208313	11165600.0
2013-02-14	0.002873	0.148127	0.158209	0.147375	0.190956	10049400.0
2013-02-13	0.007633	0.15249400000000002	0.161137	0.152039	0.503441	7113300.0
2013-02-12	0.0022429999999999998	0.154319	0.159638	0.152039	0.147583	6281000.0
2013-02-11	0.000792	0.146869	0.154625	0.142458	0.052085	6928200.0
2013-02-08	-0.005253	0.152039	0.157032	0.14311300000000002	-0.347221	9130700.0
2013-02-07	0.0	0.14946800000000002	0.156124	0.146593	0.0	9897000.0
2013-02-06	0.005945000000000001	0.146257	0.159497	0.141995	0.390625	17015800.0
2013-02-05	0.00598	0.154948	0.174085	0.153111	0.39059499999999997	14851700.0
2013-02-04	-0.008825	0.14854900000000001	0.15021900000000002	0.13732	-0.581566	11086000.0
2013-02-01	0.010112000000000001	0.154185	0.164455	0.152192	0.659683	12204000.0
2013-01-31	0.001066	0.148203	0.154801	0.145748	0.06945	11661500.0
2013-01-30	0.001067	0.148199	0.159412	0.14697000000000002	0.069435	12677800.0
2013-01-29	0.016674	0.14860399999999999	0.17608900000000002	0.148136	1.067704	17576700.0
2013-01-28	0.007098999999999999	0.159589	0.167452	0.151096	0.451347	14010000.0
2013-01-25	0.040187	0.173798	0.19833699999999999	0.173798	2.456516	28760300.0
2013-01-24	-0.003819	0.151876	0.154647	0.144054	-0.23436300000000002	8877200.0
2013-01-23	0.010579	0.150228	0.164392	0.149569	0.6423449999999999	10588600.0
2013-01-22	0.000143	0.150722	0.152698	0.14891	0.008667	8313600.0
2013-01-18	0.003875	0.15237	0.157496	0.152039	0.23435599999999998	10610800.0
2013-01-17	0.004759	0.155694	0.16234	0.152039	0.286465	6263300.0
2013-01-16	0.000317	0.15373499999999998	0.158388	0.148583	0.0191	7061000.0
2013-01-15	0.0035909999999999996	0.153541	0.166884	0.153374	0.215271	7563400.0
2013-01-14	0.0059229999999999994	0.162889	0.173963	0.161547	0.353008	11570700.0
2013-01-11	-0.000722	0.161882	0.161882	0.15702	-0.04306	12193500.0
2013-01-10	0.0056619999999999995	0.16306600000000002	0.168293	0.15800799999999998	0.335831	12855000.0
2013-01-09	0.0054	0.165787	0.171551	0.163075	0.318576	5762900.0
2013-01-08	-0.001603	0.159687	0.163241	0.157656	-0.09471900000000001	7362000.0
2013-01-07	-0.006803	0.158522	0.158522	0.149445	-0.40468200000000004	5269800.0
2013-01-04	0.00203	0.16239	0.16508499999999998	0.156832	0.12054100000000001	5853700.0
2013-01-03	-0.006340999999999999	0.162217	0.163221	0.153848	-0.378853	7741900.0
2013-01-02	0.022095	0.174381	0.18704	0.169249	1.291565	9987000.0
2012-12-31	0.01102	0.15878499999999998	0.175562	0.155845	0.637161	9061900.0
2012-12-28	-0.012064	0.157279	0.160355	0.145831	-0.706043	6463300.0
2012-12-27	-0.00044100000000000004	0.15933	0.16411199999999998	0.151303	-0.025845	7648800.0
2012-12-26	-0.007589	0.162227	0.16256600000000002	0.147481	-0.447723	6937000.0
2012-12-24	-0.002911	0.16053499999999998	0.160873	0.15326800000000002	-0.172218	3578800.0
2012-12-21	-0.015755	0.154892	0.161379	0.137427	-0.947159	17746900.0
2012-12-20	0.006923	0.16071	0.176621	0.16071	0.413315	10218200.0
2012-12-19	-0.009004	0.157894	0.161711	0.14146199999999998	-0.542469	10304800.0
2012-12-18	0.000572	0.160715	0.167192	0.153076	0.034446	13568900.0
2012-12-17	0.0	0.161712	0.16503299999999999	0.15623099999999998	0.0	8791500.0
2012-12-14	-0.002852	0.157902	0.16701	0.155584	-0.17219500000000001	8997600.0
2012-12-13	-0.008904	0.157933	0.15941	0.147264	-0.5424770000000001	8478200.0
2012-12-12	0.001415	0.163023	0.166803	0.160558	0.08609800000000001	8405900.0
2012-12-11	0.006266	0.162537	0.173784	0.160056	0.378868	9298000.0
2012-12-10	-0.0009960000000000001	0.15857000000000002	0.163527	0.157083	-0.060287	8124100.0
2012-12-07	0.004861	0.159719	0.17316800000000002	0.159719	0.29276199999999997	11590900.0
2012-12-06	0.00778	0.162551	0.175267	0.161882	0.46498500000000004	10686900.0
2012-12-05	0.001442	0.16422799999999999	0.17093	0.157525	0.086083	7623400.0
2012-12-04	-0.0038799999999999998	0.160044	0.16588599999999998	0.152867	-0.232479	6634900.0
2012-12-03	-0.00358	0.161546	0.163043	0.155891	-0.215245	7404600.0
2012-11-30	0.004748	0.159207	0.167897	0.159207	0.28413099999999997	8886800.0
2012-11-29	0.0008640000000000001	0.160878	0.1674	0.156194	0.051651	8783800.0
2012-11-28	0.006523	0.161548	0.174005	0.159865	0.387496	11255800.0
2012-11-27	-0.007051999999999999	0.156699	0.16138	0.151852	-0.42191599999999996	8154300.0
2012-11-26	-0.0015810000000000002	0.15387	0.161046	0.152368	-0.094712	7493600.0
2012-11-23	0.016357	0.166129	0.18071600000000002	0.16545	0.964363	4598200.0
2012-11-21	0.002489	0.158999	0.16478099999999998	0.15576800000000002	0.146385	6201400.0
2012-11-20	0.005595	0.159499	0.171126	0.158644	0.32719499999999996	7611600.0
2012-11-19	0.016462	0.16433399999999998	0.180498	0.162075	0.9471430000000001	8741400.0
2012-11-16	0.007539	0.16208	0.172762	0.158227	0.430516	11354200.0
2012-11-15	-0.003156	0.16539500000000001	0.16958399999999998	0.14916	-0.180817	9290000.0
2012-11-14	-0.004787	0.162075	0.165028	0.151651	-0.275528	9680100.0
2012-11-13	-0.0034289999999999998	0.15601199999999998	0.17038299999999998	0.15601199999999998	-0.19804000000000002	6769100.0
2012-11-12	0.001044	0.163806	0.168139	0.159646	0.060261	4371300.0
2012-11-09	0.001495	0.159991	0.170926	0.158776	0.086117	8147700.0
2012-11-08	-0.016897	0.16001400000000002	0.161891	0.141585	-0.990208	7917700.0
2012-11-07	-0.012620999999999999	0.159526	0.160369	0.142172	-0.749108	8849600.0
2012-11-06	0.003786	0.160196	0.166961	0.156137	0.223881	6639800.0
2012-11-05	-0.007515999999999999	0.161883	0.161883	0.14728	-0.44775	6525700.0
2012-11-02	-0.000866	0.169597	0.1701	0.158193	-0.051658	6963100.0
2012-11-01	0.000145	0.160038	0.165909	0.15970299999999998	0.008621	7703800.0
2012-10-31	-0.002881	0.16255	0.169909	0.15418800000000002	-0.172241	9095400.0
2012-10-26	-0.008990999999999999	0.15591	0.166186	0.150109	-0.542435	11945200.0
2012-10-25	0.029230000000000003	0.189868	0.208292	0.186968	1.7134740000000002	24479700.0
2012-10-24	0.00949	0.160174	0.177395	0.160174	0.551067	10209600.0
2012-10-23	-0.015474000000000002	0.152563	0.155106	0.14035599999999998	-0.912708	8030800.0
2012-10-22	-0.001021	0.157653	0.16104100000000002	0.149524	-0.060267999999999995	7516800.0
2012-10-19	-0.012956	0.15954000000000002	0.161714	0.144327	-0.77496	10125600.0
2012-10-18	0.0	0.161045	0.161881	0.154191	0.0	7358100.0
2012-10-17	0.015078999999999999	0.16328	0.181777	0.162601	0.888603	11061000.0
2012-10-16	0.004221	0.175177	0.180289	0.17228	0.247673	7702700.0
2012-10-15	0.011333	0.17660399999999998	0.187289	0.171433	0.657601	8359300.0
2012-10-12	-0.0008820000000000001	0.174877	0.17883800000000002	0.168678	-0.051227999999999996	6537400.0
2012-10-11	-0.002055	0.174181	0.17521199999999998	0.165418	-0.119575	6600700.0
2012-10-10	-0.008151	0.172451	0.175007	0.158134	-0.478253	8937500.0
2012-10-09	-0.005789	0.16786600000000002	0.173967	0.161088	-0.341617	8200100.0
2012-10-08	-0.007612000000000001	0.16839400000000002	0.16839400000000002	0.158473	-0.452629	6577000.0
2012-10-05	0.0036030000000000003	0.17766700000000002	0.178849	0.171423	0.213504	6907800.0
2012-10-04	0.003036	0.17413299999999998	0.18124200000000001	0.173286	0.179337	7792700.0
2012-10-03	0.005524	0.174831	0.18368299999999999	0.16989500000000002	0.324535	8869500.0
2012-10-02	-0.009503	0.172265	0.175469	0.15523699999999999	-0.5636479999999999	11241400.0
2012-10-01	0.0012980000000000001	0.17040999999999998	0.17783800000000002	0.166527	0.07686599999999999	8588600.0
2012-09-28	0.000865	0.170071	0.17294400000000001	0.15976500000000002	0.05122	8955100.0
2012-09-27	0.0	0.172775	0.175309	0.16686099999999998	0.0	6773100.0
2012-09-26	-0.0041670000000000006	0.169234	0.175291	0.166037	-0.24765399999999999	7698400.0
2012-09-25	-0.002437	0.169909	0.174441	0.167224	-0.14518699999999998	10026700.0
2012-09-24	0.004898	0.169567	0.17817	0.167881	0.290379	8361000.0
2012-09-21	-0.002013	0.173273	0.17546199999999998	0.16788699999999998	-0.119572	20290300.0
2012-09-20	0.004331000000000001	0.168381	0.177341	0.168381	0.256203	8652700.0
2012-09-19	0.0005780000000000001	0.16888599999999998	0.177006	0.167533	0.034156	8682900.0
2012-09-18	-0.000433	0.169902	0.178356	0.168549	-0.025612	12833500.0
2012-09-17	0.001301	0.166176	0.17244	0.16583699999999998	0.076848	11274600.0
2012-09-14	0.003628	0.169217	0.17618399999999998	0.16853800000000002	0.21352	12269800.0
2012-09-13	0.011894	0.16730599999999998	0.186047	0.16730599999999998	0.691764	10495400.0
2012-09-12	-0.002344	0.17246	0.176577	0.16731400000000002	-0.13664600000000002	6896000.0
2012-09-11	-0.0036490000000000003	0.169549	0.17331	0.16356800000000002	-0.213493	8840900.0
2012-09-10	-0.000146	0.169037	0.171942	0.164081	-0.008556999999999999	8920600.0
2012-09-07	0.004103	0.169544	0.177094	0.166455	0.239144	12656300.0
2012-09-06	0.014118	0.177703	0.187621	0.176311	0.811317	13200500.0
2012-09-05	-0.001632	0.16761600000000001	0.173349	0.16761600000000001	-0.093937	7741100.0
