2017-09-01	-0.003313	0.002039	0.004077	-0.006371	-0.130001	1797100.000000
2016-09-01	-0.009776	0.043160000000000004	0.045862	0.032053	-0.32564899999999997	4781500.0
2016-08-31	0.007824	0.044061	0.052532	0.03922	0.258606	6481300.0
2016-08-30	-0.013436000000000002	0.043463999999999996	0.049433	0.027346	-0.450168	5063400.0
2016-08-29	0.009233	0.050085000000000005	0.05611	0.041951999999999996	0.30649499999999996	3079000.0
2016-08-26	-0.018686	0.043765	0.052633000000000006	0.023369	-0.632145	3505300.0
2016-08-25	0.001702	0.04643	0.048501999999999997	0.042283999999999995	0.057469000000000006	2701200.0
2016-08-24	0.0	0.044357	0.048206	0.034289	0.0	4336800.0
2016-08-23	-0.004517	0.046124	0.054083000000000006	0.039344	-0.153248	3456600.0
2016-08-22	0.007681	0.047922	0.052675	0.041684	0.258602	4191400.0
2016-08-19	-0.012086	0.038192000000000004	0.040833	0.025574	-0.411858	4016700.0
2016-08-18	0.005937	0.041109	0.05085	0.041109	0.20114200000000002	4370200.0
2016-08-17	0.011438	0.042866	0.058989	0.03182	0.383117	6565000.0
2016-08-16	-0.012704	0.041113	0.041408	0.029912	-0.43100299999999997	4913200.0
2016-08-15	-0.023166	0.044061	0.047804	0.018722	-0.80455	5366500.0
2016-08-12	-0.003846	0.04865	0.0541	0.039471	-0.134095	3372400.0
2016-08-11	0.010269	0.044351	0.055072	0.040293999999999996	0.35439	4333000.0
2016-08-10	-0.006069	0.039452	0.042621	0.030524000000000003	-0.21072399999999997	4498600.0
2016-08-09	-0.010643999999999999	0.036367000000000003	0.042921	0.02041	-0.373535	5184400.0
2016-08-08	-0.003264	0.047753	0.052580999999999996	0.0398	-0.11493699999999998	4379100.0
2016-08-05	-0.005411	0.039541	0.043213	0.032479	-0.191563	4534800.0
2016-08-04	-0.003774	0.046031	0.048563	0.037307	-0.13409000000000001	3035300.0
2016-08-03	-0.001615	0.044061	0.046028	0.036475	-0.057464999999999995	3503800.0
2016-08-02	-0.011701999999999999	0.039896	0.04295	0.0274	-0.421436	3725700.0
2016-08-01	-0.0029170000000000003	0.042676	0.045445	0.036585	-0.105354	2768400.0
2016-07-29	0.012620999999999999	0.0435	0.057798	0.0435	0.45016000000000006	3644700.0
2016-07-28	0.005943	0.041805	0.052239999999999995	0.040112	0.210721	2564000.0
2016-07-27	-0.008304	0.041823	0.044061	0.028398000000000003	-0.296921	3738600.0
2016-07-26	-0.0053289999999999995	0.043504	0.047399000000000004	0.028204000000000003	-0.19155899999999998	4495300.0
2016-07-25	-0.004509	0.042676	0.043784	0.031598	-0.162827	3406200.0
2016-07-22	0.015350999999999998	0.044623	0.061213	0.043779000000000005	0.545945	4067400.0
2016-07-21	0.004871	0.040105	0.049994	0.036714	0.172405	3015500.0
2016-07-20	-0.005919	0.045183999999999995	0.047712	0.036476999999999996	-0.210716	3804400.0
2016-07-19	-0.004019	0.044061	0.046858	0.037067	-0.14367	3619200.0
2016-07-18	0.004576	0.04659	0.052211	0.044623	0.162823	3456800.0
2016-07-15	0.0016179999999999999	0.04575	0.048565	0.040401	0.057469000000000006	3766200.0
2016-07-14	-0.01146	0.036826	0.040165	0.03126	-0.41185	6094300.0
2016-07-13	0.005898	0.049379	0.051338	0.041542	0.210716	4166500.0
2016-07-12	-0.009033	0.037126	0.044893	0.033243	-0.32564899999999997	4980100.0
2016-07-11	0.004804999999999999	0.040995	0.049914	0.035699	0.172401	3770100.0
2016-07-08	0.013253999999999998	0.046885	0.058464	0.035306	0.469322	3948300.0
2016-07-07	-0.008847	0.044900999999999996	0.04742	0.033424	-0.31607399999999997	5092400.0
2016-07-06	-0.008506	0.043782999999999996	0.046002999999999995	0.022691	-0.306496	6336100.0
2016-07-05	0.000532	0.044061	0.047948000000000005	0.040451	0.019154	5298300.0
2016-07-01	-0.003973	0.045444	0.047656	0.031062	-0.14366900000000002	4513300.0
2016-06-30	0.018893	0.047442000000000005	0.065477	0.044343	0.670459	7844300.0
2016-06-29	0.010638	0.049472	0.055737	0.043206	0.37354299999999996	5886700.0
2016-06-28	0.002461	0.0492	0.053767999999999996	0.037209	0.086201	8153200.0
2016-06-27	-0.016406999999999998	0.033389999999999996	0.040129000000000005	0.020472	-0.584259	8933500.0
2016-06-24	-0.057302	0.001176	0.019177	-0.02159	-2.16462	16873500.0
2016-06-23	0.003307	0.048310000000000006	0.049372000000000006	0.040342	0.12450499999999999	5231500.0
2016-06-22	-0.009075	0.044061	0.049588	0.033796	-0.34479899999999997	3676900.0
2016-06-21	-0.000252	0.043008	0.050376	0.037745999999999995	-0.009579	3633100.0
2016-06-20	0.016393	0.04727	0.06492	0.044863	0.612987	7514700.0
2016-06-17	0.001026	0.042454	0.048612	0.040045	0.038311000000000005	10131400.0
2016-06-16	0.004378	0.048094	0.049976	0.038145	0.162823	5758400.0
2016-06-15	-0.004359	0.045935000000000004	0.046738	0.036833	-0.162823	6038900.0
2016-06-14	0.005673	0.046215	0.050522000000000004	0.036253	0.21072399999999997	4726600.0
2016-06-13	-0.013734	0.042998	0.048309	0.027863	-0.517219	7121800.0
2016-06-10	0.001784	0.041933	0.049115	0.040869	0.067051	4889900.0
2016-06-09	0.009776	0.044329	0.055611	0.044061	0.363964	3420800.0
2016-06-08	0.00025699999999999996	0.040568	0.045404	0.039762	0.009575	3729600.0
2016-06-07	0.0005099999999999999	0.053733	0.061797000000000005	0.052389	0.018969999999999997	4206300.0
2016-06-06	-0.002036	0.054270000000000006	0.060172	0.047295	-0.075882	4101400.0
2016-06-03	0.018927	0.064384	0.07750399999999999	0.06301699999999999	0.692425	5485300.0
2016-06-02	-0.001812	0.051542	0.053452	0.042811	-0.066403	2738300.0
2016-06-01	0.002595	0.052355	0.060015	0.051535000000000004	0.09485299999999999	4451200.0
2016-05-31	-0.003619	0.051816999999999995	0.058086	0.043913	-0.132794	5127000.0
2016-05-27	0.003372	0.055911	0.058372	0.048254000000000005	0.12331099999999999	3183000.0
2016-05-26	0.014474	0.05538	0.070362	0.052051	0.52169	3537200.0
2016-05-25	-0.001576	0.047899000000000004	0.055378	0.04319	-0.056912	2796300.0
2016-05-24	0.016288	0.059337	0.073976	0.055959	0.578595	4609200.0
2016-05-23	-0.013434999999999999	0.054826	0.05677000000000001	0.03955	-0.483746	4228700.0
2016-05-20	0.001583	0.058164999999999994	0.059276999999999996	0.050376	0.056912	3891300.0
2016-05-19	0.011206	0.048644	0.066928	0.043581	0.39838	3854200.0
2016-05-18	-0.02141	0.048214	0.051517999999999994	0.024266	-0.777786	6576300.0
2016-05-17	-0.013141	0.052369000000000006	0.053454999999999996	0.034168000000000004	-0.48375	3958400.0
2016-05-16	-0.0020570000000000002	0.050475	0.053457000000000005	0.044511	-0.075882	5012500.0
2016-05-13	-0.0005139999999999999	0.051561	0.056438	0.046142	-0.018969999999999997	4388300.0
2016-05-12	0.005167000000000001	0.052636	0.064347	0.048823000000000005	0.18970499999999998	3079600.0
2016-05-11	0.006239	0.057011	0.061944000000000006	0.050158999999999995	0.227642	3430300.0
2016-05-10	0.000781	0.060303999999999996	0.061675	0.051253	0.028461	4010000.0
2016-05-09	0.003655	0.055922	0.061978	0.053720000000000004	0.132794	3210100.0
2016-05-06	-0.000522	0.053995	0.055095000000000005	0.04189	-0.018975	3081600.0
2016-05-05	-0.001303	0.051797	0.065536	0.048775	-0.047424	4598200.0
2016-05-04	0.0076159999999999995	0.052332000000000004	0.06866699999999999	0.047902999999999994	0.275074	3740800.0
2016-05-03	-0.00704	0.052071000000000006	0.057294000000000005	0.041899	-0.256104	4723400.0
2016-05-02	0.018862999999999998	0.054270000000000006	0.080599	0.054270000000000006	0.673455	6228200.0
2016-04-29	0.009927	0.054836	0.067848	0.046067000000000004	0.350948	5431000.0
2016-04-28	0.011123000000000001	0.045975999999999996	0.066569	0.041685	0.388901	4012300.0
2016-04-27	0.010971	0.058897000000000005	0.074222	0.054270000000000006	0.37940999999999997	5312300.0
2016-04-26	-0.002462	0.054847	0.057155	0.046482	-0.08537	6044600.0
2016-04-25	0.0010960000000000002	0.053980999999999994	0.057447000000000005	0.04965	0.037938	3261200.0
2016-04-22	0.0066170000000000005	0.054270000000000006	0.06328099999999999	0.054270000000000006	0.227649	2863100.0
2016-04-21	-0.021053	0.053701	0.054270000000000006	0.028376	-0.739849	6576100.0
2016-04-20	-0.019841	0.053434	0.055665	0.032237	-0.711391	4406800.0
2016-04-19	0.001855	0.056226	0.05957899999999999	0.047563999999999995	0.06639500000000001	3349000.0
2016-04-18	0.0050609999999999995	0.057079	0.061291	0.048652999999999995	0.18021700000000002	2540500.0
2016-04-15	0.013225	0.055124	0.069636	0.052278	0.464779	3350000.0
2016-04-14	-0.0016170000000000002	0.050577	0.058247	0.049725	-0.056915	1763500.0
2016-04-13	-0.009343	0.054551999999999996	0.054551999999999996	0.037101999999999996	-0.331978	3345400.0
2016-04-12	0.007259999999999999	0.055121	0.064192	0.05171900000000001	0.256096	2252800.0
2016-04-11	-0.005615	0.052578999999999994	0.062163	0.047787	-0.199188	2136400.0
2016-04-08	0.0010710000000000001	0.05935	0.064711	0.052295	0.037945	2644900.0
2016-04-07	-0.005325	0.053427999999999996	0.05848099999999999	0.045288	-0.18970499999999998	2960600.0
2016-04-06	0.006161	0.052858	0.062178	0.042691	0.21815500000000002	3917600.0
2016-04-05	-0.018406	0.051221	0.053161	0.031261000000000004	-0.663964	4191700.0
2016-04-04	-0.00419	0.055651	0.057307000000000004	0.042952	-0.151764	2377100.0
2016-04-01	0.003152	0.055101	0.058700999999999996	0.042085000000000004	0.11382300000000001	3563900.0
2016-03-31	0.009814	0.053152	0.065176	0.050635	0.350952	4788900.0
2016-03-30	0.00266	0.057914999999999994	0.061279999999999994	0.050345	0.09485700000000001	2157500.0
2016-03-29	0.011568	0.05739	0.06675	0.052568	0.40786300000000003	3051900.0
2016-03-28	-0.000538	0.056254	0.061357	0.04775	-0.018974	1648700.0
2016-03-24	0.003508	0.054270000000000006	0.061382000000000006	0.04915	0.12330999999999999	2370600.0
2016-03-23	0.001351	0.053131	0.060822	0.046294	0.047424	4762900.0
2016-03-22	-0.00484	0.05597100000000001	0.059088999999999996	0.04775	-0.170734	4799700.0
2016-03-21	0.003508	0.057399	0.064796	0.046874	0.12330999999999999	3285500.0
2016-03-18	-0.013575	0.050622	0.057076	0.039117	-0.483745	7565900.0
2016-03-17	0.01733	0.053413999999999996	0.075681	0.049988	0.607055	5114600.0
2016-03-16	0.011504	0.054270000000000006	0.067842	0.043586	0.398377	3361600.0
2016-03-15	0.004125	0.050211	0.062099	0.049341	0.14227599999999999	2629900.0
2016-03-14	-0.00547	0.051098000000000005	0.05744199999999999	0.043601	-0.189701	2698800.0
2016-03-11	0.00027400000000000005	0.055136000000000004	0.060615999999999996	0.049655	0.009487	3440600.0
2016-03-10	0.0024690000000000003	0.053980999999999994	0.058029	0.045017	0.08537	4777500.0
2016-03-09	0.013904	0.05544299999999999	0.073034	0.05544299999999999	0.47426199999999996	4374100.0
2016-03-08	0.007848	0.053975	0.065794	0.049247000000000006	0.26558699999999996	3934100.0
2016-03-07	0.010933	0.065498	0.080732	0.060719	0.366016	5442600.0
2016-03-04	0.011628	0.057944	0.08514	0.052202	0.384804	4531900.0
2016-03-03	0.009736	0.068855	0.076178	0.05481900000000001	0.31909499999999996	4235600.0
2016-03-02	0.002584	0.061521000000000006	0.068863	0.040107	0.084462	5463700.0
2016-03-01	-0.004573	0.072502	0.075547	0.053926999999999996	-0.15015799999999999	6173700.0
2016-02-29	0.004882	0.065498	0.089061	0.059989999999999995	0.159549	6843900.0
2016-02-26	-0.042091	0.060222000000000005	0.064033	0.018599	-1.4359469999999999	9262600.0
2016-02-25	0.011689	0.06965	0.078546	0.060457000000000004	0.39418000000000003	5827700.0
2016-02-24	-0.0038810000000000003	0.063431	0.068452	0.046297000000000005	-0.131393	6767300.0
2016-02-23	0.0019440000000000002	0.065498	0.076153	0.062539	0.065697	3031300.0
2016-02-22	-0.00717	0.066086	0.068143	0.043166	-0.244019	6808600.0
2016-02-19	-0.0071200000000000005	0.065206	0.06579	0.052077	-0.244022	5287300.0
2016-02-18	0.014726	0.067571	0.085038	0.063722	0.497425	3729100.0
2016-02-17	-0.0011099999999999999	0.067569	0.070526	0.058401	-0.037533	3542300.0
2016-02-16	0.008114	0.07056699999999999	0.080703	0.061325	0.272171	4805500.0
2016-02-12	-0.004457	0.066982	0.06995	0.054516999999999996	-0.150169	4590800.0
2016-02-11	-0.010201	0.060503999999999995	0.067849	0.051985	-0.347252	4446700.0
2016-02-10	0.003875	0.062254	0.075525	0.050163	0.131389	4498000.0
2016-02-09	0.00389	0.06490599999999999	0.082077	0.058392999999999994	0.131394	5172200.0
2016-02-08	-0.0047009999999999994	0.054007000000000006	0.072865	0.049587	-0.159546	5847800.0
2016-02-05	-0.013638999999999998	0.05561699999999999	0.062301	0.041956	-0.469265	7619500.0
2016-02-04	-0.0008179999999999999	0.056205	0.08118	0.042557	-0.028152999999999997	8225200.0
2016-02-03	0.008798	0.068428	0.08542000000000001	0.065205	0.300324	7882000.0
2016-02-02	0.012528000000000001	0.055116	0.084779	0.05363300000000001	0.42233999999999994	8670800.0
2016-02-01	0.024529	0.068234	0.097105	0.066106	0.807133	10278200.0
2016-01-29	0.021562	0.076985	0.091267	0.071087	0.694511	5248900.0
2016-01-28	0.014184	0.065498	0.087854	0.057941999999999994	0.450495	3880700.0
2016-01-27	0.000295	0.061719	0.074317	0.056365	0.009382	3901000.0
2016-01-26	0.002074	0.066761	0.082226	0.062341999999999995	0.065701	4058200.0
2016-01-25	-0.007351000000000001	0.064559	0.070511	0.0561	-0.234627	4359600.0
2016-01-22	0.023472999999999997	0.07287300000000001	0.093394	0.065819	0.732046	4789700.0
2016-01-21	0.01311	0.068747	0.082066	0.059650999999999996	0.403565	5108800.0
2016-01-20	-0.02468	0.058211	0.06296399999999999	0.019558000000000002	-0.778982	8371500.0
2016-01-19	0.010213	0.07382000000000001	0.080541	0.064538	0.319101	6161400.0
2016-01-15	-0.025468	0.048343000000000004	0.060196000000000006	0.028381	-0.816511	6194400.0
2016-01-14	0.019701	0.067089	0.094442	0.056911	0.6194270000000001	6294400.0
2016-01-13	-0.00149	0.067722	0.075026	0.060735000000000004	-0.046929000000000005	4977500.0
2016-01-12	-0.010033	0.068642	0.068642	0.045691	-0.319105	5806400.0
2016-01-11	0.014975	0.071881	0.085283	0.067413	0.46926899999999994	5937800.0
2016-01-08	-0.004472	0.066451	0.074393	0.058827	-0.140784	5717700.0
2016-01-07	-0.011493999999999999	0.057334	0.062358000000000004	0.049483	-0.36602399999999996	3897700.0
2016-01-06	-0.003232	0.057047	0.068315	0.052978	-0.103242	4119100.0
2016-01-05	0.010689	0.065815	0.07878500000000001	0.051262	0.337873	5068800.0
2016-01-04	-0.013184999999999999	0.058317999999999995	0.059254999999999995	0.041772000000000004	-0.42233699999999996	5092500.0
2015-12-31	-0.006115	0.06705	0.06705	0.047192000000000005	-0.19708599999999998	3044700.0
2015-12-30	-0.002904	0.065808	0.066427	0.056836000000000005	-0.09385299999999999	2568000.0
2015-12-29	0.008787	0.07174	0.07611	0.06862	0.281559	2857900.0
2015-12-28	-0.003503	0.060833000000000005	0.066742	0.058034	-0.112625	2733700.0
2015-12-24	0.000584	0.06300900000000001	0.0711	0.061141999999999995	0.018764	1269100.0
2015-12-23	0.012718	0.07054099999999999	0.084092	0.06991	0.403573	3840100.0
2015-12-22	0.012882	0.06869	0.082416	0.05815700000000001	0.403562	4702900.0
2015-12-21	-0.007729000000000001	0.06834900000000001	0.07183300000000001	0.053778999999999993	-0.244015	3737400.0
2015-12-18	-0.008255	0.062671	0.063614	0.044138	-0.262783	6779600.0
2015-12-17	0.00266	0.064868	0.074002	0.056679999999999994	0.084463	3339300.0
2015-12-16	0.017138	0.069663	0.086322	0.068382	0.5349659999999999	5380100.0
2015-12-15	0.014953	0.06875	0.084357	0.066799	0.459873	3940400.0
2015-12-14	0.001834	0.063544	0.071362	0.054097000000000006	0.056313	4005900.0
2015-12-11	-0.006681	0.059026999999999996	0.06841	0.05385	-0.20647600000000002	3855300.0
2015-12-10	-0.014957	0.06326699999999999	0.064861	0.04765	-0.469264	3079900.0
2015-12-09	0.009665	0.06099299999999999	0.083841	0.060028	0.30033000000000004	4937000.0
2015-12-08	-0.002471	0.06318700000000001	0.066397	0.05773	-0.076962	4660100.0
2015-12-07	-0.005039	0.0738	0.079549	0.06262100000000001	-0.157755	6527100.0
2015-12-04	0.022115	0.081876	0.103423	0.081876	0.677412	5228700.0
2015-12-03	-0.005123	0.072436	0.07763300000000001	0.066915	-0.157751	5776500.0
2015-12-02	-0.029825	0.072591	0.076057	0.042657	-0.9465180000000001	5805800.0
2015-12-01	0.0047	0.08269800000000001	0.08713	0.070668	0.148472	7239000.0
2015-11-30	0.011590000000000001	0.079874	0.09876900000000001	0.077312	0.361902	6453100.0
2015-11-27	0.0	0.07763300000000001	0.082116	0.075391	0.0	2026400.0
2015-11-25	-0.008251999999999999	0.076997	0.07763300000000001	0.061435000000000003	-0.259826	3172800.0
2015-11-24	-0.001178	0.071605	0.07795	0.062088	-0.037123	4136200.0
2015-11-23	-0.015362	0.09106399999999999	0.09325	0.057329	-0.49181400000000003	4436600.0
2015-11-20	0.011433	0.084583	0.099432	0.07984400000000001	0.36190100000000003	6515100.0
2015-11-19	0.014575	0.081479	0.095262	0.08115900000000001	0.45470600000000005	4281100.0
2015-11-18	0.007492	0.078601	0.088612	0.065684	0.231987	3662900.0
2015-11-17	-0.019393999999999998	0.07383300000000001	0.082066	0.05293200000000001	-0.612448	3353300.0
2015-11-16	0.029339999999999998	0.079588	0.109577	0.078936	0.900114	4382300.0
2015-11-13	-0.0075049999999999995	0.079574	0.09025	0.066633	-0.231989	4640300.0
2015-11-12	-0.020006	0.073511	0.087144	0.055438999999999995	-0.631016	7406600.0
2015-11-11	0.021334	0.082814	0.102566	0.080871	0.6588579999999999	4481000.0
2015-11-10	0.006959	0.07828500000000001	0.08806699999999999	0.077307	0.213432	3427700.0
2015-11-09	-0.000907	0.074701	0.080564	0.06264700000000001	-0.027839999999999997	3387100.0
2015-11-06	-0.033313999999999996	0.058423	0.06251699999999999	0.032285	-1.05788	6791700.0
2015-11-05	-0.008690999999999999	0.075759	0.08012999999999999	0.068267	-0.278387	2259000.0
2015-11-04	0.004949	0.07575	0.085476	0.075123	0.15775699999999998	3289400.0
2015-11-03	0.005857	0.076055	0.08520599999999999	0.069428	0.185594	3143000.0
2015-11-02	-0.007268000000000001	0.07544	0.080139	0.059775999999999996	-0.231998	5790600.0
2015-10-30	0.018053	0.082416	0.099638	0.07858899999999999	0.5660609999999999	5514800.0
2015-10-29	0.011071	0.08988600000000001	0.094078	0.06409	0.343346	7157700.0
2015-10-28	-0.025656	0.078889	0.082974	0.040874	-0.816605	7043500.0
2015-10-27	-0.000874	0.073238	0.07826	0.069471	-0.027839999999999997	2963700.0
2015-10-26	0.004389	0.079524	0.082362	0.06880499999999999	0.13919700000000002	3262700.0
2015-10-23	-0.016403	0.075152	0.075772	0.055925	-0.528937	3130600.0
2015-10-22	0.014597999999999998	0.080464	0.098713	0.078891	0.463976	3655900.0
2015-10-21	-0.000875	0.082348	0.086749	0.074175	-0.027839	2871300.0
2015-10-20	-0.000292	0.073861	0.082347	0.069147	-0.00928	3590700.0
2015-10-19	-0.004933	0.07044	0.07763300000000001	0.06356	-0.157751	4629700.0
2015-10-16	0.007897	0.08330599999999999	0.088979	0.077317	0.250546	4364400.0
2015-10-15	0.015143	0.08179199999999999	0.09779	0.076353	0.473261	4655500.0
2015-10-14	0.007478	0.0786	0.089882	0.076343	0.231988	3915800.0
2015-10-13	0.000299	0.075375	0.082469	0.06989400000000001	0.009284	5841800.0
2015-10-12	0.011807	0.07763300000000001	0.092641	0.07763300000000001	0.361904	4200800.0
2015-10-09	-0.001813	0.075678	0.079912	0.071771	-0.05567999999999999	5295800.0
2015-10-08	0.014098	0.075321	0.09414600000000001	0.07102699999999999	0.42686499999999994	6386500.0
2015-10-07	-0.013007	0.077958	0.080566	0.059052999999999994	-0.399027	7000500.0
2015-10-06	-0.012545	0.077311	0.078276	0.058963999999999996	-0.38974000000000003	5045000.0
2015-10-05	0.013316999999999999	0.082199	0.093941	0.076328	0.408301	5862000.0
2015-10-02	0.013497	0.08325199999999999	0.094822	0.07531900000000001	0.408306	7273600.0
2015-10-01	-0.008817	0.081237	0.081237	0.05567999999999999	-0.26911199999999996	8029000.0
2015-09-30	0.021111	0.082316	0.101052	0.079975	0.6310140000000001	5785000.0
2015-09-29	0.009718000000000001	0.079322	0.09148300000000001	0.07797	0.287668	6507500.0
2015-09-28	-0.0021899999999999997	0.080666	0.086397	0.072239	-0.064958	7474400.0
2015-09-25	0.01235	0.07865599999999999	0.098107	0.072173	0.361906	4284100.0
2015-09-24	0.016087999999999998	0.07347200000000001	0.09913	0.072085	0.46398100000000003	5739800.0
2015-09-23	0.001288	0.080063	0.08284	0.071383	0.037113	3180500.0
2015-09-22	-0.009256	0.07281699999999999	0.07763300000000001	0.059059	-0.269104	6594400.0
2015-09-21	0.011951	0.081113	0.09085900000000001	0.079373	0.343344	4777400.0
2015-09-18	0.005195	0.07273400000000001	0.092677	0.07273400000000001	0.148472	7144000.0
2015-09-17	0.015496000000000001	0.078699	0.10641199999999999	0.075501	0.43614200000000003	4979800.0
2015-09-16	0.008311	0.079424	0.09124600000000001	0.078349	0.23199099999999998	3729500.0
2015-09-15	0.007705	0.079799	0.08738	0.071495	0.21342600000000003	3395400.0
2015-09-14	0.006067	0.079085	0.092887	0.078359	0.167036	4727000.0
2015-09-11	0.0050810000000000004	0.07288700000000001	0.083108	0.065221	0.139193	3738300.0
2015-09-10	0.00374	0.078365	0.09265599999999999	0.077266	0.102077	4947300.0
2015-09-09	-0.01573	0.08196	0.083764	0.058517999999999994	-0.43614200000000003	5553600.0
2015-09-08	0.020074	0.09301	0.1	0.086021	0.5456409999999999	5852700.0
2015-09-04	-0.019497999999999998	0.08216	0.084325	0.067371	-0.540519	4138500.0
2015-09-03	0.0036479999999999998	0.09515900000000001	0.103486	0.088643	0.100774	3508700.0
2015-09-02	0.005	0.103546	0.10572899999999999	0.086809	0.137423	4539700.0
2015-09-01	-0.031945999999999995	0.077802	0.08026799999999999	0.050681	-0.906977	6138900.0
2015-08-31	-0.012114	0.087711	0.088755	0.06579	-0.348135	4992300.0
2015-08-28	-0.011968000000000001	0.090508	0.091195	0.063348	-0.34813099999999997	4667000.0
2015-08-27	0.015026	0.099565	0.10828900000000001	0.09084099999999999	0.430584	3626700.0
2015-08-26	0.02423	0.10583499999999998	0.121919	0.09046699999999999	0.67794	6394900.0
2015-08-25	-0.026458	0.109981	0.112764	0.061963	-0.760393	6989200.0
2015-08-24	-0.046505	0.05803	0.07727300000000001	0.035137	-1.401693	7913900.0
2015-08-21	-0.014085	0.087287	0.09481	0.076165	-0.43058599999999997	4154200.0
2015-08-20	-0.004475	0.084375	0.101634	0.081118	-0.137419	3333000.0
2015-08-19	0.0026920000000000004	0.087947	0.099375	0.082723	0.082453	2775700.0
2015-08-18	-0.0044670000000000005	0.089263	0.09056399999999999	0.082112	-0.137419	3044100.0
2015-08-17	0.006595	0.095465	0.102009	0.088921	0.201548	3477100.0
2015-08-14	0.006335	0.091539	0.101088	0.08429500000000001	0.192392	2515600.0
2015-08-13	-0.003007	0.08792799999999999	0.092852	0.07611	-0.091611	5110100.0
2015-08-12	0.018377	0.087861	0.11260099999999999	0.08719299999999999	0.549678	6089500.0
2015-08-11	0.007405	0.096928	0.105347	0.08985499999999999	0.21987600000000002	3975500.0
2015-08-10	0.001545	0.09018999999999999	0.101996	0.09018999999999999	0.045805	3252800.0
2015-08-07	0.008414	0.091199	0.107526	0.081675	0.247358	5414200.0
2015-08-06	0.011346	0.092227	0.105299	0.08190700000000001	0.329811	3003300.0
2015-08-05	0.006343	0.096386	0.104002	0.09327	0.183226	3036900.0
2015-08-04	-0.010979000000000001	0.087773	0.090512	0.077843	-0.32065	2881200.0
2015-08-03	0.0022010000000000003	0.094627	0.10149	0.087764	0.06412999999999999	4393400.0
2015-07-31	0.009521	0.099853	0.111284	0.099506	0.27484200000000003	3787900.0
2015-07-30	0.0067090000000000006	0.08595900000000001	0.100606	0.08561	0.192388	4287000.0
2015-07-29	0.0025629999999999997	0.08909199999999999	0.094336	0.08419700000000001	0.07329400000000001	3278600.0
2015-07-28	0.005151	0.09681000000000001	0.101379	0.090485	0.14658	3603600.0
2015-07-27	0.011726	0.092961	0.109672	0.092606	0.329809	3582100.0
2015-07-24	-0.00032599999999999996	0.090473	0.09616	0.085497	-0.009159	3662500.0
2015-07-23	-0.008715	0.090482	0.091539	0.076741	-0.24735900000000002	4534800.0
2015-07-22	0.002589	0.091186	0.102137	0.09083300000000001	0.07329400000000001	4076100.0
2015-07-21	-0.00451	0.086616	0.091539	0.083099	-0.128261	3326800.0
2015-07-20	-0.001929	0.091539	0.092241	0.081009	-0.054974	3179000.0
2015-07-17	-0.010184	0.08945499999999999	0.08945499999999999	0.080075	-0.29316	3527400.0
2015-07-16	0.006084	0.091539	0.102024	0.09118899999999999	0.174067	4679200.0
2015-07-15	0.007745	0.091539	0.099992	0.08379	0.219875	4693800.0
2015-07-14	0.000646	0.095063	0.098588	0.08731	0.018322	3470300.0
2015-07-13	-0.001934	0.096112	0.09751900000000001	0.084152	-0.054967999999999996	3792100.0
2015-07-10	0.012729	0.096527	0.114695	0.092964	0.357295	7854900.0
2015-07-09	-0.006807	0.096139	0.09932300000000001	0.080217	-0.192391	4454100.0
2015-07-08	-0.0025859999999999998	0.08659800000000001	0.09365599999999999	0.083775	-0.07329	5764800.0
2015-07-07	0.030313	0.095539	0.12899000000000002	0.095539	0.833685	7925500.0
2015-07-06	0.007382	0.094835	0.10179500000000001	0.090806	0.201548	7680100.0
2015-07-02	0.008459999999999999	0.098927	0.108161	0.09375499999999999	0.229032	5986700.0
2015-07-01	0.002715	0.098576	0.099317	0.085983	0.073296	5556100.0
2015-06-30	0.000679	0.096357	0.097099	0.087091	0.018322	6454200.0
2015-06-29	-0.010084000000000001	0.09227300000000001	0.10401400000000001	0.080165	-0.274841	5166400.0
2015-06-26	0.003711	0.091171	0.10185	0.086751	0.100772	4237400.0
2015-06-25	-0.0026920000000000004	0.095212	0.09778300000000001	0.087132	-0.073288	3431000.0
2015-06-24	-0.011311	0.091539	0.096986	0.079193	-0.311485	4777100.0
2015-06-23	-0.017968	0.090112	0.092609	0.07085599999999999	-0.503881	3934000.0
2015-06-22	0.00262	0.10440999999999999	0.10584	0.091896	0.073291	3808300.0
2015-06-19	-0.009409	0.087289	0.09614299999999999	0.080914	-0.265678	4645900.0
2015-06-18	0.015152	0.09189800000000001	0.11311099999999999	0.091539	0.42142299999999994	4600800.0
2015-06-17	0.010989	0.090449	0.10607799999999999	0.088631	0.30232800000000004	4897400.0
2015-06-16	0.003676	0.091539	0.0992	0.085337	0.100771	5661300.0
2015-06-15	-0.007628	0.09081499999999999	0.094073	0.083212	-0.210709	3994600.0
2015-06-12	-0.012447	0.086891	0.090824	0.07687999999999999	-0.348135	3058500.0
2015-06-11	0.010258	0.100569	0.10526400000000001	0.094428	0.284005	5840400.0
2015-06-10	0.003987	0.100242	0.105682	0.092989	0.10993499999999999	5853100.0
2015-06-09	-0.000664	0.093351	0.096612	0.089364	-0.018322	5472000.0
2015-06-08	-0.014946000000000001	0.089504	0.091289	0.07451100000000001	-0.41867	7184700.0
2015-06-05	-0.015898	0.093261	0.094667	0.080263	-0.45255100000000004	6069000.0
2015-06-04	-0.00031800000000000003	0.103449	0.11293199999999999	0.101694	-0.009054000000000001	5658200.0
2015-06-03	-0.011003	0.10797999999999999	0.11041199999999998	0.089919	-0.316782	6317400.0
2015-06-02	-0.017748	0.10366800000000001	0.106056	0.079786	-0.52023	10570500.0
2015-06-01	0.0017289999999999999	0.105491	0.11313	0.10008	0.050581	5413400.0
2015-05-29	-0.0025859999999999998	0.10326700000000001	0.108029	0.09787	-0.07587	3895600.0
2015-05-28	0.00375	0.104854	0.112821	0.100074	0.109588	4665300.0
2015-05-27	0.010198	0.10936099999999999	0.119341	0.10678599999999999	0.295054	4084300.0
2015-05-26	-0.002905	0.10421199999999999	0.105496	0.096509	-0.084297	4059900.0
2015-05-22	-0.004051	0.101018	0.10645299999999999	0.09110700000000001	-0.118029	3860700.0
2015-05-21	-0.008320999999999999	0.10453699999999999	0.108976	0.09249	-0.244469	4910200.0
2015-05-20	0.007225	0.10581199999999999	0.120501	0.1023	0.21075300000000002	5085900.0
2015-05-19	0.009335	0.099375	0.120003	0.095185	0.269764	7058500.0
2015-05-18	0.010315000000000001	0.099319	0.117879	0.096714	0.29505	3802300.0
2015-05-15	0.010423	0.108145	0.12031800000000001	0.10617	0.295053	3141500.0
2015-05-14	0.008711	0.109169	0.117798	0.107178	0.244473	3509200.0
2015-05-13	-0.010404	0.10584	0.108796	0.086462	-0.295052	4540800.0
2015-05-12	-0.003259	0.099289	0.105182	0.092414	-0.092731	4347400.0
2015-05-11	-0.004425	0.099966	0.11560899999999999	0.09898799999999999	-0.126452	4545700.0
2015-05-08	0.014969999999999999	0.12437100000000001	0.132641	0.11411700000000001	0.421505	5852400.0
2015-05-07	0.000599	0.111143	0.120742	0.098565	0.016857	5830900.0
2015-05-06	-0.010962999999999999	0.103218	0.107801	0.077683	-0.31190999999999997	6278500.0
2015-05-05	-0.020319	0.099723	0.10260899999999999	0.080801	-0.5901069999999999	3992100.0
2015-05-04	0.007605	0.105824	0.122305	0.10323900000000001	0.21918400000000002	3381400.0
2015-05-01	0.0047020000000000005	0.107776	0.11167200000000001	0.09608799999999999	0.13488	5120800.0
2015-04-30	-0.011043	0.10324900000000001	0.107423	0.085589	-0.320343	6383400.0
2015-04-29	0.001164	0.093925	0.10871199999999999	0.091674	0.03372	3939900.0
2015-04-28	0.010288	0.100957	0.116871	0.09803400000000001	0.29505	4125500.0
2015-04-27	-0.016194	0.09399099999999999	0.110286	0.084725	-0.47208199999999995	4652800.0
2015-04-24	0.00993	0.104532	0.120343	0.100337	0.286623	4599100.0
2015-04-23	0.007948	0.103228	0.12176700000000001	0.102578	0.22761199999999998	4560800.0
2015-04-22	0.010711	0.10682699999999999	0.11931800000000001	0.101238	0.30348400000000003	4956900.0
2015-04-21	-0.005621	0.10648900000000001	0.11466099999999999	0.095702	-0.16017	2662700.0
2015-04-20	0.015319999999999999	0.107841	0.1251	0.107841	0.429932	3719000.0
2015-04-17	-0.0050810000000000004	0.100562	0.109477	0.096599	-0.14331300000000002	3269100.0
2015-04-16	-0.00298	0.104525	0.104525	0.088394	-0.084299	4894100.0
2015-04-15	-0.00886	0.105833	0.115622	0.093434	-0.25290300000000004	5359400.0
2015-04-14	0.009842	0.110126	0.11803499999999999	0.105843	0.278194	3120900.0
2015-04-13	-0.015271999999999999	0.102583	0.10323199999999999	0.087008	-0.43836400000000003	3560100.0
2015-04-10	0.009787	0.10616500000000001	0.119599	0.104854	0.27819299999999997	4348300.0
2015-04-09	-0.010563	0.101288	0.10290899999999999	0.083133	-0.30348400000000003	4829800.0
2015-04-08	0.004125	0.10745899999999999	0.11169100000000001	0.098018	0.118021	3894000.0
2015-04-07	-0.012798	0.104854	0.10549700000000001	0.089429	-0.370924	3398300.0
2015-04-06	0.015657	0.108118	0.129334	0.10648599999999998	0.446798	4715700.0
2015-04-02	0.005346	0.10387	0.11666800000000001	0.10387	0.15174100000000001	3593600.0
2015-04-01	0.000297	0.09074	0.10747999999999999	0.077939	0.008427	6185700.0
2015-03-31	0.00298	0.101562	0.11374300000000001	0.100245	0.084301	6235900.0
2015-03-30	0.012368	0.10852	0.121519	0.099522	0.345631	4437300.0
2015-03-27	0.0039369999999999995	0.10686199999999998	0.118573	0.09983500000000001	0.10959200000000001	3249300.0
2015-03-26	-0.002718	0.102185	0.11486500000000001	0.098848	-0.075874	4925800.0
2015-03-25	-0.020704	0.10583499999999998	0.11106300000000001	0.079692	-0.5901	11660300.0
2015-03-24	-0.010246	0.106795	0.11164600000000001	0.09127	-0.295053	5989500.0
2015-03-23	-0.005821	0.104854	0.10581900000000001	0.092314	-0.168602	5616100.0
2015-03-20	0.019887000000000002	0.11174100000000001	0.130434	0.109446	0.564814	11664300.0
2015-03-19	-0.010573	0.099987	0.106801	0.088306	-0.303481	6554600.0
2015-03-18	0.05450599999999999	0.105196	0.171234	0.102459	1.483691	13900700.0
2015-03-17	-0.000309	0.100066	0.112722	0.098355	-0.008427	4497300.0
2015-03-16	0.015722999999999997	0.10937100000000001	0.128828	0.10937100000000001	0.42150299999999996	3724700.0
2015-03-13	-0.003447	0.10208400000000001	0.104854	0.091351	-0.092731	4632700.0
2015-03-12	0.016242	0.112947	0.127022	0.111891	0.429929	5084900.0
2015-03-11	-0.007271	0.108697	0.110793	0.093677	-0.19388699999999998	3499500.0
2015-03-10	-0.0034659999999999995	0.101373	0.115645	0.097196	-0.09273200000000001	5194000.0
2015-03-09	0.0	0.10937999999999999	0.114949	0.097196	0.0	5694300.0
2015-03-06	-0.039258999999999995	0.088902	0.088902	0.056797	-1.093382	7587600.0
2015-03-05	0.0048119999999999994	0.122369	0.131442	0.11699200000000001	0.133375	5974600.0
2015-03-04	-0.007462999999999999	0.113326	0.113326	0.099985	-0.2084	4288700.0
2015-03-03	0.002994	0.115321	0.12368499999999999	0.108296	0.08336	4128500.0
2015-03-02	-0.020528	0.11503499999999998	0.117001	0.087184	-0.583515	7322000.0
2015-02-27	-0.005251	0.12058800000000001	0.12058800000000001	0.10885399999999999	-0.150043	5741400.0
2015-02-26	-0.009821	0.11990999999999999	0.121847	0.101837	-0.283427	4706500.0
2015-02-25	-0.017872	0.11384200000000001	0.117328	0.09450599999999999	-0.525165	4633900.0
2015-02-24	0.002275	0.115422	0.12717699999999998	0.111928	0.066687	4216400.0
2015-02-23	0.005432	0.119564	0.123397	0.11094000000000001	0.158382	3515000.0
2015-02-20	-0.005118999999999999	0.116693	0.1186	0.096037	-0.150045	6122500.0
2015-02-19	-0.00734	0.117644	0.118906	0.102818	-0.216734	5178500.0
2015-02-18	0.024588	0.11603599999999999	0.146094	0.115389	0.708557	5468900.0
2015-02-17	-0.0034590000000000003	0.112819	0.12151500000000001	0.10541099999999999	-0.100037	5927500.0
2015-02-13	-0.004591	0.113481	0.11668699999999999	0.098733	-0.133373	5464600.0
2015-02-12	0.0034549999999999997	0.11765	0.12472799999999999	0.11379	0.10003300000000001	5363800.0
2015-02-11	-0.016146999999999998	0.109732	0.11226400000000002	0.093589	-0.475149	4590600.0
2015-02-10	0.018759	0.11636099999999999	0.139256	0.11636099999999999	0.541833	4416900.0
2015-02-09	-0.016184	0.113521	0.118915	0.095121	-0.475149	6660800.0
2015-02-06	-0.030286	0.111791	0.11456	0.077644	-0.916954	7253700.0
2015-02-05	0.014242	0.127625	0.146346	0.12138499999999999	0.425133	3955600.0
2015-02-04	-0.015668	0.11456400000000001	0.117328	0.098286	-0.47515100000000005	4436200.0
2015-02-03	0.013371000000000001	0.11608399999999999	0.132268	0.109548	0.400131	5993500.0
2015-02-02	0.011267000000000001	0.117328	0.129918	0.103165	0.333431	5462000.0
2015-01-30	-0.011142	0.113282	0.11888499999999999	0.102701	-0.333431	5998500.0
2015-01-29	0.010698000000000001	0.11418299999999999	0.131484	0.10726300000000001	0.316765	4583900.0
2015-01-28	-0.0050420000000000005	0.112008	0.127344	0.108878	-0.150045	5649700.0
2015-01-27	-0.00028	0.11263499999999999	0.122022	0.110758	-0.008341	3401800.0
2015-01-26	-0.0016769999999999999	0.11326800000000001	0.11576700000000001	0.103272	-0.050017	2823300.0
2015-01-23	0.001961	0.121084	0.126405	0.117329	0.05835800000000001	3127200.0
2015-01-22	-0.008884	0.12384300000000001	0.124773	0.097166	-0.266755	4796200.0
2015-01-21	0.012081999999999999	0.11199100000000001	0.133654	0.10853800000000001	0.358448	4621900.0
2015-01-20	0.007359	0.122705	0.126816	0.11669600000000001	0.216732	4173300.0
2015-01-16	0.000283	0.118277	0.118277	0.10973599999999999	0.008337	5624400.0
2015-01-15	0.002839	0.117328	0.12494200000000001	0.113521	0.083359	4668600.0
2015-01-14	0.012069	0.11604400000000001	0.132419	0.11411800000000001	0.350109	4764200.0
2015-01-13	-0.01052	0.125271	0.13353099999999998	0.10335	-0.308427	11210500.0
2015-01-12	-0.005092	0.121121	0.122386	0.101525	-0.150046	5430400.0
2015-01-09	-0.005065999999999999	0.121102	0.122675	0.110096	-0.150047	4703800.0
2015-01-08	-0.003925	0.12171400000000002	0.126413	0.10887100000000001	-0.116701	5903400.0
2015-01-07	0.0045060000000000005	0.119531	0.12928499999999998	0.11260899999999999	0.133373	4335800.0
2015-01-06	-0.00028199999999999997	0.115441	0.129911	0.109779	-0.008337	5634500.0
2015-01-05	-0.023102	0.110568	0.11609900000000001	0.083833	-0.700218	5920000.0
2015-01-02	0.000826	0.12194200000000001	0.12501700000000002	0.10687200000000001	0.025003	4041800.0
2014-12-31	-0.023912	0.11882899999999999	0.120931	0.08911000000000001	-0.741901	3771100.0
2014-12-30	-0.018977	0.1135	0.114972	0.094063	-0.600188	2544000.0
2014-12-29	0.016068	0.117627	0.141267	0.117627	0.500153	4116800.0
2014-12-26	0.009462	0.117631	0.134546	0.117631	0.291765	4165100.0
2014-12-24	0.016488	0.117022	0.141278	0.117022	0.500159	2765000.0
2014-12-23	0.010272	0.121361	0.132838	0.118879	0.308427	2799700.0
2014-12-22	0.000278	0.13129100000000002	0.131602	0.10615799999999999	0.008339	4293100.0
2014-12-19	0.004183	0.115771	0.130415	0.11172	0.125038	7217100.0
2014-12-18	0.029276999999999997	0.124705	0.150361	0.120215	0.850266	5592700.0
2014-12-17	0.018713999999999998	0.12059600000000001	0.142158	0.11896199999999998	0.533503	4215400.0
2014-12-16	-0.006392	0.119276	0.130638	0.10726500000000001	-0.183392	4593100.0
2014-12-15	-0.017133000000000002	0.11828599999999999	0.122752	0.097228	-0.500156	4538300.0
2014-12-12	-0.008494	0.113849	0.123339	0.10688900000000001	-0.250081	3537700.0
2014-12-11	0.00972	0.11988399999999999	0.137771	0.11988399999999999	0.283423	3523700.0
2014-12-10	-0.012980000000000002	0.117644	0.125526	0.10188	-0.38345300000000004	3235800.0
2014-12-09	0.006246	0.11288699999999999	0.13033499999999998	0.11288699999999999	0.183389	3898900.0
2014-12-08	0.009835	0.11902599999999999	0.13376300000000002	0.11902599999999999	0.285923	3908300.0
2014-12-05	-0.010665000000000001	0.12103699999999999	0.13118	0.11216300000000001	-0.313415	4385500.0
2014-12-04	-0.007520999999999999	0.12770499999999999	0.13431099999999999	0.11763900000000001	-0.222689	4341200.0
2014-12-03	0.000557	0.128333	0.132425	0.125501	0.016489	6258400.0
2014-12-02	0.007865	0.127375	0.138794	0.12166500000000001	0.230946	4380600.0
2014-12-01	0.00197	0.127689	0.13627	0.12228599999999999	0.057735	3419700.0
2014-11-28	0.008229	0.13408499999999998	0.14498	0.13023900000000002	0.23918000000000003	1737200.0
2014-11-26	0.0011359999999999999	0.127994	0.135373	0.127032	0.032989	3083900.0
2014-11-25	0.001423	0.132169	0.133133	0.11964000000000001	0.041243	4137900.0
2014-11-24	-0.010138	0.13214	0.134684	0.11528499999999998	-0.296917	3652400.0
2014-11-21	0.007090000000000001	0.141128	0.141128	0.127676	0.20619	4427100.0
2014-11-20	-0.0036729999999999996	0.131831	0.131831	0.120343	-0.10722000000000001	4210100.0
2014-11-19	-0.006456999999999999	0.126108	0.128961	0.11786500000000001	-0.189699	5360700.0
2014-11-18	-0.0005610000000000001	0.131813	0.13815	0.12484200000000001	-0.016497	3570800.0
2014-11-17	0.005643	0.128959	0.1382	0.124498	0.164957	5112200.0
2014-11-14	-0.007561	0.125167	0.127697	0.11852599999999999	-0.222688	5247600.0
2014-11-13	-0.004183	0.131167	0.13904	0.12203499999999999	-0.12372000000000001	3481000.0
2014-11-12	-0.019415	0.116	0.12094	0.10395599999999999	-0.585587	6025300.0
2014-11-11	-0.00571	0.127743	0.130199	0.119453	-0.173202	3785300.0
2014-11-10	0.0073950000000000005	0.125876	0.138248	0.12463800000000001	0.222688	4628400.0
2014-11-07	0.014447999999999999	0.129592	0.145594	0.12676800000000002	0.42888100000000007	4466900.0
2014-11-06	-0.010992	0.127416	0.127416	0.10538299999999999	-0.32991	8247200.0
2014-11-05	0.0415	0.144145	0.177112	0.138651	1.195926	12069700.0
2014-11-04	-0.005692	0.127671	0.138276	0.117709	-0.164955	3511700.0
2014-11-03	0.004287	0.130246	0.137669	0.12605	0.12371300000000002	4649200.0
2014-10-31	0.004882	0.134143	0.13576400000000002	0.12473800000000002	0.140217	6966700.0
2014-10-30	0.008983	0.131241	0.14465799999999998	0.127969	0.255682	7648400.0
2014-10-29	-0.009188	0.129602	0.133168	0.107879	-0.263936	3494400.0
2014-10-28	0.004615	0.13025499999999998	0.13449	0.120484	0.13197	4112900.0
2014-10-27	0.004054	0.132221	0.136473	0.125026	0.115469	3338800.0
2014-10-24	0.00524	0.12829200000000002	0.137497	0.125004	0.148456	2764300.0
2014-10-23	-0.000291	0.137494	0.139138	0.12599100000000002	-0.008246999999999999	3919400.0
2014-10-22	0.012375	0.131274	0.148243	0.130276	0.346405	5036500.0
2014-10-21	0.0	0.131607	0.133936	0.122623	0.0	3150200.0
2014-10-20	0.017691	0.130971	0.149595	0.129616	0.486616	4031800.0
2014-10-17	0.009077	0.13611099999999998	0.141237	0.12244400000000001	0.24743099999999998	5131500.0
2014-10-16	0.017236	0.11641800000000001	0.152566	0.115375	0.46187799999999996	6570600.0
2014-10-15	-0.032748	0.126588	0.133648	0.07985700000000001	-0.907257	12542900.0
2014-10-14	-0.001486	0.134985	0.147405	0.12021400000000002	-0.041237	9774400.0
2014-10-13	-0.004144	0.13195199999999999	0.141647	0.124598	-0.11546500000000001	4762000.0
2014-10-10	0.002374	0.131959	0.14971900000000002	0.128608	0.065984	4859000.0
2014-10-09	-0.016633000000000002	0.12796	0.136528	0.11049500000000001	-0.470125	5179200.0
2014-10-08	0.020548	0.131632	0.15349100000000002	0.12995	0.569094	4007900.0
2014-10-07	0.0032869999999999996	0.127591	0.14851	0.125566	0.090725	3972100.0
2014-10-06	-0.000299	0.129952	0.13433699999999998	0.121857	-0.008246999999999999	1751600.0
2014-10-03	0.009955	0.133025	0.143926	0.12178299999999999	0.27217399999999997	2682700.0
2014-10-02	0.001511	0.128937	0.13780699999999999	0.126549	0.041243	3310600.0
2014-10-01	0.007917	0.13305999999999998	0.150598	0.131685	0.214437	5321100.0
2014-09-30	-0.003036	0.132021	0.142991	0.122421	-0.082475	4403000.0
2014-09-29	0.006723999999999999	0.125136	0.139287	0.12272000000000001	0.181452	3357100.0
2014-09-26	-0.003047	0.13134300000000002	0.132375	0.11517100000000001	-0.082478	3036100.0
2014-09-25	0.00122	0.129623	0.13858	0.128244	0.032993	4238000.0
2014-09-24	-0.009967	0.130642	0.131665	0.112224	-0.27218000000000003	4657900.0
2014-09-23	-0.0063030000000000004	0.1286	0.13131099999999998	0.12216099999999999	-0.173203	3103500.0
2014-09-22	-0.009512999999999999	0.125921	0.126256	0.112829	-0.26392899999999997	3056300.0
2014-09-19	0.010817	0.129957	0.143869	0.127581	0.296923	7352700.0
2014-09-18	-0.005379999999999999	0.129278	0.131303	0.117128	-0.14845899999999998	4427900.0
2014-09-17	-0.001194	0.131975	0.141076	0.123884	-0.032995	4763200.0
2014-09-16	0.026348000000000003	0.12650999999999998	0.159378	0.125472	0.70931	6092500.0
2014-09-15	0.000306	0.129624	0.13481500000000002	0.126163	0.008246	3269200.0
2014-09-12	-0.016576	0.124173	0.125194	0.10681500000000001	-0.45362700000000006	3771600.0
2014-09-11	0.006369	0.127223	0.139211	0.12311300000000001	0.173203	5001200.0
2014-09-10	-0.010504000000000001	0.126905	0.1286	0.11199300000000001	-0.288672	5640800.0
2014-09-09	-0.011276000000000001	0.12324600000000001	0.123581	0.112523	-0.31340999999999997	5276000.0
2014-09-08	-0.014533	0.13003800000000001	0.13003800000000001	0.106261	-0.40991400000000006	5020600.0
2014-09-05	0.004065999999999999	0.143253	0.148558	0.140932	0.11421600000000001	4267300.0
2014-09-04	-0.002029	0.137625	0.14291900000000002	0.131668	-0.057111	3244000.0
2014-09-03	0.006712	0.148591	0.153588	0.14526	0.187654	2233400.0
2014-09-02	-0.010395999999999999	0.138299	0.144562	0.123794	-0.293716	3272200.0
2014-08-29	0.005225	0.14027	0.147892	0.13861300000000001	0.14686	4012200.0
2014-08-28	0.004372999999999999	0.138267	0.148918	0.13627	0.12238299999999999	2129100.0
2014-08-27	0.010905	0.14260499999999998	0.154717	0.14260499999999998	0.301872	3363100.0
2014-08-26	-0.011364	0.145254	0.149246	0.12696	-0.318193	3053300.0
2014-08-25	0.00439	0.143266	0.153289	0.140593	0.12238099999999999	2376900.0
2014-08-22	-0.0034990000000000004	0.142261	0.147255	0.131275	-0.0979	2182300.0
2014-08-21	0.006162	0.14360499999999998	0.154324	0.14293499999999998	0.171327	2599100.0
2014-08-20	-0.000293	0.1426	0.143939	0.13355799999999998	-0.008158	2466800.0
2014-08-19	0.013075999999999999	0.144309	0.157201	0.14091700000000001	0.358986	3157100.0
2014-08-18	-0.004732	0.14294600000000002	0.146322	0.131466	-0.13053900000000002	2932900.0
2014-08-15	0.00386	0.141934	0.154136	0.140239	0.10606199999999999	4698600.0
2014-08-14	0.011411	0.141938	0.155308	0.141938	0.31003400000000003	2742100.0
2014-08-13	0.004828	0.141251	0.14814000000000002	0.135739	0.13053900000000002	4270300.0
2014-08-12	0.004242	0.141941	0.15266500000000002	0.138482	0.114223	3723900.0
2014-08-11	0.0	0.146438	0.15059	0.139174	0.0	3486800.0
2014-08-08	0.018833000000000003	0.14688199999999998	0.164152	0.14688199999999998	0.49768500000000004	10282700.0
2014-08-07	0.014088999999999999	0.146599	0.160896	0.146599	0.36714600000000003	5000200.0
2014-08-06	-0.018438999999999997	0.136684	0.13949	0.115283	-0.48952700000000005	8861400.0
2014-08-05	-0.015133	0.136067	0.143323	0.120519	-0.407938	4017800.0
2014-08-04	-0.003018	0.14366199999999998	0.14538399999999999	0.115071	-0.081589	6529700.0
2014-08-01	0.004547	0.134674	0.153015	0.132252	0.12238299999999999	4401500.0
2014-07-31	-0.004226	0.139183	0.15468900000000002	0.125056	-0.114223	4945200.0
2014-07-30	-0.016914	0.143289	0.149387	0.120931	-0.46505	3651200.0
2014-07-29	-0.009988	0.14461400000000002	0.14461400000000002	0.129857	-0.277397	2205300.0
2014-07-28	0.018247	0.141595	0.164475	0.140229	0.49768	3077500.0
2014-07-25	-0.010361	0.14091900000000002	0.14632699999999998	0.12773900000000002	-0.285551	2137600.0
2014-07-24	0.0032670000000000004	0.141934	0.14702	0.13617	0.089745	2421100.0
2014-07-23	0.000892	0.14261300000000002	0.146007	0.13888	0.024472999999999998	2604400.0
2014-07-22	-0.00385	0.143624	0.14599	0.135848	-0.10606199999999999	2948600.0
2014-07-21	-0.002068	0.134511	0.14058299999999999	0.128439	-0.057108000000000006	4497000.0
2014-07-18	0.015300999999999999	0.14639000000000002	0.161803	0.140225	0.416092	4286200.0
2014-07-17	-0.00951	0.139221	0.14193499999999998	0.1304	-0.26107800000000003	3186200.0
2014-07-16	0.0035789999999999997	0.143298	0.149086	0.137169	0.09790599999999999	3139300.0
2014-07-15	0.004494	0.141253	0.151171	0.140227	0.12238199999999999	3420100.0
2014-07-14	-0.013302000000000001	0.143957	0.14497000000000002	0.12573499999999999	-0.36714600000000003	4291400.0
2014-07-11	-0.011974	0.139928	0.143929	0.123925	-0.334509	4020400.0
2014-07-10	0.007059	0.141931	0.15234	0.141595	0.19580999999999998	2344700.0
2014-07-09	-0.003517	0.14494100000000001	0.146949	0.131223	-0.097902	4294900.0
2014-07-08	0.001174	0.13791099999999998	0.14595	0.136236	0.032631	3817800.0
2014-07-07	0.001469	0.140253	0.149311	0.136899	0.040796	2961900.0
2014-07-03	-0.008739	0.1396	0.1396	0.125634	-0.24476399999999998	2838500.0
2014-07-02	-0.023606	0.138998	0.139323	0.109127	-0.677175	4333300.0
2014-07-01	-0.010414	0.141274	0.141274	0.129386	-0.301877	3774100.0
2014-06-30	0.009662	0.14386600000000002	0.153599	0.135756	0.277401	4693200.0
2014-06-27	0.012371	0.141595	0.156046	0.13634100000000002	0.350829	6346100.0
2014-06-26	0.005787	0.142256	0.14919300000000002	0.138292	0.163169	3676800.0
2014-06-25	0.001449	0.13961099999999999	0.146227	0.132994	0.040797	3806400.0
2014-06-24	0.00116	0.139277	0.149213	0.13894600000000001	0.032636	3498500.0
2014-06-23	-0.004333	0.13994600000000001	0.144563	0.129065	-0.122385	3358900.0
2014-06-20	-0.0046	0.143565	0.146519	0.13503099999999998	-0.13053499999999998	3747400.0
2014-06-19	0.002594	0.127445	0.153113	0.127445	0.073426	4259200.0
2014-06-18	0.019694	0.141931	0.16508499999999998	0.140924	0.54664	5119000.0
2014-06-17	-0.007295	0.137598	0.142928	0.132268	-0.20397200000000001	4209800.0
2014-06-16	0.007053	0.13891199999999998	0.160046	0.137905	0.19580999999999998	5066600.0
2014-06-13	0.015215000000000001	0.145001	0.164414	0.138871	0.41609799999999997	5983900.0
2014-06-12	-0.0059310000000000005	0.143965	0.144981	0.122975	-0.163179	7532600.0
2014-06-11	-0.027962	0.13995	0.14060799999999998	0.108358	-0.791397	9782400.0
2014-06-10	0.013734999999999999	0.16661600000000001	0.173621	0.156607	0.383461	8461800.0
2014-06-09	-0.012695	0.138631	0.142583	0.123151	-0.358983	3736500.0
2014-06-06	0.003561	0.14268599999999998	0.149627	0.14136400000000002	0.100346	4447100.0
2014-06-05	0.001434	0.153924	0.161207	0.150283	0.04036	4251300.0
2014-06-04	-0.003715	0.149637	0.153265	0.144031	-0.104933	2552900.0
2014-06-03	0.006038	0.150607	0.169518	0.149279	0.169504	4965900.0
2014-06-02	-0.008834	0.150636	0.15293800000000002	0.141757	-0.250218	2826700.0
2014-05-30	0.008912999999999999	0.15326099999999998	0.165205	0.151602	0.250218	4783700.0
2014-05-29	0.0040420000000000005	0.158588	0.16158599999999998	0.146263	0.113005	4493600.0
2014-05-28	0.008736	0.152581	0.164678	0.146196	0.24215100000000003	6277200.0
2014-05-27	0.02876	0.175703	0.19125899999999998	0.173629	0.7748659999999999	9277400.0
2014-05-23	-0.00566	0.152549	0.159424	0.146362	-0.153358	4276000.0
2014-05-22	0.007503	0.157388	0.166045	0.15531	0.201789	4941800.0
2014-05-21	0.001503	0.156352	0.15808599999999998	0.14941500000000002	0.040354	3531100.0
2014-05-20	-0.009231999999999999	0.153581	0.160797	0.14121	-0.250215	3856100.0
2014-05-19	-0.016403	0.153248	0.153924	0.127898	-0.45201	6392100.0
2014-05-16	0.010956	0.155291	0.166909	0.148115	0.298649	7689700.0
2014-05-15	0.0065569999999999995	0.155644	0.162523	0.153924	0.17757799999999999	5306600.0
2014-05-14	0.004792	0.155307	0.16291	0.14943199999999998	0.129145	3943300.0
2014-05-13	0.008456	0.15601500000000001	0.16403099999999998	0.153576	0.226	4647800.0
2014-05-12	-0.015462	0.15804200000000002	0.15804200000000002	0.13230799999999998	-0.41971800000000004	4317600.0
2014-05-09	-0.012915000000000001	0.156634	0.158666	0.136651	-0.355152	4409900.0
2014-05-08	-0.012464	0.155931	0.155931	0.137201	-0.34707899999999997	3653400.0
2014-05-07	0.008772	0.155611	0.168433	0.15088800000000002	0.242148	7371700.0
2014-05-06	-0.004657	0.148215	0.156611	0.141834	-0.129145	6066200.0
2014-05-05	0.016568	0.15426600000000001	0.173726	0.152559	0.452009	5111700.0
2014-05-02	-0.011984999999999999	0.145155	0.16134500000000002	0.136722	-0.330934	7028200.0
2014-05-01	0.026095	0.161193	0.18992	0.15254	0.702227	7880500.0
2014-04-30	-0.003288	0.153579	0.170828	0.14599	-0.088787	11180400.0
2014-04-29	-0.005352	0.153581	0.15975799999999998	0.143288	-0.145287	4721100.0
2014-04-28	0.002385	0.153924	0.16458699999999998	0.149797	0.064573	5475800.0
2014-04-25	0.004792	0.155307	0.164638	0.153579	0.129145	4734400.0
2014-04-24	0.008456	0.160198	0.169956	0.154621	0.226	4749100.0
2014-04-23	0.005161	0.156026	0.175644	0.153924	0.137216	9631500.0
2014-04-22	0.0	0.152523	0.156376	0.14796900000000002	0.0	6037300.0
2014-04-21	-0.006035	0.157755	0.16054000000000002	0.141738	-0.161426	6777000.0
2014-04-17	-0.008378	0.150817	0.15806800000000001	0.14080399999999998	-0.22600399999999998	4329400.0
2014-04-16	0.006323	0.158094	0.161221	0.151145	0.16950199999999999	3384300.0
2014-04-15	0.014046000000000001	0.157095	0.174713	0.156039	0.371291	6568800.0
2014-04-14	0.004601	0.158172	0.164189	0.152862	0.121072	6178800.0
2014-04-11	-0.012719	0.153226	0.160914	0.138548	-0.339	7740700.0
2014-04-10	-0.000303	0.15637	0.169646	0.150082	-0.008074	4934300.0
2014-04-09	-0.007809999999999999	0.154618	0.156004	0.135207	-0.209862	5813000.0
2014-04-08	0.014939	0.15111	0.171515	0.144426	0.395504	5721500.0
2014-04-07	0.002752	0.155336	0.174738	0.152513	0.072649	4637500.0
2014-04-04	0.007391	0.14966	0.17347	0.148594	0.193716	4749800.0
2014-04-03	0.001542	0.156772	0.160687	0.150365	0.040362999999999996	3670000.0
2014-04-02	-0.010681	0.154629	0.154629	0.141248	-0.28251	5600200.0
2014-04-01	-0.011165000000000001	0.157407	0.157407	0.138952	-0.298647	6388800.0
2014-03-31	0.004850999999999999	0.154974	0.163022	0.144827	0.129143	6292500.0
2014-03-28	0.005181	0.151814	0.160607	0.147946	0.13722	3212600.0
2014-03-27	0.012342	0.152144	0.170658	0.148584	0.322859	7869600.0
2014-03-26	0.001236	0.15570699999999998	0.164975	0.15178599999999998	0.032287	4959500.0
2014-03-25	0.0	0.154994	0.159628	0.144299	0.0	4879100.0
2014-03-24	-0.0021579999999999998	0.155703	0.163173	0.150367	-0.056499	4549800.0
2014-03-21	0.007141	0.16037300000000002	0.175778	0.156432	0.185648	7954400.0
2014-03-20	0.0	0.15320799999999998	0.154283	0.139236	0.0	5175800.0
2014-03-19	-0.017988	0.153924	0.155683	0.127539	-0.476229	3973800.0
2014-03-18	0.001221	0.15322	0.158504	0.149345	0.032291	3322200.0
2014-03-17	-0.000305	0.155333	0.156389	0.14653	-0.008073	3571300.0
2014-03-14	0.012357	0.151073	0.173174	0.14929	0.322862	5916700.0
2014-03-13	0.005592	0.153566	0.165037	0.149623	0.145291	6956200.0
2014-03-12	0.01674	0.152831	0.173241	0.15246700000000002	0.42779300000000003	4912700.0
2014-03-11	-0.002206	0.15501500000000001	0.158289	0.143742	-0.056500999999999996	3517100.0
2014-03-10	-0.0034549999999999997	0.152475	0.156099	0.145951	-0.088787	4879900.0
2014-03-07	0.014981999999999999	0.152085	0.171213	0.147303	0.379364	5684000.0
2014-03-06	-0.008126000000000001	0.154399	0.156223	0.13944	-0.20744200000000002	4410200.0
2014-03-05	-0.009595000000000001	0.167533	0.16861700000000002	0.15344000000000002	-0.247306	5413000.0
2014-03-04	0.009372	0.17482799999999998	0.181394	0.171546	0.23933400000000002	5253700.0
2014-03-03	-0.008672	0.163917	0.167533	0.150901	-0.223381	4778400.0
2014-02-28	0.010326	0.172648	0.18068499999999998	0.169725	0.263265	3986700.0
2014-02-27	-0.0056	0.167897	0.169713	0.157725	-0.143594	4156400.0
2014-02-26	0.007208	0.170095	0.177778	0.167899	0.183481	4455700.0
2014-02-25	0.003144	0.16863499999999998	0.180747	0.16606500000000002	0.079775	3955900.0
2014-02-24	0.000314	0.171572	0.180017	0.167533	0.007978	4047100.0
2014-02-21	0.000314	0.170472	0.17745	0.166799	0.007975	3324100.0
2014-02-20	0.005693999999999999	0.16864200000000001	0.178983	0.167903	0.143596	3868000.0
2014-02-19	-0.00535	0.165329	0.171574	0.15798099999999998	-0.135624	2988800.0
2014-02-18	0.008249	0.17309000000000002	0.181239	0.170126	0.207421	3280900.0
2014-02-14	0.004782	0.164556	0.17311600000000002	0.163439	0.119663	2959700.0
2014-02-13	0.009006	0.163403	0.179926	0.163027	0.22336999999999999	3256400.0
2014-02-12	0.000322	0.163777	0.170163	0.158893	0.00798	2754900.0
2014-02-11	0.011059999999999999	0.16601400000000002	0.183865	0.16601400000000002	0.271231	4415100.0
2014-02-10	0.013184	0.16676400000000002	0.183311	0.160607	0.31909899999999997	4315500.0
2014-02-07	0.0016510000000000001	0.169461	0.172544	0.162523	0.039889999999999995	5443600.0
2014-02-06	0.005978	0.174901	0.183044	0.168697	0.143597	6692900.0
2014-02-05	-0.006271	0.16483599999999998	0.16676300000000002	0.15751500000000002	-0.151577	3442600.0
2014-02-04	-0.006231	0.17098	0.171746	0.152599	-0.151571	5062200.0
2014-02-03	-0.002617	0.180137	0.180901	0.161423	-0.06382	6207300.0
2014-01-31	0.0059229999999999994	0.15792899999999999	0.176754	0.15524000000000002	0.143596	6230300.0
2014-01-30	0.010642	0.16986300000000001	0.182676	0.16481500000000002	0.255278	4034000.0
2014-01-29	0.000333	0.16714500000000002	0.175301	0.160154	0.007979	5473700.0
2014-01-28	0.01042	0.169496	0.181269	0.166356	0.247304	4755200.0
2014-01-27	-0.004018	0.167924	0.169879	0.161279	-0.095733	3496100.0
2014-01-24	-0.009615	0.163275	0.175663	0.15592	-0.231344	3841200.0
2014-01-23	0.000332	0.166372	0.16985699999999998	0.157078	0.00798	3666700.0
2014-01-22	0.009373999999999999	0.169097	0.18043199999999998	0.16636099999999998	0.22336399999999998	4605900.0
2014-01-21	0.009463	0.179371	0.179765	0.16556099999999999	0.223375	4026400.0
2014-01-17	-0.009042	0.17066099999999998	0.172225	0.156976	-0.21539699999999998	4963100.0
2014-01-16	0.005726	0.1695	0.17618499999999998	0.166747	0.13561800000000002	4169100.0
2014-01-15	-0.011651	0.16636700000000001	0.168699	0.153542	-0.279213	6719500.0
2014-01-14	-0.0033179999999999998	0.167534	0.171795	0.16211	-0.07977100000000001	3630700.0
2014-01-13	-0.004952000000000001	0.16213699999999998	0.168304	0.155584	-0.11966500000000001	4287400.0
2014-01-10	0.019865	0.175395	0.192692	0.175002	0.47066899999999995	5343700.0
2014-01-09	0.0016870000000000001	0.169503	0.172259	0.164777	0.039896	5600900.0
2014-01-08	-0.009023999999999999	0.163241	0.164802	0.151925	-0.21539699999999998	4792900.0
2014-01-07	0.005714	0.168711	0.17499	0.163609	0.13561800000000002	4551200.0
2014-01-06	0.004389	0.174629	0.177782	0.168322	0.103709	4730500.0
2014-01-03	-0.0010119999999999999	0.182103	0.183678	0.15768900000000002	-0.02393	4519500.0
2014-01-02	-0.014622999999999999	0.169086	0.169086	0.150073	-0.351013	5007500.0
2013-12-31	0.004674	0.167534	0.176499	0.163635	0.11168299999999999	2639900.0
2013-12-30	0.00335	0.164796	0.172227	0.164796	0.079778	2314300.0
2013-12-27	0.003361	0.171066	0.17342	0.164394	0.079773	1769900.0
2013-12-26	-0.003684	0.16635999999999998	0.167924	0.159322	-0.087755	1888100.0
2013-12-24	0.00336	0.168318	0.174203	0.162433	0.079775	1293200.0
2013-12-23	0.002696	0.17186099999999999	0.178548	0.167533	0.063822	3551900.0
2013-12-20	0.011933	0.17111600000000002	0.183854	0.170718	0.279213	6248200.0
2013-12-19	-0.011792	0.1636	0.16556700000000002	0.145898	-0.279213	3177300.0
2013-12-18	0.013315	0.169925	0.183478	0.153981	0.311123	4717500.0
2013-12-17	-0.004079999999999999	0.163167	0.165946	0.156418	-0.09573	3951400.0
2013-12-16	0.00547	0.173122	0.181903	0.169929	0.127642	2935900.0
2013-12-13	-0.000683	0.171123	0.17232	0.159157	-0.015959	4166600.0
2013-12-12	-0.0013650000000000001	0.169127	0.176695	0.165143	-0.031908	4214500.0
2013-12-11	-0.011134	0.165958	0.167533	0.152171	-0.263256	4722200.0
2013-12-10	-0.013972	0.168699	0.17064100000000001	0.149667	-0.33505799999999997	4330600.0
2013-12-09	0.002668	0.165976	0.172596	0.159355	0.063821	4478100.0
2013-12-06	0.001939	0.172528	0.180332	0.160822	0.046275	7526300.0
2013-12-05	-0.018152	0.18036	0.18151	0.15775699999999998	-0.441313	5681700.0
2013-12-04	0.003578	0.178432	0.186506	0.173434	0.086685	3272500.0
2013-12-03	0.010519	0.180339	0.195103	0.179173	0.25218	4924000.0
2013-12-02	-0.009443	0.181893	0.18304700000000002	0.166883	-0.228537	4349200.0
2013-11-29	0.006885	0.184218	0.198168	0.180343	0.165495	2868800.0
2013-11-27	0.00395	0.179948	0.188117	0.17489000000000002	0.094565	3977600.0
2013-11-26	-0.011068000000000001	0.18497	0.18574000000000002	0.168812	-0.267943	5150500.0
2013-11-25	0.0006519999999999999	0.182278	0.188052	0.178813	0.015763	4067300.0
2013-11-22	0.004253	0.186146	0.20045	0.18421300000000002	0.102449	5552700.0
2013-11-21	0.0059229999999999994	0.182282	0.192393	0.177226	0.14185	4361500.0
2013-11-20	-0.009452	0.179196	0.189212	0.170721	-0.228537	4639800.0
2013-11-19	-0.0071200000000000005	0.18151	0.182658	0.167741	-0.173376	3600000.0
2013-11-18	-0.005790999999999999	0.182653	0.184555	0.170104	-0.141846	3833700.0
2013-11-15	0.007781999999999999	0.182276	0.19109	0.17806	0.189129	4597800.0
2013-11-14	0.016815	0.188128	0.203715	0.186569	0.401915	4798000.0
2013-11-13	0.004304	0.174848	0.187372	0.170543	0.102443	3752400.0
2013-11-12	-0.009186	0.17724	0.180342	0.165607	-0.22065500000000002	3050700.0
2013-11-11	-0.000983	0.183829	0.18576600000000001	0.173758	-0.023644	3121000.0
2013-11-08	-0.0048920000000000005	0.175725	0.179965	0.160306	-0.118208	4886200.0
2013-11-07	-0.0006519999999999999	0.18728599999999998	0.201925	0.177655	-0.015758	6449900.0
2013-11-06	0.00921	0.185003	0.1955	0.183059	0.22065500000000002	5309400.0
2013-11-05	-0.013947	0.179976	0.181509	0.165408	-0.338865	5796300.0
2013-11-04	0.003254	0.187662	0.190354	0.176508	0.078804	3340000.0
2013-11-01	0.0032649999999999997	0.183822	0.191925	0.177648	0.078808	3737800.0
2013-10-31	-0.00455	0.181125	0.18496600000000002	0.159999	-0.110329	5963300.0
2013-10-30	-0.004529	0.183804	0.187628	0.17386300000000002	-0.110328	3971300.0
2013-10-29	0.004222999999999999	0.185348	0.19034	0.180357	0.10244500000000001	3647900.0
2013-10-28	-0.000325	0.182276	0.18726600000000002	0.176518	-0.007883	4059800.0
2013-10-25	0.006209	0.17996199999999998	0.190004	0.175713	0.14973699999999998	3510600.0
2013-10-24	-0.0016309999999999999	0.179965	0.185749	0.178037	-0.039404	4196000.0
2013-10-23	0.002617	0.181506	0.19581099999999999	0.180346	0.063047	5036900.0
2013-10-22	0.009244	0.186185	0.200232	0.181503	0.220656	4461300.0
2013-10-21	-0.00033	0.182283	0.185793	0.174481	-0.007885	4147100.0
2013-10-18	-0.005579	0.180341	0.184608	0.174523	-0.133965	6221100.0
2013-10-17	0.022826	0.177528	0.21204499999999998	0.173561	0.535875	5919600.0
2013-10-16	0.00744	0.18908699999999998	0.192684	0.181093	0.173376	5570500.0
2013-10-15	-0.019562	0.177974	0.245768	0.158772	-0.464954	7679700.0
2013-10-14	-0.011147	0.17608	0.178018	0.15748	-0.267937	6498800.0
2013-10-11	-0.000983	0.183054	0.187699	0.177634	-0.023649	3881300.0
2013-10-10	0.017667	0.187014	0.203955	0.178347	0.417671	5973600.0
2013-10-09	-0.000999	0.186222	0.200391	0.179531	-0.023639	6022900.0
2013-10-08	0.001668	0.181893	0.195296	0.179922	0.039404	7145800.0
2013-10-07	-0.004978	0.17797000000000002	0.184639	0.175616	-0.11821	4305100.0
2013-10-04	-0.003638	0.18072	0.184628	0.174467	-0.086689	3331100.0
2013-10-03	-0.014662999999999999	0.177271	0.178041	0.161867	-0.354626	3913600.0
2013-10-02	0.0013050000000000002	0.18035	0.186134	0.175337	0.031525	7173600.0
2013-10-01	0.008888	0.186172	0.192397	0.180337	0.21277800000000002	6916600.0
2013-09-30	0.001318	0.176439	0.188905	0.17565999999999998	0.031522	5638500.0
2013-09-27	-0.004266	0.189651	0.195469	0.17142000000000002	-0.102447	7572400.0
2013-09-26	-0.000656	0.181893	0.191584	0.17685399999999998	-0.015762	3369200.0
2013-09-25	-0.008778	0.183045	0.18342999999999998	0.164602	-0.21277800000000002	6302300.0
2013-09-24	0.0042439999999999995	0.183436	0.19231099999999998	0.182279	0.102449	5255900.0
2013-09-23	0.017269999999999997	0.182285	0.204266	0.17836	0.409786	5687100.0
2013-09-20	-0.018579	0.179196	0.18266300000000002	0.159935	-0.44918800000000003	10485800.0
2013-09-19	-0.008403	0.184949	0.18915099999999999	0.168141	-0.204895	6361200.0
2013-09-18	0.024163999999999998	0.182675	0.217885	0.176024	0.575281	6001300.0
2013-09-17	0.009692000000000001	0.179917	0.197298	0.177547	0.228533	3373300.0
2013-09-16	-0.002667	0.19095399999999998	0.198439	0.176377	-0.063044	4626700.0
2013-09-13	0.0020039999999999997	0.18663	0.192156	0.181103	0.047287	2776400.0
2013-09-12	-0.007294	0.18424400000000002	0.189338	0.172096	-0.173372	2692900.0
2013-09-11	-0.005933	0.18500899999999998	0.185399	0.16358399999999998	-0.14185	5328100.0
2013-09-10	0.0023120000000000003	0.184626	0.186968	0.175645	0.05515900000000001	3467600.0
2013-09-09	0.006651000000000001	0.183072	0.191326	0.179928	0.157616	5007000.0
2013-09-06	-0.001395	0.181029	0.193589	0.179067	-0.033097	4825300.0
2013-09-05	-0.007812999999999999	0.19555799999999998	0.197505	0.183875	-0.186851	3560000.0
2013-09-04	0.003594	0.193601	0.20493499999999998	0.18852	0.08564	3353300.0
2013-09-03	-0.002932	0.206858	0.20880700000000002	0.18776400000000001	-0.07006799999999999	4693000.0
2013-08-30	-0.0035700000000000003	0.19789	0.204879	0.18779400000000002	-0.08564400000000001	5696800.0
2013-08-29	-0.007409999999999999	0.192868	0.19556600000000002	0.182847	-0.179058	3285500.0
2013-08-28	0.009431	0.19867100000000001	0.21151	0.193224	0.22577399999999997	4408200.0
2013-08-27	0.003918	0.190478	0.211569	0.188525	0.093428	5216600.0
2013-08-26	-0.008095999999999999	0.19788599999999998	0.200598	0.18471400000000002	-0.194641	3240200.0
2013-08-23	0.010471	0.198294	0.211213	0.192031	0.24913600000000002	10313000.0
2013-08-22	0.005925	0.196731	0.210907	0.19279300000000002	0.140139	17042200.0
2013-08-21	-0.012033	0.193224	0.195948	0.178051	-0.288062	3779900.0
2013-08-20	0.006547	0.193596	0.211218	0.193596	0.15571300000000002	3518700.0
2013-08-19	0.0	0.194771	0.205735	0.191638	0.0	3107400.0
2013-08-16	-0.010687	0.194787	0.199823	0.179678	-0.25692600000000004	4335000.0
2013-08-15	-0.013103	0.18754300000000002	0.19366	0.180661	-0.3192	4551600.0
2013-08-14	-0.005404	0.195196	0.195196	0.183408	-0.132351	3881400.0
2013-08-13	-0.008509000000000001	0.197845	0.200107	0.18540299999999998	-0.210209	2488500.0
2013-08-12	-0.0053289999999999995	0.192962	0.194462	0.184336	-0.132351	2562300.0
2013-08-09	0.00157	0.197464	0.203849	0.19521	0.038926999999999996	3065500.0
2013-08-08	-0.000627	0.201968	0.204595	0.18995599999999999	-0.015568	3617000.0
2013-08-07	0.006633	0.194448	0.20465	0.188402	0.163494	3230400.0
2013-08-06	-0.010934000000000001	0.194468	0.194468	0.179892	-0.272493	3641800.0
2013-08-05	0.002506	0.194464	0.201208	0.187719	0.062286	3804700.0
2013-08-02	-0.0015630000000000002	0.19708499999999998	0.198207	0.18848099999999998	-0.038926999999999996	2192100.0
2013-08-01	0.0066099999999999996	0.201232	0.20688	0.188805	0.16348800000000002	4711100.0
2013-07-31	0.001261	0.19445199999999999	0.198222	0.180124	0.031143999999999998	5536900.0
2013-07-30	0.0012619999999999999	0.20049	0.20653000000000002	0.19256199999999998	0.031147	4403700.0
2013-07-29	0.011491	0.19328199999999998	0.211229	0.192518	0.280275	3915600.0
2013-07-26	0.002239	0.19404100000000002	0.202078	0.189066	0.054497000000000004	3534100.0
2013-07-25	0.0032090000000000005	0.190194	0.201328	0.189426	0.077852	3309200.0
2013-07-24	-0.014236000000000002	0.196715	0.197472	0.174007	-0.35034899999999997	2699200.0
2013-07-23	0.002219	0.19633699999999998	0.201647	0.18950899999999998	0.0545	2289800.0
2013-07-22	-0.000317	0.198233	0.201266	0.193683	-0.007781999999999999	2649000.0
2013-07-19	-0.000317	0.197474	0.20088599999999998	0.18951400000000002	-0.0077859999999999995	3502500.0
2013-07-18	0.015444	0.199416	0.214813	0.199416	0.373702	4129600.0
2013-07-17	0.007129000000000001	0.201377	0.208742	0.198663	0.171281	3490000.0
2013-07-16	-0.0009710000000000001	0.1944	0.19866099999999998	0.187816	-0.023359	3722800.0
2013-07-15	0.01445	0.193194	0.21676700000000002	0.19083599999999998	0.34256	3780500.0
2013-07-12	0.001315	0.195944	0.19909100000000002	0.18571500000000002	0.031143	3639600.0
2013-07-11	0.013666999999999999	0.206306	0.212687	0.200724	0.319202	3907600.0
2013-07-10	0.0033439999999999998	0.195537	0.204739	0.189135	0.07785299999999999	4199100.0
2013-07-09	0.001675	0.199944	0.20555500000000002	0.193932	0.038925	5042300.0
2013-07-08	0.017036000000000003	0.200413	0.21671700000000002	0.19755999999999999	0.38927399999999995	5818000.0
2013-07-05	-0.008111	0.195124	0.19714500000000001	0.17369600000000002	-0.186855	14269300.0
2013-07-03	-0.005378	0.190305	0.19472799999999998	0.187892	-0.12456099999999999	4729200.0
2013-07-02	-0.005017	0.195537	0.20914000000000002	0.18753399999999998	-0.116783	10584200.0
2013-07-01	-0.011897	0.21294200000000002	0.213337	0.176964	-0.280276	10665800.0
2013-06-28	0.019198	0.22091599999999997	0.22615500000000002	0.198755	0.443772	11737400.0
2013-06-27	-0.0006730000000000001	0.20116900000000001	0.21486	0.19230999999999998	-0.015574000000000001	4871500.0
2013-06-26	0.0071189999999999995	0.20606999999999998	0.212558	0.198365	0.163498	5163900.0
2013-06-25	0.014443000000000001	0.200451	0.21485	0.194691	0.32698499999999997	5362300.0
2013-06-24	0.0034509999999999996	0.187255	0.208721	0.176522	0.077856	5266300.0
2013-06-21	0.016128999999999998	0.202629	0.21814899999999998	0.194659	0.358129	8148700.0
2013-06-20	-0.018244	0.18933599999999998	0.191395	0.171216	-0.41263	6977200.0
2013-06-19	-0.013916999999999999	0.195525	0.20892600000000003	0.17968699999999999	-0.31919899999999995	7472900.0
2013-06-18	0.011328	0.19839	0.21605	0.195105	0.256918	9049600.0
2013-06-17	0.0	0.199212	0.20989000000000002	0.193051	0.0	5676900.0
2013-06-14	0.004829	0.191385	0.207479	0.191385	0.10899600000000001	6152400.0
2013-06-13	0.018981	0.196757	0.219885	0.19633699999999998	0.420412	6916100.0
2013-06-12	-0.018288	0.20211600000000002	0.20211600000000002	0.174458	-0.41262600000000005	7476900.0
2013-06-11	-0.005149	0.191409	0.205783	0.184838	-0.116782	8425300.0
2013-06-10	-0.005463	0.20001300000000002	0.203689	0.189393	-0.12456500000000001	6561500.0
2013-06-07	-0.003742	0.199999	0.209765	0.19023299999999999	-0.08564400000000001	6090400.0
2013-06-06	0.0109	0.197858	0.21019899999999997	0.193745	0.246792	5573400.0
2013-06-05	-0.008417000000000001	0.20735399999999998	0.21061799999999997	0.200012	-0.192205	4790600.0
2013-06-04	0.001349	0.21143299999999998	0.216743	0.204898	0.030756	6011700.0
2013-06-03	-0.001347	0.211025	0.224894	0.200012	-0.030756	6991400.0
2013-05-31	-0.006689	0.20819200000000002	0.22439800000000001	0.20332999999999998	-0.15376900000000002	6811300.0
2013-05-30	-0.004661	0.21667600000000004	0.22958	0.204578	-0.10764100000000001	5625600.0
2013-05-29	-0.000665	0.20458199999999999	0.21586599999999997	0.189671	-0.015371000000000001	8863900.0
2013-05-28	-0.017325999999999998	0.214205	0.214997	0.180543	-0.407492	19348300.0
2013-05-24	-0.013226	0.206744	0.210652	0.19306600000000002	-0.315222	13299200.0
2013-05-23	-0.008634000000000001	0.20755900000000002	0.210271	0.17966600000000002	-0.20758600000000002	15270300.0
2013-05-22	-0.017285	0.20953000000000002	0.217144	0.186687	-0.422861	5412500.0
2013-05-21	0.000314	0.212195	0.217146	0.20572100000000001	0.007687	4183800.0
2013-05-20	-0.010576	0.21143299999999998	0.214071	0.197491	-0.261408	4788200.0
2013-05-17	0.006575	0.214088	0.220536	0.211054	0.161457	6092500.0
2013-05-16	-0.002187	0.208027	0.21408200000000002	0.204621	-0.05382000000000001	3628200.0
2013-05-15	0.004078	0.21143299999999998	0.222453	0.206873	0.099951	3699900.0
2013-05-14	0.004727	0.21372399999999997	0.221742	0.21105100000000002	0.115326	4743500.0
2013-05-13	-0.0034549999999999997	0.208389	0.21067199999999997	0.19431199999999998	-0.084574	5166700.0
2013-05-10	0.0009429999999999999	0.211052	0.21409899999999998	0.19353399999999998	0.023068	5659700.0
2013-05-09	-0.005627	0.21105500000000002	0.21522	0.202345	-0.13839	6553800.0
2013-05-08	-0.012654	0.20919000000000001	0.214799	0.191243	-0.315226	5112200.0
2013-05-07	0.013133	0.214085	0.227343	0.21294899999999997	0.322913	5383700.0
2013-05-06	-0.022915	0.208472	0.211804	0.182563	-0.5766319999999999	5352300.0
2013-05-03	-0.006375	0.214375	0.21952399999999997	0.203342	-0.161455	6220700.0
2013-05-02	-0.009621	0.212162	0.21616799999999997	0.18520899999999998	-0.246029	7167000.0
2013-05-01	-0.003595	0.21215900000000001	0.21760300000000002	0.203086	-0.092264	3693000.0
2013-04-30	0.002102	0.21106999999999998	0.213979	0.207433	0.053821	3681100.0
2013-04-29	0.008477	0.215468	0.225004	0.210333	0.215275	4778800.0
2013-04-26	0.006092	0.210326	0.223241	0.20921900000000002	0.15376700000000001	3988100.0
2013-04-25	0.000915	0.214757	0.21734299999999998	0.20774	0.023069	2093900.0
2013-04-24	0.003058	0.21143299999999998	0.21995399999999998	0.204765	0.076878	2973700.0
2013-04-23	0.004917	0.21441100000000002	0.21739	0.20584899999999998	0.12301600000000001	4138500.0
2013-04-22	-0.000921	0.211806	0.21589699999999998	0.202507	-0.02306	3448100.0
2013-04-19	0.015907	0.215212	0.231082	0.212189	0.392104	9374900.0
2013-04-18	0.007226000000000001	0.21447800000000003	0.22209	0.212194	0.176834	3392600.0
2013-04-17	-0.000942	0.216757	0.21979899999999997	0.200406	-0.023063999999999998	4307600.0
2013-04-16	0.011429	0.215279	0.227586	0.206434	0.276783	3677300.0
2013-04-15	-0.015316999999999999	0.20385999999999999	0.21067600000000003	0.192878	-0.37673	3256700.0
2013-04-12	0.002821	0.21105300000000002	0.21636999999999998	0.209535	0.06919299999999999	2277100.0
2013-04-11	0.007581	0.21219899999999997	0.22253	0.20837199999999997	0.184523	3701400.0
2013-04-10	0.005718	0.21374200000000002	0.22721100000000002	0.21220300000000003	0.13839300000000002	4998100.0
2013-04-09	-0.005999	0.212963	0.212963	0.20034000000000002	-0.14608	3862700.0
2013-04-08	0.007316	0.21066300000000002	0.220296	0.20218599999999998	0.176834	3300700.0
2013-04-05	0.004794	0.202915	0.21878899999999998	0.202915	0.115318	4102300.0
2013-04-04	0.013277	0.21143299999999998	0.22791	0.21064899999999998	0.315228	3786700.0
2013-04-03	-0.008986	0.21454299999999998	0.21454299999999998	0.197826	-0.215275	5399700.0
2013-04-02	-0.00288	0.21414699999999998	0.216473	0.203292	-0.069195	3538800.0
2013-04-01	-0.001916	0.212981	0.21336799999999997	0.20563	-0.046127	3558000.0
2013-03-28	0.017549000000000002	0.212614	0.23426799999999998	0.210646	0.415171	8552100.0
2013-03-27	0.005884	0.206681	0.21895799999999999	0.201929	0.138389	3771000.0
2013-03-26	0.015604	0.215455	0.230739	0.21183600000000002	0.36135900000000004	4123400.0
2013-03-25	0.000997	0.216667	0.21948600000000001	0.20579699999999998	0.023066999999999997	4462700.0
2013-03-22	-0.002321	0.21143299999999998	0.21344200000000002	0.204605	-0.053821	4705800.0
2013-03-21	-0.0033049999999999998	0.210633	0.21623699999999998	0.207029	-0.07688400000000001	4181300.0
2013-03-20	0.0033159999999999995	0.215048	0.221877	0.21263800000000002	0.07688400000000001	3294400.0
2013-03-19	-0.000332	0.215047	0.22107	0.20460699999999998	-0.007691	4624800.0
2013-03-18	-0.010495	0.20626799999999998	0.20626799999999998	0.197527	-0.246029	2829400.0
2013-03-15	0.009269	0.20622	0.22266100000000003	0.205418	0.215279	6110000.0
2013-03-14	-0.010481	0.21262399999999998	0.21262399999999998	0.197545	-0.246029	6193600.0
2013-03-13	0.004607	0.21342600000000003	0.21860900000000003	0.20904099999999998	0.10763699999999998	2111900.0
2013-03-12	0.003964	0.21263400000000002	0.22023800000000002	0.210233	0.092261	3776000.0
2013-03-11	-0.012076	0.199968	0.203526	0.191665	-0.284468	7501900.0
2013-03-08	0.003932	0.21302100000000002	0.219769	0.20508200000000001	0.092257	4140800.0
2013-03-07	-0.008125	0.21104	0.21576399999999998	0.20119700000000001	-0.192211	2709600.0
2013-03-06	-0.005591	0.215231	0.215231	0.200354	-0.133008	3493200.0
2013-03-05	0.008373	0.22856500000000002	0.237645	0.225012	0.19755	3648800.0
2013-03-04	0.007462999999999999	0.22421100000000002	0.23574499999999998	0.221029	0.174763	4076400.0
2013-03-01	0.0	0.22500599999999998	0.229381	0.21705100000000002	0.0	3874000.0
2013-02-28	0.003582	0.225402	0.23458299999999999	0.22220900000000002	0.083582	6626300.0
2013-02-27	0.006885	0.22580100000000003	0.23504499999999998	0.2254	0.159565	2790200.0
2013-02-26	0.004942	0.22984000000000002	0.23913	0.22418600000000002	0.113974	14825200.0
2013-02-25	-0.01429	0.229384	0.23217100000000002	0.20828400000000002	-0.334328	14105300.0
2013-02-22	0.012163	0.23144299999999998	0.240711	0.23063699999999998	0.28113699999999997	9698600.0
2013-02-21	-0.001968	0.22580100000000003	0.228214	0.220573	-0.045589	4588700.0
2013-02-20	0.000328	0.222985	0.23626100000000003	0.222583	0.007601	3166800.0
2013-02-19	0.001973	0.220561	0.232251	0.219755	0.045589	4952100.0
2013-02-15	-0.0039310000000000005	0.22861199999999998	0.22861199999999998	0.217771	-0.091179	4385100.0
2013-02-14	0.0019690000000000003	0.214939	0.230629	0.20930700000000002	0.04559	4572700.0
2013-02-13	-0.001638	0.22620300000000002	0.229014	0.219777	-0.037995	2287400.0
2013-02-12	0.004278	0.226608	0.23225500000000002	0.222171	0.09877799999999999	2650700.0
2013-02-11	0.002639	0.226206	0.230654	0.222162	0.060787	1651700.0
2013-02-08	0.00033	0.22580100000000003	0.228229	0.21973299999999998	0.007599	2349700.0
2013-02-07	0.000991	0.224586	0.230256	0.22053699999999998	0.022795	2911400.0
2013-02-06	0.003647	0.22498800000000002	0.230679	0.217673	0.08358	2386600.0
2013-02-05	0.0009960000000000001	0.22905599999999998	0.233531	0.22580100000000003	0.022798	2555700.0
2013-02-04	-0.007903	0.22176500000000002	0.222572	0.214903	-0.182363	2797200.0
2013-02-01	0.002641	0.231062	0.236323	0.226206	0.060787	5786600.0
2013-01-31	0.016443	0.22374499999999997	0.248837	0.22374499999999997	0.37232	6450800.0
2013-01-30	-0.002344	0.227032	0.22744299999999998	0.217183	-0.053191999999999996	5162900.0
2013-01-29	0.009122	0.227044	0.23781100000000002	0.22580100000000003	0.205156	2858000.0
2013-01-28	0.0	0.22580100000000003	0.227044	0.215862	0.0	2797500.0
2013-01-25	0.00305	0.228293	0.23203200000000002	0.222063	0.068381	3110500.0
2013-01-24	0.004083	0.22705300000000003	0.23372600000000002	0.22496799999999997	0.091188	3255500.0
2013-01-23	-0.007095000000000001	0.22207399999999997	0.224559	0.215034	-0.15956900000000002	4263900.0
2013-01-22	0.007488	0.22580100000000003	0.240404	0.219543	0.167164	4772400.0
2013-01-18	0.013453	0.232567	0.242292	0.23045300000000002	0.29633000000000004	3949400.0
2013-01-17	0.009753	0.22879000000000002	0.24330700000000002	0.228363	0.21275100000000002	4171000.0
2013-01-16	-0.0069180000000000005	0.224106	0.225802	0.21435300000000002	-0.15195799999999998	3385100.0
2013-01-15	-0.001382	0.221991	0.226225	0.219873	-0.0304	4832200.0
2013-01-14	0.0	0.22749499999999998	0.23299899999999998	0.22368400000000002	0.0	2074600.0
2013-01-11	-0.0017239999999999998	0.231719	0.231719	0.21861599999999998	-0.037988	2816800.0
2013-01-10	0.001381	0.231727	0.231727	0.222415	0.030395	3732600.0
2013-01-09	0.005905	0.233891	0.23644600000000002	0.227079	0.129172	3775300.0
2013-01-08	-0.004495	0.224954	0.228345	0.218596	-0.09878200000000001	3141700.0
2013-01-07	-0.009928	0.22286399999999998	0.225802	0.21153400000000003	-0.22034600000000001	4760800.0
2013-01-04	0.000342	0.22874	0.230839	0.220764	0.007597	4046100.0
2013-01-03	0.003781	0.227908	0.23633600000000002	0.22538000000000002	0.083578	3883600.0
2013-01-02	0.016066999999999998	0.241215	0.248493	0.231796	0.349521	5077100.0
2012-12-31	0.015969	0.222757	0.246246	0.219712	0.341925	3602900.0
2012-12-28	-0.011922	0.220644	0.226661	0.210758	-0.258345	2603700.0
2012-12-27	-0.0034939999999999997	0.22366	0.2288	0.208669	-0.07598099999999999	4057800.0
2012-12-26	-0.010373	0.227073	0.22876799999999997	0.21308600000000003	-0.22794899999999998	2727700.0
2012-12-24	0.0	0.224106	0.22749699999999998	0.21647600000000003	0.0	1268300.0
2012-12-21	-0.006527	0.22832800000000003	0.22874899999999998	0.212327	-0.14436500000000002	6015600.0
2012-12-20	-0.00103	0.22958699999999999	0.23084899999999997	0.21865	-0.022799	3844300.0
2012-12-19	-0.010526	0.227883	0.227883	0.21206599999999998	-0.235544	3405600.0
2012-12-18	0.00615	0.227895	0.23710900000000001	0.223289	0.136768	7828400.0
2012-12-17	0.016673	0.227079	0.246665	0.227079	0.364722	4623500.0
2012-12-14	-0.010653	0.224117	0.22580100000000003	0.209373	-0.23555	3516300.0
2012-12-13	0.001376	0.224958	0.22917600000000002	0.21947399999999997	0.030393	7820900.0
2012-12-12	0.0027600000000000003	0.22707	0.238914	0.22495500000000002	0.060784000000000005	5409500.0
2012-12-11	-0.0006900000000000001	0.227915	0.23425500000000002	0.22241999999999998	-0.015194	4489300.0
2012-12-10	0.0006900000000000001	0.224532	0.231723	0.222417	0.015194	3149700.0
2012-12-07	-0.0006900000000000001	0.225379	0.22876	0.219038	-0.015194	2998800.0
2012-12-06	0.00034500000000000004	0.22918400000000003	0.23002899999999998	0.219881	0.007591	4800100.0
2012-12-05	0.013466999999999998	0.24230900000000002	0.264164	0.238452	0.2927	4356100.0
2012-12-04	-0.0037840000000000005	0.24315799999999999	0.246146	0.23419299999999998	-0.082558	2393200.0
2012-12-03	-0.00954	0.241446	0.24271399999999999	0.226647	-0.210142	4028000.0
2012-11-30	0.009979	0.239315	0.255116	0.238461	0.21764899999999998	3986500.0
2012-11-29	0.004147	0.243596	0.248313	0.23759299999999997	0.090062	2880400.0
2012-11-28	0.0045119999999999995	0.24102300000000002	0.246623	0.23671599999999998	0.09756799999999999	2945800.0
2012-11-27	0.013009999999999999	0.24451399999999998	0.261969	0.24451399999999998	0.277685	4577800.0
2012-11-26	0.012821	0.24279099999999998	0.26268	0.241907	0.27019	3816700.0
2012-11-23	-0.005314	0.241463	0.244101	0.226956	-0.112578	1895300.0
2012-11-21	-0.0035299999999999997	0.242337	0.24321399999999999	0.227005	-0.075054	3448000.0
2012-11-20	-0.00141	0.241461	0.246272	0.2279	-0.030022000000000004	3377200.0
2012-11-19	-0.005956	0.24667600000000003	0.24711100000000003	0.227109	-0.127582	4718600.0
2012-11-16	0.021109	0.24146700000000001	0.268108	0.23436300000000002	0.44279799999999997	6671900.0
2012-11-15	-0.001072	0.24102300000000002	0.249007	0.23037800000000003	-0.022514	5003300.0
2012-11-14	-0.012006000000000001	0.242338	0.24496700000000002	0.22437100000000001	-0.255173	4047800.0
2012-11-13	0.002123	0.23838800000000002	0.255515	0.234875	0.045027	3625700.0
2012-11-12	-0.014643999999999999	0.239292	0.239725	0.218955	-0.315212	3302100.0
2012-11-09	-0.001741	0.23584000000000002	0.24836599999999998	0.231952	-0.037529	6086800.0
2012-11-08	0.015194999999999998	0.244531	0.278298	0.24409299999999998	0.322723	8666400.0
2012-11-07	-0.017702000000000002	0.235854	0.23843899999999998	0.213024	-0.382759	6395300.0
2012-11-06	0.001042	0.240592	0.251372	0.23973000000000003	0.022514	3996500.0
2012-11-05	-0.014046000000000001	0.235921	0.239323	0.22231599999999999	-0.30771	4536800.0
2012-11-02	-0.008154999999999999	0.24355300000000002	0.247348	0.230481	-0.180123	7128000.0
2012-11-01	-0.004734	0.24522	0.24857800000000002	0.23095100000000002	-0.10506800000000001	3294600.0
2012-10-31	0.0027129999999999997	0.244811	0.253648	0.240182	0.060038	2858300.0
2012-10-26	-0.002031	0.242283	0.244383	0.234303	-0.045033	2713000.0
2012-10-25	0.006129	0.245671	0.251164	0.23722	0.135094	2527900.0
2012-10-24	-0.0064269999999999996	0.243123	0.24984	0.230528	-0.142591	2834100.0
2012-10-23	-0.006053	0.235181	0.24018899999999999	0.229339	-0.135096	2489800.0
2012-10-22	-0.001343	0.23768899999999998	0.24644000000000002	0.23227199999999998	-0.030025	2752200.0
2012-10-19	-0.012272	0.23855300000000002	0.241846	0.225793	-0.277686	3389700.0
2012-10-18	0.009712	0.24185399999999999	0.254323	0.241439	0.217648	3615400.0
2012-10-17	0.011518	0.245227	0.260782	0.24270500000000003	0.255175	3714700.0
2012-10-16	0.0023769999999999998	0.243973	0.24945100000000003	0.237231	0.052534000000000004	3312000.0
2012-10-15	0.00033999999999999997	0.24355300000000002	0.24355300000000002	0.233014	0.007506999999999999	2968400.0
2012-10-12	-0.001018	0.245234	0.249867	0.237233	-0.022516	3508300.0
2012-10-11	0.005802000000000001	0.245259	0.25373	0.238906	0.127588	3659000.0
2012-10-10	-0.000682	0.24186999999999997	0.24314000000000002	0.23425100000000001	-0.015009	4529500.0
2012-10-09	0.002736	0.24059899999999998	0.24866300000000002	0.238477	0.060038	3653500.0
2012-10-08	0.004121	0.23974499999999999	0.24613800000000002	0.235909	0.090063	3386600.0
2012-10-05	-0.008175	0.244405	0.244405	0.229188	-0.180125	3598700.0
2012-10-04	0.005824	0.240173	0.251652	0.238472	0.12758699999999998	2631500.0
2012-10-03	0.007942	0.24273699999999998	0.25259299999999996	0.24102300000000002	0.17261700000000002	2967600.0
2012-10-02	0.005556	0.246625	0.251365	0.240162	0.12008800000000001	2616000.0
2012-10-01	-0.008606	0.24572199999999997	0.251276	0.22991599999999998	-0.187633	4298400.0
2012-09-28	0.014315999999999999	0.240157	0.260523	0.23712399999999997	0.307712	6025400.0
2012-09-27	-0.007967	0.242743	0.244892	0.231136	-0.172618	4403200.0
2012-09-26	-0.003796	0.243164	0.250444	0.23631300000000002	-0.082558	5529800.0
2012-09-25	-0.0030960000000000002	0.24443800000000002	0.248707	0.237181	-0.067549	3783600.0
2012-09-24	0.011834	0.244047	0.260029	0.239727	0.255173	5842000.0
2012-09-21	0.001046	0.24534699999999998	0.24578000000000003	0.23496999999999998	0.02252	6048600.0
2012-09-20	-0.002433	0.238866	0.24274899999999996	0.23325900000000002	-0.052538	4743100.0
2012-09-19	-0.002081	0.242745	0.246619	0.23844	-0.045031	3609700.0
2012-09-18	-0.004833	0.237596	0.24273699999999998	0.23374099999999998	-0.10507000000000001	4170900.0
2012-09-17	-0.00344	0.238889	0.242304	0.23419299999999998	-0.075054	8382200.0
2012-09-14	-0.005814	0.241448	0.24229699999999998	0.230413	-0.127584	5944600.0
2012-09-13	0.014925	0.240162	0.259546	0.23499299999999998	0.322721	6009200.0
2012-09-12	-0.004148	0.24102300000000002	0.24574200000000002	0.234589	-0.090063	3750400.0
2012-09-11	-0.006866	0.242727	0.247414	0.23079899999999998	-0.150101	4831000.0
2012-09-10	-0.0037619999999999997	0.24526799999999999	0.24526799999999999	0.236355	-0.082557	2729300.0
2012-09-07	0.001027	0.243148	0.246971	0.23804899999999998	0.022518	2729500.0
2012-09-06	-0.002391	0.246533	0.246533	0.235513	-0.052539999999999996	5406200.0
2012-09-05	0.001013	0.259676	0.264343	0.25161500000000003	0.022241999999999998	6460300.0
