2017-09-01	0.001413	0.000177	0.004768	-0.003355	0.079998	1313500.000000
2016-09-01	-0.008319	0.058496000000000006	0.062424	0.053122	-0.402466	2536200.0
2016-08-31	-0.018606	0.059289999999999995	0.059289999999999995	0.043873	-0.9172440000000001	2164100.0
2016-08-30	0.00095	0.070245	0.074509	0.065778	0.046794999999999996	4768200.0
2016-08-29	0.002477	0.064958	0.072489	0.06414299999999999	0.121674	1079500.0
2016-08-26	0.001718	0.077389	0.092885	0.065563	0.084236	2512500.0
2016-08-25	-0.002665	0.06618099999999999	0.06902799999999999	0.061097000000000005	-0.13103499999999998	2699200.0
2016-08-24	-0.006242	0.069024	0.072662	0.05892000000000001	-0.308865	3732500.0
2016-08-23	0.0032259999999999997	0.068823	0.075514	0.06578200000000001	0.159111	2940400.0
2016-08-22	-0.012184	0.052597000000000005	0.058204	0.048792	-0.608371	2201700.0
2016-08-19	-0.016409	0.055811	0.055811	0.04675	-0.8330120000000001	2027900.0
2016-08-18	0.008366	0.061863	0.077356	0.061863	0.42118500000000003	1975000.0
2016-08-17	0.004107	0.06423	0.074601	0.05705	0.20591700000000002	1922300.0
2016-08-16	0.014199000000000002	0.077925	0.085004	0.072666	0.701969	2279100.0
2016-08-15	0.006670000000000001	0.079821	0.084097	0.072287	0.32758699999999996	2475400.0
2016-08-12	-0.0034189999999999997	0.072274	0.0741	0.06314199999999999	-0.168472	3854200.0
2016-08-11	0.025315999999999998	0.073411	0.100876	0.072787	1.216751	4171200.0
2016-08-10	-0.01269	0.059585	0.06205	0.053011	-0.617741	4000900.0
2016-08-09	-0.0033880000000000004	0.082814	0.08609	0.077901	-0.165474	7163600.0
2016-08-08	0.005678	0.081551	0.094934	0.080933	0.27579899999999996	5197500.0
2016-08-05	0.0005679999999999999	0.081754	0.08978799999999999	0.077839	0.027581	4581300.0
2016-08-04	0.013630000000000001	0.09837699999999999	0.105895	0.092113	0.652736	4310600.0
2016-08-03	0.000384	0.073314	0.088772	0.06955399999999999	0.018387	4179100.0
2016-08-02	0.001731	0.091913	0.096307	0.078102	0.082741	5250600.0
2016-08-01	-0.041136	0.052413	0.056627	0.038769	-2.050144	11345800.0
2016-07-29	-0.016866	0.055179	0.070566	0.054193	-0.8549889999999999	8105500.0
2016-07-28	-0.027856	0.087728	0.087728	0.042277999999999996	-1.452575	9796800.0
2016-07-27	-0.000705	0.088494	0.09309400000000001	0.07278	-0.03677	7894500.0
2016-07-26	0.018116999999999998	0.087728	0.111141	0.08655700000000001	0.928543	15668700.0
2016-07-25	-0.030602999999999998	0.061627	0.065788	0.050657	-1.618057	4507400.0
2016-07-22	0.010011	0.08906499999999999	0.098999	0.086009	0.5240319999999999	3678100.0
2016-07-21	-0.0017530000000000002	0.0801	0.096118	0.07971900000000001	-0.091938	3056100.0
2016-07-20	0.00035099999999999997	0.075901	0.09097100000000001	0.070368	0.018387	4510700.0
2016-07-19	-0.00662	0.07939	0.08355900000000001	0.0756	-0.34935	2987900.0
2016-07-18	0.006841	0.084675	0.098031	0.077997	0.35854400000000003	4608800.0
2016-07-15	-0.004192	0.080698	0.083928	0.077468	-0.220642	2845100.0
2016-07-14	0.001574	0.100287	0.10142899999999999	0.088108	0.082737	3219000.0
2016-07-13	-0.004181	0.090949	0.096255	0.074084	-0.22063899999999997	3574000.0
2016-07-12	0.019357	0.103181	0.11206700000000001	0.099511	1.0020870000000002	2857700.0
2016-07-11	0.0064340000000000005	0.089283	0.099004	0.088505	0.330959	3423200.0
2016-07-08	0.006114	0.09046599999999999	0.09907300000000001	0.089488	0.31258400000000003	3549100.0
2016-07-07	-0.007319	0.09064	0.094718	0.073942	-0.37693000000000004	4227200.0
2016-07-06	-0.003912	0.060264	0.08444	0.057942999999999995	-0.202263	3531700.0
2016-07-05	-0.007763	0.079092	0.084082	0.072951	-0.404503	3408300.0
2016-07-01	0.012143000000000001	0.089088	0.10326700000000001	0.087339	0.625153	1993200.0
2016-06-30	0.018182	0.086146	0.1079	0.08337699999999999	0.919342	2692200.0
2016-06-29	0.041272	0.11223399999999999	0.138799	0.107703	2.004184	2965700.0
2016-06-28	0.019101	0.099061	0.109134	0.09360399999999999	0.9101530000000001	3836800.0
2016-06-27	-0.007088	0.087311	0.089395	0.070849	-0.34016	3845100.0
2016-06-24	-0.081956	-0.017294999999999998	0.035503	-0.017678	-4.284161	8632900.0
2016-06-23	0.040438999999999996	0.12116600000000001	0.132909	0.109821	2.031757	4450100.0
2016-06-22	-0.006183	0.094651	0.09880499999999999	0.07724400000000001	-0.31258	2602000.0
2016-06-21	0.020600999999999998	0.093179	0.110338	0.087122	1.020477	2486000.0
2016-06-20	0.027068000000000002	0.12629400000000002	0.12629400000000002	0.113853	1.3054780000000001	2681800.0
2016-06-17	0.038401	0.108182	0.13122	0.105814	1.7835310000000002	2638600.0
2016-06-16	0.016499	0.07962999999999999	0.110489	0.06715499999999999	0.753868	3237000.0
2016-06-15	-0.008578	0.074275	0.08729400000000001	0.07384099999999999	-0.395321	2566800.0
2016-06-14	-0.028488	0.071075	0.07761	0.047254000000000004	-1.351437	3093400.0
2016-06-13	-0.012251	0.06857200000000001	0.088977	0.067114	-0.588386	3270100.0
2016-06-10	-0.014897	0.071729	0.07624199999999999	0.063524	-0.72628	5980300.0
2016-06-09	-0.007858	0.065342	0.081012	0.06493600000000001	-0.386128	2979900.0
2016-06-08	0.025518	0.11318900000000001	0.12278900000000001	0.111728	1.222733	2598000.0
2016-06-07	0.039282	0.120262	0.131107	0.11700899999999999	1.8111110000000001	2767800.0
2016-06-06	0.007028	0.09842999999999999	0.105201	0.09297000000000001	0.321774	1712100.0
2016-06-03	0.012607	0.100998	0.105643	0.090603	0.5699960000000001	1415900.0
2016-06-02	0.0024460000000000003	0.079081	0.091054	0.076864	0.11031700000000001	1713700.0
2016-06-01	0.0057399999999999994	0.077248	0.097093	0.074349	0.257419	1328300.0
2016-05-31	-0.023032	0.081846	0.089689	0.057665	-1.0572469999999998	2368400.0
2016-05-27	-0.007948	0.082541	0.083622	0.073032	-0.36774	847700.0
2016-05-26	-0.010226	0.08494700000000001	0.089653	0.074465	-0.478066	1185400.0
2016-05-25	0.027273000000000002	0.098715	0.118931	0.098495	1.241123	1671300.0
2016-05-24	0.007736	0.092821	0.099686	0.087506	0.34935	1284600.0
2016-05-23	-0.012265999999999999	0.071542	0.08226	0.07023	-0.5607979999999999	1460700.0
2016-05-20	-0.0018059999999999999	0.084235	0.094278	0.080523	-0.082741	1338100.0
2016-05-19	-0.007174	0.071904	0.08426	0.064968	-0.330967	1632400.0
2016-05-18	-0.0035740000000000004	0.09032000000000001	0.098096	0.079952	-0.165478	1335300.0
2016-05-17	-0.000195	0.106735	0.118181	0.10176900000000001	-0.009025	1483600.0
2016-05-16	0.023334999999999998	0.124384	0.13742200000000002	0.123721	1.055927	1615600.0
2016-05-13	-0.020512	0.084654	0.094395	0.07816000000000001	-0.947624	1675100.0
2016-05-12	0.000586	0.129906	0.134454	0.10066699999999999	0.027069	2028200.0
2016-05-11	0.001174	0.101309	0.116921	0.094154	0.054153	2193800.0
2016-05-10	0.015905000000000002	0.108912	0.125874	0.108251	0.722	1865400.0
2016-05-09	-0.019875	0.09939500000000001	0.099611	0.081474	-0.9205549999999999	1901000.0
2016-05-06	0.0025399999999999997	0.091797	0.12080199999999999	0.091364	0.11733299999999999	1533200.0
2016-05-05	0.007677	0.11283	0.129188	0.106504	0.35197399999999995	2268500.0
2016-05-04	-0.024578	0.10803099999999999	0.10803099999999999	0.073139	-1.1552120000000001	2705600.0
2016-05-03	-0.026724	0.078627	0.083183	0.072001	-1.29057	3390700.0
2016-05-02	0.002999	0.11280799999999999	0.11280799999999999	0.09827000000000001	0.144402	1131400.0
2016-04-29	-0.001871	0.11114	0.11445699999999999	0.097459	-0.09025599999999999	1558600.0
2016-04-28	-0.008717	0.100222	0.112757	0.09487899999999999	-0.424175	1418200.0
2016-04-27	0.023733	0.114973	0.138325	0.114973	1.128132	2268100.0
2016-04-26	0.013078999999999999	0.113572	0.124654	0.110588	0.613689	1833200.0
2016-04-25	-0.025491999999999997	0.08705399999999999	0.091	0.071893	-1.22739	3335800.0
2016-04-22	0.002443	0.097413	0.11198699999999999	0.096996	0.11732100000000001	1743700.0
2016-04-21	0.003394	0.11680499999999999	0.120983	0.107195	0.162453	2025200.0
2016-04-20	0.003026	0.099859	0.119975	0.097554	0.144397	1505800.0
2016-04-19	0.014582	0.103992	0.12673900000000002	0.10292899999999999	0.685902	2660100.0
2016-04-18	-0.000958	0.078722	0.111642	0.077872	-0.04512	2697200.0
2016-04-15	0.001536	0.110371	0.11185999999999999	0.10165	0.072193	2684800.0
2016-04-14	0.007932999999999999	0.10931700000000001	0.121324	0.107602	0.370026	1714200.0
2016-04-13	0.009769	0.118423	0.12318599999999999	0.111928	0.45125200000000004	1596200.0
2016-04-12	0.022986000000000003	0.10625899999999999	0.137708	0.10493	1.03788	1863500.0
2016-04-11	0.006640000000000001	0.112267	0.122745	0.112267	0.297824	1202900.0
2016-04-08	0.039532	0.144649	0.155773	0.141404	1.705731	2057300.0
2016-04-07	-0.004995	0.096501	0.1078	0.094426	-0.216602	1474200.0
2016-04-06	0.015642	0.10709400000000001	0.126533	0.102644	0.667854	2287000.0
2016-04-05	-0.025541	0.07859	0.088632	0.074938	-1.119103	1976600.0
2016-04-04	0.001444	0.112374	0.11968699999999999	0.107574	0.063176	2983800.0
2016-04-01	-0.014434	0.072215	0.094065	0.071765	-0.640778	2386500.0
2016-03-31	-0.010461	0.100898	0.10758499999999999	0.095549	-0.46929899999999997	1274800.0
2016-03-30	0.018647	0.135505	0.146403	0.124833	0.8212729999999999	2040100.0
2016-03-29	0.0016420000000000002	0.08960900000000001	0.11098699999999999	0.083696	0.072197	1715200.0
2016-03-28	0.0	0.114399	0.114399	0.101208	0.0	910100.0
2016-03-24	0.009741	0.088741	0.11951300000000001	0.085985	0.424176	1887300.0
2016-03-23	-0.013291999999999998	0.10349900000000001	0.104406	0.09217	-0.5866239999999999	2814500.0
2016-03-22	-0.014112999999999999	0.083234	0.098649	0.08167100000000001	-0.631749	3025100.0
2016-03-21	-0.009783	0.092546	0.10051	0.082149	-0.442234	2689700.0
2016-03-18	-0.011642	0.101035	0.106063	0.088791	-0.532474	3903500.0
2016-03-17	0.026534	0.12441500000000001	0.139676	0.116335	1.182281	2434400.0
2016-03-16	0.025763	0.108952	0.137729	0.108261	1.119099	2128200.0
2016-03-15	-0.007219	0.08609	0.100717	0.083347	-0.315868	3563300.0
2016-03-14	-0.0065569999999999995	0.090775	0.106215	0.08509800000000001	-0.288804	1857200.0
2016-03-11	0.022632	0.125446	0.13659100000000002	0.12196300000000002	0.974698	3069800.0
2016-03-10	-0.014253	0.089491	0.097273	0.081709	-0.6227229999999999	4558700.0
2016-03-09	0.018086	0.110827	0.132732	0.105235	0.77615	3087500.0
2016-03-08	-0.020597	0.095707	0.097076	0.07242799999999999	-0.9024969999999999	4076500.0
2016-03-07	0.006426	0.074955	0.12112300000000001	0.074496	0.27977399999999997	2834200.0
2016-03-04	0.007729000000000001	0.100393	0.126086	0.09992999999999999	0.333927	2749500.0
2016-03-03	0.011837	0.10428399999999999	0.123723	0.100302	0.505402	2728200.0
2016-03-02	0.016544999999999997	0.099698	0.126363	0.09446	0.694919	3145800.0
2016-03-01	0.018158	0.117	0.128635	0.105849	0.749077	2531600.0
2016-02-29	-0.00021899999999999998	0.11554400000000001	0.11869400000000001	0.10512300000000001	-0.009025	3401600.0
2016-02-26	0.009272	0.12123900000000001	0.124175	0.11218900000000001	0.37905500000000003	3742600.0
2016-02-25	0.02096	0.12900799999999998	0.134252	0.10453499999999999	0.839325	4225900.0
2016-02-24	0.00045099999999999996	0.073553	0.111029	0.070306	0.018050999999999998	3410000.0
2016-02-23	-0.042324	0.084583	0.09295700000000001	0.05898200000000001	-1.7689130000000002	3072400.0
2016-02-22	0.022296	0.11683699999999998	0.134448	0.11683699999999998	0.911537	4895300.0
2016-02-19	-0.009186	0.091066	0.09882200000000001	0.078949	-0.37905500000000003	3240700.0
2016-02-18	-0.010604	0.11330599999999999	0.114745	0.093404	-0.442223	1852900.0
2016-02-17	0.040063	0.117757	0.157909	0.11601099999999999	1.6064530000000001	2919100.0
2016-02-16	0.024848	0.155754	0.163422	0.13760799999999998	0.9721870000000001	3219200.0
2016-02-12	0.038714	0.149526	0.181649	0.146606	1.458275	3920200.0
2016-02-11	0.006851	0.120247	0.144571	0.11276199999999999	0.256294	3202800.0
2016-02-10	-0.006804000000000001	0.123244	0.145278	0.116076	-0.256294	2856800.0
2016-02-09	-0.042677	0.09081	0.09741799999999999	0.07429	-1.6792259999999999	3988600.0
2016-02-08	-0.004472	0.11502799999999999	0.130714	0.100606	-0.176762	3075000.0
2016-02-05	0.002466	0.14085799999999998	0.147453	0.12487899999999999	0.097218	3065000.0
2016-02-04	0.035515	0.177699	0.188993	0.166143	1.352219	3804200.0
2016-02-03	0.037322	0.158718	0.17533800000000002	0.12548	1.369895	4162300.0
2016-02-02	-0.046602	0.075627	0.084978	0.068354	-1.794124	4318800.0
2016-02-01	-0.012916999999999998	0.104295	0.12378099999999999	0.093783	-0.5037729999999999	4055500.0
2016-01-29	0.014716	0.11664400000000001	0.148645	0.114042	0.5656399999999999	3808300.0
2016-01-28	0.035476	0.184814	0.18643099999999999	0.15625799999999998	1.316867	4692100.0
2016-01-27	0.019913	0.11691099999999999	0.166918	0.11196500000000001	0.7247170000000001	6759900.0
2016-01-26	0.041214	0.161512	0.183827	0.145492	1.440601	2615200.0
2016-01-25	-0.020555	0.11185899999999999	0.13455599999999998	0.10569400000000001	-0.733559	3529000.0
2016-01-22	0.058176	0.199374	0.206787	0.179508	1.962048	3353000.0
2016-01-21	0.032468000000000004	0.122902	0.174332	0.118922	1.060566	4008700.0
2016-01-20	-0.039251	0.08912	0.099415	0.05765	-1.334545	5760700.0
2016-01-19	-0.012831	0.146862	0.150055	0.105342	-0.441906	4017000.0
2016-01-15	-0.051132	0.076374	0.08987300000000001	0.065078	-1.8559880000000002	3965400.0
2016-01-14	0.069531	0.16535899999999998	0.21780700000000003	0.153278	2.359753	3828400.0
2016-01-13	-0.028339999999999997	0.148079	0.153232	0.097689	-0.989857	3258000.0
2016-01-12	-0.007285	0.140568	0.142842	0.10362	-0.256306	2600400.0
2016-01-11	0.003276	0.146586	0.14715699999999998	0.123204	0.114899	5886200.0
2016-01-08	-0.056137	0.118555	0.118824	0.065803	-2.085777	11210000.0
2016-01-07	-0.048438	0.085118	0.110729	0.075386	-1.8913380000000002	5699300.0
2016-01-06	-0.03852	0.087396	0.09897	0.083457	-1.564335	2052700.0
2016-01-05	-0.009056999999999999	0.117077	0.122689	0.10219199999999999	-0.371189	2445600.0
2016-01-04	0.007168000000000001	0.123609	0.140567	0.113042	0.291652	3602600.0
2015-12-31	-0.00583	0.12243299999999999	0.133184	0.120723	-0.238628	1179100.0
2015-12-30	-0.013421	0.124965	0.12978599999999998	0.11484100000000001	-0.556797	1383000.0
2015-12-29	0.020213	0.151393	0.158771	0.145983	0.821941	1857500.0
2015-12-28	-0.011812999999999999	0.11980899999999998	0.125398	0.11178900000000001	-0.486095	1701600.0
2015-12-24	-0.017099	0.125502	0.131473	0.112126	-0.715878	685300.0
2015-12-23	0.059258000000000005	0.184606	0.198522	0.178028	2.342079	2690400.0
2015-12-22	0.023575	0.14494	0.159184	0.141056	0.9103209999999999	3071700.0
2015-12-21	-0.0038759999999999997	0.13585899999999998	0.14746800000000002	0.12295999999999999	-0.150257	2214700.0
2015-12-18	0.003432	0.15037	0.151147	0.131474	0.132579	2209100.0
2015-12-17	-0.02737	0.117626	0.11938800000000001	0.09823899999999999	-1.0870819999999999	2703400.0
2015-12-16	0.0029010000000000004	0.12945299999999998	0.14207899999999998	0.119101	0.11489500000000001	1949700.0
2015-12-15	0.009689	0.141672	0.153909	0.13886700000000002	0.38003600000000004	2285600.0
2015-12-14	-0.008268000000000001	0.122877	0.127934	0.100121	-0.32700799999999997	2661200.0
2015-12-11	-0.036598	0.104192	0.106627	0.089576	-1.502464	2939700.0
2015-12-10	-0.013590999999999999	0.118979	0.138682	0.115855	-0.5656359999999999	2181800.0
2015-12-09	0.025478999999999998	0.155621	0.182479	0.149214	1.03405	2409300.0
2015-12-08	-0.010771	0.11075499999999999	0.134155	0.10198	-0.441902	2744500.0
2015-12-07	-0.048185000000000006	0.08948099999999999	0.091801	0.071617	-2.076938	2443500.0
2015-12-04	-0.010348999999999999	0.128718	0.129407	0.10506900000000001	-0.450741	2400300.0
2015-12-03	-0.012623	0.14688900000000002	0.14802300000000002	0.114924	-0.556793	2158400.0
2015-12-02	-0.010311	0.137531	0.14875	0.11733800000000001	-0.45958000000000004	1561200.0
2015-12-01	0.009812000000000001	0.137817	0.143708	0.134419	0.43306400000000006	1075200.0
2015-11-30	-0.010305	0.13752799999999998	0.138425	0.11958900000000001	-0.45958000000000004	1912900.0
2015-11-27	0.0021850000000000003	0.136642	0.13956300000000002	0.132372	0.097222	737000.0
2015-11-25	-0.004941	0.131473	0.13684000000000002	0.12118699999999999	-0.220952	1033200.0
2015-11-24	0.020985	0.13558299999999998	0.158185	0.134441	0.9191520000000001	1255100.0
2015-11-23	-0.008006000000000001	0.13102	0.136229	0.118111	-0.35352	1322300.0
2015-11-20	-0.030468000000000002	0.12247100000000001	0.127082	0.095902	-1.387569	1565400.0
2015-11-19	0.008020000000000001	0.137449	0.148516	0.134793	0.362358	1504000.0
2015-11-18	0.026918	0.14852100000000001	0.162613	0.147611	1.184299	2888300.0
2015-11-17	0.002618	0.14058900000000002	0.143096	0.12965	0.11489200000000001	2910200.0
2015-11-16	0.024134	0.131707	0.15878	0.128206	1.034053	1334100.0
2015-11-13	-0.004518	0.125433	0.13217	0.114745	-0.194439	1531500.0
2015-11-12	-0.020515000000000002	0.118047	0.12851500000000002	0.10575799999999999	-0.901481	1235000.0
2015-11-11	-0.01564	0.136402	0.13797	0.112881	-0.6982	1159100.0
2015-11-10	-0.011159	0.115746	0.12726500000000002	0.11485999999999999	-0.503777	1354900.0
2015-11-09	-0.003066	0.155166	0.162674	0.1428	-0.138847	1504900.0
2015-11-06	-0.009867	0.13458499999999998	0.142456	0.128681	-0.451275	1146600.0
2015-11-05	-0.034268	0.117665	0.125056	0.11048599999999999	-1.622845	1925700.0
2015-11-04	-0.004922999999999999	0.154397	0.15775899999999998	0.138217	-0.23431	1384700.0
2015-11-03	0.018952	0.15079700000000001	0.18248399999999998	0.14929800000000001	0.885185	1914900.0
2015-11-02	0.021446	0.15273299999999998	0.178101	0.148578	0.9806520000000001	1577000.0
2015-10-30	0.00037999999999999997	0.147482	0.162359	0.142232	0.017357	2418400.0
2015-10-29	-0.012745999999999999	0.130913	0.144952	0.128753	-0.590126	1710200.0
2015-10-28	0.010225	0.159278	0.18240699999999999	0.151859	0.468628	1114900.0
2015-10-27	-0.016756999999999998	0.127838	0.13835	0.123547	-0.781048	1260100.0
2015-10-26	-0.021141	0.149145	0.15040499999999998	0.12751500000000002	-1.006687	1144600.0
2015-10-23	-0.019653	0.137472	0.138707	0.12285499999999999	-0.9546209999999999	2029000.0
2015-10-22	-0.004092	0.14081300000000002	0.15004	0.139993	-0.1996	1853300.0
2015-10-21	0.00771	0.163246	0.170271	0.151676	0.373173	1325100.0
2015-10-20	0.001616	0.140292	0.15684800000000002	0.136774	0.078102	1391800.0
2015-10-19	-0.026913999999999997	0.134775	0.13638599999999998	0.116651	-1.33646	825500.0
2015-10-16	0.008104	0.156559	0.162852	0.14336300000000002	0.3992	1322500.0
2015-10-15	0.019030000000000002	0.151882	0.17505199999999999	0.14670999999999998	0.919899	1788700.0
2015-10-14	0.019773	0.16980599999999998	0.178877	0.163898	0.937264	1069300.0
2015-10-13	-0.019037000000000002	0.11711400000000001	0.141741	0.11711400000000001	-0.919903	1255700.0
2015-10-12	-0.003757	0.157656	0.157656	0.143018	-0.182247	1010300.0
2015-10-09	-0.014286000000000002	0.147011	0.15473399999999998	0.132786	-0.702946	1740200.0
2015-10-08	0.015401	0.148581	0.170248	0.147756	0.7463420000000001	1608900.0
2015-10-07	0.034266000000000005	0.192633	0.199676	0.181108	1.605488	2695100.0
2015-10-06	0.03787	0.172674	0.197926	0.170238	1.709625	2143500.0
2015-10-05	0.037082	0.176876	0.199159	0.175268	1.6141780000000001	1986700.0
2015-10-02	0.035508	0.165141	0.193211	0.160621	1.492672	1713300.0
2015-10-01	0.020219	0.198892	0.202775	0.16855599999999998	0.833118	1698300.0
2015-09-30	0.01605	0.159939	0.172515	0.15821300000000002	0.650871	3271900.0
2015-09-29	0.01764	0.178393	0.18165499999999998	0.168104	0.70295	3634600.0
2015-09-28	-0.031632	0.13723	0.13723	0.115846	-1.3017459999999998	1675200.0
2015-09-25	0.0010550000000000002	0.158863	0.16178199999999998	0.14791700000000002	0.043388	1738500.0
2015-09-24	-0.004832	0.151327	0.15495799999999998	0.136802	-0.199604	2026300.0
2015-09-23	-0.006263	0.174427	0.17490799999999998	0.14435699999999999	-0.260349	1847700.0
2015-09-22	-0.037379	0.115244	0.12080199999999999	0.10273900000000001	-1.614163	5264900.0
2015-09-21	0.000603	0.149747	0.15623499999999998	0.145576	0.026032	1818600.0
2015-09-18	-0.035493000000000004	0.123466	0.128606	0.107822	-1.588139	2064300.0
2015-09-17	-0.006934	0.142974	0.160951	0.138757	-0.31241599999999997	1789200.0
2015-09-16	0.033027999999999995	0.16972	0.193793	0.16788599999999998	1.440605	2030200.0
2015-09-15	0.008225	0.155532	0.17055599999999999	0.155532	0.35580500000000004	1271000.0
2015-09-14	-0.008157	0.142896	0.149774	0.133037	-0.35580500000000004	1277400.0
2015-09-11	-0.007112	0.143873	0.145239	0.135223	-0.312424	1537900.0
2015-09-10	0.010178	0.15620499999999998	0.170692	0.14263699999999999	0.442597	2069400.0
2015-09-09	-0.010856999999999999	0.170265	0.174359	0.137283	-0.47731	2030900.0
2015-09-08	0.025713999999999997	0.177492	0.182392	0.166994	1.10215	2255100.0
2015-09-04	-0.027565	0.12098699999999998	0.126659	0.113954	-1.21497	2026700.0
2015-09-03	-0.007426	0.147116	0.163105	0.14013499999999998	-0.329777	2922600.0
2015-09-02	0.015278	0.172644	0.174244	0.141093	0.6682359999999999	2984900.0
2015-09-01	-0.047799	0.11093199999999999	0.119422	0.090686	-2.195618	3540900.0
2015-08-31	0.0058909999999999995	0.138062	0.15996	0.126674	0.26902800000000004	1992400.0
2015-08-28	0.012702	0.14741700000000002	0.175359	0.145642	0.572769	2619400.0
2015-08-27	0.045051999999999995	0.152295	0.206527	0.152295	1.943943	4520600.0
2015-08-26	-0.0028079999999999997	0.175637	0.17633	0.130571	-0.121502	4061400.0
2015-08-25	0.0	0.200827	0.200827	0.152295	0.0	1852500.0
2015-08-24	-0.050828	0.094604	0.11171400000000001	0.076178	-2.317104	4039100.0
2015-08-21	-0.034375	0.14594100000000002	0.147635	0.112685	-1.62286	2290500.0
2015-08-20	-0.007298999999999999	0.15566	0.164491	0.143254	-0.347122	1502000.0
2015-08-19	-0.023521	0.152295	0.152295	0.118827	-1.145538	1369300.0
2015-08-18	-0.007428	0.140475	0.148016	0.140271	-0.36449499999999996	783100.0
2015-08-17	-0.006501000000000001	0.14763900000000002	0.15087799999999998	0.140349	-0.321094	724100.0
2015-08-14	-0.0042	0.144432	0.152295	0.14241600000000001	-0.208287	1239000.0
2015-08-13	-0.026737	0.13954	0.13954	0.11873900000000001	-1.362495	1146300.0
2015-08-12	0.004619	0.14638099999999998	0.15978699999999998	0.138298	0.234314	1896600.0
2015-08-11	0.00321	0.16785999999999998	0.177156	0.15896	0.16228099999999998	2661500.0
2015-08-10	0.006973999999999999	0.160072	0.178992	0.159276	0.350182	1880000.0
2015-08-07	-0.001189	0.174009	0.181568	0.16883800000000002	-0.059788	1390900.0
2015-08-06	0.013081	0.17546199999999998	0.188157	0.167401	0.649116	1100100.0
2015-08-05	0.011314	0.19405999999999998	0.20058099999999998	0.183258	0.555157	1058200.0
2015-08-04	-0.00139	0.17449	0.179171	0.16431400000000002	-0.068321	924600.0
2015-08-03	-0.010662	0.16841099999999998	0.16982	0.155323	-0.5295449999999999	1013500.0
2015-07-31	0.000172	0.18975699999999998	0.18975699999999998	0.165994	0.008545	1046000.0
2015-07-30	0.041749	0.22390300000000002	0.22872800000000001	0.212784	1.9900470000000001	1353200.0
2015-07-29	0.011051	0.1651	0.18673499999999998	0.164251	0.520996	990800.0
2015-07-28	0.008588	0.176817	0.186443	0.16911500000000002	0.401425	1765900.0
2015-07-27	-0.0036409999999999997	0.172319	0.17445	0.162088	-0.17081500000000002	1889600.0
2015-07-24	-0.018757	0.15514	0.157023	0.146774	-0.896804	1231400.0
2015-07-23	-0.0076230000000000004	0.16543	0.169166	0.155052	-0.367264	928600.0
2015-07-22	-0.016219	0.1549	0.1598	0.147345	-0.794312	975000.0
2015-07-21	0.004731	0.17718699999999998	0.186829	0.17452	0.23060999999999998	658800.0
2015-07-20	-0.007651000000000001	0.166551	0.170827	0.16003699999999998	-0.375805	784800.0
2015-07-17	-0.003638	0.17366700000000002	0.174072	0.161496	-0.179355	759000.0
2015-07-16	0.0006929999999999999	0.173466	0.179149	0.171233	0.03416	694200.0
2015-07-15	-0.011144	0.16159300000000001	0.164002	0.153564	-0.555168	494300.0
2015-07-14	0.01762	0.17368599999999998	0.19207	0.171235	0.86264	777700.0
2015-07-13	-0.006412999999999999	0.163115	0.166768	0.157229	-0.31600900000000004	979900.0
2015-07-10	0.026330000000000003	0.19977999999999999	0.203321	0.189365	1.264053	893700.0
2015-07-09	0.011335	0.190629	0.192314	0.177147	0.53809	1061400.0
2015-07-08	-0.0075	0.172709	0.173963	0.15891	-0.358719	1191300.0
2015-07-07	-0.006915999999999999	0.151517	0.16584400000000002	0.132623	-0.33310300000000004	1689000.0
2015-07-06	-0.015881	0.153254	0.15754500000000002	0.14773699999999998	-0.777226	1015600.0
2015-07-02	0.009514	0.18423499999999998	0.190423	0.18114	0.46120500000000003	826400.0
2015-07-01	-0.010288	0.174297	0.174706	0.15674000000000002	-0.5039140000000001	955700.0
2015-06-30	-0.012229	0.164172	0.166794	0.146426	-0.6064109999999999	3703100.0
2015-06-29	-0.031202999999999998	0.139178	0.14816400000000002	0.133707	-1.597153	1863200.0
2015-06-26	-0.001	0.16263	0.170241	0.160092	-0.051253999999999994	715400.0
2015-06-25	-0.00448	0.178404	0.178404	0.163638	-0.230598	873700.0
2015-06-24	0.007187000000000001	0.181981	0.188635	0.17611	0.36725599999999997	1117800.0
2015-06-23	-0.003498	0.160296	0.169852	0.160101	-0.17936	865300.0
2015-06-22	0.009245	0.185784	0.188736	0.181061	0.46975	781500.0
2015-06-19	-0.000336	0.17790999999999998	0.182041	0.16905599999999998	-0.017079	593900.0
2015-06-18	0.003711	0.17635599999999998	0.18465	0.16964200000000002	0.187901	700900.0
2015-06-17	0.001859	0.171222	0.177553	0.16133	0.093952	800700.0
2015-06-16	0.008005	0.165243	0.1802	0.164246	0.401428	661500.0
2015-06-15	-0.002379	0.158691	0.17440799999999998	0.158094	-0.119571	719800.0
2015-06-12	-0.017037	0.151857	0.15576900000000002	0.14266600000000002	-0.871182	1405100.0
2015-06-11	0.002008	0.174746	0.176117	0.166712	0.102486	623000.0
2015-06-10	0.022765999999999998	0.194075	0.204697	0.190868	1.135956	1129100.0
2015-06-09	0.001371	0.171429	0.177249	0.161796	0.068325	1765100.0
2015-06-08	-0.009676	0.167448	0.174007	0.159299	-0.486832	2003300.0
2015-06-05	0.0015300000000000001	0.15729100000000001	0.177794	0.156495	0.07686599999999999	3677500.0
2015-06-04	-0.01721	0.161241	0.16456700000000002	0.150482	-0.879719	2287500.0
2015-06-03	-0.003496	0.17414100000000002	0.178625	0.16634300000000002	-0.179355	3684800.0
2015-06-02	0.009751000000000001	0.180275	0.190708	0.178504	0.49537600000000004	1142900.0
2015-06-01	-0.019938	0.156165	0.157322	0.13783800000000002	-1.033466	2487700.0
2015-05-29	-0.008009	0.16566	0.170253	0.15456	-0.41850699999999996	1320000.0
2015-05-28	0.0034439999999999996	0.17025099999999999	0.175244	0.16026500000000002	0.17936	727900.0
2015-05-27	0.006936	0.169667	0.18165499999999998	0.16889300000000002	0.358723	996300.0
2015-05-26	-0.026997000000000004	0.146556	0.148814	0.131693	-1.434887	1898700.0
2015-05-22	-0.017835	0.153087	0.15475	0.14625	-0.965126	2367500.0
2015-05-21	0.014409	0.184698	0.193883	0.18301099999999998	0.768684	738700.0
2015-05-20	0.006608	0.17912899999999998	0.182148	0.175544	0.35018499999999997	636400.0
2015-05-19	-0.016952000000000002	0.16173800000000002	0.162109	0.150052	-0.9138870000000001	895300.0
2015-05-18	-0.017588	0.15096400000000001	0.154608	0.147319	-0.965133	733300.0
2015-05-15	-0.004647999999999999	0.160307	0.168469	0.15395799999999998	-0.25623	531500.0
2015-05-14	0.000465	0.181533	0.183348	0.169375	0.025631	1009000.0
2015-05-13	0.010493	0.181279	0.188064	0.177428	0.572239	749900.0
2015-05-12	-0.003077	0.178375	0.18879500000000002	0.177095	-0.16833900000000002	973900.0
2015-05-11	0.000924	0.193004	0.195932	0.186417	0.050499	1471100.0
2015-05-08	0.030470999999999998	0.22351100000000002	0.225962	0.207484	1.616074	1596900.0
2015-05-07	-0.021128	0.171822	0.17366700000000002	0.156687	-1.144714	2988200.0
2015-05-06	-0.000621	0.197471	0.20208199999999998	0.184559	-0.033673	1039200.0
2015-05-05	-0.004636	0.195775	0.204771	0.182005	-0.252498	1329500.0
2015-05-04	0.003722	0.19598800000000002	0.20041099999999998	0.190828	0.201999	714700.0
2015-05-01	-0.0018579999999999998	0.184937	0.185857	0.169486	-0.101001	964800.0
2015-04-30	0.006702	0.19473	0.200655	0.189545	0.36193000000000003	1676400.0
2015-04-29	0.0015609999999999999	0.185838	0.19826400000000002	0.182315	0.084176	965400.0
2015-04-28	0.0026609999999999997	0.191597	0.195688	0.18545999999999999	0.14308900000000002	1043800.0
2015-04-27	0.0034549999999999997	0.194408	0.201499	0.190863	0.185169	915600.0
2015-04-24	-0.001098	0.191419	0.192351	0.18154	-0.058922	893700.0
2015-04-23	0.004254	0.193492	0.200605	0.191995	0.22726500000000002	1144600.0
2015-04-22	0.000315	0.193306	0.193306	0.18357	0.01683	1987900.0
2015-04-21	-0.0043939999999999995	0.187877	0.191419	0.178929	-0.23568000000000003	1952500.0
2015-04-20	-0.001097	0.195512	0.197933	0.186015	-0.058910000000000004	1369200.0
2015-04-17	-0.014215	0.16934000000000002	0.173011	0.1642	-0.7743720000000001	1520300.0
2015-04-16	0.015694	0.19981	0.213794	0.19086	0.841701	2302200.0
2015-04-15	0.027742000000000003	0.213166	0.223322	0.203202	1.4477389999999999	2107000.0
2015-04-14	0.021585	0.21605700000000003	0.21801500000000001	0.209402	1.102642	1704900.0
2015-04-13	0.004801	0.196718	0.20183199999999998	0.191998	0.24408000000000002	1763200.0
2015-04-10	0.003489	0.1853	0.19556400000000002	0.184906	0.176765	2802400.0
2015-04-09	-0.020503999999999998	0.150749	0.170277	0.150749	-1.060547	8734100.0
2015-04-08	-0.061259	0.125448	0.134704	0.09405	-3.375236	9422500.0
2015-04-07	0.012842	0.20534299999999997	0.21288	0.200012	0.698608	876600.0
2015-04-06	0.017155	0.195543	0.218915	0.194795	0.917458	664700.0
2015-04-02	0.001576	0.190124	0.192184	0.180573	0.08417100000000001	717100.0
2015-04-01	0.011802	0.20398	0.210423	0.196401	0.6228640000000001	963000.0
2015-03-31	-0.020159	0.16151400000000002	0.17116800000000001	0.158172	-1.0858	1060800.0
2015-03-30	0.00629	0.199274	0.205252	0.192735	0.336685	719100.0
2015-03-27	-0.01746	0.174847	0.175948	0.16218	-0.9511299999999999	1162900.0
2015-03-26	-0.015216	0.183363	0.187883	0.16402	-0.8417129999999999	921600.0
2015-03-25	0.009524	0.204306	0.210511	0.198466	0.5218659999999999	982100.0
2015-03-24	-0.013337	0.192745	0.192745	0.171498	-0.740704	1983800.0
2015-03-23	0.020257	0.188064	0.220764	0.188064	1.102639	2792200.0
2015-03-20	0.025369	0.21161	0.226868	0.20822	1.346729	1292000.0
2015-03-19	-0.008645	0.18096800000000002	0.184142	0.169389	-0.462937	1330500.0
2015-03-18	0.035482	0.198892	0.236019	0.191544	1.834916	1786400.0
2015-03-17	0.015034	0.19885899999999998	0.209851	0.195719	0.7659560000000001	1830300.0
2015-03-16	0.011192	0.195209	0.203941	0.18568199999999999	0.5639270000000001	2445600.0
2015-03-13	-0.026191000000000002	0.158686	0.159459	0.146703	-1.355137	2867900.0
2015-03-12	0.005562	0.218577	0.218771	0.191368	0.28618299999999997	1095500.0
2015-03-11	-0.011641	0.182301	0.183838	0.169047	-0.6060300000000001	1676600.0
2015-03-10	-0.041085	0.16154000000000002	0.164671	0.13741	-2.230514	2296700.0
2015-03-09	0.00031	0.192302	0.19911900000000002	0.188064	0.01683	848800.0
2015-03-06	-0.017373	0.174304	0.1772	0.16633699999999998	-0.959549	816600.0
2015-03-05	-0.005305	0.183381	0.184462	0.177258	-0.294594	730000.0
2015-03-04	-0.0051270000000000005	0.181076	0.185197	0.169072	-0.286174	821500.0
2015-03-03	-0.0037560000000000002	0.18145899999999998	0.18824200000000002	0.17771099999999998	-0.210431	960600.0
2015-03-02	-0.023331	0.169062	0.171851	0.15476700000000002	-1.338314	1171700.0
2015-02-27	0.006498	0.194556	0.20525900000000002	0.192626	0.370354	700000.0
2015-02-26	-0.017699	0.169794	0.171517	0.16117599999999999	-1.0268899999999999	1115700.0
2015-02-25	0.004371	0.184428	0.19498800000000002	0.177504	0.25251799999999996	776000.0
2015-02-24	0.01269	0.205069	0.20559499999999997	0.192973	0.723873	1140800.0
2015-02-23	-0.0077599999999999995	0.181106	0.18754200000000001	0.174148	-0.446114	717100.0
2015-02-20	0.0050030000000000005	0.18212	0.19575599999999999	0.181595	0.286179	880600.0
2015-02-19	-0.020467	0.164433	0.170597	0.15826800000000002	-1.195217	914400.0
2015-02-18	-0.000576	0.183785	0.192685	0.181047	-0.033669	559300.0
2015-02-17	0.00231	0.17794300000000002	0.19561099999999998	0.170738	0.134671	850800.0
2015-02-13	0.012573	0.192232	0.204738	0.19205899999999998	0.723873	736600.0
2015-02-12	0.009743	0.191045	0.207181	0.18929100000000001	0.555527	920900.0
2015-02-11	-0.0064540000000000005	0.172206	0.182313	0.167153	-0.37036199999999997	897400.0
2015-02-10	-0.005038	0.196295	0.198722	0.18069100000000002	-0.290588	1106700.0
2015-02-09	0.009445	0.205319	0.22351999999999997	0.205319	0.5396770000000001	1310500.0
2015-02-06	-0.014181000000000001	0.189778	0.195472	0.182187	-0.8219569999999999	2364800.0
2015-02-05	0.026164999999999997	0.222679	0.240207	0.22090900000000002	1.477859	961600.0
2015-02-04	-0.022698	0.170011	0.18766	0.165686	-1.3118049999999999	1147900.0
2015-02-03	0.055337	0.23585100000000003	0.273285	0.23585100000000003	3.0304450000000003	1480600.0
2015-02-02	0.030786	0.233242	0.24415900000000001	0.225336	1.635601	1283300.0
2015-01-30	-0.014022	0.188112	0.198319	0.177905	-0.7555350000000001	2349400.0
2015-01-29	-0.033075	0.176629	0.1795	0.15545499999999998	-1.843178	2200900.0
2015-01-28	-0.039084	0.18909700000000002	0.18909700000000002	0.15737	-2.266594	1539900.0
2015-01-27	0.004169	0.195786	0.21466	0.194747	0.24077199999999999	1169000.0
2015-01-26	0.020390000000000002	0.214691	0.23536300000000002	0.20921399999999998	1.154053	1213100.0
2015-01-23	-0.001172	0.194914	0.215738	0.192796	-0.066425	1247100.0
2015-01-22	0.007379999999999999	0.20604299999999998	0.220977	0.201244	0.415134	2402800.0
2015-01-21	0.014981	0.210218	0.22573600000000002	0.20967600000000003	0.830261	1424200.0
2015-01-20	0.002102	0.208783	0.211495	0.19431800000000002	0.11623	1531200.0
2015-01-16	0.033034	0.215838	0.245164	0.21509099999999998	1.7684520000000001	1602000.0
2015-01-15	0.009867	0.221798	0.231041	0.207273	0.5230670000000001	1860900.0
2015-01-14	-0.010231	0.17438399999999998	0.195482	0.168036	-0.5479689999999999	1624600.0
2015-01-13	0.0026420000000000003	0.21099600000000002	0.218296	0.19414800000000002	0.141147	1237500.0
2015-01-12	-0.025594	0.179089	0.183284	0.161395	-1.403141	1913100.0
2015-01-09	-0.0133	0.192925	0.196164	0.176726	-0.738937	1524900.0
2015-01-08	0.022147999999999998	0.21033000000000002	0.232775	0.20536300000000002	1.203876	1616200.0
2015-01-07	0.012527	0.21431599999999998	0.231267	0.20611999999999997	0.672512	4187200.0
2015-01-06	-0.013125999999999999	0.196355	0.21712800000000002	0.185142	-0.714023	1665600.0
2015-01-05	-0.052083000000000004	0.161925	0.165236	0.132825	-2.988934	2224300.0
2015-01-02	-0.006325	0.20236600000000002	0.20530900000000002	0.186782	-0.36530300000000004	1062500.0
2014-12-31	-0.005576	0.20461600000000002	0.20599299999999998	0.19600599999999999	-0.32381	784200.0
2014-12-30	-0.014511000000000001	0.182554	0.192905	0.178821	-0.855175	993500.0
2014-12-29	-0.006717	0.196522	0.204275	0.192477	-0.398507	734700.0
2014-12-26	0.005629	0.207664	0.217156	0.206139	0.332097	427000.0
2014-12-24	0.001127	0.20597100000000002	0.210382	0.19578900000000002	0.06641	509000.0
2014-12-23	0.003677	0.193884	0.21142600000000003	0.192692	0.215885	1226800.0
2014-12-22	0.002978	0.213668	0.214864	0.192145	0.174351	1544600.0
2014-12-19	0.026645	0.21584299999999998	0.236887	0.21040599999999998	1.5193709999999998	1270300.0
2014-12-18	0.011041	0.207812	0.217919	0.19575499999999998	0.622688	1404200.0
2014-12-17	0.043953	0.22573000000000001	0.270894	0.221473	2.374542	1953500.0
2014-12-16	0.040954000000000004	0.225253	0.27824	0.21619699999999997	2.125473	1345700.0
2014-12-15	-0.019759	0.21011	0.218042	0.173091	-1.046127	1508700.0
2014-12-12	-0.027007	0.19029300000000002	0.19764400000000001	0.17136400000000002	-1.46957	1401300.0
2014-12-11	-0.010418	0.19826	0.215173	0.19044	-0.5728800000000001	1685600.0
2014-12-10	-0.027601999999999998	0.185522	0.186583	0.164832	-1.5608790000000001	1460000.0
2014-12-09	-0.002344	0.192623	0.217323	0.191918	-0.13283499999999998	1481400.0
2014-12-08	-0.022340000000000002	0.190127	0.19150699999999998	0.172707	-1.295216	1114300.0
2014-12-05	-0.005412	0.205473	0.20770300000000003	0.194665	-0.315506	1325100.0
2014-12-04	-0.014043	0.192942	0.195648	0.18482300000000002	-0.8302459999999999	1169800.0
2014-12-03	-0.010971999999999999	0.18554	0.19825399999999999	0.18186	-0.655907	2481800.0
2014-12-02	0.023163	0.21591100000000002	0.23610799999999998	0.210092	1.353325	1044100.0
2014-12-01	0.013393	0.20548400000000003	0.22109499999999999	0.201495	0.772145	1083600.0
2014-11-28	-0.073145	0.125026	0.129688	0.114898	-4.549812999999999	1683100.0
2014-11-26	0.011203	0.216148	0.22151300000000002	0.208833	0.689118	403300.0
2014-11-25	-0.009226999999999999	0.201061	0.206215	0.19220299999999998	-0.5728949999999999	542600.0
2014-11-24	-0.006642	0.195484	0.201244	0.190524	-0.41513100000000003	599300.0
2014-11-21	0.012508	0.21869899999999998	0.224045	0.211409	0.7721439999999999	556300.0
2014-11-20	0.01975	0.213529	0.22971799999999998	0.212538	1.195568	634400.0
2014-11-19	-0.005863	0.199352	0.201488	0.191962	-0.357006	712300.0
2014-11-18	0.012005	0.22089699999999998	0.22156199999999998	0.211092	0.722329	610900.0
2014-11-17	-0.001928	0.192832	0.204775	0.19183699999999998	-0.11623800000000001	425000.0
2014-11-14	0.01114	0.202598	0.21819699999999997	0.201928	0.664204	583800.0
2014-11-13	-0.008697	0.190144	0.195797	0.188648	-0.523075	661900.0
2014-11-12	-0.01375	0.189685	0.201984	0.185422	-0.8385360000000001	490400.0
2014-11-11	0.002966	0.20867399999999997	0.22594299999999998	0.204891	0.180344	613400.0
2014-11-10	-0.0036270000000000004	0.224446	0.226904	0.214614	-0.22133699999999998	554500.0
2014-11-07	0.023793	0.240494	0.24888200000000002	0.23562800000000003	1.418194	585200.0
2014-11-06	0.002205	0.222548	0.22557399999999997	0.212796	0.13115	734100.0
2014-11-05	0.01341	0.218665	0.238261	0.215428	0.786995	803700.0
2014-11-04	-0.020388999999999997	0.196489	0.199493	0.18881099999999998	-1.221463	1083100.0
2014-11-03	-0.021293	0.206952	0.20956599999999997	0.19175899999999999	-1.303417	911800.0
2014-10-31	0.004169	0.218381	0.22494299999999998	0.20722600000000002	0.254105	986900.0
2014-10-30	0.001077	0.212961	0.223307	0.20770500000000003	0.065597	817400.0
2014-10-29	-0.004023	0.22378299999999998	0.231961	0.2071	-0.245941	892600.0
2014-10-28	0.009748	0.22448200000000001	0.23174899999999998	0.220023	0.590248	807800.0
2014-10-27	-0.003104	0.21063800000000002	0.219529	0.20602800000000002	-0.188549	651100.0
2014-10-24	0.001893	0.21886799999999998	0.22249699999999997	0.21309499999999998	0.114773	520400.0
2014-10-23	0.012043	0.22904000000000002	0.24189499999999997	0.22469899999999998	0.7213970000000001	832700.0
2014-10-22	-0.009086	0.212579	0.222009	0.20711999999999997	-0.549251	888000.0
2014-10-21	0.031185	0.23742800000000003	0.258922	0.236746	1.8280869999999998	808400.0
2014-10-20	-0.008596	0.19838	0.210218	0.19533599999999998	-0.508263	911800.0
2014-10-17	0.027638999999999997	0.242799	0.259657	0.24106100000000003	1.590347	1247600.0
2014-10-16	-0.015844	0.173848	0.20514899999999997	0.172309	-0.9263299999999999	2649300.0
2014-10-15	-0.004883	0.218496	0.219858	0.18717899999999998	-0.286919	1289400.0
2014-10-14	-0.011585	0.221877	0.22271799999999997	0.20421199999999998	-0.688606	1182200.0
2014-10-13	-0.004667	0.231579	0.235598	0.21299200000000001	-0.278733	777500.0
2014-10-10	-0.02659	0.194268	0.197854	0.183836	-1.6313280000000001	1060700.0
2014-10-09	-0.03718	0.186117	0.191139	0.169953	-2.369118	1791800.0
2014-10-08	0.022225	0.227237	0.24713000000000002	0.221302	1.385391	966700.0
2014-10-07	-0.008088	0.21460700000000002	0.21810700000000002	0.208878	-0.508258	929100.0
2014-10-06	0.000653	0.211101	0.22351999999999997	0.210623	0.041007999999999996	958100.0
2014-10-03	-0.0072569999999999996	0.21258600000000002	0.21511599999999997	0.20405	-0.459084	744200.0
2014-10-02	-0.015186000000000002	0.21394200000000002	0.215655	0.188568	-0.975517	1044400.0
2014-10-01	-0.009606	0.214308	0.214308	0.20305299999999998	-0.623024	633200.0
2014-09-30	-0.009018	0.21389899999999998	0.215885	0.203968	-0.590248	2490900.0
2014-09-29	0.000251	0.218177	0.22429000000000002	0.214509	0.016395	311100.0
2014-09-26	0.003773	0.213875	0.226915	0.208353	0.245957	460300.0
2014-09-25	-0.020087	0.20212	0.203623	0.190545	-1.336243	605100.0
2014-09-24	0.0011099999999999999	0.21955700000000003	0.22151300000000002	0.20902300000000001	0.073784	607700.0
2014-09-23	-0.013988999999999998	0.20383199999999999	0.209323	0.20042000000000001	-0.942734	510800.0
2014-09-22	-0.000729	0.218375	0.218968	0.21318499999999999	-0.049187	255600.0
2014-09-19	0.00366	0.230275	0.231019	0.21464899999999998	0.24592600000000003	404300.0
2014-09-18	0.008862	0.22916599999999998	0.233821	0.228115	0.590241	388500.0
2014-09-17	-0.006116	0.218216	0.219858	0.211054	-0.40988900000000006	533800.0
2014-09-16	0.008512	0.216698	0.23596	0.216698	0.565643	969800.0
2014-09-15	0.002597	0.216689	0.22468600000000002	0.21306799999999998	0.172149	371000.0
2014-09-12	-0.007123	0.21326599999999998	0.214315	0.207873	-0.475463	390300.0
2014-09-11	-0.010570999999999999	0.21244699999999997	0.21244699999999997	0.20310899999999998	-0.713196	501300.0
2014-09-10	0.015548	0.23355599999999999	0.23882399999999998	0.226631	1.0328979999999999	546200.0
2014-09-09	-0.012309	0.204545	0.207815	0.201125	-0.8279569999999999	992400.0
2014-09-08	-0.024144	0.198676	0.20186700000000002	0.1891	-1.664132	579900.0
2014-09-05	0.0022649999999999997	0.21360500000000002	0.223493	0.212733	0.15576199999999998	361200.0
2014-09-04	-0.008860999999999999	0.22129899999999997	0.222452	0.20559000000000002	-0.61483	411000.0
2014-09-03	0.005464	0.22435	0.228552	0.22376999999999997	0.377091	252600.0
2014-09-02	-0.007896	0.21784499999999998	0.21784499999999998	0.20648699999999998	-0.5492560000000001	413200.0
2014-08-29	-0.0011769999999999999	0.215837	0.219427	0.21109899999999998	-0.081955	329500.0
2014-08-28	0.003544	0.218705	0.224613	0.21812800000000002	0.24591100000000002	420600.0
2014-08-27	0.005703	0.21826399999999999	0.226814	0.21594499999999997	0.393494	359800.0
2014-08-26	0.009354000000000001	0.22629499999999997	0.234779	0.22570900000000002	0.6394340000000001	462300.0
2014-08-25	0.004215	0.21927	0.227644	0.21927	0.286911	269100.0
2014-08-22	-0.00539	0.21518299999999999	0.21693600000000002	0.20933800000000002	-0.368888	468600.0
2014-08-21	-0.006308	0.212743	0.215212	0.210711	-0.43450200000000005	643600.0
2014-08-20	-0.014659	0.202977	0.203549	0.198399	-1.024689	809400.0
2014-08-19	0.007918999999999999	0.21812800000000002	0.229519	0.21668600000000002	0.549233	1175500.0
2014-08-18	0.010994	0.232832	0.233269	0.227584	0.754181	443000.0
2014-08-15	0.004562	0.22469	0.229523	0.21722199999999997	0.311515	535700.0
2014-08-14	0.0033729999999999997	0.226323	0.22984899999999997	0.221915	0.22953800000000002	432700.0
2014-08-13	-0.001923	0.220298	0.220885	0.212232	-0.131149	925100.0
2014-08-12	-0.008487	0.216921	0.224773	0.215613	-0.583641	946700.0
2014-08-11	0.000826	0.229569	0.23917399999999997	0.228404	0.056747000000000006	552600.0
2014-08-08	-0.002823	0.22363000000000002	0.232337	0.219567	-0.19456400000000001	754800.0
2014-08-07	-0.011051	0.227329	0.22862	0.217139	-0.770066	1111900.0
2014-08-06	-0.00209	0.22146999999999997	0.23622100000000001	0.22146999999999997	-0.145904	796200.0
2014-08-05	-0.001276	0.24122399999999997	0.242225	0.22920900000000002	-0.089188	900600.0
2014-08-04	0.009126	0.240427	0.24490100000000004	0.23119	0.632286	603600.0
2014-08-01	-0.007778	0.22734200000000002	0.23006300000000002	0.21774699999999997	-0.543098	886200.0
2014-07-31	0.020374	0.275291	0.275291	0.25716999999999995	1.394241	802400.0
2014-07-30	-0.017230000000000002	0.21956900000000001	0.221723	0.20592600000000003	-1.1997149999999999	1081300.0
2014-07-29	0.001983	0.23680900000000002	0.242133	0.234219	0.137825	285400.0
2014-07-28	-0.007295	0.223929	0.227358	0.217644	-0.510696	369200.0
2014-07-25	-0.007585	0.22371999999999997	0.225421	0.2189	-0.535004	265400.0
2014-07-24	-0.00011499999999999999	0.22854000000000002	0.236195	0.227406	-0.008094	254900.0
2014-07-23	0.003691	0.237627	0.239761	0.23492399999999997	0.259399	317900.0
2014-07-22	0.004053	0.24221399999999998	0.242785	0.238071	0.283699	349900.0
2014-07-21	0.00011599999999999999	0.22278499999999998	0.23478600000000002	0.221642	0.008102	207300.0
2014-07-18	-0.0012720000000000001	0.227223	0.23350100000000001	0.225225	-0.089157	295500.0
2014-07-17	-0.010868000000000001	0.225175	0.230962	0.218683	-0.770088	430000.0
2014-07-16	0.007144	0.239898	0.24345100000000003	0.23705500000000002	0.502587	471500.0
2014-07-15	-0.001036	0.23619899999999996	0.23889699999999997	0.22838899999999998	-0.07296	403800.0
2014-07-14	0.001037	0.232933	0.23691199999999998	0.229379	0.07296	516800.0
2014-07-11	0.008365000000000001	0.243246	0.246113	0.239377	0.583641	457500.0
2014-07-10	-0.012619	0.22218000000000002	0.222888	0.214821	-0.8916709999999999	335300.0
2014-07-09	0.005305	0.22966	0.241468	0.22667199999999998	0.37288699999999997	383300.0
2014-07-08	-0.005619	0.22968200000000003	0.231804	0.22473	-0.39720900000000003	357000.0
2014-07-07	-0.004566	0.231672	0.23293899999999998	0.22561599999999998	-0.324234	325900.0
2014-07-03	-0.00364	0.230276	0.23195900000000003	0.225365	-0.259407	207500.0
2014-07-02	0.003653	0.235756	0.24110700000000002	0.23420700000000003	0.259407	309200.0
2014-07-01	0.006781000000000001	0.24059	0.244844	0.23747100000000002	0.47824099999999997	532100.0
2014-06-30	-0.000918	0.230102	0.23576799999999998	0.22528600000000001	-0.064842	603900.0
2014-06-27	0.007403	0.242348	0.24363200000000002	0.23820999999999998	0.518791	753600.0
2014-06-26	0.008281	0.23767199999999997	0.245441	0.22832	0.575531	908000.0
2014-06-25	-0.003139	0.22991399999999998	0.23220900000000003	0.22374699999999997	-0.21885700000000002	437400.0
2014-06-24	-0.011379	0.229673	0.230665	0.21918	-0.802506	664200.0
2014-06-23	0.004386999999999999	0.234213	0.23905500000000002	0.234213	0.30803	283700.0
2014-06-20	0.000231	0.234783	0.23919899999999997	0.231791	0.016212	480700.0
2014-06-19	0.0012720000000000001	0.24034699999999998	0.24248699999999998	0.233215	0.089172	481800.0
2014-06-18	0.023187	0.25290799999999997	0.262248	0.251448	1.588791	597600.0
2014-06-17	-0.004006	0.225212	0.229282	0.22346799999999997	-0.275619	324200.0
2014-06-16	0.005569	0.23861300000000002	0.24329	0.23627399999999998	0.380997	342600.0
2014-06-13	0.010415	0.249741	0.25048000000000004	0.24250500000000003	0.70523	413100.0
2014-06-12	0.010403	0.24692399999999998	0.252297	0.245731	0.697129	195600.0
2014-06-11	-0.002052	0.232452	0.235132	0.22991999999999999	-0.137825	201000.0
2014-06-10	-0.000121	0.23275	0.235877	0.230963	-0.008103	193100.0
2014-06-09	-0.002648	0.232752	0.23304899999999998	0.229188	-0.178329	316400.0
2014-06-06	0.008743	0.239635	0.245178	0.238587	0.583633	242200.0
2014-06-05	0.004024	0.23650100000000002	0.23995999999999998	0.232891	0.26750999999999997	318200.0
2014-06-04	-0.00942	0.227981	0.22813000000000003	0.21978699999999998	-0.632287	467500.0
2014-06-03	0.007054	0.238144	0.244296	0.237394	0.47016199999999997	447300.0
2014-06-02	0.0046429999999999996	0.24027600000000002	0.24118	0.233492	0.308021	541900.0
2014-05-30	-0.0038950000000000005	0.224784	0.22943899999999998	0.22208200000000003	-0.259384	573400.0
2014-05-29	0.005384000000000001	0.243002	0.245267	0.23756799999999997	0.356644	391600.0
2014-05-28	0.0	0.235152	0.236058	0.231227	0.0	478900.0
2014-05-27	-0.006564	0.233343	0.234843	0.224345	-0.437721	505500.0
2014-05-23	-0.008676999999999999	0.222939	0.225764	0.219966	-0.5836180000000001	856000.0
2014-05-22	-0.037467	0.18212799999999998	0.190141	0.18084	-2.618271	2758900.0
2014-05-21	0.003025	0.238523	0.238954	0.233213	0.21076199999999998	831300.0
2014-05-20	-0.0149	0.218656	0.21964499999999998	0.21130300000000002	-1.053787	574000.0
2014-05-19	0.007737999999999999	0.246182	0.248034	0.24048200000000003	0.54309	797700.0
2014-05-16	0.007682	0.238238	0.24311999999999998	0.237663	0.5350189999999999	500400.0
2014-05-15	0.003035	0.241708	0.24228400000000003	0.236092	0.21075500000000003	630500.0
2014-05-14	-0.006034	0.222764	0.23321399999999998	0.22219099999999997	-0.42153199999999996	431200.0
2014-05-13	0.002532	0.24839	0.250974	0.245664	0.17641400000000002	420600.0
2014-05-12	0.003812	0.254878	0.256895	0.247531	0.26461799999999996	697400.0
2014-05-09	-0.001614	0.247243	0.24825	0.24163400000000002	-0.112251	1085200.0
2014-05-08	0.003936	0.256196	0.257639	0.250998	0.272629	726400.0
2014-05-07	0.011358	0.260096	0.26476900000000003	0.255861	0.7778010000000001	932700.0
2014-05-06	0.0023469999999999997	0.24958699999999998	0.253393	0.24695300000000003	0.16037	884100.0
2014-05-05	0.0	0.24241500000000002	0.24929400000000002	0.24197600000000002	0.0	510900.0
2014-05-02	0.00448	0.246511	0.256509	0.245482	0.304718	1216400.0
2014-05-01	0.002008	0.25697	0.25697	0.24282600000000001	0.136299	1031100.0
2014-04-30	0.035220999999999995	0.300021	0.30032600000000004	0.28904	2.309372	2231100.0
2014-04-29	0.011504	0.254504	0.263297	0.254195	0.745736	750200.0
2014-04-28	0.0032270000000000003	0.25329	0.255456	0.248337	0.20848000000000003	497800.0
2014-04-25	-0.003956	0.24247399999999997	0.245403	0.23815799999999998	-0.25659899999999997	503200.0
2014-04-24	0.004221	0.249266	0.25390999999999997	0.245706	0.272636	317800.0
2014-04-23	0.004113	0.251296	0.253472	0.248964	0.26461799999999996	376900.0
2014-04-22	-0.006562999999999999	0.241385	0.245709	0.23860599999999998	-0.42500299999999996	419100.0
2014-04-21	0.0	0.24308400000000002	0.248952	0.24308400000000002	0.0	211900.0
2014-04-17	0.009122	0.249904	0.259721	0.249904	0.5853729999999999	823300.0
2014-04-16	-0.000624	0.24647600000000003	0.24834499999999998	0.243517	-0.0401	412100.0
2014-04-15	0.0092	0.256215	0.259201	0.248356	0.5853689999999999	548300.0
2014-04-14	0.009798999999999999	0.252654	0.26154099999999997	0.24884499999999998	0.617424	591900.0
2014-04-11	-0.000509	0.242023	0.253602	0.242023	-0.032089	477000.0
2014-04-10	-0.009574	0.245685	0.24709899999999999	0.23468699999999998	-0.609409	274500.0
2014-04-09	0.008768999999999999	0.251854	0.258827	0.24773299999999998	0.553299	727600.0
2014-04-08	0.01196	0.259448	0.26217399999999996	0.256882	0.7457229999999999	445100.0
2014-04-07	-0.001284	0.24854099999999998	0.25414699999999996	0.24485700000000002	-0.08018099999999999	262400.0
2014-04-04	0.001029	0.252551	0.258002	0.246939	0.064148	357500.0
2014-04-03	0.000129	0.24597600000000003	0.248542	0.24325	0.008019	435800.0
2014-04-02	-0.0039700000000000004	0.24454299999999998	0.2463	0.23799499999999998	-0.24857800000000002	463000.0
2014-04-01	-0.000384	0.24757800000000002	0.253006	0.241511	-0.024059	807300.0
2014-03-31	0.0021809999999999998	0.255899	0.2591	0.247579	0.13631500000000002	1357900.0
2014-03-28	0.015108000000000002	0.26188	0.26594	0.259443	0.930164	694100.0
2014-03-27	0.003922999999999999	0.252643	0.259655	0.250197	0.24055500000000002	536900.0
2014-03-26	0.000393	0.254766	0.25590799999999997	0.245631	0.024063	680400.0
2014-03-25	0.010173999999999999	0.257316	0.26374200000000003	0.250889	0.6174310000000001	307400.0
2014-03-24	0.000396	0.25122	0.252539	0.23951599999999998	0.024052	446400.0
2014-03-21	-0.000925	0.240182	0.255828	0.239029	-0.056137	651400.0
2014-03-20	-0.004339	0.23004499999999997	0.243327	0.22840500000000002	-0.264606	558600.0
2014-03-19	-0.006790999999999999	0.245959	0.251008	0.23162600000000003	-0.41697399999999996	432800.0
2014-03-18	0.003013	0.247263	0.257718	0.245629	0.184449	778100.0
2014-03-17	0.000262	0.25396199999999997	0.25755700000000004	0.243831	0.016013999999999997	706400.0
2014-03-14	0.004343	0.246114	0.255469	0.245294	0.264625	772400.0
2014-03-13	-0.017836	0.251773	0.25403000000000003	0.22421	-1.106575	514800.0
2014-03-12	-0.004888	0.237315	0.24581599999999998	0.23539000000000002	-0.30471	418500.0
2014-03-11	-0.005627	0.241038	0.247896	0.23880500000000002	-0.35281399999999996	480800.0
2014-03-10	0.004626	0.244535	0.25382899999999997	0.24357399999999998	0.288681	425200.0
2014-03-07	0.001158	0.24982600000000002	0.25191199999999997	0.244693	0.072163	341400.0
2014-03-06	-0.005374	0.238802	0.244865	0.23672800000000002	-0.336792	394800.0
2014-03-05	-0.004204	0.24090300000000003	0.247417	0.23979	-0.264599	405000.0
2014-03-04	0.021738999999999998	0.267716	0.274534	0.266417	1.339081	832500.0
2014-03-03	-0.014117	0.232215	0.23781599999999997	0.227253	-0.882023	906200.0
2014-02-28	-0.002433	0.24741799999999997	0.25125	0.24055300000000002	-0.152363	612500.0
2014-02-27	-0.002681	0.236749	0.245825	0.234679	-0.168381	489900.0
2014-02-26	-0.004069	0.241707	0.24583000000000002	0.236157	-0.25661	1018700.0
2014-02-25	-0.007320999999999999	0.239858	0.244108	0.231672	-0.46506499999999995	1036900.0
2014-02-24	0.007375	0.24598899999999999	0.269776	0.243452	0.46506499999999995	994600.0
2014-02-21	0.00038199999999999996	0.2517	0.254397	0.24694000000000002	0.024069999999999998	1171900.0
2014-02-20	0.011061	0.25848699999999997	0.26201599999999997	0.253515	0.689587	991900.0
2014-02-19	-0.003077	0.248059	0.25461500000000004	0.24294200000000002	-0.192432	761700.0
2014-02-18	0.018013	0.260285	0.271354	0.259796	1.106563	1834900.0
2014-02-14	0.0072310000000000004	0.246279	0.256117	0.24529499999999999	0.44101	480700.0
2014-02-13	0.016030000000000003	0.263425	0.267923	0.257761	0.962242	3167800.0
2014-02-12	0.008759000000000001	0.25314899999999996	0.26121500000000003	0.252645	0.521221	1270700.0
2014-02-11	0.024274	0.277543	0.292862	0.27616599999999997	1.410198	804600.0
2014-02-10	0.00205	0.262741	0.266708	0.259119	0.11884700000000001	838300.0
2014-02-07	0.007572	0.26448299999999997	0.271956	0.262223	0.435726	508100.0
2014-02-06	0.009170999999999999	0.270466	0.276429	0.26976500000000003	0.522888	1238400.0
2014-02-05	0.005027	0.26363400000000003	0.27015500000000003	0.2624	0.28521799999999997	756500.0
2014-02-04	0.0020989999999999997	0.264167	0.270879	0.261694	0.11884700000000001	753400.0
2014-02-03	-0.018811	0.254424	0.257371	0.237787	-1.0854	832300.0
2014-01-31	-0.031258	0.231163	0.23183499999999999	0.22226500000000002	-1.861794	1013500.0
2014-01-30	0.0113	0.283787	0.284127	0.26765700000000003	0.665501	1250700.0
2014-01-29	0.002022	0.25235599999999997	0.266817	0.24997399999999997	0.118824	1652400.0
2014-01-28	0.0029739999999999996	0.26597800000000005	0.269049	0.26137	0.174305	1479600.0
2014-01-27	-0.00778	0.262393	0.263409	0.250879	-0.45951800000000004	1635200.0
2014-01-24	-0.018174	0.258234	0.258733	0.237621	-1.093289	1006000.0
2014-01-23	0.001847	0.27221599999999996	0.27221599999999996	0.24956599999999998	0.11091199999999998	1842000.0
2014-01-22	0.013642	0.274378	0.280962	0.272015	0.808098	3314800.0
2014-01-21	0.009314	0.276536	0.276706	0.26648299999999997	0.546654	2753300.0
2014-01-17	-0.017766999999999998	0.244484	0.25469200000000003	0.23963	-1.061619	4587300.0
2014-01-16	0.0046619999999999995	0.273321	0.273321	0.264073	0.277287	1755900.0
2014-01-15	-0.000932	0.260712	0.263735	0.256008	-0.055462	1718700.0
2014-01-14	0.004411	0.264417	0.270829	0.260536	0.261452	1960300.0
2014-01-13	-0.015658000000000002	0.252259	0.25558000000000003	0.242128	-0.942788	1468400.0
2014-01-10	0.018084	0.282007	0.28505	0.27710300000000004	1.0695459999999999	2560100.0
2014-01-09	0.005386999999999999	0.26987300000000003	0.270383	0.263923	0.316895	746800.0
2014-01-08	-0.004158	0.261208	0.26137699999999997	0.253759	-0.245606	552900.0
2014-01-07	0.009068000000000001	0.274352	0.275719	0.269911	0.5308149999999999	620900.0
2014-01-06	-0.0076549999999999995	0.256121	0.257646	0.251035	-0.45159099999999996	717700.0
2014-01-03	0.000941	0.270198	0.270538	0.262902	0.055462	502800.0
2014-01-02	-0.009586	0.258527	0.259367	0.248612	-0.570408	651700.0
2013-12-31	0.006971	0.268485	0.272208	0.2651	0.41196400000000005	588800.0
2013-12-30	-0.003074	0.26273	0.26509099999999997	0.256994	-0.18221600000000002	615000.0
2013-12-27	0.0049700000000000005	0.27426100000000003	0.2746	0.264428	0.29314	534600.0
2013-12-26	0.0060810000000000005	0.259836	0.27024000000000004	0.259836	0.35651	389000.0
2013-12-24	0.005162	0.26771	0.268739	0.26531	0.301056	203900.0
2013-12-23	0.010431000000000001	0.278335	0.280587	0.27487	0.602101	615100.0
2013-12-20	0.0020629999999999997	0.26205	0.26864699999999997	0.26205	0.11883900000000001	1318100.0
2013-12-19	0.009861	0.2631	0.275371	0.26169699999999996	0.562492	2036600.0
2013-12-18	0.017524	0.27167800000000003	0.28434299999999996	0.265434	0.982403	724300.0
2013-12-17	-0.0009880000000000002	0.25901599999999997	0.262045	0.256877	-0.05545800000000001	451500.0
2013-12-16	0.011134999999999999	0.273215	0.279522	0.272855	0.617962	439000.0
2013-12-13	-0.008773	0.254008	0.25793699999999997	0.24882800000000002	-0.491188	620100.0
2013-12-12	-0.006328	0.26595	0.26648299999999997	0.25051	-0.356541	1827100.0
2013-12-11	-0.000983	0.265592	0.266833	0.258323	-0.05545	936200.0
2013-12-10	0.004799	0.268637	0.27184400000000003	0.264896	0.269371	609000.0
2013-12-09	0.004822	0.26598299999999997	0.272785	0.265625	0.269359	1193500.0
2013-12-06	0.027094	0.297158	0.29881199999999997	0.293296	1.4735989999999999	2121700.0
2013-12-05	-0.0016	0.255431	0.260204	0.253596	-0.087147	852400.0
2013-12-04	-0.008651	0.245481	0.252579	0.245117	-0.47535299999999997	714400.0
2013-12-03	-0.001727	0.255684	0.260407	0.253685	-0.095066	881600.0
2013-12-02	-0.0065769999999999995	0.254463	0.26078	0.252298	-0.364437	450000.0
2013-11-29	0.000286	0.265473	0.271611	0.262585	0.01585	216200.0
2013-11-27	-0.00271	0.264024	0.264924	0.25448200000000004	-0.150544	448600.0
2013-11-26	-0.010724	0.259196	0.259908	0.243523	-0.602104	988400.0
2013-11-25	-0.007423000000000001	0.256036	0.258865	0.25214699999999995	-0.41989099999999996	412300.0
2013-11-22	0.004926	0.265776	0.269507	0.264178	0.277279	525000.0
2013-11-21	0.005520000000000001	0.270798	0.271513	0.26561799999999997	0.30899	575000.0
2013-11-20	0.002412	0.27672800000000003	0.278697	0.26258200000000004	0.134678	749200.0
2013-11-19	-0.000425	0.26276	0.265266	0.26007600000000003	-0.023769	534600.0
2013-11-18	0.001562	0.28086700000000003	0.28086700000000003	0.26258200000000004	0.087158	703400.0
2013-11-15	0.019696	0.283794	0.287632	0.281052	1.077446	815900.0
2013-11-14	0.011574	0.270915	0.279605	0.26925	0.625893	1412600.0
2013-11-13	0.002349	0.25610700000000003	0.265374	0.2524	0.12675799999999998	2086300.0
2013-11-12	-0.001736	0.272059	0.27687	0.270764	-0.09383	1327900.0
2013-11-11	0.004213000000000001	0.28355	0.285965	0.280577	0.226753	564400.0
2013-11-08	-0.002175	0.270376	0.276309	0.26741	-0.11728599999999999	964600.0
2013-11-07	-0.013444	0.273235	0.274149	0.261346	-0.734997	719800.0
2013-11-06	0.0018629999999999999	0.290633	0.29246500000000003	0.278538	0.101639	1407100.0
2013-11-05	-0.0034270000000000004	0.273792	0.276348	0.267217	-0.187649	486800.0
2013-11-04	-0.00042800000000000005	0.28036500000000003	0.28036500000000003	0.27415900000000004	-0.023468	919700.0
2013-11-01	0.007768000000000001	0.285528	0.288839	0.279273	0.422241	2585300.0
2013-10-31	-0.045055	0.223216	0.2255	0.215662	-2.564693	2861200.0
2013-10-30	0.0009630000000000001	0.291917	0.292269	0.278202	0.054737	1699800.0
2013-10-29	0.007759	0.292195	0.293259	0.28493	0.437866	578900.0
2013-10-28	-0.0024879999999999998	0.275547	0.278552	0.273425	-0.140736	398300.0
2013-10-25	0.009911	0.29479299999999997	0.29586399999999996	0.28729499999999997	0.555157	726800.0
2013-10-24	0.008588	0.29384899999999997	0.29384899999999997	0.287547	0.476963	733400.0
2013-10-23	-0.0028079999999999997	0.278007	0.278905	0.27315900000000004	-0.15638	602800.0
2013-10-22	0.010498	0.284166	0.294508	0.283622	0.578621	1125000.0
2013-10-21	0.006856	0.27872199999999997	0.29041300000000003	0.27726100000000004	0.375321	1121600.0
2013-10-18	0.004592000000000001	0.28386	0.290099	0.282391	0.250206	1508000.0
2013-10-17	0.01176	0.277977	0.29431599999999997	0.277605	0.633373	1813000.0
2013-10-16	0.00687	0.293487	0.296104	0.285261	0.367496	1299100.0
2013-10-15	0.0030789999999999997	0.279843	0.287906	0.27965500000000004	0.164208	1247700.0
2013-10-14	0.006939	0.284003	0.287779	0.281548	0.367489	447100.0
2013-10-11	0.004598	0.281181	0.285165	0.277767	0.24240100000000003	371800.0
2013-10-10	0.016280000000000003	0.291435	0.300111	0.289122	0.844467	702100.0
2013-10-09	-0.006886	0.274884	0.276033	0.26358899999999996	-0.35968	670600.0
2013-10-08	-0.012272	0.274556	0.276825	0.26302	-0.648983	660200.0
2013-10-07	-0.010389	0.26094	0.271794	0.26094	-0.555168	544600.0
2013-10-04	-0.001023	0.275727	0.28021399999999996	0.274044	-0.054734000000000005	396600.0
2013-10-03	-0.002479	0.274056	0.27778600000000003	0.272751	-0.132927	654100.0
2013-10-02	0.002778	0.277035	0.282458	0.270864	0.148568	369000.0
2013-10-01	-0.006681	0.27110300000000004	0.277233	0.26627399999999996	-0.359692	538500.0
2013-09-30	-0.00592	0.27318000000000003	0.277427	0.26967199999999997	-0.32059899999999997	773300.0
2013-09-27	0.002606	0.278535	0.28260799999999997	0.274832	0.140763	556700.0
2013-09-26	0.00685	0.28021	0.288225	0.279837	0.3675	554100.0
2013-09-25	-0.002182	0.275185	0.28039200000000003	0.275185	-0.117302	1254800.0
2013-09-24	-0.004632	0.273906	0.277424	0.27187	-0.250198	599300.0
2013-09-23	-0.00029	0.279275	0.280571	0.273723	-0.015643999999999998	674100.0
2013-09-20	-0.011021	0.274512	0.278905	0.263529	-0.602082	585700.0
2013-09-19	0.002008	0.284591	0.28532399999999997	0.277621	0.10948599999999999	1585000.0
2013-09-18	0.019593	0.28919	0.306207	0.279466	1.047768	985800.0
2013-09-17	-0.0018969999999999998	0.280958	0.283385	0.27479899999999996	-0.101651	893100.0
2013-09-16	-0.001021	0.29494000000000004	0.295127	0.276108	-0.054733000000000004	1104000.0
2013-09-13	0.004686999999999999	0.28021599999999997	0.287522	0.28021599999999997	0.250218	535900.0
2013-09-12	-0.001755	0.28021399999999996	0.285637	0.275913	-0.093834	423800.0
2013-09-11	0.012735	0.282314	0.295192	0.282314	0.672447	778500.0
2013-09-10	-0.000148	0.277769	0.280609	0.276064	-0.007831999999999999	833900.0
2013-09-09	0.000593	0.271326	0.282694	0.270947	0.031281	497100.0
2013-09-06	0.0026739999999999997	0.285744	0.285744	0.275675	0.140747	444900.0
2013-09-05	-0.0023710000000000003	0.27265100000000003	0.27833600000000003	0.271513	-0.125103	583000.0
2013-09-04	0.002228	0.274346	0.286313	0.273397	0.11729	754600.0
2013-09-03	0.002681	0.284999	0.28671399999999997	0.276048	0.140744	638700.0
2013-08-30	-0.012790000000000001	0.26518	0.268752	0.259727	-0.680264	885600.0
2013-08-29	-0.012199	0.26609	0.269061	0.262561	-0.656822	612200.0
2013-08-28	0.022268	0.308713	0.31213	0.304726	1.172878	989200.0
2013-08-27	0.007026999999999999	0.283493	0.295348	0.283111	0.367504	1535500.0
2013-08-26	-0.002832	0.27966799999999997	0.281765	0.273948	-0.148563	609600.0
2013-08-23	0.012528000000000001	0.287013	0.29589299999999996	0.28624099999999997	0.648998	456400.0
2013-08-22	0.000906	0.280064	0.284508	0.27716599999999997	0.046912999999999996	502400.0
2013-08-21	-0.0043619999999999996	0.277943	0.280252	0.271595	-0.22675700000000001	585600.0
2013-08-20	0.001959	0.282953	0.287771	0.280447	0.10165	457300.0
2013-08-19	-0.005546	0.279097	0.28139699999999995	0.271046	-0.28931399999999996	684300.0
2013-08-16	0.005425	0.288348	0.288348	0.28237399999999996	0.281494	579800.0
2013-08-15	-0.004947999999999999	0.27085	0.273535	0.264139	-0.25804099999999996	1195300.0
2013-08-14	-0.0016469999999999998	0.288478	0.291158	0.276033	-0.086002	921300.0
2013-08-13	0.005047	0.300946	0.306911	0.297867	0.26231	1287100.0
2013-08-12	-0.004581	0.28368499999999996	0.290964	0.28215300000000004	-0.23917399999999997	1059900.0
2013-08-09	0.004901	0.304027	0.307299	0.299215	0.254604	947500.0
2013-08-08	0.008688	0.30662	0.307396	0.300019	0.44749099999999997	993300.0
2013-08-07	-0.003433	0.300199	0.301747	0.288783	-0.177448	987000.0
2013-08-06	0.00044800000000000005	0.29807100000000003	0.300588	0.292071	0.023136	648400.0
2013-08-05	0.003146	0.299242	0.302349	0.293417	0.162021	803000.0
2013-08-02	-0.006843999999999999	0.288036	0.294979	0.286879	-0.354896	1465800.0
2013-08-01	-0.051644	0.231027	0.237794	0.22554000000000002	-2.823788	2777700.0
2013-07-31	0.012429	0.305394	0.314837	0.30187600000000003	0.671234	803100.0
2013-07-30	-0.007515000000000001	0.296319	0.296319	0.28419	-0.408909	589700.0
2013-07-29	-0.00941	0.287944	0.288308	0.281208	-0.516914	1384600.0
2013-07-26	-0.0048920000000000005	0.29215100000000005	0.29523	0.282368	-0.270031	1866300.0
2013-07-25	0.004211	0.293771	0.302503	0.293589	0.23145700000000002	642900.0
2013-07-24	0.000562	0.30196	0.30196	0.292313	0.030857	587100.0
2013-07-23	0.002393	0.29887199999999997	0.300697	0.291209	0.131153	547200.0
2013-07-22	0.003532	0.305107	0.311882	0.299431	0.192886	603000.0
2013-07-19	0.000424	0.294121	0.29925	0.292106	0.023148	564900.0
2013-07-18	0.005399	0.30516	0.312342	0.301661	0.293178	687400.0
2013-07-17	0.0054280000000000005	0.310023	0.310023	0.298913	0.293175	703000.0
2013-07-16	0.010393000000000001	0.307361	0.310354	0.30436799999999997	0.555508	958100.0
2013-07-15	-0.00745	0.29093600000000003	0.29687800000000003	0.28573699999999996	-0.40121100000000004	813500.0
2013-07-12	0.0011480000000000001	0.30022600000000005	0.301899	0.292232	0.061737	610200.0
2013-07-11	0.026955	0.327255	0.33202800000000005	0.316564	1.4118879999999998	1306300.0
2013-07-10	0.012528000000000001	0.303675	0.316433	0.30135500000000004	0.648072	880100.0
2013-07-09	0.007665000000000001	0.30178499999999997	0.308992	0.294772	0.393482	1299200.0
2013-07-08	0.011708	0.307566	0.31288699999999997	0.304413	0.594082	587400.0
2013-07-05	-0.002578	0.29338400000000003	0.29338400000000003	0.282376	-0.131157	823500.0
2013-07-03	-0.0018170000000000003	0.288876	0.294566	0.283382	-0.09259099999999999	495500.0
2013-07-02	-0.0036200000000000004	0.291835	0.2977	0.286752	-0.185165	628700.0
2013-07-01	0.000453	0.302786	0.307088	0.296136	0.023144	707500.0
2013-06-28	-0.0076370000000000006	0.290507	0.293613	0.281579	-0.393475	964900.0
2013-06-27	0.010593	0.304766	0.314181	0.30378499999999997	0.540062	1694600.0
2013-06-26	0.007778	0.30542600000000003	0.30839099999999997	0.29574	0.393471	1088100.0
2013-06-25	-0.001827	0.300674	0.301266	0.289032	-0.092579	1544900.0
2013-06-24	-0.010095999999999999	0.274846	0.293597	0.269963	-0.516914	1795600.0
2013-06-21	-0.0009029999999999999	0.291647	0.298672	0.282476	-0.046299	1296200.0
2013-06-20	-0.015125	0.28287399999999996	0.284412	0.273073	-0.786953	1638400.0
2013-06-19	-0.010708	0.297657	0.29936799999999997	0.280545	-0.56321	929000.0
2013-06-18	0.000587	0.294994	0.29994	0.294614	0.030857	1062200.0
2013-06-17	0.0060539999999999995	0.312404	0.31795500000000004	0.299772	0.316319	1924600.0
2013-06-14	-0.016697999999999998	0.276375	0.28070300000000004	0.272611	-0.8872450000000001	1606600.0
2013-06-13	0.008493	0.29632600000000003	0.30752399999999996	0.29480700000000004	0.447486	1177500.0
2013-06-12	-0.002775	0.307492	0.307492	0.29235	-0.146602	1278100.0
2013-06-11	0.00043799999999999997	0.295757	0.305603	0.292916	0.023144	1221200.0
2013-06-10	0.010333	0.30225799999999997	0.312206	0.299006	0.540088	720100.0
2013-06-07	-0.002797	0.29193800000000003	0.297852	0.285452	-0.146606	809400.0
2013-06-06	0.003693	0.297667	0.303029	0.294029	0.19289	606900.0
2013-06-05	-0.012112999999999999	0.292731	0.296892	0.2793	-0.640366	1493400.0
2013-06-04	-0.011541	0.295388	0.295948	0.277812	-0.617225	1347300.0
2013-06-03	0.0071189999999999995	0.29538200000000003	0.30649299999999996	0.290486	0.378051	812000.0
2013-05-31	-0.018677000000000003	0.290037	0.290961	0.271928	-1.0107	904100.0
2013-05-30	0.001142	0.293731	0.29872600000000005	0.290401	0.061733	722200.0
2013-05-29	0.0038689999999999996	0.294093	0.301336	0.292236	0.208306	497000.0
2013-05-28	0.0031620000000000003	0.314394	0.316629	0.297998	0.169727	881200.0
2013-05-24	-0.0058590000000000005	0.283911	0.288542	0.279281	-0.316326	1013200.0
2013-05-23	0.000143	0.291875	0.297247	0.284095	0.0077209999999999996	1315900.0
2013-05-22	-0.012837999999999999	0.292479	0.29961	0.27784899999999996	-0.702076	2775900.0
2013-05-21	0.01055	0.300755	0.315354	0.299462	0.570915	887200.0
2013-05-20	0.001142	0.292621	0.301131	0.289846	0.061733	3542700.0
2013-05-17	0.0068980000000000005	0.303587	0.310479	0.302842	0.370324	1400000.0
2013-05-16	-0.000718	0.299672	0.30749099999999996	0.295205	-0.038575	1417600.0
2013-05-15	-0.021088	0.283927	0.286114	0.268803	-1.1572799999999999	1667400.0
2013-05-14	0.009106	0.31492600000000004	0.324488	0.31492600000000004	0.495221	732800.0
2013-05-13	-0.0007	0.308677	0.31161700000000003	0.307023	-0.038098	492300.0
2013-05-10	-0.0034869999999999996	0.305211	0.307958	0.29843600000000003	-0.190456	529000.0
2013-05-09	-0.004168	0.311077	0.314177	0.300865	-0.228581	795300.0
2013-05-08	0.013803	0.330098	0.335644	0.326955	0.7466550000000001	846000.0
2013-05-07	-0.000704	0.311612	0.315861	0.30459200000000003	-0.038109	648300.0
2013-05-06	-0.00532	0.3118	0.312352	0.302062	-0.289509	996000.0
2013-05-03	0.011756	0.32610700000000004	0.334845	0.324806	0.63237	1221000.0
2013-05-02	0.011895999999999999	0.324387	0.32909	0.321753	0.632355	1627700.0
2013-05-01	-0.00028700000000000004	0.329273	0.330214	0.311031	-0.015244	1492500.0
2013-04-30	0.005765	0.321804	0.326911	0.319156	0.304764	1403200.0
2013-04-29	0.011221	0.323247	0.330515	0.323056	0.586647	702800.0
2013-04-26	-0.0029059999999999997	0.307196	0.311391	0.302618	-0.152366	581600.0
2013-04-25	0.010721	0.327957	0.338366	0.32468	0.556167	1703900.0
2013-04-24	0.012190000000000001	0.330096	0.336925	0.326974	0.624741	831900.0
2013-04-23	0.018625	0.322473	0.338174	0.321678	0.937126	590600.0
2013-04-22	0.006247	0.315135	0.324935	0.307736	0.312367	652900.0
2013-04-19	0.002597	0.316546	0.31714699999999996	0.309929	0.129524	639500.0
2013-04-18	-0.000916	0.31514000000000003	0.317544	0.305324	-0.045716	1068000.0
2013-04-17	-0.015773	0.294002	0.294396	0.283749	-0.79998	1108400.0
2013-04-16	0.010781	0.326885	0.327881	0.32010900000000003	0.5409430000000001	1189200.0
2013-04-15	-0.015397999999999998	0.299192	0.302332	0.290362	-0.78474	882200.0
2013-04-12	-0.0008960000000000001	0.316456	0.316456	0.309791	-0.045723	1510200.0
2013-04-11	0.007828	0.324391	0.331899	0.32162399999999997	0.396194	1498500.0
2013-04-10	0.0033229999999999996	0.31769000000000003	0.322447	0.314716	0.16761099999999998	824900.0
2013-04-09	0.010685	0.314339	0.326961	0.313337	0.533317	2394600.0
2013-04-08	-0.008626	0.308761	0.308761	0.296844	-0.43428	2186700.0
2013-04-05	0.001364	0.303187	0.31611500000000003	0.298612	0.068569	1243700.0
2013-04-04	-0.0052759999999999994	0.306996	0.31095300000000003	0.301852	-0.266651	1928300.0
2013-04-03	-0.006886	0.312339	0.3145	0.30035300000000004	-0.350472	1296900.0
2013-04-02	0.003003	0.323178	0.32436	0.316477	0.15237799999999999	1070100.0
2013-04-01	-0.0032920000000000002	0.31253600000000004	0.314697	0.30703600000000003	-0.167602	758600.0
2013-03-28	-0.00343	0.310578	0.313318	0.297854	-0.175244	1493300.0
2013-03-27	-0.0056359999999999995	0.297742	0.306501	0.295211	-0.28952	891600.0
2013-03-26	0.011855	0.320414	0.329671	0.317263	0.601895	789100.0
2013-03-25	-0.012302	0.306505	0.309228	0.293665	-0.63237	927300.0
2013-03-22	0.009577	0.320784	0.334925	0.318035	0.48760600000000004	861100.0
2013-03-21	-0.011098	0.301271	0.31098200000000004	0.297969	-0.571415	3145200.0
2013-03-20	0.001779	0.3174	0.318567	0.307088	0.091442	1830500.0
2013-03-19	0.002228	0.31663	0.317021	0.30649099999999996	0.114273	778600.0
2013-03-18	-0.008251	0.301126	0.307314	0.300739	-0.426655	1074200.0
2013-03-15	-0.008473	0.296237	0.301798	0.294703	-0.441891	870900.0
2013-03-14	0.010332	0.316217	0.32919699999999996	0.31486	0.5333180000000001	901800.0
2013-03-13	0.000148	0.313892	0.31524800000000003	0.308854	0.007618000000000001	553100.0
2013-03-12	-0.004994	0.30945100000000003	0.31099299999999996	0.304438	-0.25903699999999996	1073600.0
2013-03-11	-0.000734	0.304637	0.314848	0.30290300000000003	-0.038086	2419000.0
2013-03-08	-0.010602	0.29652399999999995	0.299383	0.29195	-0.556191	1280000.0
2013-03-07	0.005256	0.311769	0.319434	0.310619	0.274281	1032600.0
2013-03-06	-0.000875	0.315981	0.316556	0.302006	-0.045723	814300.0
2013-03-05	0.009275	0.331278	0.331664	0.320844	0.48000299999999996	707800.0
2013-03-04	0.004139	0.31273	0.317968	0.31001300000000004	0.21332199999999998	809600.0
2013-03-01	0.004603	0.31195100000000003	0.322671	0.306883	0.236179	712200.0
2013-02-28	0.000149	0.31351	0.322088	0.31195100000000003	0.007626000000000001	538400.0
2013-02-27	0.012938	0.31293000000000004	0.33011	0.30996799999999997	0.655216	685700.0
2013-02-26	0.007121	0.323473	0.32665500000000003	0.313728	0.358078	748900.0
2013-02-25	-0.021932	0.30592199999999997	0.313897	0.283748	-1.1275819999999999	1247000.0
2013-02-22	0.009878	0.321375	0.326286	0.312929	0.502857	925000.0
2013-02-21	-0.008606	0.303967	0.307277	0.295398	-0.44191	773300.0
2013-02-20	-0.012309	0.311381	0.311958	0.294455	-0.63998	1777800.0
2013-02-19	0.016687	0.32759299999999997	0.335611	0.32759299999999997	0.853317	1270000.0
2013-02-15	-0.008274	0.301869	0.306135	0.295081	-0.426666	1747800.0
2013-02-14	-0.008642	0.295617	0.322725	0.294079	-0.449509	2244100.0
2013-02-13	-0.004956	0.306796	0.308135	0.301631	-0.25904099999999997	1601200.0
2013-02-12	0.006812	0.33014299999999996	0.339389	0.327255	0.353668	1165800.0
2013-02-11	-0.0028899999999999998	0.323994	0.32918000000000003	0.319769	-0.150497	1780100.0
2013-02-08	-0.0034560000000000003	0.325351	0.33147600000000005	0.32267199999999996	-0.180595	1864900.0
2013-02-07	-0.016569999999999998	0.31449499999999997	0.315436	0.29943800000000004	-0.8803639999999999	1582700.0
2013-02-06	0.001276	0.322203	0.33068400000000003	0.319565	0.067722	1092000.0
2013-02-05	-0.002546	0.335567	0.338011	0.32316	-0.13544	2044900.0
2013-02-04	-0.028579000000000004	0.299954	0.303606	0.28972800000000004	-1.5651059999999999	3526500.0
2013-02-01	0.000825	0.320398	0.33026700000000003	0.315281	0.045151	801900.0
2013-01-31	-0.025854000000000002	0.310651	0.311363	0.29356	-1.452236	1103200.0
2013-01-30	0.001341	0.33166100000000004	0.336118	0.328809	0.07522899999999999	518000.0
2013-01-29	0.014976	0.338034	0.35124299999999997	0.337673	0.8277129999999999	786700.0
2013-01-28	0.0008179999999999999	0.330255	0.331704	0.325004	0.045147	665100.0
2013-01-25	0.016059999999999998	0.352907	0.355115	0.34241900000000003	0.872841	946800.0
2013-01-24	0.0	0.321996	0.331379	0.321628	0.0	467900.0
2013-01-23	-0.002072	0.321276	0.327519	0.317604	-0.112854	595500.0
2013-01-22	0.003327	0.325856	0.335251	0.323461	0.180584	613600.0
2013-01-18	0.002362	0.331942	0.333419	0.322155	0.127907	737100.0
2013-01-17	0.009964	0.33682	0.34726399999999996	0.33420900000000003	0.534241	1146200.0
2013-01-16	-0.006829000000000001	0.32269000000000003	0.325468	0.318985	-0.368702	1044600.0
2013-01-15	0.001116	0.318603	0.331584	0.31804699999999997	0.0602	1007700.0
2013-01-14	0.00014	0.320642	0.329173	0.316006	0.007522	639600.0
2013-01-11	0.007876000000000001	0.33796	0.340016	0.332165	0.421375	1125800.0
2013-01-10	0.008511	0.338225	0.34312600000000004	0.33502	0.451477	2238600.0
2013-01-09	-0.006342	0.323368	0.328988	0.320184	-0.3386	960000.0
2013-01-08	-0.002391	0.326932	0.327493	0.318336	-0.127933	750100.0
2013-01-07	-0.002245	0.319479	0.32656399999999997	0.319106	-0.12038800000000001	565900.0
2013-01-04	0.004793	0.32823800000000003	0.33798	0.32711399999999996	0.25584	1498500.0
2013-01-03	-0.0015480000000000001	0.328052	0.333477	0.32468600000000003	-0.082771	732800.0
2013-01-02	0.002257	0.339486	0.341548	0.324863	0.120395	742700.0
2012-12-31	0.002404	0.322786	0.33368600000000004	0.322786	0.127907	803300.0
2012-12-28	-0.009106999999999999	0.317629	0.324146	0.31558	-0.489094	674200.0
2012-12-27	0.006345	0.347165	0.347165	0.329737	0.338616	862800.0
2012-12-26	0.002403	0.33631300000000003	0.33969499999999997	0.330866	0.12791	241600.0
2012-12-24	-0.007018000000000001	0.33010700000000004	0.33066599999999996	0.318542	-0.376228	156700.0
2012-12-21	-0.007798	0.30937	0.321585	0.30937	-0.421375	474500.0
2012-12-20	0.0033539999999999998	0.33065900000000004	0.33511599999999997	0.328802	0.18060299999999999	489600.0
2012-12-19	-0.005282	0.326586	0.32806399999999997	0.321414	-0.28595	897100.0
2012-12-18	0.01025	0.338131	0.343543	0.336452	0.549298	619900.0
2012-12-17	0.004229999999999999	0.328426	0.337608	0.328426	0.225742	323400.0
2012-12-14	0.004106	0.332751	0.337831	0.331058	0.218212	373700.0
2012-12-13	-0.003105	0.337429	0.337429	0.32279800000000003	-0.16553900000000002	417900.0
2012-12-12	0.009403	0.343377	0.35076199999999996	0.34129499999999996	0.496605	575300.0
2012-12-11	0.004724	0.333934	0.340592	0.333744	0.24831799999999998	442200.0
2012-12-10	0.007064	0.33684200000000003	0.340866	0.33684200000000003	0.368702	319200.0
2012-12-07	-0.001727	0.328987	0.3309	0.323824	-0.090302	344200.0
2012-12-06	0.004481000000000001	0.343588	0.343588	0.331485	0.233269	428700.0
2012-12-05	-0.0005780000000000001	0.326492	0.33417199999999997	0.3215	-0.030094	532300.0
2012-12-04	0.004207	0.338435	0.339013	0.329952	0.21820100000000003	1050600.0
2012-12-03	-0.002171	0.33264299999999997	0.334951	0.32571700000000003	-0.11287	537500.0
2012-11-30	-0.000144	0.334181	0.338606	0.325718	-0.007511	813600.0
2012-11-29	0.000869	0.32764	0.336496	0.325907	0.045136	899300.0
2012-11-28	0.006855	0.32627399999999995	0.339455	0.320652	0.353653	615800.0
2012-11-27	-0.007240000000000001	0.32706399999999997	0.327256	0.317634	-0.376213	418800.0
2012-11-26	-0.002744	0.321695	0.32610900000000004	0.31766500000000003	-0.142975	559700.0
2012-11-23	0.013316	0.337933	0.346684	0.335988	0.6847300000000001	214900.0
2012-11-21	0.004409000000000001	0.335433	0.33816799999999997	0.328597	0.225727	1015000.0
2012-11-20	-0.004098	0.31712199999999996	0.324708	0.315371	-0.210682	681800.0
2012-11-19	0.016666999999999998	0.331361	0.351137	0.33057	0.8427469999999999	1224500.0
2012-11-16	-0.008995999999999999	0.314092	0.31801199999999996	0.298413	-0.459	902500.0
2012-11-15	-0.005135	0.326063	0.333667	0.317873	-0.263362	864800.0
2012-11-14	-0.014744	0.326106	0.326875	0.30900900000000003	-0.767487	535100.0
2012-11-13	-0.0017109999999999998	0.337262	0.358358	0.335728	-0.08919500000000001	563800.0
2012-11-12	0.0018559999999999998	0.348391	0.350504	0.34320300000000004	0.096622	319900.0
2012-11-09	0.00042800000000000005	0.342817	0.353197	0.340895	0.022286	572700.0
2012-11-08	-0.015609999999999999	0.33869699999999997	0.340589	0.324506	-0.8249629999999999	672600.0
2012-11-07	-0.008228000000000001	0.340442	0.340442	0.32618	-0.43848000000000004	401900.0
2012-11-06	0.002236	0.346637	0.352844	0.343064	0.1189	811400.0
2012-11-05	0.00056	0.34739000000000003	0.348708	0.34005100000000005	0.029731999999999998	431300.0
2012-11-02	-0.007634	0.34831	0.34831	0.333744	-0.40876799999999996	780500.0
2012-11-01	0.020105	0.368749	0.38437	0.366654	1.055351	1123000.0
2012-10-31	0.00828	0.371823	0.374128	0.355113	0.43108	522500.0
2012-10-26	0.001143	0.34897	0.35397	0.342432	0.059452	587400.0
2012-10-25	-0.00157	0.346661	0.349733	0.336293	-0.08175299999999999	637400.0
2012-10-24	0.00762	0.36137199999999997	0.363694	0.354214	0.393898	803300.0
2012-10-23	-0.018071	0.326323	0.32822199999999996	0.313025	-0.9513010000000001	1349900.0
2012-10-22	0.007396	0.34780500000000003	0.356417	0.34589200000000003	0.386471	778600.0
2012-10-19	-0.009439	0.345698	0.345698	0.33053299999999997	-0.49795900000000004	868800.0
2012-10-18	-0.017985	0.321868	0.3295	0.319448	-0.9661639999999999	1258800.0
2012-10-17	0.008793	0.352269	0.361471	0.351894	0.46821599999999997	456400.0
2012-10-16	0.011292	0.360892	0.36488000000000004	0.35576399999999997	0.5945779999999999	571300.0
2012-10-15	0.00198	0.34512800000000005	0.350456	0.337897	0.104038	365400.0
2012-10-12	-0.000566	0.34684	0.351024	0.342085	-0.029738999999999998	326300.0
2012-10-11	0.002693	0.357903	0.359429	0.348369	0.14122	360500.0
2012-10-10	-0.005215999999999999	0.33868000000000004	0.348354	0.337352	-0.274987	808100.0
2012-10-09	-0.009081	0.335358	0.33986900000000003	0.327651	-0.48308900000000005	963200.0
2012-10-08	-0.000837	0.337996	0.344382	0.336494	-0.04459	412800.0
2012-10-05	0.000978	0.355285	0.356601	0.343629	0.052029	498100.0
2012-10-04	0.0025210000000000002	0.34475500000000003	0.350409	0.33910100000000004	0.133773	1096800.0
2012-10-03	-0.006402	0.33858	0.343262	0.33371100000000004	-0.34188	553400.0
2012-10-02	0.006302	0.360019	0.361338	0.34984299999999996	0.334442	460600.0
2012-10-01	0.001403	0.352114	0.366267	0.346452	0.07432899999999999	559300.0
2012-09-28	-0.020066	0.324797	0.325721	0.311667	-1.08511	789900.0
2012-09-27	0.0034479999999999997	0.334375	0.350333	0.332148	0.18581	533700.0
2012-09-26	-0.008071	0.336674	0.336674	0.327286	-0.438488	570700.0
2012-09-25	-0.002048	0.349734	0.35928499999999997	0.342202	-0.11148	528200.0
2012-09-24	-0.003266	0.338002	0.346058	0.335439	-0.178368	467700.0
2012-09-21	-0.000136	0.34441	0.348987	0.34166399999999997	-0.007435	559200.0
2012-09-20	-0.013687000000000001	0.316259	0.330162	0.313189	-0.7580680000000001	842300.0
2012-09-19	-0.00361	0.347668	0.348207	0.339572	-0.200676	689700.0
2012-09-18	-0.000935	0.34443	0.350721	0.340296	-0.052028	994600.0
2012-09-17	-0.0018670000000000002	0.348918	0.356632	0.342997	-0.10404200000000001	463700.0
2012-09-14	-0.007411	0.352097	0.355659	0.33411199999999996	-0.416203	919700.0
2012-09-13	0.02371	0.354077	0.384337	0.350066	1.300629	655900.0
2012-09-12	0.000135	0.348061	0.350614	0.339857	0.007418999999999999	367500.0
2012-09-11	0.009438	0.35103	0.361888	0.35011	0.512825	400900.0
2012-09-10	-0.008678	0.34167800000000004	0.34623899999999996	0.333833	-0.475654	701600.0
2012-09-07	0.006414	0.345325	0.35597399999999996	0.34404	0.3493	597600.0
2012-09-06	0.024752	0.35341100000000003	0.379941	0.352283	1.315498	541600.0
2012-09-05	-0.004455	0.346071	0.34663299999999997	0.338391	-0.237831	317800.0
