2017-09-01	0.005396	0.003015	0.014442	-0.000635	0.340000	4896300.000000
2016-09-01	-0.0005070000000000001	0.026654	0.035685	0.024036000000000002	-0.038704	6705200.0
2016-08-31	-0.020337	0.027701	0.030137	0.008211	-1.58609	8306100.0
2016-08-30	-0.006162	0.040737	0.043668	0.0257	-0.483566	7873600.0
2016-08-29	0.002967	0.030277	0.041652	0.030277	0.23211700000000002	3359000.0
2016-08-26	-0.005409000000000001	0.033221	0.042755	0.022924	-0.425537	4535400.0
2016-08-25	0.000123	0.034746	0.039069	0.030169	0.009658	3767100.0
2016-08-24	-0.005137	0.030569	0.034869	0.025889	-0.406181	4462500.0
2016-08-23	-0.0036560000000000004	0.035496	0.038394	0.027556999999999998	-0.290153	4473700.0
2016-08-22	-0.015124	0.025792000000000002	0.026537	0.012884999999999999	-1.218575	5091600.0
2016-08-19	-0.006559000000000001	0.029668	0.031641	0.019928	-0.531929	5185600.0
2016-08-18	0.020069999999999998	0.037379	0.05612	0.03587	1.595764	5467000.0
2016-08-17	0.0035399999999999997	0.029945	0.038149	0.025148	0.28048	3905500.0
2016-08-16	-0.001463	0.032597	0.038269	0.026548000000000002	-0.116059	3584400.0
2016-08-15	0.010345	0.040987	0.045826	0.032583	0.8123859999999999	4016000.0
2016-08-12	-0.0036810000000000002	0.03779	0.041469	0.026751999999999998	-0.290146	3902400.0
2016-08-11	0.00804	0.037692	0.053934	0.035518	0.6286470000000001	4385400.0
2016-08-10	-0.011976	0.036511	0.040428	0.018947	-0.9478	3863100.0
2016-08-09	-0.008121	0.040626	0.040751	0.0212	-0.64798	4143800.0
2016-08-08	0.01601	0.039586	0.056777	0.038695	1.257279	6213900.0
2016-08-05	0.010076	0.036942	0.047231999999999996	0.029225	0.783378	6838600.0
2016-08-04	0.009670999999999999	0.033724000000000004	0.044243	0.027361	0.744698	8183100.0
2016-08-03	0.009253	0.031624	0.043814	0.025856999999999998	0.706001	5416300.0
2016-08-02	0.005481000000000001	0.038596	0.040046	0.026736000000000003	0.415879	6648300.0
2016-08-01	-0.025584	0.02461	0.025764999999999996	0.002651	-1.9922950000000001	8197800.0
2016-07-29	0.018596	0.023258	0.054519000000000005	0.021688	1.421677	6200600.0
2016-07-28	-0.010391	0.032560000000000006	0.042138999999999996	0.017415	-0.802719	5567300.0
2016-07-27	-0.008933	0.03501	0.03873	0.021925	-0.696335	8415100.0
2016-07-26	-0.001363	0.023607	0.032702999999999996	0.011436	-0.10638399999999999	11685500.0
2016-07-25	-0.011028	0.030056	0.03259	0.014852	-0.8704149999999999	11223400.0
2016-07-22	0.01987	0.033984	0.054528999999999994	0.019124000000000002	1.537743	10027500.0
2016-07-21	-0.007195999999999999	0.032829000000000004	0.043733	0.021925	-0.560944	6140700.0
2016-07-20	0.009899	0.029061	0.047198000000000004	0.021805	0.764038	5937900.0
2016-07-19	0.0013800000000000002	0.032556	0.041768	0.031519	0.106377	5780700.0
2016-07-18	0.004411	0.026947000000000002	0.038675	0.022647	0.338501	4333600.0
2016-07-15	0.0031609999999999997	0.043394999999999996	0.045225	0.033069	0.241783	4723400.0
2016-07-14	0.0027890000000000002	0.04565	0.047747000000000005	0.035295	0.21277600000000002	3817600.0
2016-07-13	-0.009667	0.033984	0.040215	0.016588	-0.7447050000000001	5328900.0
2016-07-12	0.020891999999999997	0.048826999999999995	0.062345000000000005	0.042863	1.576439	6356300.0
2016-07-11	-0.009144	0.037398	0.040156	0.023740999999999998	-0.696335	4702800.0
2016-07-08	0.013385	0.042234	0.050884	0.039573000000000004	1.005814	4217400.0
2016-07-07	-0.004612	0.037163	0.049349000000000004	0.020075	-0.34817600000000004	4922500.0
2016-07-06	0.005539	0.03132	0.040376999999999996	0.023328	0.415879	4562800.0
2016-07-05	-0.023768	0.023712	0.026701999999999997	-0.000344	-1.827881	5656900.0
2016-07-01	0.005564	0.034768	0.044836	0.033068	0.425529	4050100.0
2016-06-30	0.016061000000000002	0.035711	0.051387	0.034249	1.208908	4941300.0
2016-06-29	0.01566	0.046127999999999995	0.064478	0.044373	1.160576	5854500.0
2016-06-28	0.020781	0.046242	0.056848	0.040182	1.508728	5364400.0
2016-06-27	-0.020741	0.017124	0.021034999999999998	0.005254	-1.537758	7036800.0
2016-06-24	-0.036813	-0.004471	0.010339	-0.009667	-2.833686	9561500.0
2016-06-23	0.016865	0.043495	0.051421	0.039532	1.2766110000000002	4734400.0
2016-06-22	-0.003184	0.040436	0.042148000000000005	0.029769999999999998	-0.241783	5274000.0
2016-06-21	0.011986	0.032784	0.052374000000000004	0.02852	0.899437	5634800.0
2016-06-20	0.001161	0.052395000000000004	0.055597	0.03425	0.087028	5257200.0
2016-06-17	0.015194999999999998	0.041298	0.053623000000000004	0.032358	1.121887	6583900.0
2016-06-16	-0.0066359999999999995	0.024566	0.029006	0.008015999999999999	-0.49323199999999995	6033100.0
2016-06-15	-0.007875	0.030246	0.039724	0.024239	-0.589958	5384800.0
2016-06-14	-0.002318	0.027857999999999997	0.037313	0.0204	-0.17407999999999998	5361900.0
2016-06-13	-0.011333	0.027137	0.039382	0.021344	-0.860749	5115400.0
2016-06-10	-0.017884	0.017561	0.027906	0.012001000000000001	-1.382995	5585100.0
2016-06-09	-0.010519	0.016838	0.025155	0.014791	-0.822067	5030200.0
2016-06-08	0.008864	0.042116	0.050894	0.032822000000000004	0.68666	6979900.0
2016-06-07	0.01277	0.038689999999999995	0.050718	0.036468	0.976807	8546400.0
2016-06-06	0.045749	0.046698	0.083885	0.04205	3.346283	8019200.0
2016-06-03	0.002386	0.03741	0.042891000000000006	0.025898	0.17407999999999998	4342200.0
2016-06-02	-0.005405	0.028668	0.031938999999999995	0.016946	-0.396523	4827300.0
2016-06-01	-0.005767	0.033984	0.034526	0.015147	-0.425544	5542200.0
2016-05-31	-0.011274	0.032644	0.039744999999999996	0.015761	-0.841408	5780000.0
2016-05-27	-0.0027140000000000003	0.029574	0.032247000000000005	0.020621	-0.203087	5050300.0
2016-05-26	-0.00038500000000000003	0.046943	0.054824	0.037593	-0.028832	7932200.0
2016-05-25	0.030282999999999997	0.045894	0.073418	0.044793	2.200509	7489300.0
2016-05-24	0.008131999999999999	0.047463	0.055092999999999996	0.042052	0.586166	6500600.0
2016-05-23	0.000667	0.048438999999999996	0.050383	0.032612999999999996	0.048057	6250900.0
2016-05-20	0.010243	0.047257	0.053849	0.040383999999999996	0.730301	7389400.0
2016-05-19	0.014077000000000001	0.032131	0.057589999999999995	0.024024	0.9897459999999999	8874800.0
2016-05-18	-0.022836000000000002	0.035384	0.038163	0.009673000000000001	-1.643173	6077900.0
2016-05-17	0.011892	0.044039999999999996	0.058102999999999995	0.042071	0.8456040000000001	7226300.0
2016-05-16	0.021676	0.053165	0.069688	0.049142	1.508652	5407100.0
2016-05-13	-0.022405	0.03322	0.043615	0.017208	-1.5951309999999999	6090400.0
2016-05-12	0.003793	0.046727	0.055187	0.037704	0.26905100000000004	5058100.0
2016-05-11	-0.00606	0.037162	0.048933	0.029594	-0.432404	5815800.0
2016-05-10	0.020475	0.048673	0.065977	0.045241	1.431778	7380900.0
2016-05-09	-0.031283	0.018084	0.029166	0.002291	-2.2581860000000002	10161700.0
2016-05-06	-0.003713	0.035558	0.049083999999999996	0.029623000000000003	-0.26905100000000004	8083800.0
2016-05-05	-0.004358	0.05481900000000001	0.05687999999999999	0.029671	-0.317108	7306900.0
2016-05-04	-0.019423	0.040395	0.046863	0.013311000000000002	-1.441391	7859000.0
2016-05-03	-0.02733	0.026641	0.027951	0.002525	-2.085198	8861400.0
2016-05-02	-0.0117	0.035613	0.045587	0.014111000000000002	-0.903266	7388100.0
2016-04-29	0.007019	0.043404000000000005	0.060101	0.031143	0.538116	8606600.0
2016-04-28	-0.010173999999999999	0.032789	0.049961	0.025558	-0.787964	6661100.0
2016-04-27	0.017677000000000002	0.048286	0.06668099999999999	0.045921	1.345299	7311700.0
2016-04-26	0.005459	0.045420999999999996	0.048326999999999995	0.036041000000000004	0.4132	5452600.0
2016-04-25	-0.014513	0.035847000000000004	0.038972	0.015016	-1.1146770000000001	6684400.0
2016-04-22	-0.004236	0.007605	0.050388	0.007605	-0.326714	9933400.0
2016-04-21	-0.010234	0.037842	0.0517	0.028602999999999996	-0.797561	8294100.0
2016-04-20	0.018331999999999998	0.034262	0.07019700000000001	0.034262	1.4029459999999998	12106100.0
2016-04-19	0.028276	0.047921	0.07036	0.046039	2.1044240000000003	10334200.0
2016-04-18	0.015605	0.019923	0.057586	0.015829	1.143501	5947500.0
2016-04-15	-0.011664	0.040665	0.040665	0.024345	-0.8648450000000001	6869900.0
2016-04-14	-0.0027140000000000003	0.041875	0.044565	0.029904000000000003	-0.20179	5349700.0
2016-04-13	0.019368	0.041762	0.063288	0.037923	1.412567	8647500.0
2016-04-12	0.027342	0.04475	0.072781	0.040382999999999995	1.94107	8227600.0
2016-04-11	0.00040599999999999995	0.047852	0.055602	0.040947000000000004	0.028824000000000002	7465100.0
2016-04-08	0.025552000000000002	0.061331	0.073325	0.055404999999999996	1.7680900000000002	6129600.0
2016-04-07	-0.015719	0.031419	0.037535	0.019755	-1.105065	7505800.0
2016-04-06	0.006881	0.045534	0.065872	0.02978	0.480469	10080700.0
2016-04-05	0.000276	0.031639	0.047971	0.030923000000000003	0.019234	9575200.0
2016-04-04	0.007209999999999999	0.045281999999999996	0.052208000000000004	0.037489999999999996	0.49966400000000005	9265300.0
2016-04-01	-0.022102	0.021192	0.032904	0.012584999999999999	-1.5662989999999999	21467800.0
2016-03-31	-0.008870000000000001	0.038987	0.049336	0.027658	-0.634217	8608700.0
2016-03-30	0.019315	0.050216000000000004	0.06375900000000001	0.044514	1.354904	8328700.0
2016-03-29	0.002747	0.023225	0.04481	0.019794	0.1922	10450200.0
2016-03-28	0.003031	0.045110000000000004	0.047117	0.032062	0.21138800000000002	8008800.0
2016-03-24	-0.005208	0.025688	0.036386	0.01984	-0.365151	8185200.0
2016-03-23	-0.00883	0.032606	0.039392	0.026810000000000004	-0.624603	5923600.0
2016-03-22	-0.017092	0.028992	0.045389	0.021905	-1.2299799999999999	6230700.0
2016-03-21	0.018634	0.024387	0.06217999999999999	0.021697	1.316467	7508500.0
2016-03-18	-0.013684	0.047227	0.047227	0.022934	-0.980141	9549100.0
2016-03-17	0.016224000000000002	0.051447	0.064074	0.04336	1.143494	7072100.0
2016-03-16	0.001639	0.047060000000000005	0.049475	0.025459	0.115311	7173100.0
2016-03-15	-0.002859	0.027061	0.037972000000000006	0.019409	-0.20179	6815400.0
2016-03-14	-0.0208	0.026373	0.031923	0.013052000000000001	-1.499047	5949500.0
2016-03-11	0.02487	0.050904000000000005	0.068537	0.042513	1.7488860000000002	8054500.0
2016-03-10	0.005911	0.04138	0.049248	0.031653	0.41320100000000004	7058400.0
2016-03-09	0.000688	0.055695	0.058272000000000004	0.039233	0.04805	6966600.0
2016-03-08	-0.045431	0.028367000000000003	0.034652999999999996	-0.006887000000000001	-3.3248059999999997	8727100.0
2016-03-07	0.017774	0.033433	0.059161	0.018692	1.27803	9614000.0
2016-03-04	-0.000267	0.04428	0.056792999999999996	0.026205000000000003	-0.019226	11415900.0
2016-03-03	0.005913	0.03549	0.048497000000000005	0.031854	0.422813	7811500.0
2016-03-02	0.005405	0.033072000000000004	0.046711	0.019011	0.384369	8584000.0
2016-03-01	0.03193	0.051401999999999996	0.07461799999999999	0.04879	2.200516	8321000.0
2016-02-29	-0.010348999999999999	0.038942000000000004	0.053876	0.029463999999999997	-0.72068	7726100.0
2016-02-26	0.0016579999999999998	0.051739999999999994	0.058788	0.038507	0.115303	6000700.0
2016-02-25	0.001939	0.03663	0.042683	0.018183	0.134536	6358300.0
2016-02-24	0.0018039999999999998	0.023484	0.04413	0.01641	0.12491700000000001	7857700.0
2016-02-23	-0.030792	0.033808	0.046262	0.005542	-2.200516	8201900.0
2016-02-22	0.020584	0.054232	0.065799	0.050804	1.441376	7649900.0
2016-02-19	0.002614	0.030499000000000002	0.043672	0.027777999999999997	0.182586	8339000.0
2016-02-18	-0.003428	0.052079999999999994	0.052079999999999994	0.031961	-0.240234	8123700.0
2016-02-17	0.016446000000000002	0.052267999999999995	0.068803	0.046757	1.133903	10132100.0
2016-02-16	0.02048	0.056058000000000004	0.069231	0.041849000000000004	1.383713	9571800.0
2016-02-12	0.028977	0.049041	0.078435	0.047366000000000005	1.902626	10756300.0
2016-02-11	0.016241	0.026147000000000004	0.074901	0.023052	1.049339	12122900.0
2016-02-10	-0.001032	0.047816000000000004	0.06606000000000001	0.041941	-0.066772	8324500.0
2016-02-09	-0.028375	0.035210000000000005	0.047228	0.006517	-1.888809	11138200.0
2016-02-08	0.014097	0.036397000000000006	0.07037	0.025885000000000002	0.925323	12547500.0
2016-02-05	-0.024525	0.036391	0.041295	0.011871	-1.6503139999999998	16470500.0
2016-02-04	-0.0040950000000000005	0.05864	0.078472	0.040583999999999995	-0.27665700000000004	10892700.0
2016-02-03	0.028908	0.066401	0.07904	0.030006	1.898353	12837100.0
2016-02-02	-0.036663999999999995	0.016887	0.026569	0.002951	-2.4993279999999998	13600800.0
2016-02-01	-0.011208	0.031599	0.039577	0.015934	-0.772698	12047100.0
2016-01-29	0.039707	0.055367999999999994	0.093372	0.049185	2.632889	18255300.0
2016-01-28	0.060412	0.091139	0.113048	0.075306	3.777619	16450700.0
2016-01-27	0.003367	0.04844	0.077162	0.036245	0.209865	12629000.0
2016-01-26	0.03207	0.066331	0.089184	0.050267	1.9365080000000001	13829900.0
2016-01-25	-0.029141000000000004	0.027379	0.06323200000000001	0.016606	-1.812488	13865300.0
2016-01-22	0.061025	0.100651	0.130163	0.07421	3.577282	19387700.0
2016-01-21	0.0063869999999999994	0.050855000000000004	0.089655	0.036433999999999994	0.37203200000000003	12999400.0
2016-01-20	-0.028016000000000003	0.024584	0.039102	-0.005452	-1.6789319999999999	16075400.0
2016-01-19	-0.003015	0.050775	0.069741	0.032309	-0.181252	11463500.0
2016-01-15	-0.025818999999999998	0.005817	0.034504	0.000144	-1.593086	14702300.0
2016-01-14	0.011415	0.055001	0.071229	0.012217	0.696377	13814700.0
2016-01-13	-0.012202	0.062204999999999996	0.074349	0.028364	-0.753605	12729900.0
2016-01-12	-0.0013880000000000001	0.06639	0.068977	0.021761000000000003	-0.085869	10189000.0
2016-01-11	-0.003841	0.050052	0.054562	0.027500999999999998	-0.238483	8693100.0
2016-01-08	-0.01677	0.050972	0.058099	0.027691000000000004	-1.0588799999999998	9657900.0
2016-01-07	-0.022304	0.025518	0.049208999999999996	0.01886	-1.440441	12041000.0
2016-01-06	-0.025899000000000002	0.024447999999999998	0.046772	0.017661000000000003	-1.7171029999999998	11923000.0
2016-01-05	0.004625	0.050704	0.05828099999999999	0.031763	0.305253	6783600.0
2016-01-04	-0.008172	0.043771	0.052338	0.021378	-0.543747	9160200.0
2015-12-31	0.00158	0.044216000000000005	0.05941900000000001	0.038646	0.10494200000000001	5271100.0
2015-12-30	-0.012339	0.031925999999999996	0.048576999999999995	0.03148	-0.829933	5744600.0
2015-12-29	0.0012779999999999998	0.067036	0.06956699999999999	0.040539	0.085861	6987000.0
2015-12-28	-0.00156	0.033268	0.047091	0.025985	-0.10494200000000001	6616900.0
2015-12-24	-0.0067599999999999995	0.046656	0.05123200000000001	0.038832	-0.45789399999999997	2968800.0
2015-12-23	0.021874	0.065175	0.071662	0.055672	1.449997	7757700.0
2015-12-22	0.022664	0.055531	0.07635800000000001	0.051674	1.4690860000000001	7950900.0
2015-12-21	0.009058	0.049837	0.063847	0.045322	0.5818939999999999	7861300.0
2015-12-18	-0.026879000000000004	0.045856	0.047825	0.019952	-1.7743380000000002	15152600.0
2015-12-17	-0.028363	0.046661	0.051959000000000005	0.017664	-1.926971	8278600.0
2015-12-16	-0.00863	0.043318999999999996	0.054992	0.032666	-0.591439	7865600.0
2015-12-15	0.025993000000000002	0.062952	0.07986900000000001	0.056364	1.736184	10481100.0
2015-12-14	0.0028640000000000002	0.041674	0.05894	0.03762	0.19078	11322500.0
2015-12-11	-0.023223	0.04828	0.04828	0.022469	-1.5835489999999999	9436100.0
2015-12-10	-0.008874	0.043483	0.064414	0.037814	-0.610535	7200900.0
2015-12-09	0.008671	0.057076	0.08566599999999999	0.047106999999999996	0.591454	9310300.0
2015-12-08	-0.017856999999999998	0.025529	0.051016000000000006	0.0036409999999999997	-1.2401280000000001	8305200.0
2015-12-07	-0.025565	0.019375	0.028214999999999997	0.011237	-1.8220290000000001	10563000.0
2015-12-04	-0.0013369999999999999	0.034548	0.051783	0.025159	-0.09539	8605300.0
2015-12-03	-0.013191	0.05726799999999999	0.05948	0.025188	-0.9539340000000001	8292700.0
2015-12-02	-0.030191000000000003	0.03782	0.048681999999999996	0.014084000000000001	-2.251312	9595000.0
2015-12-01	0.013221	0.043660000000000004	0.062818	0.039448000000000004	0.9730139999999999	8172200.0
2015-11-30	0.004164999999999999	0.051827	0.062470000000000005	0.048143	0.305268	7979400.0
2015-11-27	-0.0025800000000000003	0.045031	0.05469299999999999	0.040268	-0.18956800000000001	3147300.0
2015-11-25	-0.008314	0.04498	0.05942000000000001	0.031889	-0.616058	4055400.0
2015-11-24	0.012431999999999999	0.059064	0.07915	0.052779	0.909874	6960500.0
2015-11-23	0.000907	0.048811	0.058794000000000006	0.043614	0.06633700000000001	5859600.0
2015-11-20	-0.009882	0.055102	0.057945	0.032218000000000004	-0.7297819999999999	8480500.0
2015-11-19	-0.008020000000000001	0.044087	0.057116999999999994	0.042744	-0.5970989999999999	6674600.0
2015-11-18	0.023586000000000003	0.058677	0.081775	0.055376999999999996	1.715485	6955100.0
2015-11-17	-0.020299	0.051196	0.055236	0.032607	-1.506974	5579200.0
2015-11-16	0.028763	0.056902999999999995	0.087805	0.049975	2.07563	6662500.0
2015-11-13	-0.006005	0.050281	0.061163	0.042843	-0.435974	7311400.0
2015-11-12	-0.013268	0.037705	0.057276	0.031725	-0.976211	8141900.0
2015-11-11	-0.014472	0.051217	0.052690999999999995	0.028179000000000003	-1.08046	5575200.0
2015-11-10	0.011038	0.048195	0.068103	0.04657	0.815087	5949900.0
2015-11-09	-0.014546000000000002	0.051899	0.058172	0.032014	-1.089928	5860000.0
2015-11-06	0.0032990000000000003	0.04506	0.058717	0.031001	0.246414	7444300.0
2015-11-05	-0.018802000000000003	0.047613	0.060488	0.032767000000000004	-1.431152	6730900.0
2015-11-04	-0.014843	0.054196	0.057561	0.03284	-1.1467969999999998	8788400.0
2015-11-03	0.026313	0.060947	0.094952	0.058556	1.9808569999999999	10257000.0
2015-11-02	0.016249	0.048217	0.076296	0.045517	1.203659	8480100.0
2015-10-30	-0.006735	0.05443200000000001	0.057784	0.027882999999999998	-0.502311	9474800.0
2015-10-29	-0.00556	0.049769	0.066036	0.044968	-0.417023	6612800.0
2015-10-28	0.02833	0.067442	0.092946	0.05853	2.0661389999999997	11293200.0
2015-10-27	-0.002592	0.031989	0.058794000000000006	0.030485	-0.18955999999999998	9291600.0
2015-10-26	-0.015316	0.051196	0.052408	0.036518	-1.137329	7887200.0
2015-10-23	0.00115	0.049439	0.068314	0.043507	0.08530499999999999	8867400.0
2015-10-22	0.034775	0.065426	0.09542	0.063612	2.49266	9091200.0
2015-10-21	0.001059	0.05161	0.075073	0.048957	0.075806	7928600.0
2015-10-20	0.019018	0.051544000000000006	0.082853	0.050975	1.3363639999999999	8901400.0
2015-10-19	-0.004966	0.038675	0.06798799999999999	0.036693	-0.350677	7586000.0
2015-10-16	-0.021665	0.049422	0.050114	0.004258	-1.563828	17795100.0
2015-10-15	0.015331000000000001	0.060025	0.072825	0.039207	1.0899510000000001	11034700.0
2015-10-14	0.004957	0.054536	0.064997	0.042804	0.350677	7187800.0
2015-10-13	-0.0040030000000000005	0.044542	0.07115199999999999	0.041867	-0.284339	6666300.0
2015-10-12	-0.018596	0.059109	0.059109	0.026223000000000003	-1.345833	7575700.0
2015-10-09	-0.003654	0.062123000000000005	0.065152	0.044364	-0.265389	6842500.0
2015-10-08	0.01712	0.054122	0.077226	0.041939	1.222641	8446600.0
2015-10-07	0.019069	0.076364	0.09734	0.06380599999999999	1.336357	12631100.0
2015-10-06	0.025663	0.058176	0.08905700000000001	0.052028	1.753395	11672500.0
2015-10-05	0.025171000000000002	0.06905599999999999	0.091262	0.06605499999999999	1.6775669999999998	8800800.0
2015-10-02	0.039468	0.043872	0.098772	0.038258	2.530548	12738800.0
2015-10-01	-0.019139	0.072541	0.086004	0.031237	-1.251068	12055400.0
2015-09-30	-0.0018809999999999999	0.05785	0.065791	0.034489	-0.12319200000000001	11785800.0
2015-09-29	-0.003892	0.058752	0.063011	0.034720999999999995	-0.255913	11467000.0
2015-09-28	-0.048422	0.03701	0.038023	0.003288	-3.345642	9189100.0
2015-09-25	0.002889	0.063231	0.064101	0.048425	0.199044	5655600.0
2015-09-24	0.010425	0.047035	0.076808	0.042929	0.710815	7655300.0
2015-09-23	-0.008681	0.064407	0.06687799999999999	0.045361	-0.5970989999999999	5726700.0
2015-09-22	-0.004117	0.035555	0.058722	0.035265	-0.284333	5894900.0
2015-09-21	0.004549	0.06557400000000001	0.068774	0.051320000000000005	0.312775	5935900.0
2015-09-18	-0.036654	0.036606	0.038287	0.011665	-2.615875	12646500.0
2015-09-17	-0.011292	0.055102	0.06424500000000001	0.040139999999999995	-0.815087	8500100.0
2015-09-16	0.034924000000000004	0.064135	0.09682400000000001	0.060837	2.435807	7685200.0
2015-09-15	0.010296	0.061475	0.069297	0.053074	0.710823	8408800.0
2015-09-14	-0.011669	0.050807	0.050807	0.035775	-0.815087	5997600.0
2015-09-11	-0.004995	0.046555	0.050116	0.029461	-0.35068499999999997	8359800.0
2015-09-10	-0.004436	0.057228999999999995	0.061341999999999994	0.033688	-0.312774	8261000.0
2015-09-09	-0.015091	0.056777999999999995	0.078846	0.036944	-1.08046	10927200.0
2015-09-08	0.0072	0.059322	0.0672	0.051444000000000004	0.511803	7189500.0
2015-09-04	-0.016522	0.039468	0.043065	0.029644	-1.194199	9072100.0
2015-09-03	0.011271999999999999	0.065596	0.084624	0.049645	0.805611	11091000.0
2015-09-02	-0.000133	0.072449	0.075807	0.033277999999999995	-0.009476	12993100.0
2015-09-01	-0.018862999999999998	0.033552	0.050983999999999995	0.027238	-1.374283	14970000.0
2015-08-31	0.023955	0.055921000000000005	0.092182	0.048612999999999996	1.7043990000000002	17008400.0
2015-08-28	0.029925	0.072611	0.112562	0.060740999999999996	2.06736	15702900.0
2015-08-27	0.053645000000000005	0.102699	0.128474	0.081346	3.5173419999999997	28622100.0
2015-08-26	-0.033507999999999996	0.068992	0.068992	0.002512	-2.2731779999999997	58004300.0
2015-08-25	-0.018275	0.108499	0.108643	0.049166	-1.2628709999999999	12085200.0
2015-08-24	-0.046839	0.019612	0.05244	0.007197	-3.395721	17350900.0
2015-08-21	-0.024421	0.060379999999999996	0.075182	0.042886	-1.814805	11130500.0
2015-08-20	-0.015247	0.066342	0.084364	0.052693	-1.1506040000000002	8483800.0
2015-08-19	-0.029826	0.058963999999999996	0.06629199999999999	0.033638	-2.319938	9410300.0
2015-08-18	-0.004192	0.069632	0.072577	0.057726	-0.32743099999999997	5106500.0
2015-08-17	-0.004293	0.058794000000000006	0.068865	0.058794000000000006	-0.336754	4845400.0
2015-08-14	-0.002735	0.068102	0.082086	0.061746	-0.21514899999999998	4201500.0
2015-08-13	-0.008723	0.063447	0.067228	0.051476	-0.692253	5908500.0
2015-08-12	0.005571	0.064303	0.077609	0.050111	0.43967399999999995	6682100.0
2015-08-11	-0.0009480000000000001	0.050381999999999996	0.069119	0.045192	-0.07484400000000001	6088400.0
2015-08-10	0.026626	0.068342	0.097975	0.06782200000000001	2.04866	6776600.0
2015-08-07	-0.016031	0.06426	0.07231699999999999	0.048019	-1.253509	6275900.0
2015-08-06	0.013212	0.064198	0.09089	0.059274	1.0196530000000001	8265700.0
2015-08-05	0.002796	0.077698	0.090822	0.067173	0.21515700000000001	5812500.0
2015-08-04	0.002315	0.072378	0.080974	0.06625700000000001	0.177734	4707300.0
2015-08-03	-0.008935	0.058924000000000004	0.073251	0.054019000000000005	-0.692246	6808800.0
2015-07-31	-0.008381	0.06361599999999999	0.068864	0.057601	-0.6548149999999999	5568600.0
2015-07-30	-0.004411	0.071158	0.07574600000000001	0.05867000000000001	-0.346123	4653500.0
2015-07-29	0.016849	0.062513	0.091927	0.061477	1.300293	8491100.0
2015-07-28	0.009051	0.07919	0.085989	0.061015999999999994	0.69223	8330600.0
2015-07-27	-0.013751	0.057387	0.063834	0.047715	-1.0664209999999998	7186200.0
2015-07-24	-0.03627	0.065637	0.06638200000000001	0.027237	-2.918625	8745800.0
2015-07-23	0.008914	0.068616	0.08591900000000001	0.064729	0.710953	6419300.0
2015-07-22	0.011387999999999999	0.064934	0.088774	0.05948200000000001	0.898033	10589000.0
2015-07-21	0.009339	0.0672	0.091647	0.063872	0.7296600000000001	7809200.0
2015-07-20	-0.00227	0.07576000000000001	0.079463	0.06567200000000001	-0.17775	7110800.0
2015-07-17	-0.002146	0.07307000000000001	0.082499	0.059816999999999995	-0.168373	9097800.0
2015-07-16	0.003109	0.081135	0.083436	0.069503	0.243218	6623500.0
2015-07-15	-0.019463	0.062349	0.065107	0.046807999999999995	-1.552857	8792900.0
2015-07-14	0.011864	0.070387	0.092074	0.067597	0.935448	6151600.0
2015-07-13	0.0039310000000000005	0.069756	0.075613	0.062753	0.308716	5613700.0
2015-07-10	0.004907	0.078332	0.081787	0.065026	0.383522	6512200.0
2015-07-09	0.007598000000000001	0.086525	0.087298	0.074278	0.5893470000000001	7410500.0
2015-07-08	-0.015202	0.065691	0.072293	0.048425	-1.197387	6747000.0
2015-07-07	0.008504000000000001	0.070785	0.083716	0.05273099999999999	0.664177	9442300.0
2015-07-06	-0.00619	0.054486	0.071791	0.048505	-0.48645	7612700.0
2015-07-02	-0.00344	0.072796	0.076474	0.064427	-0.271271	7607200.0
2015-07-01	-0.021928	0.071845	0.075193	0.040838	-1.768028	10109000.0
2015-06-30	0.006187	0.077977	0.07935	0.06088	0.495788	8043500.0
2015-06-29	-0.011653	0.055795000000000004	0.068252	0.055178	-0.944809	7008400.0
2015-06-26	0.0	0.065538	0.07700900000000001	0.061591999999999994	0.0	25487300.0
2015-06-25	-0.009599	0.06716	0.07155700000000001	0.05873099999999999	-0.7857890000000001	5865800.0
2015-06-24	-0.005568	0.060002999999999994	0.07045	0.057209	-0.458367	6565600.0
2015-06-23	0.011843000000000001	0.065427	0.082758	0.063092	0.9635090000000001	5931000.0
2015-06-22	0.0040409999999999995	0.07257100000000001	0.07664299999999999	0.058872	0.327408	7415400.0
2015-06-19	-0.022678	0.05620700000000001	0.058619000000000004	0.040045	-1.880257	13888600.0
2015-06-18	-0.011598	0.073999	0.079483	0.056236	-0.972885	7862800.0
2015-06-17	-0.000223	0.07304400000000001	0.080076	0.063152	-0.018715	4656400.0
2015-06-16	0.002907	0.071024	0.073176	0.06504700000000001	0.243225	3731700.0
2015-06-15	-0.007987000000000001	0.06021699999999999	0.064842	0.051798000000000004	-0.673538	5330500.0
2015-06-12	-0.0057350000000000005	0.063922	0.06816699999999999	0.058971	-0.48642700000000005	3997800.0
2015-06-11	-0.010477	0.068992	0.069575	0.056392	-0.898049	5134600.0
2015-06-10	0.019697	0.082316	0.092427	0.079342	1.6557540000000002	6045600.0
2015-06-09	0.005483	0.078442	0.084063	0.074016	0.45838199999999996	5077800.0
2015-06-08	-0.008872	0.064961	0.07492	0.05678099999999999	-0.74836	7115200.0
2015-06-05	0.0011099999999999999	0.06448200000000001	0.088575	0.062702	0.093552	7120000.0
2015-06-04	-0.014119999999999999	0.062907	0.068758	0.053078999999999994	-1.206757	6451800.0
2015-06-03	-0.0015300000000000001	0.06642200000000001	0.080324	0.064085	-0.130966	3967200.0
2015-06-02	0.009377	0.073827	0.09210499999999999	0.070171	0.795151	5290600.0
2015-06-01	0.00421	0.06804500000000001	0.07822899999999999	0.062005	0.355469	5003300.0
2015-05-29	0.001324	0.079301	0.086771	0.076218	0.111648	6089700.0
2015-05-28	-0.003846	0.070897	0.073023	0.05979400000000001	-0.32560700000000004	4400300.0
2015-05-27	0.002865	0.067213	0.086167	0.067213	0.241875	5406800.0
2015-05-26	-0.013909999999999999	0.0644	0.07105800000000001	0.054237	-1.190796	6106700.0
2015-05-22	-0.000109	0.068256	0.078651	0.060196000000000006	-0.009301	4104200.0
2015-05-21	0.014105000000000001	0.082139	0.09765499999999999	0.075269	1.1908040000000002	5117000.0
2015-05-20	0.002098	0.076575	0.082272	0.06613	0.17675	4476300.0
2015-05-19	-0.023612	0.063208	0.063208	0.042347	-2.0373759999999996	6213000.0
2015-05-18	0.00662	0.072813	0.08494600000000001	0.06919700000000001	0.567489	4023600.0
2015-05-15	-0.00032599999999999996	0.071181	0.080977	0.063251	-0.027916000000000003	4640500.0
2015-05-14	-0.003675	0.078283	0.083512	0.067825	-0.316299	5266400.0
2015-05-13	0.000433	0.082469	0.08305	0.066776	0.037209	5913600.0
2015-05-12	0.007628	0.070345	0.08861799999999999	0.067534	0.6512220000000001	5088100.0
2015-05-11	-0.007141	0.086077	0.08631	0.066075	-0.6140220000000001	7335800.0
2015-05-08	0.024382	0.087898	0.10267000000000001	0.073722	2.0466919999999997	6078900.0
2015-05-07	-0.022109	0.067224	0.06804	0.043459	-1.8978270000000002	8670100.0
2015-05-06	0.002499	0.082738	0.092782	0.069191	0.213982	6665500.0
2015-05-05	-0.01011	0.082775	0.091445	0.06393099999999999	-0.874497	7349800.0
2015-05-04	-0.000215	0.08855199999999999	0.08855199999999999	0.067747	-0.018623	4993700.0
2015-05-01	-0.017016999999999997	0.073436	0.07809400000000001	0.054462	-1.497787	6926700.0
2015-04-30	0.0035	0.07434299999999999	0.084604	0.065222	0.30699899999999997	8166600.0
2015-04-29	0.017483000000000002	0.07398500000000001	0.095098	0.066097	1.507103	8134100.0
2015-04-28	0.0035740000000000004	0.072119	0.080385	0.06501699999999999	0.30699099999999996	4480500.0
2015-04-27	0.007859	0.08160099999999999	0.086412	0.073036	0.669823	7422500.0
2015-04-24	-0.015475	0.068675	0.070754	0.053079999999999995	-1.3396379999999999	7604000.0
2015-04-23	0.009656999999999999	0.076779	0.095674	0.076779	0.8279799999999999	6192500.0
2015-04-22	0.00953	0.081742	0.088689	0.07279400000000001	0.809357	5910200.0
2015-04-21	-0.012761	0.074797	0.07735399999999999	0.053292	-1.097755	6850200.0
2015-04-20	-0.0042	0.071672	0.08579400000000001	0.067389	-0.36283200000000004	8938000.0
2015-04-17	0.010556	0.100882	0.110007	0.07081900000000001	0.9024200000000001	20002600.0
2015-04-16	-0.001196	0.06615	0.089635	0.054233	-0.10233300000000001	17143200.0
2015-04-15	0.036036	0.082902	0.113649	0.076124	2.976983	13207800.0
2015-04-14	0.008862	0.081874	0.091033	0.078943	0.725631	12053100.0
2015-04-13	-0.012232	0.07334500000000001	0.077205	0.058628	-1.014038	7936900.0
2015-04-10	0.007462000000000001	0.078924	0.086094	0.071875	0.614006	7315700.0
2015-04-09	0.027055000000000003	0.078158	0.10998599999999999	0.076661	2.167618	9207300.0
2015-04-08	-0.001739	0.078527	0.085006	0.062328999999999996	-0.139542	8739200.0
2015-04-07	0.00419	0.077791	0.088426	0.06665499999999999	0.334916	7175700.0
2015-04-06	0.018012	0.082174	0.108668	0.080263	1.4140700000000002	8092500.0
2015-04-02	0.0013050000000000002	0.07249	0.08957999999999999	0.069939	0.10231699999999999	6039400.0
2015-04-01	0.010067	0.08212799999999999	0.092434	0.076974	0.781479	7808400.0
2015-03-31	-0.012311	0.065243	0.072114	0.060535000000000005	-0.9675290000000001	7304700.0
2015-03-30	0.014044	0.082268	0.093235	0.076204	1.088463	6537900.0
2015-03-27	0.0018039999999999998	0.072974	0.07892	0.064055	0.139541	5729100.0
2015-03-26	-0.0015609999999999999	0.084076	0.09181900000000001	0.06807300000000001	-0.120948	8150500.0
2015-03-25	0.017593	0.08541900000000001	0.104725	0.081086	1.339653	8243100.0
2015-03-24	-0.001829	0.073602	0.081599	0.07045599999999999	-0.139557	6446100.0
2015-03-23	-0.004492	0.07647899999999999	0.090573	0.07008500000000001	-0.344208	8932100.0
2015-03-20	0.016788	0.082874	0.10370599999999999	0.081945	1.265205	14383800.0
2015-03-19	-0.012675	0.057620000000000005	0.072948	0.056048	-0.967506	8425600.0
2015-03-18	0.019635	0.069436	0.10416700000000001	0.060486	1.4698790000000002	11542100.0
2015-03-17	-0.009722	0.062876	0.07266399999999999	0.058114	-0.7349319999999999	7954600.0
2015-03-16	0.010445	0.068096	0.088012	0.064888	0.781449	8265500.0
2015-03-13	-0.006423999999999999	0.065617	0.074382	0.058047	-0.483757	8836700.0
2015-03-12	-0.004061	0.077426	0.079807	0.0683	-0.307	7630200.0
2015-03-11	-0.000492	0.076632	0.082977	0.072666	-0.037208	6157000.0
2015-03-10	-0.012749	0.06134	0.076088	0.060295	-0.97683	8140600.0
2015-03-09	-0.009023999999999999	0.071809	0.078534	0.061203	-0.697738	6296400.0
2015-03-06	-0.02016	0.064775	0.070604	0.050581	-1.5908209999999998	9674500.0
2015-03-05	-0.0037579999999999996	0.064813	0.074156	0.05951	-0.297683	5798200.0
2015-03-04	0.002708	0.076812	0.079724	0.06035499999999999	0.21395100000000003	8229900.0
2015-03-03	0.0034270000000000004	0.077962	0.086092	0.06665599999999999	0.269806	6774800.0
2015-03-02	0.0054659999999999995	0.06891	0.083854	0.062140999999999995	0.427932	7725600.0
2015-02-27	0.003218	0.075938	0.086061	0.075938	0.251183	7836000.0
2015-02-26	-0.015491	0.065704	0.06747	0.05044	-1.227997	8485400.0
2015-02-25	-0.001172	0.075921	0.079071	0.065337	-0.093025	5597000.0
2015-02-24	-0.002689	0.088108	0.089867	0.062221000000000005	-0.213982	8430700.0
2015-02-23	-0.003959000000000001	0.061270000000000005	0.078793	0.056264	-0.316299	6033800.0
2015-02-20	-0.012647	0.071082	0.078126	0.053534000000000005	-1.0233379999999999	8123200.0
2015-02-19	-0.008662000000000001	0.044285000000000005	0.072953	0.042815	-0.7070390000000001	6764800.0
2015-02-18	-0.012937	0.065602	0.068141	0.056290999999999994	-1.069847	7182100.0
2015-02-17	0.00577	0.075521	0.082454	0.061534000000000005	0.47444899999999995	7958300.0
2015-02-13	0.028152999999999997	0.092545	0.10705	0.087418	2.2513349999999996	7562900.0
2015-02-12	0.014516999999999999	0.093055	0.108786	0.084428	1.144287	6561100.0
2015-02-11	-0.00575	0.058263999999999996	0.076301	0.053217999999999994	-0.455849	6630800.0
2015-02-10	-0.006991	0.074412	0.07842	0.052493	-0.558189	7217600.0
2015-02-09	0.0018679999999999999	0.081188	0.090097	0.073282	0.148857	7614600.0
2015-02-06	0.002793	0.092513	0.100063	0.079677	0.22196999999999997	8530800.0
2015-02-05	0.016204	0.095126	0.10535599999999999	0.08579099999999999	1.2671350000000001	7749700.0
2015-02-04	-0.029054000000000003	0.064674	0.066164	0.038475999999999996	-2.340034	12071700.0
2015-02-03	0.028827999999999996	0.098432	0.12513	0.096899	2.256767	15913300.0
2015-02-02	0.027308999999999996	0.102184	0.11215699999999999	0.082631	2.08107	9426800.0
2015-01-30	0.005983	0.073795	0.10653399999999999	0.06627000000000001	0.453216	9947200.0
2015-01-29	0.014241	0.086677	0.098727	0.064718	1.0636139999999998	9037300.0
2015-01-28	-0.044944	0.076712	0.077223	0.029782	-3.5146330000000003	10041700.0
2015-01-27	0.010397	0.068784	0.098243	0.068784	0.804665	7332800.0
2015-01-26	0.020488	0.081979	0.108876	0.075254	1.553848	7060500.0
2015-01-23	-0.001704	0.078423	0.09514	0.07407899999999999	-0.129494	8032800.0
2015-01-22	-0.000851	0.090788	0.09315599999999999	0.06146	-0.06472699999999999	9040000.0
2015-01-21	0.021496	0.080381	0.110205	0.069365	1.600074	9178800.0
2015-01-20	-0.010451	0.06855800000000001	0.076003	0.048882999999999996	-0.786171	10948600.0
2015-01-16	0.06133400000000001	0.09318	0.15018099999999998	0.093039	4.347077	17587500.0
2015-01-15	-0.022452	0.086015	0.091808	0.054153999999999994	-1.627846	10918900.0
2015-01-14	0.007843000000000001	0.056304999999999994	0.09203	0.050884	0.564194	12226700.0
2015-01-13	-0.0034590000000000003	0.08049500000000001	0.094347	0.067058	-0.249718	11931600.0
2015-01-12	-0.03903	0.053366	0.053366	0.021417	-2.931969	13257100.0
2015-01-09	-0.017896000000000002	0.08877	0.089947	0.053471000000000005	-1.368858	7649800.0
2015-01-08	0.012116	0.091508	0.102094	0.084231	0.9156569999999999	7911600.0
2015-01-07	-0.000122	0.092169	0.093624	0.065443	-0.009254	7951600.0
2015-01-06	-0.019556	0.075869	0.081317	0.046294	-1.507592	9758400.0
2015-01-05	-0.027081	0.06515900000000001	0.06515900000000001	0.042316	-2.1458049999999997	10039400.0
2015-01-02	0.0030440000000000003	0.07359199999999999	0.091188	0.071187	0.240494	5500800.0
2014-12-31	-0.011916	0.07218200000000001	0.081062	0.060674	-0.9526600000000001	5346800.0
2014-12-30	-0.010418	0.077598	0.079331	0.065097	-0.841659	6116200.0
2014-12-29	0.002525	0.084538	0.0931	0.074114	0.203483	5872800.0
2014-12-26	0.0008039999999999999	0.087273	0.093234	0.07448099999999999	0.064736	4835500.0
2014-12-24	-0.002978	0.074253	0.08515	0.05989	-0.24048699999999998	3624100.0
2014-12-23	0.006571	0.085549	0.092903	0.07508	0.527199	8377900.0
2014-12-22	-0.008798	0.07896399999999999	0.084647	0.061175	-0.712166	10563800.0
2014-12-19	0.039060000000000004	0.082214	0.12598499999999999	0.07849199999999999	3.042939	15493800.0
2014-12-18	0.016288999999999998	0.112105	0.115627	0.070621	1.248634	13255300.0
2014-12-17	0.033545	0.094401	0.138355	0.081996	2.4879990000000003	13900600.0
2014-12-16	0.0036299999999999995	0.06725	0.128684	0.061837	0.26823400000000003	16034600.0
2014-12-15	-0.00125	0.08443099999999999	0.10592	0.079025	-0.09249099999999999	11164500.0
2014-12-12	-0.036261	0.06868400000000001	0.07910299999999999	0.038466	-2.783989	17708800.0
2014-12-11	-0.001924	0.078327	0.10757699999999999	0.075728	-0.14798	12332600.0
2014-12-10	-0.026910000000000003	0.062465	0.063351	0.038937	-2.127296	11166500.0
2014-12-09	0.014962999999999999	0.069632	0.098135	0.064368	1.165398	10595600.0
2014-12-08	-0.033846	0.067294	0.069031	0.040872000000000006	-2.728486	11306800.0
2014-12-05	-0.003088	0.078467	0.090215	0.06350399999999999	-0.249725	8983600.0
2014-12-04	0.007722	0.072713	0.098634	0.064239	0.619682	9000100.0
2014-12-03	0.018071	0.088165	0.105927	0.079665	1.4243700000000001	11464800.0
2014-12-02	0.004479	0.083991	0.097245	0.068316	0.351456	13740300.0
2014-12-01	-0.008298999999999999	0.068297	0.0846	0.044663999999999995	-0.6566770000000001	18083200.0
2014-11-28	-0.073915	0.01005	0.014497	-0.025647000000000003	-6.315354	18876100.0
2014-11-26	-0.025105000000000002	0.08202100000000001	0.08293400000000001	0.053153	-2.2002330000000003	9882600.0
2014-11-25	-0.033012	0.090215	0.092532	0.048729	-2.991951	10729600.0
2014-11-24	0.005926	0.095566	0.101115	0.087352	0.53392	10324700.0
2014-11-21	0.017995	0.108162	0.11573199999999999	0.0937	1.592652	9293500.0
2014-11-20	0.012	0.086243	0.100535	0.082355	1.049491	8198700.0
2014-11-19	-0.002939	0.08441900000000001	0.091601	0.070852	-0.257766	6553200.0
2014-11-18	-0.00366	0.09805599999999999	0.09805599999999999	0.078519	-0.322205	5971400.0
2014-11-17	0.003252	0.08544500000000001	0.09969	0.081912	0.28536999999999996	8499600.0
2014-11-14	0.004954999999999999	0.10239	0.10914700000000001	0.081318	0.43268599999999996	11825000.0
2014-11-13	-0.02648	0.077101	0.086689	0.033731	-2.3751450000000003	18116000.0
2014-11-12	-0.009455	0.079506	0.10093099999999999	0.073874	-0.8561709999999999	6679000.0
2014-11-11	0.000712	0.087127	0.088453	0.06922400000000001	0.064446	6111500.0
2014-11-10	-0.004457	0.094164	0.10615699999999999	0.080192	-0.405068	7972900.0
2014-11-07	0.018045	0.090835	0.11928399999999999	0.089491	1.611038	7826000.0
2014-11-06	0.003518	0.073429	0.091188	0.057692999999999994	0.313027	9507500.0
2014-11-05	0.026338	0.091088	0.120736	0.086127	2.283081	7443600.0
2014-11-04	-0.024451	0.074989	0.074989	0.051579999999999994	-2.1726	9568200.0
2014-11-03	-0.021691	0.079196	0.091968	0.05871799999999999	-1.9701080000000002	7732700.0
2014-10-31	0.010654	0.07711799999999999	0.099373	0.074225	0.9574280000000001	8293900.0
2014-10-30	0.002156	0.080332	0.091818	0.070854	0.193329	5104000.0
2014-10-29	0.009325	0.10155	0.11044100000000001	0.08556699999999999	0.8285450000000001	7375200.0
2014-10-28	0.031972	0.094489	0.123759	0.086475	2.752601	8307400.0
2014-10-27	-0.038256	0.064683	0.064683	0.032735	-3.424637	15256800.0
2014-10-24	-0.010381	0.085579	0.085579	0.064354	-0.939026	7489500.0
2014-10-23	0.023648	0.111365	0.124831	0.098464	2.089783	7767700.0
2014-10-22	-0.018005	0.091021	0.096355	0.066018	-1.620277	8312300.0
2014-10-21	0.033298	0.11334100000000001	0.12241300000000001	0.09852899999999999	2.899917	9180700.0
2014-10-20	0.006704000000000001	0.092601	0.097456	0.0837	0.579987	8209900.0
2014-10-17	0.036739	0.166177	0.17971900000000002	0.11548399999999999	3.065605	17948500.0
2014-10-16	0.016028999999999998	0.056289	0.11071700000000001	0.047157	1.316452	15422000.0
2014-10-15	0.00281	0.0733	0.096255	0.052542	0.23016399999999998	18304100.0
2014-10-14	-0.021665	0.088273	0.10523699999999998	0.05375	-1.8135990000000002	14772500.0
2014-10-13	-0.022993	0.083442	0.099781	0.059049000000000004	-1.970093	13965300.0
2014-10-10	-0.01949	0.076859	0.086815	0.053627999999999995	-1.7031169999999998	13965100.0
2014-10-09	-0.035758	0.080946	0.08105599999999999	0.044973	-3.240532	14844800.0
2014-10-08	0.0021379999999999997	0.08038200000000001	0.08956	0.058817999999999995	0.193329	10521000.0
2014-10-07	-0.003348	0.08205499999999999	0.10409700000000001	0.075111	-0.30380300000000005	9573500.0
2014-10-06	0.006741	0.091568	0.107546	0.083247	0.60759	6058800.0
2014-10-03	0.001227	0.091353	0.093686	0.07257899999999999	0.110481	6807000.0
2014-10-02	-0.010824	0.078441	0.081847	0.063716	-0.985031	10864100.0
2014-10-01	-0.027927999999999998	0.08325199999999999	0.093827	0.050885	-2.614532	8674100.0
2014-09-30	-0.015394999999999999	0.089924	0.097812	0.06562799999999999	-1.463761	8082800.0
2014-09-29	-0.0017399999999999998	0.073539	0.088133	0.066924	-0.165687	7040600.0
2014-09-26	0.024255000000000002	0.089899	0.11431	0.084522	2.255462	6353800.0
2014-09-25	-0.010385	0.10029	0.100716	0.068151	-0.9758370000000001	7353300.0
2014-09-24	-0.000196	0.087519	0.093584	0.067197	-0.018418	6742900.0
2014-09-23	0.0036369999999999996	0.08720399999999999	0.100659	0.081224	0.340622	4969000.0
2014-09-22	-0.014437	0.08655800000000001	0.08655800000000001	0.065509	-1.371704	5644100.0
2014-09-19	-0.012061	0.087282	0.093625	0.073142	-1.159958	9520200.0
2014-09-18	0.011229000000000001	0.091185	0.103381	0.08634800000000001	1.067917	6514100.0
2014-09-17	-0.015719999999999998	0.0909	0.09514299999999999	0.066993	-1.519012	8185000.0
2014-09-16	0.018535	0.084345	0.115757	0.08424	1.7583540000000002	6676400.0
2014-09-15	0.00812	0.084223	0.10090700000000001	0.082311	0.764091	5737800.0
2014-09-12	-0.02135	0.07875499999999999	0.08239500000000001	0.061699000000000004	-2.0529319999999998	7383100.0
2014-09-11	0.001726	0.075304	0.092806	0.073012	0.165718	5823100.0
2014-09-10	0.002885	0.087287	0.091048	0.073496	0.276161	5709500.0
2014-09-09	-0.0049759999999999995	0.088114	0.095911	0.073456	-0.478691	6221300.0
2014-09-08	-0.021263	0.077696	0.078408	0.055821	-2.089775	7000000.0
2014-09-05	0.010602	0.090253	0.09806799999999999	0.07853099999999999	1.031074	5971700.0
2014-09-04	-0.023389	0.08694600000000001	0.087247	0.055313	-2.329132	7410500.0
2014-09-03	0.001018	0.098205	0.10504000000000001	0.086745	0.101258	4598900.0
2014-09-02	-0.014411000000000002	0.08614400000000001	0.08644099999999999	0.065239	-1.454552	6242700.0
2014-08-29	-0.001093	0.091488	0.092378	0.080404	-0.110474	4594700.0
2014-08-28	-0.007925	0.088238	0.088238	0.080089	-0.807197	3515800.0
2014-08-27	0.00018	0.094718	0.099825	0.08529099999999999	0.018348	4339700.0
2014-08-26	0.007258	0.095444	0.10662	0.094751	0.733811	4827000.0
2014-08-25	0.010914	0.09660099999999999	0.1049	0.09320099999999999	1.091545	4497400.0
2014-08-22	-0.003746	0.08641599999999999	0.092891	0.076454	-0.376083	4162600.0
2014-08-21	-0.003732	0.091293	0.09159099999999999	0.080773	-0.376076	4642900.0
2014-08-20	0.0039299999999999995	0.094585	0.09627899999999999	0.08312699999999999	0.394424	4627300.0
2014-08-19	0.011836	0.099577	0.105424	0.09252	1.174088	6228900.0
2014-08-18	0.015113	0.11813900000000001	0.120493	0.100537	1.4768059999999998	7806500.0
2014-08-15	0.005854	0.094216	0.100186	0.08484900000000001	0.5687180000000001	5322500.0
2014-08-14	-0.015889	0.093645	0.098204	0.069232	-1.568542	5857600.0
2014-08-13	-0.002318	0.098489	0.104047	0.08565299999999999	-0.22932399999999997	4294700.0
2014-08-12	-0.01227	0.08760599999999999	0.091199	0.073331	-1.229126	4625000.0
2014-08-11	0.007658	0.096136	0.110018	0.09160900000000001	0.761329	5354100.0
2014-08-08	0.012803	0.092646	0.10517699999999999	0.092137	1.256653	4168900.0
2014-08-07	-0.0052060000000000006	0.09425499999999999	0.10084299999999999	0.08037000000000001	-0.513664	4653100.0
2014-08-06	0.004576	0.083686	0.108731	0.08226	0.449478	5352900.0
2014-08-05	-0.023617	0.082447	0.083243	0.057198	-2.375732	6946200.0
2014-08-04	0.015933000000000003	0.09111	0.11141	0.085859	1.577697	5759800.0
2014-08-01	-0.00406	0.08487	0.097242	0.074611	-0.40360999999999997	6045800.0
2014-07-31	-0.017049	0.083379	0.08684	0.067165	-1.724441	7561900.0
2014-07-30	-0.0076489999999999995	0.094224	0.098541	0.077839	-0.779671	5750400.0
2014-07-29	-0.006881999999999999	0.093222	0.097217	0.082699	-0.706291	3981800.0
2014-07-28	0.000984	0.091664	0.09498	0.08161900000000001	0.100891	4811000.0
2014-07-25	-0.011670999999999999	0.086828	0.088273	0.076417	-1.2107780000000001	5837300.0
2014-07-24	0.008831	0.092049	0.101676	0.091271	0.9080809999999999	4750600.0
2014-07-23	-0.011463	0.091932	0.091932	0.075974	-1.192428	4745400.0
2014-07-22	0.003273	0.096952	0.100906	0.092323	0.339363	4174100.0
2014-07-21	0.006052	0.090395	0.105823	0.090201	0.6237560000000001	4427800.0
2014-07-18	-0.019888	0.07936	0.080787	0.053398	-2.091354	9057900.0
2014-07-17	-0.010701	0.088037	0.088037	0.072514	-1.137413	5348000.0
2014-07-16	0.012406	0.095345	0.10391700000000001	0.088772	1.3025129999999998	5303200.0
2014-07-15	-0.012765	0.07619	0.088509	0.067728	-1.357559	6472400.0
2014-07-14	0.010811	0.09134199999999999	0.103128	0.090486	1.137421	5160000.0
2014-07-11	-0.006065999999999999	0.089351	0.090768	0.078203	-0.642098	4831900.0
2014-07-10	-0.013338	0.079762	0.08479500000000001	0.07006799999999999	-1.4309	5112800.0
2014-07-09	0.0017989999999999998	0.095057	0.095524	0.084505	0.19261099999999998	6769500.0
2014-07-08	-0.005790999999999999	0.086673	0.08945800000000001	0.079153	-0.623749	6460900.0
2014-07-07	-0.000596	0.08871699999999999	0.091407	0.082871	-0.064201	4887400.0
2014-07-03	-0.001954	0.090294	0.092146	0.0777	-0.21097600000000002	3574000.0
2014-07-02	-0.001018	0.091404	0.093902	0.084096	-0.11006099999999999	4321100.0
2014-07-01	-0.000848	0.093436	0.097688	0.084656	-0.091728	6644900.0
2014-06-30	0.001273	0.087332	0.09325499999999999	0.083075	0.13758800000000002	6529400.0
2014-06-27	0.014468	0.088511	0.105974	0.08203300000000001	1.541	7830900.0
2014-06-26	0.019939	0.10044700000000001	0.125727	0.098341	2.082192	14230400.0
2014-06-25	0.064217	0.088876	0.166224	0.088876	6.3015669999999995	17541800.0
2014-06-24	-0.017631	0.089701	0.096208	0.068978	-1.761139	5762000.0
2014-06-23	0.000643	0.094809	0.096111	0.086094	0.064201	4284100.0
2014-06-20	0.011431	0.09465900000000001	0.11198499999999999	0.092734	1.128258	8860300.0
2014-06-19	0.004856	0.090914	0.099466	0.08704500000000001	0.47698999999999997	5892900.0
2014-06-18	0.009236	0.090099	0.10119600000000001	0.08342000000000001	0.8989030000000001	6129400.0
2014-06-17	-0.008875	0.086229	0.091627	0.07961	-0.8714139999999999	4321500.0
2014-06-16	-0.011085	0.08566900000000001	0.086475	0.07388600000000001	-1.100708	4126700.0
2014-06-13	0.018057	0.096045	0.11009200000000001	0.087023	1.761139	4749000.0
2014-06-12	-0.001971	0.093271	0.10595999999999998	0.086108	-0.192627	5847600.0
2014-06-11	9.4e-05	0.087438	0.095114	0.08477699999999999	0.009184999999999999	3199100.0
2014-06-10	-0.0017800000000000001	0.084991	0.095207	0.084174	-0.174285	4148000.0
2014-06-09	0.006887999999999999	0.08979	0.100076	0.085367	0.669609	5692300.0
2014-06-06	0.020017	0.095972	0.112024	0.092614	1.90789	6205600.0
2014-06-05	0.001832	0.089361	0.094196	0.084315	0.174301	4055600.0
2014-06-04	-0.0012519999999999999	0.086737	0.089676	0.080333	-0.119255	4815100.0
2014-06-03	-0.0005780000000000001	0.090411	0.090726	0.079814	-0.055046000000000005	3503900.0
2014-06-02	0.002605	0.094724	0.101141	0.085678	0.24765	3748000.0
2014-05-30	0.0017329999999999997	0.09261699999999999	0.098097	0.08745399999999999	0.164475	4666500.0
2014-05-29	0.019535	0.099458	0.11858099999999999	0.09902899999999999	1.8183509999999998	4792000.0
2014-05-28	-0.002839	0.09698	0.09815800000000001	0.082196	-0.264991	3660000.0
2014-05-27	0.007595	0.100022	0.104663	0.095596	0.7035819999999999	3660300.0
2014-05-23	-0.0020670000000000003	0.094409	0.09764099999999999	0.08848500000000001	-0.191879	4463200.0
2014-05-22	0.000197	0.09300800000000001	0.098503	0.090423	0.018272	3757800.0
2014-05-21	0.011854	0.099314	0.109126	0.098987	1.087334	4114200.0
2014-05-20	0.000997	0.091572	0.101284	0.090917	0.091377	3904100.0
2014-05-19	0.0070290000000000005	0.091991	0.10375	0.090783	0.639618	4095900.0
2014-05-16	0.000904	0.09110900000000001	0.098039	0.08341	0.08223	4965100.0
2014-05-15	-0.012309	0.090281	0.090281	0.06833600000000001	-1.133011	6593900.0
2014-05-14	0.004888	0.09451799999999999	0.10510699999999999	0.09451799999999999	0.447723	5134100.0
2014-05-13	-0.000399	0.0943	0.10019199999999999	0.088625	-0.03656	4518200.0
2014-05-12	0.000698	0.099104	0.100415	0.09124199999999999	0.06395	4071200.0
2014-05-09	-0.000598	0.0943	0.097028	0.087861	-0.054810000000000005	4659700.0
2014-05-08	-0.015705	0.093979	0.096987	0.07604	-1.461982	4374900.0
2014-05-07	0.008713	0.097443	0.10611199999999998	0.09235	0.8041	4075200.0
2014-05-06	-0.000989	0.093868	0.098739	0.089213	-0.091378	4681300.0
2014-05-05	0.0006929999999999999	0.090292	0.101341	0.088559	0.063942	3112000.0
2014-05-02	0.002282	0.100815	0.104397	0.093432	0.21016700000000002	4471200.0
2014-05-01	-0.007386	0.09473200000000001	0.096887	0.083847	-0.6853020000000001	4174900.0
2014-04-30	0.001578	0.092682	0.100022	0.08857999999999999	0.146209	5426900.0
2014-04-29	0.000987	0.100352	0.119152	0.094949	0.091378	7020600.0
2014-04-28	-0.004521	0.098496	0.100002	0.079458	-0.42031899999999994	6183500.0
2014-04-25	-0.000491	0.091936	0.09817100000000001	0.08709800000000001	-0.045708	6998500.0
2014-04-24	-0.004011	0.092803	0.098799	0.087021	-0.374611	5168700.0
2014-04-23	0.0017640000000000002	0.094302	0.10266800000000001	0.09162000000000001	0.164467	5547200.0
2014-04-22	0.002259	0.089141	0.103654	0.084733	0.210144	6939500.0
2014-04-21	0.018917	0.09901	0.118289	0.094409	1.726982	7005300.0
2014-04-17	-0.010204000000000001	0.10134800000000001	0.104492	0.07576000000000001	-0.941154	10169700.0
2014-04-16	0.008291	0.09889099999999999	0.10479400000000001	0.093753	0.7584	6955500.0
2014-04-15	0.016552	0.094409	0.11685699999999999	0.090408	1.489387	8585700.0
2014-04-14	0.014212	0.102862	0.11954300000000001	0.101284	1.260956	6203500.0
2014-04-11	-0.002261	0.089911	0.09688300000000001	0.086987	-0.201019	5563900.0
2014-04-10	-0.017168	0.092972	0.099161	0.073851	-1.55336	5482500.0
2014-04-09	0.0058920000000000005	0.095743	0.102413	0.084625	0.529961	5434000.0
2014-04-08	0.008607	0.092391	0.10663099999999999	0.091718	0.767562	6689200.0
2014-04-07	-0.004386999999999999	0.093181	0.099991	0.08905	-0.392929	7552900.0
2014-04-04	-0.000408	0.09630599999999999	0.11248699999999999	0.091507	-0.036537	8265600.0
2014-04-03	0.00389	0.09765800000000001	0.10583599999999999	0.095529	0.347222	4499100.0
2014-04-02	-0.0027559999999999998	0.095638	0.099436	0.090164	-0.246712	4997600.0
2014-04-01	0.004718	0.090929	0.10181699999999999	0.09025599999999999	0.420318	4185300.0
2014-03-31	-0.000717	0.097325	0.102373	0.09048300000000001	-0.063964	5278100.0
2014-03-28	0.011193	0.096678	0.11664000000000001	0.094409	0.9868540000000001	7801000.0
2014-03-27	0.011106999999999999	0.09418	0.117345	0.09234500000000001	0.9685360000000001	7174100.0
2014-03-26	-0.0013599999999999999	0.097616	0.10437300000000001	0.09211799999999999	-0.118782	6515700.0
2014-03-25	0.024992	0.1092	0.12551700000000002	0.108261	2.128991	9651800.0
2014-03-24	0.006043	0.099487	0.119564	0.09854199999999999	0.5117109999999999	7381600.0
2014-03-21	0.017122	0.104019	0.12191600000000001	0.092487	1.425422	11148800.0
2014-03-20	0.0083	0.094288	0.10749	0.088959	0.685303	4289500.0
2014-03-19	-0.001547	0.095376	0.10166499999999999	0.08666900000000001	-0.127922	4160200.0
2014-03-18	0.008020000000000001	0.09952899999999999	0.10915899999999999	0.096481	0.657883	4377000.0
2014-03-17	0.007745	0.09514600000000001	0.10521900000000001	0.09514600000000001	0.6304850000000001	8924900.0
2014-03-14	-0.013072	0.093681	0.098288	0.077557	-1.078209	7657300.0
2014-03-13	-0.009872	0.09921100000000001	0.101131	0.075563	-0.822357	6466500.0
2014-03-12	-0.008483	0.085363	0.087982	0.07584099999999999	-0.712738	4992700.0
2014-03-11	-0.009906	0.09924	0.103247	0.078971	-0.840622	5301500.0
2014-03-10	-0.001183	0.09076000000000001	0.094644	0.08358	-0.100502	3301800.0
2014-03-07	0.00248	0.100073	0.101488	0.091459	0.210144	4690300.0
2014-03-06	0.008043000000000002	0.097026	0.106898	0.09298200000000001	0.676171	4612000.0
2014-03-05	-0.00519	0.090267	0.09571	0.083641	-0.438591	3995800.0
2014-03-04	0.013478	0.109279	0.11539500000000001	0.101844	1.123901	6768400.0
2014-03-03	-0.01871	0.085701	0.092997	0.066166	-1.589912	7741200.0
2014-02-28	0.004645000000000001	0.101502	0.109423	0.095591	0.392913	5966900.0
2014-02-27	0.002382	0.090024	0.098557	0.08409900000000001	0.201027	3947400.0
2014-02-26	-0.002269	0.10304	0.105169	0.089088	-0.191879	4337700.0
2014-02-25	-0.001726	0.08874299999999999	0.094763	0.079301	-0.14620999999999998	5254300.0
2014-02-24	0.029422000000000004	0.098662	0.138151	0.09829700000000001	2.421402	8868900.0
2014-02-21	-0.010546	0.097054	0.099819	0.082747	-0.877174	6322800.0
2014-02-20	0.006078	0.093562	0.102271	0.09223200000000001	0.502533	4917000.0
2014-02-19	-0.001655	0.090182	0.10708800000000002	0.090182	-0.137062	5990400.0
2014-02-18	0.00199	0.09452999999999999	0.098281	0.08533400000000001	0.164482	5336000.0
2014-02-14	0.006566	0.096845	0.110607	0.09550499999999999	0.539108	4661800.0
2014-02-13	0.002555	0.09342	0.107583	0.088536	0.209229	5060900.0
2014-02-12	-0.0037630000000000003	0.099889	0.107674	0.094293	-0.309311	4285000.0
2014-02-11	0.014937	0.09915700000000001	0.11915799999999999	0.09891	1.2099	5925100.0
2014-02-10	-0.00514	0.098789	0.099035	0.085647	-0.41845	5186900.0
2014-02-07	0.011184999999999999	0.105242	0.11455699999999999	0.097045	0.900589	5985000.0
2014-02-06	0.027275	0.104256	0.13258	0.10349100000000001	2.1377490000000003	5384000.0
2014-02-05	-0.011812999999999999	0.098776	0.10495399999999999	0.084277	-0.936966	6650900.0
2014-02-04	0.011133	0.10081	0.11967799999999999	0.099025	0.873276	6288000.0
2014-02-03	-0.015302000000000001	0.102168	0.104679	0.078191	-1.218956	7207100.0
2014-01-31	-0.013963	0.087645	0.096557	0.08059	-1.128021	6337900.0
2014-01-30	0.017296000000000002	0.10683599999999999	0.126857	0.10670999999999999	1.3736110000000001	5613700.0
2014-01-29	-0.005242	0.090763	0.096274	0.082621	-0.41845699999999997	6662400.0
2014-01-28	-0.0017059999999999998	0.103157	0.10690799999999999	0.090277	-0.136452	4677700.0
2014-01-27	-0.002723	0.101151	0.10514200000000001	0.083692	-0.218315	6073300.0
2014-01-24	-0.023377000000000002	0.08673600000000001	0.088076	0.069564	-1.9194259999999999	8402100.0
2014-01-23	-0.010415	0.09241100000000001	0.09904	0.084457	-0.864189	6603500.0
2014-01-22	0.001317	0.102056	0.102539	0.089505	0.109154	5123800.0
2014-01-21	0.009755	0.111344	0.12243399999999999	0.101352	0.8005140000000001	8312400.0
2014-01-17	0.018057	0.114168	0.121611	0.091713	1.4555049999999998	11923900.0
2014-01-16	-0.00315	0.09915700000000001	0.10546400000000002	0.090005	-0.254722	6930700.0
2014-01-15	0.000225	0.099775	0.1046	0.087282	0.018203	6804700.0
2014-01-14	0.016122	0.10493699999999999	0.117757	0.098149	1.2826469999999999	5523900.0
2014-01-13	-0.008052	0.102148	0.103894	0.088309	-0.645859	6824000.0
2014-01-10	0.019542	0.094196	0.121144	0.090255	1.5373459999999999	8417100.0
2014-01-09	-0.005748	0.10610499999999999	0.107748	0.087527	-0.454834	6559200.0
2014-01-08	-0.006056000000000001	0.09739600000000001	0.10116499999999999	0.085086	-0.48213199999999995	8527100.0
2014-01-07	-0.005794	0.099655	0.104776	0.08366900000000001	-0.46394399999999997	6423800.0
2014-01-06	-0.003735	0.105875	0.106373	0.086216	-0.300186	6370100.0
2014-01-03	-0.005291	0.100766	0.10584	0.091731	-0.427543	4212000.0
2014-01-02	-0.014315999999999999	0.09159500000000001	0.09940299999999999	0.080982	-1.173508	4958100.0
2013-12-31	0.010541	0.103349	0.11210099999999999	0.098048	0.855087	3397400.0
2013-12-30	-0.00812	0.100136	0.103683	0.089987	-0.6640550000000001	4028500.0
2013-12-27	0.005705	0.101125	0.10665899999999999	0.095099	0.46394399999999997	3488600.0
2013-12-26	0.01223	0.101397	0.11484100000000001	0.100401	0.982467	3640400.0
2013-12-24	0.011337999999999999	0.101924	0.11413599999999999	0.09991	0.900582	1849900.0
2013-12-23	0.000573	0.106964	0.11011300000000002	0.099281	0.045486	5214500.0
2013-12-20	0.009252	0.099789	0.11567999999999999	0.093306	0.727753	9322500.0
2013-12-19	-0.009054000000000001	0.096509	0.097013	0.078998	-0.7186739999999999	6374800.0
2013-12-18	0.020108	0.09979500000000001	0.122027	0.091184	1.564675	8990400.0
2013-12-17	-0.016782	0.09966	0.105851	0.079696	-1.328133	7275800.0
2013-12-16	0.007294	0.107172	0.108954	0.096481	0.573105	5083600.0
2013-12-13	-0.006784999999999999	0.10459	0.106233	0.085249	-0.536728	6089300.0
2013-12-12	0.009519	0.10042899999999999	0.118423	0.097111	0.745941	5923400.0
2013-12-11	-0.009999	0.09915399999999999	0.10521900000000001	0.085257	-0.79142	5387500.0
2013-12-10	-0.011587	0.09516000000000001	0.100155	0.08454500000000001	-0.9278870000000001	4867100.0
2013-12-09	-0.001361	0.103894	0.103894	0.084191	-0.109169	5066900.0
2013-12-06	0.014735	0.114845	0.12028699999999999	0.110669	1.164406	6102400.0
2013-12-05	-0.004698	0.09247899999999999	0.107215	0.090212	-0.372971	5986200.0
2013-12-04	-0.004108	0.09589400000000001	0.10254200000000001	0.084982	-0.32747600000000004	6694500.0
2013-12-03	0.00045599999999999997	0.09375900000000001	0.105555	0.083971	0.036377	5831900.0
2013-12-02	-0.00576	0.105925	0.11029100000000001	0.089705	-0.46164700000000003	4653800.0
2013-11-29	0.005344	0.10543699999999999	0.12462899999999999	0.09979299999999999	0.426025	4093900.0
2013-11-27	-0.016878999999999998	0.101453	0.10355	0.070255	-1.368751	8571100.0
2013-11-26	-0.003897	0.10391600000000001	0.105636	0.092001	-0.317292	6987200.0
2013-11-25	-0.031488999999999996	0.099967	0.102822	0.06475299999999999	-2.646904	7255000.0
2013-11-22	0.018899000000000003	0.10681600000000001	0.12475599999999999	0.103058	1.559143	5274000.0
2013-11-21	0.0061909999999999995	0.10757	0.111595	0.102448	0.5076149999999999	5774700.0
2013-11-20	-0.009093	0.11115599999999999	0.11151900000000001	0.091456	-0.752358	5554300.0
2013-11-19	-0.008042	0.098983	0.10533699999999999	0.085796	-0.670792	6261800.0
2013-11-18	-0.010325	0.10590799999999999	0.106976	0.087162	-0.870231	4352100.0
2013-11-15	-0.003536	0.104125	0.1098	0.091593	-0.299111	5056400.0
2013-11-14	0.002471	0.10436500000000001	0.10815699999999999	0.09832	0.208481	4226700.0
2013-11-13	0.011849	0.099222	0.11649100000000001	0.08866900000000001	0.9880680000000001	6008000.0
2013-11-12	-0.020028	0.098479	0.09965399999999999	0.07285900000000001	-1.704178	6598400.0
2013-11-11	0.0008529999999999999	0.10306199999999999	0.115177	0.099886	0.07251	3847200.0
2013-11-08	0.018903	0.101022	0.12523099999999998	0.100303	1.5772629999999999	6832400.0
2013-11-07	-0.012657	0.108149	0.109806	0.086732	-1.069634	5349000.0
2013-11-06	0.009092	0.111299	0.12097100000000001	0.10568699999999999	0.761444	4244300.0
2013-11-05	-0.011977	0.096809	0.098461	0.083714	-1.0152510000000001	4892700.0
2013-11-04	0.005484	0.107924	0.11172	0.101163	0.46230299999999996	3841400.0
2013-11-01	-0.007683	0.105887	0.107652	0.084463	-0.652672	5907400.0
2013-10-31	-0.001704	0.10318	0.109878	0.096011	-0.145019	5305400.0
2013-10-30	-0.001276	0.108226	0.11221600000000001	0.095669	-0.10876500000000001	5615900.0
2013-10-29	0.012385	0.107813	0.11696199999999998	0.103655	1.0424200000000001	4078100.0
2013-10-28	-0.000538	0.100923	0.106029	0.093917	-0.045334	4936700.0
2013-10-25	0.000539	0.098665	0.10828800000000001	0.097952	0.045334	4697700.0
2013-10-24	0.00010800000000000001	0.102823	0.110428	0.09688200000000001	0.009056	4376500.0
2013-10-23	-0.01715	0.093953	0.094888	0.081691	-1.468468	7718600.0
2013-10-22	0.010484	0.102117	0.11993699999999999	0.100937	0.888344	7692500.0
2013-10-21	-0.005425999999999999	0.10470499999999999	0.113978	0.090503	-0.462296	7325900.0
2013-10-18	0.027999	0.123329	0.144807	0.122002	2.320549	11240000.0
2013-10-17	-0.008136	0.098991	0.09923	0.085587	-0.67984	8871400.0
2013-10-16	0.018113999999999998	0.107931	0.125843	0.106957	1.4866110000000001	9084500.0
2013-10-15	-0.0069099999999999995	0.09555599999999999	0.104269	0.08454500000000001	-0.571083	6370800.0
2013-10-14	0.012775	0.094723	0.11886500000000001	0.09362000000000001	1.042427	5475000.0
2013-10-11	0.00671	0.098615	0.11391300000000001	0.092076	0.543899	5335400.0
2013-10-10	0.027344	0.11496700000000001	0.133598	0.11408	2.1574020000000003	6081800.0
2013-10-09	-0.010347	0.10317899999999999	0.10480999999999999	0.082483	-0.82489	6185100.0
2013-10-08	-0.015007	0.103674	0.10466199999999999	0.085265	-1.214676	5902800.0
2013-10-07	-0.007999	0.09423200000000001	0.104282	0.090923	-0.652672	4570100.0
2013-10-04	0.006372999999999999	0.10465999999999999	0.11588399999999999	0.09775199999999999	0.5167010000000001	3983600.0
2013-10-03	-0.004563	0.100478	0.104776	0.09274299999999999	-0.371658	6618300.0
2013-10-02	0.008984	0.10255999999999998	0.11370999999999999	0.099463	0.7251810000000001	7487100.0
2013-10-01	0.007809	0.09856000000000001	0.11853599999999999	0.09843500000000001	0.625458	5580200.0
2013-09-30	-0.005179	0.08666	0.103925	0.082562	-0.416954	5597200.0
2013-09-27	-0.000113	0.096722	0.10653299999999999	0.094362	-0.009079	4980100.0
2013-09-26	0.002935	0.10567	0.111649	0.101436	0.235672	5042900.0
2013-09-25	0.007508	0.102176	0.11987	0.09816	0.598282	8082500.0
2013-09-24	0.009995	0.10799600000000001	0.121938	0.097223	0.7886350000000001	5688300.0
2013-09-23	-0.004575	0.099647	0.10847799999999999	0.09800700000000001	-0.362594	5480900.0
2013-09-20	-0.015203999999999999	0.10678299999999999	0.109268	0.086406	-1.223732	8555600.0
2013-09-19	-0.0017989999999999998	0.101815	0.112729	0.100327	-0.145035	6010200.0
2013-09-18	0.013791	0.101922	0.125057	0.09312100000000001	1.096825	6756500.0
2013-09-17	0.008506	0.102672	0.118649	0.098868	0.6707989999999999	6074500.0
2013-09-16	0.003229	0.111321	0.114501	0.101526	0.253799	4213300.0
2013-09-13	0.0016170000000000002	0.101778	0.107384	0.096808	0.126892	3874800.0
2013-09-12	-0.005399	0.100645	0.104827	0.08987300000000001	-0.426025	5860700.0
2013-09-11	0.001726	0.102037	0.10584500000000001	0.094166	0.135956	5414000.0
2013-09-10	0.0052049999999999996	0.099351	0.108922	0.090546	0.407921	10257200.0
2013-09-09	0.015386000000000002	0.103697	0.12404000000000001	0.103697	1.187461	5954500.0
2013-09-06	0.010924	0.109729	0.125447	0.09663	0.8339770000000001	9117100.0
2013-09-05	0.016413	0.108106	0.12568	0.10504300000000001	1.232796	8640500.0
2013-09-04	0.005339	0.09902999999999999	0.117501	0.095684	0.398857	5521100.0
2013-09-03	0.018285	0.113402	0.128939	0.113265	1.341568	5299300.0
2013-08-30	-0.004275	0.106878	0.10742	0.094935	-0.31499499999999997	4455500.0
2013-08-29	-0.013062	0.107688	0.110501	0.091348	-0.975242	4834400.0
2013-08-28	0.018603	0.11055799999999999	0.13689	0.108375	1.363525	5511700.0
2013-08-27	-0.008912999999999999	0.096603	0.11052999999999999	0.094169	-0.65918	4422500.0
2013-08-26	0.002816	0.10959	0.11894600000000001	0.10837000000000001	0.207695	4677000.0
2013-08-23	-0.006569	0.11146099999999999	0.11146099999999999	0.095835	-0.48764799999999997	5122500.0
2013-08-22	0.026983	0.117381	0.143251	0.113784	1.9505009999999998	4504300.0
2013-08-21	-0.00707	0.102475	0.111679	0.09890399999999999	-0.514717	4118100.0
2013-08-20	0.002612	0.108247	0.118025	0.10384000000000002	0.189644	3642200.0
2013-08-19	-0.018433	0.098499	0.10715	0.085521	-1.3635329999999999	4684300.0
2013-08-16	-0.0008539999999999999	0.106475	0.11201300000000002	0.103774	-0.063202	4754300.0
2013-08-15	-0.00207	0.100142	0.109577	0.098255	-0.153542	4601100.0
2013-08-14	-0.00073	0.108498	0.114424	0.104322	-0.054176	4401200.0
2013-08-13	0.024549	0.11321600000000001	0.13847	0.111975	1.77893	7282400.0
2013-08-12	-0.002982	0.101091	0.110722	0.097927	-0.21673499999999998	4988700.0
2013-08-09	-0.00911	0.10619300000000001	0.11150999999999998	0.094196	-0.668221	4523100.0
2013-08-08	0.002221	0.114525	0.12080999999999999	0.108377	0.162537	3996900.0
2013-08-07	-0.014230000000000001	0.099608	0.101763	0.083041	-1.056511	7098700.0
2013-08-06	-0.008083	0.10528299999999999	0.10835499999999999	0.096866	-0.605011	5372400.0
2013-08-05	0.0	0.107153	0.109024	0.094862	0.0	4036200.0
2013-08-02	-0.007899	0.106625	0.107951	0.094166	-0.59597	5881400.0
2013-08-01	0.027295999999999997	0.12130899999999999	0.139691	0.12130899999999999	2.004676	7005700.0
2013-07-31	-0.001228	0.11503599999999999	0.11694	0.10306900000000001	-0.090316	5034500.0
2013-07-30	0.00345	0.111924	0.117382	0.10864800000000001	0.252823	5142600.0
2013-07-29	-0.009278	0.096604	0.102148	0.092413	-0.686265	4867300.0
2013-07-26	-0.007993	0.103397	0.103397	0.088376	-0.595962	5040600.0
2013-07-25	-0.0033799999999999998	0.10300999999999999	0.113168	0.096326	-0.252838	5837900.0
2013-07-24	-0.008616	0.10954100000000001	0.11046800000000001	0.090989	-0.650177	5378100.0
2013-07-23	-0.002863	0.108081	0.11614200000000001	0.102003	-0.21670599999999998	6866900.0
2013-07-22	0.012931999999999999	0.102335	0.13793699999999998	0.100461	0.966218	11197700.0
2013-07-19	0.054280999999999996	0.14594300000000002	0.17896199999999998	0.141427	3.84674	17430400.0
2013-07-18	0.01121	0.10956099999999999	0.125114	0.10956099999999999	0.785637	6141300.0
2013-07-17	0.014244999999999999	0.110894	0.12551099999999998	0.110894	0.984268	6667600.0
2013-07-16	-0.006492	0.109865	0.114754	0.091892	-0.4515	6037200.0
2013-07-15	0.0023420000000000003	0.10742	0.114194	0.100935	0.162529	3927800.0
2013-07-12	0.002741	0.10438599999999999	0.111034	0.10323	0.189652	4254400.0
2013-07-11	0.005907	0.120504	0.12253900000000001	0.104949	0.406319	4889800.0
2013-07-10	-0.004703	0.10496099999999998	0.107421	0.09902899999999999	-0.325058	4594000.0
2013-07-09	0.023399	0.113936	0.137035	0.113936	1.5802459999999998	7159600.0
2013-07-08	0.009448	0.11534200000000001	0.12430999999999999	0.11070899999999999	0.632087	5457700.0
2013-07-05	0.014792	0.113639	0.128201	0.106965	0.9752350000000001	3992100.0
2013-07-03	0.005509	0.10559	0.115504	0.095677	0.361214	3147100.0
2013-07-02	-0.002336	0.11548499999999999	0.11548499999999999	0.099356	-0.153496	4931300.0
2013-07-01	0.015629	0.11561099999999999	0.133383	0.111902	1.0113530000000002	6432900.0
2013-06-28	-0.003754	0.105573	0.11280899999999999	0.10234	-0.24382800000000002	7497100.0
2013-06-27	0.0016710000000000002	0.112201	0.11867799999999999	0.108037	0.108368	5951000.0
2013-06-26	-0.0038840000000000003	0.11556199999999998	0.117252	0.100047	-0.252846	5199700.0
2013-06-25	0.011932	0.11985699999999999	0.134624	0.11721400000000001	0.767563	6693400.0
2013-06-24	-0.021832	0.09236699999999999	0.09449600000000001	0.06819	-1.435768	7984300.0
2013-06-21	0.009564	0.117245	0.122618	0.102354	0.623047	9785400.0
2013-06-20	-0.017166	0.095501	0.09867000000000001	0.08343099999999999	-1.137764	8916000.0
2013-06-19	-0.010248	0.10891300000000001	0.116828	0.096071	-0.686303	6332400.0
2013-06-18	0.014500999999999998	0.10863199999999999	0.130145	0.106814	0.9572	5682300.0
2013-06-17	0.02095	0.11979400000000001	0.135725	0.11979400000000001	1.354492	5376400.0
2013-06-14	-0.011869	0.10818499999999999	0.11078299999999999	0.093513	-0.776573	4937500.0
2013-06-13	0.021283	0.109918	0.132706	0.108201	1.363525	6800300.0
2013-06-12	-0.0068590000000000005	0.118271	0.119046	0.098739	-0.442474	6256100.0
2013-06-11	-0.025375	0.09337000000000001	0.096996	0.077355	-1.679566	8572800.0
2013-06-10	-0.008522	0.110117	0.114311	0.095137	-0.568893	6263700.0
2013-06-07	0.008595	0.118601	0.12328399999999999	0.107269	0.568893	6703700.0
2013-06-06	0.015517	0.1065	0.12460399999999999	0.10159	1.0113450000000002	7292900.0
2013-06-05	-0.009197	0.10362	0.111373	0.09601900000000001	-0.605003	7499400.0
2013-06-04	-0.005461	0.10575699999999999	0.112107	0.09714	-0.361199	9450800.0
2013-06-03	0.0073230000000000005	0.11461600000000001	0.11979400000000001	0.10776300000000001	0.480858	8164000.0
2013-05-31	-0.023794	0.10593599999999999	0.10772000000000001	0.08556799999999999	-1.6004559999999999	7897400.0
2013-05-30	-0.0022670000000000004	0.10624700000000001	0.115443	0.096902	-0.152855	5747400.0
2013-05-29	-0.005571	0.10362400000000001	0.110999	0.09565900000000001	-0.377655	4889900.0
2013-05-28	0.009912	0.130204	0.134822	0.120968	0.665359	6700100.0
2013-05-24	-0.009551	0.101704	0.104803	0.08680299999999999	-0.647346	6632100.0
2013-05-23	-0.002647	0.095404	0.110266	0.086281	-0.179855	6712900.0
2013-05-22	-0.019459999999999998	0.110304	0.122425	0.083755	-1.348671	9235500.0
2013-05-21	-0.004392	0.111749	0.11821300000000001	0.101405	-0.305733	6334800.0
2013-05-20	0.022181	0.109537	0.137877	0.107481	1.510559	9940800.0
2013-05-17	0.0062439999999999996	0.12148800000000001	0.125478	0.10641700000000001	0.42258500000000004	9533300.0
2013-05-16	-0.005418	0.113355	0.11938	0.10321500000000002	-0.368653	6200800.0
2013-05-15	-0.015352000000000001	0.093803	0.10306400000000002	0.084686	-1.060966	9423800.0
2013-05-14	-0.002337	0.107704	0.1155	0.10553900000000001	-0.161858	6602300.0
2013-05-13	0.0028640000000000002	0.11102100000000001	0.120722	0.10899500000000001	0.197823	8105600.0
2013-05-10	-0.005566	0.10771700000000001	0.10915599999999999	0.091736	-0.38661999999999996	6331900.0
2013-05-09	-0.004382	0.11060299999999999	0.11318299999999999	0.099996	-0.305702	4382700.0
2013-05-08	0.009103	0.11189	0.123751	0.106972	0.629364	4793800.0
2013-05-07	0.009585	0.118459	0.131018	0.11583099999999999	0.656395	5866100.0
2013-05-06	0.005811	0.11218	0.12246099999999999	0.108654	0.395599	4501800.0
2013-05-03	0.019798	0.12401300000000001	0.14438399999999998	0.123563	1.321724	6582600.0
2013-05-02	0.006234	0.112632	0.12408699999999999	0.107206	0.41362	4641400.0
2013-05-01	-0.008598999999999999	0.104708	0.108444	0.09589199999999999	-0.575462	6586500.0
2013-04-30	0.005403	0.114283	0.121044	0.101814	0.359672	7392800.0
2013-04-29	0.009408	0.11551600000000001	0.126435	0.10611400000000001	0.6204	5212200.0
2013-04-26	-0.001362	0.11036199999999999	0.117177	0.099913	-0.08992	5270100.0
2013-04-25	0.0036899999999999997	0.113396	0.12586	0.106556	0.242775	7380700.0
2013-04-24	0.017098	0.11944600000000001	0.139544	0.114035	1.105934	8791200.0
2013-04-23	0.009968000000000001	0.11858099999999999	0.124046	0.10593399999999999	0.638389	7122100.0
2013-04-22	0.018299	0.12903399999999998	0.13793699999999998	0.10915899999999999	1.150902	9191500.0
2013-04-19	-0.014788999999999998	0.154474	0.154474	0.082104	-0.944118	13971800.0
2013-04-18	0.00042300000000000004	0.11891800000000001	0.122993	0.09995599999999999	0.026976999999999998	8245500.0
2013-04-17	-0.031655	0.098522	0.098522	0.065289	-2.085987	10266600.0
2013-04-16	0.019474	0.125639	0.136159	0.110168	1.258789	7792200.0
2013-04-15	-0.049828	0.096745	0.096745	0.052499000000000004	-3.389732	11536400.0
2013-04-12	-0.019186	0.104682	0.106557	0.07973999999999999	-1.330734	6829700.0
2013-04-11	0.001948	0.115069	0.12041400000000001	0.10539000000000001	0.134872	5097900.0
2013-04-10	0.020682	0.11277000000000001	0.139752	0.112475	1.402672	7208300.0
2013-04-09	0.00627	0.11440499999999999	0.124346	0.1058	0.422592	4047700.0
2013-04-08	0.008204000000000001	0.11143199999999999	0.123399	0.10844000000000001	0.548454	3874200.0
2013-04-05	0.0055450000000000004	0.09939400000000001	0.12045299999999999	0.093528	0.368653	4829200.0
2013-04-04	-0.0009460000000000001	0.110677	0.11683800000000001	0.103163	-0.06295	5456900.0
2013-04-03	-0.010694	0.112328	0.11723399999999999	0.09285299999999999	-0.719292	9089700.0
2013-04-02	0.010673	0.119091	0.13021	0.11202899999999999	0.7103119999999999	7297900.0
2013-04-01	-0.011617	0.115001	0.117229	0.08945800000000001	-0.78225	5535800.0
2013-03-28	-0.002796	0.11025399999999999	0.12017699999999999	0.10329400000000001	-0.18882000000000002	7267200.0
2013-03-27	0.009137000000000001	0.10425899999999999	0.124883	0.099178	0.611412	5632400.0
2013-03-26	0.007581999999999999	0.12046199999999999	0.122118	0.111728	0.503518	6183800.0
2013-03-25	-0.0068579999999999995	0.117414	0.120853	0.097075	-0.45856499999999994	5960100.0
2013-03-22	0.012662999999999999	0.118237	0.126566	0.113997	0.836197	6395500.0
2013-03-21	-0.004743	0.10509600000000001	0.115496	0.10404100000000001	-0.31469	6693800.0
2013-03-20	-0.002569	0.115186	0.11623800000000001	0.10361	-0.170853	8933000.0
2013-03-19	-0.030913999999999997	0.116405	0.116405	0.063666	-2.1219330000000003	14392200.0
2013-03-18	-0.038539	0.08318500000000001	0.089628	0.066096	-2.7513650000000003	9343800.0
2013-03-15	0.008254000000000001	0.108366	0.126161	0.108366	0.5844189999999999	8072800.0
2013-03-14	0.017573	0.118646	0.13431099999999999	0.11490999999999998	1.222832	5630900.0
2013-03-13	-0.0006450000000000001	0.116058	0.117781	0.10930699999999999	-0.044937	3744000.0
2013-03-12	-0.004372	0.11503900000000002	0.12061600000000001	0.10116900000000001	-0.305741	5544100.0
2013-03-11	-0.002309	0.106616	0.11075299999999999	0.10019600000000001	-0.16181900000000002	4377600.0
2013-03-08	0.0017989999999999998	0.11503800000000002	0.12104100000000001	0.10389100000000001	0.125885	3916100.0
2013-03-07	0.008554	0.112756	0.124287	0.11131500000000001	0.593422	3620500.0
2013-03-06	0.002729	0.120707	0.12403099999999999	0.10495299999999999	0.18882000000000002	4648700.0
2013-03-05	0.005882	0.122938	0.128171	0.108981	0.404594	8957500.0
2013-03-04	-0.014683000000000002	0.11003099999999999	0.111463	0.084676	-1.025009	5076700.0
2013-03-01	-0.002698	0.10503599999999999	0.113179	0.098893	-0.18882000000000002	4893300.0
2013-02-28	-0.000642	0.11103699999999998	0.12188800000000001	0.10604000000000001	-0.044952	5396500.0
2013-02-27	0.020569	0.110431	0.13913599999999998	0.10708	1.411659	4923100.0
2013-02-26	0.006594	0.11965999999999999	0.125967	0.09986	0.44956999999999997	6506100.0
2013-02-25	-0.025196	0.12032899999999999	0.12876500000000002	0.082871	-1.762307	6143800.0
2013-02-22	0.004649	0.119362	0.122522	0.10413599999999999	0.323685	4085100.0
2013-02-21	-0.014006999999999999	0.104249	0.104249	0.084138	-0.989052	5789200.0
2013-02-20	-0.018252	0.113292	0.115099	0.091046	-1.3127440000000001	6395300.0
2013-02-19	-0.0005	0.11301300000000002	0.119406	0.10578699999999999	-0.035972000000000004	5096900.0
2013-02-15	-0.014985	0.109202	0.111803	0.088258	-1.094689	8755900.0
2013-02-14	0.037263	0.114753	0.16430699999999998	0.1095	2.624359	11691800.0
2013-02-13	0.001274	0.115889	0.119301	0.112477	0.089577	3552000.0
2013-02-12	0.007698999999999999	0.124767	0.126772	0.117747	0.537415	4646300.0
2013-02-11	-0.014418	0.10925599999999999	0.113351	0.098666	-1.021088	4785000.0
2013-02-08	0.013718000000000001	0.11989200000000001	0.131773	0.118318	0.958382	4632700.0
2013-02-07	-0.009272	0.118301	0.12326400000000001	0.10355299999999999	-0.6538470000000001	6101200.0
2013-02-06	-0.017838999999999997	0.106151	0.10824	0.08302999999999999	-1.280838	7131200.0
2013-02-05	0.008936	0.12165699999999999	0.130228	0.11715999999999999	0.635933	5389200.0
2013-02-04	-0.003136	0.10819300000000001	0.118559	0.10497100000000001	-0.223892	6620700.0
2013-02-01	0.02114	0.129188	0.14191900000000002	0.12146400000000002	1.477851	6224100.0
2013-01-31	-0.006997	0.114185	0.119156	0.101543	-0.49260699999999996	5751500.0
2013-01-30	-0.016885	0.114782	0.11575899999999999	0.095651	-1.209167	8794700.0
2013-01-29	0.008451	0.113077	0.12645599999999999	0.10941600000000001	0.600082	6286500.0
2013-01-28	-0.002892	0.119547	0.12067	0.1107	-0.20599299999999998	7152800.0
2013-01-25	0.019098	0.125186	0.141929	0.117602	1.3345790000000002	7817800.0
2013-01-24	-0.0019190000000000001	0.11631500000000002	0.12645499999999998	0.11060199999999999	-0.13436099999999998	7167100.0
2013-01-23	0.002179	0.113451	0.125332	0.107297	0.15225999999999998	7556800.0
2013-01-22	0.019608	0.117479	0.138933	0.117479	1.343551	9649300.0
2013-01-18	0.042660000000000003	0.125283	0.16758599999999998	0.11843499999999998	2.803497	14231500.0
2013-01-17	0.002049	0.120117	0.12774100000000002	0.10608900000000002	0.13436199999999998	6501200.0
2013-01-16	0.008679000000000001	0.115534	0.132453	0.115534	0.564277	4952000.0
2013-01-15	-0.002473	0.111855	0.11783800000000001	0.10755899999999999	-0.161216	4285900.0
2013-01-14	-0.013288	0.111007	0.11675999999999999	0.09813999999999999	-0.877785	4155100.0
2013-01-11	0.0068260000000000005	0.115543	0.12484	0.113561	0.447845	4101500.0
2013-01-10	0.014543	0.12418900000000001	0.132694	0.121715	0.940491	5591000.0
2013-01-09	-0.004275	0.120307	0.12354000000000001	0.108759	-0.27766399999999997	4626500.0
2013-01-08	0.004155	0.112283	0.12248699999999998	0.10547999999999999	0.26870700000000003	5274500.0
2013-01-07	0.002778	0.109016	0.119869	0.10730999999999999	0.179146	4104500.0
2013-01-04	0.015368999999999999	0.122912	0.13692200000000002	0.118346	0.9762799999999999	5165300.0
2013-01-03	-0.006723000000000001	0.11411199999999999	0.125839	0.104886	-0.42993100000000006	6063000.0
2013-01-02	0.030302999999999997	0.140623	0.150451	0.129668	1.880954	6391400.0
2012-12-31	0.019718	0.114979	0.139293	0.1112	1.20023	6375100.0
2012-12-28	-0.017493	0.10693399999999999	0.109517	0.095636	-1.0837940000000001	5635200.0
2012-12-27	0.001013	0.11629600000000001	0.119527	0.10288499999999999	0.062699	5283300.0
2012-12-26	-0.002598	0.12387000000000001	0.126288	0.11065599999999999	-0.161221	3373000.0
2012-12-24	-0.005883	0.11421400000000001	0.11966099999999999	0.104602	-0.367237	2272100.0
2012-12-21	-0.019831	0.10263900000000001	0.107821	0.082226	-1.262897	12506400.0
2012-12-20	0.006227	0.108241	0.130204	0.106029	0.394077	5973900.0
2012-12-19	-0.009670999999999999	0.12255999999999999	0.126628	0.104878	-0.618023	5797500.0
2012-12-18	0.023967	0.11293199999999999	0.150105	0.11036900000000001	1.4958040000000001	8909600.0
2012-12-17	0.011174	0.12164200000000001	0.132821	0.11823900000000001	0.689674	7851600.0
2012-12-14	-0.050303	0.075529	0.077067	0.040139	-3.269268	27755400.0
2012-12-13	-0.00316	0.10495399999999999	0.119525	0.10495399999999999	-0.20600900000000003	7116600.0
2012-12-12	0.002617	0.124608	0.130451	0.114766	0.170182	9634100.0
2012-12-11	0.008334000000000001	0.121885	0.128863	0.116148	0.537445	7017700.0
2012-12-10	0.002366	0.114748	0.12376300000000001	0.112105	0.15224400000000002	3963500.0
2012-12-07	0.0046159999999999994	0.12114200000000001	0.12426500000000001	0.113022	0.295586	4348500.0
2012-12-06	0.0025239999999999998	0.11317	0.12099700000000001	0.10690799999999999	0.16121300000000002	4154300.0
2012-12-05	0.0014039999999999999	0.120376	0.130409	0.115673	0.089561	5416700.0
2012-12-04	0.002816	0.11488499999999999	0.131392	0.11205599999999999	0.17915	4302000.0
2012-12-03	-0.008378	0.12238099999999999	0.130019	0.10476600000000001	-0.5374220000000001	6352300.0
2012-11-30	0.014447999999999999	0.11550899999999999	0.136857	0.11361099999999999	0.9136120000000001	6505500.0
2012-11-29	0.002058	0.12445899999999999	0.13064	0.115427	0.129856	4465700.0
2012-11-28	0.012309	0.114398	0.135734	0.10541500000000001	0.767311	6187500.0
2012-11-27	-0.007951	0.11556400000000001	0.11986	0.10681099999999999	-0.499622	6397500.0
2012-11-26	-0.010537000000000001	0.10554100000000001	0.11120999999999999	0.101132	-0.669167	3490100.0
2012-11-23	0.013816	0.12959500000000002	0.13677899999999998	0.122092	0.8654440000000001	1730800.0
2012-11-21	0.0027129999999999997	0.125777	0.128498	0.116173	0.16951	3021400.0
2012-11-20	-0.009478	0.116693	0.120022	0.10416700000000001	-0.597763	5425600.0
2012-11-19	0.036206	0.13280899999999998	0.16155999999999998	0.131001	2.203751	6742500.0
2012-11-16	-0.013591999999999998	0.12357	0.123732	0.083379	-0.838677	10051900.0
2012-11-15	0.019608	0.12032000000000001	0.147584	0.118502	1.1866379999999999	7414700.0
2012-11-14	-0.017953	0.125196	0.127306	0.097286	-1.1063379999999998	8248100.0
2012-11-13	0.008615000000000001	0.10821199999999999	0.14569300000000002	0.104775	0.5263899999999999	7922200.0
2012-11-12	0.001609	0.122455	0.138684	0.116389	0.098163	2780300.0
2012-11-09	0.008853	0.11635	0.148765	0.113373	0.535313	6409800.0
2012-11-08	-0.033652	0.11793800000000002	0.12337200000000001	0.081979	-2.105614	10199900.0
2012-11-07	-0.014336000000000002	0.102384	0.11152100000000001	0.091987	-0.9100530000000001	7556900.0
2012-11-06	0.017155	0.125782	0.14340799999999998	0.122097	1.070656	6442400.0
2012-11-05	0.017159	0.11885899999999999	0.143795	0.118533	1.052799	5648200.0
2012-11-02	-0.019672	0.128005	0.131999	0.09589	-1.231239	6240100.0
2012-11-01	0.008917	0.12468399999999999	0.132421	0.105824	0.5531689999999999	6532500.0
2012-10-31	-0.008131000000000001	0.12401300000000001	0.13280699999999998	0.10418699999999999	-0.508568	6975800.0
2012-10-26	-0.009047	0.120815	0.12556900000000001	0.10750599999999999	-0.5709989999999999	4879200.0
2012-10-25	0.009274	0.13536700000000002	0.14064400000000002	0.11953599999999999	0.579941	6077800.0
2012-10-24	-0.016419	0.12726300000000001	0.129151	0.097065	-1.043915	6442700.0
2012-10-23	-0.02597	0.10181799999999999	0.102431	0.087418	-1.695171	6442400.0
2012-10-22	-0.011352	0.115211	0.12384400000000001	0.094309	-0.749466	5340400.0
2012-10-19	-0.010695	0.130855	0.134301	0.105082	-0.7137600000000001	8325600.0
2012-10-18	0.003353	0.120815	0.128934	0.113298	0.223045	6578200.0
2012-10-17	0.01401	0.120968	0.139719	0.11365	0.918983	5799300.0
2012-10-16	0.010445	0.127439	0.139916	0.126823	0.678063	5731100.0
2012-10-15	0.007896	0.121126	0.133546	0.110568	0.508568	4638200.0
2012-10-12	-0.003176	0.125922	0.128399	0.109053	-0.20521599999999998	3598500.0
2012-10-11	0.018852	0.138791	0.148567	0.135322	1.1955639999999998	4523900.0
2012-10-10	-0.009062	0.11972100000000001	0.121127	0.107377	-0.579952	4344000.0
2012-10-09	0.0016760000000000002	0.120815	0.133493	0.120189	0.107075	3933000.0
2012-10-08	0.001679	0.112035	0.124891	0.108429	0.107071	3478800.0
2012-10-05	-0.0025109999999999998	0.132231	0.135203	0.11471600000000001	-0.160584	5798700.0
2012-10-04	0.006742000000000001	0.128215	0.132938	0.12113	0.42825699999999994	5121200.0
2012-10-03	-0.014808000000000002	0.12065999999999999	0.125003	0.096928	-0.954685	5846400.0
2012-10-02	-0.004409000000000001	0.125602	0.130389	0.110623	-0.285492	4760400.0
2012-10-01	0.0034560000000000003	0.13104200000000002	0.141734	0.12128	0.22303800000000001	4289600.0
2012-09-28	-0.012425	0.12203900000000001	0.12203900000000001	0.101686	-0.811897	5769000.0
2012-09-27	0.016516	0.127659	0.14383800000000002	0.120348	1.061714	6131800.0
2012-09-26	-0.008804000000000001	0.115418	0.119119	0.10570399999999999	-0.5709989999999999	5103700.0
2012-09-25	-0.021141999999999998	0.125343	0.125343	0.095609	-1.400772	9193500.0
2012-09-24	-0.01013	0.105875	0.117528	0.105576	-0.678063	4747000.0
2012-09-21	-0.002792	0.13154200000000002	0.132287	0.10993900000000001	-0.187385	8943900.0
2012-09-20	0.006961	0.11496500000000001	0.12951700000000002	0.10641300000000001	0.46398100000000003	6961900.0
2012-09-19	-0.01994	0.119344	0.12184400000000001	0.092438	-1.356193	6214100.0
2012-09-18	-0.011797	0.116747	0.11689200000000001	0.094226	-0.811905	7164100.0
2012-09-17	-0.005928	0.11633800000000001	0.130492	0.109405	-0.410401	6258900.0
2012-09-14	0.025506	0.152068	0.16228900000000002	0.144218	1.72197	8624900.0
2012-09-13	0.018165	0.12368	0.145548	0.119609	1.204468	6425700.0
2012-09-12	0.00896	0.131466	0.137096	0.126749	0.588852	5425900.0
2012-09-11	0.013344	0.12266500000000001	0.136543	0.119582	0.865448	5165400.0
2012-09-10	-0.00656	0.118977	0.130465	0.11330899999999999	-0.42826099999999995	4900100.0
2012-09-07	0.009798000000000001	0.12421800000000001	0.139222	0.122671	0.6334609999999999	5466500.0
2012-09-06	0.016983	0.13056800000000002	0.158254	0.130411	1.079582	8041100.0
2012-09-05	-0.00238	0.119246	0.131487	0.109045	-0.151672	6499000.0
