2017-09-01	0.009623	0.010647	0.012080	0.004709	0.470001	806700.000000
2016-09-01	-0.00156	0.029032	0.034133	0.024737000000000002	-0.058098000000000004	2106300.0
2016-08-31	-0.007994	0.0256	0.027198000000000003	0.020007	-0.300156	1617300.0
2016-08-30	-0.003853	0.028811	0.034381999999999996	0.028014999999999998	-0.14523699999999998	1150000.0
2016-08-29	0.0036090000000000002	0.031193000000000002	0.038648	0.030661	0.135552	1337600.0
2016-08-26	0.008843	0.045147	0.052936000000000004	0.034401999999999995	0.329208	2139100.0
2016-08-25	-0.0056890000000000005	0.032791	0.034927	0.024778	-0.213013	1652300.0
2016-08-24	-0.009731	0.033583999999999996	0.037816	0.02036	-0.36793899999999996	2445000.0
2016-08-23	-0.008883	0.022043	0.029120999999999998	0.019422	-0.33889	5765300.0
2016-08-22	-0.006806	0.022377	0.03227	0.021596	-0.261421	2226700.0
2016-08-19	-0.002264	0.020322	0.032011000000000005	0.017205	-0.087143	1112200.0
2016-08-18	0.000251	0.025775	0.034869	0.025516	0.009678	724600.0
2016-08-17	-0.003759	0.029943	0.033567	0.023213	-0.14523699999999998	1210700.0
2016-08-16	-0.003247	0.031501	0.037435	0.028663	-0.12587	876600.0
2016-08-15	-0.003237	0.030733	0.036905	0.029447000000000004	-0.125873	644500.0
2016-08-12	-0.0032270000000000003	0.032022	0.03356	0.026895	-0.125874	1329200.0
2016-08-11	0.011549	0.037977	0.045495999999999995	0.036161	0.44539300000000004	898200.0
2016-08-10	-0.016786000000000002	0.019278	0.020808	0.01061	-0.658406	1537400.0
2016-08-09	0.011233	0.037689	0.046712000000000004	0.037173000000000005	0.43571099999999996	918600.0
2016-08-08	-0.006448000000000001	0.028692000000000002	0.030741	0.024082	-0.251747	1348100.0
2016-08-05	-0.001486	0.023583	0.031256	0.021025	-0.05809400000000001	2250100.0
2016-08-04	-0.013918999999999999	0.019676	0.025981	0.015893	-0.5519029999999999	2392400.0
2016-08-03	-0.014915000000000001	0.010182	0.020617	0.009685	-0.6003149999999999	2208300.0
2016-08-02	-0.021652	0.014804	0.018207	0.005324000000000001	-0.8907930000000001	3130400.0
2016-08-01	-0.0032840000000000005	0.022858	0.035698	0.018497	-0.135551	1589100.0
2016-07-29	0.000704	0.009517	0.036185	0.009032	0.029049000000000002	2060400.0
2016-07-28	0.004007	0.034981	0.039363	0.027679000000000002	0.1646	1003100.0
2016-07-27	0.007599	0.032791	0.041375	0.029112	0.309841	896900.0
2016-07-26	-0.000712	0.035732	0.039162999999999996	0.027888999999999997	-0.029048	1374200.0
2016-07-25	-0.004018	0.028885	0.029861000000000002	0.021074000000000002	-0.164605	1732400.0
2016-07-22	0.009785	0.041418	0.046348	0.034763	0.396984	3198900.0
2016-07-21	0.000239	0.030325	0.036242	0.029338999999999997	0.009686	1437200.0
2016-07-20	0.016994	0.044826	0.052097000000000004	0.042569	0.677773	817800.0
2016-07-19	-0.00938	0.019378	0.025091	0.017887	-0.377621	1407300.0
2016-07-18	-0.0023989999999999997	0.026844	0.035764	0.024118	-0.096821	1457800.0
2016-07-15	-0.0069099999999999995	0.030330000000000003	0.031806	0.023686000000000002	-0.280796	3319200.0
2016-07-14	-0.0014269999999999999	0.040163	0.0409	0.027139	-0.058089999999999996	1729000.0
2016-07-13	-0.011059000000000001	0.032791	0.032791	0.019181999999999998	-0.455078	8114200.0
2016-07-12	0.026074	0.028551999999999998	0.065455	0.027056	1.045711	12490500.0
2016-07-11	0.013953	0.043914999999999996	0.052258000000000006	0.038353	0.5519029999999999	1878700.0
2016-07-08	-0.0034159999999999998	0.036066	0.038082	0.028506999999999998	-0.13555899999999999	1318000.0
2016-07-07	-0.005821	0.03254	0.039554	0.02252	-0.23238000000000003	1363000.0
2016-07-06	-0.003143	0.018058	0.030793	0.012564	-0.125874	1242300.0
2016-07-05	-0.01029	0.029825	0.032296	0.016479	-0.416347	2746000.0
2016-07-01	-0.001434	0.030323000000000003	0.033038	0.025387	-0.058089999999999996	3431500.0
2016-06-30	0.0143	0.031789	0.049812	0.027783999999999996	0.5712659999999999	3386800.0
2016-06-29	0.017509	0.061316999999999997	0.061571	0.04629	0.687458	3413700.0
2016-06-28	0.036289	0.05892000000000001	0.072117	0.05812899999999999	1.3749120000000001	6102900.0
2016-06-27	0.017685	0.042192	0.055622000000000005	0.031985	0.658413	7598000.0
2016-06-24	-0.066521	-0.046192000000000004	-0.007829000000000001	-0.047195	-2.653007	6210600.0
2016-06-23	0.022338	0.050477999999999995	0.058425	0.03843	0.871425	2842900.0
2016-06-22	0.012565999999999999	0.03902	0.054075	0.037982	0.48412299999999997	4071100.0
2016-06-21	0.017647	0.046262	0.054978	0.038602	0.668095	1765600.0
2016-06-20	0.019291	0.069137	0.06940700000000001	0.051905999999999994	0.716503	1285400.0
2016-06-17	-0.001042	0.025259999999999998	0.033597	0.017998	-0.03873	1959000.0
2016-06-16	0.006026	0.020344	0.042261	0.012227	0.222702	2454400.0
2016-06-15	0.001049	0.043082999999999996	0.051209000000000005	0.03252	0.038726	1478100.0
2016-06-14	-0.022308	0.006309	0.01187	-0.00296	-0.842376	3070700.0
2016-06-13	-0.010403	0.027549	0.036722000000000005	0.022046	-0.396981	1743700.0
2016-06-10	-0.035487	0.011053	0.012317	-0.005882	-1.403965	1356100.0
2016-06-09	-0.013044	0.022812	0.028051	0.014579	-0.522857	1162600.0
2016-06-08	0.002421	0.040293	0.040293	0.030289999999999997	0.096828	1180500.0
2016-06-07	0.003401	0.038813	0.044081999999999996	0.035802	0.135555	956500.0
2016-06-06	0.00048600000000000005	0.033042	0.037058	0.031284	0.019364	677200.0
2016-06-03	-0.000729	0.03555	0.03555	0.026018	-0.029044999999999998	1241300.0
2016-06-02	0.000729	0.024756999999999998	0.036054	0.022498	0.029044999999999998	1321500.0
2016-06-01	-0.001456	0.027526	0.034295	0.027025	-0.05809400000000001	1973600.0
2016-05-31	-0.001454	0.032791	0.033041	0.023278999999999998	-0.05809400000000001	1367100.0
2016-05-27	0.0036490000000000003	0.029274	0.036558999999999994	0.026258999999999998	0.14523699999999998	883500.0
2016-05-26	0.0034170000000000003	0.033295	0.036824	0.03153	0.135551	729900.0
2016-05-25	0.018900999999999998	0.053082000000000004	0.057448	0.050769999999999996	0.735874	1531300.0
2016-05-24	0.017202000000000002	0.035403	0.052124000000000004	0.034619	0.65841	1404000.0
2016-05-23	-0.010265	0.020896	0.024775	0.015207	-0.396981	1604500.0
2016-05-20	0.028321	0.049543000000000004	0.064434	0.049277	1.065075	1068700.0
2016-05-19	-0.015212999999999999	0.013151	0.017079	0.009747	-0.580952	1794700.0
2016-05-18	-0.0005070000000000001	0.029912	0.041428	0.027294	-0.019363	1463000.0
2016-05-17	-0.006045	0.028627999999999997	0.034351	0.022905000000000002	-0.232384	968600.0
2016-05-16	0.01379	0.035427999999999994	0.047296	0.033846	0.522858	1935100.0
2016-05-13	-0.002039	0.036739	0.043318999999999996	0.030685000000000004	-0.077461	1291100.0
2016-05-12	-0.008089	0.046626999999999995	0.047932999999999996	0.022087	-0.309841	2193500.0
2016-05-11	-0.011741	0.021696	0.027888999999999997	0.019374000000000002	-0.455075	1967000.0
2016-05-10	0.014702000000000002	0.049283999999999994	0.052164	0.04143	0.561585	4122300.0
2016-05-09	0.012837000000000001	0.041276	0.049496	0.040215	0.48412299999999997	766400.0
2016-05-06	-0.003071	0.024332	0.034641000000000005	0.020895	-0.11618800000000001	1283700.0
2016-05-05	0.008258	0.041586	0.04585	0.036255	0.309837	828600.0
2016-05-04	-0.018712	0.059496	0.06472699999999999	0.05347999999999999	-0.715458	927900.0
2016-05-03	-0.007476999999999999	0.074158	0.083243	0.068187	-0.28804	1544500.0
2016-05-02	0.008759000000000001	0.088018	0.091946	0.074663	0.334503	3275900.0
2016-04-29	-0.040839999999999994	0.048355	0.048858	0.022737	-1.626041	4760800.0
2016-04-28	-0.017652	0.058963	0.066859	0.050081	-0.715458	2127600.0
2016-04-27	-0.009537	0.067192	0.069881	0.063038	-0.390251	1377900.0
2016-04-26	-0.006318	0.061422000000000004	0.069435	0.059479	-0.260166	976400.0
2016-04-25	0.002715	0.07915599999999999	0.081591	0.075504	0.11150299999999999	819900.0
2016-04-22	-0.000452	0.075748	0.080372	0.070393	-0.018588999999999998	746500.0
2016-04-21	0.002494	0.08087000000000001	0.08575	0.07599	0.102211	1575600.0
2016-04-20	-0.0018100000000000002	0.075504	0.080618	0.067467	-0.07432899999999999	1080100.0
2016-04-19	0.01075	0.089035	0.091251	0.082635	0.43670299999999995	1050200.0
2016-04-18	-0.001142	0.06935	0.082136	0.068612	-0.04646	1576900.0
2016-04-15	-0.009504	0.060404	0.070146	0.059673000000000004	-0.390243	4098900.0
2016-04-14	0.02079	0.08269800000000001	0.102339	0.08071	0.8362459999999999	6514900.0
2016-04-13	0.024131	0.082091	0.102969	0.081072	0.94775	2091300.0
2016-04-12	0.0018960000000000001	0.072408	0.080826	0.063735	0.074334	900400.0
2016-04-11	-0.004013	0.08182400000000001	0.084111	0.07191499999999999	-0.157959	662200.0
2016-04-08	0.004267	0.085165	0.087461	0.07725499999999999	0.167247	868200.0
2016-04-07	-0.014025	0.070448	0.074473	0.060385	-0.5574979999999999	1335600.0
2016-04-06	0.036588	0.089795	0.11639400000000001	0.089795	1.403041	1168400.0
2016-04-05	-0.013623	0.060286	0.06362999999999999	0.054113	-0.529628	2768700.0
2016-04-04	0.037441	0.124536	0.131741	0.116263	1.403041	3918100.0
2016-04-01	0.004233	0.059083000000000004	0.087758	0.058011	0.157959	2952000.0
2016-03-31	-0.013025	0.073325	0.075177	0.062215999999999994	-0.492458	6512900.0
2016-03-30	0.018778	0.084857	0.100217	0.084588	0.6968770000000001	5597200.0
2016-03-29	0.03071	0.087344	0.110952	0.081789	1.105705	5798900.0
2016-03-28	-0.003087	0.079834	0.080941	0.072912	-0.1115	2075400.0
2016-03-24	-0.013452	0.053836	0.061757000000000006	0.051924	-0.492458	2236800.0
2016-03-23	-0.012531	0.075695	0.075695	0.059240999999999995	-0.464581	1164800.0
2016-03-22	-0.002999	0.052030999999999994	0.07596499999999999	0.050687	-0.11150299999999999	2258700.0
2016-03-21	0.00075	0.073812	0.07811799999999999	0.07004500000000001	0.027877	1877800.0
2016-03-18	-0.010149	0.06744299999999999	0.069841	0.060784000000000005	-0.380958	2049300.0
2016-03-17	-0.008832	0.065937	0.07069	0.06092	-0.334499	1812500.0
2016-03-16	-0.009478	0.06525	0.07048099999999999	0.054527	-0.36237800000000003	3620800.0
2016-03-15	-0.011767	0.064087	0.06744700000000001	0.059176	-0.455288	1544200.0
2016-03-14	0.004340999999999999	0.078052	0.083762	0.07623400000000001	0.167248	827700.0
2016-03-11	0.023957	0.09829600000000001	0.102017	0.09324600000000001	0.901291	744600.0
2016-03-10	0.006213000000000001	0.098166	0.106724	0.076502	0.23228800000000002	951400.0
2016-03-09	0.006252000000000001	0.081348	0.086461	0.076504	0.232296	2060500.0
2016-03-08	0.001503	0.07731299999999999	0.081625	0.073809	0.055748	1123800.0
2016-03-07	0.003014	0.061636	0.082993	0.060284000000000004	0.1115	2781700.0
2016-03-04	0.004796	0.080581	0.0871	0.070802	0.176544	998700.0
2016-03-03	-0.014183000000000001	0.0441	0.06204199999999999	0.043029000000000005	-0.529625	1829800.0
2016-03-02	-0.000746	0.067137	0.075432	0.063123	-0.027874	1073000.0
2016-03-01	0.016941	0.085214	0.094467	0.07977200000000001	0.62254	896100.0
2016-02-29	-0.014943999999999999	0.06041900000000001	0.070873	0.055326	-0.557503	873300.0
2016-02-26	-0.003722	0.077837	0.081309	0.06849	-0.139374	869800.0
2016-02-25	0.032275	0.08505599999999999	0.125305	0.083953	1.17075	3911700.0
2016-02-24	0.011137000000000001	0.051704999999999994	0.088499	0.048917	0.39954	3097500.0
2016-02-23	-0.013037	0.07018200000000001	0.074309	0.062203999999999995	-0.473869	1504700.0
2016-02-22	0.002306	0.082852	0.087264	0.077062	0.083622	1299800.0
2016-02-19	-0.004337	0.066625	0.07403799999999999	0.06250700000000001	-0.157959	2010500.0
2016-02-18	-0.0033049999999999998	0.080613	0.083623	0.07185599999999999	-0.12079300000000001	1698000.0
2016-02-17	0.013399000000000001	0.087049	0.096201	0.08455399999999999	0.483166	2538000.0
2016-02-16	-0.004361	0.070989	0.07706299999999999	0.064362	-0.15795499999999998	2345800.0
2016-02-12	0.015898	0.076795	0.09334400000000001	0.075113	0.5667909999999999	2598200.0
2016-02-11	-0.003118	0.07903099999999999	0.080429	0.06616799999999999	-0.11150299999999999	3582500.0
2016-02-10	-0.009776	0.064052	0.076788	0.060729	-0.353081	2334500.0
2016-02-09	-0.008671	0.053453	0.07156799999999999	0.052079999999999994	-0.315914	2658700.0
2016-02-08	-0.015319	0.056504	0.069207	0.051910000000000005	-0.566792	1247000.0
2016-02-05	-0.018969999999999997	0.063773	0.064568	0.052902	-0.715457	1033000.0
2016-02-04	-0.010724	0.059972000000000004	0.0723	0.05525	-0.408833	1340300.0
2016-02-03	0.005145	0.068852	0.084935	0.058041999999999996	0.195126	1934800.0
2016-02-02	-0.019693000000000002	0.064087	0.064087	0.051164	-0.761918	1861500.0
2016-02-01	0.0	0.071582	0.082438	0.068739	0.0	2742200.0
2016-01-29	0.018341999999999997	0.074655	0.095975	0.073866	0.6968770000000001	1155400.0
2016-01-28	-0.016595	0.07053999999999999	0.07105800000000001	0.049574	-0.641129	1281600.0
2016-01-27	-0.004072	0.083968	0.085257	0.061799	-0.15795499999999998	2741000.0
2016-01-26	0.016062	0.086449	0.095355	0.081735	0.613247	1438000.0
2016-01-25	-0.008445999999999999	0.068703	0.08012999999999999	0.065067	-0.325203	1501900.0
2016-01-22	0.027268	0.100779	0.10638199999999999	0.095444	1.0220799999999999	1267200.0
2016-01-21	0.000248	0.07623400000000001	0.08344	0.064226	0.009288	1700000.0
2016-01-20	-0.000991	0.063438	0.082366	0.049042	-0.037162	2311300.0
2016-01-19	0.045584	0.135328	0.139231	0.11748900000000001	1.635326	4146000.0
2016-01-15	-0.035713999999999996	0.054730999999999995	0.061451	0.036991	-1.328705	2320400.0
2016-01-14	0.010601000000000001	0.076778	0.094706	0.07243200000000001	0.390251	1810500.0
2016-01-13	-0.021487	0.081285	0.08288	0.049123	-0.808376	2061500.0
2016-01-12	0.01225	0.092109	0.09560700000000001	0.077849	0.45529200000000003	1668900.0
2016-01-11	-0.009901	0.086091	0.086357	0.05971799999999999	-0.371666	2969100.0
2016-01-08	-0.021081	0.077538	0.079625	0.0512	-0.808373	2443400.0
2016-01-07	-0.012443000000000001	0.065933	0.07881	0.060266999999999994	-0.48316899999999996	2611400.0
2016-01-06	-0.010888	0.054073	0.067064	0.053309	-0.427414	3470100.0
2016-01-05	0.001185	0.07291900000000001	0.079805	0.070114	0.046459	1070700.0
2016-01-04	-0.010551000000000001	0.066898	0.06790700000000001	0.04772	-0.418125	1663100.0
2015-12-31	-0.017506999999999998	0.062351	0.06607	0.056897	-0.7061649999999999	940700.0
2015-12-30	-0.008904	0.071812	0.07304	0.064194	-0.362374	717000.0
2015-12-29	0.016713	0.089475	0.097219	0.087476	0.668995	1563000.0
2015-12-28	-0.001622	0.076484	0.07897799999999999	0.070997	-0.06504	1010000.0
2015-12-24	-0.01439	0.06468099999999999	0.066647	0.060747	-0.5853729999999999	509800.0
2015-12-23	0.022897	0.08755	0.100877	0.087047	0.910583	1527500.0
2015-12-22	0.006822	0.079779	0.086108	0.074209	0.269459	1078600.0
2015-12-21	-0.0030489999999999996	0.091379	0.092641	0.070177	-0.12079200000000001	1538000.0
2015-12-18	-0.006987	0.067963	0.072726	0.063703	-0.278752	1606500.0
2015-12-17	-0.015815	0.069328	0.069574	0.054527	-0.641125	1111200.0
2015-12-16	0.016069	0.086009	0.096536	0.077738	0.641125	1615500.0
2015-12-15	0.03445	0.113051	0.119273	0.109421	1.328709	2382500.0
2015-12-14	-0.008124	0.080349	0.081635	0.057719000000000006	-0.315918	1798600.0
2015-12-11	0.0	0.080092	0.08292100000000001	0.072377	0.0	1601100.0
2015-12-10	-0.009233	0.068846	0.077254	0.065024	-0.362377	1319800.0
2015-12-09	-0.012392	0.067427	0.075228	0.056859	-0.49245900000000004	1257400.0
2015-12-08	-0.013607	0.060597000000000005	0.06630599999999999	0.056625999999999996	-0.5482020000000001	1261100.0
2015-12-07	0.000231	0.088648	0.089889	0.07424800000000001	0.009292	917000.0
2015-12-04	0.005334	0.06400499999999999	0.083722	0.06350499999999999	0.213707	1173700.0
2015-12-03	-0.017096	0.075989	0.07647999999999999	0.055137	-0.696876	1226000.0
2015-12-02	-0.004086	0.080388	0.08454099999999999	0.066706	-0.167248	1337700.0
2015-12-01	-0.0038450000000000003	0.08329199999999999	0.086213	0.068446	-0.15796300000000002	1902600.0
2015-11-30	-0.002031	0.084493	0.087164	0.073077	-0.083622	1812100.0
2015-11-27	0.001356	0.080856	0.082558	0.07647799999999999	0.055751999999999996	708000.0
2015-11-25	0.015374	0.088335	0.095497	0.087101	0.62254	2909300.0
2015-11-24	-0.006837	0.060537	0.072555	0.060047	-0.278752	1472400.0
2015-11-23	-0.007015	0.071851	0.079157	0.064301	-0.288036	1182300.0
2015-11-20	0.000906	0.082329	0.08720399999999999	0.07647799999999999	0.037159	1571700.0
2015-11-19	-0.004734	0.08011599999999999	0.080602	0.067986	-0.195118	1119200.0
2015-11-18	0.020709	0.090597	0.09926499999999999	0.085397	0.8362459999999999	2025900.0
2015-11-17	0.007885	0.090461	0.09894700000000001	0.084721	0.315918	2293200.0
2015-11-16	0.0030239999999999998	0.078738	0.082243	0.071227	0.12078499999999999	4804800.0
2015-11-13	-0.014894	0.060451	0.068589	0.056998	-0.60395	3931300.0
2015-11-12	-0.031083999999999997	0.049472	0.051861000000000004	0.041348	-1.300835	1666800.0
2015-11-11	0.002002	0.08844500000000001	0.08844500000000001	0.072643	0.083626	3621500.0
2015-11-10	-0.010783	0.066524	0.069129	0.05941799999999999	-0.455288	1069500.0
2015-11-09	-0.024893000000000002	0.051292	0.051985	0.040899	-1.077835	1986400.0
2015-11-06	-0.075764	0.011345000000000001	0.011772	-0.012776000000000001	-3.549408	5315800.0
2015-11-05	0.005584	0.092977	0.092977	0.07923999999999999	0.260162	957400.0
2015-11-04	-0.000797	0.08138200000000001	0.082025	0.065511	-0.037166000000000005	815300.0
2015-11-03	-0.009866	0.072412	0.072412	0.062219000000000003	-0.464585	1135100.0
2015-11-02	0.0067540000000000005	0.086497	0.089276	0.080938	0.315918	1493900.0
2015-10-30	0.014306000000000001	0.08794400000000001	0.10030499999999999	0.087728	0.659706	1049100.0
2015-10-29	-0.036124	0.011439	0.042373	0.011439	-1.728248	1884000.0
2015-10-28	0.018595	0.097738	0.104551	0.084538	0.873417	814200.0
2015-10-27	-0.002959	0.068593	0.07835700000000001	0.068593	-0.139378	928400.0
2015-10-26	-0.008022	0.06865399999999999	0.074129	0.065074	-0.38095500000000004	571900.0
2015-10-23	0.024659	0.095222	0.105794	0.09349600000000001	1.1428719999999999	669700.0
2015-10-22	0.014852	0.090905	0.095942	0.083241	0.678291	1104900.0
2015-10-21	-0.0028399999999999996	0.08365800000000001	0.084968	0.06335199999999999	-0.13008499999999998	3394300.0
2015-10-20	-0.023187	0.063864	0.063864	0.048294	-1.08712	640900.0
2015-10-19	-0.001583	0.073466	0.07666	0.064309	-0.074337	712600.0
2015-10-16	0.005171	0.069813	0.0818	0.068957	0.241589	758400.0
2015-10-15	0.036914999999999996	0.103978	0.117073	0.102647	1.6632040000000001	1317900.0
2015-10-14	-0.000824	0.077565	0.086436	0.07446	-0.037166000000000005	912900.0
2015-10-13	-0.016416999999999998	0.066637	0.071872	0.056166999999999995	-0.752625	684300.0
2015-10-12	0.012103000000000001	0.083299	0.095662	0.083078	0.5482060000000001	991000.0
2015-10-09	0.000616	0.074909	0.079327	0.071375	0.027874	934200.0
2015-10-08	0.00807	0.078684	0.085587	0.07534400000000001	0.36237800000000003	2792400.0
2015-10-07	-0.012464	0.05644299999999999	0.06326	0.048966	-0.566792	1562500.0
2015-10-06	-0.005082	0.07382799999999999	0.080829	0.06091900000000001	-0.23228800000000002	2673600.0
2015-10-05	0.019059	0.098531	0.10165199999999999	0.089835	0.8548309999999999	1223900.0
2015-10-02	0.015142	0.069444	0.094115	0.06537000000000001	0.668999	1106700.0
2015-10-01	0.001685	0.080996	0.082583	0.066712	0.07432899999999999	1347600.0
2015-09-30	0.017796	0.10346300000000001	0.106925	0.086388	0.7712100000000001	1978200.0
2015-09-29	-0.001285	0.066325	0.081304	0.060563	-0.055751999999999996	2711300.0
2015-09-28	-0.016635	0.075101	0.076914	0.056745000000000004	-0.734039	2056200.0
2015-09-25	-0.010419	0.09664199999999999	0.097091	0.059414999999999996	-0.464584	1480400.0
2015-09-24	-0.005182	0.062848	0.076011	0.049686	-0.232292	1048800.0
2015-09-23	0.008572	0.07916000000000001	0.08748500000000001	0.072184	0.380958	1140700.0
2015-09-22	-0.031977	0.043126	0.045958	0.032889	-1.4680790000000001	1462500.0
2015-09-21	0.001825	0.095437	0.09762	0.075798	0.083626	966500.0
2015-09-18	-0.030279	0.046609	0.05909400000000001	0.043435	-1.430916	912300.0
2015-09-17	0.009929	0.074525	0.09739199999999999	0.073029	0.464585	526500.0
2015-09-16	0.012058	0.088563	0.094402	0.086184	0.557499	765000.0
2015-09-15	0.0008039999999999999	0.07601799999999999	0.08229500000000001	0.069957	0.037163	866900.0
2015-09-14	-0.010153	0.06980700000000001	0.072378	0.057379	-0.47387399999999996	545200.0
2015-09-11	0.009242	0.072991	0.087046	0.072558	0.427414	454700.0
2015-09-10	0.00161	0.07536799999999999	0.085115	0.07341900000000001	0.074337	740700.0
2015-09-09	-0.006399	0.09474199999999999	0.096248	0.064829	-0.29733200000000004	786900.0
2015-09-08	0.032198000000000004	0.107333	0.111776	0.097337	1.449493	1762800.0
2015-09-04	-0.022594	0.050615	0.05669400000000001	0.044536	-1.040661	547500.0
2015-09-03	0.006906	0.094161	0.09700299999999999	0.078639	0.315914	1082900.0
2015-09-02	0.023280000000000002	0.099723	0.104421	0.092789	1.040669	1435100.0
2015-09-01	-0.016558	0.06303500000000001	0.064795	0.052035000000000005	-0.752625	1354400.0
2015-08-31	-0.007305	0.079292	0.082131	0.068372	-0.334499	1805700.0
2015-08-28	-0.015975	0.063985	0.06806799999999999	0.056463	-0.743336	1091900.0
2015-08-27	0.019337	0.085435	0.101645	0.078206	0.88271	1163500.0
2015-08-26	0.027180000000000003	0.10616099999999999	0.108411	0.08028500000000001	1.207912	3156500.0
2015-08-25	0.003146	0.129956	0.130407	0.078717	0.139374	3860300.0
2015-08-24	-0.036962	0.041888999999999996	0.043411	0.019282	-1.7003669999999997	3122800.0
2015-08-21	-0.023857	0.07750800000000001	0.087268	0.050559	-1.1242940000000001	1454500.0
2015-08-20	-0.025178	0.07085599999999999	0.071063	0.049137	-1.2172049999999999	852700.0
2015-08-19	-0.005163	0.068209	0.07746900000000001	0.060389	-0.25087800000000005	643800.0
2015-08-18	-0.010032	0.07460499999999999	0.07460499999999999	0.065437	-0.492458	722200.0
2015-08-17	0.006669	0.071108	0.083412	0.068237	0.32521	2512400.0
2015-08-14	-0.014644999999999998	0.060877	0.064312	0.053198	-0.724746	605700.0
2015-08-13	-0.0026219999999999998	0.070591	0.077041	0.068173	-0.130089	841300.0
2015-08-12	-0.018202	0.050907	0.05664500000000001	0.042002	-0.9198719999999999	1321800.0
2015-08-11	-0.010731000000000001	0.070949	0.07368999999999999	0.0594	-0.548207	776300.0
2015-08-10	0.020416	0.084824	0.098207	0.084824	1.022084	629400.0
2015-08-07	-0.01065	0.062203999999999995	0.06714400000000001	0.057065	-0.538918	509300.0
2015-08-06	-0.004569	0.079579	0.081152	0.067579	-0.23228800000000002	1855400.0
2015-08-05	0.022808000000000002	0.09273300000000001	0.10219	0.090922	1.1335790000000001	885100.0
2015-08-04	0.00018700000000000002	0.080863	0.084083	0.075228	0.009293000000000001	537500.0
2015-08-03	-0.009446	0.07822799999999999	0.080022	0.06527100000000001	-0.47387700000000005	2146300.0
2015-07-31	0.00784	0.082864	0.089896	0.077641	0.390251	862000.0
2015-07-30	0.017667	0.08011900000000001	0.095453	0.072554	0.864124	863100.0
2015-07-29	-0.021743000000000002	0.074834	0.080835	0.052834000000000006	-1.087124	1293000.0
2015-07-28	0.009001	0.07683999999999999	0.086325	0.0724	0.445999	995700.0
2015-07-27	-0.003922	0.074827	0.078446	0.06538	-0.195125	932400.0
2015-07-24	0.0031850000000000003	0.086116	0.090754	0.071798	0.157959	1864100.0
2015-07-23	0.005274	0.08819500000000001	0.096304	0.081911	0.260166	1501800.0
2015-07-22	0.001887	0.078468	0.081312	0.073594	0.092914	1288000.0
2015-07-21	-0.004883	0.074416	0.075628	0.070373	-0.24158000000000002	2684700.0
2015-07-20	-0.006529999999999999	0.079447	0.079447	0.066195	-0.325207	2254900.0
2015-07-17	0.001308	0.08065800000000001	0.081462	0.072012	0.06504	937200.0
2015-07-16	0.010191	0.092686	0.095326	0.087202	0.501747	878700.0
2015-07-15	-0.006562	0.075427	0.081077	0.06776	-0.325202	1043000.0
2015-07-14	0.0238	0.08924800000000001	0.101849	0.086976	1.152164	1767800.0
2015-07-13	0.011847	0.096091	0.097136	0.08898500000000001	0.566788	2036100.0
2015-07-10	0.055555999999999994	0.146174	0.146174	0.129186	2.518039	2995000.0
2015-07-09	0.014981	0.102211	0.10780899999999999	0.09235800000000001	0.668995	1118800.0
2015-07-08	-0.002904	0.076011	0.08025399999999999	0.066857	-0.130077	725700.0
2015-07-07	0.001038	0.0664	0.082716	0.052765	0.046455	1855500.0
2015-07-06	-0.026683	0.044472000000000005	0.061876	0.042296	-1.226497	1523200.0
2015-07-02	-0.005828	0.075153	0.07601799999999999	0.065853	-0.269455	945100.0
2015-07-01	0.004644	0.079711	0.086013	0.07341	0.213707	1175700.0
2015-06-30	-0.006220000000000001	0.093078	0.09350900000000001	0.059823	-0.288044	1750700.0
2015-06-29	-0.039320999999999995	0.040968	0.049888999999999996	0.031011	-1.8954970000000002	1812100.0
2015-06-26	0.007573999999999999	0.09170199999999999	0.09525499999999999	0.07937000000000001	0.362374	997600.0
2015-06-25	-0.002905	0.077485	0.080194	0.067481	-0.139374	1161800.0
2015-06-24	0.008397	0.08590199999999999	0.091156	0.080858	0.39954	5083400.0
2015-06-23	0.003921	0.088261	0.089527	0.080454	0.185837	2227100.0
2015-06-22	0.039535	0.11988	0.137207	0.11571300000000001	1.8025779999999998	1645700.0
2015-06-19	-0.001221	0.07776799999999999	0.081273	0.07141499999999999	-0.055748	3194600.0
2015-06-18	0.006556	0.076014	0.10203200000000001	0.074691	0.29733200000000004	2190000.0
2015-06-17	-0.008329999999999999	0.067925	0.06945599999999999	0.054587000000000004	-0.38096199999999997	2567300.0
2015-06-16	-0.00445	0.07101	0.075581	0.06665599999999999	-0.20441099999999998	1121400.0
2015-06-15	-0.022925	0.048159	0.0522	0.042203	-1.077835	3500100.0
2015-06-12	-0.011139	0.053309	0.064246	0.046789	-0.529621	4121500.0
2015-06-11	0.011265	0.084742	0.093463	0.079638	0.529621	2686000.0
2015-06-10	0.02367	0.08603200000000001	0.104104	0.082113	1.087128	2571000.0
2015-06-09	-0.0014140000000000001	0.074278	0.07884400000000001	0.064711	-0.065044	4708800.0
2015-06-08	-0.0014119999999999998	0.07514900000000001	0.07710299999999999	0.069938	-0.065041	2525300.0
2015-06-05	-0.02613	0.046633	0.05509	0.04177	-1.23579	1663000.0
2015-06-04	-0.003914	0.078341	0.096664	0.068652	-0.185833	1004000.0
2015-06-03	0.026517000000000002	0.103692	0.113853	0.102395	1.2264979999999999	1490800.0
2015-06-02	0.009941	0.088462	0.094794	0.083877	0.455287	928900.0
2015-06-01	-0.0024289999999999997	0.07972	0.08167999999999999	0.06556100000000001	-0.111496	1220600.0
2015-05-29	-0.022552000000000003	0.06665399999999999	0.06729299999999999	0.040892000000000005	-1.0592489999999999	1826400.0
2015-05-28	-0.002762	0.074961	0.076022	0.06264600000000001	-0.130082	838800.0
2015-05-27	0.028402999999999998	0.086497	0.11226199999999999	0.085405	1.300827	1167400.0
2015-05-26	-0.028385000000000004	0.062657	0.06350599999999999	0.042291	-1.337993	995600.0
2015-05-22	-0.010145999999999999	0.072665	0.072665	0.063635	-0.48317	347000.0
2015-05-21	0.009852	0.08196	0.09086699999999999	0.081536	0.464585	725500.0
2015-05-20	-0.003339	0.06587799999999999	0.076446	0.063976	-0.157959	601100.0
2015-05-19	0.010317	0.077516	0.09096900000000001	0.07537999999999999	0.48316499999999996	1529300.0
2015-05-18	-0.002375	0.06963	0.081134	0.06579600000000001	-0.111499	451300.0
2015-05-15	-0.0053159999999999995	0.074115	0.075599	0.062461	-0.250874	4281400.0
2015-05-14	0.01804	0.09284500000000001	0.098885	0.08723600000000001	0.83625	806900.0
2015-05-13	0.003016	0.088351	0.092895	0.079047	0.139374	866600.0
2015-05-12	0.007903	0.082995	0.088447	0.079942	0.362377	819400.0
2015-05-11	-0.012803	0.06547	0.072359	0.062456	-0.594673	777800.0
2015-05-08	0.020412	0.07996900000000001	0.098862	0.07952999999999999	0.929169	1131400.0
2015-05-07	-0.009302	0.070793	0.074058	0.064047	-0.427418	1486000.0
2015-05-06	0.018915	0.099475	0.107901	0.093487	0.852974	1384400.0
2015-05-05	-0.025266999999999998	0.104117	0.104333	0.082286	-1.168941	1205200.0
2015-05-04	0.00312	0.11666800000000001	0.12425699999999999	0.113633	0.143871	902200.0
2015-05-01	0.014639	0.117395	0.128615	0.112775	0.665397	772500.0
2015-04-30	-0.012888	0.096045	0.111898	0.094307	-0.593463	2971100.0
2015-04-29	-0.006788	0.10758499999999999	0.113193	0.093565	-0.314717	1344600.0
2015-04-28	-0.013772	0.095523	0.097863	0.086375	-0.647411	1031700.0
2015-04-27	0.010241	0.134035	0.138978	0.12350499999999999	0.476566	1990100.0
2015-04-24	-0.000193	0.109107	0.11942	0.101802	-0.008990999999999999	774900.0
2015-04-23	0.003295	0.102845	0.11685699999999999	0.098965	0.152863	608900.0
2015-04-22	0.000582	0.11621300000000001	0.11621300000000001	0.106938	0.026973	1236200.0
2015-04-21	0.003699	0.115579	0.119476	0.111249	0.170845	2326600.0
2015-04-20	-0.005998	0.107596	0.112976	0.104153	-0.27874699999999997	2133700.0
2015-04-17	-0.008822	0.10443599999999999	0.105076	0.09334500000000001	-0.413624	914300.0
2015-04-16	-0.000383	0.11339400000000001	0.116806	0.102947	-0.017986000000000002	742600.0
2015-04-15	0.001152	0.119372	0.12108	0.10827300000000001	0.053951	1635100.0
2015-04-14	0.0044340000000000004	0.11726099999999999	0.122406	0.11383	0.206817	3356100.0
2015-04-13	-0.009169	0.10871600000000001	0.114452	0.101918	-0.43161000000000005	1004800.0
2015-04-10	0.009254	0.11575999999999999	0.12476500000000001	0.114473	0.43161000000000005	853200.0
2015-04-09	0.007576	0.11859600000000001	0.122052	0.112979	0.350682	623900.0
2015-04-08	-0.002132	0.121815	0.12246199999999999	0.10607899999999999	-0.098911	868500.0
2015-04-07	0.008208	0.12798099999999998	0.131675	0.119939	0.377658	1264700.0
2015-04-06	0.0023510000000000002	0.116472	0.127146	0.11451099999999999	0.107903	1107200.0
2015-04-02	0.022431	0.132384	0.140179	0.12948800000000002	1.007088	3148700.0
2015-04-01	0.009911	0.132135	0.132135	0.11751400000000001	0.440605	1241500.0
2015-03-31	-0.015924	0.089536	0.098833	0.08688	-0.719353	1677300.0
2015-03-30	0.005403	0.11723399999999999	0.122575	0.113673	0.242783	811300.0
2015-03-27	0.023975	0.129663	0.142652	0.124877	1.052047	1057900.0
2015-03-26	-0.029820999999999997	0.10282899999999999	0.10282899999999999	0.07585499999999999	-1.3487770000000001	2740000.0
2015-03-25	-0.016041	0.109069	0.11059200000000001	0.091883	-0.737336	1621800.0
2015-03-24	0.002746	0.119532	0.122804	0.113206	0.125889	1076400.0
2015-03-23	0.006714	0.119801	0.126609	0.11409100000000001	0.305721	1449700.0
2015-03-20	0.023651	0.130999	0.148084	0.125828	1.0520479999999999	2367600.0
2015-03-19	-0.014542	0.090626	0.09882300000000001	0.089075	-0.656406	1208400.0
2015-03-18	0.025117	0.118701	0.145726	0.115067	1.105999	1628300.0
2015-03-17	0.007199	0.114173	0.124009	0.11051400000000002	0.314716	1495700.0
2015-03-16	0.03293	0.138104	0.154407	0.137396	1.393742	2198800.0
2015-03-13	-0.010303	0.102528	0.107204	0.097383	-0.440605	1221700.0
2015-03-12	0.013424	0.12088299999999999	0.12751800000000002	0.11946099999999998	0.5664939999999999	1574300.0
2015-03-11	0.012731999999999999	0.12603399999999998	0.133714	0.12291500000000001	0.530521	1429200.0
2015-03-10	-0.025856999999999998	0.085463	0.0871	0.078917	-1.106003	1884500.0
2015-03-09	0.003163	0.11704	0.11821300000000001	0.112115	0.13488	1129200.0
2015-03-06	-0.019438	0.096477	0.099927	0.09003799999999999	-0.8452379999999999	1075500.0
2015-03-05	0.000414	0.12108699999999999	0.12108699999999999	0.11050399999999999	0.017983000000000002	1529800.0
2015-03-04	0.005408	0.11396500000000001	0.118591	0.10540699999999999	0.23378800000000002	1743100.0
2015-03-03	-0.0043490000000000004	0.118103	0.120175	0.10543599999999999	-0.188828	1115200.0
2015-03-02	-0.011666	0.099596	0.10300999999999999	0.097093	-0.5125350000000001	1343600.0
2015-02-27	-0.000205	0.108701	0.118487	0.10415	-0.008995	1444500.0
2015-02-26	-0.030549	0.08299400000000001	0.084979	0.07306599999999999	-1.384747	2660200.0
2015-02-25	0.000397	0.109025	0.117191	0.108142	0.017983000000000002	1440200.0
2015-02-24	0.003385	0.10325699999999999	0.117651	0.099714	0.152859	1046400.0
2015-02-23	0.002395	0.11633299999999999	0.122548	0.11433499999999999	0.10790599999999999	857400.0
2015-02-20	0.0	0.090139	0.11722	0.089251	0.0	2027800.0
2015-02-19	0.017259	0.12701800000000002	0.13153499999999999	0.120696	0.764309	2046100.0
2015-02-18	0.00122	0.113471	0.11776700000000001	0.10895	0.053951	875800.0
2015-02-17	-0.004654	0.10288800000000001	0.10828900000000001	0.093662	-0.206814	1075600.0
2015-02-13	0.016872	0.12675999999999998	0.136371	0.125845	0.7373350000000001	1739300.0
2015-02-12	0.009136	0.110498	0.122275	0.110268	0.395642	847200.0
2015-02-11	-0.001865	0.106353	0.111193	0.10197300000000001	-0.080925	900100.0
2015-02-10	0.009414	0.127936	0.129797	0.118862	0.404632	1062900.0
2015-02-09	-0.005203	0.098922	0.11396700000000001	0.098922	-0.224796	1489900.0
2015-02-06	-0.007640999999999999	0.106143	0.113952	0.09879299999999999	-0.33269899999999997	7440600.0
2015-02-05	0.030213	0.137433	0.15234	0.13317400000000001	1.276848	2380600.0
2015-02-04	0.001492	0.093868	0.113774	0.090076	0.062943	3341300.0
2015-02-03	0.00514	0.11259100000000001	0.123072	0.109733	0.21580500000000002	1446100.0
2015-02-02	0.013018	0.11428599999999998	0.126834	0.11283900000000001	0.539508	2044800.0
2015-01-30	-0.019362	0.097445	0.10359700000000001	0.088926	-0.8182560000000001	1985200.0
2015-01-29	0.020630000000000003	0.12588	0.13505799999999998	0.119118	0.854225	1152200.0
2015-01-28	-0.011803	0.110922	0.116172	0.096603	-0.49455200000000005	1872200.0
2015-01-27	-0.002782	0.10116699999999999	0.114495	0.098074	-0.11689400000000001	803900.0
2015-01-26	-0.0032	0.10737000000000001	0.11425	0.095746	-0.134876	3190300.0
2015-01-23	0.00321	0.10092899999999999	0.127108	0.099264	0.134876	3819500.0
2015-01-22	-0.000642	0.102364	0.114255	0.097131	-0.026974	2321200.0
2015-01-21	0.002143	0.103296	0.115452	0.09543099999999999	0.089916	1878000.0
2015-01-20	0.006470999999999999	0.127468	0.129147	0.108277	0.269757	2439700.0
2015-01-16	0.030222000000000002	0.12298900000000001	0.151162	0.12298900000000001	1.222892	4359200.0
2015-01-15	0.004464	0.112115	0.12576800000000002	0.10839100000000002	0.179844	1645900.0
2015-01-14	-0.006431999999999999	0.10274200000000001	0.114828	0.101509	-0.26076900000000003	1781600.0
2015-01-13	0.003785	0.126474	0.130436	0.10468800000000002	0.152867	1573200.0
2015-01-12	0.008305	0.122599	0.125595	0.104875	0.33269499999999996	1764400.0
2015-01-09	-0.018723	0.105991	0.106726	0.079045	-0.764313	4088700.0
2015-01-08	0.016115	0.12057799999999999	0.139744	0.119831	0.647419	4769700.0
2015-01-07	-0.009531999999999999	0.112115	0.112115	0.079326	-0.38665	13939600.0
2015-01-06	0.025227	0.115906	0.162413	0.108071	0.9980959999999999	6742200.0
2015-01-05	-0.033392000000000005	0.076689	0.08182	0.064474	-1.3667639999999999	4633200.0
2015-01-02	-0.001973	0.11552799999999999	0.12235599999999999	0.10163	-0.080928	1166100.0
2014-12-31	0.0	0.116748	0.123331	0.10992	0.0	874200.0
2014-12-30	-0.015753	0.10443499999999999	0.107795	0.094596	-0.656403	1454800.0
2014-12-29	0.004117	0.11091	0.118862	0.110428	0.17084100000000002	1465800.0
2014-12-26	-0.004315	0.108516	0.113075	0.103957	-0.179836	693300.0
2014-12-24	0.010905	0.114783	0.124243	0.11357	0.449592	433400.0
2014-12-23	-0.002393	0.121794	0.123004	0.10485599999999999	-0.09890299999999999	1437800.0
2014-12-22	-0.009269	0.108759	0.10971800000000001	0.100128	-0.386658	1504300.0
2014-12-19	-0.008971999999999999	0.09310800000000001	0.102374	0.08265499999999999	-0.377659	1773000.0
2014-12-18	0.018050999999999998	0.131706	0.136302	0.124208	0.7463270000000001	4568800.0
2014-12-17	0.013222	0.11603599999999999	0.13858199999999998	0.115301	0.539512	3801200.0
2014-12-16	0.022072	0.11011099999999999	0.154195	0.10960999999999999	0.881207	4096000.0
2014-12-15	-0.016829	0.111622	0.11507	0.089459	-0.683384	5288500.0
2014-12-12	-0.022722	0.107302	0.112115	0.08492000000000001	-0.9441450000000001	1861400.0
2014-12-11	0.007631999999999999	0.12375499999999999	0.136123	0.11963199999999999	0.314716	2688200.0
2014-12-10	-0.008218000000000001	0.11475999999999999	0.11524100000000001	0.10057	-0.341694	1016900.0
2014-12-09	-0.009637999999999999	0.098062	0.101396	0.09163099999999999	-0.404632	1503800.0
2014-12-08	-0.001283	0.114256	0.11806199999999999	0.107119	-0.053952	2111600.0
2014-12-05	0.0	0.10973599999999999	0.11592100000000001	0.105216	0.0	2995600.0
2014-12-04	-0.028268	0.09500900000000001	0.09523999999999999	0.080677	-1.222892	4955600.0
2014-12-03	-0.007018000000000001	0.102474	0.10706500000000001	0.10017899999999999	-0.305729	2305200.0
2014-12-02	-0.005746	0.10253	0.105725	0.093401	-0.25177	1720500.0
2014-12-01	0.009112	0.125933	0.12800599999999998	0.121557	0.39564099999999996	1749800.0
2014-11-28	0.004159	0.11373399999999999	0.12113399999999999	0.11350199999999999	0.179836	565500.0
2014-11-26	0.009234000000000001	0.113982	0.12308399999999999	0.113515	0.395642	1169300.0
2014-11-25	0.007187000000000001	0.116346	0.12410299999999999	0.11517100000000001	0.305725	1516300.0
2014-11-24	0.003393	0.10857699999999999	0.115889	0.105275	0.143867	2003600.0
2014-11-21	0.012454	0.127637	0.13097999999999999	0.117846	0.52153	1582600.0
2014-11-20	-0.031606999999999996	0.078814	0.091302	0.072339	-1.3667639999999999	5687200.0
2014-11-19	-0.005582999999999999	0.113265	0.113725	0.10291600000000001	-0.242779	1636700.0
2014-11-18	0.017249	0.12240799999999999	0.136444	0.12194	0.737332	4571200.0
2014-11-17	0.018423	0.11664200000000001	0.13331800000000002	0.11568900000000001	0.773304	4236500.0
2014-11-14	0.0032240000000000003	0.109725	0.118807	0.107096	0.13488	3007200.0
2014-11-13	-0.000644	0.112115	0.120475	0.108771	-0.026981	3213100.0
2014-11-12	-0.012304	0.097488	0.10834	0.090175	-0.5215270000000001	4207800.0
2014-11-11	0.020567	0.12559800000000002	0.13547	0.12078299999999999	0.8542290000000001	2274300.0
2014-11-10	0.010943000000000001	0.121851	0.129883	0.11868699999999999	0.449597	3142400.0
2014-11-07	-0.0037070000000000002	0.09538200000000001	0.107992	0.091502	-0.152863	3429500.0
2014-11-06	0.0035009999999999998	0.11065499999999999	0.119902	0.10797799999999999	0.143868	2758400.0
2014-11-05	0.0046159999999999994	0.11651500000000001	0.120672	0.10991500000000001	0.188831	1864300.0
2014-11-04	-0.006335	0.10968599999999999	0.110171	0.09511	-0.26076900000000003	1721800.0
2014-11-03	-0.009948	0.09552000000000001	0.101051	0.092153	-0.413624	4788300.0
2014-10-31	0.011816	0.11892899999999999	0.13499	0.11892899999999999	0.485562	5000700.0
2014-10-30	0.010615000000000001	0.118755	0.126133	0.10941	0.43161000000000005	5420400.0
2014-10-29	-0.059289	0.049649	0.057747	0.029522000000000003	-2.562687	16819000.0
2014-10-28	-0.089928	0.015262999999999999	0.023264	-0.007266	-4.271137	8866200.0
2014-10-27	-0.022213999999999998	0.086587	0.100174	0.08329299999999999	-1.079026	2411500.0
2014-10-24	0.009154	0.115647	0.122295	0.11190699999999999	0.44060200000000005	1483400.0
2014-10-23	0.0171	0.127752	0.13789400000000002	0.12437100000000001	0.809265	1496900.0
2014-10-22	0.009204	0.127682	0.130881	0.120005	0.43161000000000005	1787600.0
2014-10-21	0.007146	0.10416800000000001	0.12371300000000002	0.103094	0.332702	1679800.0
2014-10-20	-0.000386	0.089787	0.111686	0.088928	-0.017981999999999998	632100.0
2014-10-17	0.022907	0.12748800000000002	0.14264100000000002	0.120021	1.043056	1398700.0
2014-10-16	-0.016699000000000002	0.081451	0.10369300000000001	0.079723	-0.7733	2917200.0
2014-10-15	-0.014353999999999999	0.101047	0.104027	0.07486699999999999	-0.674392	1848800.0
2014-10-14	-0.000956	0.117431	0.12380999999999999	0.110626	-0.04496	1277400.0
2014-10-13	-0.00248	0.120387	0.123993	0.10808499999999999	-0.116898	830900.0
2014-10-10	-0.012246	0.10373399999999999	0.10876300000000001	0.09682	-0.5844689999999999	910900.0
2014-10-09	-0.025697	0.093539	0.09660099999999999	0.08169900000000001	-1.258861	1359700.0
2014-10-08	0.013581000000000001	0.107563	0.127219	0.102184	0.65641	857200.0
2014-10-07	-0.020055	0.09650299999999999	0.09792200000000001	0.089812	-0.989109	808700.0
2014-10-06	0.0018260000000000001	0.115568	0.117802	0.106021	0.089916	373300.0
2014-10-03	-0.004545	0.096545	0.10705999999999999	0.091895	-0.224796	1075500.0
2014-10-02	-0.015747999999999998	0.10594500000000001	0.106741	0.083655	-0.791287	1012300.0
2014-10-01	-0.009747	0.111327	0.111327	0.096743	-0.49455200000000005	533700.0
2014-09-30	0.012924000000000001	0.12369300000000001	0.133475	0.120699	0.647415	699200.0
2014-09-29	-0.006775	0.099425	0.105374	0.097443	-0.341694	495200.0
2014-09-26	0.004297	0.11769	0.12306700000000001	0.11311099999999999	0.215809	624300.0
2014-09-25	-0.018971000000000002	0.106841	0.107427	0.08242200000000001	-0.971123	1107400.0
2014-09-24	0.020983	0.13185999999999998	0.13983800000000002	0.124082	1.052052	1746200.0
2014-09-23	-0.026706	0.09250900000000001	0.09716799999999999	0.082414	-1.37576	1398300.0
2014-09-22	0.010584	0.12584700000000001	0.126436	0.112703	0.539513	1428600.0
2014-09-19	-0.00509	0.10665	0.114067	0.105869	-0.260765	875300.0
2014-09-18	0.008139	0.124708	0.126675	0.119198	0.413628	1873600.0
2014-09-17	0.006052	0.119439	0.126368	0.116272	0.305721	846400.0
2014-09-16	0.001248	0.10597100000000001	0.116079	0.105772	0.062942	526800.0
2014-09-15	-0.005671	0.107385	0.11329700000000001	0.105808	-0.287738	639900.0
2014-09-12	0.012561	0.117503	0.127281	0.11411099999999999	0.629436	596000.0
2014-09-11	-0.00197	0.104348	0.10992400000000001	0.10136	-0.098915	1223300.0
2014-09-10	0.000717	0.10753099999999999	0.116101	0.10474100000000001	0.035969	1749200.0
2014-09-09	0.005043	0.10971099999999999	0.118725	0.10610599999999999	0.25177	821300.0
2014-09-08	-0.004304	0.108924	0.111517	0.101145	-0.21580100000000002	869700.0
2014-09-05	0.002517	0.10591700000000001	0.11571400000000001	0.102117	0.125885	783100.0
2014-09-04	-0.001974	0.11131700000000001	0.116505	0.10632799999999999	-0.09890800000000001	675700.0
2014-09-03	0.013826	0.126479	0.13173900000000002	0.123242	0.68338	1164000.0
2014-09-02	0.004936	0.114351	0.121467	0.11170799999999999	0.242779	1519900.0
2014-08-29	0.0	0.11536800000000001	0.118824	0.10418599999999999	0.0	752000.0
2014-08-28	-0.009237	0.096403	0.10466199999999999	0.094389	-0.45858000000000004	2574800.0
2014-08-27	0.007665000000000001	0.112318	0.123482	0.110491	0.377651	874000.0
2014-08-26	0.019918	0.123501	0.137578	0.123294	0.962132	1127000.0
2014-08-25	0.019742	0.12203699999999999	0.13744800000000001	0.11971500000000002	0.935154	736700.0
2014-08-22	-0.019725	0.092455	0.09700800000000001	0.084591	-0.9531370000000001	1833700.0
2014-08-21	0.017996	0.123491	0.132128	0.12201600000000001	0.8542290000000001	927100.0
2014-08-20	-0.009382999999999999	0.099176	0.103976	0.094585	-0.449596	1668800.0
2014-08-19	-0.002807	0.10275	0.10941	0.101502	-0.134873	1603000.0
2014-08-18	0.018681	0.125894	0.13289	0.125682	0.881199	1029900.0
2014-08-15	-0.007379000000000001	0.119059	0.122847	0.096333	-0.350681	2765100.0
2014-08-14	0.008395	0.115086	0.121451	0.114449	0.39564099999999996	1007000.0
2014-08-13	0.006917	0.120234	0.12343900000000001	0.115747	0.323712	1818100.0
2014-08-12	-0.000768	0.103788	0.11126099999999998	0.10229400000000001	-0.035973000000000005	709500.0
2014-08-11	-0.004396	0.109989	0.114453	0.10531300000000002	-0.20681	836200.0
2014-08-08	0.017305	0.121197	0.13136	0.116872	0.8002779999999999	783100.0
2014-08-07	-0.020381	0.104277	0.10681900000000001	0.086271	-0.9621350000000001	812300.0
2014-08-06	-0.008873	0.09154	0.10476700000000001	0.09154	-0.422616	949300.0
2014-08-05	-0.013961000000000001	0.10342	0.10466199999999999	0.090999	-0.674392	364800.0
2014-08-04	0.009964	0.116506	0.123196	0.110233	0.47657	594900.0
2014-08-01	0.017601	0.13254000000000002	0.134029	0.12232699999999999	0.8272510000000001	3368300.0
2014-07-31	0.001725	0.134494	0.139182	0.114033	0.080929	1078100.0
2014-07-30	0.015175	0.121202	0.128991	0.112548	0.701367	2371300.0
2014-07-29	0.004299	0.125805	0.12754300000000002	0.116895	0.197822	1328800.0
2014-07-28	0.00412	0.11997000000000001	0.122806	0.111024	0.188824	1364700.0
2014-07-25	-0.020373	0.105275	0.105702	0.086465	-0.9531370000000001	671200.0
2014-07-24	0.0015400000000000001	0.114256	0.115754	0.109974	0.071938	963500.0
2014-07-23	0.002509	0.116836	0.11790899999999999	0.1119	0.11689400000000001	530700.0
2014-07-22	0.0068	0.119029	0.12464700000000001	0.11514	0.314712	594700.0
2014-07-21	-0.001745	0.106938	0.111252	0.10240899999999999	-0.080925	832000.0
2014-07-18	0.013165999999999999	0.11823399999999999	0.129379	0.11582999999999999	0.602459	296100.0
2014-07-17	-0.018515	0.104179	0.111686	0.08830700000000001	-0.8632200000000001	755200.0
2014-07-16	0.008166	0.12141300000000001	0.121629	0.11470999999999999	0.377659	686200.0
2014-07-15	-0.009247	0.109544	0.111044	0.09754700000000001	-0.43161000000000005	842600.0
2014-07-14	0.005423	0.122885	0.125039	0.11599200000000001	0.25177	439700.0
2014-07-11	-0.0007740000000000001	0.10737999999999999	0.11814200000000001	0.105012	-0.035965	806400.0
2014-07-10	-0.010911	0.097639	0.10381199999999999	0.095723	-0.5125350000000001	1065000.0
2014-07-09	0.008494	0.11383299999999999	0.12285	0.110827	0.39564099999999996	392900.0
2014-07-08	-0.009559999999999999	0.11041400000000001	0.111052	0.10127	-0.449596	556300.0
2014-07-07	-0.021515	0.08902	0.097758	0.085482	-1.034066	1263700.0
2014-07-03	0.004699	0.114205	0.11734100000000001	0.11190599999999999	0.22479699999999997	345500.0
2014-07-02	-0.001501	0.102931	0.112115	0.101261	-0.071934	791100.0
2014-07-01	0.002069	0.11044200000000001	0.11839000000000001	0.10709500000000001	0.098911	598900.0
2014-06-30	-0.0026260000000000003	0.109403	0.11294900000000001	0.105648	-0.125889	777300.0
2014-06-27	0.006418999999999999	0.113375	0.120303	0.10791600000000001	0.305725	1462000.0
2014-06-26	-0.009907	0.107126	0.107957	0.09340599999999999	-0.47657	826500.0
2014-06-25	-0.0052060000000000006	0.103223	0.106945	0.099914	-0.25177	987800.0
2014-06-24	-0.010487999999999999	0.10740899999999999	0.110273	0.099428	-0.5125390000000001	965400.0
2014-06-23	-0.003118	0.104975	0.10864700000000001	0.099468	-0.152862	632200.0
2014-06-20	0.002206	0.11129700000000001	0.116203	0.110071	0.107902	897300.0
2014-06-19	0.012281	0.12246199999999999	0.126187	0.118323	0.593464	5152900.0
2014-06-18	-0.004999	0.112321	0.11273299999999999	0.103055	-0.24278200000000003	1416400.0
2014-06-17	0.0031579999999999998	0.106951	0.11686600000000001	0.106331	0.152862	530100.0
2014-06-16	0.001116	0.112942	0.114803	0.10570399999999999	0.053954999999999996	365000.0
2014-06-13	0.0016760000000000002	0.111079	0.1175	0.110251	0.080925	467400.0
2014-06-12	0.001679	0.113567	0.11564200000000001	0.11004000000000001	0.080929	449900.0
2014-06-11	-0.003718	0.11046099999999999	0.111081	0.10425999999999999	-0.17984	2533800.0
2014-06-10	-0.00037200000000000004	0.113561	0.11810699999999999	0.11046199999999999	-0.017981999999999998	797000.0
2014-06-09	-0.005176	0.099987	0.106359	0.098548	-0.25177	378300.0
2014-06-06	0.001852	0.112115	0.114174	0.10820199999999999	0.089916	417000.0
2014-06-05	0.008592	0.11481500000000001	0.12167	0.112323	0.413624	774600.0
2014-06-04	0.004691	0.11566300000000002	0.11733199999999999	0.111697	0.224796	649600.0
2014-06-03	0.004524	0.11400199999999999	0.117146	0.11106700000000001	0.21580500000000002	2610100.0
2014-06-02	-0.00469	0.10794200000000001	0.10982	0.10314300000000001	-0.224793	946700.0
2014-05-30	0.000375	0.108775	0.11879400000000001	0.10710499999999999	0.017983000000000002	845300.0
2014-05-29	0.005473	0.114423	0.118201	0.112535	0.260765	632100.0
2014-05-28	-0.003573	0.10626	0.11085999999999999	0.099986	-0.170845	1043300.0
2014-05-27	0.007388	0.12096300000000001	0.12307	0.11295799999999999	0.350681	724500.0
2014-05-23	-0.0009460000000000001	0.112115	0.11464	0.108537	-0.04496	228600.0
2014-05-22	-0.004521	0.09954400000000001	0.109391	0.098496	-0.21580500000000002	1364000.0
2014-05-21	0.009893	0.113596	0.123329	0.11296099999999999	0.467579	374900.0
2014-05-20	-0.008302	0.10896700000000001	0.11190499999999999	0.100364	-0.39564499999999997	391600.0
2014-05-19	-0.001883	0.104575	0.11002100000000001	0.101852	-0.089916	495200.0
2014-05-16	0.009314	0.118245	0.122473	0.113595	0.440601	1097700.0
2014-05-15	0.000571	0.108096	0.115922	0.100482	0.026974	746400.0
2014-05-14	0.002861	0.126326	0.130144	0.115297	0.134876	1463700.0
2014-05-13	-0.007006999999999999	0.108324	0.108956	0.102426	-0.33269499999999996	511700.0
2014-05-12	0.015775	0.13008699999999998	0.131157	0.12430999999999999	0.7373350000000001	876400.0
2014-05-09	-0.012912999999999999	0.105779	0.108102	0.097754	-0.611446	827100.0
2014-05-08	-0.008286	0.105832	0.11023	0.100177	-0.39564499999999997	1340400.0
2014-05-07	0.012393000000000001	0.116568	0.131622	0.10999500000000001	0.584472	849000.0
2014-05-06	-0.0033	0.14965499999999998	0.153247	0.145005	-0.15617	578800.0
2014-05-05	0.009439	0.144507	0.165626	0.143014	0.442475	583300.0
2014-05-02	-0.006984000000000001	0.138632	0.14816500000000002	0.136725	-0.329685	1884600.0
2014-05-01	0.011337999999999999	0.15904000000000001	0.16653900000000002	0.156684	0.5292319999999999	862500.0
2014-04-30	0.008813	0.172065	0.172065	0.162771	0.40776399999999996	1301100.0
2014-04-29	-0.007814	0.13652999999999998	0.146823	0.13331400000000002	-0.36438400000000004	2307400.0
2014-04-28	0.017414	0.17094	0.17421199999999998	0.15654	0.79818	1872800.0
2014-04-25	0.0020870000000000003	0.158735	0.159172	0.147803	0.09544	676500.0
2014-04-24	-0.008463	0.15304700000000002	0.153264	0.141774	-0.390415	512900.0
2014-04-23	-0.004121	0.15434	0.155204	0.146784	-0.190872	822300.0
2014-04-22	0.020061000000000002	0.172653	0.177938	0.165166	0.9109719999999999	1657900.0
2014-04-21	0.0	0.15701800000000002	0.15701800000000002	0.149971	0.0	483200.0
2014-04-17	0.012967	0.158859	0.171128	0.15529	0.581287	863700.0
2014-04-16	0.002522	0.157533	0.159993	0.149482	0.11278599999999998	624800.0
2014-04-15	-0.003288	0.150384	0.151276	0.133221	-0.147492	896800.0
2014-04-14	0.00937	0.162063	0.16633699999999998	0.155763	0.416447	623400.0
2014-04-11	-0.010813	0.144379	0.152613	0.137034	-0.48585500000000004	1527400.0
2014-04-10	-0.02283	0.152178	0.152396	0.125864	-1.0497889999999999	1743500.0
2014-04-09	0.009524	0.15832100000000002	0.16359	0.150198	0.433799	2846200.0
2014-04-08	0.013122	0.161733	0.172854	0.16062	0.589962	1116700.0
2014-04-07	0.011517	0.167462	0.16836199999999998	0.153738	0.511883	3269100.0
2014-04-04	-0.015565	0.149069	0.15416400000000002	0.13467300000000001	-0.702751	2053800.0
2014-04-03	0.000384	0.15416400000000002	0.15704500000000002	0.14795999999999998	0.017353	8366400.0
2014-04-02	0.003472	0.148833	0.15705999999999998	0.14816600000000002	0.156166	1681900.0
2014-04-01	-0.008416	0.142031	0.14644000000000001	0.13938499999999998	-0.381741	573200.0
2014-03-31	0.005771	0.165918	0.169466	0.156605	0.260277	507500.0
2014-03-28	0.004445	0.160854	0.16375	0.155954	0.199551	362900.0
2014-03-27	-0.004808	0.143304	0.149953	0.139757	-0.2169	554500.0
2014-03-26	-0.001536	0.15526900000000002	0.159253	0.14818699999999999	-0.069412	1638900.0
2014-03-25	0.019178	0.165921	0.179681	0.16434200000000002	0.85025	1524600.0
2014-03-24	0.007095000000000001	0.166697	0.16783299999999998	0.147161	0.312328	857300.0
2014-03-21	0.00955	0.174629	0.185637	0.16362100000000002	0.416447	1737800.0
2014-03-20	-0.003963	0.138451	0.154212	0.137994	-0.173515	1560100.0
2014-03-19	0.000992	0.15901500000000002	0.168847	0.14804	0.043377	4237400.0
2014-03-18	0.006790000000000001	0.1609	0.166655	0.155836	0.294979	2244000.0
2014-03-17	0.007445	0.164673	0.171166	0.161194	0.32101	869300.0
2014-03-14	-0.00020099999999999998	0.154468	0.159801	0.145425	-0.008674	1616000.0
2014-03-13	-0.021263999999999998	0.153067	0.154883	0.12061500000000001	-0.9370040000000001	958100.0
2014-03-12	-0.007814	0.140004	0.146309	0.136627	-0.347035	526600.0
2014-03-11	-0.020662	0.14291099999999998	0.145336	0.127475	-0.9370040000000001	478400.0
2014-03-10	0.006547	0.167484	0.171035	0.155943	0.294983	1013400.0
2014-03-07	-0.011609999999999999	0.14910299999999999	0.14910299999999999	0.13243	-0.5292319999999999	1243000.0
2014-03-06	0.014286000000000002	0.165964	0.169524	0.16106900000000002	0.642021	855700.0
2014-03-05	-0.003655	0.148623	0.153722	0.146406	-0.164848	1385900.0
2014-03-04	0.024030000000000003	0.184851	0.18621300000000002	0.174862	1.058468	833100.0
2014-03-03	-0.020640000000000002	0.152613	0.152613	0.120152	-0.928326	1623100.0
2014-02-28	0.006797	0.158881	0.168731	0.152613	0.303658	1102900.0
2014-02-27	0.000583	0.150597	0.160005	0.149029	0.026026999999999998	1021000.0
2014-02-26	0.0031190000000000002	0.155309	0.16205	0.15216400000000002	0.138817	1002900.0
2014-02-25	-0.000974	0.14363499999999998	0.15306199999999998	0.140043	-0.043381	1064500.0
2014-02-24	0.013019999999999999	0.155114	0.172851	0.153978	0.572613	1158200.0
2014-02-21	0.002373	0.153069	0.16081900000000002	0.151702	0.104111	1225000.0
2014-02-20	0.002975	0.148955	0.160386	0.144841	0.130134	1098900.0
2014-02-19	-0.000198	0.156499	0.160156	0.15124200000000002	-0.00867	1752000.0
2014-02-18	0.000198	0.155356	0.15901400000000002	0.14918399999999998	0.00867	1285300.0
2014-02-14	0.018792	0.160997	0.17567	0.158436	0.806862	2198200.0
2014-02-13	0.006712999999999999	0.152379	0.163164	0.15144100000000002	0.286312	1537100.0
2014-02-12	-0.0056630000000000005	0.14771700000000001	0.155877	0.145619	-0.242927	1232400.0
2014-02-11	0.027645	0.16938399999999998	0.184477	0.167228	1.1539	2705600.0
2014-02-10	-0.006608	0.173557	0.174509	0.13405	-0.277634	4288300.0
2014-02-07	0.013816	0.154302	0.17432899999999998	0.15140699999999999	0.572613	4577700.0
2014-02-06	-0.010768000000000002	0.123732	0.140202	0.12325499999999999	-0.45114499999999996	4360300.0
2014-02-05	-0.0059700000000000005	0.147393	0.150952	0.141699	-0.251606	3517400.0
2014-02-04	0.0016489999999999999	0.153088	0.157129	0.147385	0.069408	1523200.0
2014-02-03	-0.00818	0.164163	0.16487000000000002	0.14318499999999998	-0.347034	1086800.0
2014-01-31	-0.025508000000000003	0.119078	0.13561600000000001	0.11815899999999999	-1.110523	1059400.0
2014-01-30	0.025756	0.177824	0.186541	0.166986	1.09317	1508200.0
2014-01-29	-0.009717	0.129048	0.146547	0.12601400000000001	-0.416447	1006700.0
2014-01-28	0.0020280000000000003	0.154951	0.158458	0.150041	0.086762	1408500.0
2014-01-27	0.001625	0.161278	0.162683	0.14746099999999998	0.069408	1447700.0
2014-01-24	-0.030912000000000002	0.138316	0.140132	0.11221800000000001	-1.362125	4227600.0
2014-01-23	-0.014361	0.159995	0.160442	0.132259	-0.642018	2419000.0
2014-01-22	-0.0019370000000000001	0.150381	0.157301	0.148148	-0.086761	2459300.0
2014-01-21	0.015739	0.165312	0.170981	0.159416	0.6940729999999999	1991700.0
2014-01-17	-0.0068390000000000005	0.15148699999999998	0.157568	0.144731	-0.303654	945300.0
2014-01-16	0.000978	0.15238800000000002	0.157573	0.148105	0.043377	630100.0
2014-01-15	0.007289	0.15284	0.164648	0.149661	0.32101399999999997	1097300.0
2014-01-14	0.014591	0.165745	0.175191	0.161829	0.633343	1445600.0
2014-01-13	-0.015350999999999998	0.13151600000000002	0.14036300000000002	0.129475	-0.676724	1183300.0
2014-01-10	-0.000197	0.146036	0.152387	0.142407	-0.008674	795500.0
2014-01-09	-0.00509	0.150582	0.152162	0.139074	-0.225579	908700.0
2014-01-08	-0.015989	0.138625	0.139735	0.131075	-0.7201	5120700.0
2014-01-07	-0.001539	0.145519	0.152613	0.14285799999999998	-0.069412	3787200.0
2014-01-06	-0.0009609999999999999	0.153278	0.158593	0.151063	-0.043377	2947300.0
2014-01-03	0.005604	0.152613	0.161968	0.150609	0.251606	2223600.0
2014-01-02	-0.035055	0.11478699999999999	0.11586199999999999	0.10404100000000001	-1.631077	3560300.0
2013-12-31	0.013991	0.159805	0.16874	0.157844	0.642021	948300.0
2013-12-30	0.001704	0.144973	0.157852	0.142572	0.078079	998000.0
2013-12-27	0.01072	0.160777	0.16761600000000001	0.157908	0.48584799999999995	793700.0
2013-12-26	0.010836	0.16175699999999998	0.166218	0.156851	0.48585900000000004	293300.0
2013-12-24	-0.005389	0.14374	0.151061	0.143075	-0.24292399999999997	198200.0
2013-12-23	0.002315	0.14238599999999998	0.155281	0.137494	0.10410699999999999	761000.0
2013-12-20	0.006016	0.146574	0.159547	0.145679	0.268955	1308700.0
2013-12-19	0.013172999999999999	0.154426	0.167797	0.15170699999999998	0.581288	2428900.0
2013-12-18	0.013753	0.15743800000000002	0.174439	0.145491	0.59864	847000.0
2013-12-17	-0.008302	0.138943	0.14463900000000002	0.133247	-0.36439099999999996	1418100.0
2013-12-16	0.017907	0.167688	0.174645	0.163745	0.772159	668900.0
2013-12-13	-0.008182	0.14272200000000002	0.143643	0.133752	-0.355716	937100.0
2013-12-12	-0.000399	0.157442	0.164569	0.149624	-0.01735	1643800.0
2013-12-11	0.001198	0.169878	0.17218	0.151923	0.05205599999999999	810800.0
2013-12-10	-0.012036	0.153523	0.153523	0.13874	-0.5292359999999999	1137400.0
2013-12-09	-0.0076359999999999996	0.144263	0.146068	0.139974	-0.338356	734300.0
2013-12-06	0.007894	0.151704	0.167399	0.151704	0.347042	618200.0
2013-12-05	-0.004714	0.148765	0.15600899999999998	0.144689	-0.208225	2489000.0
2013-12-04	0.004142	0.142837	0.158524	0.139882	0.182186	1484700.0
2013-12-03	-0.025	0.139979	0.143082	0.12291099999999999	-1.127865	1168400.0
2013-12-02	-0.015711000000000003	0.138432	0.141923	0.128178	-0.720108	2380700.0
2013-11-29	0.0036090000000000002	0.164656	0.16553199999999998	0.156774	0.164845	1574500.0
2013-11-27	-0.0054789999999999995	0.15892799999999999	0.15892799999999999	0.144774	-0.251603	2049700.0
2013-11-26	0.003222	0.160915	0.160915	0.150866	0.14749600000000002	977900.0
2013-11-25	-0.00434	0.15174300000000002	0.153266	0.145218	-0.199547	376200.0
2013-11-22	0.007606	0.16225699999999998	0.162695	0.153052	0.347038	3084200.0
2013-11-21	-0.006236	0.153702	0.154138	0.142594	-0.286304	2562400.0
2013-11-20	-0.006756999999999999	0.154777	0.16105	0.139201	-0.31234	524000.0
2013-11-19	-0.013333000000000001	0.139166	0.142154	0.13447	-0.6246649999999999	632900.0
2013-11-18	0.000741	0.162012	0.163934	0.151545	0.034703	643000.0
2013-11-15	0.017154	0.165432	0.17434000000000002	0.162608	0.789509	775200.0
2013-11-14	0.001132	0.14587	0.159356	0.144783	0.052059	529600.0
2013-11-13	0.003408	0.137772	0.15654200000000001	0.137553	0.156162	802000.0
2013-11-12	0.001707	0.154144	0.157423	0.14999	0.078087	476100.0
2013-11-11	0.005148	0.156569	0.16426	0.15393199999999999	0.23424499999999998	398000.0
2013-11-08	0.004982	0.136933	0.158355	0.136933	0.225575	1143800.0
2013-11-07	-0.022659000000000002	0.15196600000000002	0.152397	0.126496	-1.049786	460900.0
2013-11-06	0.012322	0.17118599999999998	0.175556	0.16681600000000002	0.563934	758200.0
2013-11-05	-0.0024579999999999997	0.141933	0.150652	0.13692000000000001	-0.112785	1357000.0
2013-11-04	0.0036060000000000003	0.153926	0.15852	0.150426	0.164845	468100.0
2013-11-01	-0.014772	0.136234	0.137096	0.125026	-0.6854020000000001	779600.0
2013-10-31	0.012687	0.172693	0.177276	0.162435	0.581287	695700.0
2013-10-30	0.017141999999999998	0.178143	0.194571	0.172371	0.772163	1038000.0
2013-10-29	-0.003264	0.152392	0.153941	0.145975	-0.14749500000000001	1427700.0
2013-10-28	-0.0028710000000000003	0.145553	0.150627	0.142905	-0.130142	527400.0
2013-10-25	0.013189	0.16356700000000002	0.16781400000000002	0.155743	0.589966	3283800.0
2013-10-24	0.0062450000000000006	0.159137	0.163411	0.155088	0.277633	3162400.0
2013-10-23	-0.0021420000000000002	0.143859	0.152613	0.14363499999999998	-0.095436	866800.0
2013-10-22	0.014622	0.169694	0.176982	0.16605	0.642018	767400.0
2013-10-21	0.007164	0.155595	0.1611	0.15375999999999998	0.312336	691500.0
2013-10-18	0.0023940000000000003	0.14824500000000002	0.158131	0.144796	0.10411	957000.0
2013-10-17	0.017041999999999998	0.16453900000000002	0.172957	0.161733	0.728775	629500.0
2013-10-16	0.0	0.150275	0.15892699999999998	0.146299	0.0	750300.0
2013-10-15	-0.016166999999999997	0.13973	0.142951	0.13397799999999999	-0.702743	576800.0
2013-10-14	0.0022	0.144774	0.155149	0.143621	0.095432	476900.0
2013-10-11	0.011534	0.159377	0.165907	0.158444	0.49453400000000003	563600.0
2013-10-10	0.013744	0.163726	0.17010899999999998	0.16136099999999998	0.581287	721400.0
2013-10-09	-0.015549	0.142837	0.14330299999999999	0.127243	-0.668053	3012600.0
2013-10-08	-0.020763	0.148739	0.14965	0.128681	-0.9109719999999999	1066700.0
2013-10-07	0.0013859999999999999	0.154211	0.159689	0.151929	0.06072999999999999	491600.0
2013-10-04	0.0017850000000000001	0.156272	0.161759	0.154443	0.078087	1059000.0
2013-10-03	-0.004935	0.15193099999999998	0.158301	0.14510499999999998	-0.2169	1852900.0
2013-10-02	-0.009967	0.143378	0.144504	0.133917	-0.442471	1300900.0
2013-10-01	0.010665000000000001	0.15875999999999998	0.16581700000000002	0.156028	0.468495	483800.0
2013-09-30	-0.002168	0.150569	0.152386	0.143981	-0.095433	634300.0
2013-09-27	0.010757	0.162716	0.169374	0.159272	0.46850200000000003	1003100.0
2013-09-26	-0.002385	0.161088	0.162692	0.147345	-0.10411400000000001	1302600.0
2013-09-25	-0.004353	0.148508	0.15649000000000002	0.147596	-0.190868	748100.0
2013-09-24	0.001983	0.155355	0.15924000000000002	0.143701	0.086761	713000.0
2013-09-23	-0.011949	0.14854900000000001	0.149227	0.13658299999999998	-0.5292319999999999	1395900.0
2013-09-20	0.004131	0.164402	0.167576	0.156467	0.182194	4341800.0
2013-09-19	0.008329999999999999	0.158557	0.164958	0.154442	0.364383	6951600.0
2013-09-18	0.023549	0.142552	0.18045799999999998	0.142084	1.006413	4685600.0
2013-09-17	0.02732	0.172805	0.184103	0.172565	1.136547	2200100.0
2013-09-16	-0.00020800000000000001	0.164149	0.16510999999999998	0.152373	-0.008675	2392200.0
2013-09-13	0.0	0.151892	0.158381	0.146845	0.0	1615700.0
2013-09-12	-0.025401	0.13106500000000001	0.133407	0.12146099999999999	-1.084495	1733100.0
2013-09-11	0.004286	0.156612	0.162493	0.153554	0.182197	2081600.0
2013-09-10	0.016597	0.170787	0.173178	0.166244	0.6940729999999999	1694700.0
2013-09-09	-0.011484999999999999	0.136776	0.14694000000000002	0.132993	-0.48584700000000003	1120500.0
2013-09-06	0.019018	0.16200799999999999	0.17790599999999998	0.154299	0.789508	1488700.0
2013-09-05	-0.001877	0.14588099999999998	0.157181	0.143717	-0.078083	781900.0
2013-09-04	0.006297	0.13858099999999998	0.16229100000000002	0.137371	0.260277	2171100.0
2013-09-03	-0.00293	0.164192	0.166364	0.13259100000000001	-0.12145999999999998	5158600.0
2013-08-30	-0.027676	0.142762	0.142762	0.12000999999999999	-1.1799309999999998	2450700.0
2013-08-29	0.002448	0.144619	0.158021	0.143208	0.10411	3778500.0
2013-08-28	-0.010695999999999999	0.14796099999999998	0.149124	0.136795	-0.459823	10014400.0
2013-08-27	-0.024606	0.13968	0.148075	0.124252	-1.084492	6618100.0
2013-08-26	0.005940999999999999	0.164253	0.173611	0.15831900000000002	0.260277	2568600.0
2013-08-23	0.004975	0.148026	0.158348	0.14366800000000002	0.2169	1956000.0
2013-08-22	0.001196	0.162948	0.164096	0.15123499999999998	0.052059	3019400.0
2013-08-21	-0.030144999999999998	0.141031	0.143704	0.117868	-1.3534469999999998	6403200.0
2013-08-20	0.002907	0.161102	0.162665	0.153283	0.130138	909500.0
2013-08-19	-0.002513	0.155064	0.156401	0.14682	-0.11278900000000001	581300.0
2013-08-16	0.0038810000000000003	0.159771	0.159771	0.151719	0.173519	1002900.0
2013-08-15	-0.006745999999999999	0.13861700000000002	0.14861400000000002	0.12772999999999998	-0.303657	2360500.0
2013-08-14	-0.0068909999999999996	0.142243	0.149083	0.14114000000000002	-0.31234	1946000.0
2013-08-13	0.008689	0.149052	0.162628	0.14615899999999998	0.390419	1893200.0
2013-08-12	-0.019315	0.12402200000000001	0.13253399999999999	0.12402200000000001	-0.8849450000000001	1621700.0
2013-08-09	0.000379	0.14824600000000002	0.154142	0.146063	0.017353	1394600.0
2013-08-08	0.009755	0.16628199999999999	0.168267	0.155479	0.442474	2292900.0
2013-08-07	0.009072	0.158397	0.168853	0.154838	0.407769	4281900.0
2013-08-06	0.015484	0.175205	0.178142	0.16458699999999998	0.6854020000000001	3710400.0
2013-08-05	-0.002542	0.143149	0.153064	0.139994	-0.112793	1986200.0
2013-08-02	0.001959	0.142905	0.154871	0.142679	0.086765	4677000.0
2013-08-01	-0.008353	0.135597	0.145225	0.129552	-0.373066	2827000.0
2013-07-31	-0.025	0.158289	0.168549	0.123798	-1.145226	2805600.0
2013-07-30	0.004184	0.169493	0.171685	0.157436	0.19087300000000001	622300.0
2013-07-29	-0.008486	0.148918	0.151526	0.142832	-0.390419	494200.0
2013-07-26	-0.003944	0.14785	0.155211	0.14222100000000001	-0.182194	549900.0
2013-07-25	0.007379000000000001	0.149996	0.161119	0.146289	0.33836	1084500.0
2013-07-24	0.002656	0.15895499999999999	0.159611	0.148896	0.12146400000000002	685000.0
2013-07-23	-0.008651	0.145893	0.14871099999999998	0.140257	-0.39909	467300.0
2013-07-22	0.015858	0.162743	0.17089100000000002	0.162083	0.7201	407900.0
2013-07-19	-0.013941	0.129161	0.141322	0.127858	-0.642021	508600.0
2013-07-18	0.016858	0.155042	0.172044	0.153276	0.7634850000000001	596900.0
2013-07-17	0.0057799999999999995	0.160164	0.163273	0.149282	0.260277	663000.0
2013-07-16	-0.010486	0.143164	0.143823	0.13525299999999998	-0.477181	561300.0
2013-07-15	0.0009539999999999999	0.157892	0.15987200000000001	0.148214	0.043385	560500.0
2013-07-12	-0.002285	0.144054	0.14998	0.136373	-0.104111	847800.0
2013-07-11	0.030006	0.178835	0.188103	0.168889	1.327416	1160300.0
2013-07-10	-0.0056549999999999994	0.143847	0.147444	0.138678	-0.25159899999999996	1134200.0
2013-07-09	-0.00774	0.156182	0.157297	0.142354	-0.347038	992500.0
2013-07-08	0.011944	0.169992	0.17563399999999998	0.161867	0.5292319999999999	508000.0
2013-07-05	0.011487	0.179094	0.18343199999999998	0.156722	0.5032	868800.0
2013-07-03	-0.007859999999999999	0.142421	0.146951	0.134267	-0.347038	410100.0
2013-07-02	-0.014905000000000002	0.142573	0.151051	0.134095	-0.668045	607000.0
2013-07-01	0.002912	0.16536800000000001	0.168501	0.15597	0.130139	898100.0
2013-06-28	-0.005982	0.155727	0.16128800000000001	0.14460599999999998	-0.268956	573900.0
2013-06-27	0.000386	0.158399	0.172194	0.153058	0.017357	1607100.0
2013-06-26	0.040788	0.18874100000000002	0.199626	0.18387799999999999	1.761212	1206100.0
2013-06-25	-0.007775	0.14572000000000002	0.148707	0.13354100000000002	-0.33836	2067200.0
2013-06-24	-0.023174	0.118271	0.13330999999999998	0.116699	-1.032437	1721300.0
2013-06-21	0.008841	0.16303	0.168691	0.150122	0.390416	1929600.0
2013-06-20	-0.046816	0.12131600000000001	0.12325799999999999	0.096062	-2.168984	1499800.0
2013-06-19	-0.021261000000000002	0.150289	0.154937	0.125995	-1.006409	541800.0
2013-06-18	-0.008361	0.141929	0.1457	0.13752999999999999	-0.39908899999999997	581200.0
2013-06-17	0.023818000000000002	0.18371300000000002	0.189718	0.177278	1.110515	1264700.0
2013-06-14	-0.004631000000000001	0.14877	0.154961	0.141512	-0.2169	374700.0
2013-06-13	0.008782	0.14593699999999998	0.162735	0.142707	0.40777199999999997	371300.0
2013-06-12	0.010001999999999999	0.176757	0.179585	0.162401	0.45982799999999996	906400.0
2013-06-11	-0.00563	0.140501	0.15304600000000002	0.138771	-0.260281	556700.0
2013-06-10	-0.0014990000000000001	0.155421	0.157365	0.148294	-0.069404	470200.0
2013-06-07	0.007170999999999999	0.150221	0.171537	0.147393	0.329685	693100.0
2013-06-06	0.006840000000000001	0.151518	0.164877	0.146919	0.312332	2655000.0
2013-06-05	-0.016262000000000002	0.13904	0.141841	0.128915	-0.754807	1401300.0
2013-06-04	0.005261	0.151747	0.161276	0.146116	0.24292399999999997	897200.0
2013-06-03	0.002449	0.15565299999999999	0.160429	0.140021	0.11278900000000001	1485000.0
2013-05-31	-0.027299	0.13952	0.144377	0.121148	-1.2927170000000001	1360100.0
2013-05-30	0.0038619999999999995	0.15876099999999999	0.167241	0.157065	0.182198	501500.0
2013-05-29	-0.018946	0.14138199999999998	0.141798	0.121209	-0.9109729999999999	914700.0
2013-05-28	0.010208	0.16858099999999998	0.175304	0.164379	0.48585200000000006	2648900.0
2013-05-24	0.005497999999999999	0.157683	0.15937300000000001	0.14838800000000002	0.260276	1340800.0
2013-05-23	-0.008901000000000001	0.138166	0.15470699999999998	0.135863	-0.425117	1184900.0
2013-05-22	0.0	0.15282300000000001	0.169573	0.146123	0.0	1097600.0
2013-05-21	0.022474	0.162889	0.178517	0.160106	1.049786	1564100.0
2013-05-20	-0.01211	0.145	0.150498	0.138655	-0.572613	972100.0
2013-05-17	0.00535	0.14921099999999998	0.162606	0.148786	0.251606	1646200.0
2013-05-16	-0.004956	0.15303599999999998	0.163192	0.144362	-0.23424899999999999	1283600.0
2013-05-15	-0.005477	0.137043	0.15135099999999999	0.13557	-0.260281	699200.0
2013-05-14	-0.0009119999999999999	0.15282300000000001	0.158289	0.150301	-0.043381	1420500.0
2013-05-13	-0.002365	0.146531	0.15575899999999998	0.144224	-0.11278900000000001	584100.0
2013-05-10	0.012155	0.168321	0.17086800000000002	0.16131600000000001	0.572613	935900.0
2013-05-09	-0.008943000000000001	0.142516	0.148616	0.140202	-0.42511800000000005	555400.0
2013-05-08	0.02163	0.177329	0.183777	0.173675	1.006409	836000.0
2013-05-07	0.011124	0.171954	0.17260599999999998	0.16087100000000001	0.511883	1369000.0
2013-05-06	-0.013722999999999999	0.147727	0.15094100000000002	0.13551	-0.640289	1075000.0
2013-05-03	0.011636	0.199459	0.20921599999999999	0.19729100000000002	0.536678	1590800.0
2013-05-02	0.040288	0.204701	0.240565	0.20425	1.7861330000000002	2197100.0
2013-05-01	-0.008997	0.189392	0.197439	0.177768	-0.402508	1622800.0
2013-04-30	-0.021100999999999998	0.18902	0.194928	0.16735799999999998	-0.9643440000000001	2015800.0
2013-04-29	0.021363999999999998	0.216658	0.22313899999999998	0.206377	0.955959	2180300.0
2013-04-26	0.001314	0.204158	0.20617199999999997	0.19364	0.058697000000000006	2036900.0
2013-04-25	-0.026489	0.175529	0.179232	0.160279	-1.215908	2420200.0
2013-04-24	0.008475	0.205483	0.2079	0.197135	0.385734	2111800.0
2013-04-23	0.029005	0.21851900000000002	0.23321399999999998	0.217615	1.2829979999999999	2611800.0
2013-04-22	-0.003965	0.182839	0.19004400000000002	0.170679	-0.176098	5579000.0
2013-04-19	0.007802	0.192294	0.202733	0.189344	0.34380700000000003	1209500.0
2013-04-18	0.002098	0.197069	0.19911600000000002	0.186154	0.09224700000000001	1273200.0
2013-04-17	-0.035498	0.16883299999999998	0.170149	0.139223	-1.618424	5228700.0
2013-04-16	0.010218999999999999	0.200498	0.20714499999999997	0.194958	0.46120900000000004	12164900.0
2013-04-15	0.026511	0.21412899999999999	0.225956	0.21276399999999998	1.1655959999999999	9318300.0
2013-04-12	-0.003611	0.18187	0.18821500000000002	0.172805	-0.159321	1062700.0
2013-04-11	0.007273999999999999	0.195945	0.209642	0.192065	0.31864899999999996	1056000.0
2013-04-10	0.013385	0.196454	0.208946	0.195297	0.5786060000000001	1231500.0
2013-04-09	0.010784	0.20327699999999999	0.208188	0.19182000000000002	0.461208	4194900.0
2013-04-08	0.006711	0.204762	0.204762	0.191109	0.285111	1805000.0
2013-04-05	-0.012861000000000001	0.162545	0.182529	0.160919	-0.553452	2819800.0
2013-04-04	-0.006389	0.172434	0.184902	0.169433	-0.276726	1850100.0
2013-04-03	-0.005966	0.187243	0.19550499999999998	0.17943900000000002	-0.259948	5220200.0
2013-04-02	0.019622999999999998	0.20211500000000002	0.21826199999999998	0.19930699999999998	0.8385540000000001	1581900.0
2013-04-01	-0.002349	0.191821	0.19719	0.188085	-0.100624	898600.0
2013-03-28	0.018544	0.201319	0.219629	0.199655	0.7798579999999999	3021500.0
2013-03-27	-0.007717	0.164678	0.184263	0.164678	-0.327034	3135100.0
2013-03-26	0.0108	0.20468499999999998	0.209932	0.199199	0.45281899999999997	3464000.0
2013-03-25	-0.013612	0.18217	0.188522	0.162173	-0.578601	10186200.0
2013-03-22	0.014612	0.200159	0.213049	0.198727	0.6121439999999999	2396400.0
2013-03-21	-0.015178	0.16431199999999999	0.180532	0.162432	-0.645695	6253500.0
2013-03-20	0.030469	0.21868200000000002	0.23370100000000002	0.216502	1.25784	1466100.0
2013-03-19	0.003875	0.19738499999999998	0.202735	0.183038	0.15933599999999998	2068300.0
2013-03-18	-0.018218	0.159575	0.180106	0.157426	-0.763096	2065600.0
2013-03-15	0.013184999999999999	0.194698	0.208244	0.19300499999999998	0.545063	2819800.0
2013-03-14	0.004686999999999999	0.188147	0.19908299999999998	0.184501	0.19287100000000001	1006000.0
2013-03-13	0.001633	0.188383	0.194712	0.179133	0.06708099999999999	1537500.0
2013-03-12	-0.002037	0.187906	0.197623	0.181832	-0.083854	1747100.0
2013-03-11	-0.006476000000000001	0.182626	0.190832	0.179971	-0.268338	3424300.0
2013-03-08	0.006519	0.196894	0.201509	0.186934	0.268338	3845900.0
2013-03-07	0.016567	0.20511500000000002	0.21746300000000002	0.204622	0.670845	876200.0
2013-03-06	-0.002479	0.194492	0.195724	0.183407	-0.100624	749700.0
2013-03-05	0.016163	0.20779099999999998	0.220056	0.20704	0.645691	1316300.0
2013-03-04	0.014696	0.201157	0.211571	0.19861700000000002	0.578605	1172500.0
2013-03-01	-0.005507	0.183428	0.192269	0.17483900000000002	-0.218021	735100.0
2013-02-28	0.005752	0.18515399999999999	0.207256	0.182867	0.226406	1488900.0
2013-02-27	0.014261000000000001	0.19226400000000002	0.211589	0.189429	0.553455	2923100.0
2013-02-26	-0.008569	0.202229	0.208616	0.181281	-0.335426	3031800.0
2013-02-25	-0.033139999999999996	0.210058	0.210799	0.151766	-1.341698	3280300.0
2013-02-22	0.020072	0.20033199999999998	0.22023600000000002	0.195796	0.7966270000000001	7769800.0
2013-02-21	-0.031116	0.158833	0.162494	0.146627	-1.274604	3182200.0
2013-02-20	-0.016905	0.184841	0.188201	0.172362	-0.704392	828100.0
2013-02-19	0.034776999999999995	0.220335	0.234242	0.217852	1.4003940000000001	938000.0
2013-02-15	-0.004973	0.199193	0.20117000000000002	0.185602	-0.201248	881800.0
2013-02-14	-0.025641000000000004	0.164351	0.171574	0.159777	-1.064972	2502800.0
2013-02-13	0.014543	0.196918	0.209864	0.196918	0.595375	1493800.0
2013-02-12	0.016872	0.196247	0.21586999999999998	0.19426	0.679234	3086300.0
2013-02-11	0.032029	0.237382	0.237382	0.215336	1.249451	4500600.0
2013-02-08	0.026931999999999998	0.198576	0.245171	0.19647	1.023044	10888800.0
2013-02-07	-0.043093	0.136598	0.14239200000000002	0.12097999999999999	-1.710663	5893300.0
2013-02-06	-0.009415999999999999	0.165572	0.181791	0.161829	-0.377349	2133900.0
2013-02-05	0.010359	0.21143	0.21672399999999997	0.201849	0.41089200000000003	1613200.0
2013-02-04	-0.040373	0.168327	0.169537	0.137843	-1.6687319999999999	1131600.0
2013-02-01	0.012531	0.20232	0.21138400000000002	0.197666	0.511521	591200.0
2013-01-31	-0.007745999999999999	0.185472	0.193493	0.17866600000000002	-0.318653	461400.0
2013-01-30	0.005328	0.203029	0.21109299999999998	0.19863	0.218029	1864900.0
2013-01-29	-0.0024530000000000003	0.187158	0.19276500000000002	0.184477	-0.100628	1947800.0
2013-01-28	-0.007305	0.196635	0.196635	0.181148	-0.30188400000000004	1307000.0
2013-01-25	0.016082	0.205553	0.2117	0.199406	0.654076	1151300.0
2013-01-24	0.009785	0.198232	0.20791500000000002	0.196245	0.394119	1192400.0
2013-01-23	0.007552	0.196524	0.203778	0.194272	0.30188400000000004	1015600.0
2013-01-22	-0.001257	0.197018	0.197018	0.185026	-0.050316	1435300.0
2013-01-18	-0.026713	0.17160799999999998	0.175742	0.15945	-1.098503	1308700.0
2013-01-17	0.021879	0.209916	0.221098	0.203952	0.8804780000000001	2174700.0
2013-01-16	0.0018789999999999998	0.202729	0.204471	0.194762	0.075473	2180800.0
2013-01-15	-0.016225	0.177826	0.18223399999999998	0.16631500000000002	-0.66246	2034300.0
2013-01-14	-0.0036829999999999996	0.191057	0.19276500000000002	0.18349200000000002	-0.150944	1168100.0
2013-01-11	0.008669	0.206058	0.21295	0.199905	0.352196	1478400.0
2013-01-10	0.007905	0.200708	0.208646	0.19649	0.318653	3218500.0
2013-01-09	-0.010498	0.177547	0.188839	0.177302	-0.427662	671000.0
2013-01-08	0.01103	0.19947	0.20741199999999999	0.197237	0.444432	1139800.0
2013-01-07	0.00041600000000000003	0.184079	0.195252	0.182341	0.016769	1311100.0
2013-01-04	0.006706999999999999	0.191521	0.20701799999999998	0.191022	0.268345	2355800.0
2013-01-03	-0.004382	0.18829100000000001	0.19401400000000002	0.184807	-0.176098	896300.0
2013-01-02	0.011397	0.208378	0.210643	0.197303	0.452824	623100.0
2012-12-31	0.014996	0.198908	0.214491	0.196864	0.58699	995800.0
2012-12-28	-0.01747	0.178716	0.181728	0.166417	-0.6960069999999999	529800.0
2012-12-27	0.0040149999999999995	0.20310599999999998	0.208902	0.188237	0.159329	947400.0
2012-12-26	0.002755	0.197575	0.202882	0.192521	0.109008	520700.0
2012-12-24	-0.008612999999999999	0.191519	0.19177	0.168721	-0.343803	329600.0
2012-12-21	0.0035840000000000004	0.19025799999999998	0.19931	0.187744	0.142551	1070900.0
2012-12-20	0.014763	0.212167	0.212677	0.20527800000000002	0.5786060000000001	1100300.0
2012-12-19	-0.018686	0.181505	0.18425899999999998	0.169237	-0.746319	1511100.0
2012-12-18	0.016866	0.197613	0.215944	0.197613	0.6624680000000001	1794500.0
2012-12-17	-0.0038280000000000002	0.181362	0.19175999999999999	0.180855	-0.150944	1784800.0
2012-12-14	0.002559	0.18947	0.20294600000000002	0.18591	0.100625	1473200.0
2012-12-13	0.005144	0.196099	0.202489	0.19430999999999998	0.201259	1354500.0
2012-12-12	-0.0053289999999999995	0.192521	0.195572	0.182098	-0.209644	1978000.0
2012-12-11	0.014929	0.20516399999999999	0.211356	0.202068	0.578609	2106400.0
2012-12-10	-0.002159	0.188144	0.19303599999999999	0.185055	-0.083858	1655700.0
2012-12-07	0.005645000000000001	0.19459200000000001	0.19925299999999999	0.185789	0.218021	757300.0
2012-12-06	0.005677000000000001	0.197468	0.199291	0.187574	0.218033	692400.0
2012-12-05	0.008588	0.19514700000000001	0.20722800000000002	0.193572	0.327038	1290700.0
2012-12-04	0.008215	0.204701	0.204701	0.195698	0.310264	519200.0
2012-12-03	0.009413	0.19947	0.207488	0.19786700000000002	0.3522	923300.0
2012-11-30	-0.009545	0.18749200000000002	0.19225599999999998	0.174786	-0.360584	1682400.0
2012-11-29	0.009863	0.20749099999999998	0.20989699999999997	0.195996	0.368965	1303400.0
2012-11-28	0.004956	0.184462	0.199775	0.181775	0.18448599999999998	1188100.0
2012-11-27	-0.006046	0.18504500000000002	0.19278800000000001	0.180505	-0.226413	1390600.0
2012-11-26	-0.00468	0.192255	0.193053	0.182953	-0.176102	1043100.0
2012-11-23	0.026539	0.212983	0.22716999999999998	0.21270999999999998	0.9727290000000001	524700.0
2012-11-21	-0.0034200000000000003	0.18246099999999998	0.191434	0.180286	-0.125782	965800.0
2012-11-20	0.013635	0.19445	0.21126199999999998	0.190592	0.494751	1052300.0
2012-11-19	0.015728	0.1956	0.217435	0.19504100000000002	0.561836	2196700.0
2012-11-16	-0.003042	0.196707	0.198103	0.17773	-0.10901300000000001	1530300.0
2012-11-15	-0.006741	0.185314	0.190858	0.18143299999999998	-0.24318299999999998	993900.0
2012-11-14	-0.010124	0.193893	0.194442	0.177155	-0.368965	748100.0
2012-11-13	-0.002754	0.171451	0.19881500000000002	0.169809	-0.100628	1474300.0
2012-11-12	0.0032229999999999997	0.192247	0.199659	0.188953	0.117405	1053700.0
2012-11-09	0.014005000000000002	0.19614	0.215625	0.194748	0.503128	1899100.0
2012-11-08	-0.011765000000000001	0.185369	0.192521	0.176016	-0.427662	1820000.0
2012-11-07	-0.029767000000000002	0.159959	0.160226	0.14421199999999998	-1.115284	2346200.0
2012-11-06	0.024301	0.20290999999999998	0.225875	0.201543	0.88887	1602500.0
2012-11-05	-0.012452	0.18118199999999998	0.183072	0.172272	-0.461204	968200.0
2012-11-02	-0.015381	0.18215399999999998	0.185609	0.173647	-0.5786100000000001	928700.0
2012-11-01	0.023033	0.21835700000000002	0.22569899999999998	0.214821	0.846943	2118400.0
2012-10-31	-0.0038619999999999995	0.213923	0.213923	0.18629	-0.142551	2325500.0
2012-10-26	0.000227	0.196857	0.206882	0.188728	0.008385	1964700.0
2012-10-25	0.027791000000000003	0.220928	0.225662	0.20839499999999997	0.9978819999999999	2191100.0
2012-10-24	-0.006957	0.193074	0.19501	0.18062899999999998	-0.251564	1460300.0
2012-10-23	-0.027953	0.159724	0.16106800000000002	0.147896	-1.039817	2478100.0
2012-10-22	-0.004265	0.203496	0.203764	0.183152	-0.159325	1589900.0
2012-10-19	-0.022812	0.17578	0.17735	0.158778	-0.8721049999999999	1533400.0
2012-10-18	0.011313	0.200722	0.20945100000000003	0.198605	0.42767	2247300.0
2012-10-17	-0.002434	0.185396	0.193313	0.18143800000000002	-0.09224299999999999	1225800.0
2012-10-16	0.035518	0.22749899999999998	0.23515	0.22285300000000002	1.29977	1938700.0
2012-10-15	0.012294	0.208565	0.210502	0.200543	0.444435	1247400.0
2012-10-12	0.003725	0.195575	0.209458	0.190855	0.134171	758600.0
2012-10-11	0.004678	0.201168	0.21009499999999998	0.1981	0.167705	1172500.0
2012-10-10	-0.007659999999999999	0.190583	0.190583	0.177019	-0.27672199999999997	1763900.0
2012-10-09	-0.026	0.178231	0.182545	0.15828	-0.96434	1733000.0
2012-10-08	-0.009184999999999999	0.181301	0.186644	0.175157	-0.34380700000000003	1219700.0
2012-10-05	0.00927	0.20735	0.21031599999999998	0.20034000000000002	0.34380700000000003	1254900.0
2012-10-04	0.007517	0.194151	0.2023	0.18953299999999998	0.276726	1399200.0
2012-10-03	-0.002726	0.186832	0.191709	0.180601	-0.100628	1158200.0
2012-10-02	0.001137	0.20391199999999998	0.204183	0.187639	0.041923	1433600.0
2012-10-01	0.021133000000000002	0.217446	0.22769299999999998	0.210522	0.763092	2315300.0
2012-09-28	-0.032359	0.165723	0.170547	0.14348	-1.207523	3406900.0
2012-09-27	0.021814	0.209772	0.220452	0.202379	0.7966310000000001	3454900.0
2012-09-26	-0.014706	0.18388800000000002	0.185506	0.169318	-0.545063	1788900.0
2012-09-25	-0.003607	0.19709100000000002	0.20892	0.187682	-0.134174	3011900.0
2012-09-24	-0.005604	0.182898	0.19065	0.180224	-0.209637	1287800.0
2012-09-21	0.011335	0.207661	0.21550100000000003	0.203876	0.41927299999999995	1738200.0
2012-09-20	-0.002487	0.18524000000000002	0.19279100000000002	0.182004	-0.092235	2092300.0
2012-09-19	0.010512	0.203149	0.20887199999999997	0.19660899999999998	0.38574200000000003	3278700.0
2012-09-18	0.001831	0.19497799999999998	0.196616	0.189245	0.06708099999999999	1726800.0
2012-09-17	-0.002967	0.190071	0.198509	0.185172	-0.109016	1683300.0
2012-09-14	0.002059	0.203977	0.214342	0.192794	0.07547000000000001	7479200.0
2012-09-13	0.010633	0.193348	0.210164	0.184802	0.385738	2351000.0
2012-09-12	0.001853	0.20191099999999998	0.20218699999999998	0.192797	0.067089	3171500.0
2012-09-11	0.035492	0.218831	0.240279	0.215971	1.241066	3633000.0
2012-09-10	-0.016509	0.18099	0.184927	0.172552	-0.5869939999999999	1064500.0
2012-09-07	0.002838	0.19731600000000002	0.19731600000000002	0.187726	0.100628	2646500.0
2012-09-06	0.031723	0.209108	0.230933	0.209108	1.090134	3040100.0
2012-09-05	0.0049039999999999995	0.20363299999999998	0.20685	0.196323	0.167705	1477400.0
