2017-09-01	-0.003857	-0.005510	-0.001102	-0.005510.1	-0.070000	700.000000
2016-09-01	0.0	0.009734	0.009734	0.009734	0.0	0.0
2016-08-31	-0.007555	0.007653	0.007653	0.002105	-0.10894100000000001	400.0
2016-08-30	-0.01087	0.011792	0.011792	-0.009473	-0.158457	6500.0
2016-08-29	0.0	0.009734	0.009734	0.009734	0.0	0.0
2016-08-26	0.007529000000000001	0.018027	0.018027	0.016645	0.10894000000000001	400.0
2016-08-25	0.0	0.009734	0.009734	0.009734	0.0	0.0
2016-08-24	-0.00882	0.0008289999999999999	0.0008289999999999999	0.0008289999999999999	-0.128747	600.0
2016-08-23	0.0	0.009734	0.009734	0.009734	0.0	0.0
2016-08-22	0.0	0.009734	0.009734	0.009734	0.0	0.0
2016-08-19	-0.001355	0.00905	0.00905	0.002209	-0.019806999999999998	3800.0
2016-08-18	0.00545	0.005607	0.016612000000000002	0.005607	0.07922799999999999	3000.0
2016-08-17	-0.004071	0.009734	0.017269	0.0056240000000000005	-0.059421	3100.0
2016-08-16	0.016552	0.013216	0.030625	0.011823	0.237686	45700.0
2016-08-15	0.008345	0.006222999999999999	0.026586000000000002	0.003414	0.118843	11700.0
2016-08-12	-0.001389	0.008331999999999999	0.008331999999999999	0.008331999999999999	-0.019806	200.0
2016-08-11	-0.010309	0.009734	0.022225	-0.000676	-0.148555	13700.0
2016-08-10	-0.01222	-0.0005480000000000001	0.002194	-0.014943999999999999	-0.178264	9100.0
2016-08-09	0.0	0.009734	0.009734	0.009734	0.0	0.0
2016-08-08	-0.016031999999999998	0.015804	0.015804	-0.0064540000000000005	-0.23768699999999998	9500.0
2016-08-05	-0.011229000000000001	0.015736	0.015736	-0.001604	-0.16836099999999998	77600.0
2016-08-04	0.003979	0.01643	0.028482	0.013751	0.059421	11000.0
2016-08-03	0.000664	0.010404	0.010404	0.010404	0.009904000000000001	100.0
2016-08-02	0.011409	0.009734	0.044973	0.007701	0.16836199999999998	12400.0
2016-08-01	0.003367	0.013134	0.013134	0.013134	0.049517	600.0
2016-07-29	-0.0006730000000000001	0.0076950000000000005	0.009054000000000001	0.0076950000000000005	-0.009903	400.0
2016-07-28	0.002023	0.000883	0.0145	0.000883	0.029711	7200.0
2016-07-27	0.002027	0.009734	0.011781	0.006323	0.029710000000000004	1600.0
2016-07-26	0.005435	0.011792	0.015222	0.011792	0.079229	1400.0
2016-07-25	0.022222	0.027964999999999997	0.032173	0.020252000000000003	0.316916	9700.0
2016-07-22	-0.017735	0.00078	0.002157	-0.013684	-0.257494	7300.0
2016-07-21	0.006177	0.024980000000000002	0.024980000000000002	0.012506	0.089133	1200.0
2016-07-20	0.005521	0.011128	0.015309	0.011128	0.07922799999999999	1000.0
2016-07-19	-0.004124	0.010428	0.01598	0.003488	-0.059422	2200.0
2016-07-18	0.001377	0.018073	0.018073	0.006259000000000001	0.019808000000000003	4000.0
2016-07-15	0.0	0.009734	0.009734	0.009734	0.0	0.0
2016-07-14	0.006233	0.021621	0.021621	0.013930000000000001	0.089132	1200.0
2016-07-13	0.012623	0.01469	0.025312	0.01469	0.178264	2900.0
2016-07-12	-0.0076549999999999995	0.016761	0.020274	0.0020050000000000003	-0.10893900000000001	2600.0
2016-07-11	0.004193	0.013262000000000001	0.019613	0.006206000000000001	0.059422	3100.0
2016-07-08	0.000699	0.013971	0.013971	0.010440000000000001	0.009903	400.0
2016-07-07	0.002102	0.012564	0.013978999999999998	0.009734	0.029711	1400.0
2016-07-06	-0.008339	0.001314	0.001314	0.001314	-0.118843	200.0
2016-07-05	-0.007586	0.013912	0.020179	-0.006979000000000001	-0.10894000000000001	1700.0
2016-07-01	-0.010914	0.004913	0.0118	-0.001286	-0.158457	3800.0
2016-06-30	0.006868000000000001	0.013895	0.020136	0.013895	0.099035	1900.0
2016-06-29	0.020322	0.028839	0.030254000000000003	0.028839	0.28720500000000004	2700.0
2016-06-28	0.0	0.013978999999999998	0.017516999999999998	0.008319	0.0	3100.0
2016-06-27	-0.030570999999999997	0.008362	0.008362	-0.022506	-0.445662	6300.0
2016-06-24	0.0	0.009734	0.009734	0.009734	0.0	0.0
2016-06-23	0.02507	0.030126	0.035048	0.030126	0.35653	600.0
2016-06-22	0.017718	0.015459	0.03979	0.015459	0.24759	4500.0
2016-06-21	-0.007736	0.004763	0.010444	-0.005888	-0.10894000000000001	320700.0
2016-06-20	0.0042369999999999994	0.012586	0.014012	0.009021	0.059422	2500.0
2016-06-17	-0.002114	0.029657999999999997	0.029657999999999997	0.007599	-0.029710000000000004	6000.0
2016-06-16	-0.004211	0.0061909999999999995	0.011151000000000001	0.0047740000000000005	-0.059423000000000004	8600.0
2016-06-15	0.012074	0.028380000000000002	0.029814	0.021925	0.16836199999999998	3700.0
2016-06-14	0.000711	0.010452	0.020499	0.009016	0.009904000000000001	1700.0
2016-06-13	-0.004951	0.006876999999999999	0.014018000000000001	0.004021	-0.069327	3900.0
2016-06-10	-0.002117	0.0026079999999999996	0.014009	0.0026079999999999996	-0.029710000000000004	1600.0
2016-06-09	0.0	0.009734	0.009734	0.009734	0.0	0.0
2016-06-08	0.007107	0.016909999999999998	0.016909999999999998	0.016909999999999998	0.099037	200.0
2016-06-07	-0.004951	0.014733000000000001	0.019017	0.003307	-0.069327	18900.0
2016-06-06	-0.004225	0.006179	0.018978000000000002	0.00049	-0.05942000000000001	18200.0
2016-06-03	-0.001407	0.011864	0.014704	0.005473	-0.019808000000000003	1300.0
2016-06-02	-0.004899000000000001	0.004788000000000001	0.004788000000000001	0.004788000000000001	-0.069325	400.0
2016-06-01	0.003511	0.02817	0.02817	-0.00303	0.049518	13600.0
2016-05-31	0.002817	0.030355	0.031777	0.002623	0.039615	24100.0
2016-05-27	0.0	0.009734	0.009734	0.009734	0.0	0.0
2016-05-26	-0.009762999999999999	0.004804999999999999	0.007622	-0.000124	-0.138651	15100.0
2016-05-25	0.0	0.003397	0.009734	0.0019879999999999997	0.0	1500.0
2016-05-24	-0.009668000000000001	0.004155	0.004155	-2.8999999999999997e-05	-0.13865	1200.0
2016-05-23	0.0034649999999999998	0.02163	0.028627	0.008334000000000001	0.049517	7700.0
2016-05-20	-0.014343999999999999	0.010424	0.010424	-0.00475	-0.207975	1700.0
2016-05-19	0.002053	-0.005471	0.012498	-0.006853	0.029711	2300.0
2016-05-18	-0.009491	0.011788	0.011788	0.00015	-0.13865	351200.0
2016-05-17	0.001358	0.005621	0.011105	0.005621	0.019806999999999998	2300.0
2016-05-16	0.015862	-0.005586	0.030625	-0.011156999999999999	0.227782	31300.0
2016-05-13	-0.016949000000000002	-0.004642	0.025478999999999998	-0.021071	-0.24758899999999998	24600.0
2016-05-12	-0.021883	0.009734	0.009734	-0.013702	-0.32682	7100.0
2016-05-11	0.008695999999999999	0.009734	0.019190000000000002	0.009734	0.128747	6500.0
2016-05-10	-0.008621	0.009734	0.009734	-0.015040999999999999	-0.128747	7000.0
2016-05-09	0.004664	0.017806	0.017806	-0.019191999999999997	0.069326	5100.0
2016-05-06	0.013503999999999999	0.007006999999999999	0.02337	0.007006999999999999	0.198071	3200.0
2016-05-05	-0.012667	-0.013826	-0.0030559999999999997	-0.013826	-0.188167	700.0
2016-05-04	0.013512999999999999	0.000182	0.023379	-0.0005	0.198071	5100.0
2016-05-03	-0.023102	-0.01226	0.009067	-0.033588	-0.346625	20300.0
2016-05-02	0.0	0.009734	0.009734	0.009734	0.0	0.0
2016-04-29	0.001984	0.00172	0.027097000000000003	-0.0103	0.029711	1100.0
2016-04-28	-0.027652999999999997	-0.009746	-0.0045520000000000005	-0.025331	-0.425856	2800.0
2016-04-27	0.0	0.009734	0.009734	0.009734	0.0	0.0
2016-04-26	0.0032259999999999997	0.014294	0.015597	0.008431000000000001	0.049519	2800.0
2016-04-25	0.0	0.009082999999999999	0.009734	-3.8e-05	0.0	10800.0
2016-04-22	-0.003215	0.001292	0.012331	-0.0032530000000000002	-0.049519	8500.0
2016-04-21	0.002579	0.013640000000000001	0.013640000000000001	-0.004589	0.039615	5300.0
2016-04-20	-0.0019309999999999998	0.008434	0.008434	0.007784999999999999	-0.029711	900.0
2016-04-19	0.0038759999999999997	0.011039	0.013647999999999999	0.0058200000000000005	0.059423000000000004	10900.0
2016-04-18	-0.007056000000000001	0.0039049999999999996	0.0045520000000000005	-0.007753	-0.10894100000000001	11500.0
2016-04-15	0.0038640000000000002	-0.010422	0.013635	-0.010422	0.059422	7600.0
2016-04-14	0.0	0.009734	0.011685	0.007783	0.0	4800.0
2016-04-13	0.023056999999999998	0.029689	0.040332	0.025033	0.346625	8700.0
2016-04-12	0.012	0.028582	0.028582	0.008388	0.178266	9500.0
2016-04-11	-0.013807	0.005751	0.005751	-0.004207	-0.207977	10000.0
2016-04-08	-0.014896000000000001	0.013004	0.013004	-0.021003	-0.227782	14200.0
2016-04-07	-0.008348999999999999	0.016219	0.016219	6e-06	-0.128747	4500.0
2016-04-06	0.00842	0.013004	0.037201	0.007772	0.128747	1600.0
2016-04-05	-0.003871	0.000614	0.008431000000000001	0.000614	-0.059421	1100.0
2016-04-04	0.011748999999999999	0.017643	0.036757	0.00512	0.178264	13000.0
2016-04-01	0.0045899999999999995	0.01172	0.014369	0.009734	0.069326	2700.0
2016-03-31	0.015989	0.017134	0.025879000000000003	0.011752	0.237686	11100.0
2016-03-30	-0.0026579999999999998	0.015101	0.015101	0.006379	-0.039615	1800.0
2016-03-29	0.010067	0.02532	0.02532	0.011089	0.148555	2300.0
2016-03-28	0.006756999999999999	0.019968	0.024061000000000003	0.016556	0.099035	2200.0
2016-03-24	-0.006711	0.022609999999999998	0.02532	-0.00043099999999999996	-0.099035	1800.0
2016-03-23	0.016371	0.01731	0.027642	0.012489	0.237686	26900.0
2016-03-22	-0.000682	0.008357	0.013175	0.008357	-0.009904000000000001	3200.0
2016-03-21	0.0034200000000000003	0.011115	0.018712	0.001446	0.049518	13400.0
2016-03-18	0.006887000000000001	0.008343000000000001	0.022947	0.008343000000000001	0.099036	6800.0
2016-03-17	0.021816	0.01755	0.040999	0.01755	0.307012	10700.0
2016-03-16	0.00495	0.004021	0.023302	0.004021	0.069324	13900.0
2016-03-15	0.009279	0.022706999999999998	0.022706999999999998	0.0155	0.128747	1600.0
2016-03-14	0.0050219999999999996	0.010458	0.029291	0.010458	0.069327	3200.0
2016-03-11	0.013818	0.025155	0.028093	0.022218	0.188167	900.0
2016-03-10	0.008064	0.001591	0.028981	0.00011	0.10893900000000001	4800.0
2016-03-09	-0.010877	0.000215	0.006804999999999999	-0.004178	-0.148553	1800.0
2016-03-08	-0.007914000000000001	0.009734	0.025715	0.001017	-0.10894000000000001	6700.0
2016-03-07	-0.009266	-0.006099	0.019809999999999998	-0.016895	-0.128747	9700.0
2016-03-04	0.018142	0.003872	0.028052999999999998	0.003139	0.24759	4600.0
2016-03-03	-0.010057	0.008283	0.008283	-0.002598	-0.13865	3100.0
2016-03-02	-0.004292	0.009734	0.019122999999999998	0.001067	-0.059421	6200.0
2016-03-01	0.005755	0.009734	0.015544999999999998	-0.010606	0.07922799999999999	4100.0
2016-02-29	0.0	0.009007	0.028620999999999997	0.006102000000000001	0.0	10400.0
2016-02-26	0.010909	0.01414	0.031030000000000002	0.010468	0.148554	3700.0
2016-02-25	0.008064	0.026760000000000003	0.031201999999999997	0.00011	0.10893900000000001	5200.0
2016-02-24	-0.005831	0.025189	0.025189	-0.0013050000000000002	-0.07922799999999999	2500.0
2016-02-23	-0.018598	0.008289	0.008289	-0.013378999999999999	-0.25749299999999997	6800.0
2016-02-22	0.020437999999999998	0.031845	0.034793	0.018578	0.277301	11900.0
2016-02-19	0.005874	0.007509999999999999	0.023078	0.005286	0.07922799999999999	8600.0
2016-02-18	-0.008012	-0.001297	0.021501	-0.006445	-0.10893900000000001	16100.0
2016-02-17	0.039363999999999996	0.00897	0.056361	0.00897	0.514987	10200.0
2016-02-16	0.000758	0.026563	0.028857999999999998	0.006673999999999999	0.009904000000000001	7100.0
2016-02-12	0.000758	0.020451	0.036527	0.008203	0.009903	9600.0
2016-02-11	0.007639	0.003563	0.031333	0.003563	0.099036	13300.0
2016-02-10	-0.009834	-0.006306	0.020427	-0.006306	-0.128747	12400.0
2016-02-09	-0.002264	-0.009318	0.017355000000000002	-0.009318	-0.029711	28300.0
2016-02-08	-0.00301	-0.010020000000000001	0.013533000000000002	-0.010020000000000001	-0.039613999999999996	13900.0
2016-02-05	0.003019	0.015068000000000002	0.016592	0.00821	0.039613999999999996	5200.0
2016-02-04	-0.000754	-0.003211	0.052377	-0.003211	-0.009904000000000001	12800.0
2016-02-03	0.012214000000000001	0.002797	0.029004000000000002	0.002026	0.158458	11300.0
2016-02-02	-0.019461000000000003	0.004443	0.006711	-0.017474	-0.25749299999999997	10500.0
2016-02-01	0.006781999999999999	0.000603	0.031039999999999998	0.000603	0.089132	13300.0
2016-01-29	-0.000753	0.018098	0.019618	0.008974	-0.009903	4100.0
2016-01-28	0.002264	0.027261	0.027261	0.0059240000000000004	0.029710000000000004	3300.0
2016-01-27	0.01145	0.011275	0.033628	0.011275	0.148554	21300.0
2016-01-26	0.006144	0.016714	0.017488999999999998	0.008958	0.079229	11500.0
2016-01-25	0.012442	0.030933999999999996	0.039570999999999995	0.01366	0.158458	43700.0
2016-01-22	-0.038863999999999996	0.014262	0.050485	-0.029508	-0.514988	37000.0
2016-01-21	0.016717	0.012803	0.045029	0.012803	0.21788000000000002	27000.0
2016-01-20	-0.062678	-0.029102	-0.027663999999999998	-0.0665	-0.871517	220300.0
2016-01-19	-0.009174	0.01686	0.018285	-0.015207	-0.128747	7200.0
2016-01-15	0.009259	-0.007526000000000001	0.024837	-0.007526000000000001	0.128747	16800.0
2016-01-14	-0.004255	0.020475999999999998	0.020475999999999998	0.005437	-0.059422	1600.0
2016-01-13	-0.049224000000000004	0.000883	0.000883	-0.041331	-0.722962	4600.0
2016-01-12	0.00953	0.028980000000000002	0.028980000000000002	0.006984000000000001	0.13865	14600.0
2016-01-11	-0.008103	0.02337	0.02337	-0.0039020000000000005	-0.118844	7800.0
2016-01-08	-0.013324	0.00031600000000000004	0.007043000000000001	-0.007756	-0.198071	23800.0
2016-01-07	-0.026588999999999998	0.017592	0.017592	-0.024972	-0.406048	48100.0
2016-01-06	-0.02033	-0.001172	0.011017	-0.012077	-0.316914	26500.0
2016-01-05	-0.03613	0.019627000000000002	0.019627000000000002	-0.032931	-0.584313	101900.0
2016-01-04	-0.003052	0.005419	0.007885	0.004802000000000001	-0.049517	1800.0
2015-12-31	0.003062	0.010971	0.015916999999999997	0.010971	0.049517	700.0
2015-12-30	-0.002444	0.011584	0.011584	0.007267	-0.039616000000000005	800.0
2015-12-29	0.0012230000000000001	0.012822	0.014057	0.009734	0.019808000000000003	5800.0
2015-12-28	-0.006683	0.008506999999999999	0.008506999999999999	-0.003148	-0.10893800000000001	9300.0
2015-12-24	-0.003632	0.014012	0.014012	0.0023989999999999997	-0.059423000000000004	4700.0
2015-12-23	-0.001209	0.016449000000000002	0.016449000000000002	0.007292	-0.019808000000000003	11200.0
2015-12-22	-0.011947	0.010337	0.010337	-0.004139	-0.198071	9800.0
2015-12-21	-0.018757	0.016836	0.016836	-0.013941	-0.316915	12100.0
2015-12-18	0.007084	0.007946	0.024636	-0.000399	0.118843	30500.0
2015-12-17	0.048267000000000004	0.016607	0.059096	0.013483000000000002	0.772482	26900.0
2015-12-16	-0.001853	0.015971	0.015971	0.007239	-0.029713	3000.0
2015-12-15	0.002477	0.027864999999999997	0.027864999999999997	0.012235	0.039616000000000005	2800.0
2015-12-14	-0.012836000000000002	0.011585	0.011585	-0.006313	-0.20797600000000002	3400.0
2015-12-11	-0.012673	0.007906	0.008515	-0.014032	-0.207975	11200.0
2015-12-10	-0.007784999999999999	0.013362	0.015175999999999999	-0.001149	-0.128748	8500.0
2015-12-09	-0.007723999999999999	0.007934	0.008534	0.001935	-0.128746	5200.0
2015-12-08	-0.011163	0.009141	0.009141	-0.001538	-0.18817	5900.0
2015-12-07	-0.0029289999999999997	0.008551000000000001	0.009142	0.006185	-0.049516000000000004	2400.0
2015-12-04	0.004118	0.015674	0.016268	0.009734	0.069324	2300.0
2015-12-03	-0.005848	0.00442	0.006781000000000001	0.003829	-0.099035	2600.0
2015-12-02	0.002933	0.012695	0.012695	0.012695	0.049519	100.0
2015-12-01	0.0023510000000000002	0.00914	0.01567	0.007953	0.039613	15100.0
2015-11-30	-0.007005	0.009734	0.009734	-0.006181	-0.118843	7400.0
2015-11-27	-0.00233	-0.004968	0.007382	-0.008497	-0.039615	5300.0
2015-11-25	0.011786	0.008544	0.021634	0.006164	0.198074	3600.0
2015-11-24	-0.008762	0.007375	0.019171	-0.0008820000000000001	-0.148556	5900.0
2015-11-23	0.0064670000000000005	0.004985	0.021013	0.003204	0.10894000000000001	5800.0
2015-11-20	-0.002346	0.005588	0.015064	0.005588	-0.039613	2700.0
2015-11-19	-0.000586	0.015061000000000001	0.020980000000000002	0.005591	-0.009904999999999999	4600.0
2015-11-18	0.00235	0.008546999999999999	0.015667	0.005581	0.039613	14600.0
2015-11-17	-0.001174	0.009734	0.009734	0.007364	-0.019806999999999998	1800.0
2015-11-16	0.008881	0.009136	0.025277	0.009136	0.148555	6700.0
2015-11-13	-0.018594	0.006214	0.006214	-0.016081	-0.316913	6700.0
2015-11-12	-0.008069	0.009152	0.009152	0.001586	-0.138653	1200.0
2015-11-11	-0.009703	0.005123	0.005123	-0.00064	-0.16836199999999998	2100.0
2015-11-10	0.000571	0.006274	0.014924000000000002	0.0005070000000000001	0.009904999999999999	5100.0
2015-11-09	0.004014	0.005681	0.021313	0.004523	0.069325	3600.0
2015-11-06	0.024075	0.016256	0.045902	0.016256	0.406048	7600.0
2015-11-05	0.008289	0.015113999999999999	0.018104	0.012723	0.13865	8000.0
2015-11-04	-0.011124	0.0032310000000000004	0.018009999999999998	-0.003863	-0.188167	6200.0
2015-11-03	-0.00117	0.005601	0.011505	0.000286	-0.019808000000000003	7800.0
2015-11-02	0.030119999999999997	0.009126	0.045014	0.009126	0.49518	11500.0
2015-10-30	-0.041569999999999996	0.010317	0.014981	-0.032241000000000006	-0.713058	15100.0
2015-10-29	-0.002879	0.014384000000000001	0.020197	0.003339	-0.049520999999999996	7800.0
2015-10-28	-0.006861	0.009734	0.015507	-8e-05	-0.118841	8300.0
2015-10-27	-0.007941	0.004579	0.018897999999999998	-0.002866	-0.138651	15900.0
2015-10-26	-0.0011330000000000001	0.017171000000000002	0.017171000000000002	0.005729	-0.019808000000000003	137600.0
2015-10-23	0.002841	0.010308	0.024077	0.005144	0.049519	14500.0
2015-10-22	-0.004525	0.007449	0.018872	-0.004543999999999999	-0.079229	24300.0
2015-10-21	-0.006742000000000001	-0.001044	0.017676	-0.0033130000000000004	-0.118842	256600.0
2015-10-20	-0.003917	0.006344	0.014819	-0.003827	-0.069328	25700.0
2015-10-19	0.022311	0.0033799999999999998	0.033995	-0.000664	0.38624200000000003	31500.0
2015-10-16	-0.007382	0.0034270000000000004	0.010881	-0.005748	-0.128748	22200.0
2015-10-15	0.008014	0.011468	0.025918	-0.007026999999999999	0.138653	16100.0
2015-10-14	-0.009637	0.008017	0.009734	-0.008011	-0.16836199999999998	10500.0
2015-10-13	-0.010656	0.002372	0.013697999999999998	-0.001026	-0.188169	13700.0
2015-10-12	0.006208	0.014293	0.016002000000000002	0.006885	0.10894000000000001	16300.0
2015-10-09	0.004535	0.002865	0.024617	0.002293	0.079229	35100.0
2015-10-08	0.0028420000000000003	0.006864	0.018919	-0.0046170000000000004	0.049517	26600.0
2015-10-07	0.003423	0.017222	0.017222	0.00455	0.059421	21300.0
2015-10-06	0.023351	0.016807	0.049817	0.013271000000000002	0.39614499999999997	34100.0
2015-10-05	0.013009999999999999	0.00854	0.024065	0.00018	0.217879	114200.0
2015-10-02	0.022369999999999998	0.010343999999999999	0.032322000000000004	0.010343999999999999	0.36643200000000004	19900.0
2015-10-01	0.000605	0.012177	0.026838	0.007901	0.009904999999999999	6700.0
2015-09-30	-0.002414	0.009125	0.011562000000000001	-0.021953999999999998	-0.039613999999999996	111000.0
2015-09-29	-0.034945	0.012086	0.012086	-0.025551	-0.594217	146200.0
2015-09-28	-0.00406	0.013248	0.013248	0.000363	-0.069325	37800.0
2015-09-25	0.014118	0.009734	0.024583	0.004982	0.237686	36600.0
2015-09-24	-0.002932	0.006773	0.00855	0.000258	-0.049516000000000004	53400.0
2015-09-23	0.0023510000000000002	0.012107999999999999	0.012702	0.0061719999999999995	0.039613	10100.0
2015-09-22	-0.007005	0.006197	0.0067870000000000005	-0.0038229999999999996	-0.118843	12100.0
2015-09-21	0.007647	0.007951999999999999	0.017455000000000002	-0.003333	0.128746	16300.0
2015-09-18	0.003542	-0.007552	0.019271	-0.007552	0.059422	44900.0
2015-09-17	-0.002943	0.010328	0.015677	0.006762000000000001	-0.049517	29900.0
2015-09-16	-0.000588	0.009734	0.009734	0.001418	-0.009904999999999999	5300.0
2015-09-15	0.0	0.009734	0.009734	0.009734	0.0	0.0
2015-09-14	0.0	0.007951999999999999	0.009734	0.001418	0.0	3100.0
2015-09-11	0.0	0.009734	0.010328	0.009734	0.0	2100.0
2015-09-10	0.0	0.00617	0.015080000000000001	0.001418	0.0	3600.0
2015-09-09	-0.000588	0.00914	0.012702	0.00914	-0.009903	7900.0
2015-09-08	0.0011769999999999999	0.00914	0.018649000000000002	0.004385	0.019808000000000003	18100.0
2015-09-04	-0.000588	0.007951999999999999	0.011516	-0.0021449999999999998	-0.009904999999999999	10100.0
2015-09-03	0.005917	0.016904	0.021683	0.009734	0.099037	15000.0
2015-09-02	-0.004711	0.009734	0.021032	0.0037869999999999996	-0.079229	15800.0
2015-09-01	-0.0011769999999999999	-0.009273	0.008546	-0.009273	-0.019808000000000003	800.0
2015-08-31	0.007109000000000001	0.013921000000000001	0.028277999999999998	-0.0016309999999999999	0.118845	9100.0
2015-08-28	-0.003542	0.004965	0.006157	-0.009340000000000001	-0.059423000000000004	1200.0
2015-08-27	0.013763999999999998	0.012151	0.024236	-0.001143	0.22778299999999999	23300.0
2015-08-26	0.00602	0.018244999999999997	0.018244999999999997	0.003047	0.099035	7200.0
2015-08-25	-0.004197	0.013971	0.013971	-0.0011619999999999998	-0.069324	13200.0
2015-08-24	-0.027405000000000002	-0.009106999999999999	0.009734	-0.025592	-0.46547	5700.0
2015-08-21	0.021440999999999998	0.012139	0.031383999999999995	0.004321	0.35653	67500.0
2015-08-20	-0.00944	-0.001585	0.009734	-0.005159	-0.158459	21600.0
2015-08-19	-0.002941	0.021613	0.024583	0.0037939999999999996	-0.049517	8800.0
2015-08-18	0.009501	0.011533	0.042712	0.009734	0.158459	9700.0
2015-08-17	0.004174000000000001	0.006723000000000001	0.02298	0.006121	0.069325	149100.0
2015-08-14	0.01085	0.012168	0.020689	0.012168	0.178264	15900.0
2015-08-13	0.0024170000000000003	0.017665	0.017665	0.012173999999999999	0.039616000000000005	9400.0
2015-08-12	-0.011940000000000001	-0.010159	-0.002323	-0.011365	-0.198073	3100.0
2015-08-11	0.018237	0.00912	0.028148000000000003	0.00912	0.297106	19500.0
2015-08-10	-0.01791	0.003706	0.003706	-0.010762	-0.297106	4500.0
2015-08-07	-0.001193	0.009734	0.014551	-0.001104	-0.019806999999999998	13700.0
2015-08-06	0.005396	-0.0011619999999999998	0.015182	-0.0011619999999999998	0.089132	2100.0
2015-08-05	0.005425	0.009734	0.018255	0.004256	0.089132	4100.0
2015-08-04	0.001812	0.023148	0.023148	0.010953000000000001	0.029711	800.0
2015-08-03	-0.0024100000000000002	0.012775	0.017641999999999998	0.007301	-0.039613999999999996	7700.0
2015-07-31	-0.014837000000000001	0.018123	0.018723	-0.005247	-0.24759099999999998	20400.0
2015-07-30	0.0029760000000000003	0.004926	0.018749000000000002	0.0037240000000000003	0.049519	15400.0
2015-07-29	0.005386	0.015777	0.021215	0.006712999999999999	0.089132	19000.0
2015-07-28	0.004811	0.009127	0.029164	0.007912	0.079229	26300.0
2015-07-27	-0.013056	0.005539	0.005539	-0.004647999999999999	-0.21788000000000002	29400.0
2015-07-24	-0.01115	0.019806999999999998	0.0204	-0.013969	-0.188169	18800.0
2015-07-23	0.0	0.018622	0.018622	-0.008636	0.0	10300.0
2015-07-22	-0.014459	0.023166	0.023166	-0.004866	-0.24758899999999998	8200.0
2015-07-21	0.000579	0.022005	0.022005	0.005643	0.009903	15900.0
2015-07-20	-0.006895999999999999	0.019019	0.02192	0.00277	-0.118842	6500.0
2015-07-17	-0.002865	0.023043	0.023043	0.006841	-0.049518	26900.0
2015-07-16	0.0	0.018992	0.018992	0.006261999999999999	0.0	13100.0
2015-07-15	-0.000573	0.020722	0.0213	0.009156000000000001	-0.009903	7300.0
2015-07-14	0.001147	0.007418000000000001	0.013208000000000001	0.0068390000000000005	0.019806	13000.0
2015-07-13	0.005187	0.006823999999999999	0.014972	0.006823999999999999	0.089132	13000.0
2015-07-10	0.008721	0.019127	0.022062000000000002	0.006212	0.148554	34100.0
2015-07-09	-0.004053	0.023181	0.023181	0.005057	-0.069325	14600.0
2015-07-08	-0.003462	0.02197	0.023718	0.005072999999999999	-0.059421	13000.0
2015-07-07	-0.005737	0.019003	0.023058000000000002	0.003361	-0.099037	24600.0
2015-07-06	0.010435	0.014417	0.041343	0.014417	0.178266	16900.0
2015-07-02	-0.013158000000000001	0.017821	0.017821	-0.0035520000000000005	-0.22778299999999999	31800.0
2015-07-01	-0.005122	0.008584999999999999	0.008584999999999999	-0.00176	-0.089132	23100.0
2015-06-30	-0.004533	0.016599000000000003	0.017171000000000002	0.005157	-0.07923	10400.0
2015-06-29	-0.0033880000000000004	0.018856	0.018856	0.005743	-0.05941900000000001	12100.0
2015-06-26	0.001697	0.010305	0.013732	0.009163	0.029708999999999996	186400.0
2015-06-25	-0.0005650000000000001	0.011446	0.012588	0.008022	-0.009903	21200.0
2015-06-24	0.0016989999999999998	0.007447	0.011448999999999999	0.007447	0.029710000000000004	2700.0
2015-06-23	-0.0022600000000000003	0.009734	0.010875	0.00517	-0.039615	9200.0
2015-06-22	-0.003378	0.006323	0.014282	0.0017739999999999998	-0.059422	120800.0
2015-06-19	0.006232	0.018315	0.023464	0.009734	0.10894000000000001	15600.0
2015-06-18	-0.0045119999999999995	0.018846	0.018846	0.004039	-0.07922699999999999	10800.0
2015-06-17	0.0045320000000000004	0.021176	0.021176	0.006301	0.07922699999999999	12100.0
2015-06-16	-0.00395	0.010304	0.011443	0.004605	-0.069324	10500.0
2015-06-15	0.0005650000000000001	0.020567	0.020567	0.006313	0.009904999999999999	17300.0
2015-06-12	-0.008399	0.009169	0.009169	0.000688	-0.148556	22400.0
2015-06-11	0.004499	0.010302	0.016549	0.008598	0.07922699999999999	17100.0
2015-06-10	0.000563	0.01087	0.014280000000000001	0.009165999999999999	0.009904999999999999	25200.0
2015-06-09	-0.009476	0.013111000000000001	0.013111000000000001	0.000166	-0.16836099999999998	20100.0
2015-06-08	-0.002225	0.009734	0.009734	0.006364	-0.039613999999999996	6300.0
2015-06-05	-0.001111	0.009734	0.009734	0.008612	-0.019808000000000003	4900.0
2015-06-04	0.005025	0.014808000000000002	0.015372	0.006915	0.089132	29700.0
2015-06-03	-0.003339	0.01142	0.01142	0.0007440000000000001	-0.05941900000000001	17900.0
2015-06-02	0.00335	0.013680000000000001	0.014808000000000002	0.009734	0.05941900000000001	9000.0
2015-06-01	-0.012135	-0.006973999999999999	0.005278	-0.01143	-0.21787800000000002	10900.0
2015-05-29	0.007222	0.010856000000000001	0.017026	-0.012705	0.128746	14600.0
2015-05-28	-0.00277	0.011412	0.01365	0.001343	-0.049517	8400.0
2015-05-27	-0.0011070000000000001	0.019791999999999997	0.019791999999999997	-0.000324	-0.019806999999999998	3700.0
2015-05-26	0.010626	0.002957	0.041359	0.002393	0.188169	44700.0
2015-05-22	0.011884	0.008591	0.025162999999999998	0.006876999999999999	0.20797399999999996	8900.0
2015-05-21	-0.002822	0.011443	0.011443	0.004605	-0.049517	2300.0
2015-05-20	0.011993	-0.009295999999999999	0.02242	-0.009295999999999999	0.207975	8400.0
2015-05-19	-0.012408	0.015429	0.015429	-0.010768000000000002	-0.21787800000000002	10000.0
2015-05-18	-0.003933	0.022781	0.03129	0.0017920000000000002	-0.069325	20100.0
2015-05-15	0.00565	0.023996	0.027418	0.012586	0.099034	8500.0
2015-05-14	-0.021018000000000002	-0.008137	0.000798	-0.011488	-0.376335	2100.0
2015-05-13	0.007804000000000001	0.012548	0.019302	-0.010528000000000001	0.138649	4700.0
2015-05-12	-0.009387000000000001	-0.00086	0.009176	-0.006435	-0.16836199999999998	3600.0
2015-05-11	0.003324	0.012531	0.01365	0.012531	0.059423000000000004	1900.0
2015-05-08	0.017475	0.015995	0.061529999999999994	0.015995	0.30701100000000003	6100.0
2015-05-07	0.012556999999999999	0.008581	0.022413	0.008581	0.21787800000000002	800.0
2015-05-06	-0.023955	-0.000392	0.008046	-0.015016999999999999	-0.425853	3500.0
2015-05-05	-0.014819	0.018601	0.018601	-0.014096000000000001	-0.267397	4600.0
2015-05-04	0.015041999999999998	0.018172	0.025485	0.011984	0.267397	5700.0
2015-05-01	-0.007739	-0.015384	0.016432	-0.018175	-0.138651	4500.0
2015-04-30	0.011179000000000001	0.004654	0.021587000000000002	0.001268	0.198072	3700.0
2015-04-29	-0.006111	0.011417	0.023197	-0.011583	-0.10894000000000001	7900.0
2015-04-28	0.01983	0.018887	0.029757	0.006873000000000001	0.34662600000000005	9200.0
2015-04-27	-0.023243	-0.003118	-0.002559	-0.017088	-0.41595	13400.0
2015-04-24	0.003889	-0.0076560000000000005	0.013661000000000001	-0.021119	0.069324	5900.0
2015-04-23	0.009535	-0.0032909999999999997	0.020494	-0.0032909999999999997	0.16836199999999998	3700.0
2015-04-22	0.005072999999999999	-0.00848	0.024533000000000003	-0.009049	0.089132	7900.0
2015-04-21	-0.006162	0.015391	0.015391	-0.004408	-0.10894000000000001	7000.0
2015-04-20	-0.053551999999999995	-0.006328	-0.006328	-0.0861	-1.000263	26100.0
2015-04-17	0.007479	0.017825	0.017825	0.017285	0.138651	500.0
2015-04-16	0.015735	0.0037070000000000002	0.036032	0.0037070000000000002	0.287204	9800.0
2015-04-15	-0.010735	0.004856	0.012444	-0.001648	-0.19807	3400.0
2015-04-14	-0.0064	0.002195	0.010272	-0.035502	-0.118845	7500.0
2015-04-13	-0.005832	0.010269	0.010805	-0.001509	-0.10894000000000001	2100.0
2015-04-10	0.0026579999999999998	0.00705	0.017249	0.006513	0.049518	2900.0
2015-04-09	-0.010520999999999999	0.0017670000000000001	0.0017670000000000001	-0.0014199999999999998	-0.198072	4500.0
2015-04-08	0.0	0.008672	0.009734	0.008672	0.0	600.0
2015-04-07	-0.004712	0.001275	0.0049759999999999995	-0.00031099999999999997	-0.089132	6700.0
2015-04-06	0.0042060000000000005	-0.01097	0.014512	-0.01097	0.079229	7500.0
2015-04-02	0.002107	0.018778	0.018778	0.008138	0.039613999999999996	4000.0
2015-04-01	-0.0005269999999999999	-0.0035590000000000005	0.029939	-0.0035590000000000005	-0.009903	12800.0
2015-03-31	-0.005759	0.001275	0.003919	0.001275	-0.10894000000000001	700.0
2015-03-30	-0.0031320000000000002	0.010787999999999999	0.010787999999999999	0.006572	-0.059422	1200.0
2015-03-27	0.003141	0.01132	0.012906	0.01132	0.059422	1000.0
2015-03-26	0.007916	0.008668	0.017727	0.008668	0.148553	900.0
2015-03-25	-0.013535	0.011836	0.024977000000000003	-0.003932	-0.257492	10500.0
2015-03-24	0.006813	0.014497	0.018731	0.010792	0.128746	9400.0
2015-03-23	-0.00625	0.00763	0.00763	-0.0044659999999999995	-0.118845	5700.0
2015-03-20	0.003135	0.002876	0.012899	0.002876	0.059424	4700.0
2015-03-19	0.007899	0.009734	0.01771	0.007606999999999999	0.148554	2200.0
2015-03-18	-0.015041999999999998	0.004497	0.0134	-0.005454	-0.28720500000000004	2000.0
2015-03-17	-0.001036	0.01078	0.014966	0.008688	-0.019806	6900.0
2015-03-16	0.007833	0.011843000000000001	0.022916	0.011843000000000001	0.148554	3200.0
2015-03-13	0.0015689999999999999	0.010790000000000001	0.011318	0.008678	0.029708999999999996	700.0
2015-03-12	0.004729	0.013447999999999998	0.018224	0.005489	0.089132	6700.0
2015-03-11	0.003163	0.012395	0.021444	0.0033469999999999997	0.059423000000000004	7200.0
2015-03-10	-0.004722	0.015561000000000002	0.015561000000000002	-0.0008609999999999999	-0.089132	1400.0
2015-03-09	0.006867	0.004933	0.020402	0.0017329999999999997	0.128746	8800.0
2015-03-06	-0.007862000000000001	0.0055	0.0076170000000000005	0.001796	-0.148554	1500.0
2015-03-05	0.001575	0.016625	0.017155	-0.000337	0.029711	2400.0
2015-03-04	0.007937	0.014008000000000001	0.025227	0.011871	0.148554	3400.0
2015-03-03	-0.007873999999999999	-0.006697	0.009204	-0.006697	-0.148554	2400.0
2015-03-02	0.0047469999999999995	0.011864	0.018787	0.010799	0.089132	6300.0
2015-02-27	0.012821	0.02214	0.024837	0.016746	0.23768699999999998	17500.0
2015-02-26	0.019053	0.012482	0.041065	0.012482	0.346624	7800.0
2015-02-25	-0.028042	0.015075999999999999	0.015075999999999999	-0.018581	-0.524889	6700.0
2015-02-24	0.013405000000000002	0.015147999999999998	0.040053	0.014065000000000001	0.24759099999999998	6400.0
2015-02-23	0.036111000000000004	0.023197	0.056294000000000004	0.020392	0.643732	21600.0
2015-02-20	-0.007718000000000001	-0.005852	0.005281	-0.005852	-0.138649	3900.0
2015-02-19	0.018529	0.009734	0.049987000000000004	0.009734	0.326819	21200.0
2015-02-18	0.007923000000000001	0.009734	0.018877	0.00402	0.138649	6100.0
2015-02-17	0.007986	-0.0063939999999999995	0.029318	-0.009274	0.13865	13300.0
2015-02-13	-0.00114	-0.0034990000000000004	0.009159	-0.0034990000000000004	-0.019806	1700.0
2015-02-12	0.010945	0.010897	0.020784999999999998	0.010897	0.188168	5100.0
2015-02-11	0.0	0.013805000000000001	0.013805000000000001	0.0068260000000000005	0.0	2800.0
2015-02-10	0.015205000000000002	0.012686	0.027449	0.012686	0.257494	5100.0
2015-02-09	0.002933	0.010326	0.013880000000000002	0.009734	0.049519	900.0
2015-02-06	-0.03125	0.0068650000000000004	0.015471	-0.023541	-0.5446989999999999	14500.0
2015-02-05	0.011493999999999999	0.019019	0.022501	0.005672	0.198072	9900.0
2015-02-04	-0.008546999999999999	-0.010403	0.003981	-0.010403	-0.148554	2800.0
2015-02-03	0.002857	0.016081	0.016081	0.010888	0.049517	4100.0
2015-02-02	0.020408000000000003	0.012678	0.04506	0.012678	0.34662600000000005	17300.0
2015-01-30	0.000584	0.009734	0.025051	0.008556	0.009904999999999999	7000.0
2015-01-29	0.010613	0.012115	0.021046000000000002	0.009734	0.178265	24800.0
2015-01-28	0.0	0.012115	0.012115	0.009734	0.0	6600.0
2015-01-27	-0.002353	0.009734	0.011516	0.007358	-0.039616000000000005	3100.0
2015-01-26	0.0	0.00914	0.011516	0.00914	0.0	6900.0
2015-01-23	-0.005266	0.007370999999999999	0.017415	-0.000901	-0.089132	6200.0
2015-01-22	0.001759	0.012693000000000001	0.013285	0.006183	0.029711	6500.0
2015-01-21	-0.018412	-0.000143	-0.000143	-0.008856999999999999	-0.316914	10700.0
2015-01-20	0.0046240000000000005	0.000395	0.014987	0.000395	0.07922799999999999	1300.0
2015-01-16	0.0	0.009734	0.009734	0.009734	0.0	0.0
2015-01-15	0.011696	0.016819999999999998	0.028630000000000003	0.010915000000000001	0.198072	5200.0
2015-01-14	-0.014977	-0.05192000000000001	0.001591	-0.05192000000000001	-0.257494	9400.0
2015-01-13	0.001153	0.008569	0.023127	0.007987000000000001	0.019808000000000003	4700.0
2015-01-12	-0.001727	0.006246	0.00799	0.006246	-0.029713	3900.0
2015-01-09	0.024779	0.004968	0.040115	0.004968	0.415951	5400.0
2015-01-08	0.012545	0.01094	0.022401	0.010337	0.207977	6500.0
2015-01-07	-0.000597	-0.004734	0.011542	-0.004734	-0.009903	8800.0
2015-01-06	-0.000597	-0.00834	0.009734	-0.00834	-0.009904999999999999	7500.0
2015-01-05	-0.050963	-0.010278	-0.010278	-0.044584	-0.891323	4600.0
2015-01-02	0.0	0.009734	0.009734	0.009734	0.0	0.0
2014-12-31	0.020809	0.030162	0.048839	0.024325	0.35653	4300.0
2014-12-30	-0.014244999999999999	-0.00465	-0.00465	-0.00465	-0.24759	0.0
2014-12-29	0.0	0.009734	0.009734	0.009734	0.0	0.0
2014-12-26	0.019163999999999997	0.027912	0.029084	0.025566	0.326819	1700.0
2014-12-24	-0.009776	-0.010008	0.00044400000000000006	-0.010008	-0.16836199999999998	13100.0
2014-12-23	0.035736000000000004	0.021762	0.046419	0.021762	0.594216	1700.0
2014-12-22	0.0035859999999999998	0.016977000000000003	0.02603	0.006716	0.059423000000000004	14400.0
2014-12-19	0.004804999999999999	0.02065	0.021256	0.014586000000000002	0.07922799999999999	2800.0
2014-12-18	-0.008929000000000001	0.006729000000000001	0.012739	0.000718	-0.148554	9700.0
2014-12-17	0.004785	0.011545999999999999	0.025436	0.004903	0.079229	8300.0
2014-12-16	-0.016471	0.006764	0.006764	-0.0068969999999999995	-0.277302	3000.0
2014-12-15	0.0	0.009734	0.009734	0.009734	0.0	0.0
2014-12-12	-0.018476	0.00507	0.00507	-0.017666	-0.316913	29700.0
2014-12-11	0.012273000000000001	0.007963	0.039241000000000005	0.004423	0.207973	7500.0
2014-12-10	0.004108	0.013288999999999999	0.02277	0.012104	0.069325	7000.0
2014-12-09	-0.009302	0.0009279999999999999	0.014430000000000002	-0.013748	-0.158457	13100.0
2014-12-08	-0.042849	0.000182	0.000182	-0.040837	-0.762575	10500.0
2014-12-05	-0.009372	0.001941	0.001941	-0.001399	-0.16836199999999998	10300.0
2014-12-04	-0.009825	0.0036710000000000002	0.011939	-0.00018700000000000002	-0.178265	30800.0
2014-12-03	0.003836	0.015267	0.016373	0.008074	0.069325	4800.0
2014-12-02	0.006064	0.010291	0.01864	0.008621	0.10894000000000001	8100.0
2014-12-01	-0.015735	0.009734	0.009734	-0.006155	-0.28720500000000004	4100.0
2014-11-28	-0.006469	0.007012000000000001	0.007012000000000001	0.0032020000000000004	-0.118843	3900.0
2014-11-26	0.004331000000000001	0.005907	0.014107	0.0031739999999999997	0.07923	5100.0
2014-11-25	0.0027140000000000003	0.008089	0.012475	0.007541	0.049516000000000004	3300.0
2014-11-24	0.0065569999999999995	0.020218	0.02408	0.012493	0.118845	5100.0
2014-11-21	0.006047	0.010289	0.018616	0.010289	0.10893800000000001	7700.0
2014-11-20	-0.000549	0.026933	0.026933	0.008624	-0.009904000000000001	1500.0
2014-11-19	0.0011	0.008068	0.016399	0.000292	0.019806999999999998	18500.0
2014-11-18	0.011124	0.011419	0.020966	0.011419	0.198073	24000.0
2014-11-17	0.000557	0.008048	0.010296	0.007486	0.009904999999999999	8500.0
2014-11-14	0.0039109999999999995	0.010298	0.014247	0.010298	0.069324	8400.0
2014-11-13	-0.0038950000000000005	0.010858	0.010858	-0.008809	-0.069324	4800.0
2014-11-12	0.0	0.009172	0.01142	0.002991	0.0	5700.0
2014-11-11	0.026271	-0.007566	0.036837	-0.007566	0.455564	11900.0
2014-11-10	0.0	0.009734	0.009734	0.009734	0.0	0.0
2014-11-07	0.009222	0.01439	0.020791999999999998	0.01439	0.158457	8500.0
2014-11-06	0.009895000000000001	0.010909	0.025015	0.010909	0.16836199999999998	4600.0
2014-11-05	0.011183	-0.00869	0.025186	-0.00869	0.188169	17700.0
2014-11-04	0.013722999999999999	0.009734	0.024193	0.009734	0.22778099999999998	4400.0
2014-11-03	-0.005340999999999999	0.010931999999999999	0.010931999999999999	0.0037409999999999995	-0.089132	6900.0
2014-10-31	0.012012	0.019437	0.024288999999999998	-0.011492	0.198073	6600.0
2014-10-30	0.00665	0.007902	0.031101	0.003629	0.10893800000000001	7000.0
2014-10-29	0.000605	-0.00065	0.010345	-0.007981	0.009904999999999999	3000.0
2014-10-28	0.003034	0.012185	0.019537	0.010959	0.049518	2400.0
2014-10-27	-0.021959	-0.0064459999999999995	0.006737999999999999	-0.016633000000000002	-0.36643400000000004	9900.0
2014-10-24	0.026188	0.021418	0.038636000000000004	0.021418	0.425856	9200.0
2014-10-23	0.014206	0.004121	0.029692000000000003	0.004121	0.22778099999999998	3600.0
2014-10-22	-0.012805	-0.004427	0.008503	-0.004427	-0.207973	1200.0
2014-10-21	0.0	0.009734	0.016507	0.009734	0.0	4700.0
2014-10-20	0.012346	0.0222	0.042145	0.0222	0.19807	9300.0
2014-10-17	0.035144	0.023928	0.054252999999999996	0.023928	0.5446989999999999	5100.0
2014-10-16	-0.038698	0.011595000000000001	0.023379	-0.038644	-0.6239279999999999	15600.0
2014-10-15	0.015596	0.007844	0.025481999999999998	0.007844	0.24759	1600.0
2014-10-14	-0.005582999999999999	0.010987	0.010987	-0.0034200000000000003	-0.089132	7900.0
2014-10-13	-0.006778	-0.003331	0.010978	-0.004575	-0.10894000000000001	9200.0
2014-10-10	-0.025225	-0.013311000000000002	-0.009672	-0.029079	-0.41595	13200.0
2014-10-09	-0.0059700000000000005	0.009734	0.012145	-0.001117	-0.099036	2100.0
2014-10-08	0.000597	-0.001727	0.019385	-0.003536	0.009903	24800.0
2014-10-07	-0.003571	0.019951	0.020553000000000002	-0.005292	-0.059421	9700.0
2014-10-06	0.007194	0.013366	0.023052	0.009129	0.118843	3800.0
2014-10-03	0.00361	0.002443	0.013378999999999999	-0.0024170000000000003	0.059421	9100.0
2014-10-02	-0.005386	0.002483	0.004296	-0.018062	-0.089132	8500.0
2014-10-01	0.00602	0.013381	0.015813	0.012773	0.099035	1300.0
2014-09-30	-0.00895	-0.010148	0.0061189999999999994	-0.010148	-0.148554	3500.0
2014-09-29	0.006606999999999999	0.016405	0.026108	0.010947	0.10894100000000001	6500.0
2014-09-26	0.000601	0.018229	0.023084	0.010341	0.009904000000000001	2300.0
2014-09-25	-0.006567	0.008528	0.008528	0.0031030000000000003	-0.10894000000000001	8500.0
2014-09-24	0.007821999999999999	0.005481000000000001	0.020669999999999997	0.005481000000000001	0.128746	3800.0
2014-09-23	-0.001802	0.009734	0.013978999999999998	0.004275999999999999	-0.029710000000000004	5900.0
2014-09-22	-0.009518	0.008533	0.009734	-0.0022789999999999998	-0.158457	12900.0
2014-09-19	0.008398000000000001	0.009734	0.01882	0.007917	0.138649	4500.0
2014-09-18	-0.007737999999999999	0.00733	0.012739	-0.003489	-0.128746	13400.0
2014-09-17	0.0029850000000000002	0.013350999999999998	0.013350999999999998	0.009131	0.049518	15500.0
2014-09-16	-0.008289	0.005549	0.005549	0.001364	-0.138651	5100.0
2014-09-15	-0.001773	0.009137000000000001	0.014508000000000002	0.003766	-0.029710000000000004	4100.0
2014-09-12	0.007743000000000001	0.015747999999999998	0.018153	0.013341999999999998	0.128746	4100.0
2014-09-11	0.004187	0.013356999999999999	0.013961000000000001	0.007318000000000001	0.069326	5300.0
2014-09-10	0.002398	0.006102000000000001	0.013366	0.006102000000000001	0.039613999999999996	2900.0
2014-09-09	0.003007	0.010341	0.018841999999999998	0.009127	0.049518	10500.0
2014-09-08	0.001204	0.009126	0.01095	0.006086	0.019806	1600.0
2014-09-05	-0.0018030000000000001	0.00852	0.010341	0.0054859999999999996	-0.029708999999999996	17500.0
2014-09-04	0.0	0.009734	0.010341	0.004879	0.0	16800.0
2014-09-03	0.006046	0.010343999999999999	0.016449000000000002	0.010343999999999999	0.099034	36000.0
2014-09-02	-0.000604	0.009734	0.009734	0.005463	-0.009901	7400.0
2014-08-29	-0.001207	0.010953000000000001	0.010953000000000001	0.003031	-0.019808000000000003	16000.0
2014-08-28	-0.001807	0.001218	0.009126	0.001218	-0.029711	3300.0
2014-08-27	0.002415	0.024368	0.024368	0.009124	0.039613999999999996	114100.0
2014-08-26	-0.0024100000000000002	0.018858	0.020683	0.00061	-0.039613999999999996	20000.0
2014-08-25	0.0	0.009734	0.0146	0.0036509999999999997	0.0	25900.0
2014-08-22	-0.000602	0.009734	0.012165	0.006693999999999999	-0.009904999999999999	131600.0
2014-08-21	0.003019	0.015831	0.015831	0.012173	0.049519	10100.0
2014-08-20	-0.007789	0.013364	0.013364	0.0018690000000000002	-0.128748	4700.0
2014-08-19	0.005422	0.031024	0.034065	0.015208000000000001	0.089134	11300.0
2014-08-18	0.002415	0.012783	0.014612	0.009734	0.039613999999999996	15600.0
2014-08-15	-0.000603	0.012172	0.01339	0.009125	-0.009903	26500.0
2014-08-14	-0.0054020000000000006	0.00731	0.009128	0.0036729999999999996	-0.089132	2400.0
2014-08-13	0.003614	0.010342	0.015208000000000001	0.009734	0.059421	24900.0
2014-08-12	0.0	0.009734	0.009734	0.007301	0.0	3000.0
2014-08-11	0.004843	0.017068	0.01768	0.014012	0.07922799999999999	12900.0
2014-08-08	0.004255	0.005437	0.018941	0.0035960000000000002	0.069324	17500.0
2014-08-07	0.009203	0.017168	0.025221	0.015929	0.148556	2500.0
2014-08-06	0.0018440000000000002	0.011595999999999999	0.011595999999999999	0.011595999999999999	0.029711	100.0
2014-08-05	-0.013341	0.003611	0.007285	-0.003737	-0.217879	2700.0
2014-08-04	0.001823	0.011574	0.011574	0.011574	0.029711	100.0
2014-08-01	0.0	0.013415	0.013415	0.009734	0.0	1000.0
2014-07-31	-0.009627	0.009734	0.010341	-0.000594	-0.158459	12700.0
2014-07-30	0.001808	0.010343000000000001	0.012777	-4e-06	0.029711	2500.0
2014-07-29	0.0036299999999999995	0.02134	0.02134	0.013399000000000001	0.059422	2400.0
2014-07-28	0.004863	0.012803	0.020783000000000003	0.010348	0.07922699999999999	6800.0
2014-07-25	-0.005441	-0.0024760000000000003	0.010955	-0.0024760000000000003	-0.089132	6100.0
2014-07-24	0.0012109999999999998	0.010956	0.016457	0.010956	0.019808000000000003	3200.0
2014-07-23	-0.004219	0.009734	0.012168	0.004256	-0.069325	5000.0
2014-07-22	0.003023	0.012786	0.015839	0.003629	0.049517	4200.0
2014-07-21	-0.003614	0.004259000000000001	0.006084	0.0036509999999999997	-0.05942000000000001	3100.0
2014-07-18	0.004843	0.004843999999999999	0.016457	0.004233	0.07922799999999999	6100.0
2014-07-17	0.013497	0.022123	0.023362	0.022123	0.21788000000000002	200.0
2014-07-16	-0.001837	0.017154	0.025192	-0.002633	-0.029711	15600.0
2014-07-15	-0.013888999999999999	0.004246	0.012173	-0.0042899999999999995	-0.22778299999999999	5900.0
2014-07-14	0.000604	0.012785	0.012785	0.003633	0.009904999999999999	11400.0
2014-07-11	0.005468	0.014028	0.018322	0.010961	0.089132	3000.0
2014-07-10	-0.009031	0.009734	0.009734	7.000000000000001e-06	-0.148556	13300.0
2014-07-09	0.002414	0.014	0.014609	0.010343000000000001	0.039616000000000005	2900.0
2014-07-08	-0.001807	0.009734	0.011559	2e-06	-0.029711	9500.0
2014-07-07	-0.003003	0.009127	0.009734	0.006702	-0.049518	14600.0
2014-07-03	0.0	0.009734	0.009734	0.006702	0.0	2600.0
2014-07-02	-0.002994	0.008525	0.009734	0.0036880000000000003	-0.049519	36800.0
2014-07-01	0.000599	0.009734	0.010944	0.0030789999999999997	0.009903	42800.0
2014-06-30	-0.000599	0.009734	0.009734	0.006711	-0.009903	12200.0
2014-06-27	0.000599	0.007918999999999999	0.010339	0.007314	0.009903	17300.0
2014-06-26	-0.0011970000000000001	0.010942	0.010942	0.006108	-0.019806	6200.0
2014-06-25	0.009668000000000001	0.011564	0.021936	0.011564	0.158459	11900.0
2014-06-24	-0.006006	0.007308	0.009734	0.003669	-0.099037	29700.0
2014-06-23	0.003617	0.011559999999999999	0.016429	0.010951	0.059421	20100.0
2014-06-20	0.0048460000000000005	0.017072999999999998	0.021353999999999998	0.009734	0.079229	14000.0
2014-06-19	-0.008408	0.0012439999999999999	0.005489	0.0012439999999999999	-0.13865	5000.0
2014-06-18	-0.0006	0.001855	0.01034	0.000643	-0.009903	3200.0
2014-06-17	0.0	0.009734	0.012158	0.00731	0.0	13400.0
2014-06-16	0.009085	0.015238	0.020743	0.015238	0.148553	14400.0
2014-06-13	-0.0024170000000000003	0.007904000000000001	0.017665	0.007294	-0.039613	25600.0
2014-06-12	0.001816	0.009734	0.01768	0.009734	0.029708999999999996	2700.0
2014-06-11	-0.009592	0.0048909999999999995	0.010945	-0.000557	-0.158457	30800.0
2014-06-10	-0.000599	0.008524	0.010339	0.004289	-0.009904999999999999	2400.0
2014-06-09	-0.005364	0.013344	0.016353	-0.006513	-0.089132	63000.0
2014-06-06	-0.0017850000000000001	0.007331	0.007932	0.007331	-0.029708999999999996	500.0
2014-06-05	0.003582	0.011542	0.013954	0.009734	0.059421	1900.0
2014-06-04	-0.010047	0.0043630000000000006	0.007347	-0.001008	-0.16836099999999998	33800.0
2014-06-03	0.007143000000000001	0.006729000000000001	0.017547	0.006729000000000001	0.118843	85900.0
2014-06-02	-0.002967	0.009734	0.011531999999999999	0.004340999999999999	-0.049519	15500.0
2014-05-30	0.0071730000000000006	0.008527	0.017580000000000002	0.006716	0.118845	18800.0
2014-05-29	-0.000597	0.006718000000000001	0.009131	0.006718000000000001	-0.009904999999999999	2100.0
2014-05-28	0.000598	-0.000526	0.010338	-0.000526	0.009904999999999999	9900.0
2014-05-27	0.031443	0.027787	0.041483	0.027787	0.505083	29000.0
2014-05-23	0.000617	0.009734	0.010357	0.009734	0.009903	4900.0
2014-05-22	-0.01459	0.005437	0.005437	-0.004998	-0.237688	6700.0
2014-05-21	0.017946	0.009109	0.028479	0.005985	0.287207	15000.0
2014-05-20	-0.003699	0.005999	0.008489	0.0047539999999999995	-0.059422	2900.0
2014-05-19	0.018205000000000002	0.008466	0.028116000000000002	-0.002309	0.28720300000000004	33500.0
2014-05-16	-0.0068579999999999995	0.005327	0.006586	0.00155	-0.10894000000000001	10700.0
2014-05-15	0.0075379999999999996	0.015441999999999999	0.017345	0.0091	0.118844	9300.0
2014-05-14	-0.0018809999999999999	0.010367	0.017963999999999997	0.007835	-0.029710000000000004	37300.0
2014-05-13	0.002514	0.010369	0.020523	0.00021400000000000002	0.039613999999999996	51900.0
2014-05-12	0.0	0.006561	0.011003	0.006561	0.0	29400.0
2014-05-09	0.0	0.028138999999999997	0.029408	0.003387	0.0	28000.0
2014-05-08	-0.000628	0.002123	0.011002	-0.000414	-0.009904000000000001	22800.0
2014-05-07	-0.005	0.004685	0.006579000000000001	-0.001626	-0.07922799999999999	18100.0
2014-05-06	-0.006211	0.011615	0.011615	-0.006572	-0.099037	21800.0
2014-05-05	-0.007398	0.008489	0.008489	-0.000849	-0.118842	29800.0
2014-05-02	-0.001232	0.026521	0.026521	-0.005188	-0.019808000000000003	43100.0
2014-05-01	0.000616	0.010356	0.016577	0.009734	0.009903	36400.0
2014-04-30	0.002471	0.011604999999999999	0.012229	0.001626	0.039613999999999996	6900.0
2014-04-29	-0.0067480000000000005	0.009734	0.009734	0.00292	-0.10893800000000001	26400.0
2014-04-28	-0.006703	0.009734	0.014656	0.0029649999999999998	-0.10894000000000001	47800.0
2014-04-25	-0.004248	0.004832	0.010959	0.002382	-0.069325	23200.0
2014-04-24	-0.042417	-0.026055000000000002	-0.023709	-0.040137	-0.722961	49500.0
2014-04-23	0.001163	0.009146	0.012083	0.005622	0.019804	75000.0
2014-04-22	0.005850999999999999	0.010325	0.016233	0.010325	0.099037	36100.0
2014-04-21	0.005886	0.0133	0.016866	0.0133	0.099037	61700.0
2014-04-17	0.007711	0.013926	0.017519999999999997	0.010931999999999999	0.128746	33700.0
2014-04-16	0.007168000000000001	0.017575	0.026623	0.015163	0.118843	41200.0
2014-04-15	0.000598	0.010941	0.012148	0.009734	0.009904999999999999	22800.0
2014-04-14	0.005409000000000001	0.024297	0.024297	0.015194999999999998	0.089132	104400.0
2014-04-11	-0.002996	0.013969	0.013969	0.0067090000000000006	-0.04952	163800.0
2014-04-10	-0.004177	0.012144	0.012144	0.005517	-0.069325	153100.0
2014-04-09	0.003593	0.012757	0.017594	0.011548000000000001	0.059422	67900.0
2014-04-08	-0.0029850000000000002	0.009734	0.012748	0.00672	-0.049517	127300.0
2014-04-07	-0.0029760000000000003	0.034977	0.034977	0.006729000000000001	-0.049518	101100.0
2014-04-04	0.001789	0.014551	0.015153	0.010336	0.029711	18400.0
2014-04-03	-0.012949	0.010328	0.011517	-0.004529	-0.217879	132800.0
2014-04-02	-0.000588	0.007951999999999999	0.009734	0.007951999999999999	-0.009904999999999999	14600.0
2014-04-01	0.001768	0.009734	0.012709	0.009139	0.029713	17400.0
2014-03-31	-0.000589	0.009734	0.011518	0.008545	-0.009904999999999999	15500.0
2014-03-28	0.0	0.009139	0.010923	0.0049770000000000005	0.0	45300.0
2014-03-27	0.0	0.009734	0.010923	0.009139	0.0	44300.0
2014-03-26	-0.000589	0.010328	0.0133	0.007951	-0.009903	181500.0
2014-03-25	0.001179	0.011519	0.013899000000000002	0.001999	0.019808000000000003	101300.0
2014-03-24	0.080204	0.054083000000000006	0.10293	0.054083000000000006	1.247852	83300.0
2014-03-21	-0.005696	0.016125	0.016125	0.003982	-0.089133	1800.0
2014-03-20	0.006369	0.009734	0.016808	0.009734	0.099036	8100.0
2014-03-19	0.0	0.012306000000000001	0.020666999999999998	0.009734	0.0	5400.0
2014-03-18	-0.009464	0.0008150000000000001	0.003363	0.000178	-0.148554	6700.0
2014-03-17	-0.007514	-0.004176	0.002147	-0.004176	-0.118843	700.0
2014-03-14	0.005035	0.011640000000000001	0.016724	0.011005	0.079229	8400.0
2014-03-13	-0.009969	0.014766999999999999	0.016025	-0.002848	-0.158457	4900.0
2014-03-12	0.001873	0.008473	0.011625	0.008473	0.029710000000000004	2900.0
2014-03-11	0.00125	0.009734	0.016045	0.009734	0.019808000000000003	12000.0
2014-03-10	0.005025	0.0033909999999999995	0.014808000000000002	0.00022	0.07922799999999999	14400.0
2014-03-07	-0.0018809999999999999	0.007201999999999999	0.007835	0.005936	-0.029710000000000004	3200.0
2014-03-06	0.001255	0.010368	0.011002	0.007831999999999999	0.019806	4900.0
2014-03-05	-0.010559	0.004717	0.004717	-0.0009279999999999999	-0.16836099999999998	1900.0
2014-03-04	0.00625	0.009734	0.021093	0.0015300000000000001	0.099037	10400.0
2014-03-03	0.012657999999999999	0.022515	0.022515	0.021876	0.198071	7600.0
2014-02-28	-0.009404000000000001	-0.006726	0.00023799999999999998	-0.007359	-0.148553	2200.0
2014-02-27	-0.002502	0.007208	0.007208	0.005945000000000001	-0.039615	2800.0
2014-02-26	-0.000625	0.009734	0.009734	0.009103	-0.009903	400.0
2014-02-25	0.0	0.009734	0.024249	0.009103	0.0	11800.0
2014-02-24	0.003135	0.005936	0.025561	0.0046689999999999995	0.049518	32000.0
2014-02-21	-0.0074670000000000005	0.006592	0.006592	0.002194	-0.118843	3400.0
2014-02-20	0.0	0.009734	0.009734	0.009734	0.0	0.0
2014-02-19	-0.013505000000000001	-0.008242	-0.0039030000000000002	-0.008242	-0.21788000000000002	1100.0
2014-02-18	-0.012727	0.009734	0.009734	-0.003117	-0.20797600000000002	4000.0
2014-02-14	-0.017272	-0.007706	-0.006504	-0.007706	-0.287204	1400.0
2014-02-13	0.0	0.009734	0.009734	0.009734	0.0	0.0
2014-02-12	0.0	0.009734	0.009734	0.009734	0.0	0.0
2014-02-11	0.0035859999999999998	0.015165999999999999	0.015165999999999999	0.013355	0.059423000000000004	300.0
2014-02-10	0.0	0.009734	0.009734	0.009734	0.0	0.0
2014-02-07	0.0	0.009734	0.009734	0.009734	0.0	200.0
2014-02-06	0.0	0.009734	0.009734	0.009734	0.0	0.0
2014-02-05	-0.00179	-0.002918	0.007926	-0.015569999999999999	-0.029713	14500.0
2014-02-04	0.012689	0.022546	0.022546	0.022546	0.20797800000000002	2300.0
2014-02-03	-0.02475	-0.003356	-0.003356	-0.015257	-0.415951	4500.0
2014-01-31	0.0	0.009734	0.009734	0.009734	0.0	0.0
2014-01-30	0.0	0.009734	0.009734	0.009734	0.0	0.0
2014-01-29	0.0035479999999999995	0.019288	0.019288	0.013316999999999999	0.05942000000000001	5400.0
2014-01-28	0.000592	0.009734	0.015709	0.009734	0.009904000000000001	2100.0
2014-01-27	-0.017442	-0.010226	-0.007878	-0.021967	-0.297109	11000.0
2014-01-24	-0.016581	-0.004122	-0.004122	-0.0070079999999999995	-0.28720300000000004	4500.0
2014-01-23	0.012153	0.024927	0.031938999999999995	0.022005	0.20797399999999996	8000.0
2014-01-22	0.0034840000000000006	0.014425	0.014425	0.013252000000000002	0.059423000000000004	200.0
2014-01-21	0.011751000000000001	0.021599	0.021599	0.021599	0.19807	2400.0
2014-01-17	-0.001759	-0.010402	0.007956999999999999	-0.010402	-0.029708	1100.0
2014-01-16	0.0	0.021578	0.021578	0.006773	0.0	16600.0
2014-01-15	-0.027936000000000002	-0.008688	-0.006961	-0.018474	-0.485279	15000.0
2014-01-14	0.013872999999999998	0.018489	0.027244	0.018489	0.237688	8300.0
2014-01-13	-0.002882	0.006823999999999999	0.006823999999999999	0.006823999999999999	-0.049519	1800.0
2014-01-10	0.0	0.009734	0.009734	0.009734	0.0	0.0
2014-01-09	0.0028899999999999998	0.018489	0.018489	0.012652	0.049519	3400.0
2014-01-08	0.0	0.010318	0.010318	0.009734	0.0	1200.0
2014-01-07	0.0	0.009734	0.009734	0.009734	0.0	2800.0
2014-01-06	-0.011429	-0.007576	-0.0006519999999999999	-0.009884	-0.198073	1100.0
2014-01-03	-0.0039840000000000006	0.009159	0.009159	0.005711	-0.069324	4300.0
2014-01-02	0.01268	0.006823999999999999	0.025447	0.006823999999999999	0.21787800000000002	4100.0
2013-12-31	0.0028899999999999998	0.009734	0.012652	0.00915	0.049519	9000.0
2013-12-30	-0.004603	0.005086	0.006248	0.005086	-0.07922799999999999	6800.0
2013-12-27	-0.011939	-0.006913	-0.002321	-0.006913	-0.207977	1200.0
2013-12-26	0.0022789999999999998	0.016638	0.018364	0.012034999999999999	0.039615	7300.0
2013-12-24	0.010945	-0.0018989999999999999	0.020784999999999998	-0.0018989999999999999	0.188168	1300.0
2013-12-23	-0.013636	-0.007476999999999999	-0.004035	-0.007476999999999999	-0.237686	9100.0
2013-12-20	0.005714	-0.007576	0.016081	-0.007576	0.099035	177900.0
2013-12-19	-0.0017109999999999998	0.008582	0.008582	0.008006000000000001	-0.029711	800.0
2013-12-18	0.008631	0.016706	0.018449	0.016125	0.148556	8500.0
2013-12-17	-0.001149	0.009734	0.010895	0.0039310000000000005	-0.019808000000000003	15800.0
2013-12-16	0.002882	0.012062	0.012643999999999999	0.010898	0.049517	4800.0
2013-12-13	0.006381	0.008562	0.019105	0.007977	0.10894000000000001	5000.0
2013-12-12	-0.002315	0.007397	0.007397	0.007397	-0.039615	3100.0
2013-12-11	-0.0017329999999999997	0.009734	0.011484000000000001	0.006234	-0.029708999999999996	29200.0
2013-12-10	0.0	0.009734	0.009734	0.009734	0.0	0.0
2013-12-09	0.0	0.009734	0.009734	0.009734	0.0	0.0
2013-12-06	-0.00173	0.006822	0.007987000000000001	0.00624	-0.029711	400.0
2013-12-05	0.007554000000000001	0.016775	0.019122	0.016775	0.128748	8100.0
2013-12-04	0.0	0.009734	0.009734	0.009734	0.0	0.0
2013-12-03	-0.004051	0.005643	0.005643	0.005643	-0.069328	500.0
2013-12-02	0.009346	0.007965	0.019171	0.007965	0.158458	1500.0
2013-11-29	-0.012687	0.001582	0.001582	-0.003077	-0.21787800000000002	22000.0
2013-11-27	0.004635	0.012074	0.016169	0.009149	0.07922699999999999	2700.0
2013-11-26	0.015294	0.018049000000000003	0.027552999999999998	0.018049000000000003	0.257494	7400.0
2013-11-25	0.040392000000000004	0.009734	0.090686	-0.005097	0.653637	31300.0
2013-11-22	0.02125	0.016676	0.034977	0.015413999999999999	0.33672399999999997	27000.0
2013-11-21	-0.0043560000000000005	0.008477	0.008477	0.004707	-0.069325	3700.0
2013-11-20	0.015803	0.017393000000000002	0.028881999999999998	0.016755000000000003	0.24758899999999998	24700.0
2013-11-19	-0.010012	-0.010486	-0.000376	-0.010486	-0.158457	3700.0
2013-11-18	0.008202	-0.021481999999999998	0.035852999999999996	-0.021481999999999998	0.128746	13800.0
2013-11-15	0.018638	0.00584	0.028553	-0.003894	0.287204	20200.0
2013-11-14	0.040803	0.015137000000000001	0.050934	0.009734	0.60412	12800.0
2013-11-13	0.0	0.006357	0.009734	0.006357	0.0	5600.0
2013-11-12	-0.006645	-0.005026	0.003025	-0.005697	-0.099036	7200.0
2013-11-11	-0.007256	0.003073	0.003073	0.002407	-0.10893900000000001	300.0
2013-11-08	0.016086000000000003	0.009734	0.030037	0.002966	0.237686	7300.0
2013-11-07	0.0	0.009734	0.009734	0.009734	0.0	0.0
2013-11-06	-0.009295999999999999	0.002359	0.002359	0.00034700000000000003	-0.138651	900.0
2013-11-05	0.006684999999999999	0.019858	0.019858	0.007709000000000001	0.099037	1800.0
2013-11-04	-0.002001	0.008387	0.010408	0.0023239999999999997	-0.029710000000000004	12500.0
2013-11-01	-0.003987	0.006379	0.010405	0.005037	-0.059423000000000004	10600.0
2013-10-31	0.006689	0.009734	0.019865	0.009734	0.099036	8400.0
2013-10-30	-0.022876	0.0064340000000000005	0.0064340000000000005	-0.013365	-0.34662600000000005	28800.0
2013-10-29	0.003279	0.013045	0.026287	0.013045	0.049519	10500.0
2013-10-28	-0.016128999999999998	0.012990999999999999	0.012990999999999999	-0.006552	-0.24759	16000.0
2013-10-25	-0.004496	0.009734	0.014274	-0.011018	-0.069326	16400.0
2013-10-24	0.00842	0.009734	0.026737	0.00908	0.128747	17900.0
2013-10-23	0.0	0.009734	0.009734	0.009734	0.0	2500.0
2013-10-22	0.014455	0.013713999999999999	0.028973000000000002	0.011724	0.217879	12400.0
2013-10-21	-0.026854000000000003	0.007151	0.007151	-0.018027	-0.415951	8500.0
2013-10-18	0.0019219999999999999	0.012320999999999999	0.013615	0.011675	0.029712	900.0
2013-10-17	0.029682999999999998	0.015728	0.06501599999999999	0.011066	0.445661	18800.0
2013-10-16	0.0	0.07434099999999999	0.07434099999999999	0.009068000000000001	0.0	20700.0
2013-10-15	0.00066	0.009734	0.016399	0.009734	0.009904000000000001	8200.0
2013-10-14	0.0	0.0104	0.0104	-0.000263	0.0	3200.0
2013-10-11	0.006644	0.017113999999999997	0.017113999999999997	0.006379	0.099035	4400.0
2013-10-10	0.005344	0.011757	0.015130000000000001	0.011757	0.079229	2100.0
2013-10-09	0.0	0.009734	0.009734	0.009734	0.0	0.0
2013-10-08	0.001338	0.009734	0.013111000000000001	0.009734	0.019806999999999998	3800.0
2013-10-07	0.004704	0.022627	0.022627	0.012448	0.069326	2600.0
2013-10-04	-0.011295999999999999	0.014430000000000002	0.015772	-0.0016719999999999999	-0.16836199999999998	2700.0
2013-10-03	0.0	0.009734	0.009734	0.009734	0.0	0.0
2013-10-02	0.0	0.027849000000000002	0.027849000000000002	0.009734	0.0	800.0
2013-10-01	0.001997	0.010406	0.013094999999999999	0.009734	0.029711	7500.0
2013-09-30	-0.013788	-0.004189	-0.004189	-0.004189	-0.20797399999999996	1300.0
2013-09-27	0.001315	0.017036000000000003	0.017036000000000003	0.00907	0.019805	6200.0
2013-09-26	0.007285	0.022438999999999997	0.022438999999999997	0.015083000000000001	0.10894000000000001	5700.0
2013-09-25	0.006667	0.0131	0.016465999999999998	0.0131	0.099037	63800.0
2013-09-24	-0.005964	0.004381	0.004381	0.0037119999999999996	-0.089133	5200.0
2013-09-23	0.0	0.009734	0.009734	0.009734	0.0	0.0
2013-09-20	0.0	0.009734	0.009734	0.009734	0.0	0.0
2013-09-19	-0.003303	0.006399	0.006399	0.006399	-0.049518	100.0
2013-09-18	0.002649	0.0077280000000000005	0.012409	0.0077280000000000005	0.039613999999999996	200.0
2013-09-17	-0.022021000000000002	-0.009231	0.0005780000000000001	-0.013155000000000002	-0.33672199999999997	15000.0
2013-09-16	0.01847	0.028383	0.028383	0.028383	0.277301	100.0
2013-09-13	0.005972	0.015764	0.015764	0.015094	0.089132	700.0
2013-09-12	-0.001325	0.008395999999999999	0.008395999999999999	0.008395999999999999	-0.019806999999999998	500.0
2013-09-11	0.001327	0.019784	0.027825	0.011073999999999999	0.019806999999999998	9800.0
2013-09-10	0.0013289999999999999	0.014430000000000002	0.014430000000000002	0.011076	0.019806999999999998	2300.0
2013-09-09	-0.003311	0.014415	0.014415	0.003047	-0.049518	9400.0
2013-09-06	0.006667	0.02387	0.029929	0.011753	0.099037	18900.0
2013-09-05	-0.014455	-0.004861	0.011724	-0.008179	-0.21788000000000002	32400.0
2013-09-04	0.021477	0.012445	0.038196	0.012445	0.316916	9500.0
2013-09-03	-0.008648999999999999	0.001	0.005703	0.001	-0.128747	1700.0
2013-08-30	-0.000665	0.009063	0.010405	0.00772	-0.009904000000000001	1200.0
2013-08-29	0.0	0.009734	0.009734	0.009734	0.0	0.0
2013-08-28	0.002667	0.012426999999999999	0.012426999999999999	0.012426999999999999	0.039615	200.0
2013-08-27	-0.000666	0.009061	0.011079	0.009061	-0.009904000000000001	10700.0
2013-08-26	0.0	0.009734	0.009734	0.009734	0.0	0.0
2013-08-23	0.0	0.009734	0.009734	0.009734	0.0	200.0
2013-08-22	-0.004642	0.004377000000000001	0.005047	0.004377000000000001	-0.069326	2300.0
2013-08-21	0.013441	-0.006552	0.023306	-0.006552	0.198073	500.0
2013-08-20	0.01848	0.006278	0.028394	0.006278	0.267397	6000.0
2013-08-19	-0.00882	0.000144	0.002199	-0.000542	-0.128747	6700.0
2013-08-16	0.009589	0.010426000000000001	0.020108	0.009734	0.13865	3100.0
2013-08-15	-0.012179	0.009734	0.009734	-0.022375	-0.178264	10000.0
2013-08-14	-0.001351	0.006323	0.008369	0.006323	-0.019808000000000003	800.0
2013-08-13	-0.008707	0.013115	0.014468	-0.000411	-0.128747	20200.0
2013-08-12	-0.013219	0.009734	0.011068999999999999	-0.0036130000000000003	-0.198071	16200.0
2013-08-09	0.0	0.009734	0.009734	0.009734	0.0	2300.0
2013-08-08	0.0	0.010401	0.010401	0.009734	0.0	1500.0
2013-08-07	-0.005913	0.005753	0.005753	0.0037630000000000003	-0.089133	9100.0
2013-08-06	-0.001967	0.009734	0.009734	0.001789	-0.029710000000000004	3400.0
2013-08-05	-0.00974	0.023503	0.026126	-0.000101	-0.148554	4800.0
2013-08-02	0.019193	0.04181	0.042479	0.029113	0.28720500000000004	12200.0
2013-08-01	-0.016276	-0.00933	-0.0067	-0.00933	-0.24759	600.0
2013-07-31	0.0	0.009734	0.009734	0.009734	0.0	0.0
2013-07-30	0.041356	0.013156999999999999	0.051491999999999996	0.013156999999999999	0.604119	600.0
2013-07-29	-0.015354	-0.003747	-0.003747	-0.005769	-0.22778299999999999	800.0
2013-07-26	-0.005312	0.0050409999999999995	0.0050409999999999995	0.004370000000000001	-0.07923	300.0
2013-07-25	0.0	0.009734	0.009734	0.009734	0.0	0.0
2013-07-24	-0.013752	-0.00812	-0.004152	-0.00812	-0.207975	2000.0
2013-07-23	-0.012928	0.011692000000000001	0.011692000000000001	-0.004626	-0.198072	1200.0
2013-07-22	0.008475	0.011709	0.028163999999999998	0.011709	0.128746	3100.0
2013-07-19	0.01455	0.028433	0.029768	0.013073	0.217881	5100.0
2013-07-18	0.053658000000000004	0.01677	0.071655	0.01677	0.762576	5000.0
2013-07-17	0.006311	0.009026000000000001	0.016107	0.009026000000000001	0.089132	2600.0
2013-07-16	-0.005579	0.008326	0.009734	-0.012798	-0.07922799999999999	9100.0
2013-07-15	-0.006925	0.020222999999999998	0.020222999999999998	0.002741	-0.099036	600.0
2013-07-12	0.0	0.009734	0.009734	0.009734	0.0	0.0
2013-07-11	0.002082	0.011836	0.011836	0.011836	0.029711	300.0
2013-07-10	0.015503999999999999	0.011869	0.027524	0.011156999999999999	0.21788000000000002	1400.0
2013-07-09	0.016475999999999998	0.011181	0.034326	0.011181	0.227782	1700.0
2013-07-08	-0.0007160000000000001	-0.010504000000000001	0.009011	-0.010504000000000001	-0.009904000000000001	400.0
2013-07-05	0.009393	0.001709	0.019218	-0.007776000000000001	0.128747	600.0
2013-07-03	-0.002163	-0.009922	0.00755	-0.009922	-0.029711	400.0
2013-07-02	0.005072999999999999	0.024368	0.024368	0.009734	0.069326	2400.0
2013-07-01	0.008772	0.029663	0.045163	-0.0035520000000000005	0.118843	22800.0
2013-06-28	0.002198	0.013433	0.05411799999999999	0.009734	0.029710000000000004	10500.0
2013-06-27	0.009615	0.018696	0.019443000000000002	0.018696	0.128746	800.0
2013-06-26	0.001482	-0.000737	0.01123	-0.000737	0.019808000000000003	1400.0
2013-06-25	-0.009538	0.0008439999999999999	0.001585	0.000103	-0.128747	2700.0
2013-06-24	0.004422	-0.002916	0.015687	-0.002916	0.059423000000000004	17200.0
2013-06-21	0.0	0.009734	0.009734	0.009734	0.0	0.0
2013-06-20	-0.002939	0.015669	0.015669	0.0037990000000000003	-0.039615	2400.0
2013-06-19	0.002209	0.009734	0.011965	0.007503	0.029711	5300.0
2013-06-18	0.014190000000000001	0.024062	0.024062	0.024062	0.188167	400.0
2013-06-17	-0.002978	0.006726	0.006726	0.006726	-0.039613999999999996	100.0
2013-06-14	-0.014674000000000001	-0.0036009999999999996	0.008993000000000001	-0.005082	-0.198072	4100.0
2013-06-13	0.0059039999999999995	0.016441	0.031344	0.0037719999999999997	0.079229	2000.0
2013-06-12	0.0	0.009734	0.009734	0.009734	0.0	0.0
2013-06-11	0.0	0.009734	0.009734	0.009734	0.0	0.0
2013-06-10	-0.015262000000000001	-0.002007	-0.002007	-0.005676	-0.20797600000000002	18900.0
2013-06-07	0.015498	0.0037719999999999997	0.025383000000000003	-0.001444	0.20797600000000002	60000.0
2013-06-06	-0.001474	0.009734	0.009734	0.004525	-0.019806	16200.0
2013-06-05	0.0	0.009734	0.009734	0.009734	0.0	0.0
2013-06-04	0.004441	0.011976	0.014218000000000001	0.008986	0.05942000000000001	1800.0
2013-06-03	-0.006618000000000001	0.0037939999999999996	0.0037939999999999996	0.001567	-0.089132	6100.0
2013-05-31	0.0036899999999999997	0.012715	0.01346	0.012715	0.049518	600.0
2013-05-30	0.0	0.010479	0.010479	0.009734	0.0	8500.0
2013-05-29	0.0	0.009734	0.009734	0.009734	0.0	0.0
2013-05-28	0.002961	0.009734	0.013471	0.0007650000000000001	0.039613999999999996	1000.0
2013-05-24	-0.002216	0.018683	0.018683	0.007497	-0.029710000000000004	4000.0
2013-05-23	-0.0007379999999999999	-0.001444	0.009734	-0.001444	-0.009904000000000001	6700.0
2013-05-22	0.0211	0.0318	0.034844	0.027995999999999997	0.277301	12100.0
2013-05-21	-0.001505	0.006695	0.013533000000000002	0.006695	-0.019806999999999998	119800.0
2013-05-20	-0.023512	-0.002137	-0.002137	-0.014006999999999999	-0.316915	4500.0
2013-05-17	-0.005843999999999999	0.006046	0.006046	-0.016819	-0.07922799999999999	2700.0
2013-05-16	0.010332	0.021657	0.021657	0.017186	0.138649	1600.0
2013-05-15	-0.004408	0.023088	0.057215999999999996	0.0052829999999999995	-0.059421	10900.0
2013-05-14	-0.006569	0.031845	0.053956	-0.0035329999999999997	-0.089132	5400.0
2013-05-13	0.062015999999999995	-0.021575999999999998	0.093487	-0.021575999999999998	0.792288	22600.0
2013-05-10	-0.040892000000000005	-0.006031	-0.005281	-0.034559	-0.5446979999999999	2900.0
2013-05-09	0.00976	-0.0039109999999999995	0.042331	-0.005427	0.128747	7200.0
2013-05-08	0.011389	0.029668	0.051902	0.020468	0.148553	8800.0
2013-05-07	-0.003782	0.005915	0.011262000000000001	0.005915	-0.049518	131500.0
2013-05-06	-0.009738	0.005952000000000001	0.009734	-0.009931	-0.128747	7200.0
2013-05-03	0.003759	0.006697	0.030232	0.005938000000000001	0.049518	7500.0
2013-05-02	-0.007462999999999999	0.000692	0.009734	-6.2e-05	-0.099036	79000.0
2013-05-01	-0.000746	0.010487	0.014252	0.005215999999999999	-0.009903	5500.0
2013-04-30	0.000746	0.011241	0.011241	0.010487	0.009903	200.0
2013-04-29	-0.002234	0.02026	0.033041	-0.001544	-0.029711	9700.0
2013-04-26	0.005993	0.015785	0.015785	0.015785	0.079229	100.0
2013-04-25	-0.011111	-0.005973	0.000758	-0.008217	-0.148554	3200.0
2013-04-24	0.003718	0.013488	0.013488	0.00598	0.049519	203900.0
2013-04-23	-0.0029649999999999998	0.00674	0.00674	0.00674	-0.039615	600.0
2013-04-22	0.000742	0.040445	0.040445	-0.006745	0.009904000000000001	16800.0
2013-04-19	-0.019636	-0.007891	-0.007891	-0.016703	-0.267398	4300.0
2013-04-18	0.008064	0.006773	0.020097999999999998	-0.005072	0.10893900000000001	29900.0
2013-04-17	0.00813	-0.008923	0.018688999999999997	-0.00967	0.10894000000000001	6900.0
2013-04-16	-0.017429	-0.0034649999999999998	0.0009339999999999999	-0.016663999999999998	-0.23768699999999998	6000.0
2013-04-15	0.027612	0.016516	0.039122000000000004	0.015762	0.36643400000000004	9400.0
2013-04-12	-0.002234	0.014244999999999999	0.026275	0.007478	-0.029711	6700.0
2013-04-11	0.0	0.009734	0.009734	0.009734	0.0	0.0
2013-04-10	-0.0014869999999999998	0.006731	0.009734	0.002977	-0.019806	8300.0
2013-04-09	0.011278	-0.006968000000000001	0.037824	-0.006968000000000001	0.148553	11700.0
2013-04-08	0.0	0.009734	0.009734	0.009734	0.0	0.0
2013-04-05	-0.0067209999999999995	-0.0038399999999999997	0.006717	-0.0038399999999999997	-0.089133	300.0
2013-04-04	0.010565999999999999	0.0059240000000000004	0.043265	0.0059240000000000004	0.138651	10900.0
2013-04-03	0.016884	-0.002665	0.028332	-0.031337000000000004	0.21788000000000002	5500.0
2013-04-02	-0.021037	0.016562	0.016562	-0.013025	-0.277302	6000.0
2013-04-01	-0.022761	0.014922999999999999	0.014922999999999999	-0.018438	-0.30701100000000003	3500.0
2013-03-28	0.034169	0.012034	0.049602	0.012034	0.445662	86900.0
2013-03-27	0.013077000000000002	0.015948	0.024492	0.009734	0.16836099999999998	75200.0
2013-03-26	0.010887	0.0042380000000000004	0.028577999999999996	0.0042380000000000004	0.138651	25700.0
2013-03-25	0.000778	0.0034479999999999997	0.016806	-0.006768000000000001	0.009903	3500.0
2013-03-22	-0.004647999999999999	0.016773	0.016773	0.0011300000000000001	-0.059421	2500.0
2013-03-21	0.0046689999999999995	0.005804999999999999	0.01602	0.005804999999999999	0.059421	2800.0
2013-03-20	-0.002329	0.00895	0.00895	0.007382	-0.029711	3800.0
2013-03-19	-0.000776	0.008951	0.008951	0.008951	-0.009903	1600.0
2013-03-18	0.003113	-0.003624	0.013663	-0.006768000000000001	0.039613999999999996	10300.0
2013-03-15	-0.000778	0.018371000000000002	0.018371000000000002	0.008948999999999999	-0.009903	800.0
2013-03-14	-0.004644	0.015205000000000002	0.015205000000000002	-0.0035520000000000005	-0.059422	202200.0
2013-03-13	-0.005389	0.002738	0.009734	0.002738	-0.069325	1500.0
2013-03-12	0.0	-0.0034799999999999996	0.010511	-0.0034799999999999996	0.0	8800.0
2013-03-11	0.030951999999999997	0.017748	0.06422699999999999	0.017748	0.38624	3400.0
2013-03-08	0.0	0.014542	0.025761000000000003	0.009734	0.0	4000.0
2013-03-07	-0.003952000000000001	0.000155	0.012129000000000001	0.000155	-0.049517	1600.0
2013-03-06	-0.011719	0.0018449999999999999	0.0018449999999999999	-0.004465	-0.148555	4700.0
2013-03-05	0.003135	0.012107999999999999	0.040596	0.008943000000000001	0.039615	6400.0
2013-03-04	0.004724	0.010529	0.014504	0.010529	0.059421	1000.0
2013-03-01	-0.003922	0.019237	0.019237	-0.008481	-0.049518	2600.0
2013-02-28	-0.000784	0.008151	0.010525	0.006569	-0.009903	37700.0
2013-02-27	0.0	0.008943000000000001	0.013691	0.008151	0.0	20800.0
2013-02-26	0.000784	0.014486	0.014486	0.009734	0.009903	5800.0
2013-02-25	-0.0054600000000000004	0.004221	0.010522	-0.0036560000000000004	-0.069325	44000.0
2013-02-22	0.00549	0.011318	0.015278	0.009734	0.069325	1500.0
2013-02-21	0.0	0.009734	0.009734	0.009734	0.0	0.0
2013-02-20	-0.007781999999999999	0.013663	0.034879	0.001876	-0.099036	8400.0
2013-02-19	-0.022813999999999997	0.002055	0.002055	-0.013302000000000001	-0.297107	7500.0
2013-02-15	0.029757	0.012106	0.043733999999999995	0.012106	0.376336	7300.0
2013-02-14	-0.001564	0.010523000000000001	0.010523000000000001	0.006576	-0.019806999999999998	7800.0
2013-02-13	0.0023510000000000002	0.008943000000000001	0.012107999999999999	0.008943000000000001	0.029711	3200.0
2013-02-12	0.009493999999999999	0.017721999999999998	0.022515	0.014527000000000002	0.118843	13700.0
2013-02-11	-0.00707	-0.0005780000000000001	0.004182	-0.0005780000000000001	-0.089132	600.0
2013-02-08	0.004736	0.005749	0.01611	0.004952000000000001	0.059421	2900.0
2013-02-07	0.006354	0.016952000000000002	0.016952000000000002	0.01214	0.07922799999999999	500.0
2013-02-06	0.008006000000000001	0.00165	0.018627	-0.010477	0.099037	9400.0
2013-02-05	-0.0008	0.008118	0.008926	0.008118	-0.009903	300.0
2013-02-04	0.021242	0.009734	0.031183	0.004784	0.25749299999999997	29100.0
2013-02-01	0.002457	0.013041999999999998	0.013041999999999998	0.012215	0.029710000000000004	400.0
2013-01-31	0.0	0.009734	0.009734	0.009734	0.0	0.0
2013-01-30	0.016653	0.01646	0.026549	0.01646	0.198073	900.0
2013-01-29	-0.019592	-0.000157	0.004788000000000001	-0.010048999999999999	-0.237686	1900.0
2013-01-28	0.0074010000000000005	0.012225	0.02219	0.012225	0.089132	25200.0
2013-01-25	0.0008230000000000001	0.000592	0.013058000000000002	0.000592	0.009904000000000001	10600.0
2013-01-24	0.010815	0.012254000000000001	0.024855000000000002	0.012254000000000001	0.128746	2900.0
2013-01-23	0.001667	0.013941	0.013941	0.011417	0.019806999999999998	2500.0
2013-01-22	0.0016699999999999998	0.010577	0.013105	0.002991	0.019808000000000003	10700.0
2013-01-18	-0.001667	0.012258	0.013941	0.008051	-0.019808000000000003	5200.0
2013-01-17	0.0016699999999999998	0.010577	0.01142	0.009734	0.019808000000000003	600.0
2013-01-16	-0.006634	0.00471	0.035689	0.003036	-0.07923	86400.0
2013-01-15	-0.004129	0.004731	0.005565	0.004731	-0.049517	200.0
2013-01-14	-0.000825	0.014733000000000001	0.020564	0.008901000000000001	-0.009903	4500.0
2013-01-11	0.006644	0.009734	0.018119999999999997	0.009734	0.07922799999999999	7700.0
2013-01-10	0.017751	0.014855000000000002	0.028512	0.014855000000000002	0.207975	30800.0
2013-01-09	-0.014166999999999999	0.009734	0.009734	-0.011302	-0.16836099999999998	8700.0
2013-01-08	0.0	0.009734	0.009734	0.009734	0.0	0.0
2013-01-07	0.016949000000000002	0.005455	0.043106	-0.0048130000000000004	0.198072	73600.0
2013-01-04	0.025195	0.015875	0.05272	0.015875	0.287204	77800.0
2013-01-03	-0.016239	0.001104	0.001967	-0.007526000000000001	-0.188168	13500.0
2013-01-02	-0.007634	0.015729	0.039708999999999994	-0.015103	-0.089132	24100.0
2012-12-31	-0.046116000000000004	0.0081	0.0081	-0.059705999999999995	-0.564505	5400.0
2012-12-28	-0.002421	-0.0008609999999999999	0.007289	-0.0008609999999999999	-0.029711	900.0
2012-12-27	0.0	0.012994	0.017884	0.009734	0.0	3100.0
2012-12-26	0.0	0.009734	0.009734	0.009734	0.0	0.0
2012-12-24	0.012255	0.019633	0.031183	0.013034	0.148554	5400.0
2012-12-21	-0.000816	0.001491	0.009734	0.001491	-0.009903	3300.0
2012-12-20	0.003276	0.011387999999999999	0.017177	0.009734	0.039613	3400.0
2012-12-19	0.0	0.00808	0.013041999999999998	0.00808	0.0	30200.0
2012-12-18	0.0	0.009734	0.010561	0.007253	0.0	156400.0
2012-12-17	-0.0032649999999999997	0.004788000000000001	0.015503999999999999	0.003964	-0.039613	7700.0
2012-12-14	0.006573000000000001	0.015541999999999999	0.016371	0.015541999999999999	0.07922799999999999	21200.0
2012-12-13	-0.006531	0.009734	0.013031000000000001	0.00314	-0.07922799999999999	26100.0
2012-12-12	-0.004874	0.0048119999999999994	0.007273000000000001	0.0048119999999999994	-0.059423000000000004	1900.0
2012-12-11	0.006541	0.0072569999999999996	0.01799	0.005606	0.079229	11900.0
2012-12-10	0.008244	0.008902	0.018058	0.008902	0.099037	3500.0
2012-12-07	0.000825	0.010567	0.010567	0.010567	0.009904000000000001	400.0
2012-12-06	0.0016530000000000002	0.019747999999999998	0.019747999999999998	0.009734	0.019805	30200.0
2012-12-05	-0.000826	0.009734	0.011401999999999999	0.008066	-0.009902	3600.0
2012-12-04	0.000826	0.004727	0.011403	0.003892	0.009902	22600.0
2012-12-03	0.004149	0.0055439999999999994	0.013924	0.0055439999999999994	0.049519	8100.0
2012-11-30	0.000831	0.008895	0.010573	0.008895	0.009904000000000001	5300.0
2012-11-29	0.003333	0.009734	0.013941	0.009734	0.039613999999999996	94100.0
2012-11-28	0.0	0.003002	0.022356	0.003002	0.0	72500.0
2012-11-27	0.0075569999999999995	0.016516	0.017363999999999997	0.008886	0.089133	6600.0
2012-11-26	-0.0075	0.0013189999999999999	0.008892	-0.004571	-0.089133	38600.0
2012-11-23	0.002506	0.012265	0.012265	0.012265	0.029710000000000004	2300.0
2012-11-21	-0.001668	0.010576	0.021524	-0.0020559999999999997	-0.019806	28500.0
2012-11-20	-0.000833	0.010575	0.013941	0.008051	-0.009904000000000001	41200.0
2012-11-19	0.011804	0.013991	0.034424	0.013991	0.138651	27900.0
2012-11-16	0.008503	0.008875	0.023472	0.008875	0.099035	9600.0
2012-11-15	-0.005076	-0.001371	0.005463	-0.001371	-0.059421	800.0
2012-11-14	-0.006723000000000001	0.0029460000000000003	0.0029460000000000003	0.0029460000000000003	-0.07922799999999999	100.0
2012-11-13	-0.002515	0.009734	0.009734	0.007195	-0.029712	1300.0
2012-11-12	0.011875	0.012303	0.021724	0.012303	0.138651	2800.0
2012-11-09	-0.004222999999999999	0.0046170000000000004	0.010587000000000001	0.002059	-0.049519	3100.0
2012-11-08	0.011101999999999999	0.014044999999999998	0.020944	0.014044999999999998	0.128747	1400.0
2012-11-07	-0.005942	0.015734	0.015734	0.0037340000000000003	-0.069324	900.0
2012-11-06	-0.005907	0.005473	0.008882	0.0037689999999999998	-0.069326	4000.0
2012-11-05	-0.0125	0.0038439999999999998	0.0038439999999999998	-0.002888	-0.148554	1800.0
2012-11-02	0.006711	0.009734	0.016511	0.009734	0.079229	2200.0
2012-11-01	0.020548	0.012327	0.031346	0.012327	0.237686	2400.0
2012-10-31	0.012131999999999999	0.014984	0.022859	0.014984	0.138651	900.0
2012-10-26	0.018535	0.008843	0.033796	0.006169	0.207975	17700.0
2012-10-25	-0.0043939999999999995	0.0008609999999999999	0.013283000000000001	-0.010674	-0.049518	3500.0
2012-10-24	0.012456	0.015124	0.028599	0.012429	0.138651	20600.0
2012-10-23	-0.020906	-0.011375	-0.011375	-0.011375	-0.237686	100.0
2012-10-22	-0.035294	0.002097	0.0046429999999999996	-0.026751999999999998	-0.415951	5600.0
2012-10-19	0.0	0.008037	0.009734	0.0004	0.0	2500.0
2012-10-18	0.0	0.009734	0.009734	0.009734	0.0	0.0
2012-10-17	0.0	0.009734	0.009734	0.009734	0.0	0.0
2012-10-16	0.002527	0.008033	0.012286	-0.00047400000000000003	0.029710000000000004	4900.0
2012-10-15	-0.009182	0.004677000000000001	0.004677000000000001	-0.009651999999999999	-0.10893900000000001	1300.0
2012-10-12	0.041739	0.015002000000000001	0.051878999999999995	0.015002000000000001	0.475372	1800.0
2012-10-11	0.017699	0.015094999999999999	0.032073000000000004	0.015094999999999999	0.198072	2500.0
2012-10-10	0.0	0.009734	0.009734	0.009734	0.0	0.0
2012-10-09	-0.017391	0.005344	0.01149	-0.007826999999999999	-0.198072	1700.0
2012-10-08	0.0008699999999999999	0.006219	0.010613	0.001825	0.009904000000000001	18200.0
2012-10-05	-0.006055	0.004493	0.004493	0.0036200000000000004	-0.069326	1500.0
2012-10-04	-0.007725	0.004534000000000001	0.004534000000000001	0.0002	-0.08913099999999999	1200.0
2012-10-03	0.005177	0.006249	0.018446	-0.024243	0.059421	25600.0
2012-10-02	-0.008554	0.00196	0.006279	0.0010960000000000002	-0.099036	3600.0
2012-10-01	0.010372	0.039406000000000004	0.047261000000000004	0.012352	0.118843	6500.0
2012-09-28	0.0060869999999999995	0.006222	0.017636000000000002	0.006222	0.069325	4700.0
2012-09-27	0.031389999999999994	0.007923000000000001	0.04143	0.007923000000000001	0.34662600000000005	4000.0
2012-09-26	0.001797	0.007012000000000001	0.011548000000000001	0.007012000000000001	0.019806999999999998	8900.0
2012-09-25	0.007240000000000001	0.011561	0.017044	0.010648000000000001	0.079229	11100.0
2012-09-24	-0.000904	0.009734	0.010647	0.008820999999999999	-0.009904000000000001	1700.0
2012-09-21	0.005455	0.014324000000000002	0.018913	0.007898	0.059422	96200.0
2012-09-20	-0.008115	0.00245	0.005182	-0.000281	-0.089132	40900.0
2012-09-19	0.0036200000000000004	0.009734	0.013388999999999998	0.009734	0.039613999999999996	15600.0
2012-09-18	0.003633	0.015237	0.017988	0.008817	0.039613999999999996	52700.0
2012-09-17	0.0	0.011568	0.013402	0.008817	0.0	42400.0
2012-09-14	0.000909	0.008816	0.013406	0.005144	0.009904000000000001	27900.0
2012-09-13	-0.009009	0.005186	0.005186	-0.003001	-0.099036	149900.0
2012-09-12	0.007259000000000001	0.006069	0.030808	0.006069	0.07922799999999999	33300.0
2012-09-11	0.0027300000000000002	0.009734	0.015247	0.009734	0.029712	12700.0
2012-09-10	0.0009109999999999999	0.007895000000000001	0.017091	0.007895000000000001	0.009904000000000001	87000.0
2012-09-07	0.004574	0.016201	0.016201	0.011581999999999999	0.049517	88500.0
2012-09-06	-0.005459	0.010653	0.01984	0.003303	-0.059421	23600.0
2012-09-05	0.0009109999999999999	0.009734	0.010654	0.006975	0.009904000000000001	22600.0
