2017-09-01	0.000443	-0.002124	0.007789	-0.003098	0.049996	288200.000000
2016-09-01	0.0032329999999999998	0.023283	0.026733999999999997	0.014699	0.38416300000000003	341000.0
2016-08-31	-0.005031	0.014785	0.016293000000000002	0.005156	-0.600869	395300.0
2016-08-30	0.007479	0.022712	0.024231	0.020266	0.8865280000000001	169500.0
2016-08-29	0.0145	0.027186000000000002	0.030780000000000002	0.0271	1.69423	205400.0
2016-08-26	-0.013883000000000001	-0.0018440000000000002	0.006933	-0.004376	-1.6449900000000002	405500.0
2016-08-25	-0.005045	0.014028	0.015708	0.00941	-0.6008600000000001	354300.0
2016-08-24	0.009182	0.030288	0.031898	0.023084999999999998	1.0835270000000001	368500.0
2016-08-23	-0.006469	0.012594	0.013688999999999998	0.008637	-0.768319	169900.0
2016-08-22	0.008025	0.02106	0.024879	0.020125999999999998	0.9456180000000001	332200.0
2016-08-19	0.005717	0.019728	0.022971000000000002	0.01913	0.6698149999999999	356800.0
2016-08-18	-0.0021809999999999998	0.0071129999999999995	0.014863	0.0071129999999999995	-0.256096	775200.0
2016-08-17	0.016371	0.026024000000000002	0.031997000000000005	0.025938	1.891243	537100.0
2016-08-16	-0.0025510000000000003	0.010196	0.016326	0.008468999999999999	-0.295509	221500.0
2016-08-15	-0.0017829999999999999	0.012705	0.016066	0.012705	-0.20685599999999998	120000.0
2016-08-12	0.00016999999999999999	0.01348	0.018738	0.012618	0.019707	239900.0
2016-08-11	0.007012000000000001	0.017634999999999998	0.023798	0.016766999999999997	0.807716	264700.0
2016-08-10	-0.0040030000000000005	0.011659000000000001	0.014599	0.010708	-0.462959	191300.0
2016-08-09	8.499999999999999e-05	0.015377000000000002	0.015982	0.008978	0.009842	342100.0
2016-08-08	0.012504000000000001	0.034201999999999996	0.037616000000000004	0.026848	1.428291	667900.0
2016-08-05	0.032499	0.047113	0.050638	0.043226	3.5953370000000002	602900.0
2016-08-04	0.020350999999999998	0.035495	0.037432	0.026641	2.206451	907300.0
2016-08-03	0.000909	0.013635	0.01622	0.009665	0.098504	358000.0
2016-08-02	-0.011328	0.0070810000000000005	0.011279	-0.004419	-1.241135	534100.0
2016-08-01	-0.003315	0.019934	0.020662	0.009564	-0.364456	445100.0
2016-07-29	0.0075840000000000005	0.030418999999999998	0.033811	0.016304	0.827415	756500.0
2016-07-28	0.001718	0.021172	0.022090000000000002	0.009052	0.187157	600000.0
2016-07-27	0.00885	0.03197	0.032433	0.019558000000000002	0.955475	384800.0
2016-07-26	-0.000729	0.011131	0.016037	0.010576	-0.078804	198100.0
2016-07-25	0.0	0.017240000000000002	0.019462	0.014649	0.0	204600.0
2016-07-22	0.007533	0.022292	0.024716	0.021172999999999997	0.807724	205900.0
2016-07-21	-0.004026	0.013904	0.016876	0.009352	-0.43341899999999994	292700.0
2016-07-20	0.006817	0.018384	0.023059	0.0167	0.728928	192500.0
2016-07-19	-0.004128	0.012131	0.012317	0.0070090000000000005	-0.44326800000000005	220500.0
2016-07-18	0.0017460000000000002	0.013897999999999999	0.018563	0.012685	0.187157	233900.0
2016-07-15	0.007779	0.02423	0.02611	0.020469	0.827415	351300.0
2016-07-14	0.001113	0.020193	0.020381	0.014828000000000001	0.11821	296800.0
2016-07-13	0.01239	0.030069	0.033785	0.022065	1.300232	537200.0
2016-07-12	0.008329000000000001	0.025677	0.030769	0.023371	0.866814	456300.0
2016-07-11	0.035172	0.043551	0.053099	0.042755	3.536239	679300.0
2016-07-08	0.014713	0.021461	0.031049	0.020149	1.45784	372800.0
2016-07-07	0.008118	0.022224	0.025988999999999998	0.017950999999999998	0.797867	423300.0
2016-07-06	0.00605	0.017047	0.022062000000000002	0.008039	0.591011	423500.0
2016-07-05	-0.0046170000000000004	0.015102	0.015612000000000001	0.007664	-0.45310900000000004	500700.0
2016-07-01	-0.0035	0.011041	0.017438	0.008909	-0.344758	515100.0
2016-06-30	-0.015071000000000001	-0.001396	-9.6e-05	-0.011895999999999999	-1.507087	1270000.0
2016-06-29	0.016725	0.022931	0.035132	0.021406	1.644989	484100.0
2016-06-28	-0.004089	0.002041	0.011964	-0.0037310000000000004	-0.403862	967700.0
2016-06-27	-0.035591000000000005	-0.011944	-0.011944	-0.030302	-3.6445849999999997	691200.0
2016-06-24	-0.054479	-0.038534	-0.028839	-0.048506	-5.900291	783700.0
2016-06-23	0.032394	0.045517	0.048568	0.040274000000000004	3.39833	576900.0
2016-06-22	-0.005788000000000001	0.014162000000000001	0.019278999999999998	0.00857	-0.610717	881200.0
2016-06-21	0.012476000000000001	0.029597000000000002	0.033052	0.026719	1.300231	568100.0
2016-06-20	0.024797	0.049326	0.05266900000000001	0.038706	2.521668	567900.0
2016-06-17	0.012256	0.027846	0.030832	0.020082	1.231277	395100.0
2016-06-16	-0.0047810000000000005	0.000642	0.011637999999999999	-0.003618	-0.482666	305900.0
2016-06-15	0.01385	0.030872000000000004	0.036898	0.027156	1.3790360000000002	414900.0
2016-06-14	-0.005999	0.010013	0.013806	0.000628	-0.6008680000000001	375800.0
2016-06-13	-0.014632	0.005957	0.010284999999999999	-0.0016179999999999999	-1.4873809999999998	310000.0
2016-06-10	-0.012440000000000001	0.006945999999999999	0.008015000000000001	-0.001797	-1.280533	316700.0
2016-06-09	-0.010884999999999999	0.0041530000000000004	0.006171	0.00079	-1.132782	283300.0
2016-06-08	0.001517	0.015878	0.018187000000000002	0.013279	0.157608	217900.0
2016-06-07	-0.00047400000000000003	0.015974000000000002	0.017705000000000002	0.013954	-0.049247000000000006	349500.0
2016-06-06	0.01971	0.035999	0.038156	0.030898000000000002	2.009445	559800.0
2016-06-03	-0.003082	0.013933000000000001	0.017649	0.0049369999999999995	-0.315209	449900.0
2016-06-02	0.0047420000000000006	0.015892	0.021688	0.014025	0.482659	301000.0
2016-06-01	-0.0007740000000000001	0.023352	0.023745	0.009412	-0.078804	540200.0
2016-05-31	0.028035	0.043059	0.049418000000000004	0.035793	2.777778	673300.0
2016-05-27	-0.016427	0.010539	0.011233	-0.005046	-1.654838	414400.0
2016-05-26	-0.003411	0.015203999999999999	0.01649	0.009762999999999999	-0.344765	371000.0
2016-05-25	0.019674	0.025391999999999998	0.03659	0.023274	1.950348	772000.0
2016-05-24	0.010948999999999999	0.019079	0.031113	0.013674	1.073669	852500.0
2016-05-23	-0.010536	0.012278	0.012278	0.0036	-1.0441200000000002	447900.0
2016-05-20	0.010039	0.0256	0.030186	0.023256	0.985023	340800.0
2016-05-19	-0.018911	-0.0043939999999999995	-0.001394	-0.007794	-1.891243	402600.0
2016-05-18	0.009144	0.015103	0.030137999999999998	0.014397	0.90622	374300.0
2016-05-17	-0.0020829999999999998	0.017117	0.020641999999999997	0.011982	-0.20685599999999998	305800.0
2016-05-16	0.010322	0.01907	0.028735000000000004	0.018561	1.014572	322200.0
2016-05-13	-0.015683000000000002	0.003788	0.009797	-0.001719	-1.5661770000000002	371600.0
2016-05-12	0.029866000000000004	0.015203999999999999	0.051815	0.015203999999999999	2.8959580000000003	1043200.0
2016-05-11	-0.060865999999999996	-0.018694	-0.014722999999999998	-0.050655	-6.284447	1241800.0
2016-05-10	0.021537999999999998	0.030441000000000003	0.037069	0.028462	2.176903	483400.0
2016-05-09	0.006375	0.030139	0.031932	0.018888	0.640266	360200.0
2016-05-06	0.006814	0.018312000000000002	0.023324	0.014502000000000001	0.679672	277500.0
2016-05-05	0.00646	0.021661	0.023578	0.015708	0.640259	377200.0
2016-05-04	-0.008181	0.017506	0.017506	0.0065980000000000006	-0.817566	350500.0
2016-05-03	-0.009954000000000001	0.007278	0.009755	-0.0033229999999999996	-1.00473	315000.0
2016-05-02	0.007571	0.02339	0.025486	0.017799000000000002	0.758476	336900.0
2016-04-29	-0.012237999999999999	0.012542	0.013231999999999999	1.9e-05	-1.241134	496300.0
2016-04-28	-0.032057999999999996	-0.011042	-0.001116	-0.018772999999999998	-3.3589330000000004	740300.0
2016-04-27	-0.008851999999999999	0.000352	0.008772	-0.001918	-0.935768	271100.0
2016-04-26	-0.00018600000000000002	0.015299	0.016055	0.009719	-0.019699	252500.0
2016-04-25	-0.001024	0.015865	0.01955	0.008118	-0.10835299999999999	307000.0
2016-04-22	0.019063	0.029838999999999997	0.035712	0.027047	1.979889	473700.0
2016-04-21	0.005627	0.021884999999999998	0.024983	0.019077	0.5811689999999999	310500.0
2016-04-20	0.001433	0.015397999999999998	0.021313	0.009968000000000001	0.147759	261300.0
2016-04-19	0.012963999999999998	0.032293999999999996	0.035044	0.025910000000000002	1.319923	252000.0
2016-04-18	-0.0030859999999999998	-0.0012460000000000001	0.013833000000000002	-0.0012460000000000001	-0.315208	301900.0
2016-04-15	-0.012195000000000001	0.010851999999999999	0.010851999999999999	0.000986	-1.260826	399300.0
2016-04-14	0.006714	0.02241	0.026206999999999998	0.020365	0.6895140000000001	406500.0
2016-04-13	0.026382999999999997	0.036991	0.042488	0.034293000000000004	2.639862	628900.0
2016-04-12	0.032001999999999996	0.044083	0.051716	0.041917	3.1028290000000003	523400.0
2016-04-11	-0.022154	-0.006278	-0.00063	-0.008598	-2.1966099999999997	990300.0
2016-04-08	0.024321000000000002	0.040308	0.04444	0.037209	2.354218	517100.0
2016-04-07	-0.012461	0.012143000000000001	0.012551	-0.002241	-1.221436	547600.0
2016-04-06	0.007798	0.016849	0.024252000000000003	0.011503	0.758469	492300.0
2016-04-05	-0.026041	-0.01634	-0.0030210000000000002	-0.017541	-2.6004560000000003	1156400.0
2016-04-04	-0.020862000000000002	-0.003229	-0.00117	-0.010583	-2.127655	993600.0
2016-04-01	-0.026147000000000004	-0.012009	-0.006662	-0.016402	-2.738366	531800.0
2016-03-31	-0.011895999999999999	0.0039759999999999995	0.007279000000000001	0.00124	-1.260833	384500.0
2016-03-30	-0.006922	0.011925	0.012862	0.006770999999999999	-0.738762	323500.0
2016-03-29	0.015702	0.027814	0.031811	0.021533	1.6499099999999998	345900.0
2016-03-28	0.022291	0.055589	0.061329999999999996	0.051601	2.291229	450500.0
2016-03-24	-0.016465999999999998	0.018018	0.018018	0.011894	-1.7208400000000001	399800.0
2016-03-23	-0.004604	0.033237	0.038095	0.029618000000000002	-0.48338400000000004	291100.0
2016-03-22	0.013627	0.043745	0.055427	0.040366	1.411477	318600.0
2016-03-21	0.005065999999999999	0.032537	0.042434	0.032537	0.522048	442100.0
2016-03-18	-0.012323	0.018567	0.024797	0.013966999999999999	-1.2857969999999999	615500.0
2016-03-17	0.0036270000000000004	0.028127999999999997	0.043422	0.0238	0.377037	354700.0
2016-03-16	0.0029850000000000002	0.027145	0.039686	0.023575	0.309365	343000.0
2016-03-15	-0.015879	0.01976	0.019854	0.010645	-1.672493	404400.0
2016-03-14	-0.002837	0.034286000000000004	0.036558	0.030119999999999997	-0.299698	251500.0
2016-03-11	0.020359	0.049643	0.05563200000000001	0.048484	2.107544	216700.0
2016-03-10	0.007812	0.058816	0.060958000000000005	0.033504	0.8024140000000001	644900.0
2016-03-09	0.004063000000000001	0.044545999999999995	0.045035000000000006	0.034185	0.415703	201900.0
2016-03-08	-0.019368	0.021056000000000002	0.022782	0.012429	-2.020531	459500.0
2016-03-07	-0.014969999999999999	0.012475	0.024938	0.010964	-1.585495	745300.0
2016-03-04	0.009026000000000001	0.043812000000000004	0.050767	0.038477	0.947426	204700.0
2016-03-03	0.014768	0.041148000000000004	0.049656	0.040665	1.527488	289300.0
2016-03-02	0.005451	0.038657	0.043032	0.03545	0.560723	275700.0
2016-03-01	0.02219	0.046304000000000005	0.05971799999999999	0.042230000000000004	2.2332229999999997	344700.0
2016-02-29	-0.009892	0.033987	0.035758	0.024149	-1.0054319999999999	423600.0
2016-02-26	-0.004072999999999999	0.028796	0.039376999999999995	0.025169999999999998	-0.415703	492600.0
2016-02-25	0.00937	0.03438	0.04427	0.033095	0.947426	849000.0
2016-02-24	-0.009752	0.028994	0.030463	0.007253	-0.9957739999999999	628600.0
2016-02-23	-0.010029000000000001	0.033023000000000004	0.034186	0.023134000000000002	-1.0344389999999999	161700.0
2016-02-22	0.013104	0.041845	0.049998	0.041747	1.3341450000000001	297400.0
2016-02-19	-0.019916	0.017341	0.018978000000000002	0.008870000000000001	-2.068871	723200.0
2016-02-18	-0.006289	0.038685000000000004	0.042225	0.025675	-0.657402	224700.0
2016-02-17	-0.000739	0.029410000000000002	0.036675	0.028549	-0.077339	696500.0
2016-02-16	0.028026	0.061797000000000005	0.067104	0.055901	2.8519360000000002	476700.0
2016-02-12	0.001713	0.015578999999999999	0.037235000000000004	0.009377	0.174027	668300.0
2016-02-11	-0.015828000000000002	0.020041999999999997	0.024789	0.009192	-1.633835	545900.0
2016-02-10	-0.000655	0.051614	0.05984299999999999	0.032444	-0.067665	414100.0
2016-02-09	-0.020984	0.004618	0.019594	0.000732	-2.21389	498800.0
2016-02-08	-0.011414	0.02829	0.028946	0.011704	-1.2181170000000001	687700.0
2016-02-05	-0.034124	0.015827	0.018361000000000002	-0.013497	-3.770378	851100.0
2016-02-04	-0.0060869999999999995	0.03438	0.03438	0.014051	-0.6767270000000001	560900.0
2016-02-03	-0.033697000000000005	0.012476000000000001	0.014823	-0.014383000000000002	-3.8767169999999997	622600.0
2016-02-02	-0.011628	0.032233	0.032233	0.018057	-1.353477	353400.0
2016-02-01	0.003083	0.034122	0.040757	0.026882999999999997	0.357704	416700.0
2016-01-29	0.033672	0.057808000000000005	0.06921000000000001	0.051216	3.780037	746000.0
2016-01-28	0.0069370000000000005	0.046579	0.046579	0.030882	0.773414	313700.0
2016-01-27	0.008483	0.049306	0.059165999999999996	0.038451	0.93776	320900.0
2016-01-26	0.008288	0.033377	0.043227	0.032283	0.908752	267500.0
2016-01-25	-0.021906000000000002	0.020285	0.022248	0.009937	-2.455566	248600.0
2016-01-22	0.043654000000000005	0.071715	0.080374	0.06901499999999999	4.688797	595500.0
2016-01-21	-0.003677	0.023712999999999998	0.039389	0.015456999999999999	-0.396378	285300.0
2016-01-20	-0.030516	0.009918999999999999	0.011087999999999999	-0.020297	-3.393333	1000200.0
2016-01-19	0.021491999999999997	0.065706	0.06653200000000001	0.046047000000000005	2.3395610000000002	485500.0
2016-01-15	-0.031731	0.014544999999999999	0.015522999999999999	-0.004757	-3.5673519999999996	637000.0
2016-01-14	0.011304999999999999	0.037799	0.049132999999999996	0.027364	1.2567979999999999	354100.0
2016-01-13	-0.007252	0.046615	0.048043	0.02286	-0.812088	345800.0
2016-01-12	0.008884	0.050957999999999996	0.051588	0.031317000000000005	0.986099	341200.0
2016-01-11	0.015479	0.045359	0.051031	0.03804	1.691841	511500.0
2016-01-08	-0.021719	0.041093	0.044315	0.010662	-2.426582	635800.0
2016-01-07	-0.023737	0.014283	0.019177	0.008865999999999999	-2.716599	407500.0
2016-01-06	-0.022784	0.012436	0.0144	0.005520000000000001	-2.6682580000000002	277600.0
2016-01-05	-0.002635	0.035062	0.035062	0.023309	-0.309372	306400.0
2016-01-04	-0.012841	0.021602	0.027823	0.010253	-1.5274809999999999	413500.0
2015-12-31	-0.0014609999999999998	0.035472000000000004	0.043698	0.029595	-0.174019	221000.0
2015-12-30	-0.012343999999999999	0.031396	0.031644	0.0207	-1.488816	334100.0
2015-12-29	0.00233	0.031222000000000003	0.03945	0.031222000000000003	0.280358	160400.0
2015-12-28	-0.010336	0.02336	0.026813999999999998	0.021715	-1.256783	283800.0
2015-12-24	-0.010853	0.020144	0.02592	0.020144	-1.3341370000000001	102300.0
2015-12-23	0.012502	0.043276	0.048382999999999995	0.039734	1.517823	298400.0
2015-12-22	0.007461	0.041268	0.045583	0.035625	0.899086	332800.0
2015-12-21	0.00209	0.037374	0.042696	0.028227	0.25135799999999997	274100.0
2015-12-18	-0.003285	0.034629	0.036038	0.027335	-0.396378	359000.0
2015-12-17	-0.014685	0.031849	0.034135000000000006	0.018455000000000003	-1.79818	352800.0
2015-12-16	0.036752	0.058849	0.07434299999999999	0.057071000000000004	4.340767	493100.0
2015-12-15	-0.002694	0.034970999999999995	0.038349	0.031172000000000002	-0.319031	245200.0
2015-12-14	-0.009461	0.033711	0.036137	0.017652	-1.131111	414400.0
2015-12-11	-0.009769	0.027339999999999996	0.028831	0.017981	-1.179451	463000.0
2015-12-10	0.00799	0.043564	0.046903	0.040224	0.9570930000000001	255600.0
2015-12-09	0.011264	0.04772	0.053038	0.038855	1.3341370000000001	340900.0
2015-12-08	-0.021015	0.017437	0.017437	0.008015000000000001	-2.5425880000000003	516000.0
2015-12-07	-0.005957	0.031012	0.031916	0.022959999999999998	-0.725074	161000.0
2015-12-04	0.009461	0.033219	0.044167000000000005	0.033219	1.140785	279900.0
2015-12-03	-0.008112000000000001	0.041701999999999996	0.041866	0.024426	-0.986099	601400.0
2015-12-02	-0.001429	0.041691000000000006	0.043663	0.030683999999999996	-0.174012	252600.0
2015-12-01	0.012056	0.045438	0.050675	0.043775	1.450142	201100.0
2015-11-30	0.00040199999999999996	0.037957	0.038289	0.032966	0.048325	189700.0
2015-11-27	0.004118	0.039557999999999996	0.041729	0.037721	0.49305699999999997	63900.0
2015-11-25	-0.0012900000000000001	0.03438	0.03438	0.030961000000000002	-0.154678	110500.0
2015-11-24	0.00731	0.040177	0.04337	0.035388	0.870079	242600.0
2015-11-23	-0.0044469999999999996	0.033795	0.03622	0.025932999999999998	-0.531716	175700.0
2015-11-20	-0.0017760000000000002	0.035549000000000004	0.036468	0.029872000000000003	-0.212684	158700.0
2015-11-19	-0.008166	0.025685000000000003	0.030737	0.024857	-0.9861	213000.0
2015-11-18	0.014291	0.038244	0.049499	0.036312	1.7015	217500.0
2015-11-17	0.009095	0.040737	0.048281	0.038702999999999994	1.073105	225000.0
2015-11-16	0.00635	0.032077	0.041375	0.031992	0.744416	183900.0
2015-11-13	-0.003779	0.037864	0.040838	0.029876999999999997	-0.444725	289500.0
2015-11-12	-0.012172	0.031526	0.031526	0.019943000000000002	-1.450142	282000.0
2015-11-11	-0.002913	0.038147	0.038147	0.031367	-0.348023	146800.0
2015-11-10	0.011209	0.042674000000000004	0.04716	0.041658999999999995	1.324455	202700.0
2015-11-09	-0.005695	0.03438	0.034969	0.024197999999999997	-0.6767270000000001	189000.0
2015-11-06	-0.015537	0.020380000000000002	0.020546000000000002	0.013090000000000001	-1.8755259999999998	277500.0
2015-11-05	0.010520999999999999	0.043505	0.048026	0.043087	1.256797	319600.0
2015-11-04	0.0013779999999999999	0.035135	0.038572	0.031698000000000004	0.164345	302200.0
2015-11-03	0.00073	0.0348	0.036226	0.030688999999999998	0.087006	569600.0
2015-11-02	0.005546	0.039104	0.041888	0.036405	0.657402	573400.0
2015-10-30	-0.005031	0.034212	0.037066	0.028925	-0.599396	196600.0
2015-10-29	-0.024691	0.009577	0.010232	0.002455	-3.016296	267800.0
2015-10-28	0.012256999999999999	0.038524	0.047804	0.035209	1.479149	193100.0
2015-10-27	-0.003989	0.030749000000000002	0.033306999999999996	0.027694999999999997	-0.48338400000000004	206000.0
2015-10-26	-0.003261	0.033722	0.035203	0.028293000000000002	-0.396369	218500.0
2015-10-23	0.004072	0.035783999999999996	0.04041	0.032481	0.493042	215200.0
2015-10-22	0.012369	0.042993	0.050101	0.040652	1.479156	271200.0
2015-10-21	0.012192	0.049869	0.056725	0.046145	1.440475	162900.0
2015-10-20	-0.010846	0.027097000000000003	0.028938	0.022743	-1.2954629999999998	244100.0
2015-10-19	-0.0033079999999999997	0.029289999999999997	0.031125999999999997	0.024868	-0.396378	164700.0
2015-10-16	0.012414	0.044518	0.048826999999999995	0.04097	1.469483	265200.0
2015-10-15	0.019908000000000002	0.048942	0.055921000000000005	0.044719999999999996	2.310562	263300.0
2015-10-14	-0.008425	0.033782	0.036431	0.024384	-0.986092	187400.0
2015-10-13	-0.016571000000000002	0.020769	0.024634	0.015475999999999998	-1.972198	341400.0
2015-10-12	0.0041600000000000005	0.035646	0.041467000000000004	0.034296	0.493042	314500.0
2015-10-09	-0.007127	0.038569	0.043679	0.024746999999999998	-0.8507459999999999	398800.0
2015-10-08	0.006275	0.03497	0.04281	0.029323000000000002	0.7444069999999999	254200.0
2015-10-07	0.014803	0.048237999999999996	0.053799	0.045244	1.730507	240700.0
2015-10-06	-0.011445	0.022541	0.025417	0.017891	-1.3534700000000002	350100.0
2015-10-05	0.01317	0.043462	0.053058	0.043205	1.537148	338300.0
2015-10-02	0.020196000000000002	0.042858999999999994	0.056057	0.036478	2.3105700000000002	557000.0
2015-10-01	0.009038	0.045051999999999995	0.048404	0.033939	1.024765	278000.0
2015-09-30	0.026521	0.052397000000000006	0.062899	0.05113	2.9292830000000003	235100.0
2015-09-29	-0.008419	0.023247999999999998	0.027737	0.015887000000000002	-0.93776	345800.0
2015-09-28	-0.014218999999999999	0.040381	0.040469	0.015336	-1.60675	311700.0
2015-09-25	0.008167	0.064223	0.07055800000000001	0.054229999999999993	0.9153370000000001	292400.0
2015-09-24	0.00033999999999999997	0.048877	0.050841000000000004	0.035311	0.038139	535800.0
2015-09-23	-0.000595	0.046379000000000004	0.050214999999999996	0.040136	-0.066742	231300.0
2015-09-22	-0.01549	0.03342	0.035176	0.018755	-1.763939	372700.0
2015-09-21	0.0051340000000000005	0.055584	0.059379999999999995	0.047639999999999995	0.581627	173800.0
2015-09-18	-0.01996	0.032611	0.039013	0.026902	-2.307427	250300.0
2015-09-17	-0.006229	0.040449	0.055837	0.039074	-0.724639	243300.0
2015-09-16	0.017006	0.064962	0.069508	0.062601	1.945091	439600.0
2015-09-15	0.031027	0.073216	0.082861	0.069881	3.4420699999999997	442200.0
2015-09-14	-0.006405	0.045474	0.04843	0.038936	-0.7151029999999999	351200.0
2015-09-11	-0.007122	0.035894	0.041318	0.030558	-0.800934	531200.0
2015-09-10	-0.022219	0.034354	0.034354	0.02079	-2.555329	2073300.0
2015-09-09	-0.0051140000000000005	0.066262	0.06755900000000001	0.041867	-0.591156	1331300.0
2015-09-08	0.040687	0.082097	0.09236	0.081467	4.519501	398400.0
2015-09-04	-0.026001	0.023096000000000002	0.025025	0.015731000000000002	-2.965332	262200.0
2015-09-03	0.016919	0.07170399999999999	0.073933	0.064125	1.897431	352100.0
2015-09-02	0.028686	0.07547999999999999	0.079516	0.06594	3.127426	266100.0
2015-09-01	-0.034127	0.023981	0.027082	0.010692	-3.852066	426000.0
2015-08-31	-0.019790000000000002	0.034546	0.035675	0.026382999999999997	-2.278824	243000.0
2015-08-28	0.010036	0.06150599999999999	0.06668099999999999	0.055453999999999996	1.144172	285800.0
2015-08-27	0.014681	0.056175	0.066944	0.05306	1.649529	399600.0
2015-08-26	0.039428	0.08051900000000001	0.091157	0.06442200000000001	4.262062	395600.0
2015-08-25	-0.0013210000000000001	0.087498	0.087498	0.047402	-0.143013	576800.0
2015-08-24	-0.046451	-0.028913	0.022359	-0.039132	-5.272766000000001	1009000.0
2015-08-21	-0.028163	0.045363	0.048445	0.018052000000000002	-3.289505	504600.0
2015-08-20	-0.028086	0.036306	0.036306	0.018915	-3.3753279999999997	536700.0
2015-08-19	-0.014311	0.036649	0.041734	0.030743	-1.744873	286500.0
2015-08-18	0.0	0.046655	0.050428	0.045261	0.0	185400.0
2015-08-17	-0.002496	0.043143	0.047151	0.039869999999999996	-0.305115	155700.0
2015-08-14	0.00313	0.048788	0.05248099999999999	0.047064	0.381394	130600.0
2015-08-13	0.002904	0.046564999999999995	0.054796000000000004	0.044179	0.35279	188700.0
2015-08-12	-0.012325	0.034805	0.038057	0.024562	-1.516029	768000.0
2015-08-11	-0.015867	0.037267	0.037267	0.029587000000000002	-1.9832459999999998	236100.0
2015-08-10	0.008773	0.053227	0.06073200000000001	0.049756	1.086968	300900.0
2015-08-07	0.00885	0.057337	0.058477	0.054569000000000006	1.086959	163900.0
2015-08-06	0.003897	0.054100999999999996	0.058106	0.051566999999999995	0.476746	278800.0
2015-08-05	-0.011859999999999999	0.039176	0.041761	0.035219	-1.4683680000000001	476500.0
2015-08-04	-0.025004	0.034533999999999995	0.034692	0.010988	-3.175072	515200.0
2015-08-03	-0.002098	0.040772	0.048237999999999996	0.037314	-0.266998	315100.0
2015-07-31	0.008997	0.058620000000000005	0.060205999999999996	0.054973	1.134651	226200.0
2015-07-30	-0.002263	0.044278	0.04768	0.038345	-0.286042	270100.0
2015-07-29	0.005536999999999999	0.047754000000000005	0.056742999999999995	0.046879000000000004	0.6960529999999999	212500.0
2015-07-28	0.000379	0.043138	0.049822000000000005	0.037488	0.047675999999999996	383500.0
2015-07-27	-0.005734	0.04048	0.043407	0.038185000000000004	-0.724655	187700.0
2015-07-24	-0.005253	0.0517	0.053825	0.041468	-0.667435	130200.0
2015-07-23	-0.005522999999999999	0.046439999999999995	0.04824	0.041665	-0.705597	196100.0
2015-07-22	-0.004236	0.042864	0.047774000000000004	0.042864	-0.54348	196400.0
2015-07-21	-0.0072299999999999994	0.043913	0.044842	0.038031999999999996	-0.9343870000000001	200500.0
2015-07-20	0.00133	0.05212000000000001	0.054599	0.049175	0.17161600000000002	353700.0
2015-07-17	-0.00302	0.040522	0.046625	0.040522	-0.39093	186100.0
2015-07-16	0.013284	0.066399	0.06757300000000001	0.061859000000000004	1.697181	441200.0
2015-07-15	0.004047	0.05366	0.05798300000000001	0.051460000000000006	0.514893	294100.0
2015-07-14	7.5e-05	0.046350999999999996	0.050831	0.044779	0.009529000000000001	195300.0
2015-07-13	0.014599	0.060749	0.06553400000000001	0.060749	1.8306959999999999	214900.0
2015-07-10	0.019298	0.061224	0.071872	0.056022	2.3741689999999998	401900.0
2015-07-09	0.007181	0.06557	0.06859900000000001	0.055501	0.8771969999999999	186900.0
2015-07-08	-0.032256	0.030804	0.031041000000000003	0.013612	-4.071366	717300.0
2015-07-07	-0.002637	0.045074	0.047286	0.033143	-0.333717	288600.0
2015-07-06	-0.000151	0.044838	0.051552999999999995	0.04389	-0.019073	132000.0
2015-07-02	-0.006362	0.04188	0.043528	0.039603	-0.810463	276800.0
2015-07-01	-0.001121	0.048553	0.049493999999999996	0.044005	-0.143013	157100.0
2015-06-30	0.009815	0.062803	0.064862	0.057498	1.239532	216300.0
2015-06-29	-0.022221	0.038258	0.038489999999999996	0.025096	-2.869987	191100.0
2015-06-26	0.004375	0.052443	0.056642	0.050964999999999996	0.562561	138900.0
2015-06-25	-0.003914	0.048401	0.04964	0.044528	-0.505341	180800.0
2015-06-24	-0.0124	0.040449	0.040449	0.035248	-1.620941	149000.0
2015-06-23	0.011958	0.06016799999999999	0.06249	0.058928999999999995	1.544662	270500.0
2015-06-22	0.010894	0.057709	0.067021	0.057709	1.39206	263100.0
2015-06-19	-0.003421	0.048788	0.04988	0.044576	-0.43859899999999996	179800.0
2015-06-18	-0.002892	0.038133999999999994	0.048632	0.038133999999999994	-0.371841	246300.0
2015-06-17	-0.008745999999999999	0.035298	0.041311	0.030982	-1.134644	344900.0
2015-06-16	0.004059	0.050258	0.053896000000000006	0.048788	0.524429	179200.0
2015-06-15	0.000148	0.046543	0.05142000000000001	0.046311	0.019059	292700.0
2015-06-12	0.002293	0.050883	0.054140999999999995	0.04809	0.295578	191400.0
2015-06-11	0.0070019999999999995	0.056601	0.058710000000000005	0.053944000000000006	0.8962549999999999	152600.0
2015-06-10	0.014663999999999998	0.060996	0.066941	0.060124000000000004	1.849762	166200.0
2015-06-09	-0.006384	0.043668	0.045558	0.0391	-0.810448	236300.0
2015-06-08	-0.017416	0.033851	0.036327	0.026420999999999997	-2.250206	304900.0
2015-06-05	-0.009792	0.042197000000000005	0.042197000000000005	0.036601999999999996	-1.277694	167200.0
2015-06-04	-0.004293	0.044896	0.049474000000000004	0.042607	-0.562561	231000.0
2015-06-03	0.006370000000000001	0.05600700000000001	0.058848000000000004	0.05209	0.8295440000000001	240300.0
2015-06-02	-0.004882	0.044967	0.0481	0.042903	-0.63884	275900.0
2015-06-01	-0.004714	0.048103	0.049472	0.040573000000000005	-0.619751	280100.0
2015-05-29	-0.013238999999999999	0.041282	0.041282	0.032050999999999996	-1.7639619999999998	310600.0
2015-05-28	0.0069900000000000006	0.049393	0.05778200000000001	0.049166	0.924897	220000.0
2015-05-27	0.00777	0.056557	0.058689	0.053434	1.020217	247000.0
2015-05-26	-0.0037619999999999997	0.050685	0.050685	0.040593000000000004	-0.49581899999999995	293200.0
2015-05-22	-0.008749	0.037806	0.042921	0.03728	-1.163238	202800.0
2015-05-21	0.003093	0.047053	0.052862	0.047053	0.41001899999999997	141900.0
2015-05-20	-0.0037270000000000003	0.046307	0.04969	0.043075	-0.49581899999999995	121000.0
2015-05-19	0.000717	0.051947	0.05488099999999999	0.04766	0.09535199999999999	223700.0
2015-05-18	0.00043	0.048938	0.049691	0.047132	0.057205	141300.0
2015-05-15	0.010294	0.054110000000000005	0.059736000000000004	0.054110000000000005	1.3539430000000001	177700.0
2015-05-14	0.009734999999999999	0.057309000000000006	0.059305	0.051398	1.268127	150400.0
2015-05-13	-0.007555	0.046426	0.050921	0.040102	-0.9916379999999999	359700.0
2015-05-12	0.0015279999999999998	0.049246	0.053366	0.045354000000000005	0.200241	579400.0
2015-05-11	-0.03286	0.017498	0.021041	0.014103999999999998	-4.4527589999999995	756700.0
2015-05-08	0.030452	0.060802999999999996	0.082399	0.059814	4.004624	319400.0
2015-05-07	0.005541	0.046494	0.055670000000000004	0.046341	0.72464	208500.0
2015-05-06	-0.0028350000000000003	0.047034	0.052142999999999995	0.040782	-0.371857	322500.0
2015-05-05	-0.017921	0.044295	0.046841	0.029244	-2.393234	266100.0
2015-05-04	0.000714	0.047514	0.05231	0.045939999999999995	0.095337	172000.0
2015-05-01	0.006762000000000001	0.046751	0.055879	0.046525	0.896286	247100.0
2015-04-30	-0.012572	0.042903	0.045287	0.033293	-1.6876529999999998	246800.0
2015-04-29	-0.00894	0.043398	0.051815	0.034096	-1.2109370000000002	282900.0
2015-04-28	0.009953	0.060121	0.065042	0.055797	1.334869	421900.0
2015-04-27	-0.0038950000000000005	0.046931	0.049085000000000004	0.043886	-0.524414	273000.0
2015-04-24	0.001276	0.050498	0.05206	0.048416	0.171631	277500.0
2015-04-23	-0.0044469999999999996	0.045086	0.045974	0.041088	-0.600708	393000.0
2015-04-22	0.0023350000000000003	0.049826999999999996	0.052943	0.0476	0.31466700000000003	163600.0
2015-04-21	0.018741999999999998	0.068746	0.072753	0.068066	2.479064	365800.0
2015-04-20	0.002167	0.051137	0.055682	0.050379	0.286042	151600.0
2015-04-17	-0.0039570000000000004	0.048863	0.049165	0.041393	-0.524414	253900.0
2015-04-16	-0.000719	0.049542	0.051954999999999994	0.046601	-0.09535199999999999	186500.0
2015-04-15	0.003029	0.053099	0.054234000000000004	0.048938999999999996	0.400451	177600.0
2015-04-14	0.007996	0.057402999999999996	0.059614	0.053134	1.048828	171600.0
2015-04-13	-0.014966	0.033918000000000004	0.036396	0.030388	-1.992752	320200.0
2015-04-10	-0.0018579999999999998	0.039792	0.048113	0.039418	-0.247925	320300.0
2015-04-09	-0.00021400000000000002	0.042492	0.050137	0.041743	-0.028610000000000003	276700.0
2015-04-08	0.001575	0.049839	0.05366699999999999	0.047437	0.209763	142100.0
2015-04-07	-0.006541	0.044761	0.048788	0.041405000000000004	-0.8771979999999999	260800.0
2015-04-06	0.0044280000000000005	0.048638	0.057701	0.048638	0.591156	157800.0
2015-04-02	0.011120999999999999	0.059012	0.067116	0.057497	1.468369	249000.0
2015-04-01	-0.010079000000000001	0.037092	0.039566000000000004	0.032894	-1.344406	358900.0
2015-03-31	-0.01866	0.036501	0.036943000000000004	0.027893	-2.536255	555100.0
2015-03-30	0.001053	0.043411	0.052765	0.041276	0.143021	484100.0
2015-03-27	0.009228	0.05802	0.059283	0.053411	1.241424	238100.0
2015-03-26	-0.004868	0.057752	0.06263400000000001	0.055607000000000004	-0.65805	324400.0
2015-03-25	-0.004913	0.069116	0.069116	0.058296	-0.66745	328600.0
2015-03-24	-0.0055049999999999995	0.063084	0.063084	0.057009000000000004	-0.7520600000000001	303700.0
2015-03-23	0.015585	0.08039600000000001	0.08388999999999999	0.077571	2.096374	480700.0
2015-03-20	0.021342	0.08302899999999999	0.089558	0.08219299999999999	2.810822	406900.0
2015-03-19	0.000143	0.064199	0.067616	0.060478	0.018799	310600.0
2015-03-18	0.02278	0.080364	0.089374	0.075626	2.9330439999999998	457900.0
2015-03-17	-0.004072	0.060417	0.062583	0.056627	-0.526459	816400.0
2015-03-16	0.009914	0.07303899999999999	0.07913300000000001	0.071477	1.26912	271000.0
2015-03-13	-0.009889	0.050825999999999996	0.054848	0.047732	-1.278519	393200.0
2015-03-12	0.026343000000000002	0.080969	0.092877	0.080969	3.318481	313200.0
2015-03-11	0.0023190000000000003	0.067801	0.06978999999999999	0.06485700000000001	0.29141999999999996	222700.0
2015-03-10	-0.012556	0.054	0.055808	0.049679	-1.5981370000000001	220900.0
2015-03-09	0.0037070000000000002	0.06855399999999999	0.069736	0.064137	0.47004700000000005	174100.0
2015-03-06	-7.4e-05	0.06705499999999999	0.072259	0.062166	-0.009399	184700.0
2015-03-05	-0.004575	0.059347000000000004	0.062958	0.056914	-0.582855	232900.0
2015-03-04	0.000886	0.063743	0.065236	0.055887	0.112831	205500.0
2015-03-03	-0.0034590000000000003	0.05982899999999999	0.06350800000000001	0.057479999999999996	-0.441841	208000.0
2015-03-02	0.003693	0.0628	0.068694	0.0628	0.470024	254500.0
2015-02-27	-0.010453	0.052467999999999994	0.055966999999999996	0.052467999999999994	-1.344307	219900.0
2015-02-26	-0.0005110000000000001	0.063821	0.068329	0.061877999999999996	-0.06579600000000001	258000.0
2015-02-25	-0.010626	0.051902	0.054515999999999995	0.048749	-1.3819270000000001	236800.0
2015-02-24	0.009929	0.06855800000000001	0.0771	0.065762	1.278518	335000.0
2015-02-23	0.000584	0.063743	0.06607400000000001	0.059936	0.075211	199800.0
2015-02-20	0.011975	0.06893300000000001	0.077189	0.06830399999999999	1.5229030000000001	239800.0
2015-02-19	0.008348000000000001	0.066439	0.074289	0.065487	1.0528870000000001	218600.0
2015-02-18	0.015747999999999998	0.076468	0.082106	0.076388	1.955368	258400.0
2015-02-17	-0.003095	0.059809	0.065349	0.059809	-0.385444	365400.0
2015-02-13	0.005083	0.06511499999999999	0.07157100000000001	0.06511499999999999	0.6298520000000001	301000.0
2015-02-12	0.006106	0.066747	0.071618	0.065204	0.752067	327600.0
2015-02-11	0.001299	0.063337	0.066995	0.062849	0.159806	449200.0
2015-02-10	0.013085	0.068273	0.079391	0.068273	1.588737	229100.0
2015-02-09	-0.003164	0.062922	0.065221	0.058735	-0.385437	186000.0
2015-02-06	-0.016472	0.047836000000000004	0.05365	0.044606	-2.0399700000000003	384900.0
2015-02-05	-0.007084999999999999	0.050114	0.05765	0.048510000000000005	-0.883652	448000.0
2015-02-04	0.012052	0.072668	0.08922100000000001	0.072668	1.485306	471300.0
2015-02-03	7.6e-05	0.051247	0.06439199999999999	0.050192	0.009422	458000.0
2015-02-02	0.017384	0.074063	0.082566	0.07084299999999999	2.1057509999999997	280200.0
2015-01-30	-0.024972	0.042331	0.046276	0.035892	-3.102249	273900.0
2015-01-29	0.009164	0.068049	0.07373500000000001	0.063662	1.128105	411800.0
2015-01-28	-0.001144	0.072912	0.07445299999999999	0.060497	-0.141029	304100.0
2015-01-27	-0.005764	0.057853999999999996	0.062694	0.055837	-0.714447	301000.0
2015-01-26	0.016967	0.074573	0.085484	0.074573	2.0681689999999997	350600.0
2015-01-23	-0.0015400000000000001	0.06489	0.06661	0.06079400000000001	-0.188027	292900.0
2015-01-22	0.009327	0.06630599999999999	0.076724	0.057955999999999994	1.12809	235500.0
2015-01-21	-0.003871	0.057153999999999996	0.060943	0.054272	-0.47003199999999995	606700.0
2015-01-20	0.002173	0.06886	0.071254	0.062753	0.26322199999999996	436700.0
2015-01-16	0.016564	0.076665	0.08237	0.074399	1.9741669999999998	441600.0
2015-01-15	0.00763	0.081075	0.085302	0.070591	0.902473	310400.0
2015-01-14	-0.004667	0.055412	0.060125	0.048764	-0.554649	363800.0
2015-01-13	0.002936	0.072267	0.079188	0.060283	0.34782399999999997	252900.0
2015-01-12	-0.000317	0.067287	0.077749	0.0575	-0.037598	306700.0
2015-01-09	-0.011757	0.065327	0.065327	0.050402999999999996	-1.410118	150300.0
2015-01-08	0.019254	0.074621	0.085244	0.074621	2.2655950000000002	498800.0
2015-01-07	0.025143000000000002	0.093538	0.098243	0.089531	2.88604	385700.0
2015-01-06	-0.010294	0.064002	0.066761	0.045119	-1.1939170000000001	285600.0
2015-01-05	-0.018302000000000002	0.053332000000000004	0.054771	0.041566000000000006	-2.16217	240600.0
2015-01-02	0.0015140000000000002	0.070101	0.073577	0.058740999999999995	0.178612	250000.0
2014-12-31	-0.003415	0.061124	0.066278	0.059434	-0.40423600000000004	151100.0
2014-12-30	-0.011463	0.051967	0.052886	0.046706	-1.3725049999999999	169100.0
2014-12-29	-0.005699	0.055273	0.059591	0.053446	-0.686264	203600.0
2014-12-26	0.010570999999999999	0.06575700000000001	0.07658200000000001	0.06575700000000001	1.2597120000000002	160100.0
2014-12-24	0.0	0.06743500000000001	0.068526	0.063743	0.0	80000.0
2014-12-23	0.0009480000000000001	0.064583	0.069371	0.063071	0.11280799999999999	188200.0
2014-12-22	-0.002913	0.057797	0.062738	0.054698000000000004	-0.34783200000000003	598000.0
2014-12-19	0.018198	0.08062799999999999	0.086938	0.078922	2.133988	396700.0
2014-12-18	0.012336	0.071599	0.077297	0.068923	1.428909	306700.0
2014-12-17	0.010497	0.06426699999999999	0.078486	0.06426699999999999	1.2033	338000.0
2014-12-16	0.003208	0.070832	0.08063300000000001	0.065493	0.366616	543500.0
2014-12-15	-0.024008	0.055202	0.057508000000000004	0.034019	-2.810822	597000.0
2014-12-12	-0.012293	0.060115999999999996	0.063574	0.050498	-1.457115	350100.0
2014-12-11	0.0047810000000000005	0.072729	0.07934	0.066964	0.564056	251900.0
2014-12-10	-0.022359	0.051644	0.051726999999999995	0.036893	-2.698036	508800.0
2014-12-09	-0.00046699999999999997	0.059022000000000005	0.063743	0.05049	-0.056396	472100.0
2014-12-08	-0.004728	0.063825	0.065062	0.057313	-0.5734560000000001	359500.0
2014-12-05	0.0033439999999999998	0.06589400000000001	0.069533	0.062668	0.40423600000000004	423500.0
2014-12-04	0.0069689999999999995	0.072905	0.072905	0.066992	0.836677	505100.0
2014-12-03	0.009007	0.071559	0.074837	0.068366	1.0716860000000001	471300.0
2014-12-02	0.013046	0.07753600000000001	0.081537	0.07549199999999999	1.532311	496400.0
2014-12-01	0.0147	0.076961	0.084823	0.076011	1.701545	485800.0
2014-11-28	0.01175	0.07431900000000001	0.07799099999999999	0.070211	1.344315	234400.0
2014-11-26	-0.0009029999999999999	0.065315	0.065402	0.06025	-0.10341700000000001	291800.0
2014-11-25	0.002882	0.06628300000000001	0.068385	0.066195	0.329033	190200.0
2014-11-24	0.001402	0.065497	0.06769	0.063831	0.159813	661000.0
2014-11-21	0.013113999999999999	0.07165099999999999	0.081336	0.07165099999999999	1.475922	920500.0
2014-11-20	-0.005235	0.05844	0.060915	0.05631900000000001	-0.5922470000000001	163000.0
2014-11-19	0.002332	0.063743	0.06773	0.058339	0.26322199999999996	389700.0
2014-11-18	0.01248	0.07352	0.079889	0.072534	1.391319	332300.0
2014-11-17	-0.010265999999999999	0.052024	0.05770599999999999	0.048296	-1.156311	324100.0
2014-11-14	0.0	0.061612	0.064276	0.058504999999999995	0.0	214200.0
2014-11-13	0.008671	0.07144400000000001	0.07789199999999999	0.07144400000000001	0.968292	269800.0
2014-11-12	-0.002938	0.060172	0.061957000000000005	0.054547000000000005	-0.329033	252800.0
2014-11-11	0.009918000000000001	0.068522	0.076908	0.06789099999999999	1.099892	526100.0
2014-11-10	-0.005899000000000001	0.056034	0.060337	0.053255	-0.658051	429800.0
2014-11-07	-0.00968	0.051315	0.053446	0.044657	-1.090492	570800.0
2014-11-06	-0.012688	0.047529	0.051561	0.043147000000000005	-1.447716	435500.0
2014-11-05	0.016499	0.078265	0.08467899999999999	0.072741	1.851952	394100.0
2014-11-04	-0.021312	0.041944999999999996	0.043863	0.031569	-2.444214	569600.0
2014-11-03	0.005357	0.063305	0.069704	0.05901	0.611061	856900.0
2014-10-31	0.047385000000000004	0.09303099999999999	0.114975	0.087982	5.1610190000000005	1280500.0
2014-10-30	0.00043200000000000004	0.054465999999999994	0.068244	0.054374	0.047004000000000004	194900.0
2014-10-29	0.006169	0.072061	0.078068	0.065314	0.667458	245800.0
2014-10-28	0.006647	0.06662699999999999	0.070814	0.061603	0.714462	389900.0
2014-10-27	-0.001485	0.061978	0.066902	0.05770499999999999	-0.15982000000000002	198500.0
2014-10-24	0.009699	0.07312300000000001	0.075374	0.06805800000000001	1.0340799999999999	312500.0
2014-10-23	0.010154	0.073029	0.08155599999999999	0.069997	1.071693	408300.0
2014-10-22	-0.009528	0.061491	0.0644	0.052951	-1.0152809999999999	413600.0
2014-10-21	0.00035299999999999996	0.054825	0.06524500000000001	0.052665	0.037605	665400.0
2014-10-20	0.032061	0.088353	0.099689	0.088062	3.3090589999999995	408900.0
2014-10-17	-0.0035399999999999997	0.052253999999999995	0.06577100000000001	0.051771000000000005	-0.366623	469100.0
2014-10-16	0.00109	0.053402	0.071282	0.049825	0.11281600000000001	441700.0
2014-10-15	-0.013975999999999999	0.046208	0.051926	0.033056	-1.46653	632600.0
2014-10-14	-0.009319	0.056851	0.057795000000000006	0.050431000000000004	-0.9870680000000001	759400.0
2014-10-13	-0.011406999999999999	0.06561	0.07027699999999999	0.050863	-1.222107	425700.0
2014-10-10	-0.004803	0.06829500000000001	0.075168	0.05752	-0.517044	448400.0
2014-10-09	-0.014967	0.063286	0.064109	0.045261	-1.635742	371200.0
2014-10-08	0.0037990000000000003	0.061538999999999996	0.068611	0.049139999999999996	0.41364300000000004	446000.0
2014-10-07	-0.007541	0.066478	0.067754	0.055539	-0.8272709999999999	398400.0
2014-10-06	0.004649	0.067864	0.07345	0.06603300000000001	0.507645	339200.0
2014-10-03	0.014675	0.07507899999999999	0.080747	0.073035	1.579323	281500.0
2014-10-02	-0.018603	0.048879	0.050338	0.036295	-2.039955	507300.0
2014-10-01	-0.007488	0.067454	0.067906	0.054059	-0.8272790000000001	676800.0
2014-09-30	8.499999999999999e-05	0.067183	0.069084	0.059398	0.009415	481100.0
2014-09-29	-0.009524	0.058543	0.05926	0.049667	-1.062294	365700.0
2014-09-26	0.0066170000000000005	0.067082	0.072136	0.06590900000000001	0.733254	271300.0
2014-09-25	0.002407	0.07670700000000001	0.080416	0.065489	0.266044	437800.0
2014-09-24	0.005074	0.07344099999999999	0.08117	0.073168	0.558045	272900.0
2014-09-23	-0.006386	0.074898	0.07507799999999999	0.066225	-0.706856	314500.0
2014-09-22	0.002105	0.078337	0.084675	0.076527	0.232521	409700.0
2014-09-19	-0.00561	0.073999	0.07489900000000001	0.067337	-0.623154	262100.0
2014-09-18	0.017725	0.088637	0.09486699999999999	0.087904	1.934578	356500.0
2014-09-17	-0.002041	0.07334	0.07836900000000001	0.068677	-0.223221	262800.0
2014-09-16	0.00367	0.075903	0.081501	0.073884	0.399933	320900.0
2014-09-15	0.00042699999999999997	0.073975	0.07672999999999999	0.071313	0.046508999999999995	176700.0
2014-09-12	0.006359	0.0845	0.084685	0.079419	0.6882550000000001	233400.0
2014-09-11	-0.00103	0.073046	0.075077	0.070646	-0.111595	189600.0
2014-09-10	0.01278	0.084984	0.08984500000000001	0.082273	1.367218	359500.0
2014-09-09	-0.008790000000000001	0.069239	0.069702	0.065255	-0.948684	323400.0
2014-09-08	-0.003007	0.07304400000000001	0.07443	0.06704	-0.32553899999999997	219100.0
2014-09-05	0.00293	0.075539	0.078597	0.073964	0.316223	162200.0
2014-09-04	0.000776	0.077301	0.082586	0.074612	0.083717	382700.0
2014-09-03	-0.002065	0.074429	0.076649	0.07193	-0.22321300000000002	244300.0
2014-09-02	0.016444999999999998	0.090405	0.092944	0.08843	1.7485580000000003	294000.0
2014-08-29	-0.0009609999999999999	0.07582699999999999	0.07639	0.070377	-0.102302	170300.0
2014-08-28	-0.004177	0.072268	0.075075	0.06693500000000001	-0.446457	281300.0
2014-08-27	-0.001477	0.07535599999999999	0.076196	0.072179	-0.158112	268800.0
2014-08-26	0.0018280000000000002	0.077602	0.082937	0.075637	0.19532	251000.0
2014-08-25	0.006837	0.081577	0.085158	0.08054	0.725472	238900.0
2014-08-22	-0.014597	0.06588200000000001	0.06588200000000001	0.058082	-1.5718459999999999	477000.0
2014-08-21	0.000691	0.075633	0.08027999999999999	0.075262	0.074409	263900.0
2014-08-20	-0.010688	0.062942	0.065332	0.059079999999999994	-1.162613	319900.0
2014-08-19	-0.002218	0.07416	0.075169	0.0715	-0.241821	221900.0
2014-08-18	0.002738	0.07627300000000001	0.08050399999999999	0.07627300000000001	0.297623	156900.0
2014-08-15	-0.007219	0.070694	0.071881	0.061653999999999994	-0.790566	220300.0
2014-08-14	-0.001611	0.070975	0.073892	0.068969	-0.17671900000000001	181500.0
2014-08-13	0.0058850000000000005	0.080763	0.085165	0.080029	0.6417609999999999	217800.0
2014-08-12	0.004111	0.078023	0.08244299999999999	0.075813	0.446434	242500.0
2014-08-11	-0.007396	0.06694299999999999	0.071238	0.06484	-0.8091659999999999	264800.0
2014-08-08	0.008142	0.0748	0.084199	0.070285	0.883584	254400.0
2014-08-07	0.0006	0.083006	0.08872200000000001	0.073509	0.065094	260400.0
2014-08-06	-0.020331000000000002	0.048974000000000004	0.054665	0.042651	-2.250794	429300.0
2014-08-05	0.007704000000000001	0.08327000000000001	0.090643	0.07871900000000001	0.846359	360300.0
2014-08-04	0.004507	0.078278	0.08193500000000001	0.075443	0.492958	131300.0
2014-08-01	-0.00339	0.072617	0.075989	0.06879	-0.37203200000000003	206900.0
2014-07-31	-0.017078	0.06863	0.072213	0.05636	-1.906677	290900.0
2014-07-30	-0.004478	0.074634	0.074634	0.06589500000000001	-0.502251	293100.0
2014-07-29	0.0	0.075258	0.08301499999999999	0.074455	0.0	399200.0
2014-07-28	0.007941	0.078135	0.085325	0.07624700000000001	0.883583	172800.0
2014-07-25	0.002094	0.080032	0.08075299999999999	0.074628	0.232521	140200.0
2014-07-24	-0.00041900000000000005	0.076789	0.08021	0.074629	-0.046501	152600.0
2014-07-23	0.002098	0.07706299999999999	0.07940900000000001	0.073996	0.232521	171200.0
2014-07-22	0.004382	0.075712	0.08205499999999999	0.075712	0.48363500000000004	117700.0
2014-07-21	-0.002018	0.07327	0.076073	0.067302	-0.22320500000000001	143900.0
2014-07-18	0.004393	0.079347	0.080709	0.074896	0.48363500000000004	208000.0
2014-07-17	-0.006462000000000001	0.07562	0.07814700000000001	0.066596	-0.716172	244700.0
2014-07-16	0.0037070000000000002	0.08141799999999999	0.082505	0.078792	0.409249	181200.0
2014-07-15	-0.002437	0.075169	0.07598200000000001	0.069115	-0.26973	187700.0
2014-07-14	0.00405	0.08288	0.083968	0.078525	0.446442	166800.0
2014-07-11	0.003981	0.078448	0.082	0.075806	0.437141	347300.0
2014-07-10	-0.016578	0.052239999999999995	0.06039	0.044447	-1.850868	466700.0
2014-07-09	-0.0021609999999999997	0.0707	0.07507899999999999	0.06355	-0.241821	292300.0
2014-07-08	-0.007098	0.07321699999999999	0.07321699999999999	0.061591999999999994	-0.7998810000000001	343400.0
2014-07-07	-0.004683	0.07092899999999999	0.07578700000000001	0.067485	-0.5301520000000001	328700.0
2014-07-03	-0.001231	0.070493	0.07534500000000001	0.067847	-0.139503	195900.0
2014-07-02	-0.0031079999999999997	0.07587200000000001	0.07596	0.069628	-0.353439	223500.0
2014-07-01	0.021728	0.091073	0.09871	0.09035399999999999	2.4182200000000003	501000.0
2014-06-30	0.0069	0.083402	0.084578	0.080597	0.76268	505000.0
2014-06-27	0.010115	0.084856	0.08695800000000001	0.082663	1.1068040000000001	353200.0
2014-06-26	0.001532	0.08002000000000001	0.08002000000000001	0.073521	0.167404	195600.0
2014-06-25	0.007894	0.07849	0.084117	0.075907	0.855675	208600.0
2014-06-24	-0.005716	0.075536	0.07672799999999999	0.068565	-0.623146	219600.0
2014-06-23	-0.008459	0.064983	0.066711	0.061345000000000004	-0.930092	233800.0
2014-06-20	0.003992	0.07936900000000001	0.081286	0.074895	0.437141	513600.0
2014-06-19	0.014649	0.088602	0.09388300000000001	0.084248	1.5811389999999999	660300.0
2014-06-18	0.011682	0.076387	0.089322	0.074513	1.246338	360700.0
2014-06-17	0.002009	0.081273	0.08230599999999999	0.075451	0.213905	222000.0
2014-06-16	0.002101	0.075451	0.079122	0.071969	0.22322899999999998	225200.0
2014-06-13	-0.000175	0.073851	0.07611	0.07272200000000001	-0.018601	185200.0
2014-06-12	0.0017530000000000002	0.081956	0.08676299999999999	0.07564	0.186013	292400.0
2014-06-11	0.0016690000000000001	0.076963	0.080834	0.07431900000000001	0.17671900000000001	207000.0
2014-06-10	-0.010428	0.06218099999999999	0.06629199999999999	0.059378	-1.116104	348900.0
2014-06-09	-0.000695	0.073768	0.076663	0.072181	-0.074417	220200.0
2014-06-06	0.004887	0.07545	0.083332	0.074512	0.520859	370900.0
2014-06-05	0.0009609999999999999	0.07253899999999999	0.07817400000000001	0.06897	0.102302	318500.0
2014-06-04	-0.003829	0.07133300000000001	0.072736	0.060854	-0.409233	558100.0
2014-06-03	0.008513	0.07715	0.085359	0.07715	0.902191	593400.0
2014-06-02	0.007426	0.08476900000000001	0.085435	0.07669	0.781258	660400.0
2014-05-30	0.014531	0.093106	0.09349199999999999	0.088766	1.506752	449700.0
2014-05-29	0.014375	0.088668	0.092777	0.086516	1.4695280000000002	348500.0
2014-05-28	-0.001816	0.079465	0.08190599999999999	0.069212	-0.18601199999999998	259100.0
2014-05-27	0.004287	0.078013	0.08036599999999999	0.07409	0.437141	296400.0
2014-05-23	0.00137	0.075365	0.077526	0.074089	0.139511	175600.0
2014-05-22	0.013233000000000002	0.083527	0.093476	0.083228	1.330033	547100.0
2014-05-21	0.003622	0.076467	0.080661	0.07437	0.362732	307000.0
2014-05-20	-0.008655	0.070813	0.071902	0.065467	-0.874291	333200.0
2014-05-19	-0.009123000000000001	0.060454999999999995	0.067125	0.057512	-0.930084	358900.0
2014-05-16	0.001005	0.073892	0.076347	0.069867	0.10231799999999999	237400.0
2014-05-15	-0.008422	0.074292	0.077408	0.061246	-0.8649899999999999	257900.0
2014-05-14	-0.008529	0.072176	0.075748	0.065805	-0.883583	699500.0
2014-05-13	0.01987	0.08501399999999999	0.098108	0.083832	2.018287	564200.0
2014-05-12	0.003123	0.075169	0.079613	0.072502	0.316223	346200.0
2014-05-09	0.006657	0.083221	0.087397	0.078947	0.66967	371700.0
2014-05-08	-0.008071	0.06994199999999999	0.07102699999999999	0.060377	-0.818473	366500.0
2014-05-07	0.000275	0.075169	0.07655	0.071026	0.0279	319000.0
2014-05-06	-0.00402	0.075758	0.076446	0.068095	-0.40924	429400.0
2014-05-05	-0.004457	0.073702	0.075169	0.070083	-0.45573500000000006	274800.0
2014-05-02	0.001823	0.077716	0.079578	0.074581	0.186013	420500.0
2014-05-01	0.012083	0.091035	0.092325	0.08459	1.2184139999999999	340900.0
2014-04-30	0.008558	0.08017	0.08517000000000001	0.076869	0.8556819999999999	467700.0
2014-04-29	0.004016	0.0826	0.08440700000000001	0.078282	0.399933	296500.0
2014-04-28	0.005447	0.084357	0.084962	0.073755	0.539452	392800.0
2014-04-25	-0.005138	0.072858	0.076977	0.068238	-0.511551	436500.0
2014-04-24	-0.010264	0.067116	0.067116	0.059561	-1.0323950000000002	459600.0
2014-04-23	-0.00249	0.07378	0.075863	0.07219400000000001	-0.251121	276800.0
2014-04-22	-0.002025	0.073288	0.07507	0.070913	-0.20461300000000002	343900.0
2014-04-21	0.0057399999999999994	0.083928	0.084226	0.079349	0.576645	377000.0
2014-04-17	-0.004149	0.075863	0.07665599999999999	0.067437	-0.418533	393100.0
2014-04-16	0.015066	0.086639	0.09167	0.08362	1.4974290000000001	372700.0
2014-04-15	-0.004286	0.068256	0.071662	0.058638	-0.427834	488000.0
2014-04-14	0.023167	0.098642	0.10397200000000001	0.09402999999999999	2.260109	497400.0
2014-04-11	0.014508000000000002	0.084632	0.10033500000000001	0.08203200000000001	1.395126	912300.0
2014-04-10	-0.040286	0.048621	0.050717	0.031755	-4.036575	1535400.0
2014-04-09	-0.012556999999999999	0.053488	0.062653	0.051221	-1.274216	1117600.0
2014-04-08	-0.020558	0.053065	0.05538099999999999	0.048527999999999995	-2.129905	611900.0
2014-04-07	0.001168	0.077585	0.08	0.07111	0.12090999999999999	401800.0
2014-04-04	-0.014177	0.06907200000000001	0.07269199999999999	0.057735	-1.4881209999999998	598400.0
2014-04-03	-0.005113	0.07033500000000001	0.07658999999999999	0.066639	-0.539451	453200.0
2014-04-02	0.001943	0.076498	0.077923	0.07023099999999999	0.204612	351100.0
2014-04-01	0.002834	0.075645	0.079359	0.074312	0.297623	539200.0
2014-03-31	0.000621	0.07774199999999999	0.081458	0.072501	0.065117	481000.0
2014-03-28	0.011203	0.092899	0.09579	0.084708	1.1626049999999999	539400.0
2014-03-27	0.0095	0.088495	0.08946799999999999	0.082756	0.976593	559000.0
2014-03-26	0.037801	0.119951	0.13045	0.11298499999999999	3.74453	858400.0
2014-03-25	0.004817	0.10485599999999999	0.10881199999999999	0.098566	0.47490699999999997	349300.0
2014-03-24	0.005309	0.104399	0.105826	0.093079	0.5205989999999999	362500.0
2014-03-21	-0.00223	0.095322	0.10325799999999999	0.092168	-0.219192	413200.0
2014-03-20	-0.009845999999999999	0.073456	0.085344	0.071038	-0.9772569999999999	668100.0
2014-03-19	-0.010471	0.08873400000000001	0.09401699999999999	0.078266	-1.050316	513300.0
2014-03-18	-0.00759	0.082845	0.09095700000000001	0.081756	-0.767174	319000.0
2014-03-17	0.017562	0.10810299999999999	0.115553	0.10669400000000001	1.7444389999999999	438500.0
2014-03-14	-0.013156999999999999	0.083589	0.087166	0.077827	-1.324318	753200.0
2014-03-13	-0.009793000000000001	0.09678400000000001	0.099637	0.07897799999999999	-0.995499	396100.0
2014-03-12	-0.010315000000000001	0.083426	0.086931	0.076514	-1.059448	483900.0
2014-03-11	-0.007764	0.093659	0.09578400000000001	0.085931	-0.803711	224100.0
2014-03-10	-0.005441	0.091552	0.093378	0.085691	-0.566261	235500.0
2014-03-07	-0.006018	0.096347	0.097971	0.086797	-0.630188	309000.0
2014-03-06	0.012273000000000001	0.109802	0.111252	0.10728900000000001	1.269508	392200.0
2014-03-05	-0.016926	0.07562200000000001	0.080944	0.072296	-1.780968	621900.0
2014-03-04	0.014173	0.10677	0.111107	0.10513099999999999	1.470444	286500.0
2014-03-03	-0.014744	0.08105	0.08238	0.07449800000000001	-1.552635	456300.0
2014-02-28	-0.006206000000000001	0.086893	0.093971	0.083968	-0.657578	307800.0
2014-02-27	0.003807	0.091789	0.099083	0.088189	0.401856	227800.0
2014-02-26	-0.007640999999999999	0.09049600000000001	0.090684	0.084574	-0.812844	231300.0
2014-02-25	0.002582	0.095669	0.101984	0.092747	0.273987	298600.0
2014-02-24	-0.0014609999999999998	0.092186	0.09679700000000001	0.090397	-0.15526600000000002	328600.0
2014-02-21	0.008757	0.104978	0.11143399999999999	0.10383900000000001	0.9224479999999999	315800.0
2014-02-20	0.0009550000000000001	0.09672	0.100141	0.091494	0.100463	242300.0
2014-02-19	-0.009115999999999999	0.091431	0.096233	0.08380399999999999	-0.968101	279900.0
2014-02-18	0.009637999999999999	0.107749	0.11335799999999999	0.10042899999999999	1.013763	387500.0
2014-02-14	-0.008437	0.085017	0.091333	0.084074	-0.895042	621700.0
2014-02-13	-0.011994	0.070886	0.084018	0.069768	-1.287773	419000.0
2014-02-12	-0.002968	0.091572	0.09955800000000001	0.088786	-0.31967199999999996	466700.0
2014-02-11	0.0074329999999999995	0.101931	0.104925	0.095476	0.7945939999999999	366100.0
2014-02-10	-0.002896	0.09603400000000001	0.09612799999999999	0.087639	-0.31051599999999996	385000.0
2014-02-07	0.012246	0.094348	0.11096700000000001	0.092554	1.296897	610900.0
2014-02-06	0.002594	0.084691	0.099837	0.083365	0.273987	439300.0
2014-02-05	0.02818	0.117302	0.127619	0.11068299999999999	2.895211	709900.0
2014-02-04	-0.002306	0.086175	0.094041	0.07549299999999999	-0.237465	561200.0
2014-02-03	-0.017515	0.087377	0.08909500000000001	0.069345	-1.8357700000000001	553800.0
2014-01-31	-0.020485	0.07398099999999999	0.079401	0.061738	-2.19194	566300.0
2014-01-30	-0.000341	0.09715700000000001	0.100801	0.090244	-0.036522000000000006	329900.0
2014-01-29	-0.005347	0.098911	0.099468	0.08645900000000001	-0.575394	542300.0
2014-01-28	0.006836	0.099593	0.10651600000000001	0.097347	0.730637	564400.0
2014-01-27	-0.0072109999999999995	0.094915	0.098444	0.078846	-0.776306	673000.0
2014-01-24	-0.012399	0.091521	0.09197899999999999	0.079779	-1.3517	591900.0
2014-01-23	-0.019147	0.08330800000000001	0.08366799999999999	0.071251	-2.128029	435900.0
2014-01-22	0.010211	0.102459	0.106549	0.09746	1.1233819999999999	371400.0
2014-01-21	0.010655	0.106949	0.10731600000000001	0.098957	1.159905	550000.0
2014-01-17	-0.005340999999999999	0.090803	0.096285	0.086874	-0.584519	407800.0
2014-01-16	0.003013	0.096106	0.098214	0.08969099999999999	0.328804	244600.0
2014-01-15	8.4e-05	0.094823	0.100231	0.09170700000000001	0.009125	426400.0
2014-01-14	0.000502	0.093539	0.098124	0.08822	0.054787	473300.0
2014-01-13	-0.011670999999999999	0.09210499999999999	0.09210499999999999	0.080323	-1.287758	421600.0
2014-01-10	0.003989	0.096371	0.10001	0.091912	0.438385	242000.0
2014-01-09	0.004005	0.0993	0.100853	0.092539	0.438385	338500.0
2014-01-08	-0.005064	0.09237000000000001	0.09237000000000001	0.087552	-0.557114	349400.0
2014-01-07	0.0024129999999999998	0.096919	0.098742	0.093275	0.264862	306200.0
2014-01-06	-0.002821	0.098276	0.099185	0.090281	-0.310531	441100.0
2014-01-03	-0.000995	0.098273	0.100905	0.088016	-0.109604	530500.0
2014-01-02	-0.010581	0.092041	0.092041	0.07857	-1.1781620000000002	239400.0
2013-12-31	0.004614	0.096178	0.099967	0.093652	0.511444	230000.0
2013-12-30	-0.004266	0.103809	0.103809	0.089884	-0.47491400000000006	288600.0
2013-12-27	0.0015609999999999999	0.10193300000000001	0.102023	0.09275499999999999	0.173523	292900.0
2013-12-26	0.025967	0.11153099999999999	0.125839	0.11153099999999999	2.8130029999999997	434900.0
2013-12-24	-0.005534000000000001	0.085551	0.088948	0.085551	-0.602775	289100.0
2013-12-23	0.004379	0.096759	0.101369	0.095191	0.474922	395000.0
2013-12-20	0.000337	0.092701	0.095929	0.090303	0.03653	340700.0
2013-12-19	-0.01925	0.07582799999999999	0.07845099999999999	0.070762	-2.128022	691900.0
2013-12-18	0.020315	0.107652	0.11762	0.100083	2.201088	680600.0
2013-12-17	-0.000169	0.093438	0.09916	0.08993200000000001	-0.018272	343200.0
2013-12-16	-0.0047810000000000005	0.088853	0.09418	0.087476	-0.5205770000000001	661700.0
2013-12-13	-0.009307	0.091821	0.091821	0.081995	-1.022918	595100.0
2013-12-12	0.0	0.097735	0.100829	0.094187	0.0	324800.0
2013-12-11	-0.011175	0.091586	0.09599500000000001	0.08142	-1.2420959999999999	414500.0
2013-12-10	-0.005963	0.085524	0.090533	0.08480900000000001	-0.666725	362600.0
2013-12-09	-0.002526	0.094112	0.09661	0.090722	-0.28313499999999997	326000.0
2013-12-06	0.009375	0.101038	0.10878099999999999	0.101038	1.041184	283800.0
2013-12-05	-0.012265	0.087711	0.088778	0.078461	-1.379105	460100.0
2013-12-04	-0.004045	0.084728	0.094738	0.08162799999999999	-0.456665	389400.0
2013-12-03	-0.003948	0.090062	0.094738	0.081063	-0.447517	489400.0
2013-12-02	-0.007597	0.092901	0.09929299999999999	0.08607100000000001	-0.8676459999999999	521200.0
2013-11-29	-0.0012779999999999998	0.093516	0.097363	0.09211699999999999	-0.146126	184500.0
2013-11-27	0.002241	0.095528	0.101488	0.09473999999999999	0.25573	246200.0
2013-11-26	-0.005334	0.091515	0.092735	0.08759199999999999	-0.611923	291600.0
2013-11-25	-0.005621	0.096562	0.096562	0.087547	-0.64846	263100.0
2013-11-22	0.005573	0.095874	0.104939	0.093433	0.639328	385000.0
2013-11-21	-0.0034909999999999997	0.08675	0.09274299999999999	0.08675	-0.401856	635300.0
2013-11-20	-0.001505	0.09474099999999999	0.099251	0.091185	-0.17353	285800.0
2013-11-19	-0.011045999999999999	0.08342100000000001	0.087367	0.078961	-1.287774	731300.0
2013-11-18	-0.002579	0.091749	0.100219	0.088755	-0.301399	846300.0
2013-11-15	0.003922	0.09663300000000001	0.10213	0.095688	0.456658	311600.0
2013-11-14	-0.00141	0.089254	0.097316	0.087453	-0.164399	307100.0
2013-11-13	0.0028280000000000002	0.08648600000000001	0.098699	0.083561	0.328789	332900.0
2013-11-12	0.004974	0.092581	0.10070599999999999	0.09249500000000001	0.575401	641700.0
2013-11-11	-0.005496	0.09061699999999999	0.092164	0.08683400000000001	-0.639328	315100.0
2013-11-08	0.011515000000000001	0.09830599999999999	0.10978399999999999	0.09830599999999999	1.324303	459500.0
2013-11-07	-0.025387	0.082288	0.086864	0.065593	-2.995659	499100.0
2013-11-06	0.004744	0.109901	0.109901	0.098832	0.557122	362700.0
2013-11-05	-0.008023	0.08782000000000001	0.091283	0.082414	-0.949852	498500.0
2013-11-04	-0.0010019999999999999	0.09694	0.09694	0.09027400000000001	-0.118729	201500.0
2013-11-01	0.002627	0.095676	0.101091	0.091023	0.310531	202400.0
2013-10-31	-0.005991	0.096092	0.096597	0.086926	-0.712394	373900.0
2013-10-30	0.009694	0.10417	0.10790599999999999	0.100689	1.1416549999999999	478700.0
2013-10-29	0.004518	0.096024	0.100288	0.094915	0.529716	302200.0
2013-10-28	-0.002487	0.097552	0.097552	0.090916	-0.292267	282800.0
2013-10-25	-0.008704	0.086396	0.09137200000000001	0.08378200000000001	-1.032043	308200.0
2013-10-24	0.00441	0.09788	0.101268	0.09339	0.520592	164200.0
2013-10-23	-0.011170000000000001	0.082768	0.085868	0.076821	-1.333451	327400.0
2013-10-22	0.01028	0.121572	0.121572	0.096523	1.2147139999999998	344300.0
2013-10-21	-0.0010810000000000001	0.09364700000000001	0.107426	0.091956	-0.127868	561200.0
2013-10-18	-0.004458	0.08565700000000001	0.093231	0.08313200000000001	-0.529724	357700.0
2013-10-17	-0.001075	0.088273	0.093822	0.086172	-0.127861	317700.0
2013-10-16	0.004861	0.093986	0.101926	0.088072	0.575393	187900.0
2013-10-15	-0.008719	0.091649	0.091984	0.08444700000000001	-1.041168	439300.0
2013-10-14	-0.006836	0.081192	0.09100599999999999	0.08036	-0.821991	317100.0
2013-10-11	0.004961999999999999	0.09274199999999999	0.100348	0.085721	0.593659	568300.0
2013-10-10	0.022719	0.11175399999999999	0.11979000000000001	0.10893399999999999	2.657753	364200.0
2013-10-09	0.035656	0.130237	0.13430999999999998	0.115276	4.027694	565200.0
2013-10-08	-0.013244	0.096225	0.096837	0.078841	-1.51609	291200.0
2013-10-07	-0.020858	0.073104	0.080631	0.071393	-2.438545	289600.0
2013-10-04	0.0020350000000000004	0.092515	0.099457	0.088658	0.23744899999999997	155400.0
2013-10-03	0.000705	0.102119	0.102119	0.088396	0.082199	177000.0
2013-10-02	0.00267	0.092851	0.100161	0.08468099999999999	0.31053200000000003	225000.0
2013-10-01	-0.005546	0.094915	0.098678	0.083797	-0.6484449999999999	305700.0
2013-09-30	-0.01712	0.071631	0.077935	0.06373	-2.036698	358500.0
2013-09-27	-0.013032	0.07774199999999999	0.08504199999999999	0.07732699999999999	-1.5709	179600.0
2013-09-26	0.016403	0.10351500000000001	0.11591099999999999	0.10258800000000001	1.9453509999999998	247500.0
2013-09-25	0.003617	0.101837	0.10353	0.095913	0.427437	260900.0
2013-09-24	0.00601	0.112035	0.11825	0.10616099999999999	0.705955	221600.0
2013-09-23	0.002549	0.10454200000000001	0.109151	0.099677	0.298676	296300.0
2013-09-20	-0.00576	0.106581	0.10921199999999999	0.096737	-0.67881	408000.0
2013-09-19	-0.005575	0.101761	0.10429300000000001	0.095095	-0.660698	629500.0
2013-09-18	0.032734	0.111071	0.14314200000000002	0.10959	3.75605	594200.0
2013-09-17	-0.007593000000000001	0.09312100000000001	0.100732	0.090613	-0.8779299999999999	286600.0
2013-09-16	0.007492	0.11534000000000001	0.11943599999999999	0.11089600000000001	0.859833	163700.0
2013-09-13	0.0070680000000000005	0.10663900000000001	0.113571	0.104182	0.805496	219300.0
2013-09-12	-0.012934999999999999	0.091891	0.095962	0.087127	-1.493347	328200.0
2013-09-11	0.001413	0.096557	0.10809300000000001	0.095516	0.162911	265600.0
2013-09-10	0.004574	0.106627	0.11246500000000001	0.10523199999999999	0.52494	395400.0
2013-09-09	0.009956	0.1055	0.11658800000000001	0.10488399999999999	1.131333	258300.0
2013-09-06	-0.0007160000000000001	0.107698	0.11218299999999999	0.09345099999999999	-0.08146	307100.0
2013-09-05	-0.0015890000000000001	0.095489	0.106201	0.094084	-0.181007	315300.0
2013-09-04	0.012389	0.104084	0.124261	0.102217	1.393807	410500.0
2013-09-03	0.029058999999999998	0.134246	0.145772	0.131685	3.1768110000000003	575200.0
2013-08-30	-0.025022	0.08089400000000001	0.083747	0.07572100000000001	-2.805733	396500.0
2013-08-29	-0.000161	0.103546	0.114425	0.102387	-0.018104	239500.0
2013-08-28	-0.001048	0.102835	0.11031700000000001	0.09811399999999999	-0.117646	173700.0
2013-08-27	-0.009186	0.099941	0.10303	0.09191	-1.04084	330000.0
2013-08-26	-0.01433	0.098446	0.099316	0.087224	-1.647232	182900.0
2013-08-23	0.017953	0.130299	0.130299	0.116042	2.027367	204300.0
2013-08-22	0.015546	0.117924	0.125118	0.116575	1.7286830000000002	184600.0
2013-08-21	-0.030843000000000002	0.082484	0.085099	0.068017	-3.5388330000000003	437300.0
2013-08-20	-0.011154	0.088423	0.096179	0.085406	-1.294243	299900.0
2013-08-19	-0.0052759999999999994	0.10488399999999999	0.107027	0.09639600000000001	-0.615464	196100.0
2013-08-16	0.01122	0.114853	0.123609	0.113033	1.294274	282600.0
2013-08-15	-0.014079	0.102149	0.102234	0.085482	-1.6472630000000001	335400.0
2013-08-14	-0.007143000000000001	0.100895	0.102932	0.09504	-0.8417049999999999	136700.0
2013-08-13	0.014650999999999999	0.10841400000000001	0.12408499999999999	0.10608900000000002	1.701538	296300.0
2013-08-12	0.005879	0.11293800000000001	0.11293800000000001	0.10627	0.678802	294400.0
2013-08-09	-0.003593	0.10894000000000001	0.110925	0.098584	-0.416336	318700.0
2013-08-08	0.0036850000000000003	0.108608	0.112853	0.101246	0.4254	381700.0
2013-08-07	-0.0165	0.094746	0.099347	0.086142	-1.936867	593400.0
2013-08-06	0.001467	0.106334	0.10932	0.101386	0.171967	494600.0
2013-08-05	-0.035882	0.062442	0.069022	0.054135	-4.362457	792600.0
2013-08-02	0.064084	0.136217	0.181028	0.129478	7.322058999999999	1166200.0
2013-08-01	0.035602999999999996	0.144312	0.14993099999999998	0.14113900000000001	3.9280019999999998	622900.0
2013-07-31	-0.005629	0.10145900000000001	0.10371199999999998	0.09271599999999999	-0.624504	363700.0
2013-07-30	0.019459999999999998	0.130243	0.133275	0.124179	2.117881	437900.0
2013-07-29	-0.034059	0.072312	0.076927	0.06601	-3.837509	650900.0
2013-07-26	-0.023991	0.078983	0.078983	0.064777	-2.769531	616800.0
2013-07-25	-0.006852	0.091549	0.098432	0.08656	-0.7964479999999999	302200.0
2013-07-24	-0.008109	0.10386	0.10411600000000001	0.092852	-0.950332	300100.0
2013-07-23	-0.006293	0.105308	0.105308	0.094284	-0.742157	315500.0
2013-07-22	-0.00045999999999999996	0.101833	0.108444	0.101833	-0.054314	301500.0
2013-07-19	-0.0033640000000000002	0.098126	0.10268699999999999	0.09626799999999999	-0.398239	359300.0
2013-07-18	-0.000306	0.098044	0.107333	0.095933	-0.036194	480000.0
2013-07-17	0.014972	0.121169	0.127083	0.11174100000000001	1.74678	634200.0
2013-07-16	-0.005631000000000001	0.10266800000000001	0.10335	0.091588	-0.66069	636000.0
2013-07-15	-0.000386	0.10744000000000001	0.10744000000000001	0.100709	-0.045265	241700.0
2013-07-12	0.003094	0.10428599999999999	0.108302	0.103004	0.362038	297400.0
2013-07-11	0.019878	0.120223	0.12797999999999998	0.11795699999999999	2.280777	346000.0
2013-07-10	0.004517	0.109524	0.111975	0.10540899999999999	0.515892	290900.0
2013-07-09	0.010408	0.12045299999999999	0.12045299999999999	0.11001500000000002	1.17659	454700.0
2013-07-08	-0.002954	0.101444	0.10426600000000001	0.096858	-0.33487	324400.0
2013-07-05	0.006023	0.117306	0.11783800000000001	0.103375	0.678795	335600.0
2013-07-03	0.00040199999999999996	0.096362	0.105327	0.0929	0.04525	170300.0
2013-07-02	0.011787	0.11997200000000001	0.125721	0.11260799999999999	1.312378	620300.0
2013-07-01	0.019559	0.120725	0.130249	0.110378	2.135956	604100.0
2013-06-28	-0.008870999999999999	0.100981	0.10424800000000001	0.092359	-0.9774780000000001	466100.0
2013-06-27	0.031170999999999997	0.129591	0.142131	0.127064	3.3306730000000004	641700.0
2013-06-26	0.0065650000000000005	0.109971	0.11251400000000002	0.101398	0.6968989999999999	544900.0
2013-06-25	0.006522	0.113607	0.11683099999999999	0.105832	0.687859	320200.0
2013-06-24	-0.025261000000000002	0.084551	0.087509	0.06542	-2.7333220000000003	653500.0
2013-06-21	0.021271	0.126781	0.130368	0.109981	2.253647	765500.0
2013-06-20	-0.0308	0.088326	0.08988099999999999	0.066371	-3.366875	747000.0
2013-06-19	-0.012348	0.10858800000000002	0.112925	0.09060900000000001	-1.3666690000000001	616500.0
2013-06-18	0.015865999999999998	0.12379100000000001	0.12838	0.118835	1.728691	721300.0
2013-06-17	0.025558	0.13001600000000002	0.137923	0.12521600000000002	2.715218	586200.0
2013-06-14	-0.032317	0.08111	0.086302	0.063804	-3.54789	591500.0
2013-06-13	0.018215000000000002	0.105255	0.125473	0.103771	1.9640119999999999	449600.0
2013-06-12	-0.006587999999999999	0.11446600000000001	0.117875	0.090603	-0.715004	595500.0
2013-06-11	-0.010153	0.097496	0.105978	0.087738	-1.11325	861800.0
2013-06-10	0.03494	0.14849	0.14990599999999998	0.13650299999999999	3.701767	857200.0
2013-06-07	0.022537	0.10478699999999999	0.134417	0.096294	2.335075	1392700.0
2013-06-06	-0.0033950000000000004	0.091899	0.101325	0.079972	-0.352982	695700.0
2013-06-05	-0.028666000000000004	0.07685499999999999	0.08395599999999999	0.070128	-3.068206	514700.0
2013-06-04	0.017641	0.12485	0.130364	0.11325	1.855415	618800.0
2013-06-03	-0.011399	0.086367	0.093605	0.068133	-1.212807	1238900.0
2013-05-31	-0.024156999999999998	0.086264	0.095803	0.077642	-2.6337580000000003	657000.0
2013-05-30	0.007443000000000001	0.11181400000000001	0.119576	0.11079800000000001	0.8055260000000001	558700.0
2013-05-29	-0.029307	0.079051	0.079948	0.064789	-3.267318	930500.0
2013-05-28	0.021986000000000002	0.12550899999999998	0.140543	0.12523399999999998	2.398437	658700.0
2013-05-24	-0.03313	0.07244500000000001	0.079181	0.059503999999999994	-3.737945	1252400.0
2013-05-23	-0.024875	0.058559	0.080166	0.036174	-2.878136	1491500.0
2013-05-22	-0.014493	0.107269	0.115701	0.08606	-1.70153	917700.0
2013-05-21	0.008317	0.11381600000000001	0.11630599999999999	0.10892	0.9684290000000001	513100.0
2013-05-20	0.010445999999999999	0.11208599999999999	0.119289	0.111653	1.203743	667600.0
2013-05-17	0.017583	0.11548	0.125636	0.115127	1.99115	605600.0
2013-05-16	-0.01169	0.099647	0.101742	0.08987300000000001	-1.3395	571900.0
2013-05-15	0.019734	0.117877	0.12668800000000002	0.11582999999999999	2.217437	807900.0
2013-05-14	-0.005448	0.088421	0.100901	0.084261	-0.615471	1332800.0
2013-05-13	0.029271	0.12310399999999999	0.137407	0.12128199999999999	3.213028	1251400.0
2013-05-10	0.026579000000000002	0.120502	0.135185	0.11844500000000001	2.841919	1370800.0
2013-05-09	-0.013032	0.0843	0.09546900000000001	0.081439	-1.4119030000000001	1061800.0
2013-05-08	0.031185	0.12068399999999999	0.139816	0.109452	3.276352	946500.0
2013-05-07	0.009128	0.11919500000000001	0.129281	0.113817	0.950332	560500.0
2013-05-06	0.0009570000000000001	0.105653	0.108056	0.10411500000000001	0.099549	241700.0
2013-05-03	0.004721	0.11039000000000002	0.11483299999999999	0.10942400000000001	0.488746	437600.0
2013-05-02	0.005804	0.098763	0.11479400000000001	0.096334	0.597352	461000.0
2013-05-01	-0.022184	0.08559800000000001	0.090158	0.079993	-2.335091	632000.0
2013-04-30	-0.002059	0.098911	0.10346199999999998	0.098058	-0.217217	334700.0
2013-04-29	0.009179000000000001	0.109476	0.117704	0.10785	0.9593659999999999	172900.0
2013-04-26	-0.0031079999999999997	0.10021000000000001	0.105647	0.09773	-0.325813	387700.0
2013-04-25	0.018911	0.12033599999999998	0.130152	0.113533	1.9459	544900.0
2013-04-24	0.006640999999999999	0.109775	0.118091	0.107232	0.67881	622200.0
2013-04-23	0.006326	0.10478499999999999	0.11413800000000002	0.103899	0.642586	705100.0
2013-04-22	-0.000267	0.09799400000000001	0.109116	0.095239	-0.02713	773600.0
2013-04-19	0.015468	0.11627699999999999	0.123373	0.11168	1.5476530000000002	372300.0
2013-04-18	-0.009941	0.10151900000000001	0.10151900000000001	0.092317	-1.004631	312200.0
2013-04-17	-0.007555	0.107142	0.10890999999999999	0.093394	-0.769303	646800.0
2013-04-16	0.012782	0.118709	0.12219000000000001	0.114631	1.28521	327500.0
2013-04-15	-0.017772	0.096971	0.103907	0.084369	-1.819206	567700.0
2013-04-12	-0.0015890000000000001	0.104689	0.1082	0.092399	-0.162903	580800.0
2013-04-11	0.041368	0.14266800000000002	0.154247	0.135761	4.072830000000001	2010500.0
2013-04-10	0.011719	0.116496	0.119887	0.113824	1.1403809999999999	592600.0
2013-04-09	-0.010947	0.089029	0.09715900000000001	0.085878	-1.077034	686500.0
2013-04-08	0.020751	0.115258	0.12812300000000001	0.11183499999999999	2.000214	1075600.0
2013-04-05	0.008236	0.10122300000000001	0.11628499999999999	0.097876	0.7874140000000001	1578300.0
2013-04-04	0.047086	0.152636	0.15975599999999998	0.148036	4.299087999999999	1709400.0
2013-04-03	0.009304999999999999	0.132962	0.13406700000000002	0.112732	0.841728	559800.0
2013-04-02	-0.012546999999999999	0.089602	0.095496	0.088292	-1.149445	498800.0
2013-04-01	-0.013835	0.096703	0.09681000000000001	0.085938	-1.285202	334900.0
2013-03-28	-0.004462	0.099954	0.100383	0.095239	-0.416336	327200.0
2013-03-27	-0.0048259999999999996	0.094432	0.100618	0.09240599999999999	-0.45253699999999997	657700.0
2013-03-26	0.015219	0.124297	0.125596	0.11660999999999999	1.405586	277800.0
2013-03-25	-0.006539	0.12157000000000001	0.12178499999999999	0.102532	-0.607933	295500.0
2013-03-22	0.004443	0.120179	0.124177	0.119423	0.411232	175500.0
2013-03-21	-0.0071920000000000005	0.118773	0.118773	0.10751	-0.6704939999999999	342100.0
2013-03-20	0.010955	0.12127	0.134716	0.12127	1.0102229999999999	308800.0
2013-03-19	0.002722	0.127475	0.130846	0.115623	0.250328	242400.0
2013-03-18	-0.010199	0.113177	0.115222	0.10532000000000001	-0.9476540000000001	481500.0
2013-03-15	0.0037670000000000004	0.12504	0.12568900000000002	0.11823399999999999	0.348663	285600.0
2013-03-14	0.005731	0.11986199999999998	0.126055	0.11953599999999999	0.527473	196600.0
2013-03-13	0.001849	0.11747	0.123892	0.11605499999999999	0.169846	180500.0
2013-03-12	-0.013725	0.10513900000000001	0.110507	0.100845	-1.278419	398500.0
2013-03-11	0.004822	0.120824	0.12395199999999999	0.11899000000000001	0.447006	174300.0
2013-03-08	0.004164	0.12029200000000001	0.126574	0.11574200000000001	0.384414	420600.0
2013-03-07	-0.011393	0.105172	0.111919	0.104101	-1.063858	399000.0
2013-03-06	0.011132	0.128629	0.132852	0.123106	1.028092	606300.0
2013-03-05	0.008395	0.121725	0.133409	0.11965	0.7688520000000001	2210200.0
2013-03-04	-0.002435	0.111152	0.116053	0.105378	-0.223503	244900.0
2013-03-01	0.000877	0.11561500000000001	0.122483	0.112017	0.08046	925800.0
2013-02-28	0.009743	0.132649	0.134741	0.12362200000000001	0.885086	538800.0
2013-02-27	-0.008296	0.097052	0.111353	0.095087	-0.759911	434600.0
2013-02-26	0.030576999999999997	0.150398	0.156361	0.14196	2.7177729999999998	845700.0
2013-02-25	-0.028532	0.116263	0.12008900000000002	0.08576900000000001	-2.610504	697300.0
2013-02-22	0.012265	0.128848	0.132278	0.12254200000000001	1.108582	694400.0
2013-02-21	-0.014524	0.109509	0.111144	0.093917	-1.332085	608600.0
2013-02-20	0.000683	0.132415	0.134597	0.118777	0.062584	602100.0
2013-02-19	-0.00078	0.10951	0.11954000000000001	0.10765599999999999	-0.071525	753100.0
2013-02-15	-0.00039	0.122046	0.123572	0.11616099999999999	-0.035752	478700.0
2013-02-14	-0.015066	0.105571	0.11093800000000001	0.101063	-1.4035950000000001	535300.0
2013-02-13	-0.005914	0.116851	0.119519	0.10991600000000001	-0.554291	855600.0
2013-02-12	-0.010384000000000001	0.109794	0.11106099999999999	0.105148	-0.983406	455300.0
2013-02-11	0.014169999999999999	0.125305	0.135158	0.125305	1.323143	700100.0
2013-02-08	0.016051	0.13814400000000002	0.141408	0.132051	1.475106	779500.0
2013-02-07	0.0	0.12421700000000001	0.12726300000000001	0.11420599999999999	0.0	682000.0
2013-02-06	0.039854	0.151258	0.163138	0.147976	3.5223839999999997	1104900.0
2013-02-05	0.010528000000000001	0.137767	0.139596	0.12278900000000001	0.9208299999999999	714500.0
2013-02-04	-0.003057	0.122092	0.124144	0.11285899999999999	-0.268196	650500.0
2013-02-01	0.028939999999999997	0.140491	0.152571	0.139904	2.467445	535000.0
2013-01-31	-0.0024059999999999997	0.118559	0.119144	0.112825	-0.205604	329700.0
2013-01-30	0.0	0.124643	0.126866	0.117974	0.0	256800.0
2013-01-29	0.008651	0.12434100000000001	0.13106800000000002	0.123279	0.73307	370400.0
2013-01-28	-0.013736000000000002	0.108083	0.108083	0.100052	-1.1800760000000001	416500.0
2013-01-25	0.0037600000000000003	0.126854	0.12720399999999998	0.12066199999999999	0.321846	372900.0
2013-01-24	0.013658000000000002	0.124954	0.138573	0.124954	1.153282	521900.0
2013-01-23	-0.004007	0.111127	0.115728	0.11042	-0.339737	422400.0
2013-01-22	-0.011054000000000001	0.100828	0.10759300000000001	0.098261	-0.9476469999999999	558400.0
2013-01-18	-0.009196	0.109197	0.10965899999999999	0.103302	-0.7956770000000001	517600.0
2013-01-17	0.022612	0.13416	0.14846099999999998	0.12978699999999999	1.913185	744600.0
2013-01-16	-0.018563	0.094199	0.107655	0.092691	-1.600273	700400.0
2013-01-15	-0.003822	0.10446099999999998	0.115901	0.101225	-0.330796	1054800.0
2013-01-14	0.0071790000000000005	0.124029	0.12926600000000002	0.12216600000000001	0.616883	602800.0
2013-01-11	-0.007743000000000001	0.10851199999999998	0.11428599999999998	0.10851199999999998	-0.67051	495100.0
2013-01-10	0.012544	0.125808	0.13551300000000002	0.123119	1.072808	452000.0
2013-01-09	0.018418	0.132372	0.13915999999999998	0.13142	1.54663	379000.0
2013-01-08	-0.016749	0.100293	0.103922	0.091277	-1.430404	501000.0
2013-01-07	-0.018595	0.095691	0.10132200000000001	0.084659	-1.618149	325500.0
2013-01-04	0.020656	0.135096	0.144127	0.130639	1.7611689999999998	743800.0
2013-01-03	-0.006459	0.11133399999999999	0.12019	0.108421	-0.554268	539800.0
2013-01-02	0.029383	0.13691099999999998	0.151425	0.13691099999999998	2.449578	535700.0
2012-12-31	0.012816	0.11819400000000001	0.134231	0.11819400000000001	1.0549309999999998	521400.0
2012-12-28	-0.005079	0.11553699999999999	0.11747	0.11045999999999999	-0.420196	509000.0
2012-12-27	0.024125999999999998	0.13539400000000001	0.14641099999999999	0.13031800000000002	1.948952	684600.0
2012-12-26	-0.008993000000000001	0.11058499999999999	0.11598199999999999	0.105923	-0.733086	586400.0
2012-12-24	0.004517	0.12016099999999999	0.126076	0.119052	0.366554	163600.0
2012-12-21	-0.02008	0.092234	0.098996	0.088973	-1.662864	531400.0
2012-12-20	0.020716	0.13790999999999998	0.14247	0.131747	1.680732	754700.0
2012-12-19	0.016807	0.145003	0.14562999999999998	0.135603	1.341011	561500.0
2012-12-18	0.030719999999999997	0.137031	0.153954	0.13289700000000002	2.3780669999999997	612500.0
2012-12-17	0.007798	0.11777699999999999	0.127281	0.11777699999999999	0.5989770000000001	168100.0
2012-12-14	0.000466	0.115954	0.120122	0.115823	0.035774	168000.0
2012-12-13	-0.010371	0.107474	0.10850499999999999	0.09561499999999999	-0.804611	359600.0
2012-12-12	0.008483	0.121028	0.130908	0.121028	0.652618	328700.0
2012-12-11	0.001513	0.116996	0.12441700000000001	0.116085	0.116219	272900.0
2012-12-10	-0.00209	0.11206300000000001	0.11790899999999999	0.111543	-0.160912	250300.0
2012-12-07	0.005136	0.119473	0.12561	0.11699100000000001	0.393349	252400.0
2012-12-06	0.004574	0.121051	0.123675	0.11869	0.348686	170300.0
2012-12-05	-0.002924	0.112542	0.118951	0.111103	-0.223519	252500.0
2012-12-04	-0.001634	0.116469	0.12260599999999999	0.11594700000000001	-0.125167	244900.0
2012-12-03	-0.004879	0.112581	0.11842799999999999	0.11128099999999999	-0.37548899999999996	334500.0
2012-11-30	-0.004971	0.11118800000000001	0.114809	0.110025	-0.384422	273300.0
2012-11-29	0.016449000000000002	0.124998	0.138798	0.12434100000000001	1.251625	300600.0
2012-11-28	-0.001525	0.10819200000000001	0.118427	0.099662	-0.11623399999999999	302200.0
2012-11-27	-0.01718	0.10553199999999999	0.106564	0.097794	-1.332069	249500.0
2012-11-26	0.013083000000000001	0.131232	0.134629	0.126659	1.0012889999999999	438500.0
2012-11-23	0.013975999999999999	0.131939	0.135252	0.1277	1.05494	352900.0
2012-11-21	0.018825	0.134081	0.13961500000000002	0.131651	1.3946530000000001	285200.0
2012-11-20	-0.005281	0.10848900000000002	0.115068	0.107012	-0.393364	229000.0
2012-11-19	0.014862	0.130413	0.135318	0.129051	1.090683	361900.0
2012-11-16	0.022801	0.144341	0.14671099999999998	0.133889	1.63604	522300.0
2012-11-15	0.050386	0.163207	0.175797	0.161743	3.441925	739400.0
2012-11-14	-0.018749000000000002	0.10563099999999999	0.11108900000000001	0.094139	-1.305252	381000.0
2012-11-13	0.002188	0.115823	0.125181	0.113232	0.15198499999999998	182100.0
2012-11-12	-0.012079000000000001	0.10632799999999999	0.109599	0.104906	-0.8493040000000001	157700.0
2012-11-09	0.003829	0.122128	0.128552	0.119986	0.268196	172600.0
2012-11-08	-0.016692	0.10943399999999999	0.11182	0.098624	-1.189026	223400.0
2012-11-07	-0.019202	0.10809400000000001	0.10837000000000001	0.094326	-1.3946610000000002	279800.0
2012-11-06	-0.001352	0.11608399999999999	0.119796	0.11292100000000001	-0.098328	324900.0
2012-11-05	0.045630000000000004	0.154646	0.170605	0.144294	3.1737290000000002	681000.0
2012-11-02	-0.003203	0.12443399999999999	0.12500799999999998	0.113543	-0.22351100000000002	157200.0
2012-11-01	0.007487000000000001	0.12043599999999999	0.127944	0.11711500000000001	0.518525	186200.0
2012-10-31	0.001422	0.112775	0.124198	0.112775	0.098342	290700.0
2012-10-26	-0.013894	0.102162	0.106724	0.095888	-0.9744719999999999	195100.0
2012-10-25	0.013959000000000001	0.13576300000000002	0.139232	0.127956	0.9655309999999999	526400.0
2012-10-24	-0.003991	0.119999	0.121727	0.111791	-0.277138	198200.0
2012-10-23	-0.016335	0.10227	0.10269400000000001	0.09575399999999999	-1.153274	282600.0
2012-10-22	0.014647	0.13408	0.13738599999999998	0.125601	1.0191649999999999	484500.0
2012-10-19	-0.008661	0.11741900000000001	0.11841600000000001	0.105023	-0.607933	310500.0
2012-10-18	0.006668	0.128598	0.129315	0.121857	0.464897	840400.0
2012-10-17	0.008665	0.127528	0.12854000000000002	0.123332	0.5989760000000001	278900.0
2012-10-16	0.014565	0.126631	0.135731	0.12648399999999999	0.9923549999999999	318700.0
2012-10-15	0.020624	0.142227	0.143575	0.135935	1.37677	341100.0
2012-10-12	-0.002405	0.123341	0.12573199999999998	0.11362699999999999	-0.160911	197600.0
2012-10-11	0.004698	0.12291300000000001	0.129369	0.12291300000000001	0.312896	369600.0
2012-10-10	-0.02051	0.106499	0.10708699999999999	0.092234	-1.3946610000000002	550800.0
2012-10-09	-0.01655	0.10554200000000001	0.10612	0.09614099999999999	-1.144325	294400.0
2012-10-08	-0.004633	0.11452799999999999	0.11654300000000001	0.110929	-0.321838	145500.0
2012-10-05	-0.016207	0.10411300000000001	0.10751199999999998	0.098873	-1.144326	312500.0
2012-10-04	0.024516999999999997	0.14221	0.147288	0.141774	1.689675	305900.0
2012-10-03	0.003123	0.12001400000000001	0.125108	0.11681199999999999	0.214554	246400.0
2012-10-02	-0.0028539999999999998	0.11754300000000001	0.11972000000000001	0.111302	-0.196678	394500.0
2012-10-01	-0.018341999999999997	0.098755	0.105593	0.095335	-1.287384	578400.0
2012-09-28	-0.021682	0.089985	0.094863	0.088033	-1.5555729999999999	646300.0
2012-09-27	0.020084	0.137469	0.14216099999999998	0.132635	1.4125370000000002	484400.0
2012-09-26	-0.02249	0.10465999999999999	0.105494	0.09159500000000001	-1.618157	576400.0
2012-09-25	0.008256	0.139004	0.14138599999999998	0.126952	0.5891569999999999	549500.0
2012-09-24	-0.01227	0.112018	0.114924	0.108004	-0.886459	341100.0
2012-09-21	-0.005370000000000001	0.130001	0.130965	0.12201600000000001	-0.390045	121300.0
2012-09-20	-0.00292	0.123956	0.126289	0.118602	-0.212754	227800.0
2012-09-19	0.009334	0.138465	0.145669	0.137079	0.673714	314800.0
2012-09-18	0.000123	0.125995	0.130152	0.124332	0.008873	395100.0
2012-09-17	-0.021279	0.122378	0.12278399999999999	0.103933	-1.569061	412000.0
2012-09-14	0.0028940000000000003	0.13120199999999999	0.138954	0.12957	0.212746	349700.0
2012-09-13	0.010601000000000001	0.118727	0.141407	0.11639000000000001	0.771247	377900.0
2012-09-12	0.009470999999999999	0.141671	0.14361400000000002	0.134872	0.6825640000000001	268000.0
2012-09-11	-0.0047740000000000005	0.121169	0.125726	0.120064	-0.34572600000000003	339500.0
2012-09-10	0.000245	0.135256	0.135947	0.127521	0.017738999999999998	251700.0
2012-09-07	0.016808	0.134956	0.148017	0.133692	1.196731	420500.0
2012-09-06	0.023967	0.141448	0.15583	0.141448	1.66655	351700.0
2012-09-05	-0.0036829999999999996	0.118903	0.125924	0.117757	-0.257073	467800.0
