2017-09-01	0.000000	-0.000384	0.004227	-0.003075	0.000000.1	2716600.000000
2016-09-01	0.00020899999999999998	0.052780999999999995	0.056761	0.046811	0.009464	930400.0
2016-08-31	-0.015463999999999999	0.050651999999999996	0.05391699999999999	0.037589	-0.7103079999999999	1059900.0
2016-08-30	0.004141	0.061123000000000004	0.066151	0.0585	0.189415	650400.0
2016-08-29	-0.003918	0.043465	0.05457000000000001	0.043247	-0.17994300000000002	938200.0
2016-08-26	0.009367	0.068625	0.086867	0.059833000000000004	0.42618599999999995	1416500.0
2016-08-25	-0.0014550000000000001	0.05434	0.059608	0.051707	-0.0663	886700.0
2016-08-24	-0.0024879999999999998	0.056315	0.058503999999999994	0.048871	-0.113647	1355900.0
2016-08-23	0.002703	0.059609	0.066414	0.05873099999999999	0.123119	1063100.0
2016-08-22	-0.018768	0.040799	0.042522000000000004	0.034553	-0.8713110000000001	1164700.0
2016-08-19	-0.012291	0.041835000000000004	0.042899	0.035666	-0.577721	1612500.0
2016-08-18	0.005674	0.049244	0.062937	0.048388	0.265187	1024700.0
2016-08-17	0.003457	0.051368	0.0606	0.046001	0.160999	1894500.0
2016-08-16	0.011934	0.060004999999999996	0.073692	0.056528999999999996	0.549309	2845300.0
2016-08-15	0.005171	0.058934	0.063084	0.056095000000000006	0.23677399999999998	1120300.0
2016-08-12	0.001035	0.055439999999999996	0.061341999999999994	0.051723000000000005	0.047348	933500.0
2016-08-11	0.011942	0.061186000000000004	0.074902	0.060522	0.539837	1283900.0
2016-08-10	-0.004588	0.064685	0.066226	0.051032	-0.208355	1248700.0
2016-08-09	0.008624	0.068092	0.072979	0.061207000000000004	0.388298	824500.0
2016-08-08	-0.0008410000000000001	0.054545	0.060980999999999994	0.053658000000000004	-0.037876	1319000.0
2016-08-05	0.013634	0.068024	0.07297200000000001	0.0642	0.606129	931100.0
2016-08-04	0.004279	0.058362	0.065591	0.055651	0.189411	1082300.0
2016-08-03	0.000642	0.045931	0.057007	0.04367	0.028419	1577700.0
2016-08-02	0.001715	0.060858	0.061764	0.047272	0.07576000000000001	1496400.0
2016-08-01	-0.030561	0.041828	0.042706	0.021852	-1.392208	1762300.0
2016-07-29	0.015625	0.054539	0.07349	0.052978	0.700836	2045400.0
2016-07-28	0.009378000000000001	0.07703099999999999	0.07815599999999999	0.057227	0.41672600000000004	2151100.0
2016-07-27	0.003636	0.073268	0.07643	0.05361799999999999	0.160999	1293700.0
2016-07-26	0.009283	0.057701	0.068414	0.055876999999999996	0.40724899999999997	1187300.0
2016-07-25	-0.023815	0.044528	0.044528	0.026059	-1.0702049999999999	1560200.0
2016-07-22	-0.004406	0.055434000000000004	0.055654999999999996	0.045021	-0.198883	1004300.0
2016-07-21	-0.004386999999999999	0.043745	0.059847000000000004	0.042863	-0.19888699999999998	3648300.0
2016-07-20	-0.0008349999999999999	0.049926	0.060285000000000005	0.042213	-0.037892	889200.0
2016-07-19	-0.008485	0.048229	0.050195	0.041673	-0.388298	1012800.0
2016-07-18	-0.008617	0.040712	0.048295	0.034863	-0.397773	1077900.0
2016-07-15	-0.009148	0.043856	0.046217	0.038919	-0.42618999999999996	1166700.0
2016-07-14	0.014018000000000001	0.076119	0.07699	0.06654199999999999	0.64402	1214900.0
2016-07-13	-0.002262	0.06022	0.064346	0.047624	-0.104179	1774600.0
2016-07-12	0.019715	0.080679	0.084887	0.076693	0.8902549999999999	3083700.0
2016-07-11	0.011026000000000001	0.068191	0.07446	0.066176	0.49247700000000005	1514100.0
2016-07-08	0.019015	0.070478	0.077323	0.065687	0.8334309999999999	1182500.0
2016-07-07	-0.013430000000000001	0.058352999999999995	0.062403999999999994	0.034944	-0.5966560000000001	1934500.0
2016-07-06	-0.0063549999999999995	0.042457999999999996	0.049391000000000004	0.029037999999999998	-0.284123	2194800.0
2016-07-05	-0.031391	0.036813	0.039846	0.019699	-1.449035	1709400.0
2016-07-01	0.013306	0.06729199999999999	0.073658	0.064218	0.606128	2827600.0
2016-06-30	0.008597	0.060969	0.072925	0.05167000000000001	0.388306	3052200.0
2016-06-29	0.030022000000000004	0.081875	0.093049	0.077542	1.316444	2748200.0
2016-06-28	0.033250999999999996	0.077791	0.09428500000000001	0.075906	1.411141	2256600.0
2016-06-27	-0.017324000000000003	0.048004000000000005	0.048236	0.020218	-0.748185	6834300.0
2016-06-24	-0.086539	-0.05770599999999999	-0.014134	-0.058975	-4.091387999999999	6739400.0
2016-06-23	0.033326	0.084071	0.09740399999999999	0.069428	1.5247950000000001	1706800.0
2016-06-22	-0.005353	0.068268	0.069138	0.050225	-0.246238	1170500.0
2016-06-21	0.012508	0.06754299999999999	0.07700800000000001	0.058078	0.568248	1820600.0
2016-06-20	0.01977	0.086628	0.089322	0.076752	0.8807870000000001	2152100.0
2016-06-17	0.018623	0.062278999999999994	0.07554	0.058849	0.814488	2123500.0
2016-06-16	0.015837999999999998	0.047283	0.0726	0.032418	0.6819	1810800.0
2016-06-15	0.001542	0.053085	0.06704299999999999	0.051457	0.066295	2401200.0
2016-06-14	-0.023031	0.035196	0.04065	0.018833000000000003	-1.0133780000000001	4505800.0
2016-06-13	-0.015678	0.044244	0.058561	0.038875	-0.70084	1709600.0
2016-06-10	-0.031	0.025529	0.035717	0.016859	-1.430092	2854900.0
2016-06-09	-0.015761	0.033902	0.041582	0.033475	-0.7387199999999999	1165900.0
2016-06-08	0.0	0.059290999999999996	0.062704	0.051823	0.0	1409700.0
2016-06-07	0.029112	0.075198	0.091666	0.073003	1.325909	1539200.0
2016-06-06	0.011995	0.076097	0.079652	0.066764	0.539837	2041700.0
2016-06-03	0.008703	0.064842	0.065515	0.053187	0.388306	710700.0
2016-06-02	-0.008002	0.037201	0.047428	0.032976	-0.359894	1152500.0
2016-06-01	-0.007254000000000001	0.042037	0.053736	0.041154	-0.32864	891500.0
2016-05-31	-0.009796	0.063958	0.071389	0.05609	-0.4482	940700.0
2016-05-27	-0.005884	0.06312999999999999	0.064651	0.057047	-0.27079000000000003	751000.0
2016-05-26	0.001829	0.081836	0.084883	0.071823	0.08404500000000001	1175000.0
2016-05-25	0.022231	0.084748	0.100324	0.084303	0.999107	1862700.0
2016-05-24	0.011559	0.080631	0.087383	0.07725499999999999	0.513562	2478000.0
2016-05-23	-0.010605	0.055809000000000004	0.067612	0.055363	-0.476208	2055700.0
2016-05-20	0.006698999999999999	0.07835	0.084628	0.073867	0.298797	888800.0
2016-05-19	-0.007686	0.050263	0.06405599999999999	0.044256000000000004	-0.345485	3968100.0
2016-05-18	-0.014938	0.06394	0.075116	0.054955	-0.681633	2161700.0
2016-05-17	-0.0038729999999999997	0.059819000000000004	0.070079	0.055016999999999996	-0.17741400000000002	1826600.0
2016-05-16	0.019111000000000003	0.085635	0.09386599999999999	0.085635	0.8590469999999999	913700.0
2016-05-13	-0.018352	0.053917999999999994	0.06483799999999999	0.047585	-0.8403700000000001	1432800.0
2016-05-12	0.005536	0.09576599999999999	0.097303	0.068537	0.252109	1660200.0
2016-05-11	-0.004490999999999999	0.059148	0.074887	0.05565	-0.205425	1024500.0
2016-05-10	0.02105	0.071622	0.09349600000000001	0.071175	0.943081	1232700.0
2016-05-09	-0.018813999999999997	0.061535	0.063287	0.047299	-0.859051	2328500.0
2016-05-06	0.007831999999999999	0.061239999999999996	0.085741	0.06035700000000001	0.35482800000000003	1598100.0
2016-05-05	0.0	0.07338	0.080664	0.061903	0.0	1227500.0
2016-05-04	-0.014421999999999999	0.055942	0.06138099999999999	0.051374	-0.662956	1324500.0
2016-05-03	-0.031668	0.047149	0.049677	0.033667	-1.503334	1299000.0
2016-05-02	0.001773	0.066521	0.072851	0.059979	0.08403	1249100.0
2016-04-29	0.003361	0.072646	0.078786	0.06227100000000001	0.15874100000000002	1908800.0
2016-04-28	-0.008235	0.062763	0.074102	0.058983	-0.39216999999999996	1436100.0
2016-04-27	0.02348	0.086641	0.102546	0.086212	1.092479	2258100.0
2016-04-26	0.013423	0.079665	0.086852	0.07421900000000001	0.61628	1521900.0
2016-04-25	-0.005461	0.06727000000000001	0.069869	0.058822	-0.25211300000000003	1584600.0
2016-04-22	0.005696	0.06637699999999999	0.077052	0.06637699999999999	0.261448	1108600.0
2016-04-21	-0.0048579999999999995	0.069651	0.07420399999999999	0.060113	-0.224102	2597900.0
2016-04-20	0.005905	0.062665	0.082728	0.058958	0.270786	2095700.0
2016-04-19	0.027406	0.079466	0.100303	0.076778	1.2232129999999999	1596200.0
2016-04-18	-0.0025039999999999997	0.070952	0.074752	0.047486	-0.112049	2717100.0
2016-04-15	-0.012163	0.059692999999999996	0.064329	0.052849	-0.5509149999999999	1251600.0
2016-04-14	0.012312	0.073187	0.084138	0.07274	0.5509149999999999	4488100.0
2016-04-13	0.021531	0.09081399999999999	0.096065	0.084194	0.943089	3154800.0
2016-04-12	0.028727999999999997	0.078703	0.108295	0.07635399999999999	1.2232049999999999	4087100.0
2016-04-11	0.002859	0.081787	0.088617	0.074014	0.12138800000000001	1859500.0
2016-04-08	0.030131	0.098854	0.111956	0.098126	1.241886	2826600.0
2016-04-07	-0.012969999999999999	0.055626	0.06400700000000001	0.048441000000000005	-0.541573	3195700.0
2016-04-06	0.020073	0.070952	0.092449	0.067288	0.821694	2990200.0
2016-04-05	-0.013279	0.050946	0.059864	0.04974	-0.550908	2202600.0
2016-04-04	0.005204	0.07386000000000001	0.086702	0.07071000000000001	0.214768	2848300.0
2016-04-01	-0.026861000000000003	0.032519	0.045723	0.03134	-1.1391790000000002	1594200.0
2016-03-31	-0.018583000000000002	0.058225	0.065398	0.049431	-0.803025	782600.0
2016-03-30	0.015135	0.096087	0.105249	0.08316699999999999	0.644284	1453800.0
2016-03-29	0.010865000000000001	0.06525299999999999	0.084725	0.060503999999999995	0.457546	1811600.0
2016-03-28	-0.003975	0.077811	0.07899400000000001	0.06433	-0.168079	522900.0
2016-03-24	-0.005490999999999999	0.042256	0.067424	0.040609	-0.233433	2805500.0
2016-03-23	-0.015568	0.074889	0.074889	0.050575	-0.6723020000000001	1102500.0
2016-03-22	-0.01006	0.070952	0.070952	0.051239	-0.438862	4167600.0
2016-03-21	-0.023003	0.053036	0.059307000000000006	0.041614	-1.027123	2768400.0
2016-03-18	0.006525	0.076137	0.081998	0.072756	0.289463	1717400.0
2016-03-17	0.02194	0.08868999999999999	0.103433	0.076711	0.952419	1987800.0
2016-03-16	0.01849	0.067527	0.096854	0.06729199999999999	0.788086	2028200.0
2016-03-15	-0.017187	0.062092999999999995	0.07293	0.059326	-0.745334	910300.0
2016-03-14	-0.009873999999999999	0.071469	0.07763300000000001	0.06188	-0.432472	1266500.0
2016-03-11	0.041803	0.114595	0.132196	0.11411900000000001	1.757507	1863800.0
2016-03-10	-0.018264	0.08139500000000001	0.0884	0.06551599999999999	-0.782139	2786000.0
2016-03-09	0.006706	0.085825	0.097344	0.081359	0.285248	8275200.0
2016-03-08	-0.021172999999999997	0.084005	0.084695	0.063295	-0.9201590000000001	1944200.0
2016-03-07	-0.002534	0.05968300000000001	0.093651	0.05968300000000001	-0.11041600000000001	7904800.0
2016-03-04	0.020034	0.093321	0.111114	0.090512	0.8557469999999999	2817400.0
2016-03-03	0.010009	0.082273	0.099298	0.077544	0.423279	3386700.0
2016-03-02	0.008779	0.071976	0.099646	0.07006799999999999	0.368057	1942600.0
2016-03-01	0.019011	0.097218	0.11058599999999999	0.091627	0.782135	1971900.0
2016-02-29	0.0	0.08555	0.095273	0.081175	0.0	3791300.0
2016-02-26	0.007663	0.102441	0.104646	0.087501	0.312859	3144000.0
2016-02-25	0.010015999999999999	0.097403	0.101361	0.080828	0.404869	3521500.0
2016-02-24	0.002968	0.054262	0.094209	0.050292	0.119625	6009600.0
2016-02-23	-0.035667000000000004	0.065232	0.071931	0.04609	-1.490658	4592900.0
2016-02-22	0.018385	0.089202	0.10674600000000001	0.089202	0.754525	3166800.0
2016-02-19	0.012946000000000001	0.08331000000000001	0.10231599999999999	0.080595	0.5244979999999999	7208300.0
2016-02-18	0.004563	0.100899	0.10313	0.082303	0.184028	5937200.0
2016-02-17	0.027908	0.089824	0.125251	0.08931499999999999	1.094998	3424000.0
2016-02-16	-0.008142	0.10066900000000001	0.10193300000000001	0.074126	-0.32206	6911000.0
2016-02-12	0.058346	0.11271700000000001	0.15151099999999998	0.11030999999999999	2.180778	6238800.0
2016-02-11	-0.007331	0.077736	0.085172	0.064457	-0.276043	1579900.0
2016-02-10	-0.011594	0.076528	0.098316	0.069703	-0.44168	1437200.0
2016-02-09	-0.033388	0.062407000000000004	0.067228	0.038048	-1.315831	2636800.0
2016-02-08	-0.014722999999999998	0.057515	0.076766	0.044515	-0.588905	8004100.0
2016-02-05	-0.009795	0.075873	0.081319	0.066714	-0.39566799999999996	1803100.0
2016-02-04	0.018798	0.10315899999999999	0.12232699999999999	0.099881	0.7453310000000001	1802900.0
2016-02-03	0.037314	0.105341	0.13281099999999998	0.083103	1.4262540000000001	2158100.0
2016-02-02	-0.048339	0.034730000000000004	0.038216	0.025269	-1.941544	2205100.0
2016-02-01	-0.015116999999999998	0.068375	0.072298	0.058322000000000006	-0.6165039999999999	1535100.0
2016-01-29	0.006129	0.086519	0.099348	0.080351	0.24844000000000002	2449000.0
2016-01-28	0.018026	0.116654	0.118914	0.088273	0.717727	1629300.0
2016-01-27	0.004644	0.076925	0.109475	0.074402	0.184033	1613600.0
2016-01-26	0.041848	0.11174	0.138817	0.100173	1.591877	2507200.0
2016-01-25	-0.03366	0.056027	0.066697	0.048406	-1.325028	1378600.0
2016-01-22	0.043160000000000004	0.139501	0.141621	0.115916	1.628681	2020500.0
2016-01-21	0.019896	0.079739	0.113793	0.07136	0.7361300000000001	1997600.0
2016-01-20	-0.036194	0.060455999999999996	0.062801	0.017215	-1.389446	4172700.0
2016-01-19	0.013359000000000001	0.11817799999999999	0.12029000000000001	0.088086	0.506088	2880100.0
2016-01-15	-0.038982	0.043894	0.059115	0.035269	-1.536663	1901100.0
2016-01-14	0.059871	0.123063	0.158554	0.11445899999999999	2.2267919999999997	3203600.0
2016-01-13	-0.011253	0.101387	0.11441300000000001	0.06815700000000001	-0.423279	1560300.0
2016-01-12	0.001715	0.10354200000000001	0.14109100000000002	0.06945599999999999	0.064407	1784300.0
2016-01-11	0.004925	0.1154	0.115668	0.079808	0.18403599999999998	2262400.0
2016-01-08	-0.024502	0.08781	0.089376	0.059355	-0.9385680000000001	1625500.0
2016-01-07	-0.023915000000000002	0.056698	0.08116	0.055169	-0.9385600000000001	2117900.0
2016-01-06	-0.017734	0.065491	0.072499	0.062488	-0.708519	2542400.0
2016-01-05	-0.021411000000000003	0.068886	0.069375	0.049291	-0.8741610000000001	3220100.0
2016-01-04	-0.012903	0.065973	0.074435	0.0505	-0.533691	1960300.0
2015-12-31	-0.00465	0.076418	0.086284	0.074252	-0.19323800000000002	1039200.0
2015-12-30	-0.015049000000000002	0.078707	0.084159	0.06733	-0.634907	1141600.0
2015-12-29	0.010579999999999999	0.098503	0.105689	0.092754	0.44167399999999996	2315800.0
2015-12-28	-0.011331	0.076346	0.078477	0.06829400000000001	-0.47847799999999996	1036200.0
2015-12-24	-0.007568999999999999	0.083945	0.08747100000000001	0.072429	-0.32205900000000004	834600.0
2015-12-23	0.039802	0.11975699999999999	0.130021	0.11267	1.628685	2586900.0
2015-12-22	-0.001347	0.086522	0.095552	0.083105	-0.05521	2527400.0
2015-12-21	0.004738	0.110551	0.113248	0.08406799999999999	0.193237	3031700.0
2015-12-18	-0.002925	0.092878	0.096545	0.08040900000000001	-0.119629	1910400.0
2015-12-17	-0.028627	0.081541	0.08201599999999999	0.053753999999999996	-1.205406	1743700.0
2015-12-16	0.0062450000000000006	0.091402	0.100961	0.07921399999999999	0.261326	1415800.0
2015-12-15	0.019443000000000002	0.125047	0.13527899999999998	0.121393	0.798091	1855100.0
2015-12-14	-0.006367	0.090288	0.10045499999999999	0.082784	-0.263011	2271800.0
2015-12-11	-0.025251	0.10263399999999999	0.10263399999999999	0.070779	-1.07016	3402200.0
2015-12-10	0.0015	0.10925	0.12673800000000002	0.103815	0.06348	1830700.0
2015-12-09	0.011709	0.121521	0.14519	0.106459	0.489738	1753800.0
2015-12-08	-0.011361	0.08467000000000001	0.103343	0.078997	-0.480667	2354300.0
2015-12-07	-0.024467	0.075425	0.075886	0.062282000000000004	-1.0610959999999998	2486800.0
2015-12-04	-0.008707	0.091205	0.093034	0.07291900000000001	-0.380909	2288300.0
2015-12-03	-0.006794	0.121022	0.12170299999999999	0.08969400000000001	-0.299282	2362500.0
2015-12-02	-0.021358000000000002	0.103522	0.111076	0.079084	-0.9613379999999999	3365600.0
2015-12-01	0.00364	0.10553299999999999	0.113783	0.10307999999999999	0.16325	1494200.0
2015-11-30	0.004469	0.113384	0.11764000000000001	0.10756099999999999	0.199516	1457600.0
2015-11-27	0.006543000000000001	0.11367999999999999	0.11548399999999999	0.109172	0.290219	1053400.0
2015-11-25	-0.0028539999999999998	0.099037	0.10668	0.09274299999999999	-0.12696500000000002	868300.0
2015-11-24	0.011757	0.10399800000000001	0.122421	0.103316	0.516941	1297600.0
2015-11-23	-0.015235	0.085387	0.091211	0.08046	-0.680195	1189300.0
2015-11-20	-0.011048	0.10529200000000001	0.1095	0.086243	-0.49879799999999996	1373300.0
2015-11-19	-0.001605	0.09865299999999999	0.10794100000000001	0.096884	-0.072556	1008500.0
2015-11-18	0.01859	0.121555	0.128538	0.110293	0.825299	1467000.0
2015-11-17	-0.002445	0.10510599999999999	0.11252100000000001	0.096117	-0.10883	2155900.0
2015-11-16	0.021228	0.099651	0.128335	0.098044	0.925057	2223200.0
2015-11-13	-0.001662	0.091637	0.10263399999999999	0.08087000000000001	-0.072556	1366800.0
2015-11-12	-0.020554	0.08557999999999999	0.099941	0.079971	-0.9159930000000001	1966100.0
2015-11-11	-0.008875	0.103968	0.10619200000000001	0.091291	-0.399044	2169300.0
2015-11-10	0.00101	0.091503	0.10664100000000001	0.089054	0.045353	1037400.0
2015-11-09	-0.009598	0.101531	0.10594100000000001	0.08631799999999999	-0.43531800000000004	1018100.0
2015-11-06	-0.002195	0.094054	0.100214	0.08393400000000001	-0.099773	780500.0
2015-11-05	-0.002587	0.099123	0.108119	0.09166200000000001	-0.117897	1349000.0
2015-11-04	-0.009852	0.098723	0.10372	0.085252	-0.45346099999999995	1151400.0
2015-11-03	0.021949	0.10552	0.136605	0.101524	0.988548	2194000.0
2015-11-02	0.02965	0.117951	0.135326	0.116122	1.2968950000000001	1346700.0
2015-10-30	-0.004541	0.102861	0.110144	0.09762699999999999	-0.199524	1183700.0
2015-10-29	-0.002881	0.087203	0.104449	0.086749	-0.126969	1036700.0
2015-10-28	0.007882	0.10332000000000001	0.130537	0.096001	0.34463499999999997	1438800.0
2015-10-27	-0.01411	0.08031100000000001	0.09293799999999999	0.07489900000000001	-0.6257739999999999	2816500.0
2015-10-26	-0.029568999999999998	0.08294	0.083378	0.069154	-1.351315	1775900.0
2015-10-23	-0.007289	0.09112100000000001	0.096117	0.083518	-0.335563	1352300.0
2015-10-22	0.008143000000000001	0.101758	0.11226900000000001	0.100225	0.371841	1453600.0
2015-10-21	-0.001982	0.112469	0.11531	0.0987	-0.09069400000000001	3215900.0
2015-10-20	-0.008061	0.08355599999999999	0.09786399999999999	0.080737	-0.371834	1248200.0
2015-10-19	-0.021358000000000002	0.083114	0.083751	0.070596	-1.00668	1709300.0
2015-10-16	0.002508	0.106675	0.108802	0.094764	0.117901	797800.0
2015-10-15	0.0050409999999999995	0.098572	0.11161199999999999	0.094938	0.235794	868400.0
2015-10-14	0.013359999999999999	0.10675	0.118881	0.1035	0.616707	1103300.0
2015-10-13	-0.008763	0.075793	0.10156	0.074504	-0.408104	1142000.0
2015-10-12	-0.000973	0.103277	0.103921	0.094696	-0.045357	1134200.0
2015-10-09	-0.0038759999999999997	0.116096	0.118447	0.0943	-0.181381	1742000.0
2015-10-08	0.007026	0.092735	0.114684	0.088862	0.326489	2013800.0
2015-10-07	0.027471	0.14818	0.150834	0.125849	1.242473	6086200.0
2015-10-06	0.033575	0.119316	0.150853	0.118402	1.469216	2505300.0
2015-10-05	0.022246000000000002	0.130901	0.137442	0.12319100000000001	0.9522700000000001	2647900.0
2015-10-02	0.045404	0.11924000000000001	0.156605	0.11704200000000001	1.859177	2157400.0
2015-10-01	0.009840999999999999	0.14233900000000002	0.145792	0.106826	0.399044	2513600.0
2015-09-30	0.017292	0.122704	0.128475	0.11869	0.689258	3537100.0
2015-09-29	0.022093	0.125199	0.136738	0.11725	0.861576	4958400.0
2015-09-28	-0.031313	0.076304	0.081768	0.061648	-1.26062	2675800.0
2015-09-25	0.004526	0.1201	0.12259500000000001	0.09889099999999999	0.18138900000000002	2697700.0
2015-09-24	0.007065000000000001	0.105649	0.11494700000000001	0.096352	0.281143	3621900.0
2015-09-23	0.002009	0.132294	0.132294	0.104849	0.079808	2694400.0
2015-09-22	-0.023490999999999998	0.088977	0.09610700000000001	0.081109	-0.955391	2969300.0
2015-09-21	-0.013856	0.11438	0.118744	0.099105	-0.571453	3566100.0
2015-09-18	-0.03267	0.085713	0.09134199999999999	0.078911	-1.392907	2861600.0
2015-09-17	0.005898	0.117362	0.14213399999999998	0.11547400000000001	0.250008	1984700.0
2015-09-16	0.02086	0.128868	0.149582	0.127423	0.866108	2816500.0
2015-09-15	0.033563	0.13564	0.159288	0.13439500000000001	1.348263	2739900.0
2015-09-14	-0.002881	0.111269	0.124177	0.106553	-0.11607	1669900.0
2015-09-11	-0.00022200000000000003	0.12318299999999999	0.12492	0.11251199999999999	-0.008934000000000001	1764200.0
2015-09-10	0.01143	0.130499	0.141794	0.1182	0.455376	1546700.0
2015-09-09	-0.013923	0.138272	0.14347000000000001	0.10139400000000001	-0.562527	1499600.0
2015-09-08	0.025845	0.147124	0.148901	0.137476	1.0178989999999999	3017700.0
2015-09-04	-0.031188	0.09412899999999999	0.099786	0.082813	-1.267907	3293400.0
2015-09-03	-0.000659	0.119219	0.142572	0.11676099999999999	-0.026794	898500.0
2015-09-02	0.003967	0.128348	0.13081600000000002	0.10194099999999999	0.16073199999999999	3367300.0
2015-09-01	-0.021983000000000003	0.10644	0.10837100000000001	0.085924	-0.910755	1558900.0
2015-08-31	0.006726	0.10270399999999999	0.12749000000000002	0.093713	0.276798	1601800.0
2015-08-28	0.018113999999999998	0.127379	0.149892	0.127379	0.73217	3857400.0
2015-08-27	0.06118099999999999	0.16511199999999998	0.203704	0.161437	2.330449	4489600.0
2015-08-26	-0.001872	0.150615	0.151401	0.072528	-0.071434	18279200.0
2015-08-25	-0.023532	0.160896	0.162176	0.08848400000000001	-0.9196780000000001	6626400.0
2015-08-24	-0.049098	0.072025	0.093436	0.047694	-2.017925	5642400.0
2015-08-21	-0.020638999999999998	0.12496099999999999	0.129965	0.096843	-0.8661200000000001	3118800.0
2015-08-20	-0.014262	0.12347999999999999	0.12958699999999998	0.103984	-0.607159	1767800.0
2015-08-19	-0.0070799999999999995	0.11575899999999999	0.120657	0.101299	-0.303581	1805700.0
2015-08-18	-0.0194	0.105549	0.10875	0.098001	-0.848247	903200.0
2015-08-17	-0.001835	0.11630399999999999	0.127718	0.110597	-0.08036499999999999	695600.0
2015-08-14	-0.001831	0.11631099999999998	0.12451400000000001	0.111526	-0.08036	874600.0
2015-08-13	-0.029232	0.095624	0.096952	0.087219	-1.321476	1062100.0
2015-08-12	-0.004718	0.100142	0.119957	0.08891399999999999	-0.21429099999999998	2242100.0
2015-08-11	0.009125	0.127288	0.130177	0.114847	0.410725	2684700.0
2015-08-10	0.011640000000000001	0.12063099999999999	0.13681300000000002	0.119058	0.517876	1586500.0
2015-08-07	0.004232	0.134628	0.14027	0.12424500000000001	0.18751099999999998	2211200.0
2015-08-06	0.012033	0.12680999999999998	0.137774	0.119728	0.526806	2211100.0
2015-08-05	0.0076040000000000005	0.136298	0.143663	0.12156800000000001	0.330368	1698800.0
2015-08-04	0.001235	0.127331	0.13078800000000002	0.115578	0.053578	1117400.0
2015-08-03	-0.013999000000000001	0.11791199999999999	0.11882100000000001	0.104279	-0.616101	3223800.0
2015-07-31	0.001829	0.135208	0.135436	0.117225	0.080364	1614200.0
2015-07-30	0.004902	0.13253800000000002	0.134597	0.115382	0.21429099999999998	1012900.0
2015-07-29	0.018091	0.115066	0.14115	0.115066	0.776814	2952900.0
2015-07-28	0.016058000000000003	0.12161300000000001	0.13794	0.11711700000000001	0.6786	1610400.0
2015-07-27	-0.0119	0.11832000000000001	0.11855399999999999	0.104525	-0.508949	2168200.0
2015-07-24	-0.018241	0.115825	0.11766099999999999	0.098839	-0.79467	3669000.0
2015-07-23	-0.001024	0.121333	0.12981700000000002	0.117664	-0.044644	1169000.0
2015-07-22	-0.010936	0.103627	0.10770899999999999	0.096596	-0.482162	1653900.0
2015-07-21	0.007755	0.130928	0.13961300000000001	0.126814	0.339298	2340900.0
2015-07-20	-0.007896	0.122678	0.124946	0.11111300000000002	-0.348229	862700.0
2015-07-17	-0.0030280000000000003	0.129226	0.129452	0.114531	-0.133937	1002800.0
2015-07-16	0.007115000000000001	0.137716	0.142269	0.127926	0.312515	1549300.0
2015-07-15	-0.015018	0.115023	0.118163	0.098652	-0.66967	694300.0
2015-07-14	0.020016	0.12796300000000002	0.142374	0.125904	0.875034	2004900.0
2015-07-13	-0.015681999999999998	0.111175	0.114103	0.102394	-0.696457	933700.0
2015-07-10	0.045397	0.17927300000000002	0.17998	0.154558	1.9286459999999999	2603300.0
2015-07-09	0.017319	0.146058	0.15324200000000002	0.132888	0.723248	1128600.0
2015-07-08	-0.015783000000000002	0.10534500000000001	0.109822	0.09026100000000001	-0.669674	1130900.0
2015-07-07	0.005927	0.10857699999999999	0.130625	0.090559	0.250004	1833800.0
2015-07-06	-0.028183	0.096687	0.10659400000000001	0.084245	-1.223252	1178300.0
2015-07-02	0.007879	0.136676	0.14155299999999998	0.128549	0.339302	606100.0
2015-07-01	-0.019117	0.115629	0.11585699999999999	0.095585	-0.8393209999999999	892000.0
2015-06-30	-0.01146	0.119957	0.119957	0.092712	-0.508953	1489300.0
2015-06-29	-0.045114	0.074806	0.089426	0.065346	-2.098289	1440200.0
2015-06-26	0.004629	0.128381	0.131405	0.11498900000000001	0.21429	711900.0
2015-06-25	-0.000193	0.12514	0.12514	0.114126	-0.008926	599100.0
2015-06-24	0.002125	0.119524	0.12947899999999998	0.119308	0.098213	972500.0
2015-06-23	0.006614	0.118868	0.127799	0.118868	0.303589	557500.0
2015-06-22	0.030467	0.152507	0.167323	0.14599700000000002	1.357193	1317100.0
2015-06-19	-0.005581	0.118841	0.123305	0.11236700000000001	-0.250008	567100.0
2015-06-18	-0.000598	0.12308	0.14561300000000002	0.11928699999999999	-0.026794	1006200.0
2015-06-17	0.013937	0.133529	0.138506	0.12063499999999999	0.6161	3808600.0
2015-06-16	-0.004023	0.10396099999999998	0.11882999999999999	0.10328499999999999	-0.178573	2078200.0
2015-06-15	-0.004804999999999999	0.10157100000000001	0.11726600000000001	0.100899	-0.21429499999999999	930700.0
2015-06-12	-0.021738999999999998	0.09626799999999999	0.104822	0.08574	-0.9911120000000001	765000.0
2015-06-11	0.006108	0.129667	0.135405	0.119074	0.27679899999999996	665100.0
2015-06-10	0.026082	0.150299	0.162527	0.14418599999999998	1.151832	1049800.0
2015-06-09	-0.006229	0.109831	0.12063199999999999	0.10397999999999999	-0.276798	868700.0
2015-06-08	-0.005594	0.108768	0.116377	0.10451700000000001	-0.25001100000000004	1665500.0
2015-06-05	-0.0029879999999999998	0.101439	0.12241099999999999	0.099878	-0.133942	1325300.0
2015-06-04	-0.017228	0.110529	0.126973	0.100662	-0.785744	823700.0
2015-06-03	0.006166	0.12972999999999998	0.14076	0.126862	0.27948	871700.0
2015-06-02	0.02104	0.154175	0.165663	0.152373	0.934082	1066200.0
2015-06-01	-0.002179	0.135927	0.137725	0.12401500000000001	-0.09693500000000001	809900.0
2015-05-29	-0.013096	0.13125499999999998	0.13768699999999998	0.11728	-0.5904050000000001	1059600.0
2015-05-28	-0.008143000000000001	0.12336300000000001	0.128643	0.109723	-0.37011700000000003	1088800.0
2015-05-27	0.016755000000000003	0.134132	0.159186	0.13211900000000001	0.749028	2368400.0
2015-05-26	-0.033714	0.11448499999999999	0.114701	0.096112	-1.559735	1371100.0
2015-05-22	-0.015009	0.12011300000000001	0.122455	0.11542899999999999	-0.704967	713500.0
2015-05-21	0.010426999999999999	0.13781500000000002	0.147066	0.135879	0.48466499999999996	587800.0
2015-05-20	0.008219	0.13935799999999998	0.148034	0.13437000000000002	0.378917	555200.0
2015-05-19	-0.008152	0.136095	0.138676	0.125553	-0.378917	1031800.0
2015-05-18	-0.014939	0.115731	0.121029	0.110857	-0.704968	779200.0
2015-05-15	0.002246	0.120361	0.137352	0.115051	0.105743	728700.0
2015-05-14	0.005646	0.147405	0.155522	0.138648	0.264359	1056500.0
2015-05-13	0.005679	0.157573	0.159935	0.135663	0.264362	1137800.0
2015-05-12	0.0009480000000000001	0.12856900000000002	0.138459	0.125559	0.044075	805100.0
2015-05-11	-0.018412	0.117498	0.121297	0.10821199999999999	-0.8724059999999999	900600.0
2015-05-08	0.021273	0.157866	0.162608	0.14924500000000002	0.9869540000000001	820300.0
2015-05-07	-0.02301	0.112272	0.11290399999999999	0.096479	-1.0926930000000001	1124000.0
2015-05-06	0.013923	0.151884	0.164268	0.145906	0.652088	1316400.0
2015-05-05	-0.011347	0.129315	0.137126	0.11960499999999999	-0.5375409999999999	1523300.0
2015-05-04	-0.010309	0.126865	0.131461	0.12018	-0.493476	1009200.0
2015-05-01	0.004067	0.132916	0.149277	0.124945	0.193866	813400.0
2015-04-30	-0.00036899999999999997	0.13228800000000002	0.14214300000000002	0.125578	-0.017616	814800.0
2015-04-29	-0.006608	0.120431	0.137512	0.111266	-0.317242	1836900.0
2015-04-28	0.023868	0.16636700000000001	0.168074	0.152718	1.119137	1871800.0
2015-04-27	0.025833999999999996	0.16412000000000002	0.172434	0.162151	1.180821	1813300.0
2015-04-24	-0.008601000000000001	0.12851400000000002	0.132635	0.11832000000000001	-0.396546	979000.0
2015-04-23	0.00596	0.130658	0.147677	0.12956700000000002	0.27317800000000003	1779300.0
2015-04-22	-0.004403	0.123725	0.130025	0.11438399999999999	-0.202678	1617200.0
2015-04-21	-0.007222	0.134157	0.137176	0.12208	-0.334862	1072900.0
2015-04-20	-0.003786	0.129003	0.142323	0.12728399999999998	-0.176239	1210100.0
2015-04-17	-0.007143000000000001	0.11816600000000001	0.128831	0.117099	-0.334862	1035200.0
2015-04-16	-0.002999	0.135442	0.13714300000000001	0.12097999999999999	-0.140995	905100.0
2015-04-15	0.025957	0.151168	0.164259	0.14615	1.1896360000000001	2473800.0
2015-04-14	0.018007	0.146576	0.15901500000000002	0.14435499999999998	0.810715	800600.0
2015-04-13	-0.006225	0.139439	0.14341199999999998	0.12774000000000002	-0.281994	768100.0
2015-04-10	0.002731	0.13436099999999998	0.142551	0.13214800000000002	0.123375	708700.0
2015-04-09	0.00965	0.14083800000000002	0.147989	0.137709	0.43179700000000004	1255800.0
2015-04-08	-0.008203	0.14522100000000002	0.146551	0.12106199999999999	-0.370109	2152700.0
2015-04-07	0.009464	0.151584	0.163442	0.145543	0.42297299999999993	1029000.0
2015-04-06	0.014197	0.141611	0.159991	0.141611	0.625668	694300.0
2015-04-02	0.005024	0.13913699999999998	0.141189	0.13161099999999998	0.22029899999999997	2975100.0
2015-04-01	0.002013	0.146229	0.150571	0.134346	0.088111	2454500.0
2015-03-31	-0.021285	0.111544	0.12138499999999999	0.107742	-0.951702	1508000.0
2015-03-30	-0.001574	0.139716	0.143512	0.131454	-0.070491	903600.0
2015-03-27	0.0017739999999999998	0.12160599999999999	0.138606	0.11534200000000001	0.0793	2467900.0
2015-03-26	-0.004122	0.135249	0.139259	0.11876400000000001	-0.18504400000000001	1935300.0
2015-03-25	-0.002546	0.141692	0.144136	0.127026	-0.11456300000000001	2344500.0
2015-03-24	-0.002344	0.140789	0.141676	0.12771	-0.10573900000000001	753800.0
2015-03-23	0.010661	0.151607	0.154968	0.142197	0.47584899999999997	1165800.0
2015-03-20	0.038336	0.168536	0.194824	0.163418	1.6478689999999998	2055900.0
2015-03-19	-0.01115	0.120081	0.126522	0.11317999999999999	-0.48467299999999996	746300.0
2015-03-18	0.042013999999999996	0.149642	0.18823499999999999	0.144128	1.7527279999999998	1440100.0
2015-03-17	0.011584	0.162959	0.16877899999999998	0.15883699999999998	0.477714	1082000.0
2015-03-16	0.006784999999999999	0.145949	0.159132	0.142287	0.277943	895400.0
2015-03-13	-0.022387999999999998	0.12984	0.13198800000000002	0.112417	-0.9380569999999999	1560200.0
2015-03-12	0.004790999999999999	0.170025	0.171703	0.152998	0.199772	1082500.0
2015-03-11	-0.009899	0.145146	0.14870799999999998	0.131375	-0.41691999999999996	2742200.0
2015-03-10	-0.038278	0.11843800000000002	0.12232	0.107249	-1.6763299999999999	2280100.0
2015-03-09	-0.006894	0.14995899999999998	0.15426800000000002	0.14338199999999998	-0.304005	1124400.0
2015-03-06	-0.026835	0.131237	0.134768	0.11998199999999999	-1.2159879999999998	1127200.0
2015-03-05	-0.012306000000000001	0.14914000000000002	0.149794	0.136062	-0.5645720000000001	939500.0
2015-03-04	-0.005086	0.139826	0.145464	0.13158499999999998	-0.234512	786100.0
2015-03-03	0.004541	0.141952	0.158944	0.13912	0.208454	951500.0
2015-03-02	-0.014544	0.146811	0.147241	0.129208	-0.6774859999999999	1263000.0
2015-02-27	0.012269	0.165445	0.178701	0.161968	0.564575	3951800.0
2015-02-26	-0.017433	0.129967	0.135732	0.126978	-0.8164560000000001	1158300.0
2015-02-25	0.008227	0.146368	0.162945	0.14055499999999999	0.382164	1403200.0
2015-02-24	0.023344999999999998	0.169165	0.184145	0.161674	1.059666	1157300.0
2015-02-23	-0.011725	0.137603	0.148489	0.13216	-0.538521	1263200.0
2015-02-20	0.013803999999999999	0.14536	0.170744	0.1394	0.625362	3832000.0
2015-02-19	-0.028678	0.12066099999999999	0.127092	0.11122699999999999	-1.337593	1855000.0
2015-02-18	-0.012868000000000001	0.137351	0.144124	0.128674	-0.6079939999999999	1479900.0
2015-02-17	0.004802000000000001	0.144727	0.15833699999999998	0.132393	0.225834	1123300.0
2015-02-13	-0.006606	0.14139100000000002	0.150475	0.13991199999999998	-0.312687	1188600.0
2015-02-12	0.022131	0.16384300000000002	0.180254	0.160604	1.02491	2401600.0
2015-02-11	-0.011677	0.132327	0.141716	0.12101600000000001	-0.547199	1067100.0
2015-02-10	0.0	0.15132	0.154947	0.130406	0.0	1096900.0
2015-02-09	0.005217	0.149174	0.17105499999999998	0.149174	0.243198	2040500.0
2015-02-06	-0.020799	0.14060699999999998	0.145438	0.126743	-0.990165	2549500.0
2015-02-05	0.013686000000000002	0.15983699999999998	0.176233	0.15493900000000002	0.642738	1521100.0
2015-02-04	-0.025063	0.122464	0.134712	0.114783	-1.20731	1685100.0
2015-02-03	0.031622000000000004	0.177447	0.196293	0.176376	1.4765629999999998	2259200.0
2015-02-02	0.043681	0.186858	0.20540999999999998	0.18596400000000002	1.954284	2039500.0
2015-01-30	-0.003097	0.140401	0.166249	0.138396	-0.138973	1975100.0
2015-01-29	0.021752	0.16202	0.17636300000000002	0.147449	0.9554290000000001	2184000.0
2015-01-28	-0.047646	0.127469	0.127469	0.09537999999999999	-2.197479	1646400.0
2015-01-27	0.007208	0.145423	0.160055	0.141274	0.330048	1484300.0
2015-01-26	0.029487	0.16683199999999998	0.19471	0.15873900000000002	1.311542	3108400.0
2015-01-23	-0.014244	0.13425499999999999	0.152206	0.13159500000000002	-0.642742	1321700.0
2015-01-22	0.0060030000000000005	0.151319	0.162021	0.142401	0.269253	2071000.0
2015-01-21	0.027252999999999996	0.159106	0.186361	0.1559	1.189941	4070200.0
2015-01-20	-0.012570999999999999	0.144535	0.145892	0.13074000000000002	-0.5558770000000001	1742400.0
2015-01-16	0.040041	0.165432	0.19742	0.165197	1.702396	3529700.0
2015-01-15	0.005546	0.167875	0.170713	0.147299	0.23450100000000001	4339500.0
2015-01-14	0.0032979999999999997	0.148947	0.163658	0.139218	0.138973	1830100.0
2015-01-13	0.0014449999999999999	0.16035	0.168904	0.140626	0.060801999999999995	1811300.0
2015-01-12	-0.003906	0.148953	0.158894	0.128833	-0.165023	2394800.0
2015-01-09	-0.019948	0.143896	0.145984	0.117914	-0.859883	2510300.0
2015-01-08	0.026899	0.17538	0.19634300000000002	0.167995	1.129143	2050500.0
2015-01-07	0.014058000000000001	0.166297	0.178617	0.155668	0.581936	2372100.0
2015-01-06	-0.008323	0.14916400000000002	0.170484	0.133353	-0.347431	4408500.0
2015-01-05	-0.060594	0.10541099999999999	0.10698599999999998	0.070079	-2.692558	4215000.0
2015-01-02	-0.000781	0.151545	0.155142	0.137153	-0.034741	1324700.0
2014-12-31	-0.006211	0.15132	0.152661	0.14037	-0.277939	1223700.0
2014-12-30	-0.023132	0.141714	0.143679	0.12468699999999999	-1.059658	2173300.0
2014-12-29	-0.007714	0.138106	0.156302	0.135723	-0.356117	2680500.0
2014-12-26	0.0018850000000000002	0.149583	0.161303	0.149149	0.08686100000000001	760200.0
2014-12-24	-0.005437	0.145492	0.152615	0.13362000000000002	-0.25188499999999997	856000.0
2014-12-23	0.016	0.161188	0.170179	0.158776	0.729599	2091100.0
2014-12-22	-0.015563999999999998	0.145491	0.145491	0.12347000000000001	-0.720917	1967800.0
2014-12-19	0.005847	0.14133099999999998	0.158051	0.135468	0.26926500000000003	2591600.0
2014-12-18	0.022565	0.174413	0.17818699999999998	0.15620499999999998	1.0162200000000001	2311000.0
2014-12-17	0.04917	0.16785999999999998	0.22680100000000003	0.16623	2.110626	2869800.0
2014-12-16	0.013951	0.14943	0.193839	0.143997	0.590618	3610000.0
2014-12-15	-0.027533999999999996	0.16877799999999998	0.174061	0.117552	-1.19862	3302300.0
2014-12-12	-0.021476	0.154916	0.16076	0.126369	-0.955425	1743100.0
2014-12-11	-0.010242	0.14308800000000002	0.161331	0.134856	-0.460346	2222100.0
2014-12-10	-0.022275	0.148731	0.149384	0.117408	-1.024033	2464900.0
2014-12-09	-0.007945	0.15168900000000002	0.17672100000000002	0.148883	-0.368191	1923100.0
2014-12-08	-0.024513999999999998	0.15313800000000002	0.155032	0.136929	-1.16452	1623600.0
2014-12-05	-0.007157999999999999	0.159931	0.164947	0.153452	-0.342495	1838300.0
2014-12-04	-0.011673000000000001	0.137096	0.156099	0.12945299999999998	-0.565132	2889000.0
2014-12-03	-0.00685	0.154129	0.171566	0.150641	-0.333939	2596900.0
2014-12-02	0.01353	0.183675	0.201348	0.179309	0.6507569999999999	3665000.0
2014-12-01	0.009706999999999999	0.17396099999999998	0.181519	0.163045	0.46238	1721900.0
2014-11-28	-0.068798	0.090653	0.09475900000000001	0.078924	-3.519226	2189700.0
2014-11-26	0.0	0.16689500000000002	0.17452	0.162399	0.0	891900.0
2014-11-25	-0.011418000000000001	0.153378	0.15879000000000001	0.145841	-0.590821	1021300.0
2014-11-24	0.007503	0.171378	0.176635	0.165926	0.385327	1053100.0
2014-11-21	0.020589	0.200264	0.206027	0.190924	1.036068	1885600.0
2014-11-20	0.004959000000000001	0.161083	0.175062	0.16028399999999998	0.248317	1326200.0
2014-11-19	0.00137	0.172873	0.175672	0.158474	0.06850099999999999	916200.0
2014-11-18	0.019909	0.186026	0.197243	0.180723	0.976131	1238400.0
2014-11-17	-0.000349	0.16583399999999998	0.17297	0.160125	-0.017124	571600.0
2014-11-14	0.005265	0.15803499999999998	0.178326	0.15742	0.256874	742500.0
2014-11-13	-0.0033229999999999996	0.15398199999999998	0.16480899999999998	0.152348	-0.162685	1303200.0
2014-11-12	-0.018878	0.146227	0.156449	0.140415	-0.941891	1207600.0
2014-11-11	0.0012029999999999999	0.15784	0.173291	0.152221	0.059944000000000004	665400.0
2014-11-10	0.001204	0.175507	0.178521	0.167471	0.059928999999999996	691100.0
2014-11-07	0.0017230000000000001	0.159823	0.16988599999999998	0.151974	0.085636	2397400.0
2014-11-06	0.005719	0.181232	0.184065	0.16483699999999998	0.282563	1472700.0
2014-11-05	0.013703	0.171977	0.190032	0.165001	0.6678810000000001	838100.0
2014-11-04	-0.020647	0.143157	0.145368	0.131503	-1.027508	1080100.0
2014-11-03	-0.029554	0.147203	0.149348	0.131408	-1.515576	1136300.0
2014-10-31	0.006893000000000001	0.163553	0.175923	0.15648499999999999	0.351059	959800.0
2014-10-30	0.014325	0.164487	0.185997	0.15911	0.7192609999999999	1029100.0
2014-10-29	0.009468	0.195416	0.203458	0.16727	0.470944	1188400.0
2014-10-28	0.026144	0.197168	0.204182	0.19036	1.267261	1231100.0
2014-10-27	-0.010487999999999999	0.15011300000000002	0.162974	0.145214	-0.513759	774600.0
2014-10-24	-0.008492	0.159777	0.16342	0.148037	-0.419563	1290900.0
2014-10-23	0.031831	0.19565	0.214864	0.193352	1.524143	1418300.0
2014-10-22	-0.018775	0.154348	0.160906	0.14348699999999998	-0.9162030000000001	1729300.0
2014-10-21	0.028515	0.185367	0.203704	0.182838	1.35289	3356600.0
2014-10-20	-0.00912	0.141767	0.157222	0.140514	-0.436687	1269500.0
2014-10-17	0.019508	0.203218	0.210883	0.184694	0.9161950000000001	1916100.0
2014-10-16	-0.007779	0.128155	0.169141	0.12646500000000002	-0.368191	2897500.0
2014-10-15	-0.013738	0.152454	0.158288	0.127868	-0.659317	2349700.0
2014-10-14	-0.014246	0.166024	0.173008	0.15020899999999998	-0.693577	2727900.0
2014-10-13	0.0072629999999999995	0.18856199999999998	0.194354	0.173873	0.351067	1965900.0
2014-10-10	-0.026724	0.150355	0.155792	0.13203099999999998	-1.327202	4689700.0
2014-10-09	-0.039258	0.141757	0.143111	0.12086400000000001	-2.029328	1884800.0
2014-10-08	0.01326	0.168657	0.186887	0.157092	0.676445	1489400.0
2014-10-07	-0.023278999999999998	0.151599	0.153131	0.139346	-1.215885	3136800.0
2014-10-06	0.0	0.168256	0.176871	0.162512	0.0	984000.0
2014-10-03	-0.018029	0.142869	0.151141	0.137605	-0.9589989999999999	1655200.0
2014-10-02	-0.024344	0.152282	0.15485	0.11706400000000002	-1.327202	3307900.0
2014-10-01	-0.012102	0.154101	0.160081	0.148122	-0.6678850000000001	1221500.0
2014-09-30	0.008292	0.177557	0.19308699999999998	0.173903	0.453819	1213700.0
2014-09-29	-0.012208	0.152352	0.15704400000000002	0.14765999999999999	-0.676445	683100.0
2014-09-26	0.024541	0.176009	0.199122	0.173235	1.3271979999999999	989000.0
2014-09-25	-0.017424000000000002	0.160242	0.16078699999999999	0.13989400000000002	-0.9590069999999999	1659200.0
2014-09-24	0.027329000000000003	0.18504500000000002	0.20595	0.180565	1.464199	1840200.0
2014-09-23	-0.015576	0.14913099999999999	0.158686	0.148948	-0.8476940000000001	1633100.0
2014-09-22	-0.000157	0.172466	0.17393599999999998	0.16456600000000002	-0.008556999999999999	1059000.0
2014-09-19	-0.008114	0.158944	0.1635	0.156393	-0.445263	1045800.0
2014-09-18	0.002989	0.164601	0.17136400000000002	0.16186	0.163544	1867700.0
2014-09-17	-0.010853	0.174922	0.177453	0.168413	-0.6003229999999999	1299300.0
2014-09-16	0.017418	0.179017	0.203296	0.178649	0.9469879999999999	1942700.0
2014-09-15	-0.002327	0.171869	0.181778	0.168933	-0.126828	906900.0
2014-09-12	-0.009984999999999999	0.172704	0.1767	0.166527	-0.5495869999999999	782400.0
2014-09-11	-0.001534	0.170905	0.180882	0.167277	-0.084553	963600.0
2014-09-10	-0.000919	0.181789	0.181971	0.174178	-0.050731	548600.0
2014-09-09	-0.002141	0.17690899999999998	0.183419	0.173654	-0.118378	451700.0
2014-09-08	-0.022568	0.166257	0.16767100000000001	0.153177	-1.276749	707300.0
2014-09-05	0.001797	0.180394	0.184821	0.173665	0.101467	432900.0
2014-09-04	0.005873	0.192848	0.20585100000000003	0.184121	0.329754	890300.0
2014-09-03	0.012657999999999999	0.19442	0.197847	0.190632	0.7017939999999999	831300.0
2014-09-02	-0.005913	0.183054	0.18431	0.169069	-0.32975	658500.0
2014-08-29	0.010726000000000001	0.197194	0.19936900000000002	0.186139	0.591862	682700.0
2014-08-28	-0.007151	0.177298	0.18071600000000002	0.173879	-0.397404	570900.0
2014-08-27	-0.002428	0.17641300000000001	0.180362	0.169951	-0.135285	711700.0
2014-08-26	0.013068999999999999	0.191424	0.201243	0.190878	0.718697	1228600.0
2014-08-25	0.022963	0.194601	0.20985399999999998	0.191996	1.234474	898000.0
2014-08-22	-0.020188	0.165016	0.165381	0.144967	-1.10765	2402600.0
2014-08-21	0.012167	0.18970599999999999	0.199483	0.18804500000000002	0.659519	2593300.0
2014-08-20	-0.004967	0.166542	0.181043	0.165257	-0.270569	1479500.0
2014-08-19	0.006876	0.183805	0.191752	0.18251099999999998	0.37204	1410800.0
2014-08-18	0.002506	0.18176900000000001	0.187513	0.176581	0.135269	739000.0
2014-08-15	-0.003901	0.190447	0.1934	0.16516199999999998	-0.211376	1461400.0
2014-08-14	-0.005278	0.18049300000000001	0.18196099999999998	0.174985	-0.287468	940200.0
2014-08-13	0.005149	0.186202	0.18878499999999998	0.179743	0.279022	649800.0
2014-08-12	-0.016119	0.161997	0.166355	0.15473499999999998	-0.88781	1026900.0
2014-08-11	0.001076	0.182696	0.192692	0.181605	0.059189	768400.0
2014-08-08	0.008525	0.190761	0.19901	0.181779	0.465046	1405500.0
2014-08-07	-0.005549	0.192722	0.195456	0.17011800000000002	-0.304394	759300.0
2014-08-06	0.006984000000000001	0.17994200000000002	0.199767	0.179391	0.38048200000000004	873000.0
2014-08-05	-0.016035	0.17529	0.179444	0.16066	-0.8878020000000001	753400.0
2014-08-04	0.012056	0.189825	0.19786800000000002	0.18196500000000002	0.659519	1405800.0
2014-08-01	0.003101	0.189113	0.19351400000000002	0.174261	0.169098	2027200.0
2014-07-31	-0.031968	0.159443	0.159443	0.140983	-1.800972	2980400.0
2014-07-30	-0.040052	0.15798800000000002	0.162248	0.12629500000000002	-2.350571	3050300.0
2014-07-29	0.00101	0.191906	0.197194	0.182354	0.059192999999999996	1179600.0
2014-07-28	0.007995	0.192668	0.19730999999999999	0.18475899999999998	0.465046	968100.0
2014-07-25	-0.013763	0.172522	0.174557	0.158279	-0.811707	721700.0
2014-07-24	0.007948	0.191925	0.195856	0.185943	0.46503500000000003	505500.0
2014-07-23	0.000868	0.18988	0.190393	0.180301	0.050727999999999995	802700.0
2014-07-22	0.023387	0.205803	0.213506	0.203703	1.3359450000000002	830800.0
2014-07-21	-0.008221	0.175403	0.17748699999999998	0.16811099999999998	-0.47350699999999996	946700.0
2014-07-18	0.020219	0.199523	0.206785	0.19509400000000002	1.141456	677100.0
2014-07-17	-0.02696	0.168735	0.179248	0.148569	-1.5642200000000002	1629700.0
2014-07-16	0.010902	0.20221	0.20238399999999998	0.195589	0.6257020000000001	1209400.0
2014-07-15	-0.022606	0.175203	0.176735	0.154427	-1.32748	1339200.0
2014-07-14	0.006668	0.193496	0.19760999999999998	0.188524	0.388942	755300.0
2014-07-11	-0.000869	0.183552	0.185779	0.17841300000000002	-0.050743	804100.0
2014-07-10	-0.015821	0.160275	0.16786099999999998	0.154375	-0.938534	1271400.0
2014-07-09	-0.002984	0.17614100000000002	0.186729	0.174124	-0.177555	870200.0
2014-07-08	-0.00971	0.180532	0.18203	0.16538599999999998	-0.583408	891700.0
2014-07-07	-0.014424000000000001	0.167441	0.169245	0.15973099999999998	-0.8793340000000001	788900.0
2014-07-03	-0.003042	0.176972	0.18106	0.1755	-0.186031	554700.0
2014-07-02	-0.006184	0.17635699999999999	0.178795	0.17164400000000002	-0.38048200000000004	899300.0
2014-07-01	0.007895000000000001	0.19334300000000001	0.197275	0.18826500000000002	0.48195299999999996	411900.0
2014-06-30	0.0	0.173522	0.18695499999999998	0.17254	0.0	671300.0
2014-06-27	0.000138	0.18204	0.183843	0.175815	0.008453	505300.0
2014-06-26	-0.012719	0.17202	0.172344	0.148405	-0.786346	1000100.0
2014-06-25	-0.001638	0.18221099999999998	0.184472	0.173814	-0.10145599999999999	760500.0
2014-06-24	-0.008662999999999999	0.187818	0.188138	0.17181	-0.541145	2320100.0
2014-06-23	0.009290000000000001	0.193521	0.19755999999999999	0.18948199999999998	0.574959	870700.0
2014-06-20	0.006324000000000001	0.193752	0.196028	0.190175	0.388946	766400.0
2014-06-19	0.010558	0.199126	0.205206	0.19436099999999998	0.642586	1033600.0
2014-06-18	0.014088999999999999	0.195359	0.20135699999999998	0.19186	0.845535	825700.0
2014-06-17	-0.006161	0.16828900000000002	0.180543	0.166633	-0.372028	901000.0
2014-06-16	-0.002514	0.18087899999999998	0.18418299999999999	0.175428	-0.15217999999999998	667900.0
2014-06-13	0.009588	0.194536	0.197204	0.191368	0.5749479999999999	608600.0
2014-06-12	0.011265	0.19079100000000002	0.201752	0.19028499999999998	0.6679649999999999	796600.0
2014-06-11	-0.005529999999999999	0.17749700000000002	0.178503	0.172801	-0.329762	542600.0
2014-06-10	-0.001982	0.17415899999999998	0.18035199999999998	0.17215	-0.11838499999999999	562700.0
2014-06-09	-0.004508	0.17436400000000002	0.181029	0.17086500000000002	-0.27055799999999997	671900.0
2014-06-06	0.009673000000000001	0.190434	0.196995	0.186397	0.574951	617200.0
2014-06-05	0.025529	0.20236400000000002	0.21564899999999998	0.196498	1.479676	1541200.0
2014-06-04	-0.018611000000000003	0.170674	0.172198	0.160684	-1.0991819999999999	1086300.0
2014-06-03	-0.002997	0.177125	0.180839	0.175099	-0.177563	634400.0
2014-06-02	0.008783	0.195127	0.195468	0.188997	0.515778	415100.0
2014-05-30	-0.004729	0.180153	0.185238	0.177103	-0.279019	689500.0
2014-05-29	0.001866	0.182695	0.18524300000000002	0.179979	0.10990499999999999	689500.0
2014-05-28	-0.007439	0.171201	0.176932	0.167493	-0.441356	866600.0
2014-05-27	-0.004207	0.190106	0.195477	0.187757	-0.250656	761600.0
2014-05-23	0.0036590000000000004	0.19884100000000002	0.202715	0.19564	0.217227	624200.0
2014-05-22	-0.000563	0.19446300000000002	0.19884000000000002	0.19261099999999998	-0.033412	620300.0
2014-05-21	0.010519	0.212981	0.21383200000000002	0.207707	0.618301	1346400.0
2014-05-20	-0.011244	0.188914	0.191269	0.181176	-0.668438	1171600.0
2014-05-19	0.002113	0.207608	0.20811300000000002	0.19833599999999998	0.125332	1524100.0
2014-05-16	0.010101	0.20993	0.21486799999999998	0.204992	0.5932390000000001	982600.0
2014-05-15	-0.009302	0.19395199999999999	0.19428900000000002	0.179276	-0.551453	1108000.0
2014-05-14	-0.00463	0.19228599999999998	0.197827	0.189599	-0.27574499999999996	1507800.0
2014-05-13	-0.006966	0.19031700000000001	0.191484	0.182147	-0.417775	1091900.0
2014-05-12	0.002234	0.20183199999999998	0.203504	0.196318	0.133687	1748500.0
2014-05-09	-0.015262000000000001	0.18809800000000002	0.188756	0.17657899999999999	-0.927456	1039800.0
2014-05-08	0.013659000000000001	0.211498	0.22634400000000002	0.207161	0.81884	1687300.0
2014-05-07	0.016000999999999998	0.213258	0.22071500000000002	0.20868299999999998	0.9441719999999999	1042800.0
2014-05-06	-0.004932	0.198674	0.19918	0.18771300000000002	-0.292443	1051700.0
2014-05-05	0.007095000000000001	0.191724	0.20667	0.189686	0.417774	673700.0
2014-05-02	-0.005504	0.189726	0.196144	0.18651700000000002	-0.325855	3239500.0
2014-05-01	-0.005334	0.191108	0.19278800000000001	0.18438800000000002	-0.31751599999999996	1068100.0
2014-04-30	0.012795	0.21009099999999997	0.21485500000000002	0.195118	0.751995	3414300.0
2014-04-29	0.009472	0.21021700000000001	0.226018	0.20695300000000003	0.551453	2126200.0
2014-04-28	0.017225999999999998	0.20939899999999997	0.219358	0.204507	0.98595	2719800.0
2014-04-25	-0.000146	0.199265	0.20188499999999998	0.194199	-0.008357999999999999	825400.0
2014-04-24	0.007648	0.20967	0.215655	0.200692	0.43449399999999994	1434200.0
2014-04-23	-0.009614	0.195599	0.196819	0.180606	-0.5514680000000001	811000.0
2014-04-22	0.006156	0.20102899999999999	0.20418699999999998	0.198924	0.350929	977400.0
2014-04-21	0.002203	0.200159	0.201917	0.197347	0.125325	342100.0
2014-04-17	0.004575	0.198232	0.207416	0.197349	0.259033	1534600.0
2014-04-16	0.000443	0.20052999999999999	0.201413	0.191166	0.025065999999999998	572000.0
2014-04-15	0.000147	0.20706799999999997	0.20706799999999997	0.185864	0.008347	845000.0
2014-04-14	0.022956999999999998	0.21399200000000002	0.22971799999999998	0.21344899999999997	1.2700420000000001	735000.0
2014-04-11	0.003486	0.197545	0.20879099999999998	0.192829	0.192169	574100.0
2014-04-10	-0.018885	0.190057	0.19237	0.171014	-1.061145	739700.0
2014-04-09	0.010822	0.21211	0.215348	0.20617399999999997	0.601604	1126400.0
2014-04-08	0.014331	0.205761	0.215979	0.20211099999999999	0.785412	715200.0
2014-04-07	-0.010112000000000001	0.196097	0.19826400000000002	0.182369	-0.559826	648500.0
2014-04-04	0.0068379999999999995	0.20973200000000003	0.213914	0.20336600000000002	0.37600700000000004	591200.0
2014-04-03	0.000152	0.200639	0.203004	0.195364	0.008351	1062000.0
2014-04-02	-0.00303	0.197363	0.19935799999999998	0.190835	-0.167107	512900.0
2014-04-01	0.006097	0.203752	0.20721900000000001	0.20138	0.33421300000000004	554300.0
2014-03-31	-0.005759	0.19808900000000002	0.202624	0.186661	-0.31750900000000004	621800.0
2014-03-28	0.007481999999999999	0.204678	0.20815	0.20084000000000002	0.40942399999999995	570900.0
2014-03-27	0.005527000000000001	0.202148	0.212071	0.200678	0.300797	624700.0
2014-03-26	0.005403	0.20661100000000002	0.21086100000000002	0.202362	0.292446	663700.0
2014-03-25	0.010293	0.20185899999999998	0.211565	0.195139	0.551449	1266600.0
2014-03-24	0.004386	0.213504	0.21369200000000002	0.193632	0.23395100000000002	1431900.0
2014-03-21	0.001098	0.198696	0.21539899999999998	0.197195	0.058495000000000005	1342800.0
2014-03-20	-0.007934	0.17969000000000002	0.19775	0.179504	-0.426125	1039100.0
2014-03-19	-0.009918999999999999	0.207069	0.20965	0.17739000000000002	-0.538089	885600.0
2014-03-18	0.01592	0.226847	0.240331	0.221229	0.850059	1002000.0
2014-03-17	0.015061000000000001	0.22802600000000003	0.23505900000000002	0.225554	0.7922859999999999	1110600.0
2014-03-14	0.011746	0.219948	0.235719	0.21802399999999997	0.610725	1062900.0
2014-03-13	-0.018386000000000003	0.22432600000000003	0.22432600000000003	0.1894	-0.9738610000000001	1393800.0
2014-03-12	0.00344	0.205994	0.222097	0.203531	0.181568	1546800.0
2014-03-11	-0.008526	0.213556	0.219191	0.201347	-0.45391099999999995	788800.0
2014-03-10	-0.00031	0.21073899999999998	0.21318	0.20041099999999998	-0.016502	654400.0
2014-03-07	-0.006007	0.214477	0.21559699999999998	0.19450599999999998	-0.321873	739800.0
2014-03-06	0.00542	0.213929	0.22500100000000003	0.21374200000000002	0.288853	3445100.0
2014-03-05	0.008591	0.212245	0.223223	0.21111	0.45391800000000004	1321300.0
2014-03-04	0.007871	0.233996	0.234949	0.22121500000000002	0.41264300000000004	996500.0
2014-03-03	-0.021263	0.196181	0.20066199999999998	0.180312	-1.138916	1020400.0
2014-02-28	0.021404	0.22960300000000003	0.238947	0.22674299999999997	1.122426	2973300.0
2014-02-27	0.0018920000000000002	0.21110399999999999	0.216072	0.20823899999999998	0.09904099999999999	1200300.0
2014-02-26	0.0018960000000000001	0.21895100000000003	0.22067399999999998	0.211677	0.099025	1534700.0
2014-02-25	0.002375	0.21532300000000001	0.22453299999999998	0.20995100000000003	0.123795	1046500.0
2014-02-24	0.014131999999999999	0.224715	0.23736300000000002	0.22335300000000002	0.7262689999999999	1047600.0
2014-02-21	0.013838999999999999	0.23160300000000003	0.23594299999999999	0.22824899999999998	0.701511	1135000.0
2014-02-20	0.008373	0.221624	0.22560300000000003	0.21685	0.42090200000000005	710600.0
2014-02-19	0.000657	0.215261	0.220635	0.20988600000000002	0.033009	813000.0
2014-02-18	-0.0026219999999999998	0.212869	0.21406	0.20592	-0.132046	737800.0
2014-02-14	0.013787	0.219125	0.231	0.21751399999999999	0.684998	1382300.0
2014-02-13	0.005176	0.212689	0.2224	0.211677	0.255836	2329800.0
2014-02-12	0.012511	0.21475	0.22888499999999998	0.21352100000000002	0.610729	1911500.0
2014-02-11	0.012322	0.21520300000000003	0.235733	0.21375100000000002	0.59422	684000.0
2014-02-10	-0.008148	0.208592	0.208798	0.201599	-0.396149	772300.0
2014-02-07	0.018147	0.21460900000000002	0.237017	0.21272399999999997	0.866569	1988700.0
2014-02-06	0.019559	0.229185	0.244558	0.22769099999999998	0.916085	836200.0
2014-02-05	0.002827	0.212106	0.21810100000000002	0.210179	0.132053	908000.0
2014-02-04	0.006939	0.212108	0.22051700000000002	0.208012	0.321857	2396000.0
2014-02-03	-0.016967	0.21040599999999998	0.213373	0.187728	-0.8005399999999999	914300.0
2014-01-31	-0.019719	0.175111	0.191109	0.17386500000000002	-0.949089	1041200.0
2014-01-30	0.009695	0.22636199999999998	0.226991	0.213775	0.46217299999999994	1132300.0
2014-01-29	-0.011467	0.190111	0.20649299999999998	0.18720799999999999	-0.552959	894500.0
2014-01-28	0.012125	0.220912	0.228888	0.21776399999999999	0.577705	1131600.0
2014-01-27	-0.010116	0.20669099999999999	0.210223	0.19734200000000002	-0.48691899999999994	1781800.0
2014-01-24	-0.029294999999999998	0.199173	0.199577	0.176182	-1.452546	973300.0
2014-01-23	-0.000831	0.215304	0.215506	0.20260899999999998	-0.041263	1446200.0
2014-01-22	0.002334	0.21753499999999998	0.220362	0.211071	0.115547	910900.0
2014-01-21	0.010443000000000001	0.233923	0.234535	0.217596	0.511688	847800.0
2014-01-17	-0.0031899999999999997	0.214119	0.219408	0.20577800000000002	-0.15681099999999998	837700.0
2014-01-16	-0.000336	0.210457	0.21167800000000003	0.202526	-0.016498	531900.0
2014-01-15	0.0	0.202933	0.21472800000000003	0.201712	0.0	842300.0
2014-01-14	0.017418	0.218298	0.236921	0.21354	0.841801	1049700.0
2014-01-13	-0.015633	0.197624	0.202308	0.187032	-0.767529	998600.0
2014-01-10	0.009845999999999999	0.225458	0.228338	0.22175599999999998	0.47867600000000005	687000.0
2014-01-09	-0.000678	0.217022	0.21948800000000002	0.20592199999999997	-0.033009	834200.0
2014-01-08	-0.010906	0.199683	0.205375	0.196633	-0.536442	945100.0
2014-01-07	0.002861	0.21330900000000003	0.22187199999999999	0.21167800000000003	0.140301	521300.0
2014-01-06	-0.00302	0.21472600000000003	0.215336	0.203547	-0.148559	648700.0
2014-01-03	-0.007658	0.207643	0.20905500000000002	0.197759	-0.379639	1044200.0
2014-01-02	-0.019586000000000003	0.188737	0.18933	0.178058	-0.9903719999999999	997000.0
2013-12-31	0.00229	0.211875	0.21762399999999998	0.211281	0.11554400000000001	454700.0
2013-12-30	-0.002448	0.212666	0.21484099999999998	0.20495500000000003	-0.12378299999999999	639000.0
2013-12-27	0.016589	0.23298400000000002	0.2362	0.227557	0.82529	1416700.0
2013-12-26	0.001163	0.210671	0.217513	0.210671	0.05778099999999999	389900.0
2013-12-24	0.0029980000000000002	0.215714	0.215916	0.211274	0.14854900000000001	248500.0
2013-12-23	0.00823	0.22348099999999999	0.228568	0.220225	0.404403	1158600.0
2013-12-20	0.009666	0.21681399999999998	0.22852600000000003	0.21578699999999998	0.47041700000000003	874900.0
2013-12-19	0.0046	0.211265	0.221173	0.21023200000000003	0.22283200000000003	917200.0
2013-12-18	0.019097	0.22156399999999998	0.239235	0.21798800000000002	0.9078370000000001	1228200.0
2013-12-17	0.001565	0.21568099999999998	0.21884099999999998	0.21062399999999998	0.07428	810300.0
2013-12-16	0.017336	0.235898	0.24490100000000004	0.232683	0.808796	1182800.0
2013-12-13	-0.00106	0.211463	0.212748	0.202685	-0.049519	825400.0
2013-12-12	-0.007367	0.209552	0.210827	0.1985	-0.34663	1048800.0
2013-12-11	-0.010483	0.213696	0.21495799999999998	0.19350699999999998	-0.498478	1297700.0
2013-12-10	0.002746	0.228417	0.23200300000000001	0.22314499999999998	0.130222	1592700.0
2013-12-09	-0.015546	0.224476	0.225307	0.200809	-0.7488060000000001	3609300.0
2013-12-06	0.012143000000000001	0.234722	0.24354800000000001	0.229679	0.5778810000000001	869100.0
2013-12-05	-0.006288	0.222991	0.229881	0.214221	-0.301147	1157500.0
2013-12-04	-0.009428	0.206083	0.217459	0.204014	-0.45579899999999995	1032100.0
2013-12-03	-0.010495	0.221056	0.223307	0.212664	-0.512761	1046400.0
2013-12-02	-0.004808	0.223129	0.23229499999999997	0.22211	-0.23603400000000002	537800.0
2013-11-29	-0.004785	0.22254699999999997	0.231264	0.220925	-0.236042	624100.0
2013-11-27	0.003643	0.23981799999999998	0.241242	0.229239	0.179062	541700.0
2013-11-26	-0.000662	0.233305	0.234118	0.22395199999999998	-0.032555	647900.0
2013-11-25	-0.0036270000000000004	0.22538699999999998	0.22599499999999997	0.21971500000000002	-0.179058	514100.0
2013-11-22	0.011508	0.23621	0.24789	0.23498000000000002	0.5616	709600.0
2013-11-21	0.007562	0.232344	0.241429	0.23069299999999998	0.36626	575400.0
2013-11-20	-0.002514	0.2311	0.23913099999999998	0.22245	-0.12208499999999999	579500.0
2013-11-19	-0.003674	0.22801300000000002	0.23006500000000002	0.221242	-0.179062	731300.0
2013-11-18	-0.0005009999999999999	0.238472	0.242164	0.22801300000000002	-0.024413999999999998	703100.0
2013-11-15	0.007229000000000001	0.233379	0.238337	0.22883499999999998	0.349983	850400.0
2013-11-14	0.0033740000000000003	0.22510500000000003	0.23526	0.223654	0.162777	697800.0
2013-11-13	0.009365	0.22653600000000002	0.242017	0.22402600000000003	0.44765900000000003	369500.0
2013-11-12	-0.005419	0.228836	0.23174899999999998	0.22196999999999997	-0.26045999999999997	1184700.0
2013-11-11	0.003058	0.232594	0.235933	0.229463	0.146511	778700.0
2013-11-08	-0.002204	0.21300999999999998	0.225921	0.21092800000000003	-0.10581600000000001	1468900.0
2013-11-07	-0.021883	0.218648	0.21905500000000003	0.201131	-1.07436	1155500.0
2013-11-06	0.01259	0.24100300000000002	0.247191	0.23646599999999998	0.610436	1458300.0
2013-11-05	-0.013415	0.213571	0.21601199999999998	0.20644899999999997	-0.6592720000000001	1652000.0
2013-11-04	0.0021579999999999998	0.22210300000000002	0.23168699999999998	0.22128699999999998	0.10580899999999999	2139200.0
2013-11-01	-0.015201	0.216177	0.21818600000000002	0.205936	-0.756939	1990200.0
2013-10-31	-0.006173	0.22144299999999997	0.231422	0.21366	-0.309296	1269200.0
2013-10-30	-0.007097	0.234771	0.237546	0.21990900000000002	-0.35812	803900.0
2013-10-29	0.009279	0.240029	0.243429	0.23442800000000003	0.46393199999999996	1170600.0
2013-10-28	0.0013039999999999998	0.22662600000000002	0.236839	0.22522399999999998	0.065113	848100.0
2013-10-25	0.012209000000000001	0.253764	0.25417	0.24362899999999998	0.602295	990700.0
2013-10-24	0.0039759999999999995	0.236769	0.236972	0.228832	0.19534300000000002	920100.0
2013-10-23	-0.0056	0.22134299999999998	0.222759	0.21385500000000002	-0.276726	774600.0
2013-10-22	0.0036369999999999996	0.223144	0.237159	0.22131599999999998	0.179051	1067700.0
2013-10-21	-0.005589	0.226204	0.226608	0.218327	-0.27673000000000003	1297800.0
2013-10-18	0.005289	0.234517	0.24345100000000003	0.22862800000000003	0.260464	1801700.0
2013-10-17	0.013059000000000001	0.23665	0.248375	0.236033	0.634846	1367100.0
2013-10-16	0.00471	0.24226799999999998	0.244955	0.23172800000000002	0.227897	1519900.0
2013-10-15	0.003714	0.229458	0.240452	0.229251	0.179062	1048700.0
2013-10-14	0.001352	0.226343	0.23361300000000002	0.22592800000000002	0.065113	374900.0
2013-10-11	0.002203	0.228212	0.232584	0.226755	0.105808	968400.0
2013-10-10	0.01566	0.24046900000000002	0.251886	0.239623	0.7406699999999999	1039800.0
2013-10-09	0.0008609999999999999	0.236458	0.23815100000000003	0.22354899999999997	0.040687	1198700.0
2013-10-08	-0.000516	0.237934	0.238992	0.225667	-0.024418000000000002	836700.0
2013-10-07	-0.002061	0.216598	0.232217	0.216598	-0.09766	540100.0
2013-10-04	0.006222999999999999	0.238398	0.245194	0.23542399999999997	0.293003	1055200.0
2013-10-03	-0.009078	0.221473	0.222315	0.21242399999999997	-0.43136899999999995	1450100.0
2013-10-02	0.004301	0.230319	0.234546	0.22123099999999998	0.203476	937800.0
2013-10-01	0.003626	0.22841599999999998	0.23881	0.227568	0.17092100000000002	796900.0
2013-09-30	-0.016805	0.20923200000000003	0.21277800000000002	0.20214100000000002	-0.805775	1073600.0
2013-09-27	0.00787	0.23619600000000002	0.24544499999999997	0.234934	0.37440100000000004	1299400.0
2013-09-26	0.004814	0.22905100000000003	0.237077	0.22693899999999997	0.227898	2864900.0
2013-09-25	0.0	0.225671	0.236021	0.224615	0.0	978500.0
2013-09-24	0.016958	0.255907	0.256766	0.24946300000000002	0.7894939999999999	2026700.0
2013-09-23	0.010065000000000001	0.24121199999999998	0.241646	0.232317	0.46393199999999996	1426000.0
2013-09-20	-0.00387	0.224954	0.231438	0.22128	-0.179062	1158200.0
2013-09-19	0.00648	0.234197	0.237025	0.22788899999999998	0.297901	1115000.0
2013-09-18	0.010764	0.23648899999999998	0.261993	0.230113	0.48958599999999997	2356600.0
2013-09-17	-0.005964	0.233485	0.23938600000000002	0.230863	-0.272889	1442400.0
2013-09-16	0.004051	0.25889	0.259548	0.250551	0.184609	1555200.0
2013-09-13	0.001411	0.24418499999999999	0.25099699999999997	0.24044899999999997	0.064197	974800.0
2013-09-12	0.0017670000000000001	0.243081	0.253207	0.24065999999999999	0.08026599999999999	1147700.0
2013-09-11	0.010714	0.24705500000000002	0.260627	0.245498	0.481563	1097300.0
2013-09-10	0.000893	0.24126599999999998	0.25240100000000004	0.23903899999999997	0.040123	1224400.0
2013-09-09	0.006657	0.243477	0.257151	0.24258000000000002	0.29696300000000003	782100.0
2013-09-06	0.005790999999999999	0.251805	0.25902	0.241659	0.256847	858800.0
2013-09-05	0.001449	0.238265	0.251362	0.237362	0.06419	1904600.0
2013-09-04	0.0010890000000000001	0.23486700000000002	0.256341	0.232832	0.048168	1221300.0
2013-09-03	-0.003435	0.24751900000000002	0.24841999999999997	0.23490500000000003	-0.152504	2065400.0
2013-08-30	-0.012498	0.23415300000000003	0.23682199999999998	0.22480999999999998	-0.561817	1619800.0
2013-08-29	-0.015815	0.22339299999999998	0.23127399999999998	0.22164099999999998	-0.7223510000000001	1872200.0
2013-08-28	0.022458000000000002	0.273924	0.277505	0.263403	1.003262	6078000.0
2013-08-27	-0.004471	0.252183	0.25664000000000003	0.2348	-0.200646	1510700.0
2013-08-26	-0.004274	0.248827	0.249271	0.235735	-0.192634	1851800.0
2013-08-23	0.022769	0.266368	0.278169	0.265687	1.003257	1920300.0
2013-08-22	0.011609	0.259947	0.264309	0.256963	0.505642	1558400.0
2013-08-21	-0.003855	0.24823	0.252575	0.23679499999999998	-0.168544	916600.0
2013-08-20	-0.000917	0.250512	0.250969	0.24183000000000002	-0.040135000000000004	955400.0
2013-08-19	-0.013032	0.237148	0.239628	0.22745100000000001	-0.577873	1617900.0
2013-08-16	0.010239	0.25505500000000003	0.26211799999999996	0.253461	0.449455	2851300.0
2013-08-15	0.010906	0.24640399999999998	0.262525	0.23926399999999998	0.473549	1804000.0
2013-08-14	0.00371	0.250335	0.257269	0.247561	0.16050699999999998	1122200.0
2013-08-13	0.0061600000000000005	0.250594	0.254781	0.24850100000000003	0.264866	1438600.0
2013-08-12	-0.002049	0.24362199999999998	0.246639	0.238515	-0.088287	1114500.0
2013-08-09	-0.001116	0.248725	0.251971	0.24339299999999997	-0.048152999999999994	752600.0
2013-08-08	0.004674	0.251999	0.256658	0.24640900000000002	0.200653	941500.0
2013-08-07	0.002624	0.242673	0.24991300000000002	0.24150500000000003	0.112358	1398000.0
2013-08-06	-0.004293	0.24105900000000002	0.24198899999999998	0.23129299999999997	-0.184601	780000.0
2013-08-05	-0.003163	0.23783	0.24316100000000002	0.234121	-0.13644	749500.0
2013-08-02	0.005989	0.251073	0.257835	0.245243	0.256832	1705600.0
2013-08-01	0.007162999999999999	0.25909499999999996	0.261209	0.252754	0.30499299999999996	1340400.0
2013-07-31	0.000188	0.24054	0.255104	0.24054	0.008018	1102800.0
2013-07-30	0.004164999999999999	0.26056799999999997	0.261275	0.249953	0.176583	1348800.0
2013-07-29	-0.009748999999999999	0.24407399999999999	0.24407399999999999	0.229825	-0.41735900000000004	1470300.0
2013-07-26	0.003009	0.24453699999999998	0.250863	0.238914	0.128422	1359300.0
2013-07-25	0.003964	0.237475	0.250882	0.237004	0.168541	1140000.0
2013-07-24	0.00322	0.25396599999999997	0.258213	0.243819	0.136448	1158800.0
2013-07-23	-0.000379	0.24688600000000002	0.248538	0.238394	-0.016052	1073900.0
2013-07-22	0.015965	0.26727199999999995	0.272304	0.264875	0.666164	2578900.0
2013-07-19	0.000192	0.245943	0.251695	0.24306599999999998	0.008022	1329400.0
2013-07-18	0.017419999999999998	0.264965	0.273988	0.263502	0.714325	2097500.0
2013-07-17	0.0037329999999999998	0.259895	0.259895	0.24692199999999997	0.15249300000000002	1040600.0
2013-07-16	0.004539	0.25651599999999997	0.257254	0.249877	0.184601	1550900.0
2013-07-15	0.003963	0.25483	0.256064	0.24989299999999998	0.160511	1060300.0
2013-07-12	0.003979	0.247925	0.251395	0.24049	0.160522	662500.0
2013-07-11	0.0172	0.266868	0.27065	0.260565	0.682217	1462300.0
2013-07-10	0.007338	0.243403	0.259657	0.24137199999999998	0.288944	822400.0
2013-07-09	0.002042	0.25103200000000003	0.25154099999999996	0.23907199999999998	0.08025399999999999	2739900.0
2013-07-08	0.012617	0.25856999999999997	0.267074	0.257797	0.489597	798900.0
2013-07-05	0.0033200000000000005	0.24852800000000003	0.25059699999999996	0.23508400000000002	0.128414	756200.0
2013-07-03	0.00020800000000000001	0.23404699999999998	0.250598	0.233271	0.008029999999999999	652500.0
2013-07-02	-0.013918	0.232172	0.235998	0.222482	-0.545784	1270400.0
2013-07-01	0.003286	0.24747800000000003	0.255409	0.246966	0.128422	1025800.0
2013-06-28	0.004538	0.24877	0.255709	0.244144	0.176567	1149700.0
2013-06-27	0.016352000000000002	0.257175	0.269712	0.256391	0.626037	1489500.0
2013-06-26	0.006117	0.254352	0.257243	0.246206	0.232758	904900.0
2013-06-25	0.005940999999999999	0.25360900000000003	0.25863200000000003	0.243035	0.224728	1101200.0
2013-06-24	-0.015047	0.221727	0.23839200000000002	0.218342	-0.577874	2072700.0
2013-06-21	-0.010341	0.230481	0.234862	0.218885	-0.401298	2140400.0
2013-06-20	-0.028532	0.211896	0.218906	0.20188299999999998	-1.13971	2281000.0
2013-06-19	-0.016986	0.23609899999999998	0.24372800000000003	0.218627	-0.690239	1414800.0
2013-06-18	0.008436	0.266877	0.279781	0.266629	0.339951	1222300.0
2013-06-17	0.017365000000000002	0.287867	0.298723	0.28685700000000003	0.687809	1647100.0
2013-06-14	0.003003	0.26413200000000003	0.271729	0.260587	0.11858699999999998	1420500.0
2013-06-13	0.008073	0.26821	0.278932	0.265913	0.316231	937700.0
2013-06-12	-0.006018	0.27098099999999997	0.271489	0.256011	-0.23716700000000002	971300.0
2013-06-11	-0.004593	0.254788	0.263376	0.25150500000000003	-0.181847	1240900.0
2013-06-10	0.0054210000000000005	0.270478	0.276065	0.262098	0.213459	919400.0
2013-06-07	-0.003401	0.255781	0.271472	0.24996	-0.134392	954900.0
2013-06-06	0.004825	0.261077	0.27124899999999996	0.256499	0.18973199999999998	873800.0
2013-06-05	-0.01719	0.250645	0.254394	0.240148	-0.687805	1178500.0
2013-06-04	0.0	0.267391	0.27064	0.256394	0.0	1017300.0
2013-06-03	0.015246000000000001	0.27529499999999996	0.291281	0.269459	0.600853	1025900.0
2013-05-31	-0.028644	0.255772	0.25774400000000003	0.22866	-1.162159	1496200.0
2013-05-30	0.00078	0.265138	0.26957800000000004	0.261192	0.031627999999999996	1167800.0
2013-05-29	0.000781	0.268594	0.269088	0.24958699999999998	0.03162	1099600.0
2013-05-28	0.002151	0.28715599999999997	0.28765100000000005	0.26711799999999997	0.08695900000000001	1358000.0
2013-05-24	0.005902	0.270864	0.273352	0.26414499999999996	0.237175	1058900.0
2013-05-23	0.008131999999999999	0.265393	0.282954	0.26163000000000003	0.324131	1631900.0
2013-05-22	-0.013113999999999999	0.259693	0.27306199999999997	0.248304	-0.529674	1296600.0
2013-05-21	0.008687	0.26713899999999996	0.28337199999999996	0.260396	0.347851	2120200.0
2013-05-20	0.006958	0.257347	0.27872199999999997	0.257096	0.276699	1179200.0
2013-05-17	0.014931	0.27969499999999997	0.286841	0.273569	0.585033	1311200.0
2013-05-16	-0.010976	0.24595999999999998	0.257571	0.24595999999999998	-0.43482200000000004	1346000.0
2013-05-15	-0.00988	0.24389699999999997	0.256144	0.241898	-0.395294	1146300.0
2013-05-14	0.0023769999999999998	0.253618	0.270904	0.253618	0.094871	1224600.0
2013-05-13	0.0023829999999999997	0.26564499999999996	0.267905	0.25760900000000003	0.094876	615700.0
2013-05-10	-0.005332	0.2554	0.259896	0.248906	-0.213459	614400.0
2013-05-09	-0.004717	0.26514	0.266383	0.252213	-0.18973900000000002	702500.0
2013-05-08	0.0067269999999999995	0.271399	0.278907	0.268896	0.268798	972000.0
2013-05-07	0.005171	0.272187	0.276212	0.263885	0.20555500000000002	934300.0
2013-05-06	0.000199	0.264892	0.268917	0.258098	0.007901	1029400.0
2013-05-03	0.015556	0.27766799999999997	0.290445	0.27715700000000004	0.608749	933900.0
2013-05-02	-0.004825	0.261585	0.265909	0.256499	-0.189747	2050300.0
2013-05-01	-0.009951999999999999	0.263885	0.266654	0.246009	-0.395279	1512000.0
2013-04-30	0.010865000000000001	0.27710799999999997	0.282452	0.27481700000000003	0.426907	1529600.0
2013-04-29	0.016776	0.28429899999999997	0.294392	0.283006	0.648273	1803300.0
2013-04-26	-0.004075	0.258191	0.263087	0.252521	-0.158119	1910300.0
2013-04-25	0.008839	0.283611	0.291931	0.276072	0.339958	1613400.0
2013-04-24	0.015234000000000001	0.29181599999999996	0.299998	0.284161	0.577133	2847500.0
2013-04-23	0.02153	0.27837399999999995	0.298327	0.277026	0.798481	1189200.0
2013-04-22	0.010338	0.270067	0.283144	0.262439	0.379471	1538700.0
2013-04-19	0.005196	0.274476	0.27831	0.26763000000000003	0.189755	2576200.0
2013-04-18	-0.004954999999999999	0.264891	0.26761599999999997	0.252629	-0.181847	1985400.0
2013-04-17	-0.030493	0.24217199999999997	0.24217199999999997	0.213377	-1.1542430000000001	2917500.0
2013-04-16	0.010126999999999999	0.285706	0.286774	0.26755999999999996	0.37948200000000004	1603100.0
2013-04-15	-0.029682999999999998	0.24003400000000003	0.24106999999999998	0.225016	-1.146347	2048300.0
2013-04-12	-0.009329	0.256683	0.260274	0.245653	-0.363671	1056300.0
2013-04-11	0.010244	0.266705	0.28277199999999997	0.26515	0.395287	1595800.0
2013-04-10	0.001231	0.27215700000000004	0.278384	0.26203699999999996	0.047443	2024600.0
2013-04-09	0.014778999999999999	0.273054	0.288062	0.265418	0.561314	1113000.0
2013-04-08	-0.0029059999999999997	0.266467	0.266992	0.255178	-0.11068299999999999	1498000.0
2013-04-05	-0.002071	0.257556	0.265153	0.251792	-0.079064	1973500.0
2013-04-04	0.0	0.260176	0.269345	0.25545999999999996	0.0	1732500.0
2013-04-03	-0.010656	0.26074400000000003	0.26359499999999997	0.247007	-0.411102	1615300.0
2013-04-02	0.014975	0.280939	0.294883	0.278835	0.569221	2110300.0
2013-04-01	0.002084	0.267791	0.272537	0.262782	0.079056	1286700.0
2013-03-28	-0.004358	0.260954	0.269879	0.255705	-0.166019	2503900.0
2013-03-27	-0.012298	0.233263	0.249336	0.23144800000000001	-0.474346	3609700.0
2013-03-26	-0.00041	0.264373	0.265928	0.252452	-0.015819999999999997	2982900.0
2013-03-25	-0.015927	0.269992	0.271267	0.23836999999999997	-0.6245539999999999	2150400.0
2013-03-22	0.0036420000000000003	0.269754	0.278968	0.265403	0.1423	1733400.0
2013-03-21	-0.01593	0.245498	0.25658000000000003	0.242475	-0.632462	2791400.0
2013-03-20	0.007422	0.27631	0.280877	0.26666799999999996	0.292523	809600.0
2013-03-19	-0.003	0.263374	0.265904	0.24743600000000002	-0.118591	1721500.0
2013-03-18	-0.015941999999999998	0.238752	0.25568	0.23800500000000002	-0.6403810000000001	1561200.0
2013-03-15	-0.00059	0.257925	0.26414499999999996	0.251208	-0.023701	1251300.0
2013-03-14	0.012345	0.271692	0.280507	0.265395	0.49015	1036600.0
2013-03-13	-0.006194	0.256806	0.260811	0.249297	-0.247455	1075900.0
2013-03-12	-0.0019440000000000002	0.282593	0.289588	0.278846	-0.077809	1376400.0
2013-03-11	0.008034	0.283077	0.295416	0.281314	0.319035	1093600.0
2013-03-08	-0.007198	0.277091	0.282091	0.26709	-0.28791	1351200.0
2013-03-07	0.006265	0.282072	0.294149	0.279557	0.24900799999999998	1325500.0
2013-03-06	0.004523	0.285092	0.291157	0.281048	0.178978	2249300.0
2013-03-05	0.016390000000000002	0.297678	0.308723	0.294596	0.638088	1287200.0
2013-03-04	-0.000799	0.276878	0.28688800000000003	0.27277199999999996	-0.031132	1107300.0
2013-03-01	0.001	0.275843	0.290744	0.26556599999999997	0.03891	1454000.0
2013-02-28	-0.000599	0.277389	0.293565	0.275334	-0.023346000000000002	906900.0
2013-02-27	0.018519	0.286661	0.31150500000000003	0.28483	0.708126	1476800.0
2013-02-26	-0.002639	0.286657	0.29239499999999996	0.266573	-0.101162	3065600.0
2013-02-25	-0.023777	0.317938	0.32023	0.252754	-0.933788	2526500.0
2013-02-22	0.019596000000000002	0.296774	0.31053400000000003	0.291063	0.75481	1785900.0
2013-02-21	-0.018441	0.261902	0.26547	0.252729	-0.7236819999999999	2766700.0
2013-02-20	-0.020967	0.274863	0.276359	0.253157	-0.840412	2043500.0
2013-02-19	0.030406	0.31414000000000003	0.325709	0.311056	1.1828	2673200.0
2013-02-15	-0.01342	0.271142	0.272918	0.25947600000000004	-0.529148	3798500.0
2013-02-14	-0.024638999999999998	0.247986	0.258128	0.24477	-0.9960370000000001	3687800.0
2013-02-13	0.0107	0.294092	0.302343	0.291092	0.427987	864400.0
2013-02-12	0.0033179999999999998	0.285092	0.297885	0.28283400000000003	0.132286	794200.0
2013-02-11	-0.0060149999999999995	0.278359	0.279107	0.26913400000000004	-0.241227	1891700.0
2013-02-08	-0.0036729999999999996	0.276148	0.28484299999999996	0.27366399999999996	-0.14785	1721300.0
2013-02-07	-0.023778	0.275876	0.277816	0.247744	-0.980476	1990000.0
2013-02-06	-0.011011	0.259908	0.270941	0.25511100000000003	-0.459106	1484600.0
2013-02-05	0.00885	0.291867	0.30178699999999997	0.288479	0.365734	886100.0
2013-02-04	-0.032957	0.260756	0.265202	0.234783	-1.408463	1712700.0
2013-02-01	0.011604000000000001	0.298821	0.306632	0.294086	0.49023100000000003	2347600.0
2013-01-31	-0.0071319999999999995	0.286502	0.291907	0.268875	-0.303479	3343300.0
2013-01-30	0.0057020000000000005	0.2962	0.308255	0.292419	0.24123000000000003	2472800.0
2013-01-29	0.020458	0.29474	0.314276	0.294016	0.848195	1739600.0
2013-01-28	-0.004298	0.284371	0.284611	0.275726	-0.178975	1110900.0
2013-01-25	0.010194	0.301831	0.30546999999999996	0.294553	0.42018900000000003	1006100.0
2013-01-24	0.003981	0.283387	0.297027	0.281438	0.163422	821800.0
2013-01-23	-0.0005679999999999999	0.276328	0.28436100000000003	0.270972	-0.023341999999999998	864000.0
2013-01-22	0.001898	0.282652	0.291677	0.278262	0.077808	923700.0
2013-01-18	-0.008095	0.27710799999999997	0.27856	0.263319	-0.334598	1744400.0
2013-01-17	0.00321	0.29237199999999997	0.292858	0.28484899999999996	0.132274	786100.0
2013-01-16	-0.004699	0.276879	0.285092	0.274946	-0.194526	773000.0
2013-01-15	0.005481000000000001	0.282177	0.29335	0.281206	0.225662	872100.0
2013-01-14	0.000567	0.28533400000000003	0.28849400000000003	0.280231	0.023334	1107100.0
2013-01-11	0.009545999999999999	0.290244	0.29834	0.28362	0.389088	1160800.0
2013-01-10	0.016101	0.30453600000000003	0.308774	0.299052	0.645863	1185200.0
2013-01-09	-0.000582	0.285341	0.292317	0.284095	-0.023341999999999998	822200.0
2013-01-08	-0.002128	0.282357	0.284346	0.275893	-0.085591	1092500.0
2013-01-07	-0.011852	0.258805	0.270106	0.256594	-0.48245600000000005	1306600.0
2013-01-04	0.002491	0.277457	0.289032	0.276964	0.101162	881600.0
2013-01-03	-0.007418999999999999	0.273847	0.28289200000000003	0.270913	-0.30348600000000003	1197000.0
2013-01-02	0.010767	0.307082	0.309553	0.295469	0.43576400000000004	1178200.0
2012-12-31	0.011278	0.283842	0.305581	0.280094	0.45133199999999996	1215000.0
2012-12-28	-0.018512	0.264491	0.267679	0.256888	-0.754821	831200.0
2012-12-27	0.016686000000000003	0.31576	0.31576	0.29681	0.6692229999999999	1697800.0
2012-12-26	-0.001743	0.290567	0.290567	0.279616	-0.070034	566600.0
2012-12-24	0.0005809999999999999	0.285091	0.287333	0.27836700000000003	0.023343	434500.0
2012-12-21	-0.002706	0.272921	0.285588	0.271431	-0.10893699999999999	1713800.0
2012-12-20	-0.00058	0.290056	0.291049	0.275907	-0.023353	2668800.0
2012-12-19	0.002712	0.30052399999999996	0.301021	0.288078	0.108947	1607000.0
2012-12-18	0.008596	0.291619	0.29940100000000003	0.289108	0.34239200000000003	1224700.0
2012-12-17	0.006488	0.292419	0.303284	0.292419	0.256787	1696900.0
2012-12-14	-0.000786	0.277012	0.285344	0.269943	-0.031132	1386900.0
2012-12-13	0.002561	0.289648	0.295216	0.280535	0.101162	1472000.0
2012-12-12	0.018762	0.30817100000000003	0.31306999999999996	0.303529	0.727577	1700300.0
2012-12-11	0.012405	0.32309299999999996	0.329881	0.32100500000000004	0.475166	1523200.0
2012-12-10	0.0044210000000000005	0.307965	0.311636	0.305605	0.168602	959900.0
2012-12-07	-0.011718000000000001	0.287715	0.29134299999999996	0.278386	-0.45215900000000003	1764800.0
2012-12-06	-0.0015869999999999999	0.301973	0.305077	0.293693	-0.061318	953800.0
2012-12-05	0.002585	0.305078	0.31156300000000003	0.297296	0.099636	1728400.0
2012-12-04	0.0066040000000000005	0.31918	0.323619	0.31108600000000003	0.25290300000000004	1564200.0
2012-12-03	-0.003788	0.320427	0.320947	0.29987600000000003	-0.14561400000000002	1252300.0
2012-11-30	0.002198	0.31394299999999997	0.31811500000000004	0.302994	0.08430399999999999	1603100.0
2012-11-29	0.007448000000000001	0.311648	0.319264	0.305082	0.28357	1453500.0
2012-11-28	0.012431000000000001	0.300032	0.321837	0.297373	0.467487	1451700.0
2012-11-27	-0.017027	0.285999	0.28991999999999996	0.27920300000000003	-0.651424	2383300.0
2012-11-26	-0.001201	0.294115	0.305341	0.292026	-0.045987	1053700.0
2012-11-23	0.017093999999999998	0.318361	0.32845100000000005	0.317564	0.6437649999999999	969000.0
2012-11-21	0.005113	0.306954	0.313359	0.303217	0.191593	1017800.0
2012-11-20	-0.0010220000000000001	0.291754	0.306952	0.290155	-0.038314999999999995	1767800.0
2012-11-19	0.031836	0.323801	0.350211	0.3227	1.15725	2609000.0
2012-11-16	-0.0027329999999999998	0.304819	0.306739	0.289181	-0.099632	3411400.0
2012-11-15	0.001053	0.315255	0.32459299999999996	0.302073	0.03833	2825000.0
2012-11-14	-0.002938	0.31632	0.319058	0.298795	-0.107296	1655600.0
2012-11-13	-0.009356	0.288542	0.311058	0.28637199999999996	-0.344887	2659300.0
2012-11-12	-0.001039	0.305902	0.30806999999999995	0.29939899999999997	-0.038323	2006600.0
2012-11-09	0.005639	0.306181	0.32253200000000004	0.303183	0.20691700000000002	1514900.0
2012-11-08	-0.017846	0.290097	0.298127	0.278856	-0.666748	2632000.0
2012-11-07	-0.028691	0.262182	0.26972199999999996	0.25490300000000005	-1.1036030000000001	3944200.0
2012-11-06	0.004202	0.298031	0.312129	0.29672600000000005	0.160949	1713400.0
2012-11-05	-0.008727	0.28980900000000004	0.29602	0.285409	-0.337215	1653300.0
2012-11-02	-0.006307	0.31150500000000003	0.312276	0.294018	-0.245247	1140100.0
2012-11-01	0.006745999999999999	0.30844299999999997	0.31724600000000003	0.303265	0.26057800000000003	1594800.0
2012-10-31	0.007194	0.336891	0.338977	0.311859	0.275898	2494900.0
2012-10-26	0.001201	0.310823	0.316828	0.30273	0.045986	1553000.0
2012-10-25	-0.003589	0.30741999999999997	0.311842	0.293113	-0.13795	1793400.0
2012-10-24	0.0011970000000000001	0.310809	0.313152	0.30325599999999997	0.045974	1658900.0
2012-10-23	-0.029445999999999996	0.264627	0.27271599999999996	0.25123	-1.1649129999999999	3889200.0
2012-10-22	0.004476	0.312944	0.314467	0.30075599999999997	0.176277	1508100.0
2012-10-19	-0.011541	0.303313	0.304317	0.283486	-0.45983100000000005	1433100.0
2012-10-18	-0.005737	0.295586	0.30706500000000003	0.29284099999999996	-0.22991599999999998	1395700.0
2012-10-17	0.014551	0.321527	0.331148	0.317223	0.5747800000000001	2042200.0
2012-10-16	0.026489	0.325608	0.34302	0.32145	1.019306	2557800.0
2012-10-15	0.011890000000000001	0.316126	0.320333	0.305344	0.452168	1663200.0
2012-10-12	-0.003214	0.308226	0.314517	0.294858	-0.12262	1761300.0
2012-10-11	0.012612	0.324725	0.333484	0.320213	0.475159	1969300.0
2012-10-10	-0.0056630000000000005	0.30244299999999996	0.309569	0.29426199999999997	-0.214585	2110300.0
2012-10-09	-0.009814	0.305603	0.30638699999999996	0.2894	-0.37553000000000003	2823700.0
2012-10-08	-0.006764	0.294177	0.29729099999999997	0.289245	-0.260574	1837700.0
2012-10-05	0.003994	0.31602399999999997	0.32410300000000003	0.307946	0.153278	2125900.0
2012-10-04	0.004615	0.305342	0.312411	0.295917	0.176273	2079100.0
2012-10-03	-0.014825	0.29475999999999997	0.296823	0.280058	-0.5747939999999999	2834300.0
2012-10-02	0.0039689999999999994	0.316471	0.318025	0.3043	0.15327000000000002	1485500.0
2012-10-01	0.005788000000000001	0.306902	0.325393	0.306381	0.222252	1722200.0
2012-09-28	-0.028505000000000003	0.280023	0.28381799999999996	0.260034	-1.126579	3240100.0
2012-09-27	0.010384000000000001	0.302773	0.320413	0.294848	0.406181	1932000.0
2012-09-26	-0.018462	0.290014	0.29377800000000004	0.27797	-0.735733	2820800.0
2012-09-25	-0.006686	0.30182800000000004	0.316783	0.295846	-0.26823800000000003	1604100.0
2012-09-24	0.0019140000000000001	0.305818	0.31156100000000003	0.300324	0.076638	1447000.0
2012-09-21	0.001726	0.31257399999999996	0.316826	0.305569	0.068981	1853900.0
2012-09-20	-0.019365	0.261889	0.282495	0.261153	-0.789387	2869100.0
2012-09-19	0.004190999999999999	0.31496799999999997	0.320141	0.304375	0.17014300000000002	2594300.0
2012-09-18	-0.00556	0.31304699999999996	0.318436	0.309127	-0.226948	2161900.0
2012-09-17	-0.01009	0.32113800000000003	0.32623	0.30489	-0.416088	2792300.0
2012-09-14	0.015272999999999998	0.342547	0.355842	0.339592	0.6203390000000001	3136400.0
2012-09-13	0.017049	0.32612199999999997	0.350912	0.31886	0.680851	2776500.0
2012-09-12	0.002659	0.333163	0.33416799999999997	0.31659299999999996	0.10591500000000001	3396400.0
2012-09-11	0.024916999999999998	0.334731	0.361493	0.33293	0.9683219999999999	3388300.0
2012-09-10	-0.009067	0.319315	0.326455	0.309116	-0.355564	2293300.0
2012-09-07	0.015077000000000002	0.350337	0.352408	0.338172	0.582516	2494000.0
2012-09-06	0.031925999999999996	0.344568	0.366203	0.343767	1.195278	3148800.0
2012-09-05	-0.0030210000000000002	0.31813800000000003	0.323996	0.31014899999999995	-0.11346400000000001	3099400.0
