2017-09-01	0.006762	0.000811	0.007303	-0.001623	0.250000	4099000.000000
2016-09-01	0.0076549999999999995	0.030786	0.043002	0.028631	0.21305900000000003	6066600.0
2016-08-31	0.004193	0.037634	0.045571	0.034387	0.116211	4674700.0
2016-08-30	-0.002787	0.028625	0.032223	0.026466000000000003	-0.077475	5001800.0
2016-08-29	0.002095	0.030418999999999998	0.03727	0.029698000000000002	0.058107000000000006	3143900.0
2016-08-26	0.001399	0.032583	0.043414	0.026445	0.038737	5267500.0
2016-08-25	0.007397	0.041312	0.04895	0.037311000000000004	0.203375	6388200.0
2016-08-24	-0.00386	0.035119	0.036206	0.026786	-0.10653	5391500.0
2016-08-23	0.0035210000000000003	0.039854	0.043127	0.034763999999999996	0.096846	5501800.0
2016-08-22	-0.00838	0.020324000000000002	0.026813999999999998	0.01744	-0.23242800000000002	6415400.0
2016-08-19	-0.017833	0.013815000000000001	0.01594	0.009566	-0.503591	6241800.0
2016-08-18	0.006211	0.030088999999999998	0.040422	0.027594	0.17432	4254200.0
2016-08-17	-0.003439	0.029742	0.029742	0.02051	-0.096846	6996800.0
2016-08-16	-0.010548	0.024502	0.025907	0.018178	-0.300216	5914400.0
2016-08-15	0.00513	0.037527	0.039999	0.035055	0.145265	3187000.0
2016-08-12	0.003432	0.033645999999999995	0.037189	0.029748	0.096846	3481800.0
2016-08-11	-0.002738	0.029756	0.037883999999999994	0.017741	-0.077475	9134000.0
2016-08-10	-0.006123	0.033285	0.034339	0.024856	-0.174322	8229100.0
2016-08-09	0.010657	0.035776999999999996	0.044650999999999996	0.034357	0.300219	6660600.0
2016-08-08	0.01042	0.031507	0.045136	0.029713	0.290533	8731700.0
2016-08-05	0.013732	0.041672	0.048944	0.040945	0.377695	5573000.0
2016-08-04	0.008523000000000001	0.034783	0.042483	0.031116	0.23242600000000002	3165000.0
2016-08-03	0.0	0.029649000000000002	0.035516000000000006	0.023416	0.0	3872000.0
2016-08-02	-0.016073	0.027892	0.027892	0.012378	-0.445486	6088500.0
2016-08-01	0.030238	0.053770000000000005	0.068638	0.053770000000000005	0.813495	7328200.0
2016-07-29	-0.012793	0.031114999999999997	0.031114999999999997	0.014969	-0.34864	7366600.0
2016-07-28	0.001423	0.039564999999999996	0.043239	0.028908	0.038738	4746300.0
2016-07-27	-0.008119	0.038414	0.038414	0.018368000000000002	-0.222742	7057700.0
2016-07-26	0.01687	0.036660000000000005	0.05296699999999999	0.036289	0.455168	10178800.0
2016-07-25	0.004326	0.023277000000000003	0.039283	0.023277000000000003	0.11621400000000001	7799700.0
2016-07-22	0.009461	0.034462	0.044231	0.032583	0.251797	5116800.0
2016-07-21	-0.002541	0.03708	0.042702	0.027710000000000002	-0.06779099999999999	6369300.0
2016-07-20	0.010268000000000001	0.037505000000000004	0.0447	0.032961000000000004	0.271162	5805100.0
2016-07-19	-0.013386000000000002	0.022869999999999998	0.0281	0.015772	-0.358322	4997300.0
2016-07-18	0.023325	0.044052	0.05705	0.037935	0.610119	7767300.0
2016-07-15	-0.003689	0.03563	0.038296	0.02725	-0.096846	5996500.0
2016-07-14	0.008182	0.036807	0.045639	0.022983	0.213061	12145100.0
2016-07-13	-0.002966	0.030668	0.034114	0.024543000000000002	-0.077477	10553300.0
2016-07-12	-0.008456	0.032583	0.035999	0.018916	-0.222744	8538700.0
2016-07-11	0.017583	0.049194	0.057305999999999996	0.048035	0.455172	6051600.0
2016-07-08	0.015962999999999998	0.04004	0.051814	0.036507	0.406746	5780600.0
2016-07-07	0.0061189999999999994	0.036531	0.047588	0.036137	0.154951	5327900.0
2016-07-06	-0.004189	0.014495	0.030223000000000003	0.012529	-0.106529	6062900.0
2016-07-05	-0.010177	0.018182	0.023631	0.016625	-0.261481	5678400.0
2016-07-01	0.011437000000000001	0.048329000000000004	0.049117	0.042818	0.290535	5939300.0
2016-06-30	0.016666999999999998	0.043389	0.057397000000000004	0.033783	0.41643199999999997	9765900.0
2016-06-29	0.021378	0.049752	0.061605999999999994	0.049343	0.5229600000000001	8758600.0
2016-06-28	0.014458000000000002	0.045853	0.052073	0.040462	0.348641	14428100.0
2016-06-27	0.00602	0.027951999999999998	0.041302	0.016271	0.144298	10314300.0
2016-06-24	-0.042148000000000005	0.022588	0.046964	0.019391	-1.0547540000000002	9529800.0
2016-06-23	0.010173	0.075376	0.08223899999999999	0.07053200000000001	0.25201999999999997	6708600.0
2016-06-22	-0.0018800000000000002	0.071742	0.084636	0.06851900000000001	-0.046671	8010400.0
2016-06-21	0.008343000000000001	0.07459	0.082715	0.070121	0.20535100000000003	6095200.0
2016-06-20	0.020116	0.090818	0.10408099999999999	0.089161	0.485372	10019300.0
2016-06-17	-0.00038700000000000003	0.07258200000000001	0.07424	0.060568	-0.009332	5813100.0
2016-06-16	0.0007740000000000001	0.057658	0.074242	0.052267999999999995	0.018667	4637700.0
2016-06-15	0.010559	0.075529	0.090613	0.07511	0.25202199999999997	6926800.0
2016-06-14	-0.002341	0.067578	0.074684	0.06130700000000001	-0.056004	7191500.0
2016-06-13	-0.008893999999999999	0.058497	0.06968200000000001	0.056425	-0.214685	7414600.0
2016-06-10	-0.014106	0.057861	0.06072	0.043157	-0.345362	6699400.0
2016-06-09	-0.0037979999999999997	0.05425	0.068084	0.05425	-0.093342	5760100.0
2016-06-08	0.010361	0.089839	0.092717	0.080795	0.25202199999999997	6173600.0
2016-06-07	0.023165	0.081855	0.09867999999999999	0.081014	0.550713	6624300.0
2016-06-06	-0.00235	0.074277	0.077214	0.067143	-0.05600599999999999	7579500.0
2016-06-03	0.0139	0.07814700000000001	0.089209	0.07687100000000001	0.326693	5041800.0
2016-06-02	-0.0027719999999999997	0.069642	0.07134	0.063702	-0.065338	4188200.0
2016-06-01	0.02144	0.07134	0.094743	0.07134	0.494709	6126800.0
2016-05-31	-0.0032259999999999997	0.072636	0.0735	0.059676	-0.074673	7999900.0
2016-05-27	0.00040300000000000004	0.07739	0.080847	0.07090700000000001	0.009333	5336500.0
2016-05-26	0.006905	0.079172	0.08439400000000001	0.070034	0.15868	8204700.0
2016-05-25	0.00613	0.07746900000000001	0.082285	0.073529	0.140012	5151600.0
2016-05-24	0.008241	0.07310499999999999	0.084582	0.070898	0.186682	7573600.0
2016-05-23	0.015057	0.103601	0.109426	0.08478200000000001	0.336029	6840000.0
2016-05-20	0.028387	0.082859	0.10682	0.079634	0.616051	8380600.0
2016-05-19	-0.011479999999999999	0.061774	0.062229	0.049931	-0.25202199999999997	3868700.0
2016-05-18	0.024837	0.073674	0.10355	0.069005	0.532043	10028100.0
2016-05-17	-0.006923	0.075512	0.080611	0.062068	-0.149345	4017400.0
2016-05-16	0.012708	0.07838200000000001	0.091057	0.075565	0.27069099999999996	4654300.0
2016-05-13	-0.0073950000000000005	0.064815	0.071805	0.061087	-0.158682	4837700.0
2016-05-12	-0.009904999999999999	0.071801	0.07456900000000001	0.049654000000000004	-0.214682	7674600.0
2016-05-11	-0.007268000000000001	0.069965	0.074088	0.059431	-0.158681	6185400.0
2016-05-10	0.0008560000000000001	0.06813	0.074548	0.06538	0.018667	5374500.0
2016-05-09	-0.001709	0.070882	0.075001	0.061729	-0.037337	5189800.0
2016-05-06	-0.0038299999999999996	0.071339	0.07635399999999999	0.064045	-0.084007	5363300.0
2016-05-05	0.0034159999999999998	0.072712	0.083691	0.070425	0.074675	7238400.0
2016-05-04	0.004288	0.07088	0.08190599999999999	0.067205	0.09333999999999999	7789900.0
2016-05-03	-0.015618	0.055964	0.060486	0.047370999999999996	-0.345362	9323900.0
2016-05-02	0.004239	0.070885	0.078606	0.06543500000000001	0.09333999999999999	6112100.0
2016-04-29	-0.023593	0.06424500000000001	0.064688	0.038525	-0.532043	14955900.0
2016-04-28	-0.043168	0.045882	0.055640999999999996	0.021273	-1.017418	12170200.0
2016-04-27	0.009595999999999999	0.06662799999999999	0.085476	0.063201	0.22401999999999997	7302200.0
2016-04-26	0.0	0.079479	0.085904	0.07005399999999999	0.0	9920000.0
2016-04-25	-0.002393	0.074758	0.08245	0.066211	-0.05600599999999999	7772500.0
2016-04-22	-0.0035770000000000003	0.07219099999999999	0.077727	0.062398	-0.084007	6447400.0
2016-04-21	0.001592	0.079016	0.081149	0.066222	0.037336	6044400.0
2016-04-20	-0.00159	0.061546000000000003	0.075172	0.053454999999999996	-0.037336	9391300.0
2016-04-19	-0.013333000000000001	0.07218	0.07848200000000001	0.056635000000000005	-0.317358	9378700.0
2016-04-18	0.0015710000000000001	0.067973	0.080597	0.065448	0.037336	6493200.0
2016-04-15	0.006324000000000001	0.08023200000000001	0.083196	0.074304	0.149346	8019100.0
2016-04-14	-0.033244	0.035724	0.045139	0.027127	-0.8120689999999999	13870800.0
2016-04-13	0.023465	0.087261	0.09815399999999999	0.080138	0.5600470000000001	9082700.0
2016-04-12	0.002352	0.079319	0.08015900000000001	0.06294	0.056003	4766900.0
2016-04-11	0.009098	0.089139	0.095072	0.080663	0.21468600000000002	5406300.0
2016-04-08	-0.003547	0.087386	0.08992	0.064583	-0.084007	8214600.0
2016-04-07	-0.009758	0.065903	0.06715800000000001	0.05586699999999999	-0.23335300000000003	7774400.0
2016-04-06	0.004312	0.05622100000000001	0.080999	0.050761	0.102674	8333100.0
2016-04-05	-0.013153	0.057248	0.062222	0.046058	-0.31736	8612600.0
2016-04-04	-0.010337	0.07175	0.07175	0.058625	-0.252019	4302700.0
2016-04-01	-0.003054	0.05825399999999999	0.071748	0.05375599999999999	-0.074675	5091200.0
2016-03-31	-0.009826	0.064052	0.07053	0.060002999999999994	-0.24268299999999998	5369100.0
2016-03-30	0.018868	0.085778	0.09815399999999999	0.085778	0.45737	5999600.0
2016-03-29	0.013266	0.068413	0.087642	0.063398	0.31736	4550800.0
2016-03-28	-0.003887	0.070923	0.072589	0.063428	-0.093342	2197200.0
2016-03-24	0.001947	0.064665	0.07426	0.061327	0.046671	5549000.0
2016-03-23	-0.005037	0.071755	0.071755	0.060132000000000005	-0.121343	5465900.0
2016-03-22	-0.004628	0.064316	0.076711	0.060184	-0.11201099999999999	6247400.0
2016-03-21	-0.004224	0.06475700000000001	0.070517	0.059408	-0.102675	5494100.0
2016-03-18	0.010477	0.075913	0.091295	0.072587	0.25202199999999997	7208700.0
2016-03-17	-0.000388	0.069677	0.07424800000000001	0.06469	-0.009336	6264700.0
2016-03-16	0.036174	0.06617200000000001	0.110955	0.06445	0.8400719999999999	10874100.0
2016-03-15	-0.013481	0.057746000000000006	0.07049	0.050524	-0.31736	8839800.0
2016-03-14	-0.005128	0.069649	0.072607	0.061197	-0.121343	4109400.0
2016-03-11	0.024656	0.082598	0.099054	0.082165	0.569379	7560000.0
2016-03-10	0.0	0.076536	0.082598	0.06138	0.0	6483700.0
2016-03-09	0.0036509999999999997	0.074382	0.077424	0.065689	0.084008	5807300.0
2016-03-08	-0.0020239999999999998	0.056591999999999996	0.077846	0.054857	-0.046671	11734000.0
2016-03-07	0.0020280000000000003	0.060474	0.074382	0.045697	0.046671	8971500.0
2016-03-04	0.003664	0.071339	0.088352	0.066105	0.084007	7264600.0
2016-03-03	-0.002437	0.071775	0.082218	0.063942	-0.05600499999999999	7957500.0
2016-03-02	0.001627	0.065673	0.07657	0.062622	0.037336	5841300.0
2016-03-01	0.043737	0.098635	0.12274600000000001	0.09135599999999999	0.9614159999999999	9858800.0
2016-02-29	-0.009256	0.062325	0.070438	0.057366999999999994	-0.205355	6614000.0
2016-02-26	0.0033770000000000002	0.07134	0.089429	0.059128999999999994	0.074675	9920900.0
2016-02-25	0.011529000000000001	0.083233	0.084148	0.06951	0.25202199999999997	5076800.0
2016-02-24	0.0008550000000000001	0.056688999999999996	0.075918	0.045243	0.018668999999999998	5267500.0
2016-02-23	-0.023372	0.061502999999999995	0.06195	0.04004	-0.5227109999999999	5802500.0
2016-02-22	0.007568999999999999	0.082152	0.087108	0.07449299999999999	0.16801300000000002	7250300.0
2016-02-19	-0.00084	0.07134	0.081693	0.058285000000000003	-0.018667	8950300.0
2016-02-18	0.006768000000000001	0.086748	0.096265	0.076778	0.149347	12780200.0
2016-02-17	0.012853	0.072258	0.0897	0.068126	0.280022	11956100.0
2016-02-16	0.049460000000000004	0.089645	0.141189	0.0882	1.02675	13843800.0
2016-02-12	0.010909	0.085462	0.086923	0.067444	0.224018	7326900.0
2016-02-11	-0.013453	0.064614	0.074222	0.046838	-0.280021	10394600.0
2016-02-10	-0.011525	0.076563	0.087961	0.058043	-0.242686	5761600.0
2016-02-09	-0.010526	0.044556	0.065701	0.037038	-0.224018	8426600.0
2016-02-08	0.002198	0.058625	0.078874	0.048264	0.046667	8355200.0
2016-02-05	-0.020663	0.061193	0.077335	0.045051999999999995	-0.448036	9325400.0
2016-02-04	0.013525	0.07367699999999999	0.086765	0.07134	0.289358	6473100.0
2016-02-03	0.015957	0.080362	0.096983	0.072764	0.336029	13083200.0
2016-02-02	0.004452	0.063707	0.078972	0.06275399999999999	0.09333999999999999	13487900.0
2016-02-01	0.004922	0.063191	0.080926	0.061752999999999995	0.102675	5389200.0
2016-01-29	0.033287	0.083227	0.10947799999999999	0.083227	0.672058	9010200.0
2016-01-28	-0.002306	0.07628099999999999	0.080729	0.061456	-0.046673	7169000.0
2016-01-27	0.004169	0.07779	0.091685	0.07233200000000001	0.084007	6432800.0
2016-01-26	-0.009179000000000001	0.07084800000000001	0.074781	0.05708099999999999	-0.186683	7709700.0
2016-01-25	-0.006384	0.06059199999999999	0.078179	0.060103	-0.130677	8463700.0
2016-01-22	0.028129	0.092937	0.10248	0.085905	0.5600470000000001	8369200.0
2016-01-21	0.01138	0.074387	0.090643	0.059148	0.224018	9105000.0
2016-01-20	-0.026316000000000003	0.030781	0.049082	0.025835000000000004	-0.532043	10815300.0
2016-01-19	0.026539999999999998	0.09825	0.10688099999999999	0.07794	0.522709	14807000.0
2016-01-15	-0.032997000000000005	0.009475	0.044826	0.009475	-0.672056	11815300.0
2016-01-14	0.06543	0.08441699999999999	0.144053	0.082848	1.250772	18687600.0
2016-01-13	-0.013012000000000001	0.079084	0.087861	0.05585	-0.25202199999999997	12858400.0
2016-01-12	-0.0086	0.08669600000000001	0.087207	0.049841	-0.168014	11629400.0
2016-01-11	0.005767	0.08987300000000001	0.09399199999999999	0.065677	0.11201099999999999	9771200.0
2016-01-08	-0.013744	0.079971	0.086572	0.054584	-0.27069099999999996	9290700.0
2016-01-07	-0.011245999999999999	0.048246	0.073348	0.045233999999999996	-0.224018	11242800.0
2016-01-06	-0.02779	0.057185	0.059625	0.037662	-0.5693819999999999	8063200.0
2016-01-05	-0.006338	0.075704	0.087344	0.06455	-0.130676	7642100.0
2016-01-04	-0.029011000000000002	0.047323000000000004	0.050148000000000005	0.029427999999999996	-0.616053	9145100.0
2015-12-31	-0.005682	0.070403	0.076958	0.056824	-0.121341	3877900.0
2015-12-30	-0.008666	0.06994700000000001	0.07180399999999999	0.060199	-0.186684	2574100.0
2015-12-29	0.003042	0.074133	0.081583	0.06994299999999999	0.06534	4136700.0
2015-12-28	-0.0060479999999999996	0.07134	0.07319099999999999	0.05745599999999999	-0.130678	3100100.0
2015-12-24	0.0030329999999999997	0.074589	0.080623	0.071339	0.065338	2009500.0
2015-12-23	0.000867	0.07784400000000001	0.078308	0.06715800000000001	0.018668999999999998	6172900.0
2015-12-22	0.004793	0.07274	0.077875	0.071339	0.102674	4553900.0
2015-12-21	0.000872	0.07134	0.076946	0.06293	0.01867	4958700.0
2015-12-18	-0.001307	0.062474	0.076939	0.060141	-0.028002	8648000.0
2015-12-17	-0.008636	0.068101	0.07735299999999999	0.061625	-0.186682	8925700.0
2015-12-16	0.014899	0.084954	0.090588	0.074626	0.31736	7384800.0
2015-12-15	0.027002999999999996	0.080983	0.104126	0.080983	0.560045	9444200.0
2015-12-14	0.0018030000000000001	0.078585	0.082449	0.066026	0.037337	7898600.0
2015-12-11	-0.02075	0.060461	0.067083	0.048163	-0.43870200000000004	11326300.0
2015-12-10	-0.00352	0.070868	0.07699500000000001	0.065684	-0.074675	7149700.0
2015-12-09	-0.015165000000000001	0.065305	0.06809	0.051379999999999995	-0.326694	8663600.0
2015-12-08	-0.006885	0.060275999999999996	0.070418	0.05474400000000001	-0.149344	6133900.0
2015-12-07	-0.003003	0.077774	0.080072	0.06536499999999999	-0.065338	4634000.0
2015-12-04	0.016572	0.06666699999999999	0.091897	0.061995	0.354695	6355600.0
2015-12-03	-0.011212	0.07549700000000001	0.076883	0.054246	-0.24268800000000001	5884700.0
2015-12-02	-0.0038659999999999996	0.06719800000000001	0.075021	0.061215	-0.084007	6829100.0
2015-12-01	0.022847	0.07510499999999999	0.099112	0.074635	0.485375	10256000.0
2015-11-30	0.013808	0.070862	0.091382	0.067999	0.289356	8612900.0
2015-11-27	-0.004876	0.063266	0.075139	0.060891999999999995	-0.102673	3995600.0
2015-11-25	0.002667	0.074673	0.078958	0.07181599999999999	0.056004	5442600.0
2015-11-24	-0.003102	0.064694	0.071814	0.051878	-0.06534	8911500.0
2015-11-23	-0.011387999999999999	0.075563	0.076502	0.057731	-0.242686	5502100.0
2015-11-20	0.007058	0.077956	0.081736	0.07322999999999999	0.149346	6039900.0
2015-11-19	0.006661	0.09132	0.09132	0.07467	0.140011	7115100.0
2015-11-18	0.0	0.064679	0.073242	0.053738	0.0	8010400.0
2015-11-17	0.007606	0.075174	0.09386900000000001	0.072778	0.15868	7148400.0
2015-11-16	0.021013999999999998	0.06840299999999999	0.095321	0.06693500000000001	0.42936899999999995	7121500.0
2015-11-13	-0.015737	0.06315	0.067004	0.039064	-0.32669499999999996	7883500.0
2015-11-12	-0.015057	0.064697	0.076084	0.05520800000000001	-0.317358	5685100.0
2015-11-11	0.0031100000000000004	0.06705599999999999	0.08038200000000001	0.060392999999999995	0.065338	5255100.0
2015-11-10	-0.019599000000000002	0.050342000000000005	0.057808000000000005	0.041943	-0.420034	7388700.0
2015-11-09	0.006135	0.068053	0.078851	0.06476699999999999	0.130678	8629200.0
2015-11-06	-0.006963	0.053158000000000004	0.064347	0.045698	-0.149345	8805900.0
2015-11-05	-0.024204	0.056782000000000006	0.056782000000000006	0.044044	-0.532044	8345300.0
2015-11-04	0.034255	0.086866	0.11321400000000001	0.08451399999999999	0.728058	14372000.0
2015-11-03	0.030317	0.078126	0.112545	0.071824	0.6253850000000001	12846400.0
2015-11-02	0.006375	0.066461	0.080121	0.06207000000000001	0.13068	5716700.0
2015-10-30	0.006416	0.07232100000000001	0.083614	0.062993	0.130675	8791800.0
2015-10-29	-0.011775	0.058239	0.058724	0.044168	-0.242686	7939100.0
2015-10-28	-0.005405	0.065066	0.07471799999999999	0.055414	-0.112009	9913700.0
2015-10-27	0.001805	0.066505	0.07810800000000001	0.057803	0.037337	6885400.0
2015-10-26	-0.013796000000000001	0.07134	0.073724	0.045593	-0.28935700000000003	12350400.0
2015-10-23	-0.001777	0.082762	0.082762	0.066104	-0.037337999999999996	11854100.0
2015-10-22	0.013050999999999998	0.079536	0.090626	0.076161	0.270689	8214500.0
2015-10-21	-0.004034	0.0723	0.078062	0.063176	-0.084007	8154300.0
2015-10-20	0.003599	0.06989400000000001	0.080496	0.068448	0.074675	6643600.0
2015-10-19	0.003159	0.067472	0.07810800000000001	0.06167	0.065338	8940900.0
2015-10-16	0.009567	0.074268	0.084518	0.073292	0.19601400000000002	9598700.0
2015-10-15	-0.017457	0.08141	0.09292	0.044964	-0.364029	17867300.0
2015-10-14	0.018231999999999998	0.063527	0.100149	0.057666999999999996	0.373364	22801100.0
2015-10-13	-0.006790000000000001	0.058245000000000005	0.06842999999999999	0.051454999999999994	-0.140011	12740800.0
2015-10-12	0.006378	0.077196	0.08354199999999999	0.074268	0.130676	6779500.0
2015-10-09	-0.013483000000000002	0.074228	0.08000700000000001	0.054967999999999996	-0.280022	11648800.0
2015-10-08	0.014591999999999999	0.064012	0.087949	0.058638	0.298691	10343500.0
2015-10-07	0.032972	0.094048	0.11524300000000001	0.091525	0.653389	13647100.0
2015-10-06	-0.007944	0.054318	0.069337	0.049312	-0.158682	10577700.0
2015-10-05	0.030829000000000002	0.08682100000000001	0.106432	0.072888	0.597384	10938100.0
2015-10-02	-0.004794	0.037956000000000004	0.066717	0.037956000000000004	-0.093342	15271100.0
2015-10-01	0.005301	0.081666	0.084247	0.063595	0.102676	14508200.0
2015-09-30	0.043238	0.09665499999999999	0.119817	0.095039	0.8027350000000001	12400200.0
2015-09-29	0.013244999999999998	0.07079400000000001	0.088804	0.063699	0.24268499999999998	10919600.0
2015-09-28	-0.020947999999999998	0.067065	0.071339	0.046225999999999996	-0.392033	15576100.0
2015-09-25	0.003002	0.08045	0.08795399999999999	0.069732	0.05600599999999999	10742300.0
2015-09-24	-0.000999	0.064915	0.07241	0.047245999999999996	-0.018667	11088800.0
2015-09-23	0.003007	0.05522899999999999	0.089598	0.05254400000000001	0.056003	22169600.0
2015-09-22	-0.028251	0.052552999999999996	0.05620599999999999	0.03742	-0.54138	13482400.0
2015-09-21	-0.0038810000000000003	0.06718099999999999	0.077057	0.060423000000000004	-0.07467	12292100.0
2015-09-18	-0.00242	0.064598	0.076525	0.055264	-0.046671	14057800.0
2015-09-17	-0.000484	0.066675	0.08947999999999999	0.06615599999999999	-0.009335	11394200.0
2015-09-16	0.013732	0.088153	0.090255	0.075017	0.261356	11471100.0
2015-09-15	0.017465	0.07775499999999999	0.099139	0.07134	0.326693	11469800.0
2015-09-14	0.007035	0.076185	0.085875	0.070801	0.130678	7790800.0
2015-09-11	0.010152	0.073515	0.084935	0.066445	0.186682	9549900.0
2015-09-10	-0.009054000000000001	0.06702799999999999	0.072956	0.038466	-0.16801300000000002	17806400.0
2015-09-09	-0.008479	0.092179	0.103934	0.05905	-0.158682	10318700.0
2015-09-08	0.019319	0.087134	0.092581	0.079509	0.354697	10390900.0
2015-09-04	-0.01993	0.051588999999999996	0.058528	0.046251	-0.373364	8944000.0
2015-09-03	0.006519	0.082622	0.08745800000000001	0.075638	0.121342	8174900.0
2015-09-02	0.027306	0.08734600000000001	0.107768	0.084586	0.494709	14670900.0
2015-09-01	-0.023642	0.042778	0.064873	0.037389	-0.43870200000000004	14185700.0
2015-08-31	-0.006	0.07991000000000001	0.08151699999999999	0.057948	-0.11201099999999999	9081400.0
2015-08-28	0.003009	0.054684	0.078861	0.050385	0.056004	10980800.0
2015-08-27	0.025193	0.080703	0.09833	0.0785	0.457371	17880000.0
2015-08-26	0.03678	0.10446199999999999	0.11245699999999999	0.08161900000000001	0.644054	20952300.0
2015-08-25	0.0	0.12673399999999999	0.142724	0.067913	0.0	25640300.0
2015-08-24	-0.0063560000000000005	0.006651000000000001	0.102549	-0.017182	-0.112009	31876000.0
2015-08-21	-0.037226	0.051672	0.065876	0.030912000000000002	-0.681391	20217500.0
2015-08-20	-0.015068000000000002	0.06488200000000001	0.079949	0.055197	-0.280021	12865500.0
2015-08-19	-0.005991	0.069735	0.07294400000000001	0.049944999999999996	-0.11201099999999999	12491200.0
2015-08-18	-0.012327	0.066057	0.067113	0.057076	-0.23335100000000003	10410700.0
2015-08-17	-0.004907	0.046107	0.06766	0.035067	-0.093342	18060200.0
2015-08-14	-0.007790000000000001	0.062472	0.064037	0.054649	-0.149347	11355400.0
2015-08-13	-0.01012	0.061013	0.068242	0.053785	-0.19601500000000002	7873400.0
2015-08-12	-0.003841	0.05591	0.068768	0.037908	-0.074672	20957100.0
2015-08-11	-0.036094	0.041098	0.046056	0.018789	-0.728062	18685200.0
2015-08-10	0.02758	0.075925	0.115151	0.065736	0.54138	25398700.0
2015-08-07	-0.011748	0.070333	0.07788400000000001	0.056739	-0.233355	16644500.0
2015-08-06	-0.015271000000000002	0.06192	0.068365	0.041594	-0.308025	12945100.0
2015-08-05	0.007459	0.076334	0.092317	0.074836	0.149347	7506500.0
2015-08-04	-0.012431000000000001	0.076765	0.081205	0.052596000000000004	-0.25201999999999997	13832400.0
2015-08-03	-0.017639	0.061163999999999996	0.061163999999999996	0.042751	-0.364032	11945800.0
2015-07-31	-0.025991000000000004	0.06426	0.067092	0.039718	-0.550713	16313800.0
2015-07-30	0.026685000000000004	0.077154	0.103804	0.07521599999999999	0.550713	17400600.0
2015-07-29	0.010512	0.068402	0.090436	0.064485	0.214685	12780100.0
2015-07-28	0.011558	0.075302	0.089171	0.069854	0.233355	13102700.0
2015-07-27	-0.000462	0.067874	0.07381499999999999	0.05599199999999999	-0.009337	10167100.0
2015-07-24	-0.030031	0.059334000000000005	0.066537	0.037725	-0.6253850000000001	15045700.0
2015-07-23	0.00405	0.067	0.08484	0.065072	0.084007	16251500.0
2015-07-22	-0.028845999999999997	0.052141999999999994	0.055419	0.035285000000000004	-0.61605	17279900.0
2015-07-21	-0.0008730000000000001	0.073211	0.083503	0.068065	-0.01867	9372700.0
2015-07-20	-0.005645000000000001	0.07134	0.071805	0.052266999999999994	-0.121343	12307200.0
2015-07-17	0.013198	0.081709	0.08830700000000001	0.073696	0.280023	10314200.0
2015-07-16	0.007536	0.04712	0.084161	0.0305	0.158682	29850800.0
2015-07-15	-0.010526	0.067111	0.076508	0.053014	-0.224018	13861500.0
2015-07-14	-0.002625	0.067122	0.073214	0.063372	-0.05600700000000001	8778400.0
2015-07-13	0.012849000000000001	0.07703600000000001	0.08605399999999999	0.070865	0.270689	11501200.0
2015-07-10	0.015752000000000002	0.077125	0.09303600000000001	0.077125	0.326694	9042600.0
2015-07-09	-0.00045	0.08820700000000001	0.091581	0.06555599999999999	-0.009332	12147200.0
2015-07-08	-0.031794	0.054075	0.057340999999999996	0.034944	-0.681391	13956700.0
2015-07-07	0.000872	0.06526799999999999	0.074142	0.047989	0.018667	10131500.0
2015-07-06	-0.009071	0.064398	0.07643	0.058382	-0.196016	7476100.0
2015-07-02	0.009594	0.07461	0.090028	0.072274	0.20535100000000003	7884900.0
2015-07-01	0.009687000000000001	0.091153	0.095871	0.077944	0.205352	12403200.0
2015-06-30	0.014745	0.094317	0.107242	0.085222	0.308026	15836800.0
2015-06-29	-0.022793	0.060487	0.073117	0.045985000000000005	-0.48724399999999995	14494500.0
2015-06-26	-0.018688	0.09805	0.103559	0.076016	-0.407095	14805800.0
2015-06-25	0.007532	0.11187000000000001	0.125283	0.11002	0.16284200000000001	8369700.0
2015-06-24	-0.001254	0.10678	0.108628	0.100775	-0.027144	9368200.0
2015-06-23	0.003775	0.113277	0.114668	0.101222	0.081419	9339600.0
2015-06-22	0.018803	0.117677	0.12854200000000002	0.114843	0.398049	13407100.0
2015-06-19	-0.015152	0.09888200000000001	0.101673	0.088181	-0.325676	11609100.0
2015-06-18	0.00678	0.108205	0.11616800000000001	0.10399000000000001	0.144745	11225200.0
2015-06-17	0.000848	0.104457	0.11102000000000001	0.099301	0.018093	12642300.0
2015-06-16	0.013758000000000001	0.10444400000000001	0.123929	0.10254300000000001	0.28949	12381400.0
2015-06-15	-0.017322	0.09231900000000001	0.094654	0.084847	-0.370909	12984800.0
2015-06-12	0.006806	0.106806	0.117149	0.100223	0.14474700000000001	12115900.0
2015-06-11	0.0077150000000000005	0.121031	0.1234	0.111554	0.162838	12836500.0
2015-06-10	0.021901	0.116047	0.130088	0.113626	0.452325	14611900.0
2015-06-09	0.007947	0.116132	0.127356	0.108323	0.162838	14045900.0
2015-06-08	-0.009186	0.105878	0.108296	0.092823	-0.189977	9155900.0
2015-06-05	-0.005222	0.09769800000000001	0.10828099999999999	0.094331	-0.10855899999999999	9277100.0
2015-06-04	-0.028739999999999998	0.087174	0.094649	0.06428099999999999	-0.615164	16981800.0
2015-06-03	-0.00042300000000000004	0.11053199999999999	0.11146600000000001	0.096522	-0.009048	10846500.0
2015-06-02	-0.019469999999999998	0.09806799999999999	0.098984	0.082499	-0.42518599999999995	12267300.0
2015-06-01	-0.005765999999999999	0.100842	0.103574	0.08946	-0.126654	10391300.0
2015-05-29	-0.006953	0.087311	0.10449100000000001	0.082337	-0.153791	13170000.0
2015-05-28	-0.006097999999999999	0.100452	0.10764100000000001	0.09461	-0.13569900000000001	10416600.0
2015-05-27	0.014015000000000001	0.10129400000000001	0.125443	0.098104	0.307583	14361100.0
2015-05-26	0.002479	0.104024	0.11361700000000001	0.103111	0.054278999999999994	10911600.0
2015-05-22	-0.00165	0.111323	0.1209	0.10357100000000001	-0.036184	8574500.0
2015-05-21	-0.013831999999999999	0.096401	0.098649	0.08605700000000001	-0.307583	12175800.0
2015-05-20	-0.000407	0.102248	0.108991	0.097303	-0.009046	9053200.0
2015-05-19	0.0073739999999999995	0.10856500000000001	0.11671600000000001	0.10765899999999999	0.162838	10063100.0
2015-05-18	-0.006108	0.10179400000000001	0.10179400000000001	0.096843	-0.13569900000000001	9387100.0
2015-05-15	0.006145	0.107206	0.113999	0.105395	0.13569900000000001	5952400.0
2015-05-14	-0.001228	0.102229	0.10901300000000001	0.09951499999999999	-0.027139999999999997	9130500.0
2015-05-13	0.002461	0.109929	0.11854300000000001	0.105848	0.054278999999999994	6596700.0
2015-05-12	0.00041	0.096777	0.11129100000000001	0.094962	0.009045000000000001	10406900.0
2015-05-11	-0.007331999999999999	0.10674600000000001	0.108547	0.095939	-0.16283399999999998	6256500.0
2015-05-08	0.007386	0.109477	0.122178	0.106302	0.16283399999999998	11054400.0
2015-05-07	-0.0032719999999999997	0.100874	0.10358599999999998	0.095448	-0.072372	7299600.0
2015-05-06	0.006587000000000001	0.109491	0.115407	0.103574	0.144746	8302200.0
2015-05-05	-0.001234	0.099941	0.111304	0.098577	-0.027139	13233000.0
2015-05-04	-0.016977000000000003	0.097352	0.09958600000000001	0.084842	-0.379954	9436900.0
2015-05-01	0.012275	0.117154	0.12348599999999998	0.111275	0.271395	9732900.0
2015-04-30	-0.014119	0.092464	0.097815	0.086221	-0.316629	16033300.0
2015-04-29	-0.008797	0.09832300000000001	0.100533	0.086832	-0.199025	12642500.0
2015-04-28	-0.015742	0.097564	0.100175	0.078858	-0.36186	14437100.0
2015-04-27	0.020072	0.10450699999999999	0.143558	0.099182	0.452326	25744900.0
2015-04-24	0.025103	0.14588099999999998	0.151339	0.123136	0.55184	28481800.0
2015-04-23	0.019295	0.105395	0.13228800000000002	0.09890299999999999	0.41613900000000004	22973300.0
2015-04-22	0.02186	0.10871199999999999	0.12955899999999998	0.10823800000000001	0.46137700000000004	15880200.0
2015-04-21	0.002578	0.10682	0.110145	0.10017000000000001	0.054278999999999994	13191400.0
2015-04-20	0.002153	0.11396400000000001	0.12443699999999999	0.103967	0.045232999999999995	15253500.0
2015-04-17	-0.0008609999999999999	0.09588200000000001	0.10587	0.087796	-0.018095	16113600.0
2015-04-16	-0.011484000000000001	0.105395	0.107276	0.064959	-0.24425500000000003	28320800.0
2015-04-15	0.014236000000000002	0.104441	0.127331	0.101103	0.298534	16883000.0
2015-04-14	-0.006429000000000001	0.101131	0.103973	0.081705	-0.135696	13787000.0
2015-04-13	-0.007234	0.10586500000000001	0.11433199999999999	0.096458	-0.153792	11125700.0
2015-04-10	0.00256	0.11907100000000001	0.12237200000000001	0.102565	0.054278	10531900.0
2015-04-09	0.010345	0.107777	0.127789	0.107301	0.217117	10183300.0
2015-04-08	-0.008123	0.09310700000000001	0.103505	0.090745	-0.17188299999999998	10835200.0
2015-04-07	-0.006372	0.105395	0.10962100000000001	0.096473	-0.1357	13305600.0
2015-04-06	-0.006332	0.082531	0.10772799999999999	0.082064	-0.135698	11439200.0
2015-04-02	0.019802	0.123953	0.133946	0.122049	0.41613900000000004	12443500.0
2015-04-01	-0.010647	0.10304100000000001	0.104924	0.089388	-0.226162	13314800.0
2015-03-31	0.009892	0.11300199999999999	0.12013299999999999	0.108723	0.208071	13621500.0
2015-03-30	0.013513999999999998	0.09768500000000001	0.122742	0.09768500000000001	0.280443	14707100.0
2015-03-27	-0.011207	0.09157699999999999	0.101583	0.079666	-0.23521	20264000.0
2015-03-26	0.000863	0.099672	0.12113199999999999	0.094904	0.018093	36432500.0
2015-03-25	-0.053877999999999995	0.10268800000000002	0.10313900000000001	0.041326999999999996	-1.194143	32339400.0
2015-03-24	-0.012097	0.096926	0.100938	0.089795	-0.271395	9071500.0
2015-03-23	0.0012109999999999998	0.110304	0.113428	0.104502	0.027138	9110900.0
2015-03-20	0.004461	0.11167	0.11615299999999999	0.10629100000000001	0.099512	7196900.0
2015-03-19	-0.002023	0.11389400000000001	0.125078	0.101816	-0.045232999999999995	11699700.0
2015-03-18	0.016454	0.11448900000000001	0.132223	0.09812	0.36186199999999996	14551700.0
2015-03-17	0.001236	0.09492300000000001	0.112679	0.090371	0.027138	12558800.0
2015-03-16	0.016751	0.10956099999999999	0.129002	0.106321	0.36186399999999996	18384800.0
2015-03-13	0.014875	0.111502	0.126065	0.11103199999999999	0.316628	9748200.0
2015-03-12	0.001703	0.10586500000000001	0.11763	0.10445399999999999	0.036186	10892000.0
2015-03-11	0.019089	0.12265899999999999	0.137526	0.12265899999999999	0.39805	9485000.0
2015-03-10	-0.017058	0.085125	0.096439	0.07994	-0.36186399999999996	12405600.0
2015-03-09	-0.026567	0.086123	0.08749900000000001	0.06730900000000001	-0.578979	15598700.0
2015-03-06	-0.015127000000000002	0.09590499999999999	0.10178	0.086414	-0.334719	6375000.0
2015-03-05	0.005343	0.111301	0.11220999999999999	0.096762	0.117603	6882400.0
2015-03-04	-0.006939	0.108553	0.10990699999999999	0.088701	-0.153791	9415000.0
2015-03-03	-0.005278	0.10898499999999998	0.109883	0.095072	-0.117604	7485300.0
2015-03-02	0.004077	0.099537	0.109901	0.099537	0.090464	7081200.0
2015-02-27	-0.006078	0.10853	0.109874	0.095989	-0.135698	8541000.0
2015-02-26	-0.014377000000000001	0.0948	0.10318699999999999	0.08817799999999999	-0.325678	7588500.0
2015-02-25	0.0	0.10583599999999999	0.117755	0.10318699999999999	0.0	10388400.0
2015-02-24	0.033856	0.112697	0.144645	0.111328	0.741819	15932700.0
2015-02-23	-0.009002	0.104038	0.10494300000000001	0.091374	-0.199024	7827400.0
2015-02-20	-0.0032630000000000003	0.11350999999999999	0.11395999999999999	0.09547699999999999	-0.072372	7268000.0
2015-02-19	-0.007689	0.10405299999999999	0.105395	0.094211	-0.17188499999999998	9929400.0
2015-02-18	-0.0024219999999999997	0.101825	0.108965	0.098255	-0.054278999999999994	7433100.0
2015-02-17	-0.0028179999999999998	0.09872	0.10762000000000001	0.098275	-0.063326	10525500.0
2015-02-13	0.015121	0.10449100000000001	0.12753	0.102233	0.33472199999999996	11637500.0
2015-02-12	0.007409999999999999	0.110856	0.114041	0.099024	0.162838	10136200.0
2015-02-11	0.018022	0.106321	0.12809600000000002	0.101225	0.388998	14211100.0
2015-02-10	0.052492	0.16537000000000002	0.16780799999999998	0.14391500000000002	1.07654	17077300.0
2015-02-09	-0.018615	0.09678099999999999	0.097738	0.076205	-0.389	12821100.0
2015-02-06	-0.023669	0.095584	0.103993	0.076896	-0.506605	16529800.0
2015-02-05	0.003393	0.11195799999999999	0.11383299999999999	0.092738	0.072371	12016600.0
2015-02-04	0.018575	0.126405	0.134044	0.11972000000000001	0.389002	11266500.0
2015-02-03	0.009154	0.124669	0.12948800000000002	0.111177	0.189977	16676200.0
2015-02-02	0.010128	0.12097100000000001	0.123404	0.105395	0.208071	12854500.0
2015-01-30	-0.024903	0.091156	0.097326	0.075968	-0.5247	17590300.0
2015-01-29	-0.026744999999999998	0.094309	0.09938999999999999	0.066131	-0.57898	19411300.0
2015-01-28	-0.010748	0.116819	0.119104	0.08985800000000001	-0.23521	16762900.0
2015-01-27	0.001242	0.104022	0.10997	0.095787	0.027142000000000003	14735300.0
2015-01-26	0.007086	0.10355199999999999	0.11460999999999999	0.101248	0.153789	14091400.0
2015-01-23	0.011809	0.115652	0.132902	0.113321	0.253306	13027300.0
2015-01-22	0.021542	0.10491900000000001	0.129684	0.090154	0.452325	25334400.0
2015-01-21	0.005197	0.101086	0.11497	0.09917100000000001	0.10855899999999999	17966600.0
2015-01-20	0.021681	0.105395	0.134252	0.099036	0.443279	23999700.0
2015-01-16	-0.012669	0.08028300000000001	0.096219	0.07642	-0.262348	22402000.0
2015-01-15	0.086895	0.185701	0.21404499999999999	0.15001	1.655518	36350200.0
2015-01-14	0.000475	0.08438999999999999	0.10802	0.081764	0.009046	21499600.0
2015-01-13	0.012506	0.117624	0.132511	0.116029	0.235211	11043200.0
2015-01-12	-0.01934	0.098095	0.099659	0.078803	-0.370911	24695300.0
2015-01-09	-0.027969	0.095765	0.09677899999999999	0.065355	-0.551836	17596000.0
2015-01-08	0.00646	0.10641500000000001	0.12273800000000001	0.105395	0.12665	15825900.0
2015-01-07	0.014513	0.117298	0.126095	0.10436	0.280443	10180200.0
2015-01-06	-0.017478999999999998	0.084039	0.097259	0.075904	-0.343769	10169500.0
2015-01-05	-0.024237	0.098449	0.099937	0.077115	-0.48851400000000006	9031800.0
2015-01-02	-0.004468	0.108852	0.109346	0.086626	-0.090464	6074100.0
2014-12-31	-0.0026739999999999997	0.10736500000000002	0.115247	0.099976	-0.054280999999999996	3877200.0
2014-12-30	0.002681	0.102925	0.114285	0.102431	0.054280999999999996	4791900.0
2014-12-29	0.0031379999999999997	0.12273599999999998	0.127196	0.10886300000000002	0.063326	3737200.0
2014-12-26	-0.00179	0.114297	0.114792	0.101438	-0.036188	2634900.0
2014-12-24	0.0063030000000000004	0.10688800000000001	0.120326	0.10589200000000001	0.126652	1975600.0
2014-12-23	-0.0071519999999999995	0.097983	0.105395	0.09699400000000001	-0.144745	6055100.0
2014-12-22	0.007658	0.10887999999999999	0.12431600000000001	0.10639100000000001	0.153791	4714700.0
2014-12-19	0.018816	0.140905	0.143949	0.115541	0.370909	11708000.0
2014-12-18	0.006931999999999999	0.126338	0.135022	0.109481	0.1357	10804900.0
2014-12-17	0.009328	0.096114	0.116222	0.090959	0.18093	13146600.0
2014-12-16	-0.022789	0.098845	0.10086	0.0797	-0.45232799999999995	11179200.0
2014-12-15	-0.001366	0.11646400000000001	0.126527	0.10137	-0.027139999999999997	14120700.0
2014-12-12	-0.007678	0.104896	0.10938900000000001	0.09690700000000001	-0.153789	11335100.0
2014-12-11	-0.0022530000000000002	0.09593	0.11436199999999999	0.091945	-0.045235000000000004	11096100.0
2014-12-10	-0.017272	0.099031	0.099031	0.085323	-0.35281599999999996	10065400.0
2014-12-09	0.003556	0.094587	0.11030799999999999	0.08426900000000001	0.072373	9606600.0
2014-12-08	-0.010554000000000001	0.107339	0.11317200000000001	0.088381	-0.21711599999999998	9404100.0
2014-12-05	-0.0035060000000000004	0.10248800000000001	0.104426	0.092316	-0.072372	7679900.0
2014-12-04	-0.004797	0.103949	0.105395	0.094307	-0.099512	6130000.0
2014-12-03	0.01595	0.114211	0.130373	0.10588499999999999	0.325676	16566400.0
2014-12-02	-0.016128999999999998	0.09238500000000001	0.093348	0.081302	-0.334723	9853000.0
2014-12-01	-0.022581999999999998	0.092678	0.09362000000000001	0.075723	-0.47946700000000003	7990200.0
2014-11-28	0.012511	0.112548	0.12256199999999999	0.10253399999999999	0.26235	6019000.0
2014-11-26	0.011784999999999999	0.10925499999999999	0.12131700000000001	0.10636	0.24425700000000003	7688400.0
2014-11-25	-0.001308	0.105395	0.111659	0.102022	-0.027139999999999997	6605100.0
2014-11-24	-0.005204	0.095808	0.102998	0.090535	-0.10855999999999999	9042000.0
2014-11-21	0.013181	0.114623	0.12190799999999999	0.11170899999999999	0.27139800000000003	11661000.0
2014-11-20	0.010209000000000001	0.108829	0.11962300000000001	0.104904	0.208071	11797500.0
2014-11-19	0.021769	0.119933	0.134972	0.11492000000000001	0.43423500000000004	14975100.0
2014-11-18	0.00639	0.097827	0.11548499999999999	0.0948	0.12665	13347000.0
2014-11-17	-0.021875	0.094045	0.095525	0.074799	-0.44328	16309900.0
2014-11-14	0.002686	0.11034300000000001	0.111827	0.10390999999999999	0.054278	8233100.0
2014-11-13	0.013152	0.115922	0.12394300000000001	0.110909	0.262352	10891000.0
2014-11-12	-0.006756999999999999	0.084482	0.098922	0.082988	-0.135701	11788800.0
2014-11-11	-0.002695	0.11036099999999999	0.112347	0.09745	-0.054277	6580400.0
2014-11-10	0.020165	0.11957899999999999	0.131231	0.119073	0.398045	7833800.0
2014-11-07	0.000918	0.10640899999999999	0.108944	0.095761	0.018095	7835600.0
2014-11-06	-0.010440000000000001	0.105897	0.1069	0.08984	-0.208069	6782500.0
2014-11-05	0.0036439999999999997	0.11093399999999999	0.116977	0.099855	0.072368	8994500.0
2014-11-04	0.002283	0.10993800000000001	0.11044200000000001	0.098328	0.045237	8881100.0
2014-11-03	-0.00545	0.10338699999999999	0.10338699999999999	0.09184099999999999	-0.10856099999999999	10560900.0
2014-10-31	0.043108	0.135766	0.158806	0.135766	0.823235	19615000.0
2014-10-30	-0.022233000000000003	0.100275	0.102835	0.075699	-0.43423500000000004	12181300.0
2014-10-29	0.0	0.104371	0.10897899999999999	0.097715	0.0	9201700.0
2014-10-28	0.010768000000000002	0.110052	0.117815	0.10436	0.208073	11058800.0
2014-10-27	0.008499	0.112702	0.116877	0.101742	0.162838	11136800.0
2014-10-24	-0.005634	0.09034500000000001	0.099686	0.084117	-0.10855899999999999	8800200.0
2014-10-23	0.002825	0.110079	0.11476300000000002	0.09967000000000001	0.054279999999999995	10095300.0
2014-10-22	-0.007012999999999999	0.116247	0.12141500000000001	0.095059	-0.13569900000000001	14927700.0
2014-10-21	0.024916	0.108573	0.137174	0.101687	0.470419	17393800.0
2014-10-20	0.007240000000000001	0.10912899999999999	0.119799	0.100593	0.135701	11512400.0
2014-10-17	0.0	0.096326	0.11073	0.096326	0.0	14809100.0
2014-10-16	0.032387	0.11420699999999999	0.161573	0.11200399999999999	0.588024	30662100.0
2014-10-15	-0.003476	0.082343	0.11143199999999999	0.067524	-0.063326	20760400.0
2014-10-14	0.023894	0.11775799999999999	0.145295	0.11550999999999999	0.42518599999999995	21296600.0
2014-10-13	0.011831	0.126434	0.143492	0.11563	0.208071	14696600.0
2014-10-10	-0.050317	0.08973500000000001	0.091895	0.047074	-0.931792	28668600.0
2014-10-09	-0.006311	0.11451700000000001	0.11505399999999999	0.0952	-0.117605	10846800.0
2014-10-08	0.010795	0.09400499999999999	0.120582	0.091293	0.199024	12264600.0
2014-10-07	-0.021134	0.098493	0.101147	0.080972	-0.39805	9473500.0
2014-10-06	-0.00047999999999999996	0.10910999999999998	0.10964000000000002	0.098496	-0.009045000000000001	19804800.0
2014-10-03	0.026614	0.12282799999999999	0.138627	0.11847	0.488511	19548800.0
2014-10-02	0.009453	0.105395	0.12244300000000001	0.096046	0.17188599999999998	22937000.0
2014-10-01	-0.003964	0.105395	0.108134	0.094987	-0.072372	16100700.0
2014-09-30	0.011529000000000001	0.102624	0.118693	0.097637	0.20806799999999998	15357400.0
2014-09-29	-0.009434	0.09386900000000001	0.099357	0.083989	-0.171882	12150400.0
2014-09-26	0.001492	0.103746	0.11034200000000001	0.10319600000000001	0.027139	11396400.0
2014-09-25	-0.023312	0.091436	0.093584	0.076941	-0.434234	12835200.0
2014-09-24	0.012291	0.11409000000000001	0.121699	0.111373	0.22616599999999998	9684500.0
2014-09-23	-0.000982	0.101594	0.11191	0.101051	-0.018095	9091000.0
2014-09-22	-0.007797	0.10054600000000001	0.101624	0.088157	-0.14474700000000001	12063100.0
2014-09-19	-0.019119999999999998	0.103281	0.10697999999999999	0.083202	-0.36186	8952700.0
2014-09-18	0.014549000000000001	0.10968399999999999	0.12362200000000001	0.107003	0.27139800000000003	8889700.0
2014-09-17	0.006836	0.109713	0.11888800000000001	0.108633	0.12665	6456800.0
2014-09-16	0.011858	0.104849	0.12451	0.09993300000000001	0.217117	8209000.0
2014-09-15	-0.004915999999999999	0.11245999999999999	0.11245999999999999	0.09941699999999999	-0.090463	8072900.0
2014-09-12	-0.026794	0.096933	0.09799	0.072603	-0.5066069999999999	15136400.0
2014-09-11	-0.006182	0.09488200000000001	0.100664	0.090152	-0.11760799999999999	7389100.0
2014-09-10	-0.00095	0.092267	0.10697000000000001	0.089641	-0.018091	6244800.0
2014-09-09	-0.000949	0.105395	0.11221500000000001	0.100673	-0.018093	7312400.0
2014-09-08	-0.005194	0.10487300000000001	0.105395	0.096522	-0.099512	6724200.0
2014-09-05	-0.000472	0.102265	0.105395	0.09444	-0.009048	5969000.0
2014-09-04	-0.007494	0.103842	0.106948	0.096593	-0.144743	8057900.0
2014-09-03	0.012808000000000002	0.115882	0.121126	0.110114	0.24425500000000003	9850200.0
2014-09-02	0.006686	0.10961800000000001	0.12228699999999999	0.10803399999999999	0.12665099999999999	8116900.0
2014-08-29	0.0014349999999999999	0.107509	0.107509	0.100108	0.027139999999999997	5322800.0
2014-08-28	0.0	0.09535	0.106452	0.088478	0.0	7620800.0
2014-08-27	0.005288	0.111772	0.11336600000000001	0.099549	0.099512	12153100.0
2014-08-26	0.005803	0.106998	0.114482	0.10325699999999999	0.10856099999999999	7830700.0
2014-08-25	-0.007201000000000001	0.106456	0.107518	0.095843	-0.13569900000000001	9991200.0
2014-08-22	0.010184	0.111828	0.12576600000000002	0.111828	0.189978	11389900.0
2014-08-21	-0.010556999999999999	0.09902999999999999	0.102743	0.09213400000000001	-0.199026	10642500.0
2014-08-20	0.004822	0.105395	0.11392200000000001	0.10432899999999999	0.09046599999999999	10026700.0
2014-08-19	0.01319	0.114575	0.12375499999999999	0.114575	0.244258	7677200.0
2014-08-18	0.000978	0.104314	0.107557	0.099449	0.018092	4432100.0
2014-08-15	-0.003897	0.106472	0.106472	0.093011	-0.072373	7212400.0
2014-08-14	0.009838	0.11735699999999999	0.120075	0.11246300000000001	0.18093099999999998	6287000.0
2014-08-13	0.017009	0.124196	0.130832	0.120878	0.307585	11932500.0
2014-08-12	-0.002993	0.108152	0.108703	0.097125	-0.054278999999999994	9283800.0
2014-08-11	0.013138	0.117683	0.12662	0.117683	0.235206	10054400.0
2014-08-08	-0.006027	0.108726	0.11205699999999999	0.094846	-0.10855799999999999	19783100.0
2014-08-07	-0.006487000000000001	0.108704	0.116427	0.09601799999999999	-0.11760599999999999	8653500.0
2014-08-06	0.012121	0.114327	0.12270199999999999	0.110419	0.21711999999999998	9394300.0
2014-08-05	-0.034617	0.078447	0.080603	0.060662	-0.642304	13411900.0
2014-08-04	0.015346	0.125095	0.128378	0.113603	0.280441	9836300.0
2014-08-01	0.01	0.107053	0.121976	0.107053	0.18093199999999998	9833500.0
2014-07-31	-0.034749	0.076586	0.08192100000000001	0.062716	-0.65135	16332100.0
2014-07-30	0.008763	0.116158	0.11831099999999999	0.109162	0.16283399999999998	9957300.0
2014-07-29	0.008346	0.121675	0.128729	0.114077	0.153793	9895500.0
2014-07-28	0.000983	0.097247	0.109197	0.093444	0.018091	12681000.0
2014-07-25	-0.02585	0.092166	0.092166	0.074175	-0.48851000000000006	12177800.0
2014-07-24	0.010154999999999999	0.113947	0.120896	0.10913699999999998	0.189978	12694300.0
2014-07-23	-0.001449	0.10753	0.10966500000000001	0.101658	-0.027142000000000003	11879700.0
2014-07-22	0.013705000000000002	0.120545	0.12595499999999998	0.11838	0.253304	10489800.0
2014-07-21	-0.002441	0.107554	0.109713	0.101077	-0.045232999999999995	17570900.0
2014-07-18	0.013861000000000002	0.125095	0.131114	0.118528	0.253303	19052400.0
2014-07-17	-0.034878	0.100113	0.100113	0.06261599999999999	-0.6603979999999999	25798200.0
2014-07-16	-0.068536	0.06505599999999999	0.06751499999999999	0.028651999999999997	-1.393166	41814000.0
2014-07-15	-0.008385	0.101005	0.10198	0.08490700000000001	-0.17188399999999998	10256800.0
2014-07-14	0.015778999999999998	0.11689100000000001	0.123828	0.110945	0.31843699999999997	14313800.0
2014-07-11	-0.0061	0.132732	0.13618	0.11992699999999999	-0.123865	13026000.0
2014-07-10	0.02364	0.119683	0.15698900000000002	0.119179	0.468916	14431800.0
2014-07-09	-0.006645999999999999	0.12426	0.12626300000000001	0.118251	-0.132711	12353400.0
2014-07-08	-0.004411	0.127278	0.130768	0.1198	-0.088476	10319000.0
2014-07-07	-0.001761	0.135744	0.138731	0.12579100000000001	-0.035387	12390700.0
2014-07-03	0.014745	0.14037	0.14693599999999998	0.13683499999999998	0.29196300000000003	4317800.0
2014-07-02	0.018662	0.150334	0.164224	0.145189	0.362745	10574100.0
2014-07-01	0.027114999999999997	0.145065	0.161446	0.145065	0.513152	8655700.0
2014-06-30	0.005169	0.13398800000000002	0.139299	0.12973900000000002	0.09732400000000001	6491200.0
2014-06-27	0.012369	0.138873	0.145326	0.135647	0.23003200000000001	5816000.0
2014-06-26	-0.00047599999999999997	0.131882	0.136719	0.12382	-0.008848	5177100.0
2014-06-25	0.012031	0.135709	0.145499	0.113952	0.221185	5486200.0
2014-06-24	-0.003357	0.141654	0.146533	0.124849	-0.061929	8122200.0
2014-06-23	-0.014184	0.123322	0.123322	0.113169	-0.265423	6105200.0
2014-06-20	-0.024896	0.119326	0.120369	0.101609	-0.47776599999999997	8450400.0
2014-06-19	0.015925	0.12974000000000002	0.148269	0.12974000000000002	0.30081399999999997	9709300.0
2014-06-18	0.004233	0.128675	0.13983900000000002	0.123358	0.07962799999999999	8455000.0
2014-06-17	0.002357	0.13133599999999998	0.13506600000000002	0.12600699999999998	0.044239	10287700.0
2014-06-16	0.00569	0.13027	0.137237	0.129198	0.10616600000000001	4543500.0
2014-06-13	-0.000947	0.131876	0.135624	0.125451	-0.017694	5705100.0
2014-06-12	-0.0009460000000000001	0.128665	0.13508399999999998	0.122781	-0.017693	5641600.0
2014-06-11	-0.007981	0.1308	0.133984	0.117004	-0.15040699999999999	7507600.0
2014-06-10	0.004243	0.12920399999999999	0.140395	0.12600699999999998	0.07962799999999999	7595600.0
2014-06-09	0.00569	0.140988	0.142596	0.134021	0.10616600000000001	8131800.0
2014-06-06	-0.005188	0.13133599999999998	0.13186900000000001	0.123339	-0.097318	7647900.0
2014-06-05	0.004739	0.131341	0.13616199999999998	0.127591	0.08847200000000001	8404000.0
2014-06-04	-0.006591	0.129205	0.13133399999999998	0.121755	-0.12386300000000001	10888700.0
2014-06-03	0.028074	0.132458	0.16528299999999999	0.128628	0.513151	20116100.0
2014-06-02	0.004864	0.136317	0.137416	0.13081900000000002	0.088476	6475000.0
2014-05-30	-0.006763	0.113889	0.126447	0.113889	-0.123867	6671500.0
2014-05-29	-0.007670000000000001	0.129728	0.129728	0.118349	-0.141559	6114900.0
2014-05-28	-0.001436	0.133516	0.137304	0.125941	-0.026539	7761100.0
2014-05-27	0.011132	0.13957	0.146682	0.132458	0.203489	7520300.0
2014-05-23	0.0009689999999999999	0.134651	0.134651	0.125341	0.017697	7179700.0
2014-05-22	0.006829000000000001	0.134129	0.142399	0.131924	0.12386300000000001	6156500.0
2014-05-21	-0.000488	0.13027	0.13633199999999998	0.128616	-0.008848	5629400.0
2014-05-20	-0.007259999999999999	0.12315799999999999	0.13300499999999998	0.119328	-0.132712	4564200.0
2014-05-19	-0.005296	0.123195	0.128093	0.11938599999999999	-0.097322	6459900.0
2014-05-16	0.005324000000000001	0.13081700000000002	0.139023	0.115498	0.097322	9131200.0
2014-05-15	0.003887	0.13027	0.13685999999999998	0.12148199999999999	0.07078	12943300.0
2014-05-14	-0.002907	0.134103	0.142317	0.125341	-0.053083000000000005	10140100.0
2014-05-13	0.002428	0.126427	0.136857	0.12093800000000002	0.044235000000000003	9547500.0
2014-05-12	0.008819	0.11420999999999999	0.140238	0.113656	0.159254	19623700.0
2014-05-09	-0.004876	0.129719	0.132474	0.11649300000000001	-0.088474	10384000.0
2014-05-08	0.008854	0.131382	0.144725	0.13027	0.15925599999999998	13522200.0
2014-05-07	0.0165	0.13253	0.14948399999999998	0.128574	0.29196300000000003	14637400.0
2014-05-06	0.017294	0.137169	0.15499100000000002	0.134294	0.30081399999999997	10549900.0
2014-05-05	0.002039	0.125085	0.136607	0.123357	0.035391000000000006	7061200.0
2014-05-02	-0.007587000000000001	0.129126	0.131985	0.12169400000000001	-0.132712	11073200.0
2014-05-01	-0.016418000000000002	0.129707	0.130832	0.110588	-0.291969	10276400.0
2014-04-30	0.0	0.122397	0.13027	0.1134	0.0	12965700.0
2014-04-29	-0.009852	0.12971300000000002	0.13583800000000001	0.118021	-0.176945	13771200.0
2014-04-28	0.019588	0.142759	0.152977	0.138785	0.345049	14382700.0
2014-04-25	-0.031615	0.103332	0.10772999999999999	0.091238	-0.575083	15474700.0
2014-04-24	0.007349	0.131931	0.140792	0.12196300000000002	0.13271	12202800.0
2014-04-23	-0.0072959999999999995	0.119825	0.12477200000000001	0.115976	-0.13271	9031700.0
2014-04-22	0.0	0.120374	0.131369	0.118725	0.0	11191200.0
2014-04-21	-0.007722	0.11281400000000001	0.123178	0.10517699999999999	-0.141561	11525800.0
2014-04-17	0.028288	0.15495	0.17346099999999998	0.153829	0.504305	20492800.0
2014-04-16	-0.017552	0.124759	0.12531	0.10492	-0.318508	15121500.0
2014-04-15	0.01234	0.134175	0.147006	0.119112	0.221187	22468600.0
2014-04-14	0.018602	0.13993	0.155273	0.135384	0.327355	9819500.0
2014-04-11	0.003532	0.13027	0.138253	0.12570699999999999	0.06193099999999999	8414400.0
2014-04-10	-0.016377000000000003	0.133635	0.138684	0.110076	-0.29196500000000003	9776500.0
2014-04-09	0.008509000000000001	0.129138	0.143281	0.129138	0.150409	9754100.0
2014-04-08	0.012158	0.13885799999999998	0.144011	0.133132	0.21233400000000002	9181600.0
2014-04-07	-0.001517	0.12340899999999999	0.13255699999999998	0.12112200000000001	-0.026539	9693500.0
2014-04-04	-0.008526	0.135371	0.144441	0.11836600000000001	-0.150408	14585200.0
2014-04-03	-0.00499	0.12575799999999998	0.13309	0.11673299999999999	-0.088474	14904400.0
2014-04-02	-0.01378	0.129157	0.131938	0.11191400000000001	-0.24772800000000003	14875200.0
2014-04-01	0.014985	0.13309200000000002	0.14946500000000001	0.132528	0.265421	16133600.0
2014-03-31	0.019348	0.136025	0.15329	0.135449	0.336206	14482300.0
2014-03-28	0.011328	0.132016	0.15820599999999999	0.132016	0.194641	11246400.0
2014-03-27	0.017287	0.12494100000000001	0.15454500000000002	0.12494100000000001	0.291966	14222200.0
2014-03-26	-0.0015689999999999999	0.138546	0.143275	0.127905	-0.026541000000000002	10597800.0
2014-03-25	0.025751	0.13936500000000002	0.16301400000000002	0.13936500000000002	0.424679	17129500.0
2014-03-24	0.005936	0.135149	0.138809	0.12234	0.09732	7898200.0
2014-03-21	-0.016975999999999998	0.126072	0.13027	0.104486	-0.283119	12885000.0
2014-03-20	-0.0015890000000000001	0.11051400000000002	0.128474	0.105725	-0.026542000000000003	13124200.0
2014-03-19	-0.015641	0.124377	0.125555	0.106109	-0.265421	10596800.0
2014-03-18	0.0036630000000000005	0.128495	0.13559300000000002	0.126129	0.061929	11987400.0
2014-03-17	0.011111	0.13864200000000002	0.145818	0.13326	0.185799	10786300.0
2014-03-14	-0.019201	0.122645	0.131443	0.107981	-0.327356	13077400.0
2014-03-13	-0.008235	0.129688	0.135505	0.115727	-0.141562	18414700.0
2014-03-12	0.035163	0.13027	0.173626	0.13027	0.583933	21260500.0
2014-03-11	-0.010020999999999999	0.127885	0.13027	0.114174	-0.168098	8748200.0
2014-03-10	0.010121999999999999	0.126055	0.141711	0.124248	0.168098	10652100.0
2014-03-07	-0.005299	0.138655	0.139254	0.11948800000000001	-0.088474	14153200.0
2014-03-06	0.026101	0.151781	0.161	0.147479	0.424677	14240300.0
2014-03-05	0.019400999999999998	0.14843900000000002	0.154078	0.144053	0.309661	9863100.0
2014-03-04	0.0005549999999999999	0.13215	0.13653800000000002	0.12901600000000002	0.008848	12548700.0
2014-03-03	-0.0022140000000000003	0.11713399999999999	0.130895	0.11150499999999999	-0.035391000000000006	18168800.0
2014-02-28	0.003332	0.130897	0.13905599999999999	0.128387	0.053087	11279600.0
2014-02-27	0.010095	0.129002	0.14168	0.127734	0.159253	8659800.0
2014-02-26	0.011918000000000002	0.131552	0.146306	0.13027	0.18579500000000002	9376100.0
2014-02-25	-0.0039570000000000004	0.127075	0.132186	0.12387999999999999	-0.06192999999999999	5944700.0
2014-02-24	-0.0028190000000000003	0.128358	0.133455	0.12453499999999999	-0.044239999999999995	5499200.0
2014-02-21	0.002827	0.13793699999999998	0.141771	0.13027	0.044239999999999995	6013200.0
2014-02-20	-0.003942	0.12008699999999999	0.130906	0.111177	-0.061935000000000004	11836500.0
2014-02-19	-0.001686	0.126458	0.135988	0.118834	-0.026542000000000003	8702500.0
2014-02-18	-0.0055899999999999995	0.13153299999999998	0.133429	0.117002	-0.088473	6412700.0
2014-02-14	0.025215	0.14063299999999998	0.163303	0.139985	0.389285	11269900.0
2014-02-13	0.004028	0.12181600000000001	0.139374	0.12181600000000001	0.061936	6564600.0
2014-02-12	-0.000575	0.134819	0.137419	0.12572	-0.008847	6962800.0
2014-02-11	0.007532	0.132889	0.14271199999999998	0.125686	0.115015	9631800.0
2014-02-10	0.005827000000000001	0.128952	0.140808	0.126318	0.088473	8003300.0
2014-02-07	0.010006000000000001	0.138253	0.148897	0.136257	0.15041	9430700.0
2014-02-06	0.032199	0.14675	0.166664	0.14675	0.468913	10142700.0
2014-02-05	-0.016725999999999998	0.12216800000000001	0.12554300000000002	0.11001400000000001	-0.24772800000000003	14334100.0
2014-02-04	-0.001789	0.13027	0.13701	0.125552	-0.026543999999999998	12321900.0
2014-02-03	-0.008865000000000001	0.13695	0.14296199999999998	0.114238	-0.13271	14171700.0
2014-01-31	-0.012836000000000002	0.121038	0.128951	0.11246500000000001	-0.194645	13590600.0
2014-01-30	0.0076430000000000005	0.137579	0.14688099999999998	0.13625	0.11501700000000001	7230000.0
2014-01-29	-0.008741	0.127635	0.13553900000000002	0.118414	-0.132713	9378900.0
2014-01-28	0.000583	0.132906	0.137519	0.123679	0.00885	7525700.0
2014-01-27	-0.023903999999999998	0.113544	0.11418699999999998	0.094888	-0.371594	11006600.0
2014-01-24	-0.007345	0.131547	0.13474	0.11813699999999999	-0.11501600000000001	12403200.0
2014-01-23	-0.014477	0.1202	0.129011	0.108243	-0.230033	8872200.0
2014-01-22	0.015262999999999999	0.135381	0.14879900000000001	0.132186	0.23888099999999998	12870700.0
2014-01-21	-0.004502	0.13027	0.13408599999999998	0.120729	-0.070781	8371500.0
2014-01-17	-0.020937	0.11905999999999999	0.11905999999999999	0.102246	-0.33620300000000003	14574800.0
2014-01-16	0.033599000000000004	0.152798	0.170177	0.15151099999999998	0.522001	21768200.0
2014-01-15	0.010357	0.136773	0.15108	0.133521	0.159254	15510900.0
2014-01-14	0.027794	0.140296	0.162353	0.138959	0.415829	13334500.0
2014-01-13	0.000592	0.137626	0.146321	0.13027	0.008847	10286100.0
2014-01-10	0.008353	0.135665	0.147129	0.13431600000000002	0.12386400000000002	11148000.0
2014-01-09	-0.01931	0.122333	0.12365599999999999	0.10183099999999999	-0.291968	9422200.0
2014-01-08	0.010645	0.140296	0.14698	0.139627	0.15925699999999998	13428900.0
2014-01-07	0.000592	0.13027	0.13562000000000002	0.125588	0.008847	13083100.0
2014-01-06	-0.00295	0.132937	0.134937	0.124268	-0.044238	10370200.0
2014-01-03	-0.011662	0.125656	0.130929	0.11511199999999999	-0.176947	11362700.0
2014-01-02	-0.016628999999999998	0.127029	0.12767699999999998	0.108883	-0.25657800000000003	6029100.0
2013-12-31	-0.007964	0.123197	0.128984	0.11805399999999999	-0.12386400000000002	7647200.0
2013-12-30	0.01854	0.140092	0.153844	0.140092	0.283119	7808000.0
2013-12-27	0.004657	0.132901	0.136849	0.12961199999999998	0.070779	4619200.0
2013-12-26	-0.000582	0.134872	0.140132	0.124352	-0.008848	2839300.0
2013-12-24	0.0029170000000000003	0.130929	0.135545	0.126313	0.044238	2766700.0
2013-12-23	0.008829	0.13958299999999998	0.147566	0.134927	0.132714	7667100.0
2013-12-20	-0.0035189999999999996	0.12231500000000001	0.136236	0.11833699999999998	-0.053085	7594000.0
2013-12-19	0.002941	0.128275	0.13625299999999999	0.12362100000000001	0.044236000000000004	8418300.0
2013-12-18	-0.004684000000000001	0.125637	0.12828399999999998	0.1038	-0.070781	16981600.0
2013-12-17	-0.0017530000000000002	0.14215999999999998	0.142821	0.127627	-0.026543	24563300.0
2013-12-16	0.001756	0.13225499999999998	0.14085799999999998	0.13159300000000002	0.026543	7179800.0
2013-12-13	-0.002336	0.138192	0.140173	0.123668	-0.03539	10409400.0
2013-12-12	-0.020595	0.127683	0.13027	0.10505199999999999	-0.318508	10866900.0
2013-12-11	0.006333	0.14523599999999998	0.148489	0.134174	0.097323	7899600.0
2013-12-10	-0.011382999999999999	0.12190699999999999	0.125123	0.11418699999999998	-0.176949	9872100.0
2013-12-09	-0.002838	0.135401	0.136684	0.120647	-0.044238	9100100.0
2013-12-06	0.012643999999999999	0.13806500000000002	0.14586	0.136765	0.194645	6875100.0
2013-12-05	-0.007982	0.12833599999999998	0.132203	0.120604	-0.123865	9852400.0
2013-12-04	0.00057	0.12640099999999999	0.138007	0.125111	0.008846	6448500.0
2013-12-03	0.007470999999999999	0.132868	0.149757	0.132218	0.11501900000000001	10074800.0
2013-12-02	-0.018613	0.12772	0.131545	0.10668299999999999	-0.291966	12010000.0
2013-11-29	0.008532	0.137985	0.143771	0.135413	0.132711	3991200.0
2013-11-27	0.006873000000000001	0.143217	0.147101	0.133507	0.106172	13181100.0
2013-11-26	0.016890000000000002	0.148702	0.155284	0.142119	0.256575	14337100.0
2013-11-25	0.0023350000000000003	0.133569	0.13818699999999998	0.13027	0.035388	9930300.0
2013-11-22	0.006462999999999999	0.128277	0.141559	0.124293	0.097323	15826400.0
2013-11-21	-0.030199	0.11545699999999999	0.11738900000000001	0.085832	-0.46891400000000005	19212800.0
2013-11-20	-0.0011380000000000001	0.12448	0.137346	0.12126400000000001	-0.017696	10457400.0
2013-11-19	-0.007345	0.13921	0.139848	0.120691	-0.11501600000000001	8452000.0
2013-11-18	0.0022649999999999997	0.13410999999999998	0.14435	0.13091	0.035388	10210200.0
2013-11-15	0.009143	0.138666	0.147708	0.132853	0.14156	12669700.0
2013-11-14	-0.006246	0.13027	0.13283699999999998	0.12192599999999999	-0.097322	10754400.0
2013-11-13	-0.01123	0.110596	0.126462	0.101712	-0.176949	12877300.0
2013-11-12	0.0045119999999999995	0.125807	0.13537000000000002	0.12262	0.07078	8571600.0
2013-11-11	-0.015547	0.119601	0.120229	0.11144200000000001	-0.247727	6615000.0
2013-11-08	-0.006619	0.12216500000000001	0.12465899999999999	0.114061	-0.106172	8990200.0
2013-11-07	-0.007663	0.1346	0.135219	0.119753	-0.12386300000000001	10357600.0
2013-11-06	0.010509000000000001	0.13027	0.144648	0.127144	0.168102	9934100.0
2013-11-05	-0.014177	0.117328	0.11979300000000001	0.11178099999999999	-0.230033	9365500.0
2013-11-04	-0.007037999999999999	0.132106	0.135165	0.11741900000000001	-0.11501700000000001	8109000.0
2013-11-01	0.003259	0.13763699999999998	0.143776	0.129656	0.053083000000000005	6402000.0
2013-10-31	-0.00915	0.130878	0.135745	0.11627799999999999	-0.15040599999999998	11222600.0
2013-10-30	-0.010123	0.129065	0.1387	0.11280699999999999	-0.168102	6733800.0
2013-10-29	0.008598	0.135129	0.141202	0.129055	0.14156	6290000.0
2013-10-28	0.00758	0.137613	0.144345	0.135165	0.123865	4698300.0
2013-10-25	-0.011242	0.11211800000000001	0.119984	0.106672	-0.18579500000000002	11326500.0
2013-10-24	-0.002137	0.1351	0.13691099999999998	0.12181700000000001	-0.035393	10937800.0
2013-10-23	-0.022965	0.119651	0.120831	0.10254400000000001	-0.389288	7310500.0
2013-10-22	0.009484000000000001	0.135034	0.146348	0.132652	0.15925599999999998	9070100.0
2013-10-21	-0.005241	0.12256900000000001	0.126123	0.11782999999999999	-0.088476	9149900.0
2013-10-18	0.023056	0.13633	0.161178	0.1333	0.38044	18201700.0
2013-10-17	0.020241	0.128415	0.156857	0.12408699999999999	0.327356	11722200.0
2013-10-16	0.007162999999999999	0.13151500000000002	0.13961099999999999	0.129647	0.11501700000000001	15598100.0
2013-10-15	0.007774	0.129642	0.144077	0.12775899999999998	0.123866	11212900.0
2013-10-14	-0.004422	0.119023	0.127146	0.115274	-0.070781	6662100.0
2013-10-11	0.023769	0.144982	0.159054	0.140504	0.371593	11789100.0
2013-10-10	0.023754	0.141402	0.157118	0.140747	0.362745	10695500.0
2013-10-09	-0.011455	0.142569	0.14386400000000002	0.110202	-0.176947	16482600.0
2013-10-08	-0.009081	0.143099	0.152721	0.11936500000000001	-0.141562	10981400.0
2013-10-07	-0.003394	0.125155	0.135384	0.11748399999999999	-0.053083000000000005	6451300.0
2013-10-04	-0.0011300000000000001	0.123884	0.133463	0.120691	-0.017695	4444200.0
2013-10-03	0.013165000000000001	0.149679	0.154855	0.13350499999999998	0.20349	10645800.0
2013-10-02	0.0028699999999999997	0.128972	0.134812	0.115995	0.044238	7562800.0
2013-10-01	0.027123	0.1396	0.161592	0.138933	0.406983	9771900.0
2013-09-30	-0.006444	0.11702699999999999	0.133581	0.108419	-0.097321	10700100.0
2013-09-27	-0.014434	0.125702	0.126354	0.111345	-0.221187	7682900.0
2013-09-26	0.0	0.12700699999999998	0.130922	0.119176	0.0	4675400.0
2013-09-25	-0.013666999999999999	0.121902	0.124477	0.11031600000000001	-0.212338	8526900.0
2013-09-24	-0.005099	0.129629	0.132831	0.118102	-0.079627	9132700.0
2013-09-23	0.019642	0.15704100000000001	0.159	0.14463499999999999	0.30081199999999997	10653800.0
2013-09-20	-0.016477000000000002	0.126417	0.130912	0.11100399999999999	-0.256576	10964700.0
2013-09-19	-0.0005679999999999999	0.134762	0.13861300000000001	0.128344	-0.008848	8842600.0
2013-09-18	-0.003959000000000001	0.11748399999999999	0.136023	0.109173	-0.06193099999999999	14262300.0
2013-09-17	0.0034049999999999996	0.141816	0.143099	0.13027	0.053083000000000005	5369100.0
2013-09-16	0.016734	0.15114	0.158315	0.14787899999999998	0.25657800000000003	7962200.0
2013-09-13	0.0028940000000000003	0.128962	0.134194	0.126345	0.044237	4095700.0
2013-09-12	-0.009174	0.127029	0.13286199999999998	0.11601199999999999	-0.141561	5454000.0
2013-09-11	-0.002288	0.12833	0.132856	0.125097	-0.03539	7063000.0
2013-09-10	0.010405	0.14595	0.14595	0.132883	0.15925699999999998	12162900.0
2013-09-09	0.017049	0.136914	0.152197	0.13558499999999998	0.25657399999999997	9635300.0
2013-09-06	-0.009895000000000001	0.13355899999999998	0.137507	0.118427	-0.15040699999999999	6338000.0
2013-09-05	0.01898	0.136973	0.157085	0.136303	0.283118	7738300.0
2013-09-04	-0.002367	0.136958	0.136958	0.12023800000000001	-0.035389	13726500.0
2013-09-03	0.020531	0.16439600000000001	0.175999	0.148016	0.30081399999999997	11182100.0
2013-08-30	-0.006599	0.138406	0.159425	0.119421	-0.097323	11490100.0
2013-08-29	0.025215	0.144172	0.164331	0.144172	0.362745	9963200.0
2013-08-28	0.017522	0.143708	0.152903	0.140879	0.24773	6967400.0
2013-08-27	-0.01722	0.11706199999999999	0.12331800000000001	0.108026	-0.24773	8530100.0
2013-08-26	0.002466	0.12748199999999998	0.144206	0.126089	0.035391000000000006	7273500.0
2013-08-23	0.009963	0.13941900000000002	0.146457	0.1359	0.141559	7465700.0
2013-08-22	0.019681999999999998	0.139599	0.156822	0.138881	0.27426999999999996	8432900.0
2013-08-21	-0.005054	0.125986	0.136696	0.12098800000000001	-0.070779	10358700.0
2013-08-20	0.001265	0.133129	0.142423	0.13027	0.017694	10514800.0
2013-08-19	-0.010019	0.132393	0.134516	0.11894600000000001	-0.141559	6690600.0
2013-08-16	-0.001875	0.13804	0.14510399999999998	0.12815	-0.026541000000000002	10987100.0
2013-08-15	-0.0037359999999999997	0.122528	0.132381	0.117602	-0.053085	10792600.0
2013-08-14	-0.012907	0.131659	0.132354	0.11568099999999999	-0.18579600000000002	7870800.0
2013-08-13	0.013706999999999999	0.145763	0.152101	0.134495	0.194644	16817700.0
2013-08-12	-0.009871	0.12748099999999998	0.131664	0.113535	-0.14156	14971700.0
2013-08-09	-0.000616	0.125392	0.13375399999999998	0.123998	-0.008847	10587800.0
2013-08-08	0.003092	0.136561	0.13726	0.124678	0.044237	10922600.0
2013-08-07	-0.025317	0.117325	0.117325	0.097567	-0.371594	17069600.0
2013-08-06	-0.013674	0.11951800000000001	0.129598	0.11347	-0.20349	13470400.0
2013-08-05	0.00119	0.12623299999999998	0.13430599999999998	0.117487	0.017695	7301600.0
2013-08-02	-0.026087	0.117165	0.117165	0.098163	-0.398135	11401700.0
2013-08-01	0.015901	0.13426400000000002	0.149573	0.128938	0.23888	15090600.0
2013-07-31	0.000589	0.136264	0.139594	0.13027	0.008849	10546900.0
2013-07-30	0.016168000000000002	0.151927	0.159372	0.143129	0.238879	8600400.0
2013-07-29	-0.011834	0.126926	0.12759500000000001	0.11555599999999999	-0.176948	5983600.0
2013-07-26	-0.016298	0.125664	0.127638	0.105269	-0.247729	14971300.0
2013-07-25	0.009401000000000001	0.13558199999999998	0.141559	0.13359000000000001	0.14156	12460600.0
2013-07-24	0.016725999999999998	0.152551	0.162679	0.145124	0.247729	17278700.0
2013-07-23	0.00722	0.15407200000000001	0.157472	0.13571	0.10616700000000001	14272700.0
2013-07-22	0.007884	0.132326	0.141237	0.126843	0.11501900000000001	18796700.0
2013-07-19	-0.019036	0.104047	0.11077100000000001	0.068411	-0.283117	24303600.0
2013-07-18	-0.088889	0.073909	0.07574700000000001	0.025513	-1.450983	43566600.0
2013-07-17	0.001085	0.13027	0.143148	0.127816	0.017693	12115500.0
2013-07-16	0.0016309999999999999	0.120441	0.13334100000000002	0.120441	0.026543999999999998	5607100.0
2013-07-15	-0.002169	0.12414000000000001	0.13333399999999998	0.12230099999999999	-0.035392	6033700.0
2013-07-12	-0.0053939999999999995	0.132708	0.13636600000000001	0.116248	-0.088473	8718400.0
2013-07-11	0.039238	0.172084	0.182221	0.170184	0.61932	13715600.0
2013-07-10	0.0	0.138506	0.147376	0.128369	0.0	8103100.0
2013-07-09	0.013637	0.14696700000000001	0.15724200000000002	0.143756	0.21234099999999997	9364200.0
2013-07-08	-0.033498	0.10916600000000001	0.11227000000000001	0.090546	-0.539693	12284200.0
2013-07-05	0.004967	0.152725	0.156468	0.13276500000000002	0.079624	13475100.0
2013-07-03	0.006779	0.131651	0.140443	0.125999	0.10794000000000001	6647800.0
2013-07-02	0.00271	0.17438900000000002	0.18698299999999998	0.163684	0.043036000000000005	12477200.0
2013-07-01	0.007095999999999999	0.179552	0.18399100000000002	0.16813699999999998	0.111899	11763500.0
2013-06-28	0.021751	0.18577	0.192897	0.17929	0.33568400000000004	12464500.0
2013-06-27	0.01644	0.178261	0.193409	0.17365	0.249617	12208300.0
2013-06-26	0.006275	0.16312100000000002	0.173725	0.159144	0.09468	9187600.0
2013-06-25	0.03544	0.179637	0.20571399999999998	0.176206	0.516442	11598600.0
2013-06-24	-0.014552	0.134745	0.154356	0.123249	-0.21518600000000002	13192700.0
2013-06-21	-0.013211	0.174474	0.17514200000000002	0.14444500000000002	-0.197966	23104500.0
2013-06-20	-0.03224	0.141775	0.143067	0.12111	-0.49923100000000004	12639600.0
2013-06-19	-0.023874	0.1536	0.163686	0.13405799999999998	-0.37872100000000003	8924900.0
2013-06-18	0.017108	0.169489	0.182312	0.161795	0.266825	5406300.0
2013-06-17	0.007226000000000001	0.176648	0.186336	0.164378	0.11189600000000001	9447900.0
2013-06-14	-0.015326	0.161795	0.16560999999999998	0.138267	-0.24100700000000003	12849000.0
2013-06-13	-0.004902	0.14977200000000002	0.158631	0.138382	-0.077464	10935400.0
2013-06-12	-0.008639	0.169323	0.174341	0.147367	-0.137719	8052500.0
2013-06-11	-0.015416999999999998	0.151295	0.158089	0.142648	-0.249613	6397300.0
2013-06-10	0.006421	0.16366	0.177336	0.15930899999999998	0.103289	7479600.0
2013-06-07	0.004839	0.175537	0.17741099999999999	0.164918	0.07746499999999999	9081200.0
2013-06-06	-0.003215	0.161172	0.166776	0.151833	-0.051644	6501100.0
2013-06-05	-0.014784	0.162409	0.163635	0.14216600000000001	-0.24100700000000003	6480800.0
2013-06-04	0.012293	0.161174	0.18166600000000002	0.160553	0.197972	10672000.0
2013-06-03	0.002679	0.15992699999999999	0.166153	0.157437	0.043035000000000004	7736400.0
2013-05-31	-0.016342	0.15873299999999999	0.15873299999999999	0.14097200000000001	-0.266828	5732400.0
2013-05-30	-0.014033000000000002	0.158172	0.158776	0.144887	-0.23239899999999997	8189600.0
2013-05-29	0.009974	0.159966	0.177042	0.159966	0.16354000000000002	13092900.0
2013-05-28	0.010074	0.177195	0.183971	0.169803	0.16353900000000002	9106200.0
2013-05-24	0.005867	0.161795	0.169231	0.155599	0.094681	5303600.0
2013-05-23	-0.007411	0.14088399999999998	0.15872	0.131659	-0.1205	11028900.0
2013-05-22	-0.017681	0.159983	0.164212	0.137629	-0.292651	12530800.0
2013-05-21	-0.007228	0.162395	0.17139200000000002	0.150399	-0.12050799999999999	12950200.0
2013-05-20	-0.007176	0.170727	0.171323	0.151672	-0.1205	8361000.0
2013-05-17	0.003085	0.17195	0.17195	0.1606	0.051642999999999994	10542300.0
2013-05-16	-0.017677000000000002	0.15006	0.15299400000000002	0.141258	-0.30125599999999997	10411800.0
2013-05-15	-0.004525	0.159459	0.160627	0.154202	-0.07746499999999999	9222200.0
2013-05-14	-0.002007	0.164127	0.16879	0.15771500000000002	-0.034432	8539100.0
2013-05-13	-0.011899	0.157187	0.15776300000000001	0.147395	-0.206577	6519800.0
2013-05-10	-0.001979	0.155472	0.160071	0.149723	-0.034428	7955300.0
2013-05-09	0.0	0.156621	0.166969	0.155472	0.0	8912600.0
2013-05-08	0.038007	0.18148599999999998	0.210129	0.176713	0.636944	14032800.0
2013-05-07	-0.004092	0.165955	0.165955	0.151098	-0.068857	8522800.0
2013-05-06	0.007213	0.16658399999999998	0.174963	0.165985	0.120501	5661100.0
2013-05-03	-0.006144	0.15406199999999998	0.16477	0.15406199999999998	-0.10328699999999999	9254600.0
2013-05-02	0.021978	0.163011	0.187937	0.163011	0.361509	11268200.0
2013-05-01	0.001572	0.163622	0.167275	0.158751	0.025822	8604300.0
2013-04-30	0.013277	0.163646	0.18524100000000002	0.161178	0.215185	12088600.0
2013-04-29	0.01619	0.168692	0.18248499999999998	0.167438	0.25821900000000003	7825300.0
2013-04-26	-0.008561	0.162417	0.169254	0.14936300000000002	-0.137716	7028200.0
2013-04-25	0.013558	0.165575	0.177546	0.163685	0.215185	15245700.0
2013-04-24	0.008753	0.159253	0.17768399999999998	0.157346	0.137716	10201900.0
2013-04-23	-0.011892	0.151747	0.162423	0.138559	-0.189362	21663000.0
2013-04-22	-0.015957	0.15129	0.159941	0.133986	-0.258218	20376200.0
2013-04-19	0.047937	0.205184	0.22914600000000002	0.201299	0.7402310000000001	21119200.0
2013-04-18	0.050351	0.233897	0.246821	0.216892	0.7402340000000001	24337500.0
2013-04-17	-0.009281000000000001	0.152361	0.157078	0.144948	-0.137719	21226100.0
2013-04-16	0.020722	0.178992	0.18930999999999998	0.177616	0.30126	9856000.0
2013-04-15	-0.024263	0.14233099999999999	0.152399	0.132935	-0.36151	9138100.0
2013-04-12	-0.00173	0.155095	0.163805	0.145715	-0.025823000000000002	7375800.0
2013-04-11	0.008726000000000001	0.171933	0.184098	0.16314700000000001	0.12911	8494300.0
2013-04-10	0.014159	0.168649	0.182358	0.16247999999999999	0.206577	12085500.0
2013-04-09	0.006532	0.150067	0.17766300000000002	0.150067	0.094681	10358700.0
2013-04-08	0.006575	0.153462	0.170823	0.14999	0.094681	9706100.0
2013-04-05	-0.005942	0.142466	0.158344	0.13763399999999998	-0.086073	11192000.0
2013-04-04	0.005376	0.161101	0.168735	0.155549	0.077467	11240200.0
2013-04-03	-0.021625	0.160437	0.162474	0.13055999999999998	-0.318473	15742400.0
2013-04-02	0.001756	0.165196	0.171998	0.161115	0.025822	10203600.0
2013-04-01	-0.006399	0.16314700000000001	0.167202	0.150981	-0.094682	10849200.0
2013-03-28	0.001165	0.157735	0.164502	0.152322	0.017217	11994500.0
2013-03-27	0.0058579999999999995	0.157711	0.174727	0.15498900000000002	0.08607200000000001	10581000.0
2013-03-26	0.0070799999999999995	0.164537	0.172762	0.161795	0.103288	8555300.0
2013-03-25	-0.00703	0.16724	0.171324	0.152267	-0.103288	8533300.0
2013-03-22	0.010657	0.163171	0.17555199999999999	0.161107	0.154934	5857700.0
2013-03-21	-0.02087	0.152366	0.152366	0.136202	-0.309867	8847800.0
2013-03-20	0.009953	0.165876	0.1788	0.163156	0.146326	10920000.0
2013-03-19	-0.009281000000000001	0.159773	0.161795	0.145622	-0.137719	12270900.0
2013-03-18	-0.022675999999999998	0.149282	0.149282	0.13281600000000002	-0.344292	13773100.0
2013-03-15	-0.022715	0.15020899999999998	0.152784	0.133474	-0.352904	13988800.0
2013-03-14	0.002778	0.165022	0.171477	0.15275899999999998	0.043037	7771400.0
2013-03-13	0.015228	0.180143	0.182764	0.17293499999999998	0.232398	9987400.0
2013-03-12	0.0005650000000000001	0.16704000000000002	0.173597	0.160484	0.00861	6289800.0
2013-03-11	-0.010609	0.159201	0.159849	0.148173	-0.16354100000000002	8261800.0
2013-03-08	-0.007756	0.169519	0.17080599999999999	0.14506	-0.120504	9194700.0
2013-03-07	-0.003863	0.165001	0.17013	0.152819	-0.060252999999999994	12116900.0
2013-03-06	-0.011457	0.15925999999999998	0.168133	0.14595	-0.180753	9243600.0
2013-03-05	0.010473999999999999	0.178447	0.179088	0.169481	0.16353900000000002	8628300.0
2013-03-04	-0.006027	0.138877	0.156702	0.138241	-0.094681	10449900.0
2013-03-01	0.0	0.156702	0.16816099999999998	0.150336	0.0	8703200.0
2013-02-28	0.00385	0.170103	0.18224500000000002	0.157961	0.060251	9086700.0
2013-02-27	0.020775	0.174189	0.198326	0.173537	0.318475	15507300.0
2013-02-26	-0.02411	0.1497	0.150336	0.126146	-0.378726	18927900.0
2013-02-25	-0.034391000000000005	0.153804	0.156263	0.12183900000000002	-0.559477	11474200.0
2013-02-22	0.011236	0.160552	0.181065	0.15993	0.180754	8572300.0
2013-02-21	-0.010588	0.15872	0.163025	0.145804	-0.172146	7048100.0
2013-02-20	-0.013577	0.164222	0.16786199999999998	0.144201	-0.223793	9250100.0
2013-02-19	0.033458999999999996	0.169946	0.201295	0.167438	0.533655	11089400.0
2013-02-15	-0.002154	0.160544	0.163672	0.15679	-0.034429	5266400.0
2013-02-14	0.008690999999999999	0.163057	0.172523	0.159271	0.137718	5087900.0
2013-02-13	-0.0048649999999999995	0.163051	0.164935	0.152375	-0.077466	6487300.0
2013-02-12	0.001082	0.15676600000000002	0.164939	0.15299400000000002	0.017216	4868400.0
2013-02-11	0.001626	0.161165	0.169351	0.15801700000000002	0.02582	4804300.0
2013-02-08	0.008197	0.157351	0.173223	0.15671600000000002	0.129111	9341100.0
2013-02-07	0.014412999999999999	0.163083	0.18240399999999998	0.16050699999999998	0.223793	8194200.0
2013-02-06	-0.007701	0.165629	0.168186	0.149653	-0.120505	5810300.0
2013-02-05	0.015643	0.166988	0.182565	0.16633900000000001	0.241009	6314500.0
2013-02-04	-0.009408	0.157937	0.165653	0.149579	-0.14632699999999998	5769800.0
2013-02-01	0.018602	0.171618	0.187336	0.170309	0.284042	8979400.0
2013-01-31	-0.0033710000000000003	0.161143	0.166364	0.157226	-0.051641	10751300.0
2013-01-30	0.002252	0.15787	0.167683	0.152637	0.03443	8748500.0
2013-01-29	0.013697999999999998	0.178373	0.185005	0.171742	0.20657399999999998	10022400.0
2013-01-28	-0.012958	0.158523	0.158523	0.146086	-0.197968	13755500.0
2013-01-25	-0.0033689999999999996	0.157881	0.160491	0.14613900000000002	-0.051644	9410300.0
2013-01-24	-0.025178	0.147169	0.149077	0.131272	-0.395942	8766400.0
2013-01-23	0.006058	0.161156	0.17139200000000002	0.159236	0.094685	9210500.0
2013-01-22	0.001102	0.15923299999999999	0.163076	0.15218800000000002	0.017212	11338900.0
2013-01-18	-0.006572	0.158614	0.158614	0.144616	-0.103289	12608400.0
2013-01-17	0.025843	0.181376	0.197693	0.17419600000000002	0.395942	11372400.0
2013-01-16	-0.005031	0.153353	0.159197	0.152703	-0.077468	8976600.0
2013-01-15	-0.006663	0.153409	0.15728	0.146313	-0.10328699999999999	12064700.0
2013-01-14	-0.007714	0.162435	0.164996	0.145792	-0.12050599999999999	8392500.0
2013-01-11	-0.00165	0.155405	0.163073	0.14518	-0.025822	12556600.0
2013-01-10	0.036488	0.179679	0.20683600000000002	0.171731	0.550873	15772200.0
2013-01-09	0.0	0.176367	0.187628	0.152522	0.0	12977400.0
2013-01-08	-0.009040000000000001	0.162451	0.163108	0.148667	-0.13772	8112900.0
2013-01-07	-0.014476	0.155326	0.155326	0.143036	-0.223789	9429900.0
2013-01-04	-0.007186	0.162437	0.163722	0.150877	-0.11189600000000001	7464200.0
2013-01-03	-0.000553	0.172707	0.17463299999999998	0.15601800000000002	-0.008608	13148600.0
2013-01-02	0.054778999999999994	0.202417	0.226791	0.198355	0.809092	10226100.0
2012-12-31	0.0017510000000000002	0.154335	0.167221	0.14890899999999999	0.025824	5631600.0
2012-12-28	0.008834	0.153585	0.176848	0.15221600000000002	0.12911	6091600.0
2012-12-27	0.003546	0.165915	0.174155	0.15492899999999998	0.05164199999999999	6257900.0
2012-12-26	-0.000591	0.163168	0.171402	0.160423	-0.008605	3234800.0
2012-12-24	-0.00118	0.159053	0.165222	0.154255	-0.017216	1533500.0
2012-12-21	-0.008772	0.138016	0.15636	0.13326	-0.12911	8153700.0
2012-12-20	0.000585	0.156357	0.16451400000000002	0.152278	0.008609	8313900.0
2012-12-19	0.006478	0.16453199999999998	0.176848	0.16247899999999998	0.09468	6620600.0
2012-12-18	0.002361	0.156309	0.167968	0.14945	0.034429	9133700.0
2012-12-17	-0.00059	0.15973900000000002	0.164537	0.15357	-0.008608	10028800.0
2012-12-14	-0.009351	0.161116	0.163153	0.148215	-0.137717	12329200.0
2012-12-13	0.002931	0.17201	0.18290599999999999	0.161114	0.043037	11060000.0
2012-12-12	-0.007562999999999999	0.165174	0.165174	0.150981	-0.111897	8601000.0
2012-12-11	0.018365	0.17969000000000002	0.187949	0.177625	0.266828	10565100.0
2012-12-10	-0.008808	0.157019	0.165206	0.148833	-0.12911199999999998	8013500.0
2012-12-07	-0.001173	0.17610499999999998	0.181556	0.158388	-0.017211	12843700.0
2012-12-06	0.005307	0.163165	0.16796	0.160425	0.077467	7265400.0
2012-12-05	0.012537000000000001	0.17566700000000002	0.18676500000000001	0.170812	0.180753	11844700.0
2012-12-04	-0.019321	0.159074	0.160435	0.138668	-0.284043	14163100.0
2012-12-03	-0.011002	0.161795	0.165831	0.147668	-0.16354000000000002	5731000.0
2012-11-30	0.008173	0.176716	0.184855	0.17129	0.120504	10360100.0
2012-11-29	0.013609999999999999	0.16867000000000001	0.182419	0.167295	0.19797	7697000.0
2012-11-28	0.004159	0.156273	0.168008	0.15075	0.06025	9950200.0
2012-11-27	0.012634999999999999	0.179271	0.18416400000000002	0.17088299999999998	0.180754	12304300.0
2012-11-26	-0.013064	0.162485	0.162485	0.141098	-0.189362	11667800.0
2012-11-23	0.03567	0.200379	0.212525	0.19680599999999998	0.49922700000000003	9092900.0
2012-11-21	0.000615	0.158935	0.167515	0.156075	0.008608	4410400.0
2012-11-20	-0.005508	0.151841	0.157529	0.140465	-0.077467	5566500.0
2012-11-19	0.009265	0.163948	0.172559	0.155337	0.12911199999999998	6442400.0
2012-11-16	0.008723	0.164691	0.17772000000000002	0.150937	0.120504	10454800.0
2012-11-15	0.008166	0.171282	0.174201	0.161065	0.11189600000000001	6853600.0
2012-11-14	-0.016069	0.166822	0.17041199999999998	0.138818	-0.22379200000000002	12734000.0
2012-11-13	-0.016413	0.15049500000000002	0.156851	0.14060699999999998	-0.2324	10552800.0
2012-11-12	0.005501	0.170317	0.178128	0.16605599999999998	0.077466	9216100.0
2012-11-09	0.014259	0.16683699999999999	0.187725	0.163236	0.19797	12006600.0
2012-11-08	-0.0024739999999999996	0.16395099999999999	0.171854	0.158203	-0.03443	9815600.0
2012-11-07	-0.001852	0.151038	0.163947	0.1453	-0.025822	16034300.0
2012-11-06	0.020151	0.162527	0.19105999999999998	0.161795	0.275437	8769700.0
2012-11-05	0.006975	0.166952	0.17063599999999998	0.16105799999999998	0.09468	13086400.0
2012-11-02	-0.021105000000000002	0.166122	0.166122	0.13583299999999998	-0.292651	6977400.0
2012-11-01	0.013208000000000001	0.168371	0.184446	0.158142	0.180756	7898500.0
2012-10-31	0.025806	0.194026	0.199272	0.176036	0.344294	8240100.0
2012-10-26	0.007802	0.169349	0.182946	0.15801800000000002	0.103289	9848800.0
2012-10-25	0.015182	0.18096700000000002	0.188635	0.167163	0.19797	10750400.0
2012-10-24	-0.004599	0.195382	0.201488	0.15568800000000002	-0.060252999999999994	7975800.0
2012-10-23	-0.007175	0.142849	0.160279	0.142091	-0.094681	8265300.0
2012-10-22	0.007227	0.163322	0.176298	0.16255799999999998	0.094681	8037000.0
2012-10-19	-0.021222	0.14237	0.149094	0.132657	-0.284043	14543200.0
2012-10-18	-0.0032049999999999995	0.155092	0.16254000000000002	0.147645	-0.043037	7576200.0
2012-10-17	0.009709	0.157283	0.176835	0.15202000000000002	0.129111	11422800.0
2012-10-16	0.010464	0.166354	0.177752	0.162555	0.137718	10332200.0
2012-10-15	0.011243000000000001	0.167174	0.181005	0.1641	0.146326	13756900.0
2012-10-12	0.005988	0.169525	0.171844	0.16334100000000001	0.077466	11019600.0
2012-10-11	-0.005952000000000001	0.167174	0.171016	0.152575	-0.077466	8288900.0
2012-10-10	-0.015625	0.15877	0.16406400000000002	0.14288599999999999	-0.206578	10169200.0
2012-10-09	-0.010946	0.154314	0.15581	0.1401	-0.146324	9900400.0
2012-10-08	-0.033602999999999994	0.14516700000000002	0.14516700000000002	0.11914100000000001	-0.46479899999999996	12827100.0
2012-10-05	-0.005569	0.161795	0.172579	0.152449	-0.07746499999999999	10687600.0
2012-10-04	0.006854000000000001	0.161071	0.170482	0.158176	0.094681	15213900.0
2012-10-03	0.003125	0.1647	0.165426	0.148725	0.043036000000000005	13156700.0
2012-10-02	0.006289	0.167641	0.173486	0.158872	0.086074	17701800.0
2012-10-01	0.005057	0.155186	0.17060799999999998	0.15298299999999998	0.068859	19411300.0
2012-09-28	0.014102000000000002	0.161795	0.178924	0.160306	0.189361	18294000.0
2012-09-27	0.040694	0.17497100000000002	0.210623	0.17497100000000002	0.52505	22079700.0
2012-09-26	0.012837999999999999	0.161795	0.177495	0.161795	0.16354000000000002	14680700.0
2012-09-25	-0.002023	0.164929	0.17119600000000001	0.155528	-0.025822	13185500.0
2012-09-24	0.002027	0.16101	0.16729000000000002	0.157085	0.025822	8883700.0
2012-09-21	0.0	0.17828	0.180635	0.161795	0.0	9381100.0
2012-09-20	-0.015957	0.14866300000000002	0.154843	0.138621	-0.206577	8822200.0
2012-09-19	-0.0033130000000000004	0.164105	0.167954	0.153326	-0.043037	8933500.0
2012-09-18	0.006670999999999999	0.173421	0.17419600000000002	0.15792	0.086074	9924700.0
2012-09-17	-0.024089	0.153475	0.154231	0.13380899999999998	-0.318473	7884100.0
2012-09-14	0.021956	0.178028	0.208947	0.17261700000000002	0.284044	9997300.0
2012-09-13	0.004007999999999999	0.160243	0.16877999999999999	0.14239300000000002	0.051644	11231800.0
2012-09-12	0.003351	0.167246	0.17036099999999998	0.159459	0.043036000000000005	9029500.0
2012-09-11	0.014966	0.164166	0.185505	0.163376	0.189363	9695100.0
2012-09-10	0.013094	0.166599	0.185015	0.164197	0.16353900000000002	11787400.0
2012-09-07	0.006940000000000001	0.165826	0.180339	0.162601	0.086075	7940500.0
2012-09-06	0.01622	0.171627	0.188013	0.162614	0.197969	12516400.0
2012-09-05	-0.013908000000000002	0.152908	0.159371	0.143213	-0.172147	9397900.0
