2017-09-01	0.000672	0.004034	0.004538	-0.001681	0.040001	1043100.000000
2016-09-01	0.005856	0.032837	0.038431	0.030376	0.261704	1216100.0
2016-08-31	0.0015199999999999999	0.028133	0.034184	0.026116000000000004	0.06784	1827600.0
2016-08-30	-0.00583	0.032164	0.033946	0.024812	-0.26169499999999996	939200.0
2016-08-29	0.00521	0.030823000000000003	0.037093	0.030375	0.23262399999999997	1010900.0
2016-08-26	-0.002814	0.033282	0.042661000000000004	0.025689	-0.12600699999999998	1475900.0
2016-08-25	0.003693	0.035976999999999995	0.038443	0.034408	0.164779	857900.0
2016-08-24	-0.006690000000000001	0.028156	0.028602	0.021032	-0.300476	1699900.0
2016-08-23	-0.00043099999999999996	0.034388999999999996	0.037727	0.028825	-0.019382	1023300.0
2016-08-22	-0.0074930000000000005	0.01957	0.024871	0.018244999999999997	-0.339238	1202400.0
2016-08-19	-0.002775	0.023788999999999998	0.028855000000000002	0.020045	-0.126003	824400.0
2016-08-18	0.00042699999999999997	0.031498000000000005	0.03282	0.028193	0.019379	968500.0
2016-08-17	0.007532	0.032829000000000004	0.040376999999999996	0.02972	0.33924099999999996	1256700.0
2016-08-16	0.000646	0.032385000000000004	0.036828	0.03083	0.029079	1433800.0
2016-08-15	-0.001076	0.030164999999999997	0.038376	0.02839	-0.048465	2189400.0
2016-08-12	-0.00236	0.029947	0.032826	0.026626	-0.10661	966000.0
2016-08-11	0.016136	0.044317	0.05264099999999999	0.042067	0.7172430000000001	1786000.0
2016-08-10	0.000436	0.033519	0.038471	0.028793	0.019387	1762400.0
2016-08-09	0.011474	0.03741	0.046971	0.033767	0.504013	1851700.0
2016-08-08	-0.0043939999999999995	0.024239	0.027864999999999997	0.021746	-0.193852	1441100.0
2016-08-05	0.005967	0.035367	0.041750999999999996	0.034683	0.2617	1264900.0
2016-08-04	0.007122	0.033556	0.040904	0.033096	0.310162	1185600.0
2016-08-03	-0.018503	0.01646	0.019615999999999998	0.011051	-0.820961	1281700.0
2016-08-02	0.0061070000000000004	0.049651999999999995	0.049878	0.043302999999999994	0.26931700000000003	1599400.0
2016-08-01	-0.005854	0.035617	0.038773	0.032686	-0.25969699999999996	1543000.0
2016-07-29	0.005889	0.0365	0.049878	0.036045999999999995	0.25969699999999996	1411600.0
2016-07-28	0.004601	0.046508	0.047192000000000005	0.039902	0.201988	1513700.0
2016-07-27	-0.008042	0.035607	0.036511	0.023405000000000002	-0.35588400000000003	2309200.0
2016-07-26	0.002833	0.046926	0.049192	0.040354	0.12503399999999998	1860300.0
2016-07-25	-0.0008710000000000001	0.040126999999999996	0.04058	0.033788	-0.038463	1077200.0
2016-07-22	0.001527	0.037634	0.04489	0.03718	0.067325	1341700.0
2016-07-21	-0.001307	0.04058	0.046015	0.034919	-0.057712	2074400.0
2016-07-20	0.000654	0.04194	0.047379000000000004	0.039901	0.02885	2100400.0
2016-07-19	-0.014393000000000001	0.026719999999999997	0.030517000000000002	0.022253	-0.644428	1669400.0
2016-07-18	0.005834000000000001	0.038327	0.048211000000000004	0.037653	0.259705	2651300.0
2016-07-15	-0.00151	0.040123	0.043712	0.037207	-0.06733	1739900.0
2016-07-14	-0.000647	0.047072	0.04752	0.036983999999999996	-0.028862	1661500.0
2016-07-13	0.007384999999999999	0.041481	0.051869000000000005	0.040352	0.327027	1560800.0
2016-07-12	-0.006474	0.035187	0.039226	0.030251	-0.288556	1471200.0
2016-07-11	-0.0012929999999999999	0.035193	0.041691000000000006	0.031608	-0.057712	1319400.0
2016-07-08	0.007819	0.047352	0.048481	0.039674	0.34626799999999996	1551000.0
2016-07-07	-0.0038950000000000005	0.043273	0.047547000000000006	0.032476	-0.17313800000000001	1564300.0
2016-07-06	-0.007941	0.024054	0.033202999999999996	0.016465999999999998	-0.355873	1951500.0
2016-07-05	-0.007668	0.033253	0.038124	0.029044999999999998	-0.34626399999999996	2551800.0
2016-07-01	0.000213	0.047648	0.047648	0.038124	0.009623999999999999	2055100.0
2016-06-30	0.030969	0.056344000000000005	0.071872	0.051320000000000005	1.35619	3149500.0
2016-06-29	0.020623	0.054357	0.065078	0.050861	0.884892	2655200.0
2016-06-28	0.026933999999999996	0.066001	0.068155	0.053316999999999996	1.1253540000000002	3045400.0
2016-06-27	0.0	0.038957	0.041589	0.025793	0.0	5321000.0
2016-06-24	-0.06681000000000001	-0.017949	0.0037159999999999997	-0.03202	-2.991325	7942800.0
2016-06-23	0.022627	0.05429199999999999	0.06457	0.044014	0.9906959999999999	3922200.0
2016-06-22	0.002643	0.043567	0.052728	0.041277	0.115417	3543900.0
2016-06-21	0.024137	0.055388	0.070398	0.052339	1.0291709999999998	2835900.0
2016-06-20	0.023079	0.075186	0.075906	0.062949	0.961842	2659300.0
2016-06-17	-0.004823	0.031077999999999998	0.035615	0.021287999999999998	-0.201988	2527500.0
2016-06-16	0.015629	0.032884	0.05689299999999999	0.029488999999999998	0.644432	3332000.0
2016-06-15	-0.001165	0.045245999999999995	0.050575	0.037495	-0.048083999999999995	2218300.0
2016-06-14	-0.018074	0.018743	0.025165	0.015650999999999998	-0.759861	4305000.0
2016-06-13	-0.019516	0.023116	0.029879000000000003	0.018452	-0.8368040000000001	2977900.0
2016-06-10	-0.032342	0.013496000000000001	0.017333	0.001536	-1.433136	2689200.0
2016-06-09	-0.004968	0.030468000000000002	0.035633	0.02957	-0.22122199999999997	2012800.0
2016-06-08	0.000648	0.041472	0.04282	0.037877	0.028855000000000002	1441100.0
2016-06-07	0.005432	0.051648	0.053003999999999996	0.044419	0.240459	2629000.0
2016-06-06	0.002833	0.048057	0.04987	0.038768000000000004	0.125038	1375300.0
2016-06-03	0.012131	0.042655	0.052286	0.040132999999999995	0.529011	1511900.0
2016-06-02	0.0	0.03463	0.039674	0.032337	0.0	1011600.0
2016-06-01	0.012958	0.048733	0.053842999999999995	0.04734	0.557873	2139200.0
2016-05-31	-0.008856999999999999	0.049574	0.049574	0.027473	-0.384735	1958500.0
2016-05-27	0.004672	0.043838	0.047539	0.041987000000000003	0.201984	1261500.0
2016-05-26	0.009659000000000001	0.048549	0.053686000000000005	0.047848	0.41358900000000004	1665300.0
2016-05-25	0.0008990000000000001	0.049257999999999996	0.049958999999999996	0.040142000000000004	0.038472000000000006	2467800.0
2016-05-24	0.024413	0.052364999999999995	0.067929	0.051886	1.019554	1613800.0
2016-05-23	-0.003214	0.035856	0.040389999999999995	0.033469	-0.134663	1538500.0
2016-05-20	0.002993	0.047813999999999995	0.048770999999999995	0.041111	0.12504200000000001	1387200.0
2016-05-19	-0.007087	0.031593	0.034444999999999996	0.025887999999999998	-0.298176	1626000.0
2016-05-18	0.001603	0.040865	0.049912	0.034437	0.067337	1765500.0
2016-05-17	-0.020852000000000002	0.02732	0.031283	0.014965000000000001	-0.8945120000000001	1803800.0
2016-05-16	0.00905	0.039675	0.0512	0.038969	0.384735	1213700.0
2016-05-13	-0.011406999999999999	0.035954	0.040139	0.025722000000000002	-0.490543	1426400.0
2016-05-12	-0.00022400000000000002	0.046416000000000006	0.047346	0.03363	-0.009617	1637400.0
2016-05-11	-0.008865000000000001	0.034375	0.037831000000000004	0.029536	-0.384735	1414600.0
2016-05-10	0.0103	0.043864999999999994	0.051082	0.043166	0.44244399999999995	1637500.0
2016-05-09	0.009493999999999999	0.04978	0.055185000000000005	0.047195	0.403972	1645700.0
2016-05-06	0.006599	0.038255000000000004	0.046771	0.037545	0.278939	1232100.0
2016-05-05	-0.000682	0.03802	0.044402	0.036364999999999995	-0.028855000000000002	1420300.0
2016-05-04	-0.003625	0.032137	0.03779	0.030724	-0.153896	1570900.0
2016-05-03	-0.009203	0.032673	0.036174	0.027538999999999998	-0.394356	1991400.0
2016-05-02	0.01204	0.046051	0.053845000000000004	0.044634	0.509774	2166900.0
2016-04-29	-0.010786	0.025889999999999996	0.0336	0.022152	-0.461682	4996900.0
2016-04-28	-0.005142	0.024566	0.040139	0.024566	-0.22122199999999997	2153100.0
2016-04-27	0.002353	0.039557999999999996	0.044683999999999995	0.034664999999999994	0.100994	1945600.0
2016-04-26	-0.006843000000000001	0.048178	0.052112	0.038691	-0.295749	1686900.0
2016-04-25	0.005549	0.045153	0.056089	0.043758	0.238506	1410700.0
2016-04-22	-0.011193999999999999	0.035525	0.038515	0.027472000000000003	-0.48656099999999997	1767600.0
2016-04-21	-0.023156	0.027277999999999997	0.030649000000000003	0.021659	-1.030353	1786000.0
2016-04-20	-0.008714	0.041272	0.046396	0.037038999999999996	-0.39115900000000003	2016400.0
2016-04-19	0.028191	0.074749	0.080476	0.070397	1.230709	3150600.0
2016-04-18	0.002849	0.044502999999999994	0.052773	0.044502999999999994	0.12402300000000001	1360300.0
2016-04-15	0.007285	0.052112	0.058359	0.051418	0.314835	1514500.0
2016-04-14	-0.003958	0.052557000000000006	0.053249	0.042647000000000004	-0.171727	1517200.0
2016-04-13	0.004639	0.056051	0.058829	0.048873	0.200345	2465100.0
2016-04-12	0.010265999999999999	0.053324	0.060108	0.048412000000000004	0.43885799999999997	1622900.0
2016-04-11	-0.001115	0.051449	0.057991999999999995	0.04701	-0.047707	1331400.0
2016-04-08	0.000446	0.048178	0.053321	0.04584	0.019077	1227500.0
2016-04-07	-0.008403	0.041456	0.047715	0.035893	-0.362529	1250500.0
2016-04-06	0.010277	0.050052	0.059653	0.048881	0.43886099999999995	1464800.0
2016-04-05	-0.0033399999999999997	0.045144	0.048878	0.040943	-0.14310799999999999	1379000.0
2016-04-04	0.0060479999999999996	0.059449	0.061562	0.050761	0.257587	1853400.0
2016-04-01	-0.000895	0.031052999999999997	0.047708999999999994	0.030818	-0.038158	1941800.0
2016-03-31	-0.018453	0.039428	0.040579000000000004	0.027683999999999997	-0.801388	2034400.0
2016-03-30	0.011556	0.064716	0.070539	0.05703	0.49610200000000004	3205900.0
2016-03-29	0.015343	0.055273	0.06426	0.052908000000000004	0.648742	2455300.0
2016-03-28	0.002942	0.049127	0.055057	0.048652999999999995	0.124024	658300.0
2016-03-24	-0.0031579999999999998	0.042031	0.044868	0.037538	-0.13356800000000002	1560100.0
2016-03-23	0.013026	0.063987	0.066143	0.058717	0.5438	2146700.0
2016-03-22	-0.009281999999999999	0.034177	0.041059	0.03394	-0.391151	1642500.0
2016-03-21	-0.007862000000000001	0.038525	0.044882	0.03829	-0.333916	1598100.0
2016-03-18	-0.0006730000000000001	0.040179	0.05359	0.038767	-0.028622	2016000.0
2016-03-17	0.007691	0.040827999999999996	0.058847000000000003	0.040117	0.324376	3296000.0
2016-03-16	-0.0015810000000000002	0.035632	0.046995	0.030424	-0.066788	2068000.0
2016-03-15	0.004536999999999999	0.050081	0.058164999999999994	0.046514	0.19081099999999998	1683300.0
2016-03-14	-0.004292	0.046758	0.048415	0.041312	-0.181267	1628900.0
2016-03-11	0.013507	0.059937	0.063056	0.055376999999999996	0.562882	1956100.0
2016-03-10	-0.002512	0.069482	0.074508	0.035970999999999996	-0.104946	3482300.0
2016-03-09	0.002978	0.055861	0.060902	0.049618999999999996	0.124027	1699500.0
2016-03-08	0.0016059999999999998	0.047697	0.057316	0.046735000000000006	0.06677999999999999	1414700.0
2016-03-07	-0.007287999999999999	0.036243	0.043643	0.033617	-0.305286	1303700.0
2016-03-04	0.013854	0.066814	0.067298	0.060279	0.572418	2132400.0
2016-03-03	0.004174000000000001	0.035783999999999996	0.053767999999999996	0.035783999999999996	0.17173	2033900.0
2016-03-02	-0.019773	0.027691000000000004	0.029835000000000004	0.015541999999999999	-0.8300129999999999	2410700.0
2016-03-01	0.032621	0.069088	0.08483099999999999	0.067366	1.3261100000000001	2526800.0
2016-02-29	-0.005833	0.044021	0.054048	0.041575	-0.238506	1923900.0
2016-02-26	-0.011303	0.052047	0.052288999999999995	0.03488	-0.46748	2221400.0
2016-02-25	0.012614	0.06042	0.063114	0.054789	0.515175	3596800.0
2016-02-24	-0.001865	0.032049	0.046712000000000004	0.027405000000000002	-0.076324	2328000.0
2016-02-23	-0.011979	0.043349	0.047695	0.035381	-0.496098	1451500.0
2016-02-22	0.00022999999999999998	0.047695	0.055182	0.045038	0.009537	1918000.0
2016-02-19	0.007662	0.045258	0.057426	0.043798000000000004	0.314835	1921100.0
2016-02-18	-0.005082	0.046968	0.048905000000000004	0.039219	-0.209889	2011400.0
2016-02-17	0.011685	0.054547000000000005	0.06336599999999999	0.050628	0.477024	2305300.0
2016-02-16	0.006587000000000001	0.059274	0.060507000000000005	0.045466	0.267124	2681500.0
2016-02-12	0.016013999999999997	0.050433	0.06496299999999999	0.049431	0.6392100000000001	2423100.0
2016-02-11	-0.006176	0.04046	0.04519	0.03324	-0.248054	3567200.0
2016-02-10	-0.005668	0.056348	0.058328	0.041494	-0.22896599999999998	3436100.0
2016-02-09	-0.003061	0.031396	0.050152999999999996	0.030655	-0.124024	4057500.0
2016-02-08	-0.006085	0.029535000000000002	0.046216	0.024874	-0.24805	3762600.0
2016-02-05	-0.006279	0.047447	0.049397	0.034526999999999995	-0.257592	3525800.0
2016-02-04	-0.021393000000000002	0.022654	0.029570999999999997	0.017166999999999998	-0.8967930000000001	2668200.0
2016-02-03	0.0038840000000000003	0.055602	0.056799	0.040994	0.16219	4804400.0
2016-02-02	-0.008766	0.055605999999999996	0.05608099999999999	0.044687	-0.369294	1691600.0
2016-02-01	0.001801	0.050611	0.061788	0.048233	0.075753	1714100.0
2016-01-29	0.027533	0.065122	0.086136	0.06365499999999999	1.1268	1969800.0
2016-01-28	0.004182	0.055099	0.06565	0.047247000000000004	0.170445	2158900.0
2016-01-27	0.000465	0.0632	0.069828	0.052153	0.018943	1809400.0
2016-01-26	0.008439	0.054348	0.069449	0.053853	0.340886	2263600.0
2016-01-25	0.000469	0.06276799999999999	0.064997	0.055586	0.018940000000000002	1853300.0
2016-01-22	0.024507	0.077395	0.085515	0.074097	0.965831	2072300.0
2016-01-21	0.016858	0.072078	0.080077	0.056597	0.653359	3364600.0
2016-01-20	-0.020812999999999998	0.040164	0.04269	0.014899	-0.823799	2647700.0
2016-01-19	0.037993	0.101975	0.105646	0.090173	1.448749	4931100.0
2016-01-15	-0.018284	0.03291	0.043466000000000005	0.030593000000000002	-0.710174	2603600.0
2016-01-14	0.006379	0.055563	0.06774	0.048049	0.246196	2466400.0
2016-01-13	-0.017831	0.06117	0.062697	0.036232	-0.700706	3843100.0
2016-01-12	0.022167	0.07662999999999999	0.085214	0.065965	0.8522069999999999	4663800.0
2016-01-11	0.0032119999999999996	0.06391000000000001	0.06677999999999999	0.050339999999999996	0.12310399999999999	1722300.0
2016-01-08	-0.012204000000000001	0.055823000000000005	0.056339	0.041388	-0.47345699999999996	1757800.0
2016-01-07	-0.01158	0.04487	0.054551999999999996	0.040794	-0.45451	2132000.0
2016-01-06	-0.015673	0.034262	0.043792000000000005	0.033510000000000005	-0.62495	1698300.0
2016-01-05	-0.003078	0.04883	0.05758099999999999	0.04558	-0.123101	2510100.0
2016-01-04	-0.024931000000000002	0.029508	0.032677	0.012931	-1.022644	2081700.0
2015-12-31	-0.016349000000000002	0.048887	0.049846	0.038575	-0.681766	666900.0
2015-12-30	-0.004296	0.056797	0.05823	0.05035	-0.17990899999999999	1124200.0
2015-12-29	0.011897	0.067437	0.07081900000000001	0.063571	0.49239399999999994	993700.0
2015-12-28	0.003443	0.057777999999999996	0.060687	0.054626	0.142021	790600.0
2015-12-24	-0.001604	0.056565	0.059227999999999996	0.05366	-0.066277	436400.0
2015-12-23	0.019869	0.064721	0.077311	0.06398	0.804859	1717200.0
2015-12-22	0.005169	0.056329	0.06402100000000001	0.050125	0.208317	1629000.0
2015-12-21	-0.0037450000000000005	0.06794700000000001	0.068689	0.045451	-0.151501	1624900.0
2015-12-18	-0.013623	0.043401	0.049985	0.0395	-0.55867	2212500.0
2015-12-17	-0.01344	0.047661	0.052472000000000005	0.041888	-0.55867	1970400.0
2015-12-16	0.021168	0.064924	0.08015499999999999	0.061239999999999996	0.8616719999999999	3590000.0
2015-12-15	0.015591999999999998	0.06830599999999999	0.079283	0.06680900000000001	0.624965	3264600.0
2015-12-14	-0.00118	0.05583200000000001	0.062809	0.047608	-0.047348	4110600.0
2015-12-11	-0.014877000000000001	0.045034	0.049207	0.038897	-0.6060180000000001	1732900.0
2015-12-10	-0.007384	0.05413099999999999	0.05656799999999999	0.046334	-0.30300900000000003	2244900.0
2015-12-09	-0.005507	0.054385	0.065532	0.046872000000000004	-0.227253	2032500.0
2015-12-08	-0.01067	0.042655	0.047689999999999996	0.037860000000000005	-0.445037	1937100.0
2015-12-07	0.010785	0.064563	0.068682	0.059716	0.445037	1343200.0
2015-12-04	0.009731	0.048496	0.06758099999999999	0.048251	0.397698	2406300.0
2015-12-03	-0.022202	0.049382	0.049382	0.028566	-0.927967	3011700.0
2015-12-02	0.007993	0.067175	0.072239	0.062351	0.331421	1736200.0
2015-12-01	0.001143	0.057288	0.060185	0.051976	0.04734	1514300.0
2015-11-30	-0.020161000000000002	0.055844000000000005	0.05655399999999999	0.034316	-0.8521989999999999	2404400.0
2015-11-27	0.0013460000000000002	0.063424	0.065557	0.055844000000000005	0.05680399999999999	1307800.0
2015-11-25	0.013872999999999998	0.075776	0.07649700000000001	0.069531	0.5776180000000001	2146700.0
2015-11-24	-0.007001	0.038432	0.050834	0.037955	-0.293541	1856200.0
2015-11-23	-0.00673	0.053949000000000004	0.05631799999999999	0.045894	-0.284077	1493900.0
2015-11-20	0.004507	0.05631900000000001	0.064172	0.055843	0.189385	3522000.0
2015-11-19	0.008407	0.059440999999999994	0.066879	0.058721	0.35035700000000003	2818300.0
2015-11-18	0.010329999999999999	0.055111	0.068203	0.054384	0.426094	1832400.0
2015-11-17	0.00554	0.066564	0.07119600000000001	0.0612	0.22726	2153300.0
2015-11-16	0.015233000000000002	0.059051	0.072911	0.057812999999999996	0.615483	1545400.0
2015-11-13	-0.022451	0.034064	0.038903	0.029951	-0.92796	1828100.0
2015-11-12	-0.016669999999999997	0.045137000000000004	0.047754000000000005	0.038475999999999996	-0.700702	1933700.0
2015-11-11	0.012084000000000001	0.067639	0.07269500000000001	0.06643500000000001	0.501857	1948600.0
2015-11-10	-0.00022799999999999999	0.0426	0.057766	0.0426	-0.009472	1427800.0
2015-11-09	-0.012825999999999999	0.038971	0.043724	0.036357	-0.539722	1740000.0
2015-11-06	-0.018985	0.039529	0.043492	0.027173000000000003	-0.814335	1291500.0
2015-11-05	0.002656	0.058651999999999996	0.061223	0.052341	0.113621	2098500.0
2015-11-04	-0.003968	0.053520000000000005	0.055615	0.049096	-0.170441	1392300.0
2015-11-03	-0.0008810000000000001	0.047707	0.056313999999999996	0.045613	-0.037872	1606200.0
2015-11-02	0.009337	0.065942	0.068759	0.060072	0.39769	1874500.0
2015-10-30	-0.009904999999999999	0.046317000000000004	0.055384	0.04469	-0.426098	1647700.0
2015-10-29	0.0050880000000000005	0.05818400000000001	0.064025	0.057014999999999996	0.217781	1796200.0
2015-10-28	0.005204	0.072146	0.07238	0.051712	0.221577	2210400.0
2015-10-27	-0.005706	0.06019	0.064627	0.056687	-0.24432800000000002	1298700.0
2015-10-26	-0.0061070000000000004	0.063	0.06416000000000001	0.055340999999999994	-0.26311100000000004	1604300.0
2015-10-23	-0.0041270000000000005	0.067858	0.07017000000000001	0.057687999999999996	-0.178551	2131700.0
2015-10-22	0.014990999999999999	0.077533	0.086917	0.074952	0.639004	3066000.0
2015-10-21	0.0	0.06932100000000001	0.071667	0.063925	0.0	1866700.0
2015-10-20	-0.003953	0.066731	0.066964	0.057851	-0.169148	1796700.0
2015-10-19	0.004854	0.069796	0.07120399999999999	0.062751	0.206738	1568400.0
2015-10-16	0.008231	0.06416000000000001	0.073867	0.062976	0.347691	2223600.0
2015-10-15	0.047541	0.108552	0.11648800000000001	0.104832	1.9169990000000001	4411700.0
2015-10-14	0.000233	0.067385	0.072594	0.063664	0.0094	2596900.0
2015-10-13	0.0007	0.059691999999999995	0.070118	0.058203	0.028194	2436100.0
2015-10-12	0.014434	0.076751	0.087327	0.07448400000000001	0.5732229999999999	1753600.0
2015-10-09	0.004516	0.063401	0.073772	0.06239	0.178547	1470200.0
2015-10-08	0.006940999999999999	0.052444000000000005	0.07282000000000001	0.050914999999999995	0.272511	2049500.0
2015-10-07	-0.006184	0.054288	0.059604	0.048213	-0.24431999999999998	2281700.0
2015-10-06	0.002623	0.067459	0.073043	0.06390599999999999	0.10336300000000001	1787100.0
2015-10-05	0.019699	0.084346	0.087452	0.079947	0.761166	1872300.0
2015-10-02	0.021615000000000002	0.061780999999999996	0.087162	0.059137	0.817546	2980900.0
2015-10-01	0.0012439999999999999	0.069719	0.07130700000000001	0.055688999999999995	0.046981999999999996	1961000.0
2015-09-30	0.019787	0.089806	0.090886	0.07900800000000001	0.732971	2242900.0
2015-09-29	0.011807	0.062248000000000005	0.079183	0.058424000000000004	0.432274	3415800.0
2015-09-28	-0.014169999999999999	0.06200599999999999	0.062544	0.048004000000000005	-0.526241	2089200.0
2015-09-25	0.028363	0.097389	0.108466	0.091021	1.0242879999999999	2783200.0
2015-09-24	-0.011574	0.048285	0.055949	0.037885	-0.42287399999999997	2600300.0
2015-09-23	-0.003332	0.06416000000000001	0.065524	0.054067	-0.12216199999999999	1768900.0
2015-09-22	-0.028151	0.038179000000000005	0.039505	0.024128	-1.0618670000000001	2452200.0
2015-09-21	0.000997	0.072917	0.072917	0.060976	0.037582	1354600.0
2015-09-18	-0.0145	0.05160700000000001	0.058668	0.045853	-0.55442	2732100.0
2015-09-17	0.006929	0.06679299999999999	0.080487	0.062843	0.26310300000000003	2758500.0
2015-09-16	0.032448000000000005	0.093524	0.101408	0.087814	1.1934360000000002	2063100.0
2015-09-15	0.007723999999999999	0.063886	0.074298	0.06005	0.281914	1709400.0
2015-09-14	-0.010194	0.056567	0.058736000000000003	0.050058	-0.37588499999999997	1987800.0
2015-09-11	-0.002288	0.052254999999999996	0.061725	0.051984	-0.08457200000000001	2483400.0
2015-09-10	-0.006065	0.05421	0.061739999999999996	0.051789	-0.225525	2638700.0
2015-09-09	-0.006029	0.08126799999999999	0.081802	0.056942999999999994	-0.22554000000000002	2902400.0
2015-09-08	0.021293	0.090914	0.09337100000000001	0.08054	0.779968	1891100.0
2015-09-04	-0.018877	0.04059	0.047822	0.03684	-0.7047800000000001	2211800.0
2015-09-03	0.005823	0.07332000000000001	0.079786	0.067124	0.216129	1749200.0
2015-09-02	0.011265	0.07696499999999999	0.079962	0.068247	0.41346700000000003	2028000.0
2015-09-01	-0.026420999999999997	0.040553	0.045063	0.030739	-0.996086	3468000.0
2015-08-31	-0.0009960000000000001	0.06230499999999999	0.066545	0.055946	-0.03759	2485000.0
2015-08-28	-0.005940999999999999	0.0502	0.058102	0.046775	-0.225532	2761900.0
2015-08-27	0.0067280000000000005	0.06124299999999999	0.07132000000000001	0.057	0.253727	2989900.0
2015-08-26	0.012872	0.072487	0.078127	0.056371000000000004	0.47925100000000004	3665300.0
2015-08-25	0.001011	0.099112	0.099381	0.063622	0.037587	3508500.0
2015-08-24	-0.025843	0.028801	0.057088	0.007324	-0.9867020000000001	5506600.0
2015-08-21	-0.026593000000000002	0.059571000000000006	0.06212	0.035861000000000004	-1.043072	3227100.0
2015-08-20	-0.024994	0.044025	0.047008	0.036568	-1.005482	2590500.0
2015-08-19	-0.012685	0.048944	0.057042999999999996	0.044281	-0.516842	1881600.0
2015-08-18	-0.002071	0.058772000000000005	0.06612	0.057791999999999996	-0.08457100000000001	1343900.0
2015-08-17	-0.00481	0.046367	0.059529	0.045636	-0.19734200000000002	1665100.0
2015-08-14	-0.006823999999999999	0.05665599999999999	0.058592	0.051088	-0.28191	1751500.0
2015-08-13	0.0015949999999999998	0.062463	0.068767	0.060280999999999994	0.06577999999999999	2305700.0
2015-08-12	-0.045038999999999996	0.0116	0.016926	0.0053490000000000005	-1.945198	3628500.0
2015-08-11	-0.011825	0.05661	0.05729600000000001	0.048602	-0.516834	2698400.0
2015-08-10	0.009989	0.065085	0.075252	0.065085	0.432262	1706900.0
2015-08-07	0.0023940000000000003	0.059527	0.06717200000000001	0.057211	0.103367	4371600.0
2015-08-06	0.006353	0.075583	0.077681	0.070454	0.272511	3063100.0
2015-08-05	0.01215	0.07307899999999999	0.07945	0.071663	0.514969	1583000.0
2015-08-04	-0.002196	0.07260599999999999	0.074018	0.068132	-0.093296	1544700.0
2015-08-03	0.015614	0.094136	0.097005	0.084093	0.653038	2967100.0
2015-07-31	0.00067	0.07405199999999999	0.07812000000000001	0.071181	0.027992000000000003	1388500.0
2015-07-30	0.0029100000000000003	0.06806	0.076218	0.061581	0.12128399999999999	1604500.0
2015-07-29	-0.001341	0.066867	0.074535	0.066148	-0.055973	2725000.0
2015-07-28	0.009023	0.072625	0.081571	0.068756	0.373165	1377900.0
2015-07-27	-0.005385	0.07719	0.077912	0.063963	-0.223899	2147000.0
2015-07-24	-0.006686	0.076199	0.076438	0.063538	-0.279885	2482900.0
2015-07-23	0.010586	0.09266100000000001	0.092903	0.07938300000000001	0.43848100000000007	2753700.0
2015-07-22	0.006803	0.073601	0.080163	0.072871	0.27988	2306300.0
2015-07-21	-0.011433	0.07141900000000001	0.071659	0.057963	-0.475796	2097200.0
2015-07-20	-0.0022370000000000003	0.071899	0.075495	0.068063	-0.093288	1966300.0
2015-07-17	-0.0060030000000000005	0.067371	0.071422	0.06332	-0.2519	2399900.0
2015-07-16	0.008294	0.08439400000000001	0.08583500000000001	0.078387	0.345188	3044800.0
2015-07-15	0.000898	0.073823	0.075988	0.070216	0.03732	1532400.0
2015-07-14	0.013184999999999999	0.089687	0.090174	0.083108	0.541088	2279000.0
2015-07-13	0.002736	0.07678600000000001	0.081428	0.073121	0.11196099999999999	1862700.0
2015-07-10	0.05128200000000001	0.129951	0.130978	0.12019	1.9964560000000002	5009600.0
2015-07-09	0.016316999999999998	0.100093	0.100354	0.089129	0.625054	2404100.0
2015-07-08	-0.003156	0.071119	0.074502	0.066434	-0.121277	2204100.0
2015-07-07	0.006352	0.06299500000000001	0.081589	0.054091	0.24255700000000002	3666000.0
2015-07-06	-0.023849000000000002	0.043012	0.055282000000000005	0.041989	-0.932926	3333500.0
2015-07-02	-0.008043000000000002	0.06708099999999999	0.06834900000000001	0.058205999999999994	-0.31719200000000003	1417600.0
2015-07-01	0.010277	0.087271	0.08983300000000001	0.078816	0.401161	1913500.0
2015-06-30	-0.005704	0.07826699999999999	0.07903099999999999	0.05814400000000001	-0.223911	3215600.0
2015-06-29	-0.035084	0.04265	0.049286	0.032572000000000004	-1.427368	2925300.0
2015-06-26	0.006693999999999999	0.080312	0.086003	0.077838	0.27055	2247500.0
2015-06-25	-0.002762	0.07066499999999999	0.07387300000000001	0.062028999999999994	-0.111947	1469900.0
2015-06-24	-0.002297	0.073869	0.077315	0.067468	-0.093296	1400200.0
2015-06-23	0.00022999999999999998	0.082241	0.082488	0.071407	0.009327	1686900.0
2015-06-22	0.0252	0.097901	0.10875599999999999	0.0926	0.998223	2178300.0
2015-06-19	-0.001411	0.073412	0.075428	0.068118	-0.055970000000000006	1005700.0
2015-06-18	0.015524000000000001	0.078555	0.098268	0.076507	0.6064	6775800.0
2015-06-17	-0.0023829999999999997	0.063471	0.071899	0.058619000000000004	-0.093292	1487500.0
2015-06-16	0.006234	0.071128	0.08192200000000001	0.068301	0.242565	865800.0
2015-06-15	-0.00263	0.061647	0.06907999999999999	0.058315	-0.102623	1316900.0
2015-06-12	-0.018080000000000002	0.047486	0.055791999999999994	0.041698	-0.718357	1926900.0
2015-06-11	0.008048	0.085346	0.091942	0.077227	0.317203	2112800.0
2015-06-10	0.020531	0.08588	0.102451	0.084327	0.792981	1591600.0
2015-06-09	-0.001929	0.06905599999999999	0.07370800000000001	0.060270000000000004	-0.074639	1108400.0
2015-06-08	-0.001204	0.06777000000000001	0.07447999999999999	0.06338200000000001	-0.046642	1315100.0
2015-06-05	-0.017506999999999998	0.05922	0.059726999999999995	0.046287	-0.690365	2317800.0
2015-06-04	-0.009606	0.06436499999999999	0.080438	0.060095	-0.382496	2008800.0
2015-06-03	0.013295	0.092004	0.094294	0.085132	0.5224340000000001	2051500.0
2015-06-02	-0.0066040000000000005	0.064568	0.068107	0.057741999999999995	-0.261219	6930100.0
2015-06-01	-0.007026	0.071146	0.07215	0.058845	-0.27988	1862900.0
2015-05-29	-0.009281000000000001	0.06841699999999999	0.07165	0.057723000000000003	-0.37316900000000003	3955300.0
2015-05-28	-0.00023199999999999997	0.075629	0.075629	0.067175	-0.009323	2901800.0
2015-05-27	0.014830000000000001	0.072656	0.089562	0.07215099999999999	0.587738	5336500.0
2015-05-26	-0.018484	0.067689	0.070661	0.05134299999999999	-0.746334	1703600.0
2015-05-22	-0.008249	0.071408	0.07239	0.063057	-0.335854	855500.0
2015-05-21	0.001147	0.069686	0.074112	0.068702	0.046642	1450800.0
2015-05-20	-0.00206	0.06601	0.075335	0.06551900000000001	-0.083957	2220000.0
2015-05-19	0.005988	0.07288700000000001	0.08054	0.071159	0.24256100000000003	1949300.0
2015-05-18	-0.008676	0.057460000000000004	0.06578099999999999	0.054524	-0.35451900000000003	1037300.0
2015-05-15	0.0009140000000000001	0.071409	0.072879	0.063081	0.037323	2217800.0
2015-05-14	0.013198	0.089024	0.092002	0.081827	0.5317689999999999	3709200.0
2015-05-13	-0.007127	0.07313099999999999	0.077813	0.06352100000000001	-0.289211	1873900.0
2015-05-12	-0.004577	0.067975	0.071654	0.063559	-0.186585	2195400.0
2015-05-11	-0.010417000000000001	0.055151	0.067287	0.054665	-0.429145	1300800.0
2015-05-08	0.028651	0.093122	0.10710499999999999	0.091624	1.147499	1921200.0
2015-05-07	-0.000233	0.067156	0.073647	0.06515900000000001	-0.009331	1981700.0
2015-05-06	0.0021	0.08140499999999999	0.08190499999999999	0.070148	0.08396100000000001	4590800.0
2015-05-05	-0.014263	0.074365	0.074365	0.053898	-0.578415	3299800.0
2015-05-04	-0.004352	0.06600700000000001	0.069935	0.064779	-0.177253	7578500.0
2015-05-01	0.00414	0.070174	0.077076	0.06943400000000001	0.167934	1324600.0
2015-04-30	-0.001607	0.071899	0.079037	0.06796100000000001	-0.065308	2458100.0
2015-04-29	-0.024199000000000002	0.061091	0.063733	0.044999000000000004	-1.007568	2427900.0
2015-04-28	-0.0068980000000000005	0.065459	0.067844	0.060212	-0.289204	1969500.0
2015-04-27	0.005369	0.08221	0.083409	0.075736	0.223904	1800200.0
2015-04-24	0.004494	0.074549	0.082739	0.071417	0.186585	1097600.0
2015-04-23	0.009986	0.06435700000000001	0.085036	0.063871	0.410488	2193800.0
2015-04-22	-0.006113	0.067523	0.07115	0.060752	-0.252819	2531100.0
2015-04-21	0.009496	0.091329	0.093526	0.0884	0.38902600000000004	1840100.0
2015-04-20	-0.0031550000000000003	0.084479	0.085939	0.074503	-0.12967599999999999	2917400.0
2015-04-17	-0.013562000000000001	0.070491	0.071212	0.062571	-0.565022	2489900.0
2015-04-16	0.034261	0.12230999999999999	0.12255799999999999	0.109898	1.380123	3225100.0
2015-04-15	0.0053170000000000005	0.08809700000000001	0.09208999999999999	0.078614	0.21304299999999998	1949500.0
2015-04-14	0.007687	0.084642	0.09042599999999999	0.081876	0.305668	1224200.0
2015-04-13	-0.007169	0.07586699999999999	0.078114	0.071872	-0.28714	928600.0
2015-04-10	-0.0006929999999999999	0.072127	0.082606	0.07088	-0.02779	1349500.0
2015-04-09	0.0006940000000000001	0.08136	0.082109	0.07486799999999999	0.02779	1712500.0
2015-04-08	-0.002768	0.085837	0.08757999999999999	0.074135	-0.111152	845700.0
2015-04-07	0.005799	0.087877	0.097143	0.084871	0.23156300000000002	1277600.0
2015-04-06	0.005598	0.081123	0.094722	0.08062000000000001	0.222302	921900.0
2015-04-02	0.021687	0.09479299999999999	0.10431300000000002	0.091963	0.842899	2633300.0
2015-04-01	0.004789	0.08581699999999999	0.08711	0.075735	0.185253	2089500.0
2015-03-31	-0.027933	0.046189	0.058252	0.046189	-1.111507	1642100.0
2015-03-30	0.011061	0.082916	0.093587	0.081899	0.435337	1250000.0
2015-03-27	0.0052049999999999996	0.075526	0.085487	0.07297200000000001	0.203773	1143900.0
2015-03-26	-0.007745999999999999	0.07277	0.075557	0.06263300000000001	-0.305664	1184100.0
2015-03-25	-0.013432	0.081113	0.082363	0.065111	-0.537227	1135300.0
2015-03-24	-0.0006940000000000001	0.08386	0.087358	0.078363	-0.027794	1100700.0
2015-03-23	0.004884	0.081872	0.089906	0.079361	0.194523	1117400.0
2015-03-20	0.016308	0.095943	0.102833	0.09135	0.6391100000000001	1953300.0
2015-03-19	-0.030254000000000003	0.052146000000000005	0.056847	0.044226999999999995	-1.22266	1856700.0
2015-03-18	0.024419	0.08164	0.109017	0.079105	0.96331	1993900.0
2015-03-17	-0.005836	0.072304	0.07583200000000001	0.06751599999999999	-0.231567	1251100.0
2015-03-16	0.019272	0.09374	0.10375799999999999	0.092199	0.750275	1577000.0
2015-03-13	-0.001663	0.070637	0.079356	0.069611	-0.064835	1778400.0
2015-03-12	0.005974	0.08503	0.0889	0.079613	0.231567	1241800.0
2015-03-11	0.003356	0.08686	0.091001	0.082201	0.129673	2085200.0
2015-03-10	-0.020202	0.07175	0.072258	0.057802	-0.796588	2478900.0
2015-03-09	-0.005141	0.076585	0.078098	0.070529	-0.203778	1696500.0
2015-03-06	-0.026172000000000004	0.069047	0.069539	0.049145	-1.065193	1737100.0
2015-03-05	0.011045000000000001	0.092779	0.095014	0.08905199999999999	0.444607	1607600.0
2015-03-04	-0.004125	0.075159	0.078375	0.06848	-0.166737	976800.0
2015-03-03	-0.002742	0.08282	0.084547	0.074678	-0.111141	1336700.0
2015-03-02	0.006670999999999999	0.087063	0.089298	0.083834	0.268608	1591800.0
2015-02-27	0.0050869999999999995	0.079862	0.088848	0.078115	0.203781	1201900.0
2015-02-26	-0.0006929999999999999	0.070632	0.083354	0.070133	-0.027786	1356800.0
2015-02-25	-0.004371	0.070671	0.075639	0.064462	-0.175995	2016400.0
2015-02-24	0.007416	0.082615	0.092873	0.07686	0.296406	3034100.0
2015-02-23	0.008178	0.084405	0.091973	0.082892	0.324196	1300600.0
2015-02-20	0.011342	0.070173	0.094664	0.069663	0.44459899999999997	2125100.0
2015-02-19	0.003081	0.085754	0.091127	0.082427	0.12041099999999999	4130000.0
2015-02-18	-0.004718	0.063313	0.076047	0.061020000000000005	-0.185246	2406500.0
2015-02-17	0.002602	0.071952	0.084464	0.068632	0.101883	1381000.0
2015-02-13	-0.007045999999999999	0.076823	0.077584	0.066174	-0.277878	1505800.0
2015-02-12	0.009723	0.080381	0.090365	0.079101	0.379773	1517100.0
2015-02-11	0.000712	0.079612	0.083455	0.075257	0.027781999999999998	1628600.0
2015-02-10	0.008375	0.08607100000000001	0.093304	0.077804	0.32418800000000003	2663500.0
2015-02-09	-0.0023870000000000002	0.06105599999999999	0.079613	0.06105599999999999	-0.09261699999999999	2375600.0
2015-02-06	-0.021490000000000002	0.061959	0.064481	0.052881	-0.852165	3231300.0
2015-02-05	0.010385	0.078338	0.091588	0.0763	0.407558	1846700.0
2015-02-04	-0.009352	0.070273	0.078098	0.068506	-0.370498	2568100.0
2015-02-03	-0.002084	0.08340800000000001	0.085675	0.077614	-0.082737	2391400.0
2015-02-02	-0.00415	0.0754	0.08518300000000001	0.070634	-0.165444	3761100.0
2015-01-30	-0.011623	0.076289	0.081248	0.07133099999999999	-0.46878000000000003	5770300.0
2015-01-29	0.028598000000000002	0.11625	0.119821	0.109875	1.121384	3842400.0
2015-01-28	-0.010209000000000001	0.090214	0.09071900000000001	0.074817	-0.404423	1594400.0
2015-01-27	0.009604000000000001	0.091001	0.10323299999999999	0.09074600000000001	0.376854	2529600.0
2015-01-26	0.033656	0.10401099999999999	0.126139	0.101904	1.2776370000000001	5308900.0
2015-01-23	0.010274	0.108168	0.11216	0.098588	0.38605500000000004	3104900.0
2015-01-22	0.002944	0.072728	0.093548	0.072461	0.11029800000000001	4320200.0
2015-01-21	0.006171	0.08579400000000001	0.096805	0.082303	0.22979000000000002	6787700.0
2015-01-20	-0.0034439999999999996	0.078307	0.086069	0.07349	-0.128685	3508300.0
2015-01-16	0.015489	0.102075	0.105065	0.090389	0.569889	2350900.0
2015-01-15	0.011114	0.102782	0.106629	0.092889	0.404427	2262000.0
2015-01-14	0.008919	0.094042	0.100141	0.090438	0.321708	2199300.0
2015-01-13	0.002299	0.101559	0.103504	0.08294	0.082726	1399400.0
2015-01-12	0.015038	0.10655899999999999	0.10768699999999999	0.09499400000000001	0.533115	1778400.0
2015-01-09	-0.01001	0.084312	0.08515	0.07007100000000001	-0.358467	1786500.0
2015-01-08	0.021232	0.101345	0.115889	0.099064	0.7445149999999999	1843700.0
2015-01-07	0.01355	0.09112200000000001	0.10326199999999999	0.08881	0.46878400000000003	1424200.0
2015-01-06	-0.00265	0.092267	0.099185	0.081312	-0.091915	3151300.0
2015-01-05	-0.02531	0.065745	0.069398	0.05563	-0.900791	2621300.0
2015-01-02	-0.008197	0.084598	0.08710599999999999	0.074566	-0.294132	1817900.0
2014-12-31	-0.006363000000000001	0.094588	0.094588	0.080466	-0.22979000000000002	755200.0
2014-12-30	-0.012565999999999999	0.080833	0.083841	0.073451	-0.45959099999999997	948400.0
2014-12-29	-0.005497999999999999	0.083048	0.086855	0.08114400000000001	-0.20221	704600.0
2014-12-26	0.002255	0.08876	0.09339299999999999	0.087398	0.08273	394000.0
2014-12-24	0.001254	0.08767	0.09121699999999999	0.08630499999999999	0.045955	327400.0
2014-12-23	0.003271	0.088216	0.09506	0.08411	0.119492	1093900.0
2014-12-22	0.009911	0.096513	0.100384	0.094025	0.358475	1160000.0
2014-12-19	-0.011555	0.069359	0.080837	0.06526	-0.422821	1808200.0
2014-12-18	0.028151	0.091876	0.11856900000000001	0.09159500000000001	1.001892	1580200.0
2014-12-17	0.004671	0.083426	0.10121000000000001	0.079756	0.165451	3303300.0
2014-12-16	0.001559	0.081722	0.10603699999999999	0.07946	0.055149000000000004	2866200.0
2014-12-15	-0.019618	0.088774	0.090991	0.06438200000000001	-0.707756	2920300.0
2014-12-12	-0.021929	0.086858	0.08984	0.06354299999999999	-0.808869	2413200.0
2014-12-11	-0.004218	0.089562	0.093611	0.08200299999999999	-0.15626099999999998	2204800.0
2014-12-10	-0.003462	0.09144	0.091978	0.082024	-0.128674	1505600.0
2014-12-09	-0.009309	0.08154600000000001	0.084478	0.07408300000000001	-0.349288	1298800.0
2014-12-08	-0.004876	0.083699	0.09032899999999999	0.07866000000000001	-0.183831	2526100.0
2014-12-05	0.010345	0.10080499999999999	0.102681	0.095713	0.386048	2249600.0
2014-12-04	0.0024690000000000003	0.103254	0.10459700000000001	0.08847999999999999	0.091919	1413900.0
2014-12-03	-0.0058909999999999995	0.083937	0.084471	0.077795	-0.22060100000000002	1019900.0
2014-12-02	0.003943	0.09813	0.100275	0.090623	0.147065	1275300.0
2014-12-01	-0.0014759999999999999	0.091958	0.091958	0.085533	-0.055149000000000004	1592300.0
2014-11-28	0.015238999999999999	0.10370599999999999	0.10941300000000001	0.102075	0.5606949999999999	1090000.0
2014-11-26	0.005779	0.093683	0.09669	0.091769	0.211403	756800.0
2014-11-25	-0.0037549999999999997	0.089304	0.090666	0.082496	-0.137874	1413700.0
2014-11-24	0.003013	0.096136	0.09750199999999999	0.089035	0.11029000000000001	1968600.0
2014-11-21	0.005047	0.10112	0.103316	0.092609	0.183849	3230600.0
2014-11-20	-0.002517	0.085752	0.089312	0.084382	-0.091922	1081900.0
2014-11-19	0.005823	0.094277	0.097582	0.087667	0.21140599999999998	789400.0
2014-11-18	0.006113	0.092653	0.09514700000000001	0.090159	0.2206	1017200.0
2014-11-17	0.00281	0.08099500000000001	0.092666	0.08099500000000001	0.101109	1766700.0
2014-11-14	-0.0017850000000000001	0.080175	0.08766499999999999	0.077401	-0.064343	2400000.0
2014-11-13	0.009264	0.093262	0.10502	0.092422	0.330903	2279100.0
2014-11-12	-0.005375	0.08292999999999999	0.08404400000000001	0.079589	-0.193028	2267400.0
2014-11-11	0.0056630000000000005	0.09550299999999999	0.096063	0.091023	0.202213	2550400.0
2014-11-10	0.008305	0.09838999999999999	0.100084	0.093872	0.294136	2451800.0
2014-11-07	0.0005200000000000001	0.08201	0.088507	0.075795	0.018391	1695300.0
2014-11-06	0.0	0.08935499999999999	0.094158	0.086813	0.0	1860600.0
2014-11-05	0.008749	0.09518099999999999	0.100025	0.091761	0.30699499999999996	2787300.0
2014-11-04	0.007581999999999999	0.102049	0.108366	0.098603	0.264046	4520200.0
2014-11-03	-0.012394	0.087256	0.089241	0.081301	-0.43703400000000003	2826600.0
2014-10-31	0.014937	0.115873	0.1176	0.111268	0.5189779999999999	1799900.0
2014-10-30	0.000787	0.08592999999999999	0.103501	0.085354	0.027313	1048400.0
2014-10-29	-0.002616	0.103774	0.107222	0.091133	-0.091049	1510000.0
2014-10-28	0.015135	0.113772	0.116397	0.109106	0.518966	2152000.0
2014-10-27	0.012094	0.100972	0.11218900000000001	0.099201	0.409729	2025500.0
2014-10-24	0.000269	0.09122999999999999	0.100678	0.090935	0.009101999999999999	2310600.0
2014-10-23	-0.025412999999999998	0.0799	0.081339	0.068966	-0.8831709999999999	4472600.0
2014-10-22	-0.014205	0.085551	0.091224	0.082147	-0.5007699999999999	2664900.0
2014-10-21	0.014144	0.10032999999999999	0.11471300000000001	0.099754	0.491672	3577900.0
2014-10-20	0.008452	0.091644	0.108759	0.091353	0.29135500000000003	1397000.0
2014-10-17	0.019386	0.11280599999999999	0.12315699999999999	0.107779	0.6555479999999999	2645300.0
2014-10-16	-0.022116999999999998	0.068241	0.081832	0.063614	-0.7648119999999999	3840400.0
2014-10-15	-0.003934	0.10206	0.104941	0.078729	-0.13657	2681800.0
2014-10-14	0.000525	0.098028	0.106097	0.096587	0.018211	2543000.0
2014-10-13	-0.003921	0.10147300000000001	0.10491800000000001	0.093149	-0.136573	1420600.0
2014-10-10	-0.013409	0.090102	0.094067	0.08330499999999999	-0.473458	1820900.0
2014-10-09	-0.013482	0.093287	0.09775700000000001	0.081272	-0.482551	2262100.0
2014-10-08	0.024765000000000002	0.10833699999999999	0.125802	0.107478	0.864959	1770900.0
2014-10-07	-0.015906	0.089299	0.091835	0.080846	-0.5645020000000001	1622700.0
2014-10-06	0.009059999999999999	0.104571	0.108267	0.10030599999999999	0.31867199999999996	1927900.0
2014-10-03	-0.00643	0.08899299999999999	0.094926	0.087299	-0.227627	2447000.0
2014-10-02	-0.0066430000000000005	0.093545	0.09382599999999999	0.084285	-0.236717	2465200.0
2014-10-01	-0.013609	0.089181	0.09056499999999999	0.080601	-0.49166899999999997	1781200.0
2014-09-30	0.005065999999999999	0.10221000000000001	0.111391	0.10054099999999999	0.182095	1712600.0
2014-09-29	-0.00504	0.08530599999999999	0.094441	0.083646	-0.182095	828800.0
2014-09-26	0.008643000000000001	0.10613299999999999	0.10976199999999998	0.099712	0.309567	920100.0
2014-09-25	-0.017728	0.085701	0.086798	0.0772	-0.646443	1462100.0
2014-09-24	0.002252	0.09364299999999999	0.101339	0.09117	0.081944	1794600.0
2014-09-23	-0.014306999999999999	0.085853	0.088292	0.080977	-0.528084	1804800.0
2014-09-22	0.004211	0.09940399999999999	0.102941	0.098316	0.15478499999999998	1464600.0
2014-09-19	-0.002471	0.099673	0.101844	0.09424500000000001	-0.091045	1117400.0
2014-09-18	0.0044670000000000005	0.097771	0.106494	0.097225	0.163883	1515200.0
2014-09-17	-0.027047	0.078158	0.07975	0.068345	-1.0197450000000001	2619500.0
2014-09-16	0.001209	0.094863	0.100971	0.091146	0.045517	761800.0
2014-09-15	0.000968	0.09805	0.102037	0.09459400000000001	0.036423000000000004	1355200.0
2014-09-12	0.000484	0.098582	0.100975	0.094327	0.018215000000000002	989700.0
2014-09-11	-0.0019329999999999998	0.090884	0.099377	0.090619	-0.072838	4258300.0
2014-09-10	-0.000242	0.095927	0.09858099999999999	0.09407	-0.009113	1410500.0
2014-09-09	-0.0074340000000000005	0.089887	0.091994	0.086727	-0.282246	893400.0
2014-09-08	-0.011848000000000001	0.085563	0.09206900000000001	0.084261	-0.455246	913700.0
2014-09-05	0.001186	0.096492	0.099879	0.093365	0.045525	392800.0
2014-09-04	0.001902	0.105103	0.112674	0.099099	0.072841	1069900.0
2014-09-03	0.0067	0.108303	0.10909100000000001	0.103835	0.25493699999999997	555000.0
2014-09-02	0.003602	0.10306300000000002	0.103327	0.098579	0.13657	790200.0
2014-08-29	0.0036149999999999997	0.09990399999999999	0.10308099999999999	0.09328600000000001	0.136577	638800.0
2014-08-28	-0.001684	0.096201	0.099108	0.09435199999999999	-0.063736	657000.0
2014-08-27	-0.000721	0.097788	0.101221	0.096731	-0.027313	518100.0
2014-08-26	0.0028940000000000003	0.10043400000000001	0.10573099999999999	0.099905	0.10925699999999999	661200.0
2014-08-25	0.010724	0.10741700000000001	0.11437699999999999	0.105276	0.400615	756300.0
2014-08-22	-0.009655	0.091158	0.093809	0.08585599999999999	-0.364196	829700.0
2014-08-21	0.005827000000000001	0.10178200000000001	0.106848	0.099116	0.21851700000000002	725800.0
2014-08-20	-0.004351	0.093271	0.095661	0.09061699999999999	-0.16388699999999998	781500.0
2014-08-19	0.005835	0.104191	0.105526	0.10258800000000001	0.218521	441500.0
2014-08-18	0.003171	0.10287	0.104209	0.101262	0.11835899999999999	657800.0
2014-08-15	0.000977	0.107701	0.110919	0.09483	0.036426	1594300.0
2014-08-14	0.005894	0.106677	0.108026	0.102631	0.21850999999999998	521900.0
2014-08-13	0.002709	0.102372	0.103725	0.097775	0.100151	504600.0
2014-08-12	-0.0007379999999999999	0.095343	0.09858600000000001	0.093181	-0.027306	725700.0
2014-08-11	0.001478	0.099398	0.102646	0.097233	0.054623000000000005	1091700.0
2014-08-08	-0.00024700000000000004	0.087763	0.09804500000000001	0.085327	-0.00911	881400.0
2014-08-07	-0.00123	0.111018	0.111018	0.095343	-0.045513	1135100.0
2014-08-06	0.0065379999999999995	0.091352	0.107673	0.09108	0.240364	1216300.0
2014-08-05	0.00172	0.115846	0.11666300000000002	0.10794400000000001	0.06312999999999999	991200.0
2014-08-04	-0.012139	0.10310899999999999	0.10445499999999999	0.08938	-0.45094700000000004	2018000.0
2014-08-01	0.001459	0.10633499999999999	0.11604	0.105526	0.054111	1494100.0
2014-07-31	-0.023736	0.089813	0.093234	0.082444	-0.901905	1303000.0
2014-07-30	-0.015424	0.098138	0.09943300000000001	0.08855	-0.595264	853800.0
2014-07-29	0.004932	0.12204100000000001	0.122302	0.112928	0.1894	1158500.0
2014-07-28	0.006619	0.11950799999999999	0.11977	0.112169	0.252533	868000.0
2014-07-25	-0.016736	0.095359	0.097937	0.08608099999999999	-0.649365	1014000.0
2014-07-24	-0.008298999999999999	0.103905	0.10441600000000001	0.094448	-0.32469499999999996	736700.0
2014-07-23	-0.008004	0.10571900000000001	0.10647899999999999	0.099633	-0.31567	1030000.0
2014-07-22	0.017924000000000002	0.12450499999999999	0.12915	0.12063299999999999	0.694469	1611600.0
2014-07-21	0.006089	0.108502	0.11707000000000001	0.106424	0.23449699999999998	1048600.0
2014-07-18	0.001407	0.10356099999999999	0.112142	0.10122	0.05411900000000001	1316900.0
2014-07-17	-0.0072180000000000005	0.11495699999999999	0.11857100000000001	0.100501	-0.27959	1182400.0
2014-07-16	0.007743000000000001	0.11604500000000001	0.119948	0.112143	0.297622	846000.0
2014-07-15	-0.009298	0.10360699999999999	0.104895	0.09484400000000001	-0.360752	1564100.0
2014-07-14	0.004671	0.114199	0.116271	0.11160999999999999	0.180378	1164600.0
2014-07-11	0.005164	0.108241	0.116569	0.105117	0.198414	1094300.0
2014-07-10	-0.019337	0.08732100000000001	0.089874	0.082216	-0.757599	2272500.0
2014-07-09	-0.00367	0.098589	0.10596400000000002	0.097572	-0.14430199999999999	1404300.0
2014-07-08	-0.002517	0.102674	0.10774700000000001	0.10216599999999999	-0.099209	2084200.0
2014-07-07	-0.008394	0.096939	0.100964	0.095179	-0.33371	1290800.0
2014-07-03	0.0043289999999999995	0.10977200000000001	0.117603	0.10977200000000001	0.17135999999999998	721600.0
2014-07-02	0.0	0.104719	0.10977200000000001	0.103709	0.0	1044600.0
2014-07-01	0.002971	0.106227	0.115095	0.104707	0.117245	1145000.0
2014-06-30	0.007135	0.11514100000000001	0.11871300000000001	0.11360999999999999	0.279594	783400.0
2014-06-27	-0.005038	0.102414	0.104699	0.100383	-0.198414	794600.0
2014-06-26	-0.002285	0.10648099999999999	0.10698800000000001	0.094829	-0.09019400000000001	671500.0
2014-06-25	-0.008831	0.09997400000000001	0.104493	0.096459	-0.351738	1024000.0
2014-06-24	-0.003386	0.10801	0.11076300000000001	0.10500799999999999	-0.135304	748200.0
2014-06-23	0.006587999999999999	0.116569	0.117325	0.11153199999999999	0.261563	1131100.0
2014-06-20	-0.002945	0.107254	0.109766	0.104743	-0.117249	781900.0
2014-06-19	0.0029530000000000003	0.112791	0.118584	0.110776	0.117249	760200.0
2014-06-18	0.0036479999999999998	0.10749700000000001	0.113311	0.10421099999999998	0.14430199999999999	740700.0
2014-06-17	0.004811	0.11053900000000001	0.11714400000000001	0.110285	0.189407	822000.0
2014-06-16	0.000229	0.106983	0.111302	0.10520399999999999	0.009022	738400.0
2014-06-13	-0.004789	0.105727	0.10749700000000001	0.100923	-0.189407	780500.0
2014-06-12	0.011301	0.119245	0.12129100000000001	0.11592100000000001	0.441932	1370600.0
2014-06-11	-0.004591	0.107743	0.108761	0.102398	-0.180385	1130500.0
2014-06-10	0.009034	0.110302	0.118778	0.110302	0.351749	785500.0
2014-06-09	0.002788	0.109019	0.11210999999999999	0.10798900000000002	0.10823499999999998	1573500.0
2014-06-06	-0.014197	0.092004	0.098098	0.089211	-0.559182	2240200.0
2014-06-05	0.005989	0.10850599999999999	0.116424	0.10646300000000002	0.234494	1058200.0
2014-06-04	-0.0034439999999999996	0.10748800000000001	0.10799700000000001	0.101889	-0.135296	550800.0
2014-06-03	0.003225	0.109527	0.11386800000000001	0.10850599999999999	0.126278	663300.0
2014-06-02	0.00022999999999999998	0.106973	0.110549	0.104675	0.009018	753500.0
2014-05-30	-0.001151	0.10544500000000001	0.110547	0.10493399999999999	-0.045101	830600.0
2014-05-29	0.011874	0.11882899999999999	0.12244300000000001	0.118055	0.45998	639000.0
2014-05-28	-0.002323	0.101035	0.109792	0.10052	-0.090191	1089200.0
2014-05-27	-0.003933	0.106196	0.110044	0.102604	-0.153324	727100.0
2014-05-23	-0.0023079999999999997	0.101083	0.10773800000000001	0.101083	-0.090191	756000.0
2014-05-22	-0.007559999999999999	0.103173	0.103427	0.098601	-0.297631	1007700.0
2014-05-21	0.003218	0.1108	0.114113	0.10927100000000001	0.126271	931900.0
2014-05-20	-0.010912	0.09565499999999999	0.100948	0.09111799999999999	-0.43291899999999994	2515700.0
2014-05-19	0.000455	0.112544	0.11279600000000001	0.106492	0.01804	2795000.0
2014-05-16	0.011968000000000001	0.119479	0.122031	0.115906	0.46898599999999996	2479600.0
2014-05-15	0.007418999999999999	0.121358	0.123672	0.114417	0.288613	1746500.0
2014-05-14	0.002091	0.11056500000000001	0.114944	0.110049	0.081173	1295500.0
2014-05-13	0.00093	0.111082	0.111598	0.106956	0.036071	1216700.0
2014-05-12	0.007734	0.11811600000000001	0.12019500000000001	0.11551700000000001	0.297638	1846200.0
2014-05-09	0.002585	0.115014	0.115274	0.10824	0.099209	1818500.0
2014-05-08	0.004959000000000001	0.110332	0.11713900000000001	0.110332	0.189396	1084100.0
2014-05-07	0.014712000000000001	0.119494	0.126667	0.11896300000000001	0.553772	1067400.0
2014-05-06	-0.004254	0.117377	0.120816	0.11446700000000001	-0.160824	758200.0
2014-05-05	0.004511	0.118165	0.126669	0.11683699999999998	0.169758	783200.0
2014-05-02	-0.014737	0.101687	0.10849400000000001	0.101687	-0.5628890000000001	1308500.0
2014-05-01	-0.0016350000000000002	0.113739	0.119228	0.109819	-0.062542	1387200.0
2014-04-30	0.007293000000000001	0.12897	0.129497	0.12186099999999998	0.276981	1334900.0
2014-04-29	0.003304	0.122398	0.126889	0.12028499999999999	0.125081	2584700.0
2014-04-28	0.014122	0.127801	0.13583699999999999	0.126461	0.527149	1781800.0
2014-04-25	0.00264	0.120303	0.123794	0.11573699999999999	0.098285	1791300.0
2014-04-24	-0.016753	0.095724	0.104967	0.090178	-0.634365	2410300.0
2014-04-23	0.000708	0.11843499999999998	0.12266400000000001	0.11711400000000001	0.026799	716900.0
2014-04-22	0.001893	0.125054	0.125318	0.11764000000000001	0.071483	1304500.0
2014-04-21	-0.000236	0.11817000000000001	0.12293499999999999	0.117375	-0.00893	1072000.0
2014-04-17	-0.006111999999999999	0.10239	0.11396600000000001	0.102127	-0.232307	1090300.0
2014-04-16	0.003065	0.121867	0.122923	0.115534	0.116146	1795400.0
2014-04-15	-0.008879999999999999	0.112428	0.112428	0.104581	-0.339512	1712600.0
2014-04-14	0.012781	0.137772	0.137772	0.128235	0.48246400000000006	1419800.0
2014-04-11	0.003087	0.126934	0.130654	0.12135399999999999	0.116157	2170100.0
2014-04-10	-0.007072	0.12081099999999999	0.123714	0.10999400000000001	-0.26804	1253600.0
2014-04-09	0.00784	0.126408	0.12906700000000002	0.11975999999999999	0.294838	1443800.0
2014-04-08	0.030355	0.14416099999999998	0.15731199999999998	0.14361300000000002	1.1079139999999998	2083200.0
2014-04-07	0.006901999999999999	0.127781	0.13247	0.125849	0.250172	1285900.0
2014-04-04	-0.006854000000000001	0.11648900000000001	0.121146	0.11128299999999999	-0.250172	1348500.0
2014-04-03	-0.0034159999999999998	0.11349400000000001	0.116498	0.109671	-0.125091	1005100.0
2014-04-02	-0.001218	0.119228	0.120592	0.116501	-0.04467	720600.0
2014-04-01	-0.001945	0.110246	0.119228	0.110246	-0.07147300000000001	1500500.0
2014-03-31	0.001217	0.124678	0.125496	0.118683	0.044659	1608200.0
2014-03-28	0.018097	0.131436	0.14336600000000002	0.130604	0.652249	2364900.0
2014-03-27	0.006487000000000001	0.1223	0.13151500000000002	0.120904	0.232296	4265500.0
2014-03-26	0.0062770000000000005	0.129063	0.130187	0.12119500000000001	0.223373	1820300.0
2014-03-25	0.019452	0.12954100000000002	0.14386500000000002	0.127822	0.6790390000000001	2095400.0
2014-03-24	0.013226	0.133161	0.135773	0.12503399999999998	0.45567700000000005	1709700.0
2014-03-21	0.007314	0.130631	0.13706400000000002	0.127123	0.250168	1789200.0
2014-03-20	-0.002606	0.11018800000000001	0.120103	0.10785499999999999	-0.089348	1223900.0
2014-03-19	-0.012352	0.115772	0.11951600000000001	0.099643	-0.428871	1384500.0
2014-03-18	0.003616	0.11575999999999999	0.126744	0.11575999999999999	0.125091	1751000.0
2014-03-17	0.00415	0.11719700000000001	0.125324	0.11719700000000001	0.14296	2474400.0
2014-03-14	0.0044280000000000005	0.122727	0.129141	0.118354	0.15189	4374800.0
2014-03-13	-0.006213000000000001	0.118649	0.120387	0.10821800000000001	-0.21444699999999997	6533700.0
2014-03-12	-0.001292	0.107075	0.11893900000000002	0.107075	-0.044667	3704300.0
2014-03-11	-0.009221	0.111201	0.116362	0.10661400000000001	-0.32164699999999996	1955500.0
2014-03-10	-0.011145	0.113275	0.115826	0.099384	-0.393135	2953800.0
2014-03-07	0.002539	0.119512	0.12263900000000001	0.113544	0.089348	1588900.0
2014-03-06	0.002291	0.11808900000000001	0.124071	0.11723499999999999	0.080421	1545800.0
2014-03-05	-0.007326999999999999	0.1082	0.11527000000000001	0.10791700000000001	-0.25910900000000003	1014400.0
2014-03-04	0.026452	0.146222	0.149706	0.145061	0.9113459999999999	1353000.0
2014-03-03	-0.025278	0.09829199999999999	0.103102	0.089522	-0.893482	2229800.0
2014-02-28	0.0043159999999999995	0.12235399999999999	0.128889	0.11894400000000001	0.151893	1538700.0
2014-02-27	0.005103	0.1178	0.126654	0.116087	0.178696	1051600.0
2014-02-26	-0.009603	0.11498499999999999	0.11611700000000001	0.10706600000000001	-0.339527	1085000.0
2014-02-25	0.004825	0.125197	0.12946	0.120081	0.169762	1464500.0
2014-02-24	0.007161	0.12523900000000002	0.135544	0.12323599999999998	0.250171	1499800.0
2014-02-21	0.002307	0.122958	0.129557	0.11980199999999999	0.08041799999999999	1453500.0
2014-02-20	0.00671	0.12182799999999999	0.129049	0.118073	0.23230399999999998	1246000.0
2014-02-19	-0.000258	0.12038399999999999	0.12587	0.11720699999999999	-0.008931	2397800.0
2014-02-18	0.017856999999999998	0.13892100000000002	0.14185999999999999	0.131573	0.607556	2308900.0
2014-02-14	0.000789	0.11510999999999999	0.121288	0.113934	0.026808999999999996	1712500.0
2014-02-13	0.004222999999999999	0.115979	0.12484100000000001	0.115979	0.142949	1210200.0
2014-02-12	-0.009670999999999999	0.109867	0.11308499999999999	0.10547899999999999	-0.33058200000000004	1729400.0
2014-02-11	0.008966	0.118343	0.13103499999999998	0.11716199999999999	0.30378299999999997	1026200.0
2014-02-10	0.002909	0.118932	0.123076	0.11626800000000001	0.098275	1335800.0
2014-02-07	0.011233	0.12491600000000001	0.132699	0.121922	0.375259	2346200.0
2014-02-06	0.018246000000000002	0.131116	0.143003	0.12806700000000001	0.598629	2106200.0
2014-02-05	0.001227	0.116024	0.123348	0.116024	0.040207	2119100.0
2014-02-04	0.002979	0.136183	0.139244	0.13251	0.097313	1872100.0
2014-02-03	-0.01098	0.133697	0.135211	0.117048	-0.362713	2379800.0
2014-01-31	-0.01217	0.107341	0.122592	0.10465	-0.406956	1786000.0
2014-01-30	-0.009693	0.125629	0.127702	0.115264	-0.327312	1846100.0
2014-01-29	-0.020026	0.10918199999999999	0.114696	0.104538	-0.690052	1938800.0
2014-01-28	-0.002561	0.127472	0.12863	0.120815	-0.08846699999999999	2101500.0
2014-01-27	-0.007876000000000001	0.13151600000000002	0.131803	0.120315	-0.274258	2882100.0
2014-01-24	-0.028867	0.118096	0.118654	0.097736	-1.035045	2063600.0
2014-01-23	-0.000493	0.129531	0.130646	0.12451300000000001	-0.017697	2642000.0
2014-01-22	0.015527000000000001	0.146503	0.150749	0.144804	0.548489	2366300.0
2014-01-21	0.033652999999999995	0.178649	0.178649	0.162262	1.150082	3848000.0
2014-01-17	-0.012274	0.122852	0.125454	0.114471	-0.42465600000000003	2626500.0
2014-01-16	0.017695	0.145368	0.15066300000000002	0.14183800000000002	0.601581	1585900.0
2014-01-15	-0.015877000000000002	0.10981500000000001	0.11473599999999999	0.10460499999999999	-0.548496	3747600.0
2014-01-14	0.013233000000000002	0.148258	0.148258	0.139753	0.451183	3431400.0
2014-01-13	-0.012301000000000001	0.11240599999999999	0.12631099999999998	0.11240599999999999	-0.42464399999999997	1940600.0
2014-01-10	0.009312	0.131829	0.14177	0.131829	0.318481	1343500.0
2014-01-09	-0.008971999999999999	0.10950399999999999	0.121674	0.10834500000000001	-0.309631	2339600.0
2014-01-08	-0.013153999999999999	0.116928	0.116928	0.11120899999999999	-0.46002200000000004	1279800.0
2014-01-07	0.007647	0.13613	0.14074	0.13584200000000002	0.265392	1028600.0
2014-01-06	-0.004062	0.129219	0.132663	0.125776	-0.14154	859800.0
2014-01-03	-0.00228	0.131226	0.133517	0.12521400000000002	-0.079624	1248800.0
2014-01-02	-0.018643	0.109856	0.11126099999999998	0.104236	-0.663502	1802900.0
2013-12-31	-0.0004969999999999999	0.132614	0.132895	0.127278	-0.017689	901000.0
2013-12-30	0.006753	0.134608	0.13998	0.130933	0.238857	1198000.0
2013-12-27	0.013178	0.151852	0.15213800000000002	0.144404	0.460034	2156000.0
2013-12-26	0.00305	0.131804	0.134677	0.128356	0.106155	865600.0
2013-12-24	0.007684000000000001	0.13586800000000002	0.141369	0.134421	0.265392	1837200.0
2013-12-23	0.000769	0.134134	0.13761099999999998	0.129498	0.026547	2515300.0
2013-12-20	0.007490000000000001	0.130659	0.140877	0.130367	0.256554	3471500.0
2013-12-19	0.0051920000000000004	0.12802	0.136823	0.12596500000000002	0.17693299999999998	1064900.0
2013-12-18	0.006533	0.126823	0.138933	0.119734	0.22116799999999998	2087000.0
2013-12-17	-0.007778	0.121868	0.12421300000000002	0.1163	-0.265392	987800.0
2013-12-16	0.008102	0.13686700000000002	0.14366199999999998	0.13686700000000002	0.274239	909100.0
2013-12-13	-0.002867	0.12800999999999998	0.129778	0.123591	-0.097313	895800.0
2013-12-12	-0.015649	0.117028	0.119058	0.110648	-0.539643	1106300.0
2013-12-11	-0.012415	0.122921	0.124926	0.11318399999999999	-0.43349799999999994	1346800.0
2013-12-10	-0.00854	0.124404	0.12696	0.118158	-0.300781	1245900.0
2013-12-09	0.003023	0.128089	0.13407	0.12695	0.10615899999999999	1308300.0
2013-12-06	0.020309	0.143734	0.154195	0.143734	0.698891	996400.0
2013-12-05	0.002577	0.136194	0.142312	0.13153199999999998	0.088463	2127300.0
2013-12-04	-0.002827	0.12368599999999999	0.128624	0.11816600000000001	-0.09730599999999999	1210500.0
2013-12-03	0.00206	0.12396199999999999	0.134151	0.123671	0.070755	1653000.0
2013-12-02	-0.010952	0.11856300000000002	0.12259400000000001	0.11338	-0.380394	1415800.0
2013-11-29	0.0043490000000000004	0.13933199999999998	0.14135599999999998	0.135283	0.150391	735700.0
2013-11-27	0.000768	0.134998	0.137891	0.130657	0.026543	1137900.0
2013-11-26	-0.007117	0.126632	0.126919	0.120023	-0.24770799999999998	1523400.0
2013-11-25	0.011311	0.143153	0.147221	0.1417	0.389256	1965500.0
2013-11-22	-0.000771	0.12746400000000002	0.130657	0.125141	-0.026547	1571100.0
2013-11-21	-0.002307	0.12775999999999998	0.129208	0.12341500000000001	-0.07962000000000001	1418700.0
2013-11-20	-0.001535	0.142804	0.142804	0.125161	-0.053082000000000004	1300400.0
2013-11-19	-0.0045850000000000005	0.12979100000000002	0.131519	0.124609	-0.15923299999999999	2200400.0
2013-11-18	0.008477	0.144304	0.14488499999999999	0.137626	0.291935	1897300.0
2013-11-15	0.002575	0.133278	0.134733	0.129493	0.08845900000000001	1508900.0
2013-11-14	0.003878	0.134458	0.137381	0.13212000000000002	0.132706	2301100.0
2013-11-13	0.002332	0.122751	0.13300399999999998	0.120701	0.07962799999999999	2220800.0
2013-11-12	0.000519	0.135643	0.13681500000000002	0.127144	0.0177	1627900.0
2013-11-11	0.001818	0.13389	0.134771	0.131248	0.061916	2644300.0
2013-11-08	0.003127	0.130073	0.133901	0.12536	0.10615999999999999	2400300.0
2013-11-07	-0.015645	0.125149	0.127468	0.110073	-0.539643	3097900.0
2013-11-06	-0.0056619999999999995	0.12685	0.132327	0.123679	-0.196399	2422300.0
2013-11-05	-0.001766	0.13522	0.142414	0.132055	-0.061360000000000005	2075100.0
2013-11-04	0.011996	0.148839	0.15466300000000002	0.145344	0.41194200000000003	2213900.0
2013-11-01	-0.013595	0.12000599999999999	0.1269	0.117995	-0.47329	1948400.0
2013-10-31	-0.0037619999999999997	0.138686	0.140975	0.134107	-0.131466	1761900.0
2013-10-30	-0.010179	0.136443	0.137577	0.12568	-0.359333	1499400.0
2013-10-29	0.0042380000000000004	0.141545	0.146949	0.139553	0.14899500000000002	1693600.0
2013-10-28	0.012623	0.14385599999999998	0.158835	0.14328	0.438225	1637100.0
2013-10-25	-0.008263	0.129549	0.13411900000000002	0.126692	-0.289231	951000.0
2013-10-24	0.003518	0.151296	0.151583	0.142982	0.1227	970700.0
2013-10-23	-0.001004	0.140976	0.14298	0.13753900000000002	-0.035057	1754100.0
2013-10-22	0.016066999999999998	0.15668900000000002	0.165419	0.154652	0.552158	1373700.0
2013-10-21	-0.005075	0.13286900000000001	0.137791	0.130553	-0.175289	831900.0
2013-10-18	0.0061270000000000005	0.14884	0.151753	0.14418	0.210346	1976500.0
2013-10-17	0.035422	0.172644	0.181391	0.16993	1.174431	1748600.0
2013-10-16	0.00585	0.142492	0.147953	0.138852	0.19281800000000002	1030900.0
2013-10-15	-0.00318	0.140068	0.143697	0.137347	-0.105171	1051000.0
2013-10-14	0.001859	0.138855	0.143399	0.135219	0.06135499999999999	1258100.0
2013-10-11	0.007220999999999999	0.144637	0.150436	0.143112	0.236641	1057900.0
2013-10-10	0.00322	0.131179	0.147404	0.131179	0.10516800000000001	4868400.0
2013-10-09	-0.004806	0.131226	0.13853800000000002	0.12878900000000001	-0.157753	2278100.0
2013-10-08	-0.006631000000000001	0.137647	0.14037	0.13341	-0.219113	1748100.0
2013-10-07	-0.002117	0.132822	0.142788	0.132218	-0.070114	1435600.0
2013-10-04	-0.002903	0.13525399999999999	0.13947	0.133749	-0.09640900000000001	1377600.0
2013-10-03	0.009323	0.150397	0.153437	0.14796600000000001	0.306744	2044200.0
2013-10-02	-0.007666	0.12408499999999999	0.13222899999999999	0.122276	-0.254166	2562900.0
2013-10-01	0.002916	0.136741	0.144303	0.13311099999999998	0.09640900000000001	5546300.0
2013-09-30	-0.033564	0.135713	0.140098	0.100341	-1.148144	4971700.0
2013-09-27	-0.011147	0.127967	0.13056900000000002	0.12392	-0.385627	1626000.0
2013-09-26	0.005861	0.149699	0.152025	0.14388299999999998	0.20158299999999998	1373000.0
2013-09-25	-0.010091	0.130613	0.134643	0.126872	-0.350578	1227100.0
2013-09-24	-0.009	0.133274	0.136126	0.128425	-0.315521	1704100.0
2013-09-23	-0.006458	0.139842	0.140125	0.129923	-0.227875	1452600.0
2013-09-20	-0.005681	0.14266600000000002	0.14266600000000002	0.134212	-0.20158800000000002	1306700.0
2013-09-19	0.01225	0.16835899999999998	0.16864400000000002	0.15324100000000002	0.429463	2372900.0
2013-09-18	0.023018	0.140976	0.16752999999999998	0.13630699999999998	0.7888069999999999	1917800.0
2013-09-17	0.009032	0.14715899999999998	0.15245899999999998	0.146276	0.306751	1305100.0
2013-09-16	0.009640000000000001	0.154056	0.154056	0.148705	0.324276	659600.0
2013-09-13	0.006821	0.145764	0.150553	0.141275	0.227875	651400.0
2013-09-12	-0.002355	0.139482	0.141274	0.136198	-0.078877	1190000.0
2013-09-11	-0.0065	0.12881199999999998	0.133856	0.127626	-0.21910100000000002	1889000.0
2013-09-10	0.0207	0.159144	0.16459400000000002	0.156721	0.683617	3282200.0
2013-09-09	0.005336	0.141584	0.147064	0.136105	0.175289	3630300.0
2013-09-06	0.005365	0.15076900000000001	0.157197	0.142506	0.175289	3211300.0
2013-09-05	-0.002141	0.13761600000000002	0.140059	0.133951	-0.070118	3347400.0
2013-09-04	-0.006383	0.12792699999999999	0.136727	0.125803	-0.210338	3938900.0
2013-09-03	-0.000797	0.14673699999999998	0.152497	0.137943	-0.026299	3002600.0
2013-08-30	-0.007123999999999999	0.132245	0.135255	0.12983699999999998	-0.236645	1679300.0
2013-08-29	-0.005249	0.124805	0.136783	0.12450499999999999	-0.175273	1218700.0
2013-08-28	-0.007554000000000001	0.128196	0.135329	0.126413	-0.254178	1051300.0
2013-08-27	-0.018911	0.12464700000000001	0.13222799999999998	0.118815	-0.648571	1558300.0
2013-08-26	-0.003311	0.141266	0.14388199999999998	0.135745	-0.11393299999999999	965700.0
2013-08-23	0.011073999999999999	0.145677	0.155668	0.14508900000000002	0.376869	995700.0
2013-08-22	0.0015480000000000001	0.138621	0.14391900000000002	0.138327	0.052592999999999994	1528700.0
2013-08-21	-0.014238999999999998	0.13401300000000002	0.13459300000000002	0.12298900000000001	-0.49081400000000003	1308900.0
2013-08-20	0.0	0.13836500000000002	0.143586	0.134303	0.0	1025600.0
2013-08-19	-0.006818	0.14011099999999999	0.141264	0.132908	-0.236637	725000.0
2013-08-16	0.0035479999999999995	0.147047	0.147047	0.13866199999999998	0.12269200000000001	1852200.0
2013-08-15	-0.0037869999999999996	0.12945399999999999	0.13780699999999999	0.12282799999999999	-0.131454	1676400.0
2013-08-14	-0.0017640000000000002	0.145576	0.149027	0.137525	-0.061355999999999994	2033700.0
2013-08-13	0.0017670000000000001	0.147601	0.147601	0.141552	0.061355999999999994	1963900.0
2013-08-12	-0.00277	0.134656	0.139252	0.133794	-0.096421	1456900.0
2013-08-09	0.002777	0.14328	0.14990499999999998	0.14184000000000002	0.096421	840800.0
2013-08-08	0.002785	0.14068699999999998	0.148197	0.138665	0.09640499999999999	1573800.0
2013-08-07	-0.01166	0.12253299999999999	0.131954	0.12253299999999999	-0.408421	2346500.0
2013-08-06	-0.008606	0.139195	0.145421	0.139195	-0.304066	1559700.0
2013-08-05	0.0024649999999999997	0.14569100000000001	0.153919	0.14257	0.086876	1380300.0
2013-08-02	0.004208	0.151652	0.15678	0.148517	0.14768599999999998	865300.0
2013-08-01	0.009748	0.163453	0.165179	0.155685	0.338814	1693300.0
2013-07-31	-0.000749	0.143895	0.157406	0.141307	-0.026066000000000002	2071000.0
2013-07-30	0.002002	0.15770699999999999	0.159148	0.150506	0.069504	1957100.0
2013-07-29	-0.003988	0.141327	0.1485	0.141327	-0.139	1693900.0
2013-07-26	-0.009382999999999999	0.134597	0.140566	0.127207	-0.33012800000000003	1965200.0
2013-07-25	-0.007109999999999999	0.13273900000000002	0.144027	0.13273900000000002	-0.251938	2384300.0
2013-07-24	0.0	0.160394	0.160394	0.147978	0.0	2195700.0
2013-07-23	-0.009951	0.151082	0.151641	0.139627	-0.356185	2756700.0
2013-07-22	-0.001696	0.153034	0.153034	0.14634	-0.060814	1004800.0
2013-07-19	0.007815	0.147428	0.161201	0.146865	0.278003	990600.0
2013-07-18	-0.001463	0.15248499999999998	0.158099	0.149117	-0.05212000000000001	1555200.0
2013-07-17	-0.007983	0.14969000000000002	0.150803	0.138273	-0.286693	1395700.0
2013-07-16	-0.005772	0.145545	0.148313	0.139455	-0.2085	1232100.0
2013-07-15	0.007024	0.157773	0.16028199999999998	0.15498499999999998	0.25194099999999997	693600.0
2013-07-12	-0.001934	0.143013	0.150247	0.142456	-0.0695	1342300.0
2013-07-11	0.029104	0.17771099999999998	0.186588	0.167403	1.01643	1784100.0
2013-07-10	0.006258	0.151081	0.16231900000000002	0.149641	0.21717899999999998	1352300.0
2013-07-09	0.001003	0.158581	0.158869	0.148774	0.034759	1141800.0
2013-07-08	0.00605	0.16472	0.16472	0.155725	0.208504	1760300.0
2013-07-05	0.007364	0.163359	0.163359	0.14874400000000002	0.251942	1226900.0
2013-07-03	-0.0025329999999999997	0.140294	0.149624	0.136795	-0.086884	739300.0
2013-07-02	-0.002275	0.14671800000000002	0.155445	0.145264	-0.07819	1273100.0
2013-07-01	0.006614	0.15723099999999998	0.161916	0.153131	0.22587600000000002	1696900.0
2013-06-28	0.001273	0.163103	0.163396	0.15196099999999998	0.043434	1625200.0
2013-06-27	0.013685	0.15880899999999998	0.17485799999999999	0.15880899999999998	0.460442	1229000.0
2013-06-26	0.013874000000000001	0.161628	0.172175	0.160725	0.460441	2201400.0
2013-06-25	0.006853	0.155936	0.159274	0.14440699999999998	0.22588000000000003	2086000.0
2013-06-24	-0.017862	0.11979400000000001	0.137375	0.1189	-0.599442	2814500.0
2013-06-21	0.002856	0.166322	0.167518	0.146002	0.095566	1597400.0
2013-06-20	-0.042506	0.12275599999999999	0.12676099999999998	0.101582	-1.485565	1899400.0
2013-06-19	-0.013244999999999998	0.151929	0.15729300000000002	0.135553	-0.469124	1157500.0
2013-06-18	0.0	0.145153	0.15221099999999999	0.14232899999999998	0.0	1093700.0
2013-06-17	0.016454	0.170596	0.175762	0.16256099999999998	0.573361	1176600.0
2013-06-14	-0.010118	0.139435	0.14596800000000001	0.13716199999999998	-0.356179	1512500.0
2013-06-13	0.002226	0.137985	0.154498	0.136846	0.078183	2325600.0
2013-06-12	0.002977	0.160505	0.16136199999999998	0.154223	0.104255	1862700.0
2013-06-11	-0.006409000000000001	0.130937	0.147393	0.129519	-0.225872	1447100.0
2013-06-10	-0.002949	0.14514100000000002	0.149668	0.140898	-0.104244	835800.0
2013-06-07	0.004443	0.140852	0.16159500000000002	0.140852	0.156364	1653000.0
2013-06-06	0.00646	0.15823099999999998	0.161663	0.14908	0.22587600000000002	1496300.0
2013-06-05	-0.020204	0.139033	0.139874	0.127825	-0.721054	1415000.0
2013-06-04	-0.00024300000000000002	0.15696500000000002	0.158085	0.145199	-0.008686	1032400.0
2013-06-03	0.007601999999999999	0.15559800000000001	0.163502	0.148541	0.26931	1737900.0
2013-05-31	-0.019712	0.130329	0.139184	0.128392	-0.712375	2517700.0
2013-05-30	-0.000481	0.150529	0.154954	0.148039	-0.017376	1037200.0
2013-05-29	-0.012574	0.139066	0.14207	0.133877	-0.460438	1436200.0
2013-05-28	0.0016640000000000001	0.162571	0.166948	0.150808	0.060818	780400.0
2013-05-24	0.0	0.14862	0.153544	0.142602	0.0	1520600.0
2013-05-23	0.003817	0.151082	0.157947	0.14366800000000002	0.138996	1114700.0
2013-05-22	-0.004039	0.151082	0.15873900000000002	0.143698	-0.14768299999999998	1623700.0
2013-05-21	-0.00023799999999999998	0.148348	0.156003	0.1437	-0.008689	1089700.0
2013-05-20	-0.001423	0.147806	0.153266	0.144529	-0.052128	992300.0
2013-05-17	0.001663	0.143698	0.152996	0.142878	0.060816999999999996	1062100.0
2013-05-16	-0.008948000000000001	0.147287	0.152437	0.140782	-0.33013899999999996	1456300.0
2013-05-15	0.015786	0.16181900000000002	0.170354	0.161268	0.57338	1969600.0
2013-05-14	0.008442	0.1583	0.16302	0.156079	0.304062	3076500.0
2013-05-13	-0.000723	0.153579	0.155521	0.149972	-0.026057999999999998	1023700.0
2013-05-10	0.0019320000000000001	0.155808	0.156086	0.14969200000000002	0.069507	1419900.0
2013-05-09	-0.015688	0.13986400000000002	0.143421	0.13001400000000002	-0.573376	1654500.0
2013-05-08	-2.4e-05	0.15324300000000002	0.155979	0.148866	-0.0008730000000000001	1733700.0
2013-05-07	-0.002821	0.157902	0.15981199999999998	0.152446	-0.103394	1317000.0
2013-05-06	-0.00561	0.165243	0.166328	0.153034	-0.206787	1092900.0
2013-05-03	0.0092	0.168297	0.17432	0.166106	0.336022	1055300.0
2013-05-02	0.000708	0.155151	0.162549	0.153507	0.025851999999999997	1412100.0
2013-05-01	-0.002825	0.163636	0.166914	0.156805	-0.103398	1106800.0
2013-04-30	0.001179	0.15570699999999998	0.16309200000000001	0.152971	0.043084	1848600.0
2013-04-29	0.021425	0.176836	0.18829100000000001	0.174321	0.76683	1976400.0
2013-04-26	0.006542	0.166255	0.17272300000000002	0.16400499999999998	0.23262800000000003	990900.0
2013-04-25	-0.018783	0.148765	0.152076	0.137451	-0.6806760000000001	3927700.0
2013-04-24	0.0026219999999999998	0.171974	0.172251	0.161461	0.094788	2610400.0
2013-04-23	0.022423	0.17732	0.188635	0.176189	0.792671	1621400.0
2013-04-22	-0.0041259999999999995	0.153869	0.15978499999999998	0.149081	-0.146473	1552000.0
2013-04-19	0.003654	0.159499	0.165154	0.15808599999999998	0.12923800000000002	1469400.0
2013-04-18	0.00465	0.16688	0.17227699999999999	0.16034600000000002	0.163708	1903400.0
2013-04-17	-0.015422	0.15923199999999998	0.15979100000000002	0.137977	-0.551426	1840900.0
2013-04-16	0.00533	0.170471	0.170752	0.15978699999999998	0.189556	1195500.0
2013-04-15	-0.014562	0.153981	0.155089	0.143452	-0.5255850000000001	1501400.0
2013-04-12	0.000239	0.155642	0.160908	0.154534	0.008625	673500.0
2013-04-11	0.008914	0.169019	0.17433099999999999	0.167062	0.318794	1218200.0
2013-04-10	0.016405	0.167451	0.18478699999999998	0.167167	0.577267	1367300.0
2013-04-09	-0.0034159999999999998	0.15071800000000002	0.158365	0.145337	-0.120617	1887600.0
2013-04-08	0.003674	0.17086400000000002	0.171432	0.16063	0.12923099999999998	1423200.0
2013-04-05	-0.004874	0.137435	0.156387	0.137152	-0.172318	1703900.0
2013-04-04	-0.01061	0.146357	0.154473	0.14215899999999998	-0.379101	1541100.0
2013-04-03	-0.002166	0.167053	0.170405	0.157279	-0.077552	1829600.0
2013-04-02	0.015889	0.17056	0.184745	0.167723	0.5600430000000001	1573300.0
2013-04-01	-0.002195	0.159781	0.160631	0.15553499999999998	-0.077541	1037100.0
2013-03-28	0.015103	0.180746	0.18620499999999998	0.17471099999999998	0.5255810000000001	1626700.0
2013-03-27	-0.010048999999999999	0.141002	0.149821	0.13986400000000002	-0.35326399999999997	1712500.0
2013-03-26	0.000245	0.16006099999999998	0.161769	0.153802	0.008618	1748000.0
2013-03-25	-0.009711	0.157531	0.162321	0.145978	-0.344639	1986200.0
2013-03-22	0.017287999999999998	0.173529	0.18671500000000002	0.172096	0.603115	2160900.0
2013-03-21	-0.0051600000000000005	0.154927	0.15949000000000002	0.150365	-0.18093099999999998	2004600.0
2013-03-20	0.008674	0.17271199999999998	0.176451	0.167534	0.301563	1506500.0
2013-03-19	0.002983	0.165823	0.171593	0.158611	0.10338599999999999	1930300.0
2013-03-18	-0.002727	0.14998499999999998	0.162932	0.14941	-0.094765	1017000.0
2013-03-15	0.0007440000000000001	0.166389	0.168692	0.158615	0.025841000000000003	1493400.0
2013-03-14	0.005738	0.155418	0.17018599999999998	0.155128	0.198158	1461700.0
2013-03-13	-0.005212	0.154293	0.158038	0.1517	-0.180927	1564700.0
2013-03-12	-0.006167	0.15776800000000002	0.160058	0.152042	-0.215401	960900.0
2013-03-11	-0.00024700000000000004	0.15633699999999998	0.16120299999999999	0.155479	-0.008612999999999999	779800.0
2013-03-08	0.0047079999999999995	0.164081	0.166382	0.15947999999999998	0.1637	2633500.0
2013-03-07	0.014325	0.18221500000000002	0.18396600000000002	0.17434000000000002	0.491112	2907700.0
2013-03-06	-0.002507	0.164995	0.166159	0.15684800000000002	-0.086155	1129800.0
2013-03-05	0.011666	0.175054	0.179175	0.172404	0.396328	1659900.0
2013-03-04	0.007667	0.159444	0.170715	0.157961	0.25848699999999997	1035600.0
2013-03-01	0.005396	0.16331400000000001	0.167489	0.156157	0.18093099999999998	2359500.0
2013-02-28	-0.001283	0.15675899999999998	0.164502	0.153185	-0.043075	3814000.0
2013-02-27	0.013788	0.15821500000000002	0.179652	0.157913	0.456646	2514000.0
2013-02-26	-0.005947999999999999	0.157629	0.166033	0.149226	-0.19816199999999998	4213000.0
2013-02-25	-0.019772	0.165632	0.17033900000000002	0.137389	-0.6720510000000001	2851700.0
2013-02-22	0.009209	0.16300599999999998	0.171319	0.158849	0.310173	1037800.0
2013-02-21	-0.017346	0.140499	0.144292	0.136998	-0.5945090000000001	1673500.0
2013-02-20	-0.004255	0.167603	0.168184	0.15453	-0.146465	1426900.0
2013-02-19	0.016281	0.17244	0.179526	0.17185	0.5514180000000001	933000.0
2013-02-15	-0.007072	0.159458	0.16063	0.15037	-0.241245	1298700.0
2013-02-14	0.008919	0.170983	0.173645	0.169208	0.301559	1722600.0
2013-02-13	-0.001527	0.16151600000000002	0.16417400000000001	0.1562	-0.0517	1250400.0
2013-02-12	0.007176	0.16301	0.17044600000000001	0.162118	0.24125300000000002	1213600.0
2013-02-11	0.000513	0.162416	0.162416	0.155274	0.017231	1372900.0
2013-02-08	0.0	0.16003499999999998	0.16509400000000002	0.159142	0.0	1592400.0
2013-02-07	-0.010403	0.156507	0.16004100000000002	0.145316	-0.35325700000000004	1829400.0
2013-02-06	-0.012429	0.144751	0.14795	0.141842	-0.42734099999999997	2048800.0
2013-02-05	0.010804000000000001	0.176521	0.184753	0.175345	0.36749299999999996	1732900.0
2013-02-04	-0.022833000000000003	0.15052000000000001	0.157127	0.141327	-0.7948189999999999	2210700.0
2013-02-01	0.006176	0.178147	0.181327	0.1741	0.213653	1560500.0
2013-01-31	0.000742	0.16802899999999998	0.173814	0.16716099999999998	0.025643	1809700.0
2013-01-30	-0.00024700000000000004	0.163403	0.171211	0.162824	-0.008549	1980900.0
2013-01-29	0.006468000000000001	0.16481500000000002	0.179368	0.16481500000000002	0.22221	1904600.0
2013-01-28	-0.00149	0.17005399999999998	0.170344	0.163079	-0.051276999999999996	3177800.0
2013-01-25	0.015128999999999998	0.183625	0.187755	0.177135	0.5128060000000001	2158900.0
2013-01-24	-0.005267	0.16653199999999999	0.170935	0.16037	-0.179482	2788800.0
2013-01-23	0.020999	0.202414	0.202414	0.18953	0.700817	3800700.0
2013-01-22	0.009044	0.180636	0.181845	0.171868	0.29913	872300.0
2013-01-18	-0.000258	0.167938	0.170658	0.163706	-0.008545	1089700.0
2013-01-17	-0.004116	0.16283	0.168248	0.15981900000000002	-0.136746	985400.0
2013-01-16	0.006995	0.17551	0.18066300000000002	0.173994	0.23075500000000002	1292800.0
2013-01-15	0.007833	0.17188699999999998	0.181052	0.171276	0.256409	983900.0
2013-01-14	-0.0007830000000000001	0.163949	0.17005399999999998	0.161201	-0.025654000000000003	1361100.0
2013-01-11	-0.000521	0.167613	0.173105	0.16608699999999998	-0.01709	1253900.0
2013-01-10	0.01054	0.169129	0.183928	0.168204	0.341866	1040700.0
2013-01-09	-0.004982	0.162384	0.165759	0.162078	-0.162388	1175300.0
2013-01-08	-0.003657	0.161496	0.16760899999999998	0.16119	-0.119644	1381500.0
2013-01-07	-0.005715	0.15577	0.163368	0.153946	-0.188038	1857800.0
2013-01-04	0.0068	0.16577	0.179539	0.16577	0.222229	1043900.0
2013-01-03	-0.007784	0.15851700000000002	0.166411	0.156392	-0.256405	1719000.0
2013-01-02	0.006266	0.181357	0.182885	0.17158199999999998	0.20512399999999997	2220900.0
2012-12-31	0.011354000000000001	0.173761	0.184884	0.169745	0.36749299999999996	1831900.0
2012-12-28	-0.008898	0.163623	0.166686	0.159643	-0.290577	1345100.0
2012-12-27	0.001835	0.180791	0.18171099999999998	0.168827	0.059817999999999996	3524900.0
2012-12-26	-0.002876	0.169748	0.175254	0.16516	-0.09400599999999999	2119900.0
2012-12-24	-0.001567	0.173413	0.17707799999999999	0.164556	-0.051296	779500.0
2012-12-21	-0.011354000000000001	0.160693	0.16431700000000002	0.15646600000000002	-0.376038	1399000.0
2012-12-20	0.00571	0.18098599999999998	0.181593	0.174609	0.188027	2038200.0
2012-12-19	-0.001296	0.174906	0.174906	0.167931	-0.042736	2331100.0
2012-12-18	0.001818	0.175219	0.175827	0.16975	0.059826	1661000.0
2012-12-17	0.0	0.164889	0.17035799999999998	0.16428099999999998	0.0	1186200.0
2012-12-14	0.005220000000000001	0.173718	0.18043800000000002	0.171275	0.17092100000000002	1893900.0
2012-12-13	-0.002344	0.172491	0.173405	0.165483	-0.076916	1360300.0
2012-12-12	0.005236	0.174342	0.181693	0.171279	0.170941	1896000.0
2012-12-11	0.005528	0.178061	0.181141	0.174982	0.179477	1677000.0
2012-12-10	-0.003149	0.171282	0.172817	0.165448	-0.102565	2000300.0
2012-12-07	0.007402	0.179952	0.18057	0.173766	0.23932199999999998	3161600.0
2012-12-06	-0.009945	0.166073	0.166379	0.155049	-0.324775	1964200.0
2012-12-05	0.001048	0.17005399999999998	0.175572	0.167602	0.034183	2882300.0
2012-12-04	0.005002	0.18022	0.180528	0.171902	0.16238	2479200.0
2012-12-03	0.003966	0.186447	0.186447	0.17190999999999998	0.128212	2581400.0
2012-11-30	-0.004736	0.170977	0.17436300000000002	0.162666	-0.15385	2310800.0
2012-11-29	0.0076879999999999995	0.17936	0.181841	0.174397	0.247852	2370300.0
2012-11-28	0.010989	0.17538499999999999	0.184479	0.171935	0.35041100000000003	3126500.0
2012-11-27	0.002149	0.17696800000000001	0.18011	0.171625	0.068368	1860300.0
2012-11-26	0.0013449999999999998	0.17131300000000002	0.173201	0.168166	0.042738	1002900.0
2012-11-23	0.020868	0.188687	0.196077	0.18643900000000002	0.6495479999999999	925200.0
2012-11-21	0.0	0.167484	0.170375	0.165878	0.0	977400.0
2012-11-20	0.00719	0.17393699999999998	0.183644	0.171025	0.222214	1604400.0
2012-11-19	0.016301	0.181892	0.19208699999999998	0.181892	0.495697	1187700.0
2012-11-16	-0.0067	0.166134	0.166134	0.152088	-0.20512399999999997	2051600.0
2012-11-15	-0.005	0.165179	0.172329	0.161929	-0.153826	1510500.0
2012-11-14	-0.006623	0.17263699999999998	0.173605	0.16133699999999998	-0.20512600000000003	1500700.0
2012-11-13	0.007226000000000001	0.167452	0.186313	0.166151	0.222208	1659800.0
2012-11-12	0.0016710000000000002	0.173311	0.17852300000000002	0.171031	0.051287	2436300.0
2012-11-09	-0.003882	0.16453800000000002	0.17265	0.164213	-0.119654	2011900.0
2012-11-08	-0.003317	0.17005399999999998	0.175228	0.16617300000000002	-0.10255999999999998	1614700.0
2012-11-07	-0.009961	0.16256199999999998	0.16320199999999999	0.15295599999999998	-0.311098	1496300.0
2012-11-06	0.009586	0.189222	0.194071	0.185667	0.296566	1687700.0
2012-11-05	-0.0019140000000000001	0.17759	0.179203	0.173719	-0.059315	804100.0
2012-11-02	-0.006248	0.17472100000000002	0.17985	0.172797	-0.194891	1174800.0
2012-11-01	0.003271	0.18757000000000001	0.18917799999999999	0.181137	0.10169299999999999	2169000.0
2012-10-31	0.001091	0.18950999999999998	0.19112	0.179528	0.033891000000000004	1821700.0
2012-10-26	-0.0008179999999999999	0.18210199999999999	0.18371099999999999	0.173736	-0.025425	3484700.0
2012-10-25	0.028314999999999996	0.23079299999999997	0.23079299999999997	0.20994899999999997	0.855807	5978600.0
2012-10-24	-0.0014	0.18777	0.189753	0.176537	-0.04237	1725300.0
2012-10-23	-0.020833	0.160437	0.16173099999999999	0.152349	-0.643965	1907600.0
2012-10-22	-0.004367	0.18725799999999998	0.188868	0.170508	-0.135576	1690300.0
2012-10-19	-0.016112	0.174467	0.177319	0.16084	-0.508404	1833200.0
2012-10-18	-0.002945	0.16658399999999998	0.178276	0.16500499999999999	-0.09320099999999999	6757100.0
2012-10-17	0.00701	0.181444	0.19099000000000002	0.178899	0.22030500000000003	2064400.0
2012-10-16	0.015330000000000002	0.200202	0.202787	0.193418	0.47451400000000005	3810100.0
2012-10-15	0.009115	0.197776	0.197776	0.187995	0.279604	1138200.0
2012-10-12	0.004998	0.190656	0.193605	0.18574100000000002	0.152529	1967800.0
2012-10-11	0.007553	0.188425	0.192716	0.187434	0.22878400000000002	3437400.0
2012-10-10	-0.001397	0.18116	0.186435	0.175886	-0.042372	1106400.0
2012-10-09	-0.017833	0.170458	0.171753	0.158478	-0.550766	1364500.0
2012-10-08	-0.003009	0.171778	0.17694300000000002	0.170487	-0.093214	1113800.0
2012-10-05	0.009387000000000001	0.188643	0.19516	0.187339	0.288094	1905300.0
2012-10-04	0.011732	0.187424	0.194017	0.185776	0.35588600000000004	1780300.0
2012-10-03	0.001399	0.180832	0.187104	0.179842	0.042372	1325300.0
2012-10-02	0.00112	0.183146	0.186781	0.17918	0.033889999999999997	1263700.0
2012-10-01	0.006481999999999999	0.19015	0.19380899999999998	0.185161	0.194885	1739800.0
2012-09-28	-0.014444	0.17722100000000002	0.179844	0.158207	-0.440614	2598600.0
2012-09-27	0.003904	0.182146	0.189386	0.176222	0.118629	1002800.0
2012-09-26	-0.004164999999999999	0.176567	0.17755	0.171323	-0.12709600000000001	2003900.0
2012-09-25	-0.0038729999999999997	0.181151	0.18866	0.174948	-0.118622	1030500.0
2012-09-24	-0.001657	0.17463099999999998	0.181475	0.173979	-0.050848000000000004	1481500.0
2012-09-21	-0.002754	0.185047	0.185697	0.176271	-0.084728	826400.0
2012-09-20	-0.001101	0.173029	0.180171	0.17205499999999999	-0.033898000000000005	1554100.0
2012-09-19	0.006925	0.189325	0.192922	0.185075	0.211838	2282200.0
2012-09-18	0.006131	0.192341	0.193328	0.185763	0.18640299999999999	2397200.0
2012-09-17	0.002235	0.188413	0.192369	0.180501	0.067789	2062900.0
2012-09-14	0.007599	0.177514	0.192129	0.177182	0.228785	2944100.0
2012-09-13	0.009949	0.17815899999999998	0.194596	0.176146	0.296562	3140100.0
2012-09-12	-0.005371	0.18184	0.182507	0.171163	-0.160984	1646200.0
2012-09-11	0.012017	0.188951	0.199756	0.18726199999999998	0.355869	3368500.0
2012-09-10	-0.016047	0.158907	0.16522	0.158907	-0.48298199999999997	2224500.0
2012-09-07	-0.0042049999999999995	0.178517	0.18116400000000002	0.17388499999999998	-0.127098	2945600.0
2012-09-06	0.021185	0.18929400000000002	0.20753899999999997	0.18929400000000002	0.627031	2269400.0
2012-09-05	0.000573	0.189299	0.189299	0.178819	0.016943	1213200.0
