2017-09-01	0.000262	0.003148	0.005946	0.000262.1	0.029998	1548400.000000
2016-09-01	0.002564	0.033158999999999994	0.037781	0.029668	0.27174299999999996	2739200.0
2016-08-31	-0.001463	0.027408	0.030705	0.023828	-0.155281	2272800.0
2016-08-30	0.0023829999999999997	0.032027999999999994	0.034766000000000005	0.029667000000000002	0.252327	1360100.0
2016-08-29	0.00156	0.033260000000000005	0.034395	0.030044	0.16497799999999999	1924600.0
2016-08-26	-0.003476	0.029386000000000002	0.035041	0.023448	-0.368782	1922900.0
2016-08-25	-0.002827	0.030892000000000003	0.030892000000000003	0.024596	-0.30085	1845000.0
2016-08-24	0.0018280000000000002	0.030611000000000003	0.033530000000000004	0.026844999999999997	0.1941	2774100.0
2016-08-23	-0.003551	0.030422	0.034269	0.026387999999999998	-0.37849499999999997	2150000.0
2016-08-22	-0.006692	0.028651999999999997	0.028651999999999997	0.022035	-0.7181390000000001	2061500.0
2016-08-19	0.000724	0.029769999999999998	0.032754000000000005	0.026599	0.077637	1613300.0
2016-08-18	0.002268	0.028460000000000003	0.03304	0.027899	0.24262199999999998	1833400.0
2016-08-17	0.003915999999999999	0.030422	0.035114	0.027701	0.41729700000000003	1542700.0
2016-08-16	-0.000364	0.025639	0.031548	0.025639	-0.038818	1267300.0
2016-08-15	-0.000546	0.031641	0.038298	0.029485	-0.058227999999999995	1548800.0
2016-08-12	-0.001907	0.029019	0.029861000000000002	0.025744	-0.203796	1700600.0
2016-08-11	0.009283	0.038288	0.048582	0.03791	0.982925	2786800.0
2016-08-10	0.002098	0.037437	0.041033999999999994	0.035261	0.22163400000000003	1519500.0
2016-08-09	0.006333	0.038769	0.047626	0.038102	0.664917	1790400.0
2016-08-08	0.0015630000000000002	0.040583	0.043635	0.035526999999999996	0.163819	2037000.0
2016-08-05	0.008809	0.039934	0.048018	0.038682999999999995	0.915474	2413000.0
2016-08-04	-0.004156	0.038679000000000005	0.044525	0.032833999999999995	-0.433655	2196000.0
2016-08-03	0.007723999999999999	0.037142	0.046508999999999995	0.037142	0.7998430000000001	2335000.0
2016-08-02	-0.005092	0.03676	0.038874	0.027249000000000002	-0.530014	2440300.0
2016-08-01	-0.0008320000000000001	0.038105	0.042137	0.033208999999999995	-0.086716	2834700.0
2016-07-29	-0.005794	0.02121	0.034953	0.011284	-0.607117	3993900.0
2016-07-28	-0.000643	0.032666	0.039724	0.032094	-0.067451	4481700.0
2016-07-27	-0.014225	0.035276999999999996	0.038755	0.021643	-1.512932	4763800.0
2016-07-26	0.0024519999999999998	0.039135	0.040831	0.035082	0.260185	1404100.0
2016-07-25	-0.002356	0.036217	0.038285	0.03349	-0.25054899999999997	1323600.0
2016-07-22	0.004277	0.036588	0.043198	0.034699	0.452926	2012400.0
2016-07-21	-0.00633	0.035657	0.036877	0.028338	-0.67456	1198600.0
2016-07-20	-0.000452	0.038284	0.040629000000000005	0.034814	-0.048187	1329300.0
2016-07-19	-0.002344	0.034914	0.036692	0.03192	-0.250542	1431900.0
2016-07-18	-0.0011710000000000002	0.037721	0.040992	0.033888999999999996	-0.12526700000000002	1964400.0
2016-07-15	-0.004215	0.040513	0.040513	0.030369	-0.452927	2280500.0
2016-07-14	0.006408	0.043154000000000005	0.047462	0.039594	0.684182	2514500.0
2016-07-13	0.004534000000000001	0.038098	0.043461	0.034804	0.48183400000000004	1792800.0
2016-07-12	0.002545	0.042343	0.044607	0.0364	0.269813	2370400.0
2016-07-11	0.0044740000000000005	0.033647	0.045207	0.033457	0.472207	2239500.0
2016-07-08	0.015484	0.043494	0.056964999999999995	0.043398	1.609291	2445700.0
2016-07-07	0.001207	0.037432	0.042442	0.035891	0.125274	2343800.0
2016-07-06	-0.006731	0.036382	0.038104	0.020784999999999998	-0.703468	3267500.0
2016-07-05	0.0008300000000000001	0.036189	0.039158	0.029868000000000002	0.086716	2823100.0
2016-07-01	0.005940999999999999	0.036565	0.045813	0.03406	0.6167520000000001	2793400.0
2016-06-30	0.012977	0.041625	0.051383000000000005	0.035672	1.329834	2673000.0
2016-06-29	0.015761	0.045849	0.057447000000000005	0.043867	1.59002	2728600.0
2016-06-28	0.008865999999999999	0.044521	0.050522000000000004	0.037021	0.886566	3198400.0
2016-06-27	-0.00613	0.027683	0.032452999999999996	0.019036	-0.616745	3609400.0
2016-06-24	-0.026208	0.012556999999999999	0.021752	0.004524	-2.707863	3627400.0
2016-06-23	0.011987000000000001	0.045752999999999995	0.053686000000000005	0.044479000000000005	1.223854	3040500.0
2016-06-22	-0.00675	0.036358999999999995	0.038694	0.026047000000000004	-0.6938479999999999	3590700.0
2016-06-21	0.005372	0.039971	0.046035	0.036059	0.549301	3688100.0
2016-06-20	0.010284	0.040686	0.054322	0.040587	1.040734	3223800.0
2016-06-17	0.007773	0.03812	0.046186000000000005	0.036626	0.780563	3417200.0
2016-06-16	0.0030800000000000003	0.033326	0.042216000000000004	0.027932	0.308357	2653000.0
2016-06-15	0.001542	0.041823	0.047125	0.039022	0.154183	2829300.0
2016-06-14	0.000868	0.037721	0.041625999999999996	0.032214	0.08672300000000001	1916700.0
2016-06-13	-0.008419	0.037025999999999996	0.039905	0.028686	-0.847999	2593700.0
2016-06-10	-0.004287	0.031394	0.03347	0.026351999999999997	-0.433648	2640800.0
2016-06-09	0.002675	0.032666	0.041785	0.031972	0.269822	1610900.0
2016-06-08	0.007894	0.038021	0.048511	0.037122	0.790191	1908400.0
2016-06-07	0.007370999999999999	0.03913	0.051408	0.037721	0.732376	1921000.0
2016-06-06	-9.7e-05	0.036513	0.045772	0.034601	-0.009643	2172300.0
2016-06-03	0.000679	0.033391000000000004	0.039735	0.026644	0.067459	2001900.0
2016-06-02	0.0015550000000000002	0.036208	0.040848	0.035704	0.154198	2229400.0
2016-06-01	-0.0019399999999999999	0.037620999999999995	0.037822	0.030070999999999997	-0.192734	1765400.0
2016-05-31	0.001068	0.041752	0.04417	0.03631	0.105995	3200100.0
2016-05-27	0.005173	0.041368	0.046533	0.039342	0.510734	1942900.0
2016-05-26	0.001466	0.040257	0.042793	0.036707	0.144539	1835500.0
2016-05-25	0.0031379999999999997	0.039451	0.044742000000000004	0.039451	0.30838000000000004	1650500.0
2016-05-24	0.008804000000000001	0.04193	0.050655	0.041725	0.857651	2444600.0
2016-05-23	-0.004138	0.040481	0.040686	0.03261	-0.40473899999999996	2562500.0
2016-05-20	0.002172	0.041205	0.049093	0.038232999999999996	0.212013	2917000.0
2016-05-19	-9.9e-05	0.032087	0.043458	0.029116000000000003	-0.009651	2475700.0
2016-05-18	0.002077	0.035155	0.045318000000000004	0.027045	0.202377	3444600.0
2016-05-17	-0.005509	0.037007	0.044867000000000004	0.028227	-0.539642	2465100.0
2016-05-16	0.009835	0.039370999999999996	0.051019999999999996	0.037926999999999995	0.95401	2113900.0
2016-05-13	-0.011101	0.036498	0.041391000000000004	0.020798	-1.0889280000000001	2838500.0
2016-05-12	0.00118	0.042314	0.044866	0.028025	0.115646	3391700.0
2016-05-11	-0.011578	0.047498	0.04992	0.033576	-1.147591	2646500.0
2016-05-10	0.009349	0.045682	0.055662	0.045682	0.918068	2346300.0
2016-05-09	0.005679999999999999	0.047423	0.053568	0.044556	0.554673	2476200.0
2016-05-06	-0.000294	0.048139	0.051006	0.030326	-0.028702	3651100.0
2016-05-05	-0.009406999999999999	0.047609	0.048928	0.034324	-0.9276200000000001	3945400.0
2016-05-04	-0.012167	0.038269	0.041876	0.031858	-1.214516	2524800.0
2016-05-03	-0.0036270000000000004	0.039893	0.043886	0.029712	-0.36341100000000004	2171900.0
2016-05-02	-0.00295	0.04817	0.050957	0.040806	-0.296455	2905300.0
2016-04-29	0.001525	0.042892	0.050964999999999996	0.0403	0.153015	2516700.0
2016-04-28	-0.014559	0.032324	0.046468	0.022109	-1.482285	4210000.0
2016-04-27	0.002165	0.046174	0.051588	0.038004	0.219941	2871900.0
2016-04-26	0.011040000000000001	0.04827	0.058421	0.048070999999999996	1.109329	2216300.0
2016-04-25	-0.004264	0.041421	0.043601	0.034782	-0.430329	1732100.0
2016-04-22	0.0050479999999999995	0.049766000000000005	0.05574199999999999	0.047674	0.506844	2166400.0
2016-04-21	-0.011114	0.042038	0.044697	0.033469	-1.128456	2187300.0
2016-04-20	-0.006271	0.046758999999999995	0.049304	0.038831	-0.640724	1952800.0
2016-04-19	0.006215999999999999	0.04647	0.053855999999999994	0.045584	0.631157	2032000.0
2016-04-18	0.006064	0.045385	0.052815999999999995	0.041125	0.612053	1332300.0
2016-04-15	0.004378	0.047673	0.054639	0.04618	0.439895	2668400.0
2016-04-14	-0.004358	0.046475	0.050042	0.038350999999999996	-0.439895	2092000.0
2016-04-13	0.0029460000000000003	0.049061	0.054924	0.048067	0.29644699999999996	2000900.0
2016-04-12	0.013191	0.047797000000000006	0.063503	0.047092	1.310143	2555700.0
2016-04-11	-0.004314	0.04869	0.055707000000000007	0.04057	-0.430328	1922500.0
2016-04-08	0.003077	0.05061	0.059056	0.046185000000000004	0.306015	1735100.0
2016-04-07	-0.006497	0.03789	0.043485	0.033095	-0.650292	2107700.0
2016-04-06	0.007217	0.046689	0.054839	0.041154	0.717232	2411100.0
2016-04-05	-0.009153	0.040897	0.044286	0.034316	-0.918068	2178700.0
2016-04-04	-0.000667	0.046579	0.053554	0.042693	-0.066925	2796200.0
2016-04-01	-0.0049299999999999995	0.040229	0.044195	0.035173	-0.497292	2764400.0
2016-03-31	-0.002459	0.044891	0.047363999999999996	0.041033999999999994	-0.248642	3303900.0
2016-03-30	-0.0034869999999999996	0.048244999999999996	0.050709	0.041444999999999996	-0.35381999999999997	2277700.0
2016-03-29	0.009899	0.044289	0.058024	0.041303	0.994552	1988400.0
2016-03-28	-0.00351	0.045186000000000004	0.047070999999999995	0.040227	-0.353844	1930900.0
2016-03-24	0.0052439999999999995	0.040199	0.051764	0.039999	0.525971	1996700.0
2016-03-23	0.00019099999999999998	0.044486000000000005	0.049173	0.042691	0.019134	2210400.0
2016-03-22	-0.002758	0.038821	0.047373	0.037329	-0.277328	2482600.0
2016-03-21	0.001524	0.041997	0.050463	0.040105	0.153015	2789700.0
2016-03-18	0.011951999999999999	0.047194	0.062412999999999996	0.046488999999999996	1.185829	4963700.0
2016-03-17	0.020458	0.060699	0.073555	0.055248	1.9891279999999998	4641200.0
2016-03-16	0.0024649999999999997	0.043414	0.053002999999999995	0.038258999999999994	0.239075	2252200.0
2016-03-15	0.001284	0.042379	0.048263	0.038456	0.124329	1796300.0
2016-03-14	0.0046619999999999995	0.042986	0.053772	0.042156	0.449463	2097100.0
2016-03-11	0.009512	0.048824	0.058561	0.048824	0.908493	2315100.0
2016-03-10	0.003114	0.050934	0.050934	0.038225	0.29646300000000003	2455200.0
2016-03-09	-0.010535	0.034043000000000004	0.040798	0.027704000000000003	-1.013695	3442800.0
2016-03-08	-0.006712999999999999	0.037837	0.049192	0.036081999999999996	-0.650292	2985100.0
2016-03-07	0.008964	0.0411	0.055785	0.039120999999999996	0.8606879999999999	3349700.0
2016-03-04	0.00783	0.044948	0.062477	0.044528	0.7459100000000001	3789700.0
2016-03-03	0.008606	0.042189	0.056269000000000007	0.041236	0.812874	2541400.0
2016-03-02	0.004168	0.042812	0.052167	0.042599	0.39209	2605000.0
2016-03-01	0.018747	0.055213	0.06626	0.050881	1.7309189999999999	2666900.0
2016-02-29	-0.009134	0.045682	0.04858	0.035702	-0.8511129999999999	3124000.0
2016-02-26	-0.002865	0.048358	0.05424299999999999	0.042365	-0.267768	2372900.0
2016-02-25	0.008775	0.048813	0.056261	0.041473	0.812866	2146400.0
2016-02-24	-0.001031	0.037271	0.046329	0.027997	-0.095635	2366700.0
2016-02-23	-0.010712000000000001	0.035975	0.037148	0.02424	-1.0041120000000001	3699700.0
2016-02-22	0.006675	0.045682	0.062221000000000005	0.045682	0.62159	2574300.0
2016-02-19	-0.000923	0.043107	0.046004	0.035275	-0.08606	2313000.0
2016-02-18	-0.000615	0.048899	0.051365999999999995	0.04268	-0.057379999999999994	2654700.0
2016-02-17	-0.0026379999999999997	0.056720000000000007	0.064099	0.051052	-0.246682	3004300.0
2016-02-16	0.013471	0.0612	0.07322999999999999	0.056864	1.242836	3205700.0
2016-02-12	0.022715	0.06690399999999999	0.078765	0.063136	2.049248	3266700.0
2016-02-11	-0.010716	0.037377999999999995	0.04944	0.033211000000000004	-0.977196	3897000.0
2016-02-10	-0.014457	0.054153999999999994	0.059126	0.036322	-1.337692	3634400.0
2016-02-09	0.002364	0.043755	0.071487	0.043322	0.21820799999999999	5427500.0
2016-02-08	0.020237	0.043214999999999996	0.076703	0.042441	1.8310400000000002	4545100.0
2016-02-05	-0.009143	0.049885000000000006	0.058754999999999995	0.041233	-0.8348770000000001	4273300.0
2016-02-04	0.00965	0.054046000000000004	0.072511	0.052277	0.8728100000000001	5545600.0
2016-02-03	0.006759	0.060057000000000006	0.065623	0.046031	0.607186	4857500.0
2016-02-02	0.006484	0.065586	0.075557	0.053262000000000004	0.578727	7634600.0
2016-02-01	0.009442	0.040927	0.068749	0.040927	0.834885	5521800.0
2016-01-29	0.024176	0.061342999999999995	0.080108	0.061342999999999995	2.087196	5220900.0
2016-01-28	0.00143	0.05520599999999999	0.06262999999999999	0.04697	0.123322	2286100.0
2016-01-27	-0.00066	0.054974	0.06807200000000001	0.047555	-0.05690800000000001	3333900.0
2016-01-26	0.016886	0.05994	0.076443	0.05946799999999999	1.432564	2307700.0
2016-01-25	-0.005339	0.054867	0.058267	0.04537	-0.455376	2069800.0
2016-01-22	0.009318	0.068247	0.07321699999999999	0.056886	0.787438	2866000.0
2016-01-21	0.004171	0.055353	0.071752	0.044777	0.351028	3467600.0
2016-01-20	-0.018262	0.038997000000000004	0.042963	0.018463999999999998	-1.565399	4836900.0
2016-01-19	0.003443	0.063411	0.070552	0.048661	0.294098	3772000.0
2016-01-15	-0.012178	0.035775	0.04202	0.022477	-1.053085	5418200.0
2016-01-14	0.00596	0.056373	0.068936	0.042297	0.512321	4001900.0
2016-01-13	-0.025699	0.057673	0.062773	0.021178	-2.267448	4274500.0
2016-01-12	0.014619	0.054046000000000004	0.070605	0.054046000000000004	1.2712780000000001	4436200.0
2016-01-11	0.002954	0.058544000000000006	0.06039	0.046202999999999994	0.256157	3484000.0
2016-01-08	-0.013066999999999999	0.056777999999999995	0.058599	0.038224	-1.1479489999999999	3941100.0
2016-01-07	-0.019275999999999998	0.038529	0.049023000000000004	0.030045	-1.726693	3790800.0
2016-01-06	-0.014199000000000002	0.044252	0.05140499999999999	0.035558	-1.290252	2443000.0
2016-01-05	0.009911	0.054046000000000004	0.06805	0.05049	0.8918	2839600.0
2016-01-04	-0.014445	0.044297	0.044955	0.030277	-1.318741	3730800.0
2015-12-31	-0.008858	0.051984	0.053721000000000005	0.042321	-0.8158880000000001	2168100.0
2015-12-30	-0.006447	0.051673000000000004	0.053938	0.046603	-0.597709	1727300.0
2015-12-29	0.007423000000000001	0.057415	0.063391	0.055785	0.68309	1688900.0
2015-12-28	-0.003493	0.051989	0.053288	0.042785000000000004	-0.322571	2274600.0
2015-12-24	0.0010279999999999998	0.051336	0.059141	0.048083999999999995	0.094872	1497600.0
2015-12-23	-0.007755	0.048452999999999996	0.050712	0.042	-0.721024	4812200.0
2015-12-22	0.011456000000000001	0.061225999999999996	0.069385	0.051	1.053085	2458600.0
2015-12-21	-0.011327	0.059532	0.062651	0.036192	-1.053085	3311100.0
2015-12-18	-0.02	0.042662	0.044454	0.021371	-1.8974529999999998	7053500.0
2015-12-17	-0.005074	0.073866	0.074496	0.048487999999999996	-0.483864	4792100.0
2015-12-16	0.016279	0.0614	0.074935	0.05703	1.527466	3483100.0
2015-12-15	0.010523999999999999	0.061262	0.07235499999999999	0.056739	0.9771799999999999	3434200.0
2015-12-14	0.004207	0.054046000000000004	0.058913	0.036308999999999994	0.38898499999999997	4132600.0
2015-12-11	-0.029766	0.036732	0.038831	0.020572999999999998	-2.836693	5746600.0
2015-12-10	-0.0001	0.05499	0.064014	0.053101999999999996	-0.009491	3232400.0
2015-12-09	-0.00692	0.053628999999999996	0.062173	0.042897000000000005	-0.664116	3118900.0
2015-12-08	-0.012591	0.046432999999999995	0.049314	0.03707	-1.223839	3738100.0
2015-12-07	-0.007844	0.05139199999999999	0.054046000000000004	0.040368	-0.768486	2521500.0
2015-12-04	0.009483	0.055591999999999996	0.065381	0.053222000000000005	0.9202809999999999	3560900.0
2015-12-03	-0.009777	0.055475	0.058434	0.039761000000000005	-0.9582139999999999	3927900.0
2015-12-02	-0.010347	0.047481999999999996	0.049502	0.040514999999999995	-1.024628	3577100.0
2015-12-01	0.0133	0.058651	0.06929199999999999	0.055478999999999994	1.299752	3424200.0
2015-11-30	-0.01123	0.05273099999999999	0.056272	0.042107	-1.110001	3998700.0
2015-11-27	0.006667	0.057102	0.063416	0.056287000000000004	0.654625	954100.0
2015-11-25	0.0008699999999999999	0.053638	0.056595000000000006	0.050376	0.085381	1354700.0
2015-11-24	-0.001834	0.048755	0.055572	0.044685	-0.18026	1557700.0
2015-11-23	-0.004899000000000001	0.05435	0.059008000000000005	0.045642	-0.483849	2290400.0
2015-11-20	0.0	0.05890599999999999	0.063159	0.052426	0.0	2646800.0
2015-11-19	0.004051	0.057299	0.064314	0.053639	0.398461	1552700.0
2015-11-18	0.005236	0.054863999999999996	0.06140399999999999	0.048527999999999995	0.512321	2141600.0
2015-11-17	0.0	0.056192	0.065288	0.050776	0.0	2098200.0
2015-11-16	0.013362	0.053321	0.06854500000000001	0.052596000000000004	1.290253	2226500.0
2015-11-13	-0.007992	0.05959400000000001	0.05959400000000001	0.042026	-0.777954	3114400.0
2015-11-12	-0.014125	0.048172	0.049792	0.037638	-1.394631	3296100.0
2015-11-11	0.004409000000000001	0.063983	0.071918	0.057472	0.433396	2581000.0
2015-11-10	0.003173	0.061134	0.070726	0.057153999999999996	0.310882	2148900.0
2015-11-09	-0.009334	0.056486	0.059216	0.046376	-0.923263	3416800.0
2015-11-06	0.007291	0.05675499999999999	0.069587	0.05268200000000001	0.715996	2877700.0
2015-11-05	0.002212	0.062665	0.068074	0.05848	0.21669699999999997	2540900.0
2015-11-04	-0.004594	0.063065	0.06428400000000001	0.053719	-0.45224	2817500.0
2015-11-03	-0.0008609999999999999	0.058496000000000006	0.066109	0.052913	-0.08477799999999999	2785900.0
2015-11-02	0.015046	0.061337	0.079058	0.061234000000000004	1.460282	2648200.0
2015-10-30	-0.0043490000000000004	0.061439999999999995	0.06451699999999999	0.0559	-0.423958	3232500.0
2015-10-29	0.008185	0.062888	0.07167899999999999	0.058958	0.791397	2762500.0
2015-10-28	-0.0045590000000000006	0.062366	0.064528	0.047747000000000005	-0.44280200000000003	3542700.0
2015-10-27	-0.029006999999999998	0.027551	0.045245	0.019254	-2.901719	5144600.0
2015-10-26	-0.005804999999999999	0.062831	0.066608	0.053091	-0.584129	3486800.0
2015-10-23	0.0034770000000000005	0.069618	0.069618	0.051864999999999994	0.348587	4060200.0
2015-10-22	0.011115	0.066986	0.075154	0.065373	1.102287	3570200.0
2015-10-21	0.006695	0.064079	0.080321	0.064079	0.659478	3286500.0
2015-10-20	0.002877	0.058691	0.06663200000000001	0.057266	0.282631	2231100.0
2015-10-19	0.002982	0.057354999999999996	0.065218	0.057354999999999996	0.292053	2296800.0
2015-10-16	0.0014449999999999999	0.064098	0.065428	0.056736	0.141327	2083200.0
2015-10-15	0.009139	0.066496	0.072997	0.062059	0.885589	2847400.0
2015-10-14	-0.004259000000000001	0.061953999999999995	0.064933	0.053733	-0.41452799999999995	2227500.0
2015-10-13	-0.010631	0.053713	0.06327	0.049951999999999996	-1.0457610000000002	3060800.0
2015-10-12	0.0070409999999999995	0.060416	0.068913	0.058061	0.687752	1792500.0
2015-10-09	0.002902	0.061439999999999995	0.069654	0.06051599999999999	0.282639	2418200.0
2015-10-08	0.01115	0.061127999999999995	0.074936	0.059675	1.0740120000000002	2689600.0
2015-10-07	0.007986	0.0673	0.07766	0.06154400000000001	0.763115	2901800.0
2015-10-06	-0.000985	0.065308	0.06572599999999999	0.053913	-0.094215	2339000.0
2015-10-05	0.021634	0.06539199999999999	0.08931599999999999	0.06539199999999999	2.0255509999999997	3088100.0
2015-10-02	0.008115	0.045074	0.07005399999999999	0.043997	0.753708	3554600.0
2015-10-01	-0.001115	0.064774	0.065957	0.052083000000000004	-0.103646	3053300.0
2015-09-30	0.005604	0.0702	0.073986	0.059709000000000005	0.518151	2985000.0
2015-09-29	0.008944	0.061112	0.07278899999999999	0.05773	0.8196559999999999	2616000.0
2015-09-28	-0.015087	0.052412	0.058431	0.044566	-1.403748	2499000.0
2015-09-25	0.012922999999999999	0.067754	0.083539	0.063399	1.187058	3294200.0
2015-09-24	-0.000718	0.057305999999999996	0.065465	0.050452	-0.065956	3826000.0
2015-09-23	-0.009542	0.059716	0.061224	0.051311	-0.885582	3395600.0
2015-09-22	-0.01144	0.049083999999999996	0.057499	0.044397000000000006	-1.07402	3606800.0
2015-09-21	0.013527	0.063275	0.076554	0.060576	1.253013	3044700.0
2015-09-18	-0.022858	0.05395	0.054372000000000004	0.034645	-2.166862	5127500.0
2015-09-17	0.005396	0.06451599999999999	0.079576	0.05910599999999999	0.5087510000000001	3879700.0
2015-09-16	-0.004377000000000001	0.055421000000000005	0.059222000000000004	0.044861	-0.41452100000000003	3237200.0
2015-09-15	0.036182	0.07117799999999999	0.102908	0.068552	3.3068089999999994	5206700.0
2015-09-14	-0.001749	0.062314	0.063733	0.054230999999999994	-0.160149	1788100.0
2015-09-11	0.003718	0.057602999999999994	0.065496	0.054533000000000005	0.33915700000000004	2129000.0
2015-09-10	-0.00237	0.061439999999999995	0.066799	0.05520599999999999	-0.216675	2928200.0
2015-09-09	-0.008986	0.069244	0.07152	0.050167	-0.8290709999999999	2773200.0
2015-09-08	0.027597000000000003	0.078481	0.091289	0.073023	2.477761	2857800.0
2015-09-04	-0.015191	0.044108999999999995	0.052007000000000005	0.038186000000000005	-1.384903	3334000.0
2015-09-03	0.00062	0.066708	0.069562	0.058257	0.056526	3320200.0
2015-09-02	0.015861	0.07359299999999999	0.078499	0.061216999999999994	1.4226	3578900.0
2015-09-01	-0.02509	0.041439	0.051766	0.030461000000000002	-2.3081970000000003	5168600.0
2015-08-31	-0.010036	0.057566	0.05778099999999999	0.049172	-0.932694	2892700.0
2015-08-28	-0.005144	0.055873	0.060797000000000004	0.047951	-0.480484	2778400.0
2015-08-27	0.026079	0.070887	0.09011	0.069898	2.374146	4739800.0
2015-08-26	0.022973	0.074362	0.087397	0.052225	2.044388	5886900.0
2015-08-25	-0.010994	0.084111	0.088112	0.049214999999999995	-0.9892200000000001	6023000.0
2015-08-24	-0.036614999999999995	0.014117	0.043345999999999996	0.006408	-3.4198910000000002	7929500.0
2015-08-21	-0.018900999999999998	0.052091	0.059654	0.036965	-1.799439	6566500.0
2015-08-20	-0.012315000000000001	0.051791	0.057809000000000006	0.048368	-1.187065	3779400.0
2015-08-19	-0.004379	0.057308000000000005	0.063919	0.050491	-0.423958	2101800.0
2015-08-18	-0.0013599999999999999	0.062265	0.062265	0.055663	-0.131889	2080900.0
2015-08-17	0.001655	0.056377	0.063403	0.049144	0.160156	2181600.0
2015-08-14	0.008739	0.060398	0.071029	0.05664500000000001	0.838493	2278800.0
2015-08-13	-0.002449	0.059984	0.064559	0.055305999999999994	-0.23553400000000002	1829900.0
2015-08-12	-0.0016510000000000001	0.064566	0.070379	0.054083000000000006	-0.159027	3762500.0
2015-08-11	-0.004254	0.060761	0.06944299999999999	0.059726999999999995	-0.411583	3465200.0
2015-08-10	0.012629999999999999	0.075624	0.08305499999999999	0.075624	1.20671	2690800.0
2015-08-07	-0.0028309999999999997	0.067986	0.068717	0.059324	-0.271278	2982900.0
2015-08-06	-0.004954	0.070899	0.071937	0.061345000000000004	-0.477074	2043100.0
2015-08-05	0.0029230000000000003	0.0733	0.083924	0.072154	0.280625	3196700.0
2015-08-04	-0.00107	0.070798	0.072879	0.06362000000000001	-0.10289000000000001	2431500.0
2015-08-03	0.00381	0.070387	0.07728	0.064226	0.364815	2756900.0
2015-07-31	0.009467	0.074407	0.083368	0.070822	0.8980100000000001	4222900.0
2015-07-30	0.005055	0.063838	0.075917	0.06246	0.47708100000000003	2871000.0
2015-07-29	0.009505	0.073522	0.09053	0.071918	0.888634	5563700.0
2015-07-28	0.050673	0.100161	0.129157	0.099487	4.508774	7592900.0
2015-07-27	0.0039049999999999996	0.066209	0.07444500000000001	0.06226	0.346115	3628300.0
2015-07-24	-0.014150999999999999	0.06858500000000001	0.06858500000000001	0.05134400000000001	-1.272194	2959700.0
2015-07-23	-0.011519	0.073648	0.073648	0.053527	-1.047676	1940400.0
2015-07-22	-0.007451999999999999	0.074159	0.07634099999999999	0.056698	-0.682869	2691000.0
2015-07-21	0.0037920000000000002	0.06946799999999999	0.080532	0.068811	0.346123	2178900.0
2015-07-20	-0.000103	0.06903	0.071987	0.06574400000000001	-0.009369	1777000.0
2015-07-17	0.001231	0.06563	0.076048	0.064424	0.112251	2653400.0
2015-07-16	0.003087	0.07662000000000001	0.07783	0.07112	0.280624	1548400.0
2015-07-15	-0.00705	0.069467	0.070013	0.059417	-0.645439	2092900.0
2015-07-14	0.001125	0.07056	0.072857	0.063671	0.10289000000000001	2419200.0
2015-07-13	0.008251	0.076307	0.079835	0.070132	0.74836	2489900.0
2015-07-10	0.012637	0.083097	0.08655800000000001	0.078855	1.131859	1951700.0
2015-07-09	0.002723	0.081233	0.08391900000000001	0.071605	0.24321700000000002	2032100.0
2015-07-08	-0.020615	0.061574000000000004	0.062561	0.044689	-1.880211	2782300.0
2015-07-07	0.00869	0.072348	0.078652	0.062836	0.785752	3755900.0
2015-07-06	-0.005555	0.062211	0.071449	0.057482000000000005	-0.50512	2721000.0
2015-07-02	0.002682	0.072117	0.073661	0.067486	0.243195	1836000.0
2015-07-01	0.00031	0.075759	0.08039199999999999	0.064728	0.028076	2893300.0
2015-06-30	-0.004111	0.079466	0.079466	0.063537	-0.374184	3059400.0
2015-06-29	-0.020533000000000003	0.062143	0.065264	0.046326	-1.908249	3507600.0
2015-06-26	0.004144	0.074324	0.077349	0.070002	0.38350700000000004	2782500.0
2015-06-25	-0.004527000000000001	0.068815	0.073009	0.063329	-0.420929	2227900.0
2015-06-24	-0.013499	0.068499	0.06956	0.050567	-1.272186	2565500.0
2015-06-23	-0.006312	0.067975	0.072087	0.060595	-0.598679	1493300.0
2015-06-22	0.005454	0.072422	0.077935	0.07104400000000001	0.5144890000000001	3236200.0
2015-06-19	-0.005522999999999999	0.06565599999999999	0.068608	0.059120000000000006	-0.523842	3600600.0
2015-06-18	0.009759	0.069775	0.08244299999999999	0.069775	0.916725	2948900.0
2015-06-17	0.000698	0.064342	0.072758	0.059975	0.065475	2846600.0
2015-06-16	0.003901	0.068709	0.07448400000000001	0.056838	0.36480799999999997	3061900.0
2015-06-15	-0.000999	0.064329	0.07020499999999999	0.05770499999999999	-0.093529	2152500.0
2015-06-12	-0.009307	0.06363200000000001	0.068712	0.055164	-0.8793110000000001	2420400.0
2015-06-11	0.005375	0.072754	0.07647899999999999	0.06903	0.505135	1899000.0
2015-06-10	0.008431999999999999	0.072464	0.08190700000000001	0.068815	0.785759	2682400.0
2015-06-09	0.0035259999999999996	0.067845	0.07893700000000001	0.06633700000000001	0.327392	2348300.0
2015-06-08	-0.012337	0.069136	0.069774	0.055202999999999995	-1.1599270000000002	2819900.0
2015-06-05	0.004096	0.069564	0.075437	0.065505	0.38353000000000004	2692100.0
2015-06-04	-0.0049700000000000005	0.063185	0.06988	0.061591	-0.46770500000000004	3125800.0
2015-06-03	0.011767	0.073545	0.09021	0.06978200000000001	1.094444	3607700.0
2015-06-02	-0.000503	0.06322699999999999	0.07461799999999999	0.059251	-0.046783	2324900.0
2015-06-01	0.002621	0.074956	0.07872699999999999	0.065474	0.243225	2857600.0
2015-05-29	-0.006509	0.067745	0.067852	0.057362	-0.6080399999999999	4231800.0
2015-05-28	-0.010404	0.06564	0.069136	0.056741999999999994	-0.982193	2722100.0
2015-05-27	0.003979	0.06903	0.075623	0.063287	0.374168	2068600.0
2015-05-26	-0.008971999999999999	0.068713	0.068924	0.055961000000000004	-0.851242	2364900.0
2015-05-22	-0.006076	0.07133400000000001	0.07133400000000001	0.059916	-0.579971	2200500.0
2015-05-21	0.000883	0.06861	0.074167	0.065465	0.08420599999999999	2159500.0
2015-05-20	-0.001176	0.070286	0.073428	0.06442200000000001	-0.112267	2627600.0
2015-05-19	0.001668	0.071547	0.07878500000000001	0.066827	0.159027	3198300.0
2015-05-18	-0.002154	0.065052	0.070181	0.060655999999999995	-0.205788	2769300.0
2015-05-15	0.014503	0.083472	0.089206	0.07975499999999999	1.365723	5347800.0
2015-05-14	0.01996	0.07672000000000001	0.09740700000000001	0.076611	1.8427959999999999	5966400.0
2015-05-13	-0.0054020000000000006	0.073274	0.07876799999999999	0.06821100000000001	-0.501426	3205100.0
2015-05-12	-0.005571	0.073723	0.075222	0.06783099999999999	-0.519997	2438400.0
2015-05-11	0.0016940000000000002	0.076936	0.08240900000000001	0.075541	0.15786	4080400.0
2015-05-08	0.007226000000000001	0.085367	0.095419	0.083746	0.668564	2964400.0
2015-05-07	0.004233	0.077805	0.087899	0.077588	0.389999	3151700.0
2015-05-06	-0.00889	0.08005599999999999	0.082853	0.060476999999999996	-0.8264309999999999	3403200.0
2015-05-05	-0.013013999999999998	0.072477	0.07598099999999999	0.060904	-1.225693	2845200.0
2015-05-04	0.000493	0.076299	0.083098	0.074281	0.046432999999999995	2993000.0
2015-05-01	0.008454999999999999	0.081436	0.086471	0.074365	0.7892680000000001	2846100.0
2015-04-30	-0.007111	0.073639	0.077468	0.064492	-0.668556	4045700.0
2015-04-29	0.004763	0.083776	0.08986799999999999	0.077257	0.445701	5454500.0
2015-04-28	0.034281	0.096501	0.12490799999999999	0.091085	3.101395	8282700.0
2015-04-27	-0.00683	0.076278	0.079791	0.067495	-0.622146	3906300.0
2015-04-24	-0.001222	0.079897	0.08011599999999999	0.071783	-0.11142	2253000.0
2015-04-23	0.0008150000000000001	0.070572	0.081984	0.069913	0.074272	2420200.0
2015-04-22	0.00543	0.076936	0.084218	0.07164	0.492149	2904900.0
2015-04-21	0.001539	0.078815	0.082682	0.073621	0.13929	3277600.0
2015-04-20	0.021808	0.08179199999999999	0.106858	0.08179199999999999	1.931412	5021400.0
2015-04-17	-0.007905	0.069879	0.0738	0.062822	-0.705711	3699300.0
2015-04-16	-0.004968	0.073258	0.078274	0.070918	-0.44571000000000005	2520800.0
2015-04-15	0.000725	0.078163	0.081063	0.073032	0.064988	2705000.0
2015-04-14	0.0041600000000000005	0.076376	0.084217	0.073016	0.37143699999999996	3221200.0
2015-04-13	-0.006612000000000001	0.073487	0.080831	0.06959299999999999	-0.594284	3192000.0
2015-04-10	0.0009310000000000001	0.07805	0.08161399999999999	0.073818	0.08358	3173700.0
2015-04-09	0.00031	0.074151	0.080167	0.06858099999999999	0.027862	3378400.0
2015-04-08	-0.00010400000000000001	0.076602	0.077827	0.06958400000000001	-0.009315	2992000.0
2015-04-07	-0.001652	0.082052	0.088724	0.073823	-0.148552	2518300.0
2015-04-06	0.0038350000000000003	0.07169	0.08408099999999999	0.06967999999999999	0.343567	2513600.0
2015-04-02	-0.000725	0.08206799999999999	0.08206799999999999	0.073478	-0.06499500000000001	3010600.0
2015-04-01	-0.0041259999999999995	0.071937	0.077714	0.062827	-0.37143699999999996	3394700.0
2015-03-31	-0.003392	0.07494400000000001	0.07959400000000001	0.071511	-0.306404	2718100.0
2015-03-30	0.00704	0.0824	0.089535	0.081062	0.631408	2488000.0
2015-03-27	-0.000517	0.078051	0.079611	0.07337	-0.046425	2506900.0
2015-03-26	-0.008414	0.073732	0.07395299999999999	0.065223	-0.761421	3278700.0
2015-03-25	-0.018134	0.077913	0.07986599999999999	0.056647	-1.671417	3483600.0
2015-03-24	-0.006207	0.075427	0.079093	0.068526	-0.575684	2656000.0
2015-03-23	-0.003691	0.07607699999999999	0.0793	0.072962	-0.343574	2670900.0
2015-03-20	0.003403	0.081032	0.085344	0.077475	0.315704	4137400.0
2015-03-19	-0.0034909999999999997	0.07511	0.080481	0.07285499999999999	-0.324997	2128400.0
2015-03-18	0.006626000000000001	0.069476	0.087425	0.063961	0.612839	3016000.0
2015-03-17	-0.0065829999999999994	0.071673	0.076292	0.06941699999999999	-0.612839	1987000.0
2015-03-16	0.017558	0.078904	0.097376	0.07792	1.606407	2714200.0
2015-03-13	-0.011438	0.074667	0.077585	0.057271	-1.058563	3449500.0
2015-03-12	0.009623	0.082827	0.088173	0.08075399999999999	0.882134	1951700.0
2015-03-11	-0.007540000000000001	0.07737000000000001	0.08191699999999999	0.0686	-0.696411	3079300.0
2015-03-10	-0.010740999999999999	0.071046	0.075544	0.065262	-1.0028540000000001	3579600.0
2015-03-09	-0.000696	0.078649	0.085927	0.075652	-0.065002	3602000.0
2015-03-06	-0.000993	0.073301	0.08228200000000001	0.071055	-0.09285800000000001	3008500.0
2015-03-05	0.002987	0.079617	0.08262	0.075864	0.278572	2589300.0
2015-03-04	-0.01064	0.071631	0.07534500000000001	0.064204	-1.002838	4511700.0
2015-03-03	-0.004219	0.071125	0.076725	0.069118	-0.399276	2767400.0
2015-03-02	0.001966	0.076936	0.08371100000000001	0.07429	0.185691	2315600.0
2015-02-27	-0.001276	0.076408	0.083069	0.075245	-0.120697	2130900.0
2015-02-26	-0.000981	0.073979	0.07926	0.072078	-0.09285700000000001	2125500.0
2015-02-25	-0.003518	0.078305	0.07967300000000001	0.070937	-0.33429000000000003	2215100.0
2015-02-24	0.005404	0.076725	0.083815	0.075561	0.51072	2715800.0
2015-02-23	-0.001864	0.078309	0.078309	0.07155	-0.17643	1728100.0
2015-02-20	0.0025570000000000002	0.074713	0.08064299999999999	0.068994	0.241432	3411700.0
2015-02-19	-0.001865	0.078733	0.08296100000000001	0.074294	-0.17643	2435200.0
2015-02-18	0.001073	0.084652	0.08772100000000001	0.07978500000000001	0.101403	2348400.0
2015-02-17	0.007073	0.085824	0.09562799999999999	0.083267	0.6638029999999999	3814800.0
2015-02-13	0.003747	0.082085	0.090642	0.081337	0.35035700000000003	2106000.0
2015-02-12	0.004954999999999999	0.084222	0.092929	0.08089	0.46096800000000004	2981600.0
2015-02-11	-0.0016820000000000001	0.084867	0.092056	0.07864299999999999	-0.156723	2826100.0
2015-02-10	0.0061719999999999995	0.088755	0.093829	0.081305	0.571609	2750900.0
2015-02-09	-0.0020859999999999997	0.080881	0.087992	0.076033	-0.19359500000000002	2626200.0
2015-02-06	-0.0077859999999999995	0.081124	0.085721	0.072465	-0.728356	2965400.0
2015-02-05	0.009251	0.089615	0.103102	0.08648600000000001	0.8574219999999999	4026400.0
2015-02-04	-0.000398	0.07925900000000001	0.09209400000000001	0.076779	-0.036903	4278600.0
2015-02-03	0.0043939999999999995	0.092885	0.101009	0.07501100000000001	0.405677	5581600.0
2015-02-02	0.013050999999999998	0.086408	0.100235	0.079165	1.189316	3811800.0
2015-01-30	-0.015734	0.075147	0.093833	0.067262	-1.456688	5916300.0
2015-01-29	0.011279	0.084215	0.099944	0.07362	1.032593	4648300.0
2015-01-28	-0.015368999999999999	0.087986	0.096053	0.066906	-1.429031	5481400.0
2015-01-27	-0.014655000000000001	0.065683	0.080307	0.065683	-1.3829200000000001	4766300.0
2015-01-26	-0.005635	0.07169099999999999	0.080121	0.049561	-0.534736	10903700.0
2015-01-23	-0.09908099999999999	-0.015506	-0.0033539999999999998	-0.025	-10.436524	19275400.0
2015-01-22	0.023012	0.09222799999999999	0.111069	0.086789	2.369408	3008100.0
2015-01-21	0.003324	0.082801	0.09449400000000001	0.079585	0.341133	2144300.0
2015-01-20	0.009156999999999998	0.090257	0.097633	0.08012899999999999	0.931168	4124800.0
2015-01-16	0.009241	0.08475099999999999	0.095073	0.076415	0.931175	4495200.0
2015-01-15	-0.000731	0.089412	0.09447	0.08137899999999999	-0.073753	2847300.0
2015-01-14	-0.0067209999999999995	0.073915	0.080416	0.068202	-0.682251	2980400.0
2015-01-13	0.004287	0.093061	0.10671300000000002	0.082575	0.43331899999999995	3233600.0
2015-01-12	0.000365	0.08781900000000001	0.094549	0.079704	0.036888	2198200.0
2015-01-09	-0.007336	0.08484900000000001	0.08701	0.071979	-0.746796	2060200.0
2015-01-08	0.017979	0.092953	0.106353	0.092953	1.7978290000000001	2876100.0
2015-01-07	0.009306	0.092727	0.097875	0.085964	0.9219430000000001	1949500.0
2015-01-06	-0.006564	0.084652	0.091671	0.068107	-0.654571	3808900.0
2015-01-05	-0.020022	0.08082	0.08082	0.060872	-2.037529	3519600.0
2015-01-02	-0.007106	0.085628	0.089335	0.067383	-0.728355	2662900.0
2014-12-31	-0.00865	0.08765099999999999	0.09006900000000001	0.074303	-0.8942950000000001	1393800.0
2014-12-30	-0.002757	0.083205	0.089089	0.077804	-0.28579699999999997	2346100.0
2014-12-29	0.004646	0.083199	0.091726	0.080291	0.479408	1760600.0
2014-12-26	-0.00427	0.08494199999999999	0.086293	0.078766	-0.442535	1289600.0
2014-12-24	-0.000356	0.08822100000000001	0.090633	0.084266	-0.036873	1283300.0
2014-12-23	0.004018	0.085524	0.095305	0.085524	0.41487799999999997	2664400.0
2014-12-22	0.009373000000000001	0.08866	0.094818	0.085141	0.958832	2349800.0
2014-12-19	0.00027	0.083381	0.09501699999999999	0.079177	0.027657	5581100.0
2014-12-18	0.021925	0.096443	0.110132	0.09224600000000001	2.194259	3766100.0
2014-12-17	-0.011654000000000001	0.074678	0.076455	0.05147	-1.1801139999999999	6501500.0
2014-12-16	-0.008307	0.079951	0.091018	0.075642	-0.848198	4884300.0
2014-12-15	0.006818	0.086329	0.09944299999999999	0.085244	0.691475	4275700.0
2014-12-12	-0.005695	0.08190700000000001	0.090437	0.077985	-0.5808260000000001	4212900.0
2014-12-11	0.005179	0.088397	0.09953300000000001	0.085342	0.525497	3574800.0
2014-12-10	0.000273	0.08623	0.09658	0.077949	0.027672000000000002	4480700.0
2014-12-09	-0.001633	0.075401	0.083471	0.069004	-0.165947	2961300.0
2014-12-08	-0.006938	0.085825	0.085825	0.075172	-0.709923	3085400.0
2014-12-05	0.004981	0.086617	0.092706	0.084063	0.50708	1912400.0
2014-12-04	-0.0042380000000000004	0.083479	0.083479	0.072916	-0.43331899999999995	2402200.0
2014-12-03	0.004438	0.088287	0.092609	0.08367000000000001	0.45175200000000004	3428900.0
2014-12-02	0.005647	0.089987	0.098187	0.087122	0.571617	3354000.0
2014-12-01	-0.001183	0.088402	0.098467	0.076166	-0.11985	4819000.0
2014-11-28	0.027482	0.10715999999999999	0.126323	0.103105	2.710541	3988800.0
2014-11-26	-0.001307	0.084753	0.087386	0.080602	-0.12906700000000002	1783900.0
2014-11-25	-0.0013050000000000002	0.08434900000000001	0.088899	0.081618	-0.129081	2735900.0
2014-11-24	-0.0008380000000000001	0.08768300000000001	0.091018	0.08354099999999999	-0.082978	2689100.0
2014-11-21	0.005998	0.0938	0.10335499999999999	0.08932799999999999	0.590058	3807100.0
2014-11-20	0.010129	0.081572	0.102107	0.079724	0.9864879999999999	6990400.0
2014-11-19	-0.0036780000000000003	0.082606	0.086187	0.078003	-0.359558	3621400.0
2014-11-18	-0.0041329999999999995	0.08821799999999999	0.089135	0.079558	-0.40567	3360700.0
2014-11-17	-0.00337	0.08384	0.086175	0.078662	-0.331894	2918400.0
2014-11-14	-0.008906	0.086061	0.086564	0.07147	-0.8850790000000001	4476100.0
2014-11-13	-0.001482	0.091284	0.093695	0.066868	-0.14752200000000001	5920600.0
2014-11-12	-0.001287	0.088173	0.091183	0.081349	-0.12826500000000002	3569500.0
2014-11-11	-0.002659	0.09328600000000001	0.094887	0.08467899999999999	-0.265716	2746900.0
2014-11-10	0.006645999999999999	0.091384	0.10115700000000001	0.087354	0.659713	3635600.0
2014-11-07	0.00036899999999999997	0.093501	0.09450800000000001	0.086143	0.036652	3172300.0
2014-11-06	0.006973999999999999	0.09382	0.100011	0.089253	0.6872020000000001	2990400.0
2014-11-05	0.004296	0.10015	0.101475	0.08873400000000001	0.421479	3124900.0
2014-11-04	0.013631	0.092314	0.11576600000000001	0.092211	1.3194270000000001	4777300.0
2014-11-03	0.006958	0.091384	0.099811	0.088784	0.668884	3592400.0
2014-10-31	0.015684	0.105226	0.118328	0.104803	1.484322	5470400.0
2014-10-30	0.006529000000000001	0.084897	0.103827	0.083833	0.613907	3020000.0
2014-10-29	-0.002721	0.09170199999999999	0.097218	0.076641	-0.256546	2727200.0
2014-10-28	0.006357	0.094053	0.099496	0.092025	0.595581	3530500.0
2014-10-27	0.016503	0.09073300000000001	0.11091400000000001	0.08737	1.521004	4172900.0
2014-10-24	0.0010949999999999998	0.11821300000000001	0.12136199999999998	0.090515	0.100784	4249700.0
2014-10-23	0.014334999999999999	0.10207100000000001	0.115402	0.10207100000000001	1.301109	4168000.0
2014-10-22	-0.016774	0.091168	0.091384	0.072536	-1.5484850000000001	3564900.0
2014-10-21	0.027223	0.100397	0.122875	0.09817200000000001	2.4464189999999997	3629800.0
2014-10-20	0.008431000000000001	0.087008	0.100586	0.087008	0.751358	3014700.0
2014-10-17	0.017044999999999998	0.100172	0.11318199999999999	0.09800299999999999	1.4935	3617900.0
2014-10-16	-0.008502	0.07893700000000001	0.093987	0.07520299999999999	-0.7513350000000001	5222600.0
2014-10-15	0.006784999999999999	0.082384	0.103118	0.071448	0.595581	4864000.0
2014-10-14	0.011936	0.10037599999999999	0.113173	0.09587999999999999	1.0353700000000001	3283400.0
2014-10-13	-0.011589	0.092296	0.100386	0.078166	-1.017052	3094700.0
2014-10-10	-0.00777	0.09047999999999999	0.099186	0.080983	-0.687195	3595900.0
2014-10-09	-0.016405	0.09249600000000001	0.09249600000000001	0.0717	-1.475219	3100200.0
2014-10-08	0.017733000000000002	0.094779	0.111417	0.08708300000000001	1.566825	3253600.0
2014-10-07	-0.021611000000000002	0.084851	0.084851	0.067577	-1.951645	2962900.0
2014-10-06	-0.002328	0.096687	0.103868	0.087186	-0.21073899999999998	2497900.0
2014-10-03	0.016986	0.097451	0.11317999999999999	0.096328	1.511849	3285200.0
2014-10-02	0.00227	0.092623	0.096564	0.083051	0.20158399999999999	3549800.0
2014-10-01	-0.013937999999999999	0.09305	0.09349400000000001	0.074285	-1.255288	3485900.0
2014-09-30	0.00976	0.091272	0.109548	0.090375	0.8704459999999999	4283200.0
2014-09-29	-0.001436	0.083099	0.090376	0.08086	-0.12828900000000001	2541800.0
2014-09-26	0.009842	0.095794	0.10415999999999999	0.091384	0.870476	2418400.0
2014-09-25	-0.015804	0.090049	0.090049	0.073914	-1.4202270000000001	3310000.0
2014-09-24	0.007809	0.08959	0.101365	0.089366	0.696366	2925200.0
2014-09-23	-0.008356	0.090161	0.094609	0.081487	-0.751358	3636700.0
2014-09-22	-0.013073	0.088311	0.089299	0.07558	-1.1911399999999999	2944800.0
2014-09-19	-0.001907	0.095875	0.099709	0.089303	-0.174087	3901600.0
2014-09-18	0.002415	0.09347000000000001	0.097863	0.09237200000000001	0.219894	2337700.0
2014-09-17	0.014597999999999998	0.100297	0.112775	0.09907200000000001	1.310288	3795600.0
2014-09-16	0.003483	0.096639	0.100216	0.088925	0.311515	2789700.0
2014-09-15	-0.004385	0.091162	0.091162	0.081366	-0.393989	2296200.0
2014-09-12	0.001123	0.093167	0.096622	0.089713	0.10079199999999999	2650900.0
2014-09-11	0.003278	0.083335	0.098875	0.083335	0.293197	2088800.0
2014-09-10	-0.000921	0.089709	0.09239	0.086246	-0.08245	1772500.0
2014-09-09	-0.007214	0.08972100000000001	0.09049700000000001	0.081182	-0.650551	2617400.0
2014-09-08	-0.004451	0.089287	0.092378	0.083436	-0.40316	2159300.0
2014-09-05	0.003961	0.091162	0.096261	0.08684	0.357338	2155100.0
2014-09-04	0.005104	0.091273	0.10363800000000001	0.09093899999999999	0.458137	3352700.0
2014-09-03	0.000204	0.092833	0.09729	0.089156	0.018334	1967100.0
2014-09-02	0.006370000000000001	0.094748	0.102149	0.09329	0.568077	3278100.0
2014-08-29	-0.001129	0.094968	0.096872	0.087688	-0.10079199999999999	2339100.0
2014-08-28	0.000616	0.087013	0.093065	0.086453	0.054977	1946200.0
2014-08-27	-0.000411	0.091048	0.09452100000000001	0.08656699999999999	-0.036659	2690800.0
2014-08-26	-0.004903	0.09160700000000001	0.092164	0.085587	-0.439812	2053200.0
2014-08-25	0.00133	0.097077	0.097412	0.090826	0.11913299999999999	1785500.0
2014-08-22	-0.006504	0.090275	0.092271	0.081625	-0.586426	2569600.0
2014-08-21	-0.003947	0.092047	0.095361	0.085861	-0.35734499999999997	2411400.0
2014-08-20	0.0053939999999999995	0.089941	0.10038	0.089941	0.48565699999999995	2629700.0
2014-08-19	0.006658	0.095856	0.101893	0.09339700000000001	0.595542	2640100.0
2014-08-18	0.007951	0.096455	0.101977	0.09498999999999999	0.7055359999999999	2913200.0
2014-08-15	0.008119	0.099223	0.10228999999999999	0.091271	0.714684	4873500.0
2014-08-14	0.001251	0.095138	0.095479	0.088768	0.10997	2277700.0
2014-08-13	0.0021780000000000002	0.100601	0.10630099999999999	0.09889099999999999	0.191071	2930400.0
2014-08-12	0.003539	0.099005	0.10667	0.09809	0.309371	2356800.0
2014-08-11	0.001355	0.10438900000000001	0.106222	0.099578	0.118271	2971100.0
2014-08-08	0.009364	0.102474	0.110568	0.096924	0.809845	3450800.0
2014-08-07	-0.007104000000000001	0.099923	0.106697	0.089706	-0.6187590000000001	3779000.0
2014-08-06	-0.008081999999999999	0.092173	0.093198	0.08442899999999999	-0.709709	4037300.0
2014-08-05	-0.006895	0.095386	0.102624	0.087131	-0.609657	2973200.0
2014-08-04	0.001546	0.101497	0.105575	0.09187000000000001	0.13649	2882900.0
2014-08-01	-0.000618	0.094251	0.102401	0.088025	-0.054581	3345700.0
2014-07-31	-0.022747999999999997	0.08871799999999999	0.093585	0.07323099999999999	-2.056419	3853400.0
2014-07-30	0.004956	0.103341	0.10901	0.091557	0.445854	3948900.0
2014-07-29	-0.037015	0.06603300000000001	0.067853	0.05821799999999999	-3.4576800000000003	8905800.0
2014-07-28	-0.008786	0.097307	0.097625	0.082345	-0.828033	2521000.0
2014-07-25	-0.004995	0.09552100000000001	0.100694	0.092142	-0.47313	1192100.0
2014-07-24	-0.002396	0.09752999999999999	0.10132200000000001	0.09384400000000001	-0.227485	1274500.0
2014-07-23	-0.00134	0.099531	0.102266	0.096691	-0.12737300000000001	1138300.0
2014-07-22	0.004036	0.10122300000000001	0.109355	0.100589	0.382156	1471600.0
2014-07-21	0.0023120000000000003	0.096147	0.105886	0.094559	0.21837600000000001	1766800.0
2014-07-18	0.011398	0.102645	0.11153199999999999	0.101039	1.064598	1943700.0
2014-07-17	-0.017891	0.093327	0.095956	0.078081	-1.701538	2842600.0
2014-07-16	0.002205	0.100691	0.10743499999999999	0.098584	0.209275	2309200.0
2014-07-15	0.00812	0.099218	0.108779	0.09666799999999999	0.764335	2201800.0
2014-07-14	0.008973	0.10297100000000001	0.11176099999999999	0.102328	0.8371280000000001	2054900.0
2014-07-11	0.0043100000000000005	0.09922	0.107725	0.098574	0.400345	1559100.0
2014-07-10	-0.008642	0.090254	0.093349	0.087906	-0.809822	1597300.0
2014-07-09	0.000778	0.10306400000000002	0.10349100000000001	0.094947	0.072799	1188800.0
2014-07-08	-0.003293	0.097728	0.097728	0.08655	-0.309372	2299300.0
2014-07-07	-0.006161	0.09963999999999999	0.099746	0.089166	-0.582336	1700200.0
2014-07-03	0.003187	0.10080900000000001	0.10335599999999999	0.099005	0.300255	1269200.0
2014-07-02	0.006806	0.097402	0.106592	0.097402	0.636947	2175100.0
2014-07-01	0.0018510000000000002	0.106927	0.10799700000000001	0.098898	0.172875	1496700.0
2014-06-30	-0.000487	0.0974	0.10093099999999999	0.092799	-0.045487	2069400.0
2014-06-27	0.000682	0.098148	0.101789	0.09536499999999999	0.063691	2370200.0
2014-06-26	0.002246	0.097717	0.102654	0.09063500000000001	0.20928200000000002	1557900.0
2014-06-25	0.006684000000000001	0.098465	0.10808	0.09662799999999999	0.618744	1575500.0
2014-06-24	-0.007125	0.095358	0.10254500000000001	0.090961	-0.664231	1685000.0
2014-06-23	-0.00039	0.101471	0.10307899999999999	0.089784	-0.036407	1768300.0
2014-06-20	0.0012699999999999999	0.09954199999999999	0.10394400000000001	0.098683	0.11829300000000001	3193900.0
2014-06-19	-0.004086	0.09815	0.10092999999999999	0.092055	-0.382171	2159300.0
2014-06-18	0.011613	0.109929	0.11382300000000001	0.099979	1.073707	4459900.0
2014-06-17	0.00425	0.09715900000000001	0.104653	0.091836	0.39127399999999996	2057800.0
2014-06-16	0.001485	0.097591	0.10216	0.093566	0.136475	1918400.0
2014-06-13	0.0013880000000000001	0.100094	0.10575899999999999	0.098025	0.127388	1942300.0
2014-06-12	-0.015707	0.098362	0.099327	0.081207	-1.464966	3116800.0
2014-06-11	-0.0039840000000000006	0.095481	0.100287	0.09249099999999999	-0.373055	2106000.0
2014-06-10	-0.005604	0.09539500000000001	0.097518	0.089554	-0.527748	2578100.0
2014-06-09	-0.000965	0.09698899999999999	0.103673	0.096353	-0.09099600000000001	3199000.0
2014-06-06	-0.00029	0.10027799999999999	0.101444	0.09698999999999999	-0.027313	2103700.0
2014-06-05	0.006313	0.102848	0.106156	0.099005	0.591461	2514900.0
2014-06-04	-0.004448	0.09858	0.099749	0.090186	-0.418571	2822100.0
2014-06-03	-0.0062450000000000006	0.09721	0.09985	0.08834	-0.591439	2319200.0
2014-06-02	0.001925	0.10165	0.103449	0.09604299999999999	0.18199200000000001	2914100.0
2014-05-30	-0.00173	0.098372	0.09995599999999999	0.095414	-0.16378800000000002	2627800.0
2014-05-29	0.006285	0.104531	0.107188	0.099217	0.5914229999999999	1890700.0
2014-05-28	0.002327	0.102201	0.105397	0.09975099999999999	0.21840700000000002	1866200.0
2014-05-27	0.0042829999999999995	0.101466	0.107029	0.101145	0.400345	1982500.0
2014-05-23	0.010525	0.098789	0.11284300000000001	0.097924	0.9736100000000001	1867600.0
2014-05-22	-0.000786	0.097817	0.099437	0.094576	-0.072785	2316600.0
2014-05-21	0.012036	0.100754	0.112561	0.100754	1.100991	2017500.0
2014-05-20	-0.008482	0.098355	0.101065	0.086215	-0.782525	2090000.0
2014-05-19	0.000592	0.096077	0.102042	0.095968	0.054581	1455500.0
2014-05-16	0.00866	0.100756	0.10928900000000001	0.099224	0.791641	2278100.0
2014-05-15	-0.008976999999999999	0.09867999999999999	0.101499	0.08632100000000001	-0.828025	4405800.0
2014-05-14	-0.0045850000000000005	0.104974	0.104974	0.094614	-0.424843	3410500.0
2014-05-13	0.009851	0.108885	0.11945599999999999	0.107904	0.9039379999999999	3687500.0
2014-05-12	0.017542	0.10893	0.125675	0.10826500000000001	1.5818860000000001	2861300.0
2014-05-09	0.007779	0.10716300000000001	0.11744500000000001	0.104928	0.696038	2340500.0
2014-05-08	0.0016190000000000002	0.105933	0.11320899999999999	0.104254	0.14463	2246500.0
2014-05-07	0.01489	0.111154	0.12330999999999999	0.108768	1.310722	1922900.0
2014-05-06	-0.0058189999999999995	0.10344500000000001	0.10604300000000001	0.099379	-0.515258	1876200.0
2014-05-05	-0.006189	0.10301400000000001	0.10323800000000001	0.09549400000000001	-0.5514	2390200.0
2014-05-02	0.004587	0.105931	0.118334	0.105254	0.406762	2280300.0
2014-05-01	-0.003959000000000001	0.106269	0.107392	0.098969	-0.352532	2383600.0
2014-04-30	0.005	0.108075	0.115186	0.105253	0.442932	2546500.0
2014-04-29	-0.0025440000000000003	0.10694400000000001	0.11133499999999999	0.10266600000000001	-0.22598200000000002	2803100.0
2014-04-28	0.00883	0.110812	0.11853599999999999	0.106723	0.777397	3387400.0
2014-04-25	-0.012570999999999999	0.102904	0.10739100000000001	0.090119	-1.1208879999999999	2708900.0
2014-04-24	-0.006046	0.104708	0.1124	0.09802000000000001	-0.542374	3568400.0
2014-04-23	0.002424	0.10615699999999999	0.11576700000000001	0.10381099999999999	0.21695	3132800.0
2014-04-22	0.001011	0.10906500000000001	0.11175	0.10515	0.090393	2156400.0
2014-04-21	0.009184000000000001	0.10897799999999999	0.11733199999999999	0.105366	0.813545	2660400.0
2014-04-17	0.006677	0.10286	0.11501900000000001	0.10001900000000001	0.5875630000000001	3261200.0
2014-04-16	0.016392	0.11342999999999999	0.124633	0.107655	1.419166	3636500.0
2014-04-15	-0.0032259999999999997	0.109838	0.11191	0.098901	-0.28020500000000004	6511200.0
2014-04-14	-0.00187	0.11293399999999999	0.115692	0.10017899999999999	-0.162704	3179700.0
2014-04-11	-0.0037259999999999997	0.10386500000000001	0.10935999999999998	0.101232	-0.325417	2899400.0
2014-04-10	-0.012468	0.1074	0.10943499999999999	0.090215	-1.102798	3962800.0
2014-04-09	0.004414	0.10729100000000001	0.114104	0.103317	0.388687	2984800.0
2014-04-08	0.000616	0.10342799999999999	0.111382	0.100133	0.054229999999999993	3315400.0
2014-04-07	-0.007543000000000001	0.109088	0.10999	0.09769800000000001	-0.6689229999999999	2899300.0
2014-04-04	-0.004263	0.110424	0.116263	0.09751	-0.379654	2958400.0
2014-04-03	0.005614	0.10739800000000001	0.11586700000000001	0.10638199999999999	0.49717799999999995	2182600.0
2014-04-02	0.0064719999999999995	0.10763299999999999	0.11661099999999999	0.106951	0.569473	3117400.0
2014-04-01	-0.000411	0.11035899999999998	0.11104000000000001	0.102975	-0.036141	2552200.0
2014-03-31	0.000411	0.10910999999999998	0.111042	0.10331400000000002	0.036141	2397600.0
2014-03-28	0.0029879999999999998	0.10740899999999999	0.11459000000000001	0.10661099999999998	0.26213800000000004	1937100.0
2014-03-27	0.003101	0.107412	0.11015699999999999	0.100552	0.271187	2846100.0
2014-03-26	-0.009216	0.110234	0.112953	0.095733	-0.81353	3253100.0
2014-03-25	0.0031850000000000003	0.109224	0.113883	0.10604200000000001	0.28020500000000004	2308300.0
2014-03-24	0.004956	0.10866700000000001	0.113122	0.100216	0.43389099999999997	3500000.0
2014-03-21	-0.000516	0.115515	0.119282	0.10318699999999999	-0.045204	4303700.0
2014-03-20	-0.000412	0.10444300000000001	0.106269	0.098053	-0.03614	1941700.0
2014-03-19	-0.004722	0.10774500000000001	0.112856	0.094571	-0.415825	2511300.0
2014-03-18	0.00433	0.104672	0.11573599999999999	0.104672	0.379661	2023100.0
2014-03-17	0.007479	0.11235899999999999	0.11868	0.111785	0.650841	2130500.0
2014-03-14	-0.008548	0.10604100000000001	0.10775	0.094648	-0.750267	4129300.0
2014-03-13	-0.014412999999999999	0.10963800000000001	0.110873	0.084485	-1.283608	4769500.0
2014-03-12	0.002136	0.102781	0.10942	0.09704199999999999	0.189835	2625300.0
2014-03-11	-0.0043549999999999995	0.10918199999999999	0.10996600000000001	0.09932300000000001	-0.38869499999999996	2583500.0
2014-03-10	0.005294	0.106044	0.112238	0.10379100000000001	0.47004700000000005	2630100.0
2014-03-07	0.003679	0.11079100000000001	0.116896	0.107852	0.325447	2741400.0
2014-03-06	0.008034	0.109574	0.116639	0.10718	0.705033	3229100.0
2014-03-05	0.001031	0.10649700000000001	0.110832	0.104216	0.090416	2444900.0
2014-03-04	0.012528000000000001	0.114007	0.12267	0.113776	1.084701	3310100.0
2014-03-03	0.000105	0.100378	0.106616	0.09518	0.009056	3013500.0
2014-02-28	0.002303	0.10476400000000001	0.115416	0.10048	0.198876	4097100.0
2014-02-27	0.003676	0.10475799999999999	0.111382	0.102783	0.316368	2681600.0
2014-02-26	-0.0026190000000000002	0.106848	0.11090499999999999	0.10001	-0.22599	2915700.0
2014-02-25	-0.005211	0.10672999999999999	0.109036	0.09819800000000001	-0.451966	3291400.0
2014-02-24	-0.0016649999999999998	0.10742	0.116513	0.104082	-0.144623	2762600.0
2014-02-21	0.004599	0.109507	0.11852599999999999	0.10765699999999999	0.39773600000000003	3422600.0
2014-02-20	0.012274	0.110249	0.126519	0.101704	1.048569	4908700.0
2014-02-19	-0.013577	0.1088	0.11272599999999999	0.097254	-1.175827	4445200.0
2014-02-18	-0.007712999999999999	0.11308	0.12178800000000001	0.101967	-0.67318	3037500.0
2014-02-14	0.0070420000000000005	0.11284200000000001	0.123457	0.110996	0.610344	3304300.0
2014-02-13	0.005519	0.110167	0.122349	0.107267	0.47572299999999995	2376400.0
2014-02-12	-0.001352	0.113996	0.12106300000000002	0.110752	-0.116699	2471300.0
2014-02-11	0.015094999999999999	0.113876	0.134575	0.113876	1.283531	3264600.0
2014-02-10	-0.006711	0.11270999999999999	0.11516300000000002	0.10348099999999999	-0.57444	4233800.0
2014-02-07	0.00665	0.120697	0.124225	0.11211199999999999	0.565476	2889700.0
2014-02-06	0.010452	0.118746	0.12801400000000002	0.11708199999999999	0.8796229999999999	4195600.0
2014-02-05	-0.001385	0.11363699999999999	0.119333	0.109484	-0.116684	4591300.0
2014-02-04	0.002884	0.1203	0.121371	0.10899400000000001	0.242348	3537300.0
2014-02-03	-0.016906	0.11259100000000001	0.12218399999999999	0.094106	-1.445091	5448600.0
2014-01-31	-0.005742000000000001	0.098874	0.11632200000000001	0.093639	-0.49366800000000005	4082600.0
2014-01-30	0.00472	0.130356	0.133629	0.117851	0.403893	4010000.0
2014-01-29	-0.0050100000000000006	0.110739	0.11632100000000001	0.104111	-0.430817	4554500.0
2014-01-28	0.006725	0.11575	0.12160399999999999	0.11411099999999999	0.574425	3881700.0
2014-01-27	-0.012042	0.11191400000000001	0.11746500000000001	0.098845	-1.041184	4973700.0
2014-01-24	-0.016438	0.110016	0.111268	0.095228	-1.445083	5251600.0
2014-01-23	-0.010607	0.107359	0.109047	0.09858	-0.9424600000000001	4255100.0
2014-01-22	0.004261	0.12190999999999999	0.12304100000000001	0.11332	0.37698400000000004	3234100.0
2014-01-21	-0.013412	0.120245	0.12169400000000001	0.08768300000000001	-1.2027430000000001	5783200.0
2014-01-17	-0.005772	0.081073	0.11211600000000001	0.075419	-0.5206069999999999	10135500.0
2014-01-16	-0.005542	0.111135	0.11433199999999999	0.10363800000000001	-0.502633	2603900.0
2014-01-15	0.001189	0.11731300000000001	0.11974100000000001	0.11168299999999999	0.107697	2027700.0
2014-01-14	0.006984000000000001	0.11555599999999999	0.12255899999999999	0.10744200000000001	0.628296	3620300.0
2014-01-13	-0.022337	0.104548	0.11422	0.087052	-2.0554349999999997	3510100.0
2014-01-10	0.003917	0.115748	0.11978499999999999	0.105493	0.359031	3499500.0
2014-01-09	0.0011769999999999999	0.11706099999999998	0.12000999999999999	0.10897799999999999	0.10771199999999999	2352000.0
2014-01-08	-0.000784	0.114548	0.11629400000000001	0.106799	-0.071815	3024400.0
2014-01-07	0.003243	0.115097	0.126594	0.114659	0.296196	3385700.0
2014-01-06	-0.012998	0.118867	0.12038	0.09401	-1.202752	3884800.0
2014-01-03	-0.002226	0.115837	0.120797	0.1112	-0.206443	3719600.0
2014-01-02	-0.016749	0.10934	0.11230899999999999	0.09015	-1.5797350000000001	2799700.0
2013-12-31	0.001525	0.114324	0.11889000000000001	0.111457	0.14360799999999999	1778400.0
2013-12-30	0.0019100000000000002	0.116558	0.117729	0.112728	0.179527	1479800.0
2013-12-27	0.000478	0.117624	0.11858199999999999	0.11315399999999999	0.044884	3433500.0
2013-12-26	0.00201	0.11293800000000001	0.11880399999999999	0.109632	0.188477	2108300.0
2013-12-24	0.00481	0.115933	0.119899	0.11368299999999999	0.448791	904500.0
2013-12-23	0.006097	0.119179	0.12209	0.115405	0.5654680000000001	2155500.0
2013-12-20	0.001454	0.114651	0.129012	0.112168	0.134643	8363500.0
2013-12-19	0.0019420000000000001	0.11140699999999999	0.116924	0.10783699999999999	0.179505	2508600.0
2013-12-18	0.009806	0.11575	0.125692	0.106027	0.897583	4224900.0
2013-12-17	-0.001468	0.115203	0.11923900000000001	0.10931199999999999	-0.134613	3190600.0
2013-12-16	0.007398	0.116969	0.12532100000000002	0.11685899999999999	0.673179	3116600.0
2013-12-13	0.004259000000000001	0.11521500000000001	0.12316099999999999	0.110801	0.385941	2712600.0
2013-12-12	0.000793	0.112897	0.120959	0.112897	0.07180800000000001	2303200.0
2013-12-11	-0.008454000000000001	0.116521	0.11794500000000001	0.102503	-0.7719189999999999	3010000.0
2013-12-10	-0.00596	0.112043	0.114874	0.105511	-0.547516	2199300.0
2013-12-09	-0.0008789999999999999	0.120529	0.120746	0.109108	-0.08077999999999999	2373400.0
2013-12-06	0.007872	0.122333	0.128253	0.11750999999999999	0.718071	3723900.0
2013-12-05	-0.0008849999999999999	0.11126400000000002	0.118055	0.11126400000000002	-0.080788	2230900.0
2013-12-04	-0.001766	0.113784	0.117829	0.101538	-0.16156800000000002	2249300.0
2013-12-03	-0.004202	0.115418	0.11901099999999999	0.104966	-0.38597800000000004	2600100.0
2013-12-02	-0.000488	0.1115	0.11977	0.111391	-0.044846	2336900.0
2013-11-29	-0.00156	0.11585	0.11954400000000001	0.112265	-0.143623	1281700.0
2013-11-27	0.002444	0.114221	0.11988399999999999	0.111171	0.22439499999999998	1879700.0
2013-11-26	0.010570999999999999	0.115212	0.126549	0.115212	0.9603889999999999	3997300.0
2013-11-25	-0.007451999999999999	0.11651500000000001	0.116843	0.10548099999999999	-0.6821520000000001	2219000.0
2013-11-22	0.008405	0.11752699999999999	0.123696	0.11113699999999999	0.762947	2014300.0
2013-11-21	0.009987000000000001	0.116671	0.126796	0.11489	0.897583	2262600.0
2013-11-20	-0.0058579999999999995	0.11543900000000001	0.11654500000000001	0.10736400000000001	-0.529587	2128400.0
2013-11-19	-0.005529	0.11301199999999999	0.11499200000000001	0.105531	-0.502624	2447200.0
2013-11-18	0.003368	0.117092	0.123052	0.114443	0.305168	2448900.0
2013-11-15	-0.000297	0.11554600000000001	0.118525	0.10727	-0.026931999999999998	4083600.0
2013-11-14	0.005477	0.117995	0.12675899999999998	0.112447	0.493683	6082800.0
2013-11-13	0.012222	0.114476	0.134915	0.11346600000000001	1.088295	3862700.0
2013-11-12	0.005439	0.117151	0.130023	0.115119	0.48172	3549900.0
2013-11-11	-0.0034130000000000002	0.119752	0.12301600000000001	0.115026	-0.303292	4214600.0
2013-11-08	0.010447	0.11974000000000001	0.135544	0.119626	0.918839	3886000.0
2013-11-07	-0.005146	0.12574100000000002	0.130379	0.114656	-0.45496400000000004	2961400.0
2013-11-06	-0.011964	0.121102	0.124231	0.104002	-1.0704879999999999	4088400.0
2013-11-05	0.0042049999999999995	0.11515399999999999	0.129857	0.111226	0.37468	3912700.0
2013-11-04	0.016901	0.12726700000000002	0.140164	0.12578399999999998	1.4808350000000001	3009600.0
2013-11-01	-0.000204	0.121447	0.127608	0.115399	-0.017838	2944500.0
2013-10-31	-0.000407	0.116085	0.129088	0.110268	-0.035705	4213200.0
2013-10-30	-0.000305	0.11985	0.12646300000000002	0.117569	-0.026749000000000002	3975200.0
2013-10-29	0.005522999999999999	0.121564	0.128328	0.10826400000000001	0.481735	6452700.0
2013-10-28	0.022591	0.11911400000000001	0.158157	0.11911400000000001	1.9268419999999997	5926700.0
2013-10-25	0.011853	0.14685299999999998	0.150768	0.117075	0.999123	5203400.0
2013-10-24	0.005748	0.123734	0.138291	0.123734	0.48172	4802700.0
2013-10-23	0.0019199999999999998	0.118001	0.124098	0.114415	0.160576	2654400.0
2013-10-22	-0.00010700000000000001	0.123142	0.133661	0.11943599999999999	-0.008919	3000900.0
2013-10-21	0.008387	0.122195	0.132321	0.120146	0.695808	3778800.0
2013-10-18	0.011748999999999999	0.125746	0.13428299999999999	0.121234	0.96344	3168500.0
2013-10-17	0.00646	0.11951700000000001	0.12933699999999998	0.117308	0.5263140000000001	1954900.0
2013-10-16	0.01163	0.12446700000000001	0.135766	0.123722	0.9366610000000001	2607500.0
2013-10-15	-0.0008849999999999999	0.12123800000000001	0.135877	0.11875699999999999	-0.071358	3144200.0
2013-10-14	-0.004517	0.11567999999999999	0.119879	0.11333299999999999	-0.365738	2283200.0
2013-10-11	0.005427	0.120121	0.127447	0.120121	0.437096	1825800.0
2013-10-10	0.017813	0.129584	0.141464	0.123644	1.409485	2540900.0
2013-10-09	-0.0025859999999999998	0.124141	0.125024	0.11493900000000001	-0.20518499999999998	2455300.0
2013-10-08	-0.012218000000000001	0.119123	0.122609	0.10692	-0.9812629999999999	2149200.0
2013-10-07	-0.010659	0.111258	0.115324	0.10288199999999999	-0.865318	1707200.0
2013-10-04	0.009989	0.12173599999999998	0.133183	0.11526700000000001	0.8028489999999999	2253700.0
2013-10-03	-0.012927000000000001	0.118657	0.119394	0.10281400000000002	-1.052635	3168000.0
2013-10-02	-0.005664	0.114396	0.116594	0.109023	-0.463875	2558900.0
2013-10-01	0.004706	0.121726	0.126879	0.12099000000000001	0.38359099999999996	1800900.0
2013-09-30	0.001315	0.11411099999999999	0.128607	0.11116199999999998	0.107055	2436600.0
2013-09-27	-0.005991	0.117327	0.119769	0.108168	-0.490646	2390500.0
2013-09-26	0.008791	0.123207	0.13084500000000002	0.121852	0.713661	2734300.0
2013-09-25	-0.002849	0.12013	0.124429	0.11362	-0.23194099999999998	2544100.0
2013-09-24	-0.00032900000000000003	0.11988499999999999	0.12958599999999998	0.11792000000000001	-0.026764	2931200.0
2013-09-23	-0.0028399999999999996	0.12062300000000001	0.12147999999999999	0.106419	-0.231934	3229200.0
2013-09-20	-0.0016359999999999999	0.121235	0.126124	0.11768900000000002	-0.133812	5317500.0
2013-09-19	0.008024	0.120743	0.134298	0.11901800000000001	0.6512	3140800.0
2013-09-18	0.012015000000000001	0.12223699999999998	0.13608	0.119244	0.9634469999999999	4019200.0
2013-09-17	0.0033490000000000004	0.121366	0.12862300000000002	0.11673599999999999	0.26763200000000004	2355900.0
2013-09-16	0.010489	0.13692100000000001	0.14311600000000002	0.131864	0.8296049999999999	3454700.0
2013-09-13	0.00079	0.123268	0.126052	0.119092	0.062462000000000004	1553100.0
2013-09-12	-0.0018030000000000001	0.122379	0.127558	0.11783199999999999	-0.142746	2187900.0
2013-09-11	0.0077209999999999996	0.121244	0.131682	0.119208	0.606598	2763900.0
2013-09-10	0.010789	0.12678	0.134756	0.125236	0.838562	2828000.0
2013-09-09	0.004265	0.123057	0.12758	0.12202400000000001	0.330063	2099100.0
2013-09-06	-0.000576	0.12421800000000001	0.128351	0.111305	-0.044601999999999996	1861500.0
2013-09-05	0.0030039999999999997	0.120861	0.130186	0.11969500000000001	0.231934	1429700.0
2013-09-04	0.006864	0.122425	0.134553	0.119947	0.526321	2187600.0
2013-09-03	0.0044399999999999995	0.129504	0.13304100000000002	0.12256199999999999	0.338974	2006800.0
2013-08-30	-0.001517	0.121644	0.123867	0.11405799999999999	-0.11595899999999999	2471100.0
2013-08-29	0.000817	0.118896	0.133163	0.11706300000000001	0.062453999999999996	1571600.0
2013-08-28	-0.00233	0.120598	0.124124	0.117725	-0.17841300000000002	1964400.0
2013-08-27	-0.015596	0.111606	0.112891	0.10042100000000001	-1.213219	3425100.0
2013-08-26	0.000344	0.120733	0.130892	0.120733	0.026756	2208100.0
2013-08-23	0.002415	0.120474	0.12717799999999999	0.11982999999999999	0.18734	1805000.0
2013-08-22	0.010106	0.12112	0.136746	0.11968800000000002	0.776108	2872900.0
2013-08-21	-0.002434	0.12047000000000001	0.12488699999999998	0.11579400000000001	-0.187347	4179700.0
2013-08-20	0.0025559999999999997	0.121251	0.129715	0.11877599999999999	0.196258	2205300.0
2013-08-19	0.000349	0.11786300000000001	0.12359500000000001	0.116952	0.026756	2682500.0
2013-08-16	0.001047	0.119425	0.127771	0.119295	0.080292	2822900.0
2013-08-15	-0.010019	0.11401900000000001	0.114406	0.1024	-0.776085	4775800.0
2013-08-14	-0.002964	0.12603399999999998	0.130024	0.124232	-0.23029299999999997	2435400.0
2013-08-13	-0.000684	0.130152	0.131953	0.123849	-0.05315399999999999	2384900.0
2013-08-12	-0.00045599999999999997	0.124751	0.130537	0.123723	-0.035454	2160900.0
2013-08-09	-0.003518	0.128995	0.131044	0.12182	-0.27455100000000005	1828100.0
2013-08-08	0.002731	0.132849	0.136703	0.12809500000000001	0.21257800000000002	2029200.0
2013-08-07	-0.000796	0.125529	0.12938	0.121421	-0.061997000000000003	2039900.0
2013-08-06	0.001024	0.12848099999999998	0.13965999999999998	0.127324	0.079712	2700700.0
2013-08-05	-0.000682	0.125271	0.133489	0.124885	-0.053139	2086500.0
2013-08-02	-0.001363	0.123993	0.128353	0.12065899999999999	-0.1063	2253200.0
2013-08-01	0.014286000000000002	0.136408	0.150976	0.136278	1.09832	2942300.0
2013-07-31	0.0045130000000000005	0.128602	0.145065	0.128602	0.345436	3386300.0
2013-07-30	-0.004608	0.130555	0.134326	0.12236199999999998	-0.35430900000000004	3191400.0
2013-07-29	-0.002069	0.12588	0.129773	0.124322	-0.159401	2786000.0
2013-07-26	0.001843	0.123924	0.132635	0.12145299999999999	0.141708	2820600.0
2013-07-25	-0.001725	0.12808599999999998	0.13172	0.12016800000000001	-0.132873	3190500.0
2013-07-24	-0.006056000000000001	0.133381	0.13609000000000002	0.121125	-0.469444	3720300.0
2013-07-23	-0.001141	0.13028299999999998	0.13402	0.116623	-0.088562	3141600.0
2013-07-22	-0.005336	0.125662	0.129635	0.120407	-0.41630600000000006	2946200.0
2013-07-19	0.002618	0.12976600000000002	0.132079	0.123083	0.203728	3172000.0
2013-07-18	0.013849	0.129907	0.150623	0.128604	1.062889	4752400.0
2013-07-17	0.007792	0.134772	0.13963	0.13254000000000002	0.593437	3185700.0
2013-07-16	0.005849	0.12925799999999998	0.136655	0.12595699999999999	0.442871	4152400.0
2013-07-15	-0.007431	0.122571	0.131485	0.12021099999999998	-0.566871	6194200.0
2013-07-12	-0.058283	0.068996	0.08023	0.055416	-4.720986	15335100.0
2013-07-11	0.013409	0.141631	0.14826199999999998	0.139254	1.071747	3446700.0
2013-07-10	0.005683	0.127736	0.145351	0.125094	0.45170600000000005	3625400.0
2013-07-09	0.015619999999999998	0.1327	0.16336900000000001	0.1327	1.222336	5645300.0
2013-07-08	0.009253	0.134927	0.14498699999999998	0.132993	0.717453	2852500.0
2013-07-05	0.016017	0.13580799999999998	0.14943599999999999	0.135153	1.222313	1994800.0
2013-07-03	-0.005196	0.125475	0.1273	0.118957	-0.39859	1223300.0
2013-07-02	-0.005055	0.126789	0.134571	0.118878	-0.389733	2127800.0
2013-07-01	0.006591	0.134739	0.144269	0.13408599999999998	0.504891	2556200.0
2013-06-28	-0.007004000000000001	0.127439	0.13379100000000002	0.120957	-0.5403220000000001	3271100.0
2013-06-27	0.007753	0.13683299999999998	0.140491	0.131607	0.593453	3002700.0
2013-06-26	0.008166	0.136765	0.144799	0.135448	0.620033	2291800.0
2013-06-25	0.0052770000000000004	0.136277	0.13919	0.12925899999999999	0.39859	2661300.0
2013-06-24	-0.001639	0.12330999999999999	0.140627	0.119609	-0.12401600000000002	3472300.0
2013-06-21	0.0061259999999999995	0.13830399999999998	0.141895	0.129261	0.460617	4676900.0
2013-06-20	-0.017136000000000002	0.121805	0.12206600000000001	0.10298199999999999	-1.310928	4213900.0
2013-06-19	-0.012124	0.130157	0.131965	0.114532	-0.938881	3027000.0
2013-06-18	0.010284	0.132386	0.14569300000000002	0.131995	0.788307	2916200.0
2013-06-17	0.007333	0.135959	0.14069	0.129651	0.558014	3198600.0
2013-06-14	-0.00475	0.12781700000000001	0.135403	0.119447	-0.363144	2505600.0
2013-06-13	0.009472	0.128994	0.141801	0.12371300000000002	0.717438	2282000.0
2013-06-12	-0.0016350000000000002	0.136508	0.13914400000000002	0.122272	-0.124001	2771200.0
2013-06-11	-0.008107	0.121019	0.127687	0.117881	-0.6200180000000001	2478600.0
2013-06-10	-0.00023199999999999997	0.131217	0.131609	0.123374	-0.017715	2101600.0
2013-06-07	0.018994999999999998	0.13498800000000002	0.152171	0.133523	1.426056	4231900.0
2013-06-06	-0.0023539999999999998	0.125672	0.13019	0.118895	-0.177162	3918000.0
2013-06-05	-0.011633	0.126499	0.128338	0.11218299999999999	-0.885742	4156200.0
2013-06-04	-0.0033619999999999995	0.128994	0.136717	0.122842	-0.256859	3454900.0
2013-06-03	0.004075	0.1286	0.135829	0.125314	0.31001300000000004	4186800.0
2013-05-31	-0.005327	0.128471	0.134485	0.12258800000000002	-0.407464	4082000.0
2013-05-30	0.00023199999999999997	0.12991	0.13461700000000001	0.128602	0.017738999999999998	2882600.0
2013-05-29	-0.004726	0.12378900000000001	0.127172	0.12001500000000001	-0.363159	3306300.0
2013-05-28	-0.000921	0.134196	0.137706	0.12288299999999999	-0.070855	4191300.0
2013-05-24	-0.005497999999999999	0.12136500000000001	0.12369300000000001	0.116969	-0.425155	3587400.0
2013-05-23	-0.009417	0.12207799999999999	0.124768	0.11439200000000001	-0.735161	5157400.0
2013-05-22	-0.007209	0.128359	0.138659	0.11615	-0.5668949999999999	4191600.0
2013-05-21	0.002597	0.128995	0.140087	0.128485	0.203728	2907300.0
2013-05-20	-0.001691	0.127976	0.130904	0.12453900000000001	-0.132873	2640000.0
2013-05-17	0.009676	0.130408	0.140432	0.129252	0.752899	3440500.0
2013-05-16	-0.008465	0.12631900000000001	0.129632	0.117526	-0.664299	3115400.0
2013-05-15	0.002262	0.128228	0.132698	0.12516300000000002	0.17713099999999998	3534400.0
2013-05-14	0.004089	0.13181600000000002	0.137715	0.13053299999999998	0.318871	3233400.0
2013-05-13	-0.003396	0.12643900000000002	0.12950599999999998	0.12209300000000001	-0.265717	1858700.0
2013-05-10	0.001247	0.128099	0.13667200000000002	0.127459	0.09742	2604900.0
2013-05-09	-0.002036	0.130144	0.13652899999999998	0.124142	-0.159424	4937000.0
2013-05-08	0.004173	0.13345	0.153582	0.126397	0.325447	6309100.0
2013-05-07	0.018612	0.142006	0.16186	0.140438	1.4248969999999999	4853800.0
2013-05-06	0.011035	0.13744	0.156193	0.136648	0.835609	3259000.0
2013-05-03	0.008907	0.144906	0.15223399999999998	0.143174	0.66848	3471700.0
2013-05-02	0.006013	0.137046	0.14535599999999999	0.13664400000000002	0.44856999999999997	3566400.0
2013-05-01	-0.011883	0.136647	0.137707	0.121151	-0.8971629999999999	3372200.0
2013-04-30	-0.004984000000000001	0.138493	0.138493	0.12821400000000002	-0.378212	4296400.0
2013-04-29	0.006534000000000001	0.137708	0.14686	0.135453	0.49256099999999997	3000300.0
2013-04-26	0.0033950000000000004	0.136113	0.14436500000000002	0.133052	0.25507399999999997	3266300.0
2013-04-25	0.022994	0.15120799999999998	0.169317	0.14617	1.688782	4825000.0
2013-04-24	-0.002866	0.137726	0.139627	0.128494	-0.211106	4387400.0
2013-04-23	0.005765	0.13855	0.14687999999999998	0.133498	0.42218	3729400.0
2013-04-22	0.003254	0.137186	0.14294	0.126637	0.237519	3410400.0
2013-04-19	0.007527	0.141191	0.151543	0.137464	0.545334	3115200.0
2013-04-18	-0.001818	0.144214	0.146143	0.12905899999999998	-0.131928	4188900.0
2013-04-17	-0.008412000000000001	0.132403	0.133906	0.121474	-0.6157229999999999	3113900.0
2013-04-16	0.009829000000000001	0.143258	0.148225	0.138154	0.712479	2365500.0
2013-04-15	-0.020561000000000003	0.134615	0.136236	0.112995	-1.521683	3678000.0
2013-04-12	-0.002135	0.13462000000000002	0.137721	0.13097899999999998	-0.158317	2491500.0
2013-04-11	-0.002838	0.138256	0.13987	0.131668	-0.211098	3788200.0
2013-04-10	0.012089	0.13936099999999998	0.154193	0.138545	0.888367	3446100.0
2013-04-09	0.0038450000000000003	0.1406	0.14497100000000002	0.13335999999999998	0.281471	3164600.0
2013-04-08	-0.003711	0.137048	0.13908900000000002	0.127521	-0.27268200000000004	3057900.0
2013-04-05	-0.001553	0.125226	0.136504	0.11870399999999999	-0.114327	3031000.0
2013-04-04	0.004079999999999999	0.138685	0.144143	0.13609300000000002	0.29904200000000003	2730700.0
2013-04-03	-0.00703	0.138131	0.13908	0.12593800000000002	-0.518936	4010900.0
2013-04-02	-0.006511	0.128432	0.135297	0.125875	-0.48377200000000004	4133000.0
2013-04-01	-0.016648	0.13572	0.137573	0.116132	-1.2578129999999998	2959800.0
2013-03-28	0.005502	0.133319	0.143566	0.131323	0.413437	3498300.0
2013-03-27	0.004586	0.13423800000000002	0.143596	0.131698	0.34301	2611500.0
2013-03-26	0.005082	0.14013699999999998	0.143227	0.135702	0.378212	3184600.0
2013-03-25	-0.0017699999999999999	0.13986300000000002	0.140533	0.128193	-0.131935	4080300.0
2013-03-22	0.021205	0.141021	0.16239	0.14060999999999998	1.548065	4667000.0
2013-03-21	-0.012258	0.133665	0.138535	0.11851099999999999	-0.905968	5824100.0
2013-03-20	-0.012341	0.124752	0.13530799999999998	0.120208	-0.9235610000000001	5285400.0
2013-03-19	-0.004097	0.13864200000000002	0.142502	0.128794	-0.307823	3640300.0
2013-03-18	-0.000468	0.128133	0.138907	0.12520599999999998	-0.035202	3374300.0
2013-03-15	-0.0018679999999999999	0.13053900000000002	0.13731	0.128282	-0.140724	5015600.0
2013-03-14	0.0052829999999999995	0.137446	0.143852	0.13691199999999998	0.39579000000000003	3410800.0
2013-03-13	0.007690000000000001	0.13691199999999998	0.147537	0.136239	0.571739	2885700.0
2013-03-12	-0.001771	0.138523	0.140537	0.129393	-0.131935	2503500.0
2013-03-11	0.0028420000000000003	0.135431	0.143778	0.135431	0.211075	2793400.0
2013-03-08	0.001661	0.142306	0.142981	0.136102	0.123146	2225800.0
2013-03-07	-0.0015400000000000001	0.137046	0.139874	0.130852	-0.11435	2404600.0
2013-03-06	0.004282	0.142997	0.145973	0.13880499999999998	0.316666	3221500.0
2013-03-05	0.013746000000000001	0.141025	0.157887	0.139517	1.002709	3581100.0
2013-03-04	0.000724	0.136638	0.138009	0.130464	0.052787	2737600.0
2013-03-01	0.0026609999999999997	0.135536	0.14158800000000002	0.131822	0.193474	2722800.0
2013-02-28	-0.002173	0.13910799999999998	0.141991	0.134442	-0.158279	3744700.0
2013-02-27	0.010860999999999999	0.135524	0.152868	0.134692	0.782791	4015400.0
2013-02-26	0.0	0.142323	0.14482	0.130945	0.0	3806400.0
2013-02-25	-0.012057	0.141572	0.146918	0.123204	-0.8795700000000001	3996800.0
2013-02-22	0.003995	0.14214200000000002	0.144894	0.137738	0.29026799999999997	2394500.0
2013-02-21	-0.006972	0.13253900000000002	0.136229	0.124339	-0.510147	5027400.0
2013-02-20	-0.011208	0.143763	0.144439	0.132547	-0.8294379999999999	4456000.0
2013-02-19	0.015333000000000001	0.14565899999999998	0.164456	0.145385	1.117531	5442400.0
2013-02-15	0.009554	0.151618	0.165054	0.14677	0.689743	4983000.0
2013-02-14	0.002303	0.14108099999999998	0.14996700000000002	0.136916	0.165871	3761400.0
2013-02-13	0.0023079999999999997	0.14719400000000002	0.150673	0.146498	0.165871	2926400.0
2013-02-12	-0.004595	0.150649	0.15078699999999998	0.139014	-0.331742	3941800.0
2013-02-11	0.0037630000000000003	0.141631	0.150251	0.141631	0.27064499999999997	3063900.0
2013-02-08	0.007090000000000001	0.14468499999999998	0.154627	0.143425	0.506379	3805400.0
2013-02-07	0.011	0.144677	0.158126	0.141988	0.777038	4602400.0
2013-02-06	0.001361	0.139998	0.147653	0.138014	0.09603099999999999	3733500.0
2013-02-05	0.011138	0.150115	0.160435	0.147248	0.777031	3394100.0
2013-02-04	-0.00075	0.140229	0.149396	0.138797	-0.052368	4074200.0
2013-02-01	0.008576	0.144085	0.155642	0.14119600000000002	0.593689	5220500.0
2013-01-31	-0.023883	0.124516	0.139745	0.11746600000000001	-1.6937790000000001	9502800.0
2013-01-30	-0.011921	0.141623	0.14482799999999998	0.131313	-0.855606	3877000.0
2013-01-29	-0.003636	0.144136	0.14524600000000001	0.13886099999999998	-0.261917	4021600.0
2013-01-28	0.000728	0.147747	0.149553	0.137189	0.052399	3083800.0
2013-01-25	0.003774	0.148871	0.154031	0.141202	0.27064499999999997	4211300.0
2013-01-24	0.022405	0.154224	0.176037	0.151943	1.571525	6434300.0
2013-01-23	-0.004214	0.140842	0.148224	0.138855	-0.296852	3029500.0
2013-01-22	0.005358	0.141103	0.15166500000000002	0.14039000000000001	0.37542	3310000.0
2013-01-18	0.005765	0.14768199999999998	0.15285	0.138495	0.401611	5850000.0
2013-01-17	0.001632	0.147542	0.15099300000000002	0.144522	0.11350299999999999	3076500.0
2013-01-16	0.0041600000000000005	0.141342	0.150872	0.14062	0.288109	3018700.0
2013-01-15	0.0011359999999999999	0.138158	0.147698	0.135845	0.07859	3562200.0
2013-01-14	0.01694	0.156263	0.17331400000000002	0.154499	1.152443	7255400.0
2013-01-11	-0.0035810000000000004	0.147728	0.148754	0.139087	-0.24447600000000003	2323800.0
2013-01-10	0.015585	0.147765	0.16353299999999998	0.145385	1.047706	4761000.0
2013-01-09	0.011295	0.147792	0.159826	0.14704	0.7508239999999999	3123900.0
2013-01-08	-0.00275	0.142535	0.146585	0.137284	-0.183327	2653300.0
2013-01-07	-0.002873	0.14359	0.14733	0.14015	-0.19207	2955900.0
2013-01-04	0.002487	0.147335	0.154083	0.145835	0.165863	2632000.0
2013-01-03	0.000917	0.144485	0.148537	0.140432	0.06112000000000001	4528900.0
2013-01-02	0.034993	0.16651300000000002	0.18546500000000002	0.165425	2.252525	4810800.0
2012-12-31	0.012357	0.14491300000000001	0.16111199999999998	0.141453	0.785732	4700000.0
2012-12-28	-0.014612	0.13980599999999999	0.146005	0.128338	-0.9428979999999999	2599500.0
2012-12-27	-0.004713	0.143843	0.146156	0.12903499999999998	-0.30558	3355100.0
2012-12-26	-0.005091	0.145539	0.148454	0.136331	-0.331756	1917000.0
2012-12-24	-0.002672	0.14385499999999998	0.146763	0.138498	-0.17461400000000002	1451400.0
2012-12-21	-0.00386	0.13730499999999998	0.14416600000000002	0.132427	-0.253189	5567400.0
2012-12-20	-0.0063479999999999995	0.142204	0.144628	0.130691	-0.41906800000000005	3631700.0
2012-12-19	0.007462000000000001	0.149506	0.162936	0.146301	0.488915	6184000.0
2012-12-18	0.023037000000000002	0.14460399999999998	0.171927	0.139764	1.475479	6385800.0
2012-12-17	0.007001	0.15010199999999999	0.154033	0.147115	0.44527799999999995	2950300.0
2012-12-14	-0.006817	0.14366700000000002	0.14866400000000002	0.135547	-0.43655	2874800.0
2012-12-13	-0.0010890000000000001	0.146477	0.15178	0.13899	-0.06984	2753300.0
2012-12-12	-0.0044740000000000005	0.147093	0.14988800000000002	0.138708	-0.288116	2749500.0
2012-12-11	0.001086	0.146162	0.154401	0.140099	0.069839	3021900.0
2012-12-10	0.0069700000000000005	0.144602	0.157595	0.14413299999999998	0.445267	3018600.0
2012-12-07	0.0032909999999999997	0.147898	0.154023	0.142558	0.20953400000000003	4098100.0
2012-12-06	-0.007755	0.149281	0.150528	0.131983	-0.497643	4269300.0
2012-12-05	0.006298	0.14711	0.155421	0.139897	0.401623	3216100.0
2012-12-04	0.010654	0.145385	0.16281900000000002	0.140472	0.672249	3832800.0
2012-12-03	-0.011489	0.151495	0.151495	0.131128	-0.733372	2703800.0
2012-11-30	-0.006118	0.143672	0.144451	0.131838	-0.392891	3520000.0
2012-11-29	0.011691	0.149954	0.163028	0.149481	0.742134	4449100.0
2012-11-28	0.007622	0.143163	0.154591	0.139036	0.48018299999999997	2523200.0
2012-11-27	-0.005787	0.146805	0.149646	0.137968	-0.366703	2355900.0
2012-11-26	0.008334999999999999	0.14299800000000001	0.15541	0.14299800000000001	0.52383	3433900.0
2012-11-23	0.008124	0.14731	0.15629400000000002	0.145064	0.506401	1594600.0
2012-11-21	0.0008410000000000001	0.147312	0.151005	0.143619	0.052395000000000004	2157100.0
2012-11-20	-0.0014	0.14265899999999998	0.146026	0.136888	-0.087326	3226400.0
2012-11-19	0.02028	0.15650799999999998	0.168613	0.150456	1.239762	4126100.0
2012-11-16	-0.004408	0.15369100000000002	0.15369100000000002	0.135451	-0.27065300000000003	4610300.0
2012-11-15	0.008605	0.14982	0.156226	0.142593	0.523838	4172200.0
2012-11-14	-0.021709	0.15426600000000001	0.159408	0.12598399999999998	-1.350945	4037100.0
2012-11-13	-0.006086	0.148359	0.160977	0.147082	-0.381031	2194100.0
2012-11-12	0.000692	0.154588	0.160821	0.148675	0.043309	1835300.0
2012-11-09	-0.004684000000000001	0.149498	0.159202	0.14440799999999998	-0.294442	3607300.0
2012-11-08	-0.0056170000000000005	0.147788	0.161075	0.146839	-0.35506	3695100.0
2012-11-07	-0.0077480000000000005	0.158672	0.158672	0.13481400000000002	-0.49361400000000005	3866200.0
2012-11-06	0.001634	0.158207	0.166225	0.150817	0.10391600000000001	3832500.0
2012-11-05	-0.000408	0.15584800000000001	0.156948	0.150819	-0.025981999999999998	3312700.0
2012-11-02	-0.005683	0.159905	0.164124	0.146779	-0.363697	3158800.0
2012-11-01	0.008873	0.156797	0.168463	0.151595	0.562866	3674900.0
2012-10-31	0.00315	0.161548	0.171827	0.15443199999999999	0.199192	3002000.0
2012-10-26	-0.002459	0.157745	0.16058499999999998	0.147649	-0.155869	3044500.0
2012-10-25	0.001094	0.159328	0.159802	0.15095799999999998	0.069272	3080100.0
2012-10-24	-0.008273	0.15850699999999998	0.159916	0.14315799999999998	-0.5282560000000001	3894200.0
2012-10-23	0.030324	0.181374	0.196381	0.174112	1.879204	8209600.0
2012-10-22	-0.010235	0.150595	0.152033	0.134304	-0.640839	6481900.0
2012-10-19	-0.017796	0.145649	0.152395	0.12808	-1.134441	5469900.0
2012-10-18	0.004366	0.155063	0.164044	0.151912	0.27710300000000004	3003900.0
2012-10-17	0.002462	0.158065	0.15996	0.151747	0.155892	2913500.0
2012-10-16	0.007162999999999999	0.152044	0.167474	0.150135	0.450313	2755500.0
2012-10-15	0.0066560000000000005	0.15618900000000002	0.16611700000000001	0.155388	0.415642	2407000.0
2012-10-12	-0.002627	0.15905999999999998	0.16353199999999998	0.149637	-0.164509	2335800.0
2012-10-11	0.000554	0.165135	0.167852	0.154748	0.034642	3006700.0
2012-10-10	-0.010408	0.16755699999999998	0.168348	0.142413	-0.658154	4014900.0
2012-10-09	-0.010032	0.156627	0.158505	0.141597	-0.640827	2328800.0
2012-10-08	0.009029	0.154274	0.16707	0.14921900000000002	0.5715560000000001	2949500.0
2012-10-05	0.0017809999999999998	0.160128	0.169148	0.154906	0.112549	3964000.0
2012-10-04	-0.005723	0.14987	0.158681	0.145779	-0.363697	3868100.0
2012-10-03	0.019022999999999998	0.158756	0.177837	0.154908	1.18642	5109300.0
2012-10-02	0.000139	0.158917	0.162606	0.149616	0.008648000000000001	2791300.0
2012-10-01	0.006148	0.163138	0.176368	0.15700699999999998	0.381035	3788900.0
2012-09-28	-0.006248	0.152343	0.15266400000000002	0.142402	-0.389683	3350900.0
2012-09-27	0.0033439999999999998	0.157	0.16214800000000001	0.151531	0.20784	2651100.0
2012-09-26	-0.004024	0.155229	0.15779200000000002	0.14866	-0.25114000000000003	3928100.0
2012-09-25	0.0005549999999999999	0.158275	0.178795	0.154748	0.034622	7047400.0
2012-09-24	0.0020870000000000003	0.153141	0.161977	0.148643	0.129909	5919700.0
2012-09-21	-0.010054	0.150295	0.159996	0.13200599999999998	-0.6321640000000001	29326400.0
2012-09-20	-0.022351	0.147285	0.152105	0.125051	-1.437549	8127000.0
2012-09-19	0.010338	0.16433	0.176112	0.15302000000000002	0.658134	4477700.0
2012-09-18	-0.009699	0.149148	0.15537	0.140592	-0.623505	3774600.0
2012-09-17	0.007465	0.152083	0.167599	0.15098599999999998	0.476292	4361200.0
2012-09-14	-0.01405	0.152739	0.153357	0.136514	-0.909283	6255200.0
2012-09-13	0.014802000000000001	0.150514	0.17999400000000002	0.14628	0.943932	4915600.0
2012-09-12	0.0013599999999999999	0.159302	0.16087200000000001	0.145012	0.08659700000000001	3917800.0
2012-09-11	0.0067079999999999996	0.152851	0.166129	0.147476	0.424321	3914900.0
2012-09-10	0.0061990000000000005	0.14902200000000002	0.16604100000000002	0.14902200000000002	0.389709	4762600.0
2012-09-07	0.009174	0.155872	0.165502	0.15378499999999998	0.5715520000000001	4799000.0
2012-09-06	0.0	0.157958	0.172726	0.149611	0.0	8389000.0
2012-09-05	-0.023881	0.135946	0.140176	0.124822	-1.524147	10182200.0
