2017-09-01	-0.015035	0.000167	0.003675	-0.015870	-1.800003	2642100.000000
2016-09-01	0.002725	0.02685	0.029063	0.016845	0.283249	3231500.0
2016-08-31	-0.00857	0.020434	0.022341999999999997	0.01433	-0.898567	3349200.0
2016-08-30	-0.005742000000000001	0.02292	0.02529	0.016471	-0.605545	2390800.0
2016-08-29	0.00615	0.026444	0.031883	0.025013	0.644622	1793100.0
2016-08-26	-0.0038060000000000004	0.025958999999999996	0.029286000000000003	0.016454	-0.400436	2511100.0
2016-08-25	-0.002223	0.021876	0.025575	0.018652000000000002	-0.234413	1793600.0
2016-08-24	-0.00037	0.024057	0.026902	0.020076	-0.039077999999999995	2444700.0
2016-08-23	-0.004608	0.028586	0.031889	0.01915	-0.488334	3064100.0
2016-08-22	-0.005864	0.018052000000000002	0.022461000000000002	0.014487	-0.625077	2450500.0
2016-08-19	-0.001738	0.020871	0.024711	0.019841	-0.185585	2388800.0
2016-08-18	0.00358	0.024902	0.028379	0.023022	0.380921	1959800.0
2016-08-17	0.004055	0.02434	0.028681	0.021037	0.429741	2208000.0
2016-08-16	-0.004832	0.025588	0.029439	0.023615999999999998	-0.514512	2413700.0
2016-08-15	0.007532	0.032935	0.039179000000000005	0.032935	0.796044	2044500.0
2016-08-12	-0.002839	0.028586	0.030095999999999998	0.024152	-0.30094899999999997	1808400.0
2016-08-11	0.009804	0.033716	0.041243	0.033335000000000004	1.0290219999999999	2005200.0
2016-08-10	-0.002031	0.031237	0.031617	0.024772	-0.213562	1658700.0
2016-08-09	0.005102000000000001	0.032198000000000004	0.035925	0.030861000000000003	0.53392	2213100.0
2016-08-08	0.00046399999999999995	0.030095999999999998	0.035833	0.027706	0.048546	3020900.0
2016-08-05	0.012975	0.034842000000000005	0.043461	0.033195	1.339684	2676100.0
2016-08-04	0.0006580000000000001	0.032616	0.037655	0.030387	0.06794700000000001	1862900.0
2016-08-03	0.000188	0.030095999999999998	0.032519	0.027673000000000003	0.019424	2985400.0
2016-08-02	-0.006265	0.025761000000000003	0.028073	0.019982	-0.650436	2384100.0
2016-08-01	-0.006595	0.028277999999999998	0.030095999999999998	0.019091999999999998	-0.6892550000000001	3061600.0
2016-07-29	0.000651	0.029330000000000002	0.034884	0.026362	0.067955	3232600.0
2016-07-28	-0.001021	0.030095999999999998	0.032966	0.024452	-0.106781	2806700.0
2016-07-27	-0.001854	0.031719	0.035825	0.026182	-0.194153	3995400.0
2016-07-26	0.03096	0.053621	0.062677	0.048306	3.1453330000000004	4414400.0
2016-07-25	-0.004566	0.029312	0.030782	0.023139	-0.465966	3461300.0
2016-07-22	-0.006802	0.019586000000000003	0.02377	0.016958	-0.698974	3513900.0
2016-07-21	-0.0017920000000000002	0.033302	0.036896	0.025919	-0.18444100000000002	3808900.0
2016-07-20	0.0039759999999999995	0.030779	0.036532999999999996	0.029511000000000003	0.407715	2987400.0
2016-07-19	0.001233	0.025214	0.03449	0.024237	0.126221	3493900.0
2016-07-18	-9.499999999999999e-05	0.029901	0.034295	0.024041999999999997	-0.009712	2185300.0
2016-07-15	0.0034240000000000004	0.032154	0.035093	0.027451	0.349479	2836900.0
2016-07-14	0.00047599999999999997	0.03882	0.038918	0.028626	0.048538	3307400.0
2016-07-13	0.005646	0.035715	0.037094999999999996	0.030983	0.572762	2950100.0
2016-07-12	0.005194	0.032772	0.040996	0.031383999999999995	0.524231	3741400.0
2016-07-11	0.0028940000000000003	0.030095999999999998	0.038344	0.0295	0.291222	3317100.0
2016-07-08	0.016574000000000002	0.039592	0.047977	0.036157	1.6406319999999999	3502900.0
2016-07-07	0.0058200000000000005	0.03162	0.037818	0.029994999999999997	0.572769	3051600.0
2016-07-06	0.007553	0.02938	0.039002999999999996	0.016685	0.7377859999999999	5227500.0
2016-07-05	-0.020538999999999998	0.023778999999999998	0.026185000000000003	0.004828	-2.048348	4311100.0
2016-07-01	0.001755	0.029393	0.04657	0.027987	0.174736	6578900.0
2016-06-30	0.020703	0.034197000000000005	0.051627	0.031121	2.019234	5837700.0
2016-06-29	0.014541	0.039978	0.047467	0.034569	1.397926	4737300.0
2016-06-28	0.018722	0.040057	0.050336	0.037725999999999996	1.766823	5583200.0
2016-06-27	-0.016988999999999997	0.020825	0.023013	0.009263	-1.6309200000000001	6236500.0
2016-06-24	-0.033617	0.0008029999999999999	0.010768999999999999	-0.005841	-3.339493	7446400.0
2016-06-23	0.00967	0.041785	0.041785	0.033957999999999995	0.9513780000000001	3074800.0
2016-06-22	-0.002166	0.032124	0.034152999999999996	0.025329	-0.21357800000000002	2634500.0
2016-06-21	-0.0012779999999999998	0.033034	0.034148000000000005	0.027058	-0.126197	3318900.0
2016-06-20	0.004941	0.038443	0.046993	0.034777999999999996	0.485389	4447900.0
2016-06-17	0.000791	0.027346	0.035903	0.022047999999999998	0.077652	5691900.0
2016-06-16	0.005769	0.027535000000000004	0.040342	0.017904	0.5630569999999999	4549900.0
2016-06-15	-0.006423999999999999	0.033252	0.035695	0.023479	-0.631012	4480000.0
2016-06-14	-0.000198	0.030095999999999998	0.037221	0.022972	-0.019416	3705200.0
2016-06-13	-0.007745	0.029894	0.034136	0.021915999999999998	-0.766915	4494500.0
2016-06-10	-0.003127	0.022344	0.030801	0.018921	-0.310646	3601700.0
2016-06-09	0.002449	0.02505	0.032922	0.024243	0.24269899999999997	3608400.0
2016-06-08	0.006111	0.030095999999999998	0.036899	0.029385	0.6018899999999999	2566800.0
2016-06-07	0.0008880000000000001	0.034364	0.040665	0.031011	0.087357	2539700.0
2016-06-06	0.00926	0.033276	0.041789	0.030917	0.902832	3769200.0
2016-06-03	-0.003572	0.029687	0.029994	0.020898	-0.349472	2251500.0
2016-06-02	0.004385	0.02907	0.034818	0.027222000000000003	0.42713900000000005	2468500.0
2016-06-01	-0.002287	0.025078	0.029276999999999997	0.011354000000000001	-0.223282	2806900.0
2016-05-31	-0.001786	0.030198000000000003	0.034594	0.025905	-0.174736	5265700.0
2016-05-27	0.003486	0.030917	0.033789	0.026813	0.33976	2611300.0
2016-05-26	0.000897	0.031327999999999995	0.037078	0.029788	0.08738	2504800.0
2016-05-25	0.004104	0.034013999999999996	0.040716	0.034013999999999996	0.398017	2354200.0
2016-05-24	0.010212	0.036241	0.045302999999999996	0.035512	0.980484	2953700.0
2016-05-23	-0.002018	0.028537	0.029783999999999998	0.021469	-0.194152	2658900.0
2016-05-20	0.005989	0.036788	0.044525999999999996	0.031769	0.572769	4312100.0
2016-05-19	-0.007856	0.023663999999999998	0.026465	0.01609	-0.75721	3138900.0
2016-05-18	-0.0011070000000000001	0.030614	0.041496	0.023775	-0.10678900000000001	3340400.0
2016-05-17	-0.017285	0.035306	0.038158	0.015753	-1.6973029999999998	4191000.0
2016-05-16	0.015458000000000001	0.034661000000000004	0.055653999999999995	0.034661000000000004	1.494781	3469400.0
2016-05-13	-0.011729	0.034687	0.039593	0.021606	-1.147606	3280500.0
2016-05-12	-0.0013779999999999999	0.038773	0.043876	0.032343000000000004	-0.135017	2866700.0
2016-05-11	-0.005482	0.040894	0.042214	0.029627999999999998	-0.540062	2795900.0
2016-05-10	0.020681	0.039111	0.061075	0.038075	1.996277	3672000.0
2016-05-09	-0.010186	0.028835000000000003	0.039499	0.025246	-0.993309	3834200.0
2016-05-06	0.008276	0.036626	0.047275	0.031973	0.8004220000000001	3741500.0
2016-05-05	-0.003775	0.041571	0.042704	0.029108	-0.36645500000000003	3530300.0
2016-05-04	-0.014294999999999999	0.029423	0.033382	0.017644999999999997	-1.407989	5628300.0
2016-05-03	-0.021462000000000002	0.027895	0.031968	0.012098000000000001	-2.160225	4779300.0
2016-05-02	0.0	0.032167	0.042201	0.028689	0.0	4223600.0
2016-04-29	0.001343	0.029972000000000002	0.043999	0.029972000000000002	0.135025	3054000.0
2016-04-28	-0.015677	0.029689	0.033998	0.015392	-1.600876	4670400.0
2016-04-27	0.010401	0.051975	0.059396000000000004	0.037727	1.0511780000000002	6338700.0
2016-04-26	-0.0038020000000000003	0.0394	0.042554	0.021362	-0.385757	5515000.0
2016-04-25	-0.00473	0.031932999999999996	0.032031	0.023005	-0.48219300000000004	2768000.0
2016-04-22	0.002561	0.039886000000000005	0.045591	0.032018	0.260383	3061900.0
2016-04-21	-0.0009480000000000001	0.037231	0.041161	0.034184	-0.096435	2628400.0
2016-04-20	0.0050479999999999995	0.041083	0.047898	0.038911	0.511116	3823400.0
2016-04-19	-0.001236	0.041572000000000005	0.048376999999999996	0.030820999999999998	-0.125359	3850500.0
2016-04-18	0.0053549999999999995	0.037531	0.044571	0.031581	0.540047	2809100.0
2016-04-15	-0.001051	0.034855000000000004	0.041691000000000006	0.03228	-0.10608699999999999	3764700.0
2016-04-14	0.000669	0.040802	0.045064	0.0036299999999999995	0.067513	5217300.0
2016-04-13	0.014843	0.042468	0.053735000000000005	0.042267	1.475494	3664500.0
2016-04-12	0.009203	0.038459	0.050539999999999995	0.038459	0.906532	3188700.0
2016-04-11	0.008093000000000001	0.039597	0.053413	0.034787	0.790787	4583500.0
2016-04-08	0.004262	0.042589	0.051940999999999994	0.037655	0.41468	2755500.0
2016-04-07	0.005181	0.032080000000000004	0.04768	0.029704	0.5014810000000001	3844700.0
2016-04-06	0.005107	0.034132	0.043997	0.021983000000000003	0.491821	5070400.0
2016-04-05	-0.004089	0.031557999999999996	0.037763	0.027318000000000002	-0.395386	3120400.0
2016-04-04	0.003001	0.040359	0.049486	0.035172	0.28931399999999996	3707400.0
2016-04-01	-0.001299	0.029581	0.040665	0.023676	-0.125381	4038100.0
2016-03-31	-0.0014960000000000002	0.035177	0.038694	0.023903	-0.14463800000000002	3832500.0
2016-03-30	0.0012980000000000001	0.044186	0.04605	0.034657	0.125358	3010700.0
2016-03-29	0.012232999999999999	0.031694	0.05171799999999999	0.028234	1.166901	3766600.0
2016-03-28	-0.0015140000000000002	0.035889	0.039343	0.032644	-0.144653	2279700.0
2016-03-24	-0.000505	0.026892000000000003	0.036622	0.025322	-0.048226	2847000.0
2016-03-23	0.004561	0.038092	0.045449	0.032942	0.43397600000000003	3235300.0
2016-03-22	-0.005143	0.031812	0.037981	0.027944	-0.49182200000000004	3510400.0
2016-03-21	0.0012109999999999998	0.03725	0.042693	0.034214	0.1157	3996700.0
2016-03-18	0.002125	0.040817	0.052148	0.036726	0.20253800000000002	9506900.0
2016-03-17	0.013848	0.040445999999999996	0.055867999999999994	0.035872	1.3019100000000001	4166100.0
2016-03-16	0.012462	0.035967	0.055351	0.033813	1.157257	4598300.0
2016-03-15	-0.005577	0.028689999999999997	0.035543	0.026762	-0.520775	2750100.0
2016-03-14	0.0008269999999999999	0.032113	0.043581	0.032006	0.07715599999999999	3974500.0
2016-03-11	0.005926	0.047717	0.052784000000000005	0.040062	0.5496979999999999	4031100.0
2016-03-10	-0.0043479999999999994	0.036936000000000004	0.042518	0.020298	-0.405037	4808600.0
2016-03-09	-0.0030960000000000002	0.04143	0.043142	0.031585	-0.28931399999999996	4158900.0
2016-03-08	-0.000206	0.028591000000000002	0.043033999999999996	0.028484	-0.019280000000000002	5354100.0
2016-03-07	-0.000825	0.032125	0.041852999999999994	0.02678	-0.07715599999999999	6307600.0
2016-03-04	0.00926	0.037583	0.049775	0.033375	0.8582770000000001	4674100.0
2016-03-03	0.006072	0.033354	0.043666	0.031943	0.5593560000000001	4597900.0
2016-03-02	0.00505	0.033772	0.0473	0.029845	0.46290600000000004	5447300.0
2016-03-01	-0.016249	-0.010286	0.020086	-0.011895000000000001	-1.514084	12353900.0
2016-02-29	-0.010953000000000001	0.034176	0.049461	0.024411000000000002	-1.0318829999999999	8854200.0
2016-02-26	-0.003875	0.059563	0.063158	0.020335	-0.366462	14654800.0
2016-02-25	0.047644	0.040258999999999996	0.093651	0.037711	4.301132	16862800.0
2016-02-24	0.021943	0.031389	0.065802	0.031389	1.9384080000000001	16993300.0
2016-02-23	-0.008336	0.035364	0.037609	0.015831	-0.7425689999999999	11567700.0
2016-02-22	0.046923	0.048218000000000004	0.115443	0.044456999999999997	3.9925230000000003	21828300.0
2016-02-19	-0.001471	0.036818000000000004	0.044329	0.025904000000000003	-0.125366	11817500.0
2016-02-18	0.002724	0.041996	0.047762	0.037407	0.23145300000000002	4997700.0
2016-02-17	0.026561	0.047445	0.06894700000000001	0.0466	2.1987759999999996	5141100.0
2016-02-16	0.006167	0.061562	0.06350599999999999	0.039927	0.507362	6960400.0
2016-02-12	0.015237	0.048739	0.062806	0.047628	1.234833	5886300.0
2016-02-11	-0.026449	0.025806	0.039741000000000005	0.007306	-2.201668	7711800.0
2016-02-10	-0.0032090000000000005	0.046104	0.05915599999999999	0.03868	-0.268013	3618800.0
2016-02-09	0.005301	0.038407	0.056585	0.034435	0.44033100000000003	7360900.0
2016-02-08	-0.012068	0.03872	0.039434	0.020643	-1.0146870000000001	6858400.0
2016-02-05	-0.003177	0.043719	0.04929	0.036606	-0.268021	5216800.0
2016-02-04	0.025128	0.046247	0.078087	0.045518	2.0676349999999997	5921700.0
2016-02-03	0.0063219999999999995	0.051637999999999996	0.056285	0.030847000000000003	0.516922	8305500.0
2016-02-02	-0.02444	0.028082999999999997	0.034763999999999996	0.015078	-2.048508	7397700.0
2016-02-01	-0.001483	0.037162	0.046454	0.029894	-0.12444300000000001	5036900.0
2016-01-29	0.014343999999999999	0.049742	0.059650999999999996	0.048413	1.1869969999999999	7887500.0
2016-01-28	0.007458	0.050631999999999996	0.061589	0.046006	0.612625	5757200.0
2016-01-27	0.0018679999999999999	0.045277	0.068085	0.03369	0.15316	8083900.0
2016-01-26	0.008834	0.049466	0.063985	0.048481	0.7179260000000001	7393800.0
2016-01-25	-0.016791999999999998	0.040191000000000004	0.042247	0.024584	-1.387993	10444000.0
2016-01-22	0.009115	0.061514	0.066764	0.048451	0.7466430000000001	4647400.0
2016-01-21	0.008723	0.044667	0.06880399999999999	0.041096	0.708359	5742900.0
2016-01-20	-0.00481	0.034862	0.048833999999999995	0.021994	-0.392471	9601200.0
2016-01-19	-0.004554	0.053451	0.053451	0.030514999999999997	-0.373314	7470000.0
2016-01-15	-0.037973	0.020959000000000002	0.033517	0.00312	-3.235489	10434200.0
2016-01-14	0.002026	0.047607	0.053487	0.033260000000000005	0.17231	7395900.0
2016-01-13	-0.018453	0.046629000000000004	0.046629000000000004	0.020541999999999998	-1.598595	8588800.0
2016-01-12	0.0	0.050323	0.05217	0.035086	0.0	7697300.0
2016-01-11	0.001106	0.05264	0.056223	0.03912	0.095711	7185200.0
2016-01-08	-0.016322	0.040916	0.04444	0.02557	-1.4358520000000001	7501300.0
2016-01-07	-0.013101	0.026156	0.047247000000000004	0.025707999999999998	-1.1678389999999998	6984800.0
2016-01-06	-0.027163	0.024804	0.03288	0.009961	-2.4888310000000002	8300600.0
2016-01-05	0.0015689999999999999	0.039967	0.049367	0.03625	0.14357799999999998	4253100.0
2016-01-04	-0.005204	0.027051	0.039991000000000006	0.021723	-0.47861499999999996	5382200.0
2015-12-31	-0.008565999999999999	0.039383999999999995	0.042295	0.031838	-0.7945180000000001	2905400.0
2015-12-30	-0.003804	0.040908	0.047137	0.036612	-0.354179	3161600.0
2015-12-29	0.01228	0.050972	0.062931	0.047493	1.1295469999999999	3291400.0
2015-12-28	-0.0021809999999999998	0.041195999999999997	0.044775	0.038158	-0.201019	3606800.0
2015-12-24	0.0	0.040219	0.047053	0.040001999999999996	0.0	1382700.0
2015-12-23	0.015073	0.051604	0.063717	0.050832999999999996	1.368858	4677200.0
2015-12-22	0.01346	0.052479	0.064755	0.049019	1.206124	4644100.0
2015-12-21	0.013753999999999999	0.052360000000000004	0.062202999999999994	0.048627	1.2157129999999998	8708800.0
2015-12-18	-0.016299	0.038435000000000004	0.049786000000000004	0.027639999999999998	-1.4646	8665800.0
2015-12-17	-0.013244999999999998	0.044667	0.051255999999999996	0.030501	-1.206115	4802300.0
2015-12-16	0.020051	0.05262000000000001	0.068975	0.046682999999999995	1.7900459999999998	9868300.0
2015-12-15	0.002472	0.051966	0.062971	0.046912999999999996	0.220162	6618000.0
2015-12-14	-0.0028940000000000003	0.044667	0.047689999999999996	0.03235	-0.25845300000000004	6748200.0
2015-12-11	-0.006072	0.035095999999999995	0.053125	0.034206	-0.54564	9942600.0
2015-12-10	-0.0030800000000000003	0.043668	0.050325	0.016597999999999998	-0.277587	5750000.0
2015-12-09	-0.000743	0.037461	0.059633000000000005	0.033359	-0.067017	6911400.0
2015-12-08	-0.017516	0.034537	0.038239999999999996	0.022774000000000003	-1.60817	7011800.0
2015-12-07	0.0018800000000000002	0.043466000000000005	0.050341000000000004	0.040737999999999996	0.17230299999999998	4681200.0
2015-12-04	0.010877	0.047866000000000006	0.065957	0.04566	0.9859690000000001	9228900.0
2015-12-03	-0.0057740000000000005	0.045215	0.050699	0.035344	-0.526489	6082000.0
2015-12-02	-0.014995	0.042074	0.046071	0.027706	-1.387993	3892500.0
2015-12-01	0.0067670000000000004	0.044558	0.059894	0.044341000000000005	0.6222	4595500.0
2015-11-30	-0.0077480000000000005	0.047473	0.049523000000000005	0.035386	-0.717934	5561000.0
2015-11-27	-0.004832	0.041875	0.043593	0.036827	-0.449905	1919700.0
2015-11-25	-0.000924	0.045203	0.052071000000000006	0.043487	-0.086151	4336400.0
2015-11-24	-0.007442	0.039129000000000004	0.04243	0.027306999999999998	-0.6987760000000001	5344100.0
2015-11-23	-0.001324	0.044241	0.048496	0.041157	-0.12445899999999999	4177100.0
2015-11-20	-0.000814	0.04828	0.057951	0.042966000000000004	-0.076576	4898200.0
2015-11-19	0.006038	0.047447	0.05728300000000001	0.04595	0.5647810000000001	4366600.0
2015-11-18	0.00164	0.045524	0.047987	0.037063	0.15316	4202000.0
2015-11-17	-0.002862	0.048297	0.049686	0.040075	-0.268043	4528800.0
2015-11-16	0.013992	0.045533	0.059609	0.043584	1.292274	5098700.0
2015-11-13	-0.027614999999999997	0.039402	0.049089	0.01487	-2.622833	6218900.0
2015-11-12	0.009770000000000001	0.034035	0.060295	0.029994999999999997	0.918953	8808200.0
2015-11-11	-0.004256	0.048478	0.052288999999999995	0.038209	-0.402039	2165900.0
2015-11-10	-0.0034340000000000004	0.042662	0.048887	0.033378	-0.325469	2738500.0
2015-11-09	-0.011309	0.049333	0.051836	0.034834	-1.084244	3164700.0
2015-11-06	0.0	0.043492	0.051419000000000006	0.035669	0.0	2735100.0
2015-11-05	0.004685	0.05246699999999999	0.058335000000000005	0.045026	0.447014	2832400.0
2015-11-04	0.0033	0.055835	0.062354	0.051419000000000006	0.31385799999999997	3116100.0
2015-11-03	0.006137	0.051313	0.061469	0.045176999999999995	0.580162	3090000.0
2015-11-02	0.009958	0.055799	0.063919	0.050778	0.932075	3067500.0
2015-10-30	-0.006461	0.051207	0.052799	0.043033	-0.608696	4010900.0
2015-10-29	-0.002719	0.050572000000000006	0.054488999999999996	0.039986	-0.256798	3287300.0
2015-10-28	0.00445	0.056629	0.058224	0.043869	0.418488	3829900.0
2015-10-27	-0.013469	0.046908	0.048691000000000005	0.035474	-1.283981	3396500.0
2015-10-26	-0.0038759999999999997	0.051419000000000006	0.055180999999999994	0.04494	-0.37093400000000004	2701000.0
2015-10-23	0.008318	0.058477999999999995	0.063114	0.055527999999999994	0.7894140000000001	5032900.0
2015-10-22	0.018577	0.054853	0.075673	0.052814	1.7309869999999998	5722400.0
2015-10-21	0.024577	0.058236	0.085066	0.055817	2.2350849999999998	10498900.0
2015-10-20	0.038783	0.077462	0.11584000000000001	0.063184	3.395408	8885200.0
2015-10-19	-0.010215	0.045766	0.049723	0.031181999999999998	-0.903541	5513800.0
2015-10-16	-0.0019320000000000001	0.060672000000000004	0.062363999999999996	0.045212999999999996	-0.17119600000000001	3148400.0
2015-10-15	0.010957999999999999	0.057579	0.063511	0.051191	0.9606020000000001	3829800.0
2015-10-14	-0.02238	0.051307000000000005	0.057887	0.023316	-2.006806	5608300.0
2015-10-13	-0.012051000000000001	0.037537	0.043927	0.031697	-1.0937649999999999	4079300.0
2015-10-12	0.000629	0.046678	0.052521000000000005	0.043039999999999995	0.057075	3194900.0
2015-10-09	0.011025	0.05520800000000001	0.069364	0.053425	0.9891280000000001	4099900.0
2015-10-08	0.008768999999999999	0.04411	0.061314	0.043885	0.779908	4051800.0
2015-10-07	0.010373	0.067892	0.06970900000000001	0.051646000000000004	0.9130469999999999	3516100.0
2015-10-06	0.003143	0.050164999999999994	0.05814299999999999	0.04857	0.275818	3386600.0
2015-10-05	0.027738	0.059266	0.083159	0.056688999999999996	2.368233	4912500.0
2015-10-02	0.015957	0.041066000000000005	0.069625	0.033094	1.341042	4624200.0
2015-10-01	-0.007079	0.050356	0.056617999999999995	0.034169	-0.599175	3668600.0
2015-09-30	0.011479999999999999	0.059306	0.07042000000000001	0.052614	0.9605870000000001	5065900.0
2015-09-29	0.013244	0.048392000000000004	0.06655499999999999	0.046938	1.0937569999999999	4117600.0
2015-09-28	-0.005384000000000001	0.042988	0.053466	0.039255	-0.447006	5343700.0
2015-09-25	0.005529	0.061228	0.067768	0.050329	0.456528	7447600.0
2015-09-24	-0.00161	0.036788999999999995	0.051782	0.033766000000000004	-0.133148	7126800.0
2015-09-23	-0.014059	0.050823	0.053564999999999995	0.024000999999999998	-1.179367	7324200.0
2015-09-22	-0.036592	0.021903	0.030172000000000004	0.006744	-3.1861650000000004	7911700.0
2015-09-21	0.0052710000000000005	0.054421000000000004	0.064118	0.050611	0.456512	2981200.0
2015-09-18	-0.024006	0.041277999999999995	0.043419	0.020094	-2.13044	10468800.0
2015-09-17	-0.006706999999999999	0.050858999999999994	0.062387	0.042464999999999996	-0.599205	5205800.0
2015-09-16	0.013595	0.051873	0.067642	0.051419000000000006	1.198388	3504200.0
2015-09-15	0.009256	0.060464	0.06607400000000001	0.054280999999999996	0.808433	4107700.0
2015-09-14	-0.005415	0.051077	0.052672000000000004	0.040715	-0.47554799999999997	3279200.0
2015-09-11	0.010175	0.049118	0.062232	0.046817000000000004	0.8845139999999999	4490200.0
2015-09-10	-0.004899000000000001	0.053594	0.054166	0.04043	-0.427986	6120700.0
2015-09-09	-0.01045	0.06082100000000001	0.062973	0.039185000000000005	-0.9225620000000001	4783500.0
2015-09-08	0.023599000000000002	0.068463	0.077855	0.06614400000000001	2.035332	4814800.0
2015-09-04	-0.013383	0.03895	0.042725	0.033687	-1.169846	4562800.0
2015-09-03	0.007343000000000001	0.060177	0.06686	0.056027999999999994	0.63723	4534600.0
2015-09-02	0.016942	0.065716	0.069466	0.054349	1.445671	5642000.0
2015-09-01	-0.020631	0.027087	0.040744999999999996	0.024677	-1.797561	6786600.0
2015-08-31	-0.017482	0.028527999999999998	0.044427999999999995	0.020973	-1.550278	7073400.0
2015-08-28	-0.000322	0.046683999999999996	0.054575	0.044655	-0.028541000000000004	5230200.0
2015-08-27	0.018675999999999998	0.06244299999999999	0.07346699999999999	0.051303999999999995	1.62638	7473800.0
2015-08-26	0.031081	0.073797	0.085637	0.051537	2.625016	7380300.0
2015-08-25	-0.02278	0.08023	0.084742	0.026195	-1.9687580000000002	8283500.0
2015-08-24	-0.023008	0.002358	0.053453999999999995	-0.014599	-2.035355	10994900.0
2015-08-21	-0.029325999999999998	0.041982	0.044835	0.019597999999999997	-2.672584	7624400.0
2015-08-20	-0.024336	0.043818	0.050776999999999996	0.025832	-2.2731169999999996	6084000.0
2015-08-19	-0.012071	0.043909	0.050996	0.035131	-1.141312	3616300.0
2015-08-18	0.000503	0.047186	0.058403	0.047186	0.047554	4730400.0
2015-08-17	0.006687	0.045347000000000005	0.059195000000000005	0.039807999999999996	0.627732	4228400.0
2015-08-14	0.0032530000000000002	0.048533	0.056763	0.047251	0.304344	4413300.0
2015-08-13	-0.003141	0.049821	0.054722	0.044707	-0.294846	4689900.0
2015-08-12	0.007349	0.043692	0.060756	0.037252999999999994	0.6847840000000001	4618800.0
2015-08-11	-0.009442	0.049039	0.051271000000000004	0.04181	-0.888222	7671400.0
2015-08-10	0.012819	0.064317	0.074438	0.064317	1.190613	6068400.0
2015-08-07	-0.006971	0.055508	0.05839400000000001	0.047809	-0.651993	2897100.0
2015-08-06	0.001112	0.059572	0.061926999999999996	0.052828	0.10392799999999999	4198400.0
2015-08-05	-0.001616	0.068333	0.070043	0.05508099999999999	-0.15118399999999999	3895600.0
2015-08-04	-0.003922999999999999	0.06478099999999999	0.06573899999999999	0.052859	-0.36850700000000003	5557600.0
2015-08-03	-0.008873	0.058287	0.058287	0.035816	-0.840996	7123700.0
2015-07-31	-0.00417	0.060283	0.066272	0.05324400000000001	-0.396874	7217200.0
2015-07-30	0.013788	0.0585	0.07884400000000001	0.054452999999999994	1.294548	6739100.0
2015-07-29	0.003941	0.059571000000000006	0.06481	0.043531	0.368531	11935800.0
2015-07-28	0.001011	0.06	0.062676	0.049189	0.09448200000000001	5583000.0
2015-07-27	-0.00443	0.05264	0.060739	0.048376999999999996	-0.415749	7560400.0
2015-07-24	-0.018094	0.056823	0.058811	0.038616000000000004	-1.72921	6588000.0
2015-07-23	-0.004038	0.064853	0.064957	0.049846	-0.387428	5925700.0
2015-07-22	-0.011294	0.053651	0.056124	0.039535	-1.096107	9433700.0
2015-07-21	-0.07032999999999999	-0.00043200000000000004	0.0053159999999999995	-0.02505	-7.3420570000000005	19540100.0
2015-07-20	-0.002348	0.060485000000000004	0.06086799999999999	0.046533	-0.245689	7487000.0
2015-07-17	-0.004674	0.058287	0.060285000000000005	0.05201	-0.49134799999999995	3465100.0
2015-07-16	9e-05	0.068466	0.068846	0.05629	0.009445	3063800.0
2015-07-15	-0.002332	0.058191999999999994	0.061324000000000004	0.051644	-0.245682	2844500.0
2015-07-14	-0.000627	0.057529	0.05885599999999999	0.052976	-0.066139	2987500.0
2015-07-13	0.012707	0.067989	0.07557699999999999	0.063762	1.322899	3892900.0
2015-07-10	0.011568	0.072473	0.081218	0.06402000000000001	1.19059	4309600.0
2015-07-09	0.002301	0.07124	0.075525	0.060722000000000005	0.236236	2555000.0
2015-07-08	-0.012898	0.045502	0.054730999999999995	0.040695999999999996	-1.341781	3806300.0
2015-07-07	0.006675	0.060029	0.06661	0.045610000000000005	0.6897810000000001	4732100.0
2015-07-06	-0.001825	0.046696	0.060702	0.042736	-0.188973	4195100.0
2015-07-02	-0.01137	0.063158	0.06564099999999999	0.043008	-1.190605	5159500.0
2015-07-01	-0.000992	0.06878200000000001	0.070117	0.050751	-0.10395	4126800.0
2015-06-30	-0.005379999999999999	0.065025	0.067302	0.049652999999999996	-0.566948	5909800.0
2015-06-29	-0.01753	0.051016000000000006	0.053719	0.03899	-1.8804020000000001	4160400.0
2015-06-26	0.0019420000000000001	0.059875	0.06473200000000001	0.055951999999999995	0.20788600000000002	3667700.0
2015-06-25	-0.005879	0.060795	0.06460199999999999	0.052065999999999994	-0.633095	3786200.0
2015-06-24	-0.010935	0.05342	0.054613999999999996	0.045337999999999996	-1.190605	4271200.0
2015-06-23	-0.000434	0.057277999999999996	0.060490999999999996	0.054983000000000004	-0.047249	3632800.0
2015-06-22	0.0033950000000000004	0.062985	0.066485	0.058932000000000005	0.368515	2971100.0
2015-06-19	-0.008714	0.055548	0.060570000000000006	0.049065	-0.954368	4210200.0
2015-06-18	0.007213	0.051114	0.071991	0.051114	0.7842939999999999	3753600.0
2015-06-17	0.001131	0.06141799999999999	0.06325900000000001	0.049449	0.122841	3799400.0
2015-06-16	0.002879	0.057364	0.065397	0.05561	0.311805	4936200.0
2015-06-15	-0.025425	0.03678	0.039659	0.029491000000000003	-2.825302	5972900.0
2015-06-12	-0.006085	0.050595	0.05569400000000001	0.04666	-0.680351	2345300.0
2015-06-11	0.006979000000000001	0.06270099999999999	0.066393	0.05765700000000001	0.774834	2707500.0
2015-06-10	0.010318	0.069207	0.073757	0.063838	1.133926	3145800.0
2015-06-09	0.001033	0.06129299999999999	0.068034	0.05683	0.11336500000000001	2499500.0
2015-06-08	-0.0070079999999999995	0.054127	0.06154400000000001	0.050237000000000004	-0.774826	3237100.0
2015-06-05	-0.0011949999999999999	0.053319000000000005	0.060455999999999996	0.049615	-0.132278	2667400.0
2015-06-04	-0.011559999999999999	0.052215	0.057484	0.042927999999999994	-1.294564	3581600.0
2015-06-03	0.009970999999999999	0.064511	0.07434099999999999	0.058829	1.1055760000000001	3125000.0
2015-06-02	0.0029059999999999997	0.055845000000000006	0.067785	0.051413	0.321266	3503300.0
2015-06-01	-0.001451	0.058829	0.062442	0.051875	-0.160637	2341600.0
2015-05-29	-0.004418	0.056669000000000004	0.057567999999999994	0.046957	-0.491363	5061400.0
2015-05-28	0.000425	0.054959	0.061526	0.054959	0.047241000000000005	2903600.0
2015-05-27	0.006589	0.063087	0.067433	0.056567	0.7276	3365100.0
2015-05-26	-0.014753	0.057663	0.058287	0.038571	-1.653618	3434600.0
2015-05-22	-0.004197	0.057221	0.063085	0.053223	-0.472458	2389600.0
2015-05-21	0.0021030000000000003	0.057753	0.065321	0.056774	0.236229	2121200.0
2015-05-20	-0.00168	0.06353099999999999	0.06353099999999999	0.054110000000000005	-0.18898800000000002	2431600.0
2015-05-19	0.004725	0.059091	0.06668099999999999	0.058287	0.5291520000000001	2808400.0
2015-05-18	0.000169	0.058645	0.063914	0.057484	0.018906	2435100.0
2015-05-15	-0.005456	0.057754	0.060508000000000006	0.047451	-0.614197	2964700.0
2015-05-14	0.015080000000000001	0.062345000000000005	0.076321	0.062345000000000005	1.6725009999999998	2728800.0
2015-05-13	0.005569	0.060554	0.069893	0.059557000000000006	0.614212	3038700.0
2015-05-12	-0.002889	0.058214	0.06526599999999999	0.048902	-0.31951199999999996	2804100.0
2015-05-11	-0.006164	0.05519500000000001	0.06462899999999999	0.05519500000000001	-0.686042	3023800.0
2015-05-08	0.020596	0.079404	0.08985800000000001	0.075736	2.2460400000000003	3707800.0
2015-05-07	0.008342	0.064553	0.077775	0.059559	0.902191	3155700.0
2015-05-06	8.7e-05	0.07786900000000001	0.07786900000000001	0.056692	0.009392	3690300.0
2015-05-05	-0.011851	0.060070000000000005	0.06801900000000001	0.048191000000000005	-1.296875	3028200.0
2015-05-04	0.008749	0.067224	0.07976	0.066487	0.949158	3925300.0
2015-05-01	0.014856999999999999	0.071948	0.08251900000000001	0.0712	1.588203	2781700.0
2015-04-30	-0.014127	0.05994	0.06639600000000001	0.044815	-1.531799	3899200.0
2015-04-29	-0.00603	0.059507000000000004	0.065465	0.055748	-0.657852	2893800.0
2015-04-28	0.002938	0.059126	0.068687	0.056826999999999996	0.31952600000000003	2746700.0
2015-04-27	-0.003616	0.06867100000000001	0.070594	0.059876	-0.394706	3920300.0
2015-04-24	-0.009381	0.065724	0.068083	0.053201	-1.0337379999999998	3523100.0
2015-04-23	0.002565	0.059177	0.072733	0.055629	0.281922	2632800.0
2015-04-22	8.6e-05	0.064454	0.068458	0.052989999999999995	0.009399	2792900.0
2015-04-21	0.0037770000000000004	0.084366	0.086832	0.060437	0.41350600000000004	4585000.0
2015-04-20	0.012162000000000001	0.072502	0.083133	0.071301	1.315658	4007500.0
2015-04-17	-0.020174	0.05349299999999999	0.05539500000000001	0.040359	-2.227241	4318500.0
2015-04-16	-0.0033090000000000003	0.059396000000000004	0.068062	0.055514	-0.366516	2905100.0
2015-04-15	0.001529	0.067616	0.07394500000000001	0.062553	0.16914300000000002	2774300.0
2015-04-14	0.002385	0.060828	0.070434	0.05656799999999999	0.263153	2606400.0
2015-04-13	-0.008864	0.059689	0.065528	0.053131	-0.9867549999999999	3030400.0
2015-04-10	0.00492	0.066437	0.073659	0.060028	0.5450520000000001	2254700.0
2015-04-09	0.00033999999999999997	0.06282599999999999	0.07221699999999999	0.058129999999999994	0.037605	2088400.0
2015-04-08	0.002979	0.066083	0.07459600000000001	0.060196000000000006	0.328918	2484100.0
2015-04-07	-0.003139	0.06318700000000001	0.07032000000000001	0.060389	-0.347717	2269100.0
2015-04-06	0.006232	0.053188	0.078444	0.053188	0.68602	2857300.0
2015-04-02	0.010438	0.070241	0.080246	0.064733	1.137138	4227300.0
2015-04-01	-0.010922	0.065634	0.06663200000000001	0.047383999999999996	-1.202911	3426200.0
2015-03-31	-0.013716999999999998	0.053703	0.058001	0.049046	-1.53183	3525400.0
2015-03-30	0.01651	0.07119	0.085299	0.068642	1.8137590000000001	3000800.0
2015-03-27	0.007411	0.06500700000000001	0.074727	0.064182	0.808197	2804000.0
2015-03-26	-0.0036060000000000003	0.059522000000000005	0.065552	0.050933	-0.39469899999999997	4389700.0
2015-03-25	-0.020686000000000003	0.066596	0.067848	0.041451999999999996	-2.311836	4456500.0
2015-03-24	0.002022	0.06731799999999999	0.077539	0.060235000000000004	0.225555	4033800.0
2015-03-23	-0.006529000000000001	0.06409	0.066139	0.052778	-0.733032	4542800.0
2015-03-20	0.00067	0.067923	0.07318200000000001	0.064803	0.07520299999999999	8207000.0
2015-03-19	-0.00773	0.061702	0.06409	0.052858	-0.874008	2880800.0
2015-03-18	0.003754	0.05894099999999999	0.07066	0.040919	0.42290500000000003	5280200.0
2015-03-17	-0.001749	0.059216	0.064622	0.052391999999999994	-0.19735	3822800.0
2015-03-16	0.011201000000000001	0.068661	0.076816	0.066689	1.249893	4674700.0
2015-03-13	-0.02062	0.059877	0.06725	0.033020999999999995	-2.349426	7361500.0
2015-03-12	0.024506	0.082164	0.092235	0.08153400000000001	2.725334	4907800.0
2015-03-11	0.008006999999999998	0.067534	0.077776	0.063818	0.8833700000000001	3747900.0
2015-03-10	-0.035729000000000004	0.053602	0.057361	0.025547	-4.087983	5583800.0
2015-03-09	0.019426	0.062843	0.088681	0.062843	2.1802599999999996	4127100.0
2015-03-06	-0.011259	0.051845	0.060302	0.047264	-1.278091	3663100.0
2015-03-05	-0.002065	0.066288	0.06804600000000001	0.058024	-0.23494	1928300.0
2015-03-04	-0.005423	0.060155999999999994	0.06138	0.053773	-0.620247	2123200.0
2015-03-03	-0.012095	0.053639	0.061499	0.046124	-1.400245	3187500.0
2015-03-02	0.010499	0.06409	0.077968	0.060948	1.202888	2325900.0
2015-02-27	-0.006195	0.06304900000000001	0.065652	0.05645700000000001	-0.71421	3085300.0
2015-02-26	-0.005674	0.06365900000000001	0.06564299999999999	0.053567	-0.65786	2498200.0
2015-02-25	-0.003393	0.064606	0.068732	0.056870000000000004	-0.39468400000000003	2872900.0
2015-02-24	0.000566	0.06151	0.067703	0.057812	0.06578099999999999	2455400.0
2015-02-23	-0.0031420000000000003	0.059975	0.064519	0.055174	-0.36650900000000003	2737300.0
2015-02-20	0.009762999999999999	0.06478300000000001	0.077423	0.056212	1.127716	4062200.0
2015-02-19	0.007542	0.060514	0.0729	0.060514	0.8645940000000001	3407000.0
2015-02-18	0.005522999999999999	0.06409	0.075843	0.061371	0.629638	3475200.0
2015-02-17	0.0005769999999999999	0.06189600000000001	0.06979500000000001	0.058123	0.065789	3241200.0
2015-02-13	0.013881000000000001	0.061866	0.08001699999999999	0.061866	1.560028	3802100.0
2015-02-12	0.0075829999999999995	0.068393	0.075476	0.065256	0.8457709999999999	2897000.0
2015-02-11	-0.000589	0.06185	0.066778	0.057012	-0.06577999999999999	2707600.0
2015-02-10	0.000671	0.074935	0.077894	0.066238	0.074791	2560000.0
2015-02-09	-0.00409	0.066521	0.07098600000000001	0.061788	-0.458016	2560700.0
2015-02-06	-0.0024980000000000002	0.068845	0.07793	0.063322	-0.280441	2829600.0
2015-02-05	0.019696	0.07409299999999999	0.093167	0.071005	2.168587	4687300.0
2015-02-04	-0.009252	0.068565	0.070814	0.056866999999999994	-1.028198	3208400.0
2015-02-03	0.019815	0.079001	0.096804	0.068356	2.159225	4491500.0
2015-02-02	0.015681999999999998	0.07346	0.08772	0.06302100000000001	1.682518	3516900.0
2015-01-30	-0.014341	0.056687	0.067803	0.053104	-1.561005	4623100.0
2015-01-29	-0.00402	0.069459	0.07083099999999999	0.047407	-0.43931499999999996	6328600.0
2015-01-28	-0.018798	0.0718	0.0718	0.048547	-2.093804	4341100.0
2015-01-27	0.003453	0.049554	0.084329	0.036131	0.38324	7328100.0
2015-01-26	-0.010251999999999999	0.068487	0.06929	0.054666	-1.149727	5693900.0
2015-01-23	-0.0039020000000000005	0.069114	0.074266	0.065206	-0.439316	4298400.0
2015-01-22	0.01193	0.076386	0.084654	0.067398	1.327309	6562900.0
2015-01-21	0.012763	0.068277	0.085936	0.066821	1.402107	7177600.0
2015-01-20	0.011881000000000001	0.073785	0.084378	0.067522	1.2899479999999999	5466000.0
2015-01-16	0.023168	0.066715	0.096401	0.066432	2.458336	5773200.0
2015-01-15	0.0	0.07595	0.08085099999999999	0.06548999999999999	0.0	3170600.0
2015-01-14	-0.0071719999999999996	0.058878	0.068234	0.053732	-0.766472	3496100.0
2015-01-13	-0.0009609999999999999	0.07992	0.092165	0.060945000000000006	-0.10282899999999999	4196400.0
2015-01-12	0.003771	0.07395299999999999	0.076674	0.060441999999999996	0.401939	5016200.0
2015-01-09	-0.005495	0.072437	0.074304	0.057974	-0.588882	3825100.0
2015-01-08	0.017032	0.081118	0.09136699999999999	0.07523400000000001	1.7946849999999999	3899900.0
2015-01-07	0.01085	0.077787	0.087284	0.074621	1.131027	3102200.0
2015-01-06	-0.014144	0.061786	0.06906799999999999	0.042493	-1.495575	5772300.0
2015-01-05	-0.01669	0.06526799999999999	0.07372999999999999	0.049366	-1.7946849999999999	4765300.0
2015-01-02	0.000348	0.071127	0.075778	0.058661000000000005	0.037376	3140100.0
2014-12-31	-0.010327	0.073507	0.076269	0.058408	-1.121666	2363500.0
2014-12-30	-0.005647999999999999	0.070099	0.070099	0.061311000000000004	-0.6169279999999999	2178000.0
2014-12-29	-0.0032409999999999995	0.061702999999999994	0.070737	0.061702999999999994	-0.355194	2490700.0
2014-12-26	0.002823	0.075407	0.07796900000000001	0.071563	0.308449	1596700.0
2014-12-24	-0.002559	0.07393200000000001	0.076396	0.066721	-0.280403	1017900.0
2014-12-23	0.000598	0.073113	0.077862	0.067815	0.065429	2715900.0
2014-12-22	0.01341	0.06695599999999999	0.084726	0.06695599999999999	1.4488450000000002	3058100.0
2014-12-19	-0.011714	0.063605	0.07192799999999999	0.055372000000000005	-1.280601	7871600.0
2014-12-18	0.026866	0.081565	0.098566	0.07546	2.8602830000000004	4740000.0
2014-12-17	0.005917	0.07247	0.080312	0.056503	0.626274	5023600.0
2014-12-16	0.011795	0.072884	0.096496	0.06427999999999999	1.233848	5139300.0
2014-12-15	-0.00214	0.07468999999999999	0.082226	0.06476900000000001	-0.224342	4597400.0
2014-12-12	-0.016572999999999997	0.036991	0.06626	0.032862999999999996	-1.7666400000000002	5867300.0
2014-12-11	0.004758	0.07547999999999999	0.08264400000000001	0.067563	0.504761	5286100.0
2014-12-10	-0.012958	0.06526599999999999	0.07019700000000001	0.054567	-1.3927530000000001	7863500.0
2014-12-09	0.017159999999999998	0.062064999999999995	0.088278	0.055724	1.8133689999999998	5888700.0
2014-12-08	0.015815	0.079053	0.101163	0.072036	1.645134	6350200.0
2014-12-05	0.000719	0.072422	0.07405700000000001	0.06241699999999999	0.074784	3021700.0
2014-12-04	0.001982	0.064812	0.072041	0.0598	0.205619	4602600.0
2014-12-03	0.011944	0.07197	0.086797	0.06884900000000001	1.2245110000000001	3411400.0
2014-12-02	-9.1e-05	0.07119	0.079968	0.067874	-0.009323	2753700.0
2014-12-01	-0.003543	0.059912	0.071768	0.056413	-0.364571	3458800.0
2014-11-28	-0.000726	0.074486	0.07604	0.06749400000000001	-0.074791	2121500.0
2014-11-26	-0.013875	0.070591	0.072506	0.051916	-1.4488219999999998	5268800.0
2014-11-25	0.026841000000000004	0.082609	0.103948	0.078773	2.729423	8103400.0
2014-11-24	-0.01369	0.056828	0.08340399999999999	0.051493	-1.411438	9706600.0
2014-11-21	0.0136	0.083097	0.087422	0.08113	1.3834	3572100.0
2014-11-20	0.0014730000000000001	0.063327	0.07179400000000001	0.062047000000000005	0.149559	2195700.0
2014-11-19	-0.001287	0.067366	0.070021	0.064023	-0.130867	2271200.0
2014-11-18	0.013318	0.073113	0.086963	0.06902799999999999	1.33667	2679300.0
2014-11-17	-0.0007440000000000001	0.06743500000000001	0.072613	0.066838	-0.074775	2394500.0
2014-11-14	-0.006381	0.067648	0.072594	0.062404999999999995	-0.6449819999999999	2935500.0
2014-11-13	0.0	0.071605	0.07803600000000001	0.068143	0.0	4211700.0
2014-11-12	0.004365	0.069825	0.075687	0.066745	0.43934700000000004	3182600.0
2014-11-11	-0.006789	0.075687	0.077167	0.06611399999999999	-0.687951	2949500.0
2014-11-10	-0.000733	0.075391	0.077166	0.071644	-0.074371	3523700.0
2014-11-07	0.004605	0.074795	0.08064	0.06944600000000001	0.46483599999999997	3253500.0
2014-11-06	0.006022	0.075388	0.08465700000000001	0.074192	0.604264	3581300.0
2014-11-05	0.009824	0.08242999999999999	0.091388	0.0777	0.9761270000000001	6698900.0
2014-11-04	0.005456	0.08277000000000001	0.08570499999999999	0.07599	0.539154	3992400.0
2014-11-03	-0.006542	0.07990900000000001	0.080714	0.06593500000000001	-0.650726	4587600.0
2014-10-31	0.006207	0.090759	0.091973	0.082161	0.613571	4461100.0
2014-10-30	0.004629	0.06918300000000001	0.083207	0.064	0.455513	2890500.0
2014-10-29	-0.003952000000000001	0.080242	0.085809	0.067083	-0.390457	4060700.0
2014-10-28	0.019964	0.083637	0.099742	0.082604	1.9336470000000001	4173500.0
2014-10-27	0.003564	0.075376	0.08066	0.072268	0.343987	2957500.0
2014-10-24	0.006203	0.075478	0.08288	0.071725	0.594947	3657900.0
2014-10-23	0.019767	0.093654	0.10503	0.089295	1.859284	5691500.0
2014-10-22	-0.007845	0.08760599999999999	0.08760599999999999	0.065983	-0.743714	6181400.0
2014-10-21	0.004927	0.103671	0.10398900000000001	0.067207	0.46481400000000006	12554100.0
2014-10-20	-0.000492	0.074521	0.07823	0.069754	-0.046471	6394300.0
2014-10-17	0.023178	0.087286	0.10549800000000001	0.086635	2.138145	7282000.0
2014-10-16	0.000605	0.06473200000000001	0.08566599999999999	0.062453999999999996	0.055802	6099100.0
2014-10-15	-0.009489000000000001	0.06429800000000001	0.069993	0.045389	-0.8831479999999999	7105000.0
2014-10-14	0.008156	0.08002000000000001	0.095184	0.078612	0.7530060000000001	4573000.0
2014-10-13	-0.006304	0.07687100000000001	0.08666599999999999	0.067937	-0.5856779999999999	5111200.0
2014-10-10	0.0	0.076225	0.08462	0.06826	0.0	6678100.0
2014-10-09	-0.026211	0.07170399999999999	0.076525	0.04634	-2.500725	6739600.0
2014-10-08	0.011931	0.078657	0.089263	0.067944	1.124855	6249400.0
2014-10-07	-0.026866	0.071765	0.073313	0.046374	-2.602982	5991500.0
2014-10-06	-0.0019149999999999998	0.08227999999999999	0.087225	0.068785	-0.185936	2981900.0
2014-10-03	0.01143	0.08266799999999999	0.089649	0.079438	1.096985	3044800.0
2014-10-02	-0.005778	0.07434	0.077034	0.061288	-0.55777	4034300.0
2014-10-01	-0.016666999999999998	0.071612	0.072122	0.053684	-1.636184	5864700.0
2014-09-30	0.004949	0.08039600000000001	0.087255	0.075585	0.48341300000000004	5014100.0
2014-09-29	-0.0015199999999999999	0.067101	0.07824199999999999	0.065772	-0.14873499999999998	2896800.0
2014-09-26	0.007178	0.073216	0.08484900000000001	0.073216	0.697228	4076400.0
2014-09-25	-0.014896000000000001	0.074977	0.075586	0.057737000000000004	-1.468826	3936200.0
2014-09-24	0.006166	0.07783	0.084156	0.07282999999999999	0.604255	3826800.0
2014-09-23	-0.009862000000000001	0.075788	0.075788	0.061239	-0.9761200000000001	3839100.0
2014-09-22	-0.018257	0.071521	0.075786	0.055055999999999994	-1.840683	4142300.0
2014-09-19	-0.0006450000000000001	0.081436	0.082427	0.072119	-0.065063	5947500.0
2014-09-18	0.004536	0.069513	0.08196	0.069513	0.455513	3439700.0
2014-09-17	-0.004699	0.076876	0.07975	0.066569	-0.47411400000000004	4109000.0
2014-09-16	0.002031	0.07082100000000001	0.08105	0.065458	0.204521	3089800.0
2014-09-15	-0.000277	0.07499199999999999	0.076878	0.06973	-0.027885000000000004	2515000.0
2014-09-12	-0.001475	0.072713	0.076976	0.070135	-0.14875	2920400.0
2014-09-11	9.2e-05	0.07350599999999999	0.077967	0.071226	0.0093	2270600.0
2014-09-10	-0.001564	0.075687	0.081131	0.06994600000000001	-0.15804300000000002	2364600.0
2014-09-09	0.000644	0.07727200000000001	0.079451	0.073805	0.065064	2114600.0
2014-09-08	-0.0009199999999999999	0.077666	0.078062	0.07351	-0.092949	3785400.0
2014-09-05	-0.004761	0.078543	0.078543	0.067414	-0.483414	2793100.0
2014-09-04	0.000183	0.078543	0.08012000000000001	0.074308	0.018577	2856600.0
2014-09-03	0.001468	0.08505900000000001	0.08515700000000001	0.073517	0.148758	2629700.0
2014-09-02	0.009817	0.078476	0.08654500000000001	0.07309700000000001	0.9854129999999999	4142800.0
2014-08-29	-0.010357	0.075687	0.078053	0.061885	-1.050499	4717300.0
2014-08-28	0.000184	0.072828	0.077068	0.0677	0.018616	2124200.0
2014-08-27	-0.005379	0.080787	0.08216	0.067743	-0.548508	2548100.0
2014-08-26	-0.001275	0.076471	0.07911499999999999	0.073924	-0.130142	2022500.0
2014-08-25	0.0039310000000000005	0.078539	0.08316	0.078539	0.399742	1732800.0
2014-08-22	-0.0060880000000000005	0.073048	0.074514	0.067673	-0.622849	2364900.0
2014-08-21	0.0031899999999999997	0.07852999999999999	0.080687	0.073628	0.325364	2847600.0
2014-08-20	0.010593	0.076083	0.088667	0.075687	1.069099	4502200.0
2014-08-19	0.0043479999999999994	0.076583	0.080563	0.07170599999999999	0.436928	3961600.0
2014-08-18	0.023288999999999997	0.086176	0.10104400000000001	0.084343	2.286918	5036900.0
2014-08-15	-0.001324	0.081179	0.081687	0.067246	-0.130157	3106700.0
2014-08-14	0.001989	0.075585	0.08068	0.075075	0.195213	2327200.0
2014-08-13	0.011886	0.08043	0.090638	0.08043	1.1527479999999999	3487700.0
2014-08-12	-0.007662	0.077985	0.082589	0.07205	-0.7487560000000001	4352900.0
2014-08-11	-0.0022649999999999997	0.087998	0.09085700000000001	0.078912	-0.221863	3262600.0
2014-08-08	0.016694999999999998	0.08644099999999999	0.100039	0.080733	1.60846	4479800.0
2014-08-07	0.004143	0.088024	0.0899	0.08125	0.39750599999999997	4155700.0
2014-08-06	-0.011712	0.073839	0.076929	0.062405999999999996	-1.137023	5408700.0
2014-08-05	-0.000286	0.079402	0.08867	0.075901	-0.027732999999999997	5579300.0
2014-08-04	0.0028640000000000002	0.084766	0.087864	0.07815599999999999	0.277321	3982700.0
2014-08-01	-0.003804	0.079404	0.088561	0.07251200000000001	-0.369767	4731300.0
2014-07-31	-0.011562000000000001	0.07485599999999999	0.083703	0.068754	-1.137016	6528500.0
2014-07-30	-0.008851000000000001	0.086609	0.090035	0.06907100000000001	-0.8781969999999999	5977500.0
2014-07-29	-0.015231	0.079984	0.084351	0.064103	-1.534515	5480700.0
2014-07-28	0.00101	0.083062	0.084652	0.073822	0.101677	5391400.0
2014-07-25	-0.000642	0.078693	0.084253	0.07660800000000001	-0.06469	4348900.0
2014-07-24	-0.007108	0.08443200000000001	0.086306	0.072504	-0.721054	6811900.0
2014-07-23	-0.010193	0.079722	0.082259	0.068988	-1.044578	6990800.0
2014-07-22	-0.018765	0.090197	0.09153700000000001	0.044716000000000006	-1.9597630000000001	10527200.0
2014-07-21	-0.005195	0.080342	0.081104	0.072246	-0.545395	5187800.0
2014-07-18	0.007094	0.084073	0.090308	0.081963	0.739533	4244900.0
2014-07-17	-0.013904	0.077703	0.07940599999999999	0.06625700000000001	-1.469819	4875600.0
2014-07-16	-0.00418	0.08582100000000001	0.08582100000000001	0.076025	-0.44371700000000003	3503700.0
2014-07-15	-0.000348	0.08440800000000001	0.094672	0.079511	-0.03695	4488700.0
2014-07-14	0.006571	0.089827	0.093334	0.086889	0.693291	3017400.0
2014-07-11	0.005462	0.084534	0.091682	0.082057	0.57312	3697600.0
2014-07-10	-0.0028989999999999997	0.071793	0.082531	0.068467	-0.305046	3654800.0
2014-07-09	-0.002016	0.084426	0.085849	0.075227	-0.21261599999999997	3358400.0
2014-07-08	-0.008948999999999999	0.078481	0.08177100000000001	0.070962	-0.952141	2861900.0
2014-07-07	-0.003722	0.08252000000000001	0.084299	0.07409199999999999	-0.39750599999999997	3779200.0
2014-07-03	0.003387	0.085341	0.089851	0.084119	0.360519	1746000.0
2014-07-02	-0.006814	0.082237	0.082237	0.070293	-0.730278	3821500.0
2014-07-01	0.004158	0.086643	0.09132799999999999	0.08223899999999999	0.44371800000000006	3245300.0
2014-06-30	-0.009693	0.08000800000000001	0.08000800000000001	0.068965	-1.044586	3377200.0
2014-06-27	0.007170999999999999	0.081584	0.089528	0.079247	0.767265	9124000.0
2014-06-26	-0.003186	0.081212	0.082702	0.071896	-0.342041	2914100.0
2014-06-25	0.003804	0.081397	0.087943	0.078778	0.406754	2467300.0
2014-06-24	-0.012379000000000001	0.077707	0.080478	0.068102	-1.340401	2770300.0
2014-06-23	-0.007289	0.079845	0.081221	0.070035	-0.794983	2101000.0
2014-06-20	0.0034869999999999996	0.086647	0.088211	0.080483	0.37899	5249700.0
2014-06-19	0.002986	0.083985	0.086477	0.076511	0.32355500000000004	2256900.0
2014-06-18	0.0018800000000000002	0.08251	0.086023	0.071786	0.203369	2896300.0
2014-06-17	0.001198	0.07714299999999999	0.086306	0.07556900000000001	0.129418	2244000.0
2014-06-16	0.000685	0.079362	0.085661	0.076306	0.07394400000000001	1809700.0
2014-06-13	-0.000513	0.082419	0.085659	0.076679	-0.05545800000000001	1919700.0
2014-06-12	-0.012256999999999999	0.07765599999999999	0.081222	0.06586	-1.340393	2537500.0
2014-06-11	-0.006967	0.076958	0.077775	0.070238	-0.767258	2167200.0
2014-06-10	-0.007994	0.078167	0.079519	0.06798799999999999	-0.887451	2620100.0
2014-06-09	0.010008	0.08267999999999999	0.093507	0.077949	1.100052	3177100.0
2014-06-06	0.006178	0.084151	0.088453	0.08277799999999999	0.6748270000000001	1958000.0
2014-06-05	0.008793	0.083064	0.093407	0.079831	0.952141	2803300.0
2014-06-04	-0.005772	0.082505	0.08324	0.072589	-0.6286010000000001	2778400.0
2014-06-03	0.003578	0.087299	0.089327	0.083245	0.38826	5362600.0
2014-06-02	0.010153	0.083539	0.09415	0.081585	1.0908129999999998	2690700.0
2014-05-30	-0.001118	0.081213	0.085862	0.076471	-0.12019400000000001	3661800.0
2014-05-29	0.00345	0.084383	0.08830199999999999	0.080278	0.369782	2279200.0
2014-05-28	0.000863	0.082518	0.08830700000000001	0.081584	0.09243	1977400.0
2014-05-27	0.0026829999999999996	0.08692000000000001	0.089167	0.082801	0.286575	1988300.0
2014-05-23	0.004346	0.081959	0.087601	0.080736	0.46218100000000006	1505100.0
2014-05-22	0.0017420000000000003	0.07828500000000001	0.08808200000000001	0.07649600000000001	0.184899	2176400.0
2014-05-21	0.015385	0.08655299999999999	0.099561	0.08655299999999999	1.608474	3330100.0
2014-05-20	-0.016693	0.079984	0.08280499999999999	0.05901	-1.7748560000000002	3751200.0
2014-05-19	0.0038399999999999997	0.076956	0.09111799999999999	0.07554	0.406738	3205300.0
2014-05-16	-0.00968	0.08336	0.086633	0.070364	-1.035339	4486300.0
2014-05-15	-0.013808	0.07928099999999999	0.081125	0.063514	-1.497551	2864200.0
2014-05-14	-0.007025	0.085525	0.085616	0.07270599999999999	-0.767258	1767800.0
2014-05-13	0.000927	0.09074700000000001	0.092305	0.087631	0.101189	2077100.0
2014-05-12	0.014018000000000001	0.09135399999999999	0.103528	0.09089	1.508483	2795300.0
2014-05-09	-0.000256	0.085315	0.089588	0.07909	-0.027587	2185000.0
2014-05-08	0.000941	0.086801	0.098146	0.085964	0.101173	2520200.0
2014-05-07	0.007758	0.08960900000000001	0.097106	0.083611	0.8278270000000001	2605300.0
2014-05-06	-0.006934	0.082613	0.085311	0.078704	-0.7450399999999999	1958000.0
2014-05-05	0.002575	0.082601	0.093051	0.077749	0.275947	2825300.0
2014-05-02	-0.002397	0.08000499999999999	0.092943	0.07833	-0.25756100000000004	5802400.0
2014-05-01	-0.01293	0.08441599999999999	0.088918	0.07137	-1.40731	4122100.0
2014-04-30	0.00655	0.087635	0.09891699999999999	0.08634	0.708259	2841100.0
2014-04-29	-0.00119	0.08920499999999999	0.093176	0.081261	-0.12878399999999998	2983400.0
2014-04-28	0.004181	0.092831	0.098025	0.079567	0.450722	3378100.0
2014-04-25	-0.014875999999999999	0.08242100000000001	0.085985	0.068075	-1.628075	3439400.0
2014-04-24	-0.0056	0.09108	0.09108	0.077178	-0.616279	2150300.0
2014-04-23	0.0038590000000000005	0.08616900000000001	0.094014	0.084892	0.42310299999999995	2683300.0
2014-04-22	0.007523	0.096179	0.10886099999999999	0.093606	0.818649	4189300.0
2014-04-21	-0.002277	0.088181	0.091665	0.083688	-0.24835900000000002	2685000.0
2014-04-17	0.004235	0.091132	0.098406	0.087449	0.4599	3314100.0
2014-04-16	0.019251	0.09805900000000001	0.10828900000000001	0.08782999999999999	2.051201	2926400.0
2014-04-15	0.00783	0.09057799999999999	0.097955	0.07761900000000001	0.827835	2794000.0
2014-04-14	0.008865000000000001	0.094711	0.100246	0.087363	0.9290229999999999	2280700.0
2014-04-11	-0.005499	0.08328200000000001	0.093341	0.07749299999999999	-0.57949	3111900.0
2014-04-10	-0.021189	0.086894	0.09061	0.063486	-2.281136	3075600.0
2014-04-09	0.01097	0.08999	0.099381	0.085576	1.168144	2552300.0
2014-04-08	-0.003529	0.08380399999999999	0.088763	0.07556900000000001	-0.37711300000000003	2442900.0
2014-04-07	-0.016923	0.078157	0.091588	0.06813	-1.8396299999999999	3493800.0
2014-04-04	-0.013275	0.09143899999999999	0.093708	0.070925	-1.462502	3700000.0
2014-04-03	-0.000834	0.088261	0.088352	0.08037000000000001	-0.091987	3775300.0
2014-04-02	0.016537	0.102754	0.107548	0.094825	1.793648	7473200.0
2014-04-01	0.009244	0.089499	0.097966	0.086615	0.993423	3304000.0
2014-03-31	0.017681	0.09351699999999999	0.10753199999999999	0.091623	1.8672099999999998	3605400.0
2014-03-28	0.008875	0.090994	0.10284000000000001	0.09022999999999999	0.929009	2457100.0
2014-03-27	-0.006808	0.08442100000000001	0.088311	0.075028	-0.717461	2403200.0
2014-03-26	-0.005382	0.093307	0.097459	0.081322	-0.570274	3462600.0
2014-03-25	0.012747	0.093098	0.101413	0.087555	1.333717	3453300.0
2014-03-24	-0.007156999999999999	0.090968	0.093151	0.07161000000000001	-0.754242	3124900.0
2014-03-21	0.007031999999999999	0.113451	0.12377200000000001	0.093288	0.735855	10342400.0
2014-03-20	-0.002105	0.087363	0.09184500000000001	0.077542	-0.220756	2895500.0
2014-03-19	-0.005842	0.086793	0.091154	0.069729	-0.61628	2972400.0
2014-03-18	0.00236	0.090023	0.09553500000000001	0.086507	0.24834499999999998	2554900.0
2014-03-17	0.016075	0.092676	0.10918699999999999	0.09151799999999999	1.664886	3993600.0
2014-03-14	-0.002569	0.088617	0.101329	0.082646	-0.266746	4213800.0
2014-03-13	-0.025214	0.089144	0.09365	0.05441	-2.685883	5926400.0
2014-03-12	0.00147	0.08501	0.088959	0.076549	0.156364	3184200.0
2014-03-11	-0.018086	0.087357	0.087634	0.066218	-1.9591900000000002	3350400.0
2014-03-10	-0.004564	0.086162	0.088	0.07421599999999999	-0.496704	2474300.0
2014-03-07	0.0046700000000000005	0.09160399999999999	0.093081	0.08569500000000001	0.50589	2912900.0
2014-03-06	0.0029809999999999997	0.093377	0.094488	0.085784	0.321945	1786900.0
2014-03-05	-0.001531	0.092443	0.094847	0.08476900000000001	-0.16555799999999998	2487400.0
2014-03-04	0.007108	0.096856	0.100301	0.090804	0.763436	3217100.0
2014-03-03	-0.002222	0.07397999999999999	0.087916	0.072587	-0.23915100000000003	3125600.0
2014-02-28	0.0035159999999999996	0.090063	0.09929299999999999	0.08335	0.377121	3272200.0
2014-02-27	0.004306	0.08736000000000001	0.092041	0.082865	0.459899	2147100.0
2014-02-26	0.001898	0.087173	0.09561599999999999	0.08454600000000001	0.20236300000000002	2951600.0
2014-02-25	-0.005151	0.083066	0.088853	0.078493	-0.55188	2569500.0
2014-02-24	0.00962	0.090848	0.107902	0.08641900000000001	1.021003	3331500.0
2014-02-21	0.002868	0.08944099999999999	0.09690599999999999	0.08405399999999999	0.303528	3660000.0
2014-02-20	0.008856999999999999	0.090223	0.100138	0.08173899999999999	0.929016	3096800.0
2014-02-19	0.0026379999999999997	0.08430499999999999	0.101893	0.084018	0.27594	4196200.0
2014-02-18	-0.001142	0.08841399999999999	0.089464	0.078484	-0.119575	2392800.0
2014-02-14	0.005031	0.086789	0.095233	0.078249	0.524292	3466600.0
2014-02-13	0.004611	0.081389	0.094885	0.076665	0.478317	2520900.0
2014-02-12	0.0036490000000000003	0.08872100000000001	0.091913	0.083303	0.377129	3006300.0
2014-02-11	0.012186	0.09435	0.108549	0.090824	1.244407	3364000.0
2014-02-10	0.007857	0.091499	0.102257	0.088933	0.796067	4094000.0
2014-02-07	0.011695	0.098672	0.110056	0.098273	1.171226	3982500.0
2014-02-06	0.014271	0.094805	0.108984	0.094805	1.409096	3717700.0
2014-02-05	-0.010907	0.084867	0.090777	0.071845	-1.08886	6864500.0
2014-02-04	-0.009622	0.075123	0.09149199999999999	0.066491	-0.969909	9759600.0
2014-02-03	-0.033854	0.09374299999999999	0.09978200000000001	0.055402999999999994	-3.531968	5262200.0
2014-01-31	-0.005755	0.07668	0.095263	0.070867	-0.603889	3482000.0
2014-01-30	0.012448	0.099731	0.112178	0.09654700000000001	1.290176	3210800.0
2014-01-29	-0.005182	0.085202	0.094705	0.07915499999999999	-0.539863	3881200.0
2014-01-28	0.000615	0.09096	0.094225	0.08519700000000001	0.064049	3662100.0
2014-01-27	0.0178	0.093663	0.122304	0.090632	1.8208689999999998	7665000.0
2014-01-24	-0.026470999999999998	0.085077	0.08821799999999999	0.063665	-2.781616	5119800.0
2014-01-23	-0.011023	0.083093	0.090998	0.07754	-1.1712420000000001	4086400.0
2014-01-22	0.009826999999999999	0.11664100000000001	0.12338900000000001	0.09725299999999999	1.033966	5042800.0
2014-01-21	0.00683	0.098909	0.10981800000000001	0.095273	0.713715	4737200.0
2014-01-17	-8.8e-05	0.08781	0.095273	0.087427	-0.009156000000000001	4284300.0
2014-01-16	0.001315	0.09106	0.095947	0.088282	0.137253	2653100.0
2014-01-15	0.012785	0.092299	0.108891	0.09210399999999999	1.317612	2271800.0
2014-01-14	-0.001507	0.09162100000000001	0.09879099999999999	0.086293	-0.155541	3430500.0
2014-01-13	-0.009049	0.087408	0.097873	0.081264	-0.942466	3259500.0
2014-01-10	0.0010550000000000002	0.098071	0.10249200000000001	0.08605700000000001	0.109802	2248200.0
2014-01-09	0.000528	0.09692	0.098458	0.08711100000000001	0.054901	2123200.0
2014-01-08	0.001233	0.087393	0.09702100000000001	0.083734	0.128105	3141400.0
2014-01-07	0.006384	0.096078	0.104314	0.093947	0.658806	2500300.0
2014-01-06	-0.000974	0.097527	0.10198	0.08571799999999999	-0.10063899999999999	2956800.0
2014-01-03	0.0036450000000000002	0.09735	0.10279100000000001	0.095213	0.375145	2314900.0
2014-01-02	-0.011511	0.084238	0.087215	0.078572	-1.198654	2649500.0
2013-12-31	0.009492	0.09705	0.104611	0.096274	0.979049	2103200.0
2013-12-30	-0.000621	0.09385	0.09385	0.086099	-0.064049	1614900.0
2013-12-27	0.000976	0.094433	0.096275	0.090456	0.100663	1593900.0
2013-12-26	0.010945	0.09425399999999999	0.105528	0.093763	1.1163100000000001	2449400.0
2013-12-24	0.0058649999999999996	0.092684	0.100573	0.0915	0.594757	747900.0
2013-12-23	0.001446	0.100386	0.10088	0.09199199999999999	0.146385	1967500.0
2013-12-20	0.010594	0.090086	0.109149	0.088589	1.06144	4618000.0
2013-12-19	-0.002823	0.091089	0.094672	0.08671	-0.283661	2927400.0
2013-12-18	0.020349000000000003	0.09673999999999999	0.115526	0.086077	2.003875	3715800.0
2013-12-17	-0.008385	0.097513	0.098923	0.0813	-0.832664	3451700.0
2013-12-16	0.010992	0.097564	0.110901	0.094408	1.079727	3276700.0
2013-12-13	-0.006846	0.073367	0.09085900000000001	0.070738	-0.6771010000000001	4519600.0
2013-12-12	-0.005246	0.091272	0.095596	0.07980599999999999	-0.521576	3652100.0
2013-12-11	-0.020905	0.09386599999999999	0.095047	0.069936	-2.122841	3455900.0
2013-12-10	-0.0017989999999999998	0.087868	0.097108	0.082166	-0.18298299999999998	2809600.0
2013-12-09	0.00054	0.092192	0.09711	0.088848	0.054893	2803000.0
2013-12-06	0.018982	0.104807	0.114428	0.103103	1.8940740000000003	2456500.0
2013-12-05	0.00101	0.084354	0.099301	0.084354	0.100647	2024000.0
2013-12-04	-0.006837	0.089394	0.091585	0.075943	-0.686264	2511000.0
2013-12-03	-0.00562	0.089017	0.095061	0.082478	-0.567292	3294200.0
2013-12-02	-0.004961	0.095937	0.098204	0.085487	-0.503257	2091300.0
2013-11-29	-0.005829	0.090823	0.093861	0.08494199999999999	-0.594757	1301000.0
2013-11-27	0.005138	0.095738	0.102338	0.09426	0.521545	1770500.0
2013-11-26	0.005711	0.093872	0.104671	0.092286	0.576469	2825900.0
2013-11-25	0.000998	0.100319	0.100715	0.09179	0.10064	2155100.0
2013-11-22	0.003917	0.09258200000000001	0.09845599999999999	0.087505	0.393455	2467300.0
2013-11-21	0.008637	0.09579299999999999	0.10312400000000001	0.094488	0.860123	1964100.0
2013-11-20	-0.002475	0.09488400000000001	0.098591	0.087872	-0.247063	2239900.0
2013-11-19	-0.000275	0.090778	0.096486	0.089576	-0.027443000000000002	1877700.0
2013-11-18	0.004973	0.09298200000000001	0.10616600000000001	0.09298200000000001	0.494126	2415200.0
2013-11-15	-0.0009199999999999999	0.094188	0.095998	0.087853	-0.091515	2974400.0
2013-11-14	0.011446	0.103458	0.10823800000000001	0.093084	1.125458	2561000.0
2013-11-13	0.005615	0.089711	0.09983600000000001	0.08429	0.549026	2797600.0
2013-11-12	-0.005829	0.096983	0.09779600000000001	0.089459	-0.573318	3004400.0
2013-11-11	-0.00433	0.098814	0.09942100000000001	0.09112	-0.427704	2409700.0
2013-11-08	0.011933	0.096252	0.11243800000000001	0.093998	1.1648180000000001	2950900.0
2013-11-07	-0.012883000000000002	0.100027	0.10498199999999999	0.082937	-1.27401	2536000.0
2013-11-06	0.009193999999999999	0.104528	0.11218199999999999	0.103201	0.9009020000000001	3150300.0
2013-11-05	-0.002778	0.094946	0.101764	0.08599	-0.27301	2289600.0
2013-11-04	0.004372	0.107092	0.108421	0.098608	0.42768100000000003	2293700.0
2013-11-01	0.011859	0.100983	0.114222	0.10057	1.146591	2511000.0
2013-10-31	0.002832	0.098396	0.112295	0.09663300000000001	0.273025	2963800.0
2013-10-30	-0.004417	0.10067000000000001	0.107279	0.091274	-0.427704	2031400.0
2013-10-29	0.004057	0.099226	0.103684	0.09652999999999999	0.391289	2246500.0
2013-10-28	-0.014230000000000001	0.09452	0.096053	0.08246	-1.39228	3284200.0
2013-10-25	0.004297	0.097375	0.10373900000000001	0.093475	0.418609	2732500.0
2013-10-24	0.006297	0.108831	0.110277	0.09705599999999999	0.60968	2654700.0
2013-10-23	0.00245	0.09963999999999999	0.10709500000000001	0.094048	0.23658800000000002	3399000.0
2013-10-22	-0.013845	0.098915	0.10851300000000001	0.072877	-1.355881	5832200.0
2013-10-21	-0.001114	0.100547	0.10095499999999999	0.09085700000000001	-0.10918399999999999	2958000.0
2013-10-18	-0.002592	0.099525	0.10318800000000002	0.089149	-0.254791	2708200.0
2013-10-17	0.014939	0.094269	0.11677799999999999	0.094269	1.446861	2069500.0
2013-10-16	0.005954999999999999	0.10628900000000001	0.11283299999999999	0.10068099999999999	0.573288	3246200.0
2013-10-15	-0.01029	0.098092	0.099018	0.087299	-1.000984	2710200.0
2013-10-14	-0.0010279999999999998	0.088851	0.099531	0.085257	-0.100098	2435300.0
2013-10-11	0.010291	0.096425	0.110431	0.093209	0.991898	3201600.0
2013-10-10	0.029949	0.115264	0.131827	0.111097	2.802757	3419500.0
2013-10-09	0.000778	0.10148099999999999	0.105652	0.093033	0.072792	3548600.0
2013-10-08	-0.012208	0.098704	0.10366800000000001	0.08518200000000001	-1.155685	2200500.0
2013-10-07	-0.002301	0.090168	0.103974	0.08553	-0.218369	2164100.0
2013-10-04	0.005593	0.099763	0.108771	0.094782	0.527779	2111500.0
2013-10-03	-0.012288	0.097345	0.098915	0.075362	-1.1738899999999999	4264800.0
2013-10-02	-0.02235	0.092365	0.09257	0.069953	-2.183967	5604500.0
2013-10-01	-0.004081	0.101565	0.10564200000000001	0.083932	-0.400406	4995300.0
2013-09-30	-0.014081999999999999	0.093891	0.095398	0.080224	-1.401382	3333000.0
2013-09-27	-0.002736	0.092201	0.098013	0.085286	-0.27298	1846800.0
2013-09-26	0.0036609999999999998	0.103039	0.11018	0.09740599999999999	0.363983	2577300.0
2013-09-25	-0.0067269999999999995	0.09751599999999999	0.107806	0.091222	-0.673393	2458000.0
2013-09-24	0.005301	0.100221	0.110766	0.095701	0.5278010000000001	2520000.0
2013-09-23	-0.00146	0.09991799999999999	0.111551	0.094101	-0.145591	3095900.0
2013-09-20	-0.021606999999999998	0.098915	0.100779	0.075171	-2.202172	5758400.0
2013-09-19	0.008918	0.10396300000000001	0.11326900000000001	0.10218200000000001	0.9008709999999999	3094700.0
2013-09-18	0.0056159999999999995	0.096028	0.10588299999999999	0.084182	0.564194	3718700.0
2013-09-17	0.00629	0.097913	0.116646	0.09681100000000001	0.627899	3361400.0
2013-09-16	0.012086	0.110473	0.11523800000000001	0.10560599999999999	1.192093	2819500.0
2013-09-13	0.005193	0.100749	0.104622	0.094533	0.50959	2219100.0
2013-09-12	0.0	0.098609	0.11216300000000001	0.097081	0.0	3514000.0
2013-09-11	0.014775	0.104189	0.115151	0.10057	1.4286729999999999	3121300.0
2013-09-10	0.017037	0.10701400000000001	0.11921500000000002	0.10438399999999999	1.619782	2881100.0
2013-09-09	0.012109	0.102215	0.115628	0.102215	1.137497	2194400.0
2013-09-06	-0.00434	0.10357899999999999	0.106546	0.08301599999999999	-0.409493	2444100.0
2013-09-05	0.0030960000000000002	0.09753300000000001	0.107102	0.093386	0.291191	1672700.0
2013-09-04	0.006818	0.09656	0.10694300000000001	0.09249199999999999	0.6369779999999999	2567900.0
2013-09-03	0.025575	0.109893	0.132179	0.10978299999999999	2.329583	4633500.0
2013-08-30	-0.0035840000000000004	0.101868	0.102525	0.09093	-0.327599	2492500.0
2013-08-29	0.004801	0.096167	0.10891700000000001	0.093639	0.43679799999999996	2323500.0
2013-08-28	0.0004	0.09726599999999999	0.103753	0.096386	0.0364	2397200.0
2013-08-27	-0.02307	0.08720599999999999	0.09375900000000001	0.070985	-2.147583	3082700.0
2013-08-26	-0.004864	0.099984	0.10618399999999999	0.09357	-0.454979	1657200.0
2013-08-23	-0.0015539999999999998	0.099342	0.107347	0.095606	-0.145592	2606900.0
2013-08-22	0.012389	0.103129	0.123767	0.098375	1.146569	2703400.0
2013-08-21	-0.006836	0.09676900000000001	0.099773	0.08614400000000001	-0.636994	3075000.0
2013-08-20	-0.002241	0.098915	0.102234	0.091098	-0.20928899999999998	2961800.0
2013-08-19	-0.004366	0.09625	0.102646	0.093051	-0.409508	2222900.0
2013-08-16	0.000874	0.098595	0.106704	0.09603400000000001	0.08190900000000001	3318500.0
2013-08-15	-0.019703000000000002	0.087409	0.08960499999999999	0.07402	-1.88369	2747300.0
2013-08-14	-0.011340000000000001	0.09907	0.102896	0.085109	-1.09655	2146900.0
2013-08-13	0.011939	0.107378	0.123807	0.102459	1.140862	2625500.0
2013-08-12	-0.000758	0.09932300000000001	0.105493	0.097023	-0.07244099999999999	2246600.0
2013-08-09	-0.006023	0.102369	0.10683800000000002	0.091143	-0.579476	1907200.0
2013-08-08	0.002169	0.110072	0.116218	0.10007200000000001	0.20824499999999999	2100400.0
2013-08-07	0.007890000000000001	0.101298	0.115051	0.09919800000000001	0.751525	2369000.0
2013-08-06	-0.013503999999999999	0.10248	0.10248	0.08507999999999999	-1.303833	3323500.0
2013-08-05	-0.010485	0.10004099999999999	0.100451	0.09235499999999999	-1.023117	3004400.0
2013-08-02	0.0055049999999999995	0.10321099999999998	0.111455	0.098368	0.534188	3284800.0
2013-08-01	0.015250999999999999	0.11334000000000001	0.1283	0.11334000000000001	1.45774	3014000.0
2013-07-31	0.0	0.10654000000000001	0.1147	0.101937	0.0	3157100.0
2013-07-30	0.004759	0.10896700000000001	0.114328	0.103396	0.45270600000000005	2960500.0
2013-07-29	0.000953	0.098661	0.106973	0.097714	0.090568	2318800.0
2013-07-26	0.001718	0.10012599999999999	0.107293	0.095911	0.16297899999999998	2644100.0
2013-07-25	-0.001905	0.105394	0.1055	0.092876	-0.181076	3339500.0
2013-07-24	-0.0012369999999999998	0.108125	0.10844000000000001	0.090158	-0.117736	4182100.0
2013-07-23	0.029477999999999997	0.117319	0.142845	0.114398	2.725357	5389300.0
2013-07-22	-0.00361	0.115764	0.115764	0.09949	-0.335007	3025100.0
2013-07-19	0.011249	0.10531900000000001	0.11709000000000001	0.102922	1.032181	3271500.0
2013-07-18	0.004759	0.105324	0.11123699999999999	0.10313399999999999	0.434623	2703000.0
2013-07-17	0.008701	0.11361500000000001	0.115604	0.10908699999999999	0.78772	2515900.0
2013-07-16	-0.002494	0.10301500000000001	0.109075	0.100151	-0.22634899999999997	2303900.0
2013-07-15	0.004107	0.10721300000000002	0.11185999999999999	0.10323099999999999	0.371216	2893300.0
2013-07-12	0.0014039999999999999	0.10356099999999999	0.11563699999999999	0.097025	0.126755	4728300.0
2013-07-11	0.019429	0.117323	0.126923	0.11607999999999999	1.7203220000000001	3736500.0
2013-07-10	-0.002346	0.104335	0.105349	0.097236	-0.20824499999999999	3142800.0
2013-07-09	0.010724	0.113444	0.1221	0.111053	0.941643	3379400.0
2013-07-08	0.0046619999999999995	0.11039700000000001	0.11863499999999999	0.107537	0.407448	2893000.0
2013-07-05	0.019001	0.113425	0.126599	0.11249200000000001	1.629753	2655900.0
2013-07-03	0.009915	0.101504	0.119872	0.096441	0.8420559999999999	1737000.0
2013-07-02	-0.009922	0.104098	0.108761	0.089875	-0.8510969999999999	3696000.0
2013-07-01	0.019367	0.10884400000000001	0.131661	0.10884400000000001	1.6297760000000001	3889500.0
2013-06-28	-0.006096	0.101022	0.10834500000000001	0.091573	-0.516098	4581600.0
2013-06-27	0.0057	0.10908	0.111693	0.10124	0.47987399999999997	4417000.0
2013-06-26	0.013075	0.114676	0.123701	0.10878	1.086525	2546700.0
2013-06-25	0.00317	0.112173	0.115916	0.10251600000000001	0.262565	3184000.0
2013-06-24	-0.0074849999999999995	0.093544	0.107922	0.08192200000000001	-0.62474	3856300.0
2013-06-21	-0.001841	0.11126400000000002	0.112819	0.09260800000000001	-0.15393099999999998	5729400.0
2013-06-20	-0.019431	0.09342400000000001	0.096122	0.081228	-1.656914	3757000.0
2013-06-19	-0.020693	0.10306900000000001	0.107089	0.081594	-1.8018189999999998	3406400.0
2013-06-18	0.012529	0.104098	0.12119200000000001	0.104098	1.077446	3084100.0
2013-06-17	0.010211	0.11560699999999999	0.125827	0.1122	0.869217	3006200.0
2013-06-14	-0.002863	0.10503299999999999	0.111007	0.096951	-0.244461	2235400.0
2013-06-13	0.017372	0.106116	0.125659	0.098608	1.457741	4092200.0
2013-06-12	-0.010674	0.11529400000000001	0.118123	0.090182	-0.9054180000000001	2545900.0
2013-06-11	-0.004886	0.094827	0.110196	0.089665	-0.416497	2627600.0
2013-06-10	-0.00381	0.105499	0.10818699999999999	0.09801900000000001	-0.325973	3479500.0
2013-06-07	0.018868	0.115998	0.12671500000000002	0.09289700000000001	1.584534	4810000.0
2013-06-06	-0.002796	0.10325999999999999	0.105991	0.090554	-0.235436	4648400.0
2013-06-05	-0.01347	0.100465	0.10151900000000001	0.08793	-1.1498950000000001	3793800.0
2013-06-04	-0.009976	0.100852	0.106651	0.086007	-0.8601530000000001	3433700.0
2013-06-03	0.0034770000000000005	0.107473	0.11434000000000001	0.09409	0.29879	4368800.0
2013-05-31	-0.011045999999999999	0.100649	0.111928	0.09224700000000001	-0.9597700000000001	4232000.0
2013-05-30	0.008831	0.10816300000000001	0.12058699999999999	0.105376	0.760559	3701400.0
2013-05-29	-0.008856999999999999	0.097773	0.100535	0.091098	-0.769608	3171500.0
2013-05-28	0.009785	0.114906	0.12280799999999999	0.109793	0.8420569999999999	3431100.0
2013-05-24	-0.004712	0.09877999999999999	0.101903	0.089412	-0.40744	2615400.0
2013-05-23	-0.007896	0.09446399999999999	0.101235	0.089301	-0.688126	3270700.0
2013-05-22	-0.013327	0.10501300000000001	0.11158	0.088144	-1.177078	4320500.0
2013-05-21	0.0032909999999999997	0.108196	0.114898	0.104334	0.289749	2791600.0
2013-05-20	-0.001233	0.10093099999999999	0.108645	0.09979600000000001	-0.108643	2625300.0
2013-05-17	0.022906	0.105724	0.130443	0.100966	1.9738310000000001	4206600.0
2013-05-16	-0.006679999999999999	0.100989	0.104678	0.095687	-0.579467	2938900.0
2013-05-15	0.00435	0.105316	0.11006300000000001	0.097443	0.37574	3042600.0
2013-05-14	0.010320999999999999	0.110875	0.122573	0.110875	0.8823770000000001	3565500.0
2013-05-13	-0.003149	0.108076	0.11145799999999999	0.105045	-0.27010300000000004	1963800.0
2013-05-10	0.005171	0.112399	0.11638399999999999	0.10841400000000001	0.441162	2529000.0
2013-05-09	0.004026	0.112171	0.12487999999999999	0.10993499999999999	0.342148	3633300.0
2013-05-08	0.0054329999999999995	0.109222	0.116676	0.107329	0.459221	2606200.0
2013-05-07	0.004064	0.111829	0.11551199999999999	0.108028	0.342125	2527100.0
2013-05-06	0.004081	0.108733	0.11922999999999999	0.10694400000000001	0.34215500000000004	2063300.0
2013-05-03	0.014823	0.12250499999999999	0.13158399999999998	0.118873	1.224526	3088100.0
2013-05-02	0.0076879999999999995	0.113569	0.124547	0.113569	0.6302409999999999	2724800.0
2013-05-01	-0.002629	0.1076	0.115021	0.10614000000000001	-0.216087	3981900.0
2013-04-30	-0.003602	0.11646	0.11803599999999999	0.103611	-0.297112	4175200.0
2013-04-29	0.005156	0.112104	0.11844	0.104183	0.42316400000000004	2993600.0
2013-04-26	-0.010422	0.109677	0.111847	0.098825	-0.8643639999999999	2927400.0
2013-04-25	0.001196	0.11547	0.125007	0.110641	0.09904500000000001	3592100.0
2013-04-24	-0.009581000000000001	0.10872799999999999	0.112794	0.097848	-0.801346	4228100.0
2013-04-23	-0.007903	0.106727	0.117996	0.075293	-0.666283	6504600.0
2013-04-22	0.004398	0.110641	0.120649	0.10254	0.369156	3133200.0
2013-04-19	0.018241	0.112704	0.13175	0.112704	1.503639	3784200.0
2013-04-18	-0.014001	0.11135899999999999	0.11375199999999999	0.091503	-1.170479	4387800.0
2013-04-17	-0.017564	0.10217999999999999	0.10335599999999999	0.085963	-1.494636	3531700.0
2013-04-16	0.010586	0.121092	0.12608	0.113017	0.891373	2843400.0
2013-04-15	-0.022677000000000003	0.106927	0.108204	0.08522300000000001	-1.9538349999999998	3956200.0
2013-04-12	-0.0013570000000000001	0.10843900000000001	0.109135	0.10310699999999999	-0.11705	2539600.0
2013-04-11	0.006723999999999999	0.11460899999999999	0.118343	0.110525	0.576248	3908900.0
2013-04-10	0.007729000000000001	0.11381600000000001	0.12534	0.112876	0.6572720000000001	3780200.0
2013-04-09	0.007897	0.11336700000000001	0.12095299999999999	0.10672999999999999	0.666291	3181300.0
2013-04-08	0.01155	0.11303900000000001	0.123589	0.108004	0.963409	2386000.0
2013-04-05	-0.005582	0.096812	0.105754	0.09562000000000001	-0.468193	2564800.0
2013-04-04	-0.000429	0.112667	0.11779200000000001	0.10778099999999999	-0.036018	3029500.0
2013-04-03	0.002258	0.112553	0.12234600000000001	0.110881	0.18908699999999998	4407400.0
2013-04-02	0.000753	0.113391	0.118052	0.109805	0.063026	2586400.0
2013-04-01	-0.005459	0.107432	0.110404	0.101963	-0.45921300000000004	2543400.0
2013-03-28	0.008854	0.11651800000000001	0.124073	0.11543800000000001	0.738312	4046700.0
2013-03-27	-0.00043200000000000004	0.106925	0.11195999999999999	0.094338	-0.036019	2442700.0
2013-03-26	-0.001616	0.11638599999999999	0.11878	0.10753	-0.135048	3004200.0
2013-03-25	-0.008440999999999999	0.11289600000000001	0.115507	0.095689	-0.711296	2353700.0
2013-03-22	0.01255	0.11496700000000001	0.125181	0.11268399999999999	1.044449	3207800.0
2013-03-21	-0.010915000000000001	0.10541199999999999	0.10897799999999999	0.096736	-0.9183959999999999	2222500.0
2013-03-20	0.0036520000000000003	0.119111	0.12125799999999999	0.113504	0.306137	3012000.0
2013-03-19	0.003665	0.11339500000000001	0.121296	0.107169	0.306107	3701100.0
2013-03-18	-0.0054670000000000005	0.106951	0.11421400000000001	0.102783	-0.459168	2980200.0
2013-03-15	-0.001819	0.108859	0.11123599999999999	0.10529300000000001	-0.153076	5577800.0
2013-03-14	0.003975	0.114221	0.11505599999999999	0.109329	0.333138	3268900.0
2013-03-13	-0.000644	0.11123800000000002	0.1141	0.10551400000000001	-0.054024	3825700.0
2013-03-12	0.0024760000000000003	0.110044	0.114586	0.102752	0.2071	3027400.0
2013-03-11	0.009124	0.11172699999999999	0.12306700000000001	0.10871199999999999	0.756324	2568300.0
2013-03-08	0.003925	0.11451700000000001	0.125174	0.112821	0.32411999999999996	3120800.0
2013-03-07	0.007028	0.112227	0.12064200000000001	0.111983	0.576263	2526400.0
2013-03-06	0.000549	0.11759700000000001	0.12089100000000001	0.109177	0.045006	2564700.0
2013-03-05	0.021205	0.11762	0.13755699999999998	0.115377	1.701729	3362800.0
2013-03-04	-0.011095	0.103371	0.105466	0.090432	-0.9003979999999999	3145400.0
2013-03-01	-0.004638000000000001	0.107084	0.113094	0.095064	-0.378166	2707800.0
2013-02-28	-0.000221	0.11272599999999999	0.11983900000000001	0.106472	-0.017998	3836600.0
2013-02-27	0.015359000000000001	0.10939600000000001	0.13006500000000001	0.10080499999999999	1.2335129999999999	3362100.0
2013-02-26	0.009393	0.11868499999999998	0.125221	0.11441199999999999	0.747337	2607100.0
2013-02-25	-0.023428	0.115674	0.11628699999999999	0.084621	-1.908813	4001000.0
2013-02-22	0.012079000000000001	0.116604	0.12405699999999999	0.113871	0.972404	3649200.0
2013-02-21	-0.008318	0.10595999999999998	0.10633	0.090439	-0.6752779999999999	3785200.0
2013-02-20	-0.009448999999999999	0.110641	0.11283800000000001	0.099538	-0.77433	3019800.0
2013-02-19	0.002644	0.1137	0.119573	0.108806	0.21608000000000002	4422100.0
2013-02-15	0.012153	0.115099	0.12413900000000001	0.112623	0.9814219999999999	4419900.0
2013-02-14	0.002123	0.10729100000000001	0.116846	0.10195499999999999	0.171074	3629400.0
2013-02-13	0.000615	0.115298	0.115298	0.10511600000000001	0.049507	3574700.0
2013-02-12	0.004129	0.119653	0.123145	0.11653599999999999	0.331162	3315100.0
2013-02-11	-0.005328	0.11703699999999999	0.120137	0.108231	-0.429604	3079000.0
2013-02-08	0.001557	0.119148	0.128961	0.1148	0.125313	3849300.0
2013-02-07	0.006490000000000001	0.11940999999999999	0.124536	0.10778299999999999	0.519104	3780700.0
2013-02-06	0.001232	0.109774	0.12066400000000001	0.109774	0.098458	3344700.0
2013-02-05	-0.003127	0.126269	0.130511	0.11117	-0.250618	5106400.0
2013-02-04	-0.003339	0.124622	0.128602	0.109077	-0.268494	5894000.0
2013-02-01	0.025922000000000004	0.122643	0.14969200000000002	0.122643	2.0317	6773500.0
2013-01-31	-0.017172	0.11088900000000002	0.11728399999999999	0.098099	-1.369392	5742000.0
2013-01-30	-0.007353	0.115542	0.11678699999999999	0.108073	-0.5907140000000001	4479100.0
2013-01-29	-0.00044500000000000003	0.11740899999999999	0.118031	0.1087	-0.035805000000000003	4369600.0
2013-01-28	0.00011100000000000001	0.119027	0.119898	0.11180899999999999	0.00895	4447600.0
2013-01-25	0.009784000000000001	0.116531	0.128468	0.116531	0.778686	4548500.0
2013-01-24	0.009651999999999999	0.116524	0.128576	0.11043399999999999	0.760781	5352200.0
2013-01-23	0.00686	0.11498599999999999	0.128908	0.10885399999999999	0.537017	3959900.0
2013-01-22	0.00598	0.113173	0.124352	0.109446	0.465401	4117700.0
2013-01-18	0.006365999999999999	0.12129300000000001	0.129699	0.11521500000000001	0.492249	4220000.0
2013-01-17	0.0097	0.123944	0.130733	0.117546	0.742904	3430700.0
2013-01-16	-0.004536999999999999	0.111826	0.115335	0.10675699999999999	-0.34906	2447300.0
2013-01-15	0.001865	0.10921099999999999	0.121582	0.10569500000000001	0.143189	2758800.0
2013-01-14	0.007279000000000001	0.118203	0.127647	0.118203	0.554908	3125400.0
2013-01-11	0.002472	0.11597	0.124122	0.113077	0.18796600000000002	2983600.0
2013-01-10	0.004968	0.123231	0.12349500000000001	0.114774	0.375915	3541500.0
2013-01-09	0.011969	0.1225	0.140821	0.121029	0.895028	3770000.0
2013-01-08	-0.012061	0.114907	0.11913399999999999	0.099846	-0.912926	4830600.0
2013-01-07	-0.004825	0.1115	0.117416	0.10926500000000001	-0.36695900000000004	3378500.0
2013-01-04	0.007947	0.119405	0.126296	0.114104	0.599648	3855900.0
2013-01-03	0.0036899999999999997	0.11395899999999999	0.123403	0.10943699999999999	0.277458	3786600.0
2013-01-02	0.024265000000000002	0.13663	0.144396	0.132271	1.7811130000000002	4485200.0
2012-12-31	0.01485	0.11313699999999999	0.137194	0.109957	1.074035	3678800.0
2012-12-28	-0.015353	0.109797	0.113881	0.098361	-1.127746	2212500.0
2012-12-27	-0.000487	0.11796500000000001	0.12191099999999999	0.10395	-0.035789999999999995	2953400.0
2012-12-26	-0.0015810000000000002	0.11864300000000001	0.120002	0.10859	-0.116356	2179800.0
2012-12-24	-0.003635	0.117961	0.120804	0.11173499999999999	-0.26850100000000005	1213400.0
2012-12-21	-0.007575	0.10653800000000001	0.113254	0.093507	-0.563873	7168200.0
2012-12-20	0.001686	0.118361	0.125493	0.11244000000000001	0.125305	4136200.0
2012-12-19	0.009729	0.117149	0.135492	0.112801	0.716019	7464700.0
2012-12-18	0.028004	0.11882100000000001	0.151785	0.11602799999999999	2.004867	6035800.0
2012-12-17	0.000125	0.11938	0.121196	0.110579	0.008934000000000001	5786200.0
2012-12-14	-0.004852	0.111863	0.12256700000000001	0.109778	-0.349045	4672600.0
2012-12-13	-0.007778	0.12031900000000001	0.122526	0.10611199999999998	-0.563873	4064600.0
2012-12-12	-0.00234	0.125404	0.127193	0.10985299999999999	-0.170067	3674300.0
2012-12-11	0.002222	0.12335299999999999	0.126249	0.11645699999999999	0.161125	3744900.0
2012-12-10	0.00024700000000000004	0.11728499999999999	0.121975	0.114801	0.017899	2841200.0
2012-12-07	0.001484	0.11963299999999999	0.124054	0.109133	0.107384	3774700.0
2012-12-06	0.007977	0.11825899999999999	0.126615	0.113107	0.572822	3156700.0
2012-12-05	0.001123	0.120073	0.125789	0.10613099999999999	0.080567	4158800.0
2012-12-04	0.00426	0.11966500000000001	0.130165	0.113784	0.30429	3912100.0
2012-12-03	-0.0038689999999999996	0.125932	0.134579	0.112124	-0.277443	3313400.0
2012-11-30	0.004388	0.12008599999999998	0.12569	0.115324	0.313271	7833700.0
2012-11-29	-0.000502	0.118124	0.122885	0.107624	-0.035828	4208600.0
2012-11-28	0.012305	0.112607	0.133867	0.110765	0.86818	4268800.0
2012-11-27	0.001907	0.11387699999999999	0.12182899999999999	0.106208	0.134277	5260900.0
2012-11-26	0.0008900000000000001	0.10534500000000001	0.11941600000000001	0.10534500000000001	0.062622	2940400.0
2012-11-23	0.016553000000000002	0.12436400000000002	0.136501	0.12133	1.145661	1426300.0
2012-11-21	0.008345	0.11903299999999999	0.13403900000000002	0.113934	0.572814	2911500.0
2012-11-20	0.001436	0.11203199999999999	0.12078599999999999	0.107655	0.098458	2818400.0
2012-11-19	0.017674000000000002	0.129608	0.139259	0.12248099999999999	1.190368	3814900.0
2012-11-16	0.005478	0.119225	0.129974	0.11176099999999999	0.366967	4284500.0
2012-11-15	0.002545	0.12057799999999999	0.127462	0.11578800000000002	0.170067	3624900.0
2012-11-14	-0.023736	0.12203299999999999	0.12218	0.08769600000000001	-1.624482	4274400.0
2012-11-13	0.00065	0.11676700000000001	0.137383	0.115013	0.044426	3731300.0
2012-11-12	0.014636000000000001	0.129997	0.145129	0.12391500000000001	0.9865879999999999	3057200.0
2012-11-09	-0.004202	0.122886	0.131602	0.11742000000000001	-0.284416	3855100.0
2012-11-08	-0.019568000000000002	0.121626	0.125391	0.102942	-1.350998	3399800.0
2012-11-07	-0.028636	0.11370599999999999	0.11370599999999999	0.082051	-2.0353630000000003	5179500.0
2012-11-06	0.026572000000000002	0.127413	0.159187	0.125102	1.8398290000000002	4598100.0
2012-11-05	-0.002177	0.12409300000000001	0.128849	0.119914	-0.151093	3515000.0
2012-11-02	-0.012522	0.128375	0.13705599999999998	0.110444	-0.879913	4894500.0
2012-11-01	0.011514	0.12942	0.157202	0.124526	0.799904	6020600.0
2012-10-31	-0.0005110000000000001	0.139201	0.139201	0.120066	-0.035545	4094800.0
2012-10-26	0.011774	0.127431	0.141697	0.125102	0.80883	4323600.0
2012-10-25	-0.007831	0.130012	0.135212	0.112392	-0.542183	4529300.0
2012-10-24	0.01077	0.132839	0.143204	0.12101400000000001	0.737717	5717100.0
2012-10-23	-0.009765000000000001	0.10602	0.134787	0.103707	-0.675499	6585000.0
2012-10-22	-0.0020510000000000003	0.120197	0.137509	0.11543599999999998	-0.142197	3657100.0
2012-10-19	-0.015650999999999998	0.11928	0.123824	0.102523	-1.102127	4107400.0
2012-10-18	0.008785	0.12209400000000001	0.136849	0.118083	0.6132890000000001	3317000.0
2012-10-17	0.012112999999999999	0.126987	0.142065	0.12394200000000001	0.8354719999999999	3610900.0
2012-10-16	0.019041	0.132932	0.14815	0.128795	1.288757	2895900.0
2012-10-15	0.002501	0.12762	0.13384100000000002	0.12391700000000001	0.16888499999999998	2854400.0
2012-10-12	-0.001183	0.12436199999999999	0.129244	0.119776	-0.07999500000000001	4291200.0
2012-10-11	0.000395	0.132502	0.141826	0.125398	0.026664999999999998	4407900.0
2012-10-10	-0.01694	0.12320999999999999	0.125975	0.10356900000000001	-1.164345	4991400.0
2012-10-09	-0.013269999999999999	0.122805	0.126824	0.110171	-0.9243620000000001	4118300.0
2012-10-08	-0.0017829999999999999	0.12051600000000001	0.125388	0.11464	-0.12443499999999999	1961100.0
2012-10-05	-0.00025499999999999996	0.133268	0.135704	0.12008699999999999	-0.017769	2722000.0
2012-10-04	-0.00038199999999999996	0.130401	0.134697	0.12338299999999999	-0.026673000000000002	2933100.0
2012-10-03	0.002168	0.127685	0.130412	0.11849900000000001	0.151085	3673500.0
2012-10-02	0.0005110000000000001	0.128405	0.134292	0.119789	0.035568999999999996	3024200.0
2012-10-01	0.000766	0.12898199999999999	0.140622	0.123521	0.053328999999999994	3520000.0
2012-09-28	-0.000766	0.11260899999999999	0.12596300000000002	0.10471099999999998	-0.053328999999999994	6074900.0
2012-09-27	-0.002292	0.129686	0.13183599999999998	0.116935	-0.15998099999999998	4807100.0
2012-09-26	-0.003047	0.126959	0.129244	0.118532	-0.21329499999999998	4675500.0
2012-09-25	-0.015744	0.125945	0.128054	0.106123	-1.119911	5454100.0
2012-09-24	-0.008917	0.120643	0.120643	0.10670999999999999	-0.639962	3639800.0
2012-09-21	-0.002101	0.128856	0.13108	0.115369	-0.151085	12712200.0
2012-09-20	-0.009789	0.12055899999999999	0.122073	0.1039	-0.711036	5664200.0
2012-09-19	0.0029460000000000003	0.123445	0.129245	0.10880799999999999	0.21331799999999998	4078700.0
2012-09-18	-0.008156	0.11729500000000001	0.123047	0.11058399999999999	-0.5955199999999999	4098600.0
2012-09-17	-0.003639	0.12414700000000001	0.126603	0.11636800000000001	-0.26664	3713200.0
2012-09-14	0.023842	0.131669	0.152625	0.127198	1.7065279999999998	7444700.0
2012-09-13	0.021565	0.126529	0.154503	0.12324600000000001	1.5109549999999998	4660900.0
2012-09-12	0.000889	0.126244	0.13381600000000002	0.12138800000000001	0.062211	3452700.0
2012-09-11	0.0019079999999999998	0.125245	0.135979	0.123957	0.133323	3280000.0
2012-09-10	-0.010075	0.122126	0.127651	0.113625	-0.711075	3817900.0
2012-09-07	0.000126	0.135021	0.13842100000000002	0.12014200000000001	0.008911	4623100.0
2012-09-06	0.017558	0.13533900000000001	0.149326	0.134042	1.217698	4581800.0
2012-09-05	-0.004085	0.124671	0.124671	0.112752	-0.284439	5563500.0
