2017-09-01	-0.001958	-0.000196	0.008224	-0.002741	-0.099999	16191900.000000
2016-09-01	-0.0072829999999999995	0.032161	0.033783	0.015742	-0.359313	17017100.0
2016-08-31	0.003556	0.031356	0.035831	0.021999	0.174804	24533600.0
2016-08-30	0.021388	0.033261	0.05216799999999999	0.032222	1.029392	25055800.0
2016-08-29	0.021644999999999998	0.034823	0.05605	0.033549	1.019688	21201400.0
2016-08-26	0.002687	0.033986	0.039519	0.0276	0.126251	15527300.0
2016-08-25	-0.005141	0.029517	0.030999000000000002	0.022741	-0.24279	13643200.0
2016-08-24	0.004545	0.031643	0.037386	0.028451999999999998	0.21365	16315800.0
2016-08-23	-0.004524	0.029939999999999998	0.032269	0.024647	-0.21365	15430200.0
2016-08-22	-0.000411	0.029517	0.031633999999999995	0.026554	-0.019421	9212600.0
2016-08-19	0.002473	0.027819	0.033972	0.022727	0.116539	12557700.0
2016-08-18	-0.0016460000000000001	0.027398000000000002	0.030788	0.023797	-0.077693	12189200.0
2016-08-17	0.00351	0.028241000000000002	0.034405	0.026965	0.165096	13062900.0
2016-08-16	0.003522	0.027382	0.036768	0.025249	0.16509200000000002	13957600.0
2016-08-15	0.007723999999999999	0.032952999999999996	0.039187	0.032523	0.35931399999999997	11758900.0
2016-08-12	-0.0070480000000000004	0.025673	0.026313	0.020977000000000003	-0.330181	13227500.0
2016-08-11	0.001245	0.030797	0.036568	0.024172	0.05827	14614100.0
2016-08-10	-0.015328	0.027413999999999997	0.029729000000000002	0.01184	-0.728352	16782700.0
2016-08-09	0.00040899999999999997	0.032044	0.034781	0.027623	0.019424	10449800.0
2016-08-08	0.004725	0.031844	0.037555	0.030998	0.223359	14871600.0
2016-08-05	0.017559	0.041567	0.04824	0.035970999999999996	0.81575	19064700.0
2016-08-04	0.005676	0.030378	0.039037	0.029729000000000002	0.262203	14662600.0
2016-08-03	0.0052829999999999995	0.029945999999999997	0.036692	0.029945999999999997	0.242783	14913500.0
2016-08-02	-0.002301	0.034741	0.038432	0.028879000000000002	-0.105977	17033100.0
2016-08-01	-0.0033350000000000003	0.038214	0.039729	0.030641	-0.15414	16026600.0
2016-07-29	-0.003324	0.034116	0.038860000000000006	0.034116	-0.15414	13111700.0
2016-07-28	0.002708	0.0367	0.042755	0.031077999999999998	0.12524000000000002	12562600.0
2016-07-27	0.000625	0.037565	0.043407	0.033886	0.0289	17886800.0
2016-07-26	-0.003117	0.036056	0.039076	0.031094999999999998	-0.144508	16130100.0
2016-07-25	-0.004139	0.036279	0.036709	0.027901	-0.192677	12122200.0
2016-07-22	0.000414	0.038428	0.039287	0.0337	0.019264	13588500.0
2016-07-21	-0.006377000000000001	0.038852	0.042269	0.031164999999999998	-0.298649	15532000.0
2016-07-20	0.004961999999999999	0.042719	0.044864999999999995	0.038642	0.231213	16569900.0
2016-07-19	0.001864	0.033698	0.043802999999999995	0.033053	0.08670800000000001	15982900.0
2016-07-18	0.011947	0.040173	0.051487	0.039521	0.549133	24139200.0
2016-07-15	-0.025133000000000003	0.036088999999999996	0.036725	0.005547	-1.184974	35121000.0
2016-07-14	0.013880000000000002	0.054771	0.056921000000000006	0.046599	0.645473	17578400.0
2016-07-13	-0.001655	0.037139	0.040574	0.030055000000000002	-0.077068	14389600.0
2016-07-12	0.005615	0.045337999999999996	0.049872	0.04102	0.26010900000000003	15067900.0
2016-07-11	0.006068	0.044731	0.052333000000000005	0.041256	0.279385	16008700.0
2016-07-08	0.021154	0.052413999999999995	0.06283899999999999	0.052413999999999995	0.9537620000000001	19775700.0
2016-07-07	0.003215	0.03644	0.050681	0.033325	0.144508	17946200.0
2016-07-06	0.009522	0.03081	0.048106	0.026542000000000003	0.423893	19024100.0
2016-07-05	-0.017436	0.030713999999999998	0.032039	0.011071	-0.789978	22213000.0
2016-07-01	-0.006339	0.032514999999999995	0.036900999999999996	0.02769	-0.28902100000000003	19013600.0
2016-06-30	0.007664	0.043963999999999996	0.046616000000000005	0.028274	0.346817	22538800.0
2016-06-29	0.018872	0.049931	0.058037	0.039124	0.838158	20856400.0
2016-06-28	0.024217	0.058292	0.063365	0.045607999999999996	1.050098	27525700.0
2016-06-27	-0.015314	0.026417000000000003	0.029369	0.010520999999999999	-0.674373	35030100.0
2016-06-24	-0.045919999999999996	-0.008583	0.017632	-0.018983	-2.119469	46744100.0
2016-06-23	0.020013	0.052804	0.058771000000000004	0.047279	0.9055860000000001	16270000.0
2016-06-22	-0.0055049999999999995	0.036239999999999994	0.045689999999999995	0.031405	-0.25047600000000003	17072100.0
2016-06-21	0.006392	0.04596	0.047066000000000004	0.034459	0.289016	11731600.0
2016-06-20	0.007081999999999999	0.057822000000000005	0.066955	0.045126	0.317921	19490100.0
2016-06-17	-0.005336	0.037998000000000004	0.041321	0.030686	-0.24084899999999998	25661300.0
2016-06-16	0.0014960000000000002	0.031119	0.039773	0.019803	0.067437	15619300.0
2016-06-15	-0.002133	0.046633	0.053054	0.034898	-0.096341	20142000.0
2016-06-14	-0.022723	0.035618000000000004	0.041243	0.006406	-1.050098	25311700.0
2016-06-13	-0.007654	0.033488	0.041648000000000004	0.029838	-0.356457	16150100.0
2016-06-10	-0.016280000000000003	0.024268	0.028914999999999996	0.017508000000000003	-0.77071	16815300.0
2016-06-09	-0.0172	0.030732	0.031355	0.014124000000000001	-0.828521	19464400.0
2016-06-08	-0.005371	0.037585	0.041507999999999996	0.027054	-0.260117	18168500.0
2016-06-07	-0.004357	0.042932	0.042932	0.033475	-0.211945	15310100.0
2016-06-06	0.0059770000000000005	0.039032	0.052061	0.037998000000000004	0.28902100000000003	14528500.0
2016-06-03	-0.018	0.018907	0.02175	0.007534000000000001	-0.8863260000000001	25314500.0
2016-06-02	0.002157	0.037183999999999995	0.040237	0.032095	0.105972	14206700.0
2016-06-01	0.005521	0.028584	0.044547	0.026742000000000002	0.269757	16774300.0
2016-05-31	-0.0025570000000000002	0.041468	0.044938	0.030649000000000003	-0.125244	19725000.0
2016-05-27	0.005935	0.039024	0.044363	0.036766	0.28902	13428700.0
2016-05-26	0.00099	0.038409	0.041286	0.035942	0.048164	14983300.0
2016-05-25	0.026423000000000002	0.046015	0.072387	0.044538	1.2524110000000002	22478600.0
2016-05-24	0.010267	0.045458	0.052278	0.037785	0.48169700000000004	16597700.0
2016-05-23	-0.001026	0.038211	0.040766000000000004	0.029481	-0.048168	10644000.0
2016-05-20	0.007648	0.043147000000000005	0.055804999999999993	0.04186	0.356457	13222800.0
2016-05-19	-0.00555	0.033517	0.044612	0.027543	-0.26011999999999996	13604100.0
2016-05-18	0.02163	0.039306	0.061975	0.037998000000000004	0.992302	30028200.0
2016-05-17	-0.013465999999999999	0.035202	0.035847000000000004	0.022515	-0.62621	21495600.0
2016-05-16	0.0006219999999999999	0.035416	0.046389	0.031542	0.028897000000000003	19655300.0
2016-05-13	-0.019512	0.035887999999999996	0.04285	0.017111	-0.924855	25251700.0
2016-05-12	0.002445	0.043497	0.048572000000000004	0.037363	0.11560899999999999	13589600.0
2016-05-11	-0.006478	0.037157	0.044722000000000005	0.031274	-0.308285	17344300.0
2016-05-10	0.010638	0.040546	0.051376	0.040546	0.500961	14234400.0
2016-05-09	-0.002856	0.037998000000000004	0.042233	0.033551	-0.134876	13877000.0
2016-05-06	0.0012259999999999999	0.032698000000000005	0.041389999999999996	0.031426	0.057808000000000005	14153300.0
2016-05-05	0.00040899999999999997	0.038633999999999995	0.0433	0.034392	0.019268	15953600.0
2016-05-04	-0.013704	0.026282999999999997	0.030676	0.018334	-0.6551100000000001	22402500.0
2016-05-03	-0.011662	0.030854000000000003	0.036437	0.024238	-0.564079	16174900.0
2016-05-02	0.012205	0.052225	0.061015	0.049505	0.583202	14780300.0
2016-04-29	-0.00853	0.046984	0.046984	0.0308	-0.411109	17887000.0
2016-04-28	-0.010209999999999999	0.037322	0.045947	0.030955	-0.497151	15506300.0
2016-04-27	0.000196	0.04492	0.056012	0.041839	0.009556	15342700.0
2016-04-26	0.008117000000000001	0.045947	0.055887	0.044705	0.391991	13333500.0
2016-04-25	-0.002173	0.039542	0.045534	0.035616	-0.105172	11689100.0
2016-04-22	0.011389	0.045947	0.060367	0.045947	0.54496	16365700.0
2016-04-21	-0.007929	0.04802	0.052788999999999996	0.035166	-0.382431	20255400.0
2016-04-20	0.011428	0.048043999999999996	0.059366999999999996	0.043431	0.544968	22647700.0
2016-04-19	0.021294	0.049588	0.069076	0.048944999999999995	0.9943120000000001	18673400.0
2016-04-18	0.012228	0.045947	0.059604	0.038577	0.564083	17638000.0
2016-04-15	-0.011068000000000001	0.042303	0.049163	0.030297	-0.516281	24885200.0
2016-04-14	-0.004895	0.030374	0.051707	0.027601	-0.229458	30067900.0
2016-04-13	0.026376	0.057333	0.078352	0.056895	1.204651	26311900.0
2016-04-12	0.015735	0.048393	0.063739	0.044168	0.707497	18772600.0
2016-04-11	-0.00085	0.046836	0.06016799999999999	0.044391	-0.03825	15113500.0
2016-04-08	0.002983	0.055308	0.06199400000000001	0.046838	0.133854	12236500.0
2016-04-07	-0.023919	0.037898	0.039421	0.014186	-1.099487	17593100.0
2016-04-06	0.011998	0.043305	0.059597000000000004	0.039563	0.544967	17214400.0
2016-04-05	-0.020412	0.036889	0.037105	0.023518	-0.946514	18297700.0
2016-04-04	0.001032	0.045299	0.050696	0.04055	0.047806	12110200.0
2016-04-01	0.001861	0.043135	0.050705	0.033402	0.08603999999999999	14321400.0
2016-03-31	-0.005961	0.044872	0.050032	0.037777	-0.277256	16397600.0
2016-03-30	0.012487	0.053565999999999996	0.070109	0.048124	0.573643	16794200.0
2016-03-29	-0.013347	0.044229000000000004	0.044873	0.027476	-0.621448	24459500.0
2016-03-28	-0.00409	0.048942	0.048942	0.038461	-0.191212	18478100.0
2016-03-24	-0.017283	0.030392000000000002	0.031654	0.019882	-0.822216	20871100.0
2016-03-23	-0.012111	0.042002	0.045116	0.032034	-0.58321	13648100.0
2016-03-22	-0.005921	0.036451	0.044088999999999996	0.032117	-0.28681999999999996	13907000.0
2016-03-21	0.002572	0.045119	0.050293	0.03829	0.12429100000000001	13543200.0
2016-03-18	0.016288	0.06088	0.066349	0.050154000000000004	0.774418	35812100.0
2016-03-17	0.0038350000000000003	0.043624	0.05418099999999999	0.031168	0.181648	16002800.0
2016-03-16	-0.008803	0.041134	0.052434	0.031298	-0.42067	16629700.0
2016-03-15	0.0020050000000000003	0.033785	0.048254000000000005	0.031688	0.095612	12945600.0
2016-03-14	-0.003795	0.043858	0.045947	0.032786	-0.18166	12803900.0
2016-03-11	0.032158	0.059099	0.080876	0.053925	1.491471	18318400.0
2016-03-10	-0.005739	0.049163	0.053236	0.028154000000000002	-0.26769699999999996	18542700.0
2016-03-09	-0.005301	0.052984	0.055542999999999995	0.034432	-0.248573	17920100.0
2016-03-08	-0.020372	0.036338	0.037382	0.021924000000000003	-0.975201	18098200.0
2016-03-07	-0.000798	0.03885	0.046991000000000005	0.031962	-0.038242	14386100.0
2016-03-04	0.0068319999999999995	0.050991	0.061078	0.044056	0.325069	18685600.0
2016-03-03	0.004035	0.047213	0.050589	0.035397000000000005	0.191216	14268100.0
2016-03-02	0.017447	0.048523000000000004	0.064195	0.043585000000000006	0.812656	18667700.0
2016-03-01	0.038363	0.050851	0.086073	0.050851	1.720932	24758500.0
2016-02-29	-0.023923	0.045077	0.045077	0.020707	-1.099483	24018100.0
2016-02-26	0.006701	0.05427100000000001	0.063252	0.047699	0.30593899999999996	20325600.0
2016-02-25	0.00294	0.048144	0.05803	0.048144	0.133846	16646200.0
2016-02-24	-0.010187	0.029421	0.036814	0.012459	-0.46846800000000005	18595700.0
2016-02-23	-0.022159	0.039143	0.040206	0.020218	-1.042118	15224700.0
2016-02-22	0.022874000000000002	0.045947	0.073134	0.045947	1.0516780000000001	17572800.0
2016-02-19	0.007542	0.038716	0.055589	0.037401	0.344188	18234900.0
2016-02-18	-0.008311	0.045078	0.046164	0.031820999999999995	-0.382434	17162800.0
2016-02-17	-0.00228	0.054837000000000004	0.061558	0.040526	-0.105172	18060500.0
2016-02-16	0.019658000000000002	0.06230700000000001	0.070266	0.051695000000000005	0.889149	20410600.0
2016-02-12	0.047609	0.064476	0.097596	0.06378099999999999	2.055557	28533900.0
2016-02-11	-0.021876	0.017856	0.031448000000000004	0.008114	-0.965633	32570900.0
2016-02-10	-0.006028	0.05563	0.063286	0.038291000000000006	-0.2677	19885500.0
2016-02-09	-0.001075	0.025927999999999996	0.05179500000000001	0.020305	-0.047798	29896200.0
2016-02-08	-0.028416000000000004	0.029556	0.034582999999999996	0.006609	-1.300263	31172100.0
2016-02-05	-0.008083	0.048115	0.054835	0.031856	-0.372864	23733700.0
2016-02-04	0.013655	0.041552	0.06813999999999999	0.040893	0.621441	30851700.0
2016-02-03	-0.017644999999999997	0.045839	0.047133999999999995	0.003961999999999999	-0.8174399999999999	47149700.0
2016-02-02	-0.022227	0.039689999999999996	0.040956	0.029559	-1.053085	25593200.0
2016-02-01	-0.0057740000000000005	0.051733	0.052992	0.039982	-0.275135	17385400.0
2016-01-29	0.026777999999999996	0.062014	0.08269800000000001	0.059427999999999995	1.242836	25358300.0
2016-01-28	0.007206000000000001	0.065544	0.07205399999999999	0.05469299999999999	0.33206199999999997	21306600.0
2016-01-27	0.006423000000000001	0.054915	0.07675599999999999	0.051202	0.294101	20441500.0
2016-01-26	0.012589	0.056032000000000005	0.073946	0.05404199999999999	0.569237	18895100.0
2016-01-25	-0.027744	0.051676	0.05318200000000001	0.023938	-1.290275	23440800.0
2016-01-22	0.021037	0.076435	0.081704	0.066117	0.958217	18298700.0
2016-01-21	0.002925	0.057565	0.080024	0.054922000000000006	0.132824	24272900.0
2016-01-20	-0.007051999999999999	0.033708999999999996	0.054916	0.024963	-0.322567	40241100.0
2016-01-19	-0.012495000000000001	0.063326	0.069587	0.036122	-0.578724	29918500.0
2016-01-15	-0.03594	0.011372	0.033227	0.0017980000000000001	-1.726684	40525900.0
2016-01-14	0.018299	0.06146	0.08096	0.051286	0.8633379999999999	24569800.0
2016-01-13	-0.031737	0.061635	0.063072	0.01587	-1.546429	22013500.0
2016-01-12	0.025353999999999998	0.07066599999999999	0.084133	0.061617	1.204888	28961500.0
2016-01-11	0.010694	0.067228	0.070418	0.055742999999999994	0.50283	19046400.0
2016-01-08	-0.016666999999999998	0.062407000000000004	0.063662	0.034383	-0.7969390000000001	22981400.0
2016-01-07	-0.028526999999999997	0.036366	0.040023	0.018893	-1.404118	30425600.0
2016-01-06	-0.019096000000000002	0.038696	0.048661	0.032917	-0.9582139999999999	20026400.0
2016-01-05	-0.00037799999999999997	0.054439999999999995	0.061213	0.04687	-0.018974	14759600.0
2016-01-04	-0.026674	0.029416	0.032907	0.014098	-1.37566	25985400.0
2015-12-31	-0.009656	0.046745	0.05519400000000001	0.041176	-0.502827	10553300.0
2015-12-30	-0.007234999999999999	0.05366	0.054423	0.04451	-0.37949	8016900.0
2015-12-29	0.011156000000000001	0.062331	0.066957	0.060016999999999994	0.57872	7894900.0
2015-12-28	-0.002554	0.04885	0.053273	0.041544	-0.13282	8288800.0
2015-12-24	-0.003997	0.052701	0.054999	0.047722	-0.208713	4999400.0
2015-12-23	0.012882	0.059085000000000006	0.068008	0.056369	0.664104	13033600.0
2015-12-22	0.0059240000000000004	0.060676	0.063407	0.047798	0.303593	10318100.0
2015-12-21	0.004275999999999999	0.06403500000000001	0.068738	0.049339	0.21820799999999999	12993400.0
2015-12-18	-0.030287	0.045111	0.047961000000000004	0.022118000000000002	-1.593868	31468600.0
2015-12-17	-0.006804000000000001	0.058949	0.061402	0.04687	-0.360508	18800500.0
2015-12-16	0.017119	0.0598	0.07573300000000001	0.052314	0.8918	21086800.0
2015-12-15	0.032143	0.066524	0.09208200000000001	0.06612799999999999	1.622333	19056700.0
2015-12-14	-0.002064	0.054238999999999996	0.059182000000000005	0.042969	-0.10436600000000001	22055100.0
2015-12-11	-0.018955	0.036778	0.046283	0.027856	-0.9771920000000001	17815700.0
2015-12-10	0.004065	0.056574	0.07098600000000001	0.049368	0.208729	14020200.0
2015-12-09	-0.005147	0.048616	0.06450499999999999	0.040672	-0.265652	18499600.0
2015-12-08	-0.018405	0.045673000000000005	0.050048	0.03236	-0.967701	19949500.0
2015-12-07	-0.004490999999999999	0.049876	0.051959000000000005	0.041735	-0.237182	17991600.0
2015-12-04	0.027122000000000004	0.059487	0.086713	0.056180999999999995	1.394626	19647700.0
2015-12-03	-0.015977	0.054998000000000005	0.056721	0.033948	-0.834881	15410100.0
2015-12-02	-0.011309	0.05574400000000001	0.05574400000000001	0.040608	-0.597698	12779900.0
2015-12-01	0.011071	0.061885	0.066859	0.057294000000000005	0.578732	15543400.0
2015-11-30	-0.005236	0.055374	0.059751	0.048523000000000004	-0.275135	15998900.0
2015-11-27	0.0030789999999999997	0.05633200000000001	0.058814	0.049461	0.161281	4914000.0
2015-11-25	-0.001086	0.057474000000000004	0.058617999999999996	0.050608999999999994	-0.056929999999999994	10034400.0
2015-11-24	-0.005755	0.045321	0.051766999999999994	0.040582	-0.303585	14156500.0
2015-11-23	-0.003941	0.055552	0.058196000000000005	0.049132	-0.208718	9638100.0
2015-11-20	-0.00268	0.059503	0.059503	0.049333999999999996	-0.14231400000000002	16264100.0
2015-11-19	0.005389	0.055935000000000006	0.061614999999999996	0.050066	0.284622	12167600.0
2015-11-18	0.012918	0.05596	0.069576	0.054233	0.6735949999999999	16612600.0
2015-11-17	-0.005609	0.055186	0.058237	0.045841	-0.294105	11331900.0
2015-11-16	0.012828	0.052302999999999995	0.067563	0.050758	0.664115	11955400.0
2015-11-13	-0.010875	0.051176	0.057672	0.037993	-0.569236	16550200.0
2015-11-12	-0.011290000000000001	0.048753	0.053097000000000005	0.042141000000000005	-0.5977060000000001	17552200.0
2015-11-11	-0.001967	0.058189	0.058942999999999995	0.046501	-0.104359	10808500.0
2015-11-10	0.007932	0.050811	0.06335299999999999	0.049481	0.41743500000000006	13475900.0
2015-11-09	-0.006804000000000001	0.058383000000000004	0.061025	0.040642000000000005	-0.360508	17609700.0
2015-11-06	0.018046	0.076713	0.082477	0.067491	0.9392360000000001	22376800.0
2015-11-05	0.00513	0.0496	0.063698	0.0496	0.265644	12263900.0
2015-11-04	0.000458	0.054138	0.057809000000000006	0.050660000000000004	0.023712	12823600.0
2015-11-03	0.001459	0.057998	0.067092	0.053547000000000004	0.07539	10709100.0
2015-11-02	0.013113999999999999	0.062659	0.078537	0.061091	0.668998	10992300.0
2015-10-30	-0.017245	0.060902	0.060902	0.040866	-0.895141	18450500.0
2015-10-29	-0.006492	0.060138	0.063584	0.050952	-0.33921399999999996	11334900.0
2015-10-28	0.024575	0.06364	0.088349	0.062268	1.253204	16681600.0
2015-10-27	-0.0031309999999999997	0.055227	0.062069000000000006	0.052099	-0.160191	12443900.0
2015-10-26	-0.008402	0.061480999999999994	0.06245	0.04985	-0.43342600000000003	12661400.0
2015-10-23	0.012763	0.06678400000000001	0.07581399999999999	0.062268	0.650143	16924800.0
2015-10-22	0.017696	0.066881	0.087859	0.066881	0.885719	18263200.0
2015-10-21	0.000754	0.060487	0.076882	0.060287	0.037689999999999994	17666700.0
2015-10-20	0.009893	0.062498000000000005	0.076027	0.061690999999999996	0.489971	13504300.0
2015-10-19	-0.006051	0.058878999999999994	0.06389600000000001	0.052657	-0.301518	15515700.0
2015-10-16	0.0036060000000000003	0.070552	0.071358	0.057661000000000004	0.179032	15676300.0
2015-10-15	0.023107	0.07117899999999999	0.086016	0.06664500000000001	1.121276	18262400.0
2015-10-14	-0.006942	0.058013	0.062105999999999995	0.038367	-0.33921399999999996	26269100.0
2015-10-13	-0.0061329999999999996	0.058033	0.06393099999999999	0.051727999999999996	-0.30151700000000003	16002200.0
2015-10-12	0.000767	0.06088	0.06719	0.053349	0.037696	10639000.0
2015-10-09	-0.007613	0.070983	0.071993	0.049975	-0.376911	16983100.0
2015-10-08	0.006706	0.0621	0.06942100000000001	0.052746	0.329796	15384100.0
2015-10-07	0.003075	0.07067000000000001	0.075565	0.058838999999999995	0.15076099999999998	13863500.0
2015-10-06	-0.0072510000000000005	0.056629	0.063919	0.051365	-0.358063	14490700.0
2015-10-05	0.022435	0.070604	0.088409	0.066256	1.083592	15240700.0
2015-10-02	-0.0034990000000000004	0.037354000000000005	0.058191999999999994	0.021468	-0.169602	21630300.0
2015-10-01	0.0017530000000000002	0.064594	0.071828	0.0524	0.084801	15556600.0
2015-09-30	0.009039	0.07671900000000001	0.078596	0.057325	0.43344099999999997	20514800.0
2015-09-29	0.010323	0.063394	0.07371799999999999	0.053491	0.489964	20816400.0
2015-09-28	-0.021562	0.052835	0.057576	0.034899	-1.045895	17647900.0
2015-09-25	0.018397999999999998	0.078293	0.089	0.07220399999999999	0.876293	18394800.0
2015-09-24	-0.004529	0.046866000000000005	0.059197	0.040805	-0.21671700000000002	17064300.0
2015-09-23	0.001775	0.065265	0.066521	0.057309000000000006	0.084801	12521200.0
2015-09-22	-0.016683	0.047287	0.053051999999999995	0.03617	-0.810337	21761300.0
2015-09-21	0.009992000000000001	0.071268	0.07605	0.064198	0.480549	16673300.0
2015-09-18	-0.02241	0.042179	0.046448	0.030593000000000002	-1.102436	39561600.0
2015-09-17	-0.028109	0.060891999999999995	0.06504	0.027899	-1.422806	25025800.0
2015-09-16	0.004676	0.062278999999999994	0.069623	0.049973000000000004	0.235565	15218500.0
2015-09-15	0.013265	0.066717	0.081801	0.062292999999999994	0.6595840000000001	14305500.0
2015-09-14	0.0028510000000000002	0.061489	0.06653099999999999	0.057052	0.141335	16225600.0
2015-09-11	0.001141	0.05684500000000001	0.063306	0.050585000000000005	0.05653	12549400.0
2015-09-10	0.007090000000000001	0.058847000000000003	0.074912	0.053355999999999994	0.34864	17996200.0
2015-09-09	-0.013981	0.074922	0.076726	0.043041	-0.6972689999999999	16221500.0
2015-09-08	0.031975	0.089428	0.096256	0.07556399999999999	1.545284	19685400.0
2015-09-04	-0.021743000000000002	0.048534	0.048938999999999996	0.027482999999999997	-1.074162	22303800.0
2015-09-03	0.008463	0.069452	0.08190399999999999	0.065982	0.41458900000000004	15719000.0
2015-09-02	0.019612	0.092507	0.092507	0.067115	0.942257	20919600.0
2015-09-01	-0.043878	0.037008	0.041188	0.005566	-2.204872	28031700.0
2015-08-31	-0.003922	0.058512	0.061683	0.051772000000000006	-0.197872	13842200.0
2015-08-28	-0.009068999999999999	0.055787	0.059323	0.041841	-0.4617	18342200.0
2015-08-27	0.033077999999999996	0.08442000000000001	0.097813	0.073056	1.630092	26452500.0
2015-08-26	0.045582	0.093961	0.111996	0.07316900000000001	2.148331	30235800.0
2015-08-25	-0.024	0.10891500000000001	0.11098599999999999	0.035401999999999996	-1.15897	31041800.0
2015-08-24	-0.050398	-0.032512	0.046932	-0.061026	-2.562923	40198100.0
2015-08-21	-0.038311000000000005	0.046347	0.054857	0.020439	-2.025837	31954400.0
2015-08-20	-0.016474000000000003	0.050127	0.052359	0.043617	-0.8857229999999999	20857700.0
2015-08-19	-0.008342	0.056491	0.061471000000000005	0.050405	-0.45228199999999996	13697100.0
2015-08-18	0.0033130000000000004	0.062397	0.068134	0.059807000000000006	0.179035	10581500.0
2015-08-17	0.000349	0.055548	0.064434	0.053882000000000006	0.018837	11462500.0
2015-08-14	0.007734	0.061287	0.070241	0.05998099999999999	0.4146	9742500.0
2015-08-13	0.002997	0.061848	0.068958	0.059602999999999996	0.160175	11868600.0
2015-08-12	-0.008565000000000001	0.055536	0.056464	0.042551	-0.461704	21663200.0
2015-08-11	-0.012598999999999999	0.048282	0.054143	0.043703	-0.687839	15425500.0
2015-08-10	0.008178	0.067381	0.07070499999999999	0.065165	0.442852	12397500.0
2015-08-07	-0.0010429999999999999	0.062025	0.067375	0.052248	-0.05653	13596200.0
2015-08-06	-0.002081	0.061287	0.06681000000000001	0.056869	-0.113068	12556600.0
2015-08-05	0.0035689999999999997	0.06803	0.07191	0.061934	0.193157	12032500.0
2015-08-04	-0.0015539999999999998	0.06563300000000001	0.072827	0.064526	-0.084247	12324700.0
2015-08-03	0.000691	0.071907	0.071907	0.061385	0.037441	13085900.0
2015-07-31	-0.004815	0.069685	0.070052	0.061602	-0.26211599999999996	12369800.0
2015-07-30	0.003278	0.066188	0.07245399999999999	0.063792	0.177865	9864800.0
2015-07-29	0.009756	0.071937	0.0818	0.068587	0.524238	13718400.0
2015-07-28	-0.0032990000000000003	0.070812	0.072852	0.060239	-0.17786	16730600.0
2015-07-27	-0.003288	0.062669	0.069324	0.060079999999999995	-0.177872	15495300.0
2015-07-24	-0.007387	0.067664	0.070601	0.05885599999999999	-0.402542	13157300.0
2015-07-23	-0.005297	0.072048	0.072778	0.060001	-0.29020300000000004	13582200.0
2015-07-22	0.009836	0.070427	0.080012	0.068952	0.5336	14871100.0
2015-07-21	-0.0017230000000000001	0.067663	0.074104	0.062695	-0.093613	12504300.0
2015-07-20	0.001898	0.069137	0.074668	0.067109	0.102974	10084900.0
2015-07-17	-0.003954	0.064542	0.066011	0.055728	-0.215313	12963900.0
2015-07-16	0.00675	0.07671900000000001	0.078753	0.071913	0.365097	13194500.0
2015-07-15	0.009258	0.071201	0.085195	0.068402	0.496159	17159400.0
2015-07-14	0.008988	0.062944	0.080076	0.061626	0.47742799999999996	20066300.0
2015-07-13	0.011769	0.07735800000000001	0.08116799999999999	0.074691	0.617851	15521800.0
2015-07-10	0.01045	0.08419	0.08669199999999999	0.075144	0.542962	13269600.0
2015-07-09	0.004525	0.08387599999999999	0.085616	0.071889	0.234039	13404100.0
2015-07-08	-0.017778	0.060429	0.066696	0.048465	-0.9361379999999999	12906600.0
2015-07-07	-0.003367	0.065944	0.06878300000000001	0.042475	-0.177872	15831800.0
2015-07-06	-0.005287	0.056165999999999994	0.064261	0.054472	-0.280842	11682100.0
2015-07-02	-0.002987	0.066901	0.072532	0.060895000000000005	-0.159145	10106800.0
2015-07-01	0.011913	0.08436	0.086449	0.07524299999999999	0.627212	12165300.0
2015-06-30	0.003211	0.077361	0.08384	0.066881	0.168511	17346700.0
2015-06-29	-0.024025	0.056313	0.063566	0.041621	-1.291882	19289700.0
2015-06-26	0.004723	0.071391	0.075876	0.070457	0.252762	16975900.0
2015-06-25	-0.00643	0.072114	0.07285599999999999	0.060604	-0.346371	14053600.0
2015-06-24	-0.006046	0.06415499999999999	0.073013	0.061757000000000006	-0.327652	16166600.0
2015-06-23	-0.00034500000000000004	0.069875	0.074671	0.065448	-0.018718000000000002	13354200.0
2015-06-22	0.015074	0.078139	0.086752	0.077203	0.805076	15111200.0
2015-06-19	-0.011265	0.06303099999999999	0.065808	0.056180999999999995	-0.60849	36241100.0
2015-06-18	0.009271	0.070457	0.080734	0.068589	0.496155	18299900.0
2015-06-17	-0.000874	0.069895	0.074376	0.065975	-0.046806	17497700.0
2015-06-16	0.004212	0.065778	0.073089	0.063528	0.22467800000000002	10476100.0
2015-06-15	-0.001927	0.05998200000000001	0.067841	0.056801	-0.102978	12920600.0
2015-06-12	-0.0029690000000000003	0.06579	0.068775	0.058514	-0.159142	13439000.0
2015-06-11	0.000874	0.069149	0.074937	0.06560099999999999	0.046803	13943300.0
2015-06-10	0.008995	0.07349	0.084605	0.072171	0.477425	18622400.0
2015-06-09	0.010334999999999999	0.070309	0.083633	0.06593099999999999	0.542968	14669900.0
2015-06-08	-0.008656	0.074442	0.074442	0.05896900000000001	-0.45870900000000003	14248400.0
2015-06-05	0.008372	0.08534	0.088765	0.073162	0.43999099999999997	16890300.0
2015-06-04	-0.01353	0.061082000000000004	0.06784	0.049819999999999996	-0.720833	17627100.0
2015-06-03	0.012994	0.071447	0.087609	0.071447	0.683384	16122700.0
2015-06-02	0.0024980000000000002	0.067643	0.07603	0.062497000000000004	0.13105799999999998	13148700.0
2015-06-01	0.00143	0.07356	0.078332	0.065161	0.074893	15746200.0
2015-05-29	-0.004448	0.068975	0.069165	0.05814299999999999	-0.234035	17291500.0
2015-05-28	0.002497	0.068977	0.07259700000000001	0.064786	0.131054	10348700.0
2015-05-27	0.007365999999999999	0.07320499999999999	0.08069	0.069175	0.383823	12526100.0
2015-05-26	-0.006071	0.067643	0.068215	0.057914	-0.318283	15859100.0
2015-05-22	-0.00017900000000000001	0.068787	0.072411	0.067834	-0.009365	8568800.0
2015-05-21	-0.001248	0.064977	0.07012	0.063453	-0.06553300000000001	13466700.0
2015-05-20	-0.005674	0.0667	0.067647	0.059313	-0.299564	13292000.0
2015-05-19	0.011659000000000001	0.071089	0.086418	0.070898	0.608494	17194100.0
2015-05-18	0.004143	0.06937	0.077066	0.06879199999999999	0.215313	10637300.0
2015-05-15	-0.009279	0.068215	0.068215	0.054109000000000004	-0.48679700000000004	13323200.0
2015-05-14	0.007914000000000001	0.07493999999999999	0.078398	0.070521	0.41191099999999997	11025400.0
2015-05-13	0.002343	0.068215	0.075148	0.066289	0.12169200000000001	11448100.0
2015-05-12	-0.000721	0.06436599999999999	0.070717	0.058401	-0.037441	11705900.0
2015-05-11	-0.009634	0.065737	0.0665	0.056589999999999994	-0.50552	12922100.0
2015-05-08	0.022622999999999997	0.07523099999999999	0.092382	0.073672	1.1608049999999999	17477500.0
2015-05-07	-0.002003	0.068993	0.07346699999999999	0.062185000000000004	-0.10297	14723100.0
2015-05-06	-0.007679000000000001	0.069856	0.073137	0.050941	-0.397858	15670700.0
2015-05-05	-0.00017900000000000001	0.07545299999999999	0.084523	0.07294400000000001	-0.0093	17068100.0
2015-05-04	0.009784000000000001	0.077012	0.086755	0.076817	0.502117	9981800.0
2015-05-01	0.001633	0.078576	0.08482200000000001	0.07272	0.08368300000000001	12069400.0
2015-04-30	-0.006490999999999999	0.079137	0.079137	0.062266999999999996	-0.33474	16577800.0
2015-04-29	0.0009019999999999999	0.07079500000000001	0.082246	0.069048	0.04649	18144500.0
2015-04-28	0.008004	0.074279	0.084452	0.073496	0.40913	13028300.0
2015-04-27	0.004936	0.077222	0.091182	0.07565	0.25106100000000003	19852400.0
2015-04-24	-0.0029170000000000003	0.07349299999999999	0.076629	0.070552	-0.148774	15268100.0
2015-04-23	0.003475	0.070338	0.08430499999999999	0.070338	0.17666700000000002	14657800.0
2015-04-22	0.0071849999999999995	0.076047	0.087935	0.073075	0.362632	13563800.0
2015-04-21	-0.001472	0.079212	0.085147	0.07209	-0.074379	10954200.0
2015-04-20	0.0057350000000000005	0.081223	0.08778899999999999	0.077841	0.288247	13327200.0
2015-04-17	-0.013866	0.067604	0.070548	0.059167	-0.706677	17569700.0
2015-04-16	0.0	0.06995900000000001	0.080555	0.066231	0.0	15643200.0
2015-04-15	0.011441	0.079025	0.089742	0.07545299999999999	0.5765	16899900.0
2015-04-14	-0.007326999999999999	0.062451	0.073089	0.055358000000000004	-0.37193699999999996	29289600.0
2015-04-13	0.004971	0.075651	0.08357	0.074661	0.25105700000000003	14931600.0
2015-04-10	0.0023989999999999997	0.078231	0.081208	0.07287300000000001	0.12088	9531500.0
2015-04-09	0.0035189999999999996	0.07664800000000001	0.081229	0.070076	0.17667	10279400.0
2015-04-08	-0.00037	0.074657	0.082222	0.07167000000000001	-0.0186	9828700.0
2015-04-07	-0.001109	0.07943	0.081618	0.073464	-0.05579	10853700.0
2015-04-06	-0.005334	0.064574	0.07545299999999999	0.059431	-0.269654	10786100.0
2015-04-02	0.007972	0.075652	0.086219	0.07306	0.399834	13498900.0
2015-04-01	-0.008456	0.075848	0.075848	0.063196	-0.42773100000000003	15436900.0
2015-03-31	-0.006755	0.069562	0.073882	0.064064	-0.344036	13306200.0
2015-03-30	0.01201	0.080818	0.093337	0.080818	0.6044010000000001	11706700.0
2015-03-27	-0.006973	0.07624199999999999	0.077426	0.06479700000000001	-0.353344	13600300.0
2015-03-26	-0.000734	0.07170599999999999	0.07959400000000001	0.064213	-0.037201	15038600.0
2015-03-25	-0.014634000000000001	0.07370399999999999	0.075647	0.059715	-0.753166	15413700.0
2015-03-24	-0.007709000000000001	0.07391	0.07718799999999999	0.067162	-0.399834	13927400.0
2015-03-23	-0.004106	0.075837	0.080829	0.070077	-0.213848	16477400.0
2015-03-20	0.009007	0.07584	0.089015	0.075647	0.464909	26487200.0
2015-03-19	-0.01175	0.071241	0.071815	0.057647000000000004	-0.613697	14841100.0
2015-03-18	0.00465	0.071029	0.08257	0.067374	0.241756	20000500.0
2015-03-17	0.00323	0.071014	0.080277	0.066383	0.167374	13107700.0
2015-03-16	0.007047	0.078562	0.084781	0.075259	0.36264	15505200.0
2015-03-13	-0.004497	0.073518	0.076614	0.064426	-0.23246399999999998	17591400.0
2015-03-12	0.035196	0.091875	0.11430499999999999	0.085466	1.7574009999999998	26266900.0
2015-03-11	0.0076939999999999995	0.087158	0.08957999999999999	0.081709	0.381233	16612900.0
2015-03-10	-0.025241999999999997	0.06542	0.065617	0.048306	-1.283176	18723200.0
2015-03-09	0.001465	0.079196	0.083727	0.076241	0.07438600000000001	11937900.0
2015-03-06	-0.0045590000000000006	0.078198	0.0882	0.068981	-0.23246399999999998	17298400.0
2015-03-05	0.000365	0.077807	0.07918	0.072118	0.018601	9576100.0
2015-03-04	-0.011362	0.070022	0.070604	0.060325	-0.585796	16653300.0
2015-03-03	-0.0018	0.073517	0.076034	0.06751499999999999	-0.092988	11759600.0
2015-03-02	0.013871000000000001	0.07545299999999999	0.090567	0.07407899999999999	0.706673	12988500.0
2015-02-27	-0.006528	0.069018	0.077988	0.06843300000000001	-0.33473600000000003	12937000.0
2015-02-26	-0.0032530000000000002	0.07331499999999999	0.07584199999999999	0.068261	-0.167373	13579100.0
2015-02-25	-0.000722	0.07584099999999999	0.079532	0.07292799999999999	-0.037194	10516900.0
2015-02-24	0.0049	0.077209	0.08404099999999999	0.073891	0.25105700000000003	11957800.0
2015-02-23	0.004924	0.072511	0.080945	0.064469	0.25105700000000003	13715000.0
2015-02-20	0.004949	0.072496	0.08294299999999999	0.065006	0.251056	15049100.0
2015-02-19	0.000734	0.073283	0.081371	0.06776	0.037197	10784600.0
2015-02-18	-0.015350999999999998	0.07001399999999999	0.07215099999999999	0.056613	-0.790367	13231600.0
2015-02-17	0.000723	0.07506399999999999	0.07798	0.068067	0.037194	11908600.0
2015-02-13	0.008567	0.077805	0.089176	0.074473	0.43703000000000003	18809000.0
2015-02-12	0.017811	0.08123899999999999	0.09540599999999999	0.07685	0.8926430000000001	20159500.0
2015-02-11	-0.012278	0.065402	0.069343	0.05751900000000001	-0.622993	18296800.0
2015-02-10	0.006640999999999999	0.083587	0.085372	0.075651	0.33474	12342500.0
2015-02-09	-0.004408	0.071898	0.07545299999999999	0.06814500000000001	-0.22316399999999997	9739200.0
2015-02-06	0.014533	0.08447	0.103707	0.078659	0.7252850000000001	19317000.0
2015-02-05	0.012069	0.079712	0.09187999999999999	0.07930599999999999	0.595096	13281900.0
2015-02-04	-0.001318	0.074035	0.083554	0.071402	-0.06509	14435600.0
2015-02-03	0.012119	0.086641	0.097301	0.08582100000000001	0.591194	20258900.0
2015-02-02	0.017141999999999998	0.088171	0.103183	0.08400099999999999	0.822147	17714500.0
2015-01-30	-0.015921	0.071051	0.082747	0.06489600000000001	-0.7759550000000001	21754800.0
2015-01-29	0.011503	0.084202	0.0979	0.077146	0.554253	16700000.0
2015-01-28	-0.015291999999999998	0.08949	0.090512	0.06578300000000001	-0.7482449999999999	18775100.0
2015-01-27	-0.011385	0.069409	0.077693	0.062135	-0.563485	14351600.0
2015-01-26	0.0060079999999999995	0.075428	0.089452	0.075021	0.295609	13429400.0
2015-01-23	-0.009484999999999999	0.081736	0.086769	0.071871	-0.47111899999999995	17779700.0
2015-01-22	0.032054	0.090645	0.11828	0.090437	1.542671	21488700.0
2015-01-21	0.001923	0.082333	0.09711399999999999	0.076504	0.092366	17928300.0
2015-01-20	0.006971	0.089669	0.096377	0.083799	0.33255	17691000.0
2015-01-16	0.018139	0.078486	0.103458	0.078059	0.849857	23174900.0
2015-01-15	-0.010341	0.081697	0.088667	0.065855	-0.48958599999999997	32144700.0
2015-01-14	-0.011572	0.064795	0.080036	0.052686000000000004	-0.554253	37508600.0
2015-01-13	-0.0038420000000000004	0.087741	0.092525	0.065903	-0.184749	25080900.0
2015-01-12	-0.011959000000000001	0.080487	0.082747	0.062609	-0.581963	16967500.0
2015-01-09	-0.01643	0.082137	0.083148	0.064553	-0.812908	14550800.0
2015-01-08	0.022137	0.094937	0.107126	0.094111	1.071549	16721600.0
2015-01-07	0.005951	0.093764	0.093972	0.082957	0.286369	15714700.0
2015-01-06	-0.020865	0.085594	0.088036	0.055071	-1.025368	20211200.0
2015-01-05	-0.027422000000000002	0.07145900000000001	0.075813	0.050877	-1.385624	15000500.0
2015-01-02	-0.002189	0.088268	0.089848	0.070101	-0.110851	11700900.0
2014-12-31	-0.010826	0.084104	0.087425	0.070822	-0.554249	10090800.0
2014-12-30	-0.0052060000000000006	0.078849	0.083319	0.07651799999999999	-0.267895	8749400.0
2014-12-29	0.007779	0.078625	0.095662	0.078625	0.397217	11385600.0
2014-12-26	-0.001084	0.083911	0.086454	0.080977	-0.055427	5826000.0
2014-12-24	-0.002344	0.085664	0.087811	0.079614	-0.12008699999999999	4297000.0
2014-12-23	0.009096	0.084708	0.095736	0.084314	0.461876	13205700.0
2014-12-22	0.00955	0.08274	0.09287999999999999	0.080354	0.480346	17395500.0
2014-12-19	-0.013766	0.076463	0.086659	0.06763999999999999	-0.7020489999999999	36186100.0
2014-12-18	0.026399000000000002	0.095422	0.11112000000000001	0.094013	1.311733	21404700.0
2014-12-17	0.019329	0.08807999999999999	0.104697	0.086029	0.942227	19782600.0
2014-12-16	-0.007896	0.07501100000000001	0.094346	0.073179	-0.38797800000000005	24243300.0
2014-12-15	-0.009497	0.088791	0.096854	0.071656	-0.47111499999999995	24852800.0
2014-12-12	-0.013412	0.071404	0.086122	0.067227	-0.674335	18792900.0
2014-12-11	0.003133	0.089125	0.100896	0.084736	0.15703599999999998	17007700.0
2014-12-10	-0.010395999999999999	0.080567	0.087675	0.070301	-0.526539	23309500.0
2014-12-09	0.0010949999999999998	0.073054	0.085111	0.06831	0.055420000000000004	12895800.0
2014-12-08	-0.004725	0.080968	0.08490199999999999	0.07388600000000001	-0.24017	18939300.0
2014-12-05	0.009725	0.090288	0.099425	0.089494	0.489594	14261400.0
2014-12-04	0.002022	0.081148	0.087517	0.078163	0.101612	12310000.0
2014-12-03	0.003135	0.08154299999999999	0.09032799999999999	0.08014600000000001	0.157032	14781300.0
2014-12-02	0.007431999999999999	0.081134	0.095012	0.081134	0.369503	12925300.0
2014-12-01	-0.012115	0.081349	0.084727	0.06704299999999999	-0.60968	13858500.0
2014-11-28	0.0036850000000000003	0.083339	0.09171599999999999	0.082342	0.184753	11054300.0
2014-11-26	0.007423999999999999	0.08877	0.093391	0.08435	0.36949499999999996	11792500.0
2014-11-25	-0.004065999999999999	0.085143	0.086143	0.076539	-0.20322	14390400.0
2014-11-24	0.005389	0.08757100000000001	0.093606	0.08495599999999999	0.267891	11028000.0
2014-11-21	0.00617	0.093067	0.094889	0.086995	0.304836	14587500.0
2014-11-20	0.0022489999999999997	0.078484	0.086599	0.076861	0.110855	10245900.0
2014-11-19	0.001689	0.082338	0.085387	0.075429	0.083134	12490600.0
2014-11-18	-0.003181	0.075654	0.083757	0.074236	-0.15704	12580400.0
2014-11-17	0.0016870000000000001	0.07746900000000001	0.085382	0.07280199999999999	0.083142	9657900.0
2014-11-14	-0.000749	0.08254199999999999	0.088624	0.079297	-0.036949	9488400.0
2014-11-13	-0.002802	0.083148	0.08517000000000001	0.074049	-0.138569	13494400.0
2014-11-12	-0.0007469999999999999	0.07688400000000001	0.08436	0.075066	-0.03695	10687900.0
2014-11-11	-0.004644	0.083547	0.08797100000000001	0.076508	-0.23093699999999998	12520500.0
2014-11-10	-0.00018600000000000002	0.079325	0.08555800000000001	0.07811799999999999	-0.009236	11837300.0
2014-11-07	-0.004070000000000001	0.085345	0.086346	0.07413099999999999	-0.203224	13312700.0
2014-11-06	0.009901	0.082946	0.094473	0.08153099999999999	0.48959300000000006	15328100.0
2014-11-05	0.011526999999999999	0.092974	0.095429	0.086837	0.563477	14496900.0
2014-11-04	-0.0018739999999999998	0.089906	0.092152	0.080309	-0.09175900000000001	14931500.0
2014-11-03	0.005274	0.09237000000000001	0.10016900000000001	0.089701	0.256947	14349500.0
2014-10-31	0.012009	0.101749	0.104449	0.096348	0.57814	21126300.0
2014-10-30	0.005559000000000001	0.086359	0.099101	0.084479	0.266129	14107600.0
2014-10-29	0.007532	0.090964	0.100013	0.08759700000000001	0.357898	16546900.0
2014-10-28	0.00916	0.095011	0.099895	0.089489	0.431305	13267200.0
2014-10-27	0.002149	0.092042	0.09310700000000001	0.08565700000000001	0.100949	11654500.0
2014-10-24	0.011858	0.08927	0.103699	0.088624	0.550602	10888600.0
2014-10-23	0.008570999999999999	0.10251600000000001	0.107294	0.096652	0.39460700000000004	14394500.0
2014-10-22	-0.00555	0.091213	0.094885	0.083005	-0.25695	20078200.0
2014-10-21	0.025824	0.099672	0.120722	0.098343	1.165462	17660200.0
2014-10-20	0.010064	0.089477	0.10201	0.087911	0.449661	15018500.0
2014-10-17	0.011635	0.097852	0.110078	0.096041	0.5139050000000001	28314000.0
2014-10-16	0.005852	0.074443	0.10860299999999999	0.071483	0.256958	28973400.0
2014-10-15	-0.020069999999999998	0.07408	0.08278300000000001	0.036364999999999995	-0.899338	38470600.0
2014-10-14	-0.027291000000000003	0.07450599999999999	0.082321	0.046504000000000004	-1.2572290000000002	45851500.0
2014-10-13	-0.008689	0.089056	0.09701699999999999	0.079157	-0.403781	19298900.0
2014-10-10	-0.00939	0.08735599999999999	0.10291800000000001	0.07883	-0.44048400000000004	20211500.0
2014-10-09	-0.019750999999999998	0.08782100000000001	0.090955	0.066298	-0.945205	18735700.0
2014-10-08	0.020947	0.093328	0.113381	0.089914	0.981907	15267200.0
2014-10-07	-0.018259	0.085722	0.085722	0.069386	-0.871792	11889700.0
2014-10-06	-0.001344	0.093048	0.097231	0.08740099999999999	-0.064236	10872300.0
2014-10-03	0.013619	0.09775700000000001	0.10666199999999999	0.09351699999999999	0.6423760000000001	14018800.0
2014-10-02	0.002731	0.088213	0.095016	0.081836	0.128471	15434400.0
2014-10-01	-0.01176	0.089071	0.09159199999999999	0.075626	-0.559783	16527000.0
2014-09-30	0.003482	0.09202	0.100031	0.09012300000000001	0.16518	16669900.0
2014-09-29	-0.0034700000000000004	0.0855	0.090752	0.079407	-0.16518	9995300.0
2014-09-26	0.008948000000000001	0.090549	0.100511	0.088429	0.422126	10753400.0
2014-09-25	-0.013811000000000002	0.089074	0.090537	0.074651	-0.660721	16684900.0
2014-09-24	0.000576	0.092211	0.093675	0.0851	0.027531	18245200.0
2014-09-23	-0.015123	0.088671	0.092585	0.073016	-0.734142	20596500.0
2014-09-22	-0.008621	0.087659	0.09256	0.078673	-0.422146	13445700.0
2014-09-19	0.002254	0.097069	0.101163	0.089292	0.110123	22553800.0
2014-09-18	0.013902000000000001	0.092192	0.10775599999999999	0.092192	0.669914	16388300.0
2014-09-17	0.0038229999999999996	0.09136799999999999	0.10095	0.086785	0.183529	16919100.0
2014-09-16	0.007123999999999999	0.086344	0.10103	0.086344	0.339546	10524600.0
2014-09-15	0.004642	0.09033300000000001	0.099397	0.088858	0.22024200000000002	10414800.0
2014-09-12	0.002132	0.091391	0.098995	0.088223	0.10095599999999999	12523700.0
2014-09-11	0.001359	0.087163	0.09414299999999999	0.085471	0.064231	8981900.0
2014-09-10	0.008811	0.089915	0.101437	0.089488	0.41295299999999996	11381400.0
2014-09-09	-0.007772	0.08462	0.087372	0.07975	-0.367073	10745000.0
2014-09-08	-0.0034850000000000003	0.086114	0.091389	0.083161	-0.165184	7746900.0
2014-09-05	0.001551	0.085686	0.091392	0.081038	0.073421	12102500.0
2014-09-04	0.000388	0.088433	0.097523	0.08653	0.018353	8306200.0
2014-09-03	-0.000388	0.09350499999999999	0.09942100000000001	0.086109	-0.018353	7735500.0
2014-09-02	0.002527	0.095421	0.095421	0.085464	0.119297	9990300.0
2014-08-29	0.0056689999999999996	0.092258	0.09651799999999999	0.09034	0.266121	8860700.0
2014-08-28	-0.003701	0.08694199999999999	0.08842799999999999	0.082485	-0.174354	7718000.0
2014-08-27	-0.004267	0.091603	0.09266	0.08357200000000001	-0.201897	8315800.0
2014-08-26	0.0021379999999999997	0.09224299999999999	0.09478400000000001	0.090125	0.100948	7025200.0
2014-08-25	0.0052759999999999994	0.096089	0.101837	0.094598	0.24778000000000003	8665600.0
2014-08-22	-0.0021449999999999998	0.090763	0.096075	0.086302	-0.100948	9210400.0
2014-08-21	0.008653000000000001	0.092916	0.101488	0.090773	0.40378600000000003	10102200.0
2014-08-20	-0.000197	0.088201	0.091415	0.084988	-0.009179000000000001	8402900.0
2014-08-19	0.0033539999999999998	0.091421	0.0983	0.090991	0.156002	8718400.0
2014-08-18	0.009559999999999999	0.09534400000000001	0.10098700000000001	0.093825	0.44049099999999997	9913700.0
2014-08-15	-0.0033740000000000003	0.092297	0.09489199999999999	0.07867	-0.15600999999999998	13297200.0
2014-08-14	0.007802	0.092317	0.100601	0.091227	0.357903	11904300.0
2014-08-13	0.004219	0.094955	0.09714400000000001	0.091015	0.192711	12283100.0
2014-08-12	-0.002205	0.089046	0.098001	0.086643	-0.10094500000000001	15219900.0
2014-08-11	-0.0022	0.091445	0.09515	0.084906	-0.100948	14666400.0
2014-08-08	0.006036	0.09035900000000001	0.09715599999999999	0.08465800000000001	0.27529899999999996	14563200.0
2014-08-07	-0.0071909999999999995	0.095796	0.09732	0.079688	-0.33036	14109100.0
2014-08-06	0.0002	0.08578200000000001	0.09993400000000001	0.084911	0.009178	15271500.0
2014-08-05	-0.011571	0.091726	0.09602999999999999	0.081612	-0.537674	12766000.0
2014-08-04	0.012711	0.10167999999999999	0.112141	0.10102699999999999	0.583244	13380100.0
2014-08-01	-0.010806	0.088698	0.101849	0.08287699999999999	-0.501228	18813700.0
2014-07-31	-0.023033	0.092267	0.09268799999999999	0.071837	-1.0935709999999998	19638900.0
2014-07-30	0.010865000000000001	0.101367	0.11350199999999999	0.100515	0.5103340000000001	11439600.0
2014-07-29	-0.001163	0.098385	0.109018	0.09477000000000001	-0.054676	14511800.0
2014-07-28	0.0	0.091154	0.099661	0.08817699999999999	0.0	13468000.0
2014-07-25	0.000194	0.095194	0.10115	0.095194	0.00911	10040200.0
2014-07-24	0.005065	0.099887	0.104376	0.099245	0.236938	9939600.0
2014-07-23	-0.000389	0.099031	0.103091	0.095612	-0.018219	9109000.0
2014-07-22	0.005877	0.10054600000000001	0.106564	0.097321	0.273392	11920800.0
2014-07-21	-0.004485	0.09133	0.09454	0.08812	-0.209606	15236900.0
2014-07-18	0.011839	0.103601	0.112045	0.099703	0.546787	15487400.0
2014-07-17	-0.009576000000000001	0.09539199999999999	0.096249	0.085313	-0.44653699999999996	24398000.0
2014-07-16	-0.003505	0.102237	0.103946	0.090911	-0.164036	21599400.0
2014-07-15	0.00078	0.101599	0.104807	0.09496900000000001	0.036453	19293100.0
2014-07-14	-0.003496	0.09561599999999999	0.10478	0.089862	-0.164043	21252400.0
2014-07-11	-0.006176	0.082919	0.094356	0.076353	-0.291618	29998900.0
2014-07-10	-0.007281	0.088701	0.092485	0.083445	-0.34629899999999997	20059900.0
2014-07-09	-0.0011480000000000001	0.098371	0.098371	0.090181	-0.054676	16116300.0
2014-07-08	-0.004762	0.093141	0.096277	0.088961	-0.227821	17282100.0
2014-07-07	-0.009434	0.095251	0.09690700000000001	0.085934	-0.455662	13551800.0
2014-07-03	0.006456999999999999	0.102114	0.106073	0.100864	0.309849	8741500.0
2014-07-02	-0.0011380000000000001	0.09815399999999999	0.099819	0.093783	-0.054684	14436000.0
2014-07-01	0.0030440000000000003	0.100871	0.10546400000000002	0.098574	0.145813	12482600.0
2014-06-30	-0.0064269999999999996	0.094002	0.094417	0.08695	-0.309852	12914600.0
2014-06-27	0.010121	0.094388	0.108427	0.092712	0.483005	16864500.0
2014-06-26	-0.004372999999999999	0.09773899999999999	0.09857300000000001	0.08480499999999999	-0.209602	12545900.0
2014-06-25	0.002096	0.093141	0.10275699999999999	0.088541	0.100246	12815300.0
2014-06-24	-0.009249	0.096286	0.09752899999999999	0.08572300000000001	-0.44654099999999997	11226300.0
2014-06-23	0.001702	0.09337999999999999	0.100641	0.089852	0.082013	13122500.0
2014-06-20	0.016724	0.10491500000000001	0.116095	0.102595	0.7928350000000001	29836500.0
2014-06-19	-0.000384	0.096478	0.100695	0.095002	-0.018219	16335000.0
2014-06-18	0.0073560000000000006	0.097959	0.107517	0.09456	0.346294	18077100.0
2014-06-17	0.011156999999999999	0.09603300000000001	0.111497	0.094959	0.51944	15470800.0
2014-06-16	-0.015607	0.096899	0.09711	0.077024	-0.738155	16310500.0
2014-06-13	0.003674	0.101141	0.105173	0.097958	0.173149	11111900.0
2014-06-12	-0.010145	0.094801	0.098162	0.084928	-0.482991	13420600.0
2014-06-11	-0.0066549999999999995	0.092314	0.095444	0.086263	-0.318958	11735400.0
2014-06-10	0.001524	0.095023	0.099829	0.090634	0.072907	12331700.0
2014-06-09	0.010196	0.09563300000000001	0.109777	0.09521	0.48299	11049600.0
2014-06-06	0.006779	0.097959	0.10561	0.09689600000000001	0.318954	13152400.0
2014-06-05	0.011559999999999999	0.098826	0.11194100000000001	0.09689199999999999	0.537678	11862900.0
2014-06-04	-0.0009789999999999998	0.094314	0.09689199999999999	0.091522	-0.045574	10129200.0
2014-06-03	0.0	0.092811	0.098825	0.090019	0.0	9293500.0
2014-06-02	0.006104999999999999	0.100779	0.105749	0.099266	0.282516	11828300.0
2014-05-30	0.010145	0.098413	0.109327	0.098413	0.46476000000000006	15489200.0
2014-05-29	-0.00337	0.10102	0.10102	0.091013	-0.154918	13026600.0
2014-05-28	-0.002176	0.096887	0.100578	0.092329	-0.100239	12458400.0
2014-05-27	0.007775	0.100384	0.109135	0.098197	0.35541500000000004	13322200.0
2014-05-23	0.003401	0.095565	0.10259000000000001	0.09249199999999999	0.154915	13167200.0
2014-05-22	0.006442	0.09754199999999999	0.105496	0.095775	0.291618	12159000.0
2014-05-21	0.014502000000000001	0.102252	0.116372	0.10180399999999999	0.64703	12933500.0
2014-05-20	-0.010709	0.094439	0.09665599999999999	0.083574	-0.482994	15095400.0
2014-05-19	0.008354	0.091955	0.107606	0.091508	0.373631	10533800.0
2014-05-16	0.0010199999999999999	0.096874	0.09956	0.09060700000000001	0.04557	13923400.0
2014-05-15	-0.005275	0.093092	0.09643099999999999	0.08329600000000001	-0.23693499999999998	17370900.0
2014-05-14	-0.010440000000000001	0.098423	0.098423	0.083663	-0.47388800000000003	13262500.0
2014-05-13	0.001005	0.097763	0.101732	0.094675	0.04557	9707100.0
2014-05-12	0.013855000000000001	0.104029	0.11453699999999999	0.10291099999999999	0.619683	16450500.0
2014-05-09	-0.005068	0.095987	0.097099	0.087979	-0.22782199999999997	15174600.0
2014-05-08	-0.001215	0.096433	0.09954299999999999	0.0931	-0.054676	12901800.0
2014-05-07	0.013336	0.103175	0.112856	0.100248	0.592354	15504500.0
2014-05-06	-0.009483	0.10141	0.102302	0.094274	-0.425262	16213000.0
2014-05-05	-0.00040300000000000004	0.098514	0.10653900000000001	0.094501	-0.018101	9127000.0
2014-05-02	-0.001209	0.108096	0.11343900000000001	0.10208400000000001	-0.054283000000000005	13369700.0
2014-05-01	0.0	0.107428	0.109654	0.100971	0.0	11851000.0
2014-04-30	0.003436	0.104754	0.111457	0.102967	0.153808	14982800.0
2014-04-29	0.01083	0.11265399999999999	0.118073	0.109492	0.479554	14745800.0
2014-04-28	-0.0022429999999999998	0.11015799999999999	0.11150999999999998	0.093485	-0.099526	18411700.0
2014-04-25	-0.005474000000000001	0.10408099999999999	0.10811400000000002	0.09802999999999999	-0.24430100000000002	16274500.0
2014-04-24	-0.005445	0.108545	0.108545	0.095841	-0.24429299999999998	12617100.0
2014-04-23	0.007312000000000001	0.104528	0.115079	0.104528	0.32572199999999996	13309900.0
2014-04-22	0.00224	0.10340099999999999	0.113526	0.10025099999999999	0.099537	14203800.0
2014-04-21	0.0038829999999999997	0.108589	0.11423599999999999	0.105879	0.17190899999999998	12478000.0
2014-04-17	-0.003259	0.103625	0.109704	0.098672	-0.144764	19399900.0
2014-04-16	0.0063549999999999995	0.111545	0.115397	0.10180299999999999	0.280487	17866000.0
2014-04-15	0.013927000000000002	0.108877	0.12289000000000001	0.103593	0.606232	21749600.0
2014-04-14	0.000624	0.11186700000000001	0.118993	0.09049	0.027138	24321400.0
2014-04-11	0.007755	0.099178	0.132073	0.082268	0.334781	36426700.0
2014-04-10	-0.028310000000000002	0.107902	0.107902	0.073913	-1.25769	24910800.0
2014-04-09	0.005529	0.110633	0.111312	0.100222	0.244297	15928100.0
2014-04-08	0.0034939999999999997	0.105201	0.112924	0.10020499999999999	0.153824	19086900.0
2014-04-07	-0.01816	0.105647	0.107654	0.084908	-0.814331	19653700.0
2014-04-04	-0.005419	0.110081	0.11984000000000002	0.099213	-0.24430500000000002	18702400.0
2014-04-03	0.001407	0.10631199999999999	0.108089	0.100759	0.063343	9598900.0
2014-04-02	-0.00020099999999999998	0.105201	0.107644	0.099428	-0.009045000000000001	13036800.0
2014-04-01	0.000603	0.10831199999999999	0.109423	0.099869	0.027138	16397000.0
2014-03-31	0.00913	0.11551600000000001	0.119103	0.10901300000000001	0.407166	17901800.0
2014-03-28	0.00387	0.106102	0.11668099999999999	0.104076	0.171913	15008000.0
2014-03-27	0.012371	0.128217	0.134598	0.10862000000000001	0.542892	29075100.0
2014-03-26	-0.009395	0.110393	0.11061900000000001	0.093915	-0.41621400000000003	17399800.0
2014-03-25	-0.000408	0.111294	0.11174500000000001	0.103622	-0.018101	14659400.0
2014-03-24	-0.00285	0.113301	0.113526	0.098451	-0.12667	19677600.0
2014-03-21	0.001836	0.122333	0.12639	0.10542699999999999	0.081432	30999100.0
2014-03-20	0.025516999999999998	0.102658	0.141032	0.102658	1.1038629999999998	25208400.0
2014-03-19	-0.012190000000000001	0.104744	0.105429	0.08419299999999999	-0.53384	28293000.0
2014-03-18	0.00561	0.10612	0.112549	0.10497100000000001	0.2443	9757400.0
2014-03-17	0.015401	0.112196	0.123155	0.109399	0.6605270000000001	11085700.0
2014-03-14	-0.009197	0.099426	0.11051500000000002	0.092033	-0.398125	15347300.0
2014-03-13	-0.0058189999999999995	0.10772799999999999	0.10933599999999999	0.096474	-0.253345	14813900.0
2014-03-12	0.006484	0.102658	0.112598	0.099422	0.280483	13497400.0
2014-03-11	-0.007061	0.10956300000000001	0.11002200000000001	0.095332	-0.307621	13373600.0
2014-03-10	0.004171	0.104049	0.11280799999999999	0.096673	0.18096099999999998	11810200.0
2014-03-07	0.012884999999999999	0.115007	0.13181600000000002	0.11127100000000001	0.551934	20491600.0
2014-03-06	0.005309	0.109895	0.114824	0.107079	0.226192	14726300.0
2014-03-05	0.007488	0.10709300000000001	0.11678800000000002	0.104019	0.316689	13643700.0
2014-03-04	0.012784	0.118852	0.12076700000000001	0.11190699999999999	0.533836	14881900.0
2014-03-03	-0.005816	0.097821	0.10091599999999999	0.094249	-0.244297	16067600.0
2014-02-28	0.008034999999999999	0.106401	0.119601	0.10424100000000001	0.334785	16347300.0
2014-02-27	0.0	0.102801	0.105921	0.094641	0.0	13799700.0
2014-02-26	-0.000651	0.111677	0.113596	0.098725	-0.027156	13910700.0
2014-02-25	0.0	0.108079	0.109518	0.10208300000000001	0.0	13751600.0
2014-02-24	0.010526	0.108352	0.125318	0.107625	0.43431400000000003	14106700.0
2014-02-21	-0.000657	0.104959	0.11561600000000001	0.10156799999999999	-0.027137	15411100.0
2014-02-20	0.002196	0.10180299999999999	0.112969	0.09840399999999999	0.090477	13388500.0
2014-02-19	-0.013007	0.10328399999999999	0.108076	0.089628	-0.5428930000000001	16187900.0
2014-02-18	0.0	0.10903399999999999	0.10999300000000001	0.10376400000000001	0.0	12120400.0
2014-02-14	0.0032619999999999997	0.106403	0.11241199999999998	0.101115	0.135723	11165300.0
2014-02-13	-0.000217	0.094868	0.107124	0.091984	-0.009044	14597400.0
2014-02-12	0.00043499999999999995	0.10496099999999998	0.11193299999999999	0.101354	0.018093	12175700.0
2014-02-11	0.009886	0.10568699999999999	0.11904	0.103744	0.407165	13561100.0
2014-02-10	0.0033060000000000003	0.105688	0.11129100000000001	0.101547	0.135727	12501500.0
2014-02-07	0.013175999999999998	0.111865	0.120503	0.106682	0.533844	16773000.0
2014-02-06	0.012435	0.1087	0.11919400000000001	0.106201	0.497647	21043100.0
2014-02-05	-0.005397	0.10843199999999999	0.109177	0.097745	-0.217171	21998800.0
2014-02-04	0.007653	0.11616300000000002	0.122424	0.107649	0.305588	20744800.0
2014-02-03	-0.020071000000000002	0.111921	0.119528	0.087626	-0.817864	29540200.0
2014-01-31	-0.015418000000000001	0.097193	0.10444200000000001	0.09284400000000001	-0.638111	27251200.0
2014-01-30	0.01009	0.119003	0.127545	0.11705	0.413429	12623600.0
2014-01-29	-0.00805	0.10466800000000001	0.11871	0.101279	-0.33253499999999997	20428800.0
2014-01-28	0.009444	0.11901099999999999	0.13000799999999998	0.11559000000000001	0.38645999999999997	16117300.0
2014-01-27	0.001099	0.11388	0.12244300000000001	0.10654100000000001	0.044929000000000004	21323600.0
2014-01-24	-0.01877	0.105215	0.108096	0.091772	-0.781913	20115400.0
2014-01-23	-0.006856	0.10622000000000001	0.107412	0.096684	-0.287587	19825200.0
2014-01-22	0.0036560000000000004	0.1184	0.120554	0.112657	0.152783	11817300.0
2014-01-21	0.0023710000000000003	0.11553499999999998	0.12345	0.10905899999999999	0.098861	15533900.0
2014-01-17	0.0	0.114816	0.11673499999999999	0.10666099999999999	0.0	15168200.0
2014-01-16	-0.00021600000000000002	0.110259	0.114096	0.104744	-0.008987	12892600.0
2014-01-15	0.017766999999999998	0.121199	0.140724	0.116806	0.727989	27394500.0
2014-01-14	0.0006580000000000001	0.110704	0.119495	0.097027	0.026963	28487500.0
2014-01-13	-0.008272	0.113142	0.116775	0.10079	-0.341523	20950900.0
2014-01-10	-0.004765999999999999	0.110247	0.110247	0.099882	-0.197735	15386700.0
2014-01-09	0.005226	0.11386900000000001	0.119442	0.109749	0.21569899999999997	14229900.0
2014-01-08	0.011454	0.112657	0.126137	0.11143199999999999	0.46736099999999997	20850700.0
2014-01-07	-0.00044	0.121966	0.121966	0.10775799999999999	-0.017975	16897000.0
2014-01-06	0.0017640000000000002	0.11732000000000001	0.12419100000000001	0.113148	0.071892	18438900.0
2014-01-03	0.007108	0.111916	0.124026	0.111668	0.287598	14693800.0
2014-01-02	-0.00837	0.10653	0.110207	0.100648	-0.341515	17333100.0
2013-12-31	-0.002198	0.11314600000000001	0.11388	0.104098	-0.089882	13243500.0
2013-12-30	0.0	0.11436900000000001	0.115347	0.1085	0.0	11321400.0
2013-12-27	-0.0008789999999999999	0.113879	0.114856	0.108992	-0.035956999999999996	6843900.0
2013-12-26	0.0033049999999999998	0.115354	0.11878599999999999	0.11363800000000002	0.134827	7309800.0
2013-12-24	0.003981	0.113641	0.11880999999999999	0.111919	0.161762	4355300.0
2013-12-23	0.005561	0.11661700000000001	0.12676400000000002	0.116122	0.22470500000000002	13037300.0
2013-12-20	-0.001333	0.11463399999999999	0.11710599999999999	0.10722000000000001	-0.053939999999999995	29401400.0
2013-12-19	0.002003	0.10497999999999999	0.119344	0.102009	0.08089400000000001	17713600.0
2013-12-18	0.030741	0.12261199999999998	0.15018	0.114444	1.2043190000000001	28008400.0
2013-12-17	-0.008868000000000001	0.107091	0.108609	0.100261	-0.350509	13376100.0
2013-12-16	0.005717	0.11876400000000001	0.123089	0.11443800000000001	0.224689	13254200.0
2013-12-13	0.005287	0.113169	0.121098	0.112401	0.206711	14097300.0
2013-12-12	-0.00045999999999999996	0.113935	0.119304	0.11137899999999999	-0.017979	13744200.0
2013-12-11	-0.013375999999999999	0.111648	0.11417100000000001	0.09676599999999999	-0.530258	18230100.0
2013-12-10	-0.004738	0.11014700000000001	0.11567000000000001	0.105879	-0.188736	14352400.0
2013-12-09	0.004761	0.11341400000000001	0.12199000000000002	0.11341400000000001	0.188736	14011200.0
2013-12-06	0.019884	0.12346199999999999	0.13684000000000002	0.11728800000000002	0.7729189999999999	16909700.0
2013-12-05	-0.011428	0.109351	0.117744	0.098924	-0.44936800000000005	19048900.0
2013-12-04	0.00045700000000000005	0.10426099999999999	0.121308	0.10273399999999999	0.017975	18009600.0
2013-12-03	-0.010186	0.10988699999999998	0.115175	0.097294	-0.404446	22404100.0
2013-12-02	0.003635	0.11493199999999999	0.12428399999999999	0.114426	0.143803	16740500.0
2013-11-29	-0.005647	0.115673	0.11868900000000002	0.10486600000000001	-0.22467800000000002	9770200.0
2013-11-27	-0.0009029999999999999	0.116926	0.116926	0.10663099999999999	-0.035956999999999996	13655800.0
2013-11-26	-0.003822	0.113908	0.11941099999999999	0.107904	-0.15279	13429900.0
2013-11-25	0.002705	0.115667	0.12168699999999999	0.11366099999999998	0.107856	12363900.0
2013-11-22	0.006352	0.11063800000000001	0.12022999999999999	0.10887100000000001	0.251644	11035100.0
2013-11-21	0.010546	0.117504	0.132298	0.116993	0.413426	16441600.0
2013-11-20	0.001377	0.116999	0.125684	0.110614	0.053924	15790600.0
2013-11-19	0.0034560000000000003	0.115477	0.12316600000000001	0.111632	0.13482	14700500.0
2013-11-18	-0.002986	0.113679	0.117257	0.108057	-0.116845	13116600.0
2013-11-15	0.010443000000000001	0.10981700000000001	0.126859	0.1093	0.404438	23401200.0
2013-11-14	0.007718000000000001	0.11578	0.122025	0.107974	0.296593	17831300.0
2013-11-13	0.011353	0.109499	0.126079	0.100025	0.43139700000000003	24062300.0
2013-11-12	-0.010994	0.11083499999999999	0.112657	0.094959	-0.42240900000000003	13376800.0
2013-11-11	0.0009369999999999999	0.11213599999999999	0.11656500000000002	0.10562300000000001	0.035949	11764400.0
2013-11-08	0.023975	0.112924	0.146002	0.112657	0.8987430000000001	23461300.0
2013-11-07	-0.017200999999999998	0.115803	0.116852	0.093519	-0.6560779999999999	22432500.0
2013-11-06	0.0025989999999999997	0.12028	0.120806	0.11108	0.098861	14751500.0
2013-11-05	-0.00164	0.119755	0.12369200000000001	0.11529400000000001	-0.062477	16603700.0
2013-11-04	0.0007030000000000001	0.122644	0.125007	0.11686600000000001	0.026779	11921600.0
2013-11-01	-0.000469	0.12133	0.12972999999999998	0.117656	-0.017849	15538700.0
2013-10-31	-0.009512999999999999	0.11898299999999999	0.123923	0.109623	-0.365898	18760200.0
2013-10-30	0.003259	0.124455	0.13202	0.122108	0.12494300000000001	16039700.0
2013-10-29	0.003035	0.125252	0.12655999999999998	0.11635699999999999	0.11600899999999999	13105700.0
2013-10-28	-0.0007	0.11975799999999999	0.12394100000000001	0.11296099999999999	-0.026772000000000004	12704500.0
2013-10-25	0.003982	0.11922999999999999	0.126842	0.11739300000000001	0.15171800000000002	19831600.0
2013-10-24	-0.001637	0.124998	0.126308	0.11504	-0.062469000000000004	13956600.0
2013-10-23	-0.004192	0.11975999999999999	0.121326	0.11427999999999999	-0.160641	13612900.0
2013-10-22	0.007508	0.12396099999999999	0.131848	0.119228	0.285584	18654300.0
2013-10-21	-0.0014060000000000001	0.119492	0.12526900000000002	0.116342	-0.053555	16457100.0
2013-10-18	0.0	0.121593	0.127369	0.112666	0.0	17581300.0
2013-10-17	0.011134999999999999	0.11603	0.13514400000000001	0.114968	0.41944499999999996	18826200.0
2013-10-16	0.016128999999999998	0.130524	0.149946	0.126208	0.597923	25931800.0
2013-10-15	-0.00503	0.12349500000000001	0.126716	0.111686	-0.187412	17256600.0
2013-10-14	0.007723999999999999	0.11269900000000001	0.13325499999999998	0.11161700000000001	0.285572	17183700.0
2013-10-11	-0.000241	0.093503	0.12243499999999999	0.08971699999999999	-0.008919	46034600.0
2013-10-10	0.026758999999999998	0.137201	0.15136	0.12248599999999998	0.963814	26580700.0
2013-10-09	0.002982	0.125834	0.129175	0.115809	0.10709400000000001	17031000.0
2013-10-08	-0.009355	0.118612	0.124681	0.109233	-0.339115	19256200.0
2013-10-07	-0.016465	0.106706	0.10969000000000001	0.10209299999999999	-0.606854	15290200.0
2013-10-04	0.007317000000000001	0.12054300000000001	0.128742	0.11835599999999999	0.267723	12329500.0
2013-10-03	-0.006301	0.11945599999999999	0.11945599999999999	0.10370499999999999	-0.232028	19049600.0
2013-10-02	-0.005543	0.11271099999999999	0.11433099999999999	0.10730899999999999	-0.205254	17782400.0
2013-10-01	0.0041140000000000005	0.121898	0.127322	0.11430499999999999	0.151703	12771100.0
2013-09-30	-0.006492	0.10626300000000001	0.11919600000000001	0.101952	-0.24094400000000002	20358800.0
2013-09-27	-0.000481	0.11946500000000002	0.124851	0.11785	-0.017853	20034100.0
2013-09-26	-0.004784	0.123491	0.130995	0.109822	-0.17848599999999998	20495000.0
2013-09-25	0.001917	0.123228	0.126719	0.10872799999999999	0.071404	19188200.0
2013-09-24	-0.013708000000000001	0.11418699999999998	0.120278	0.10438800000000001	-0.517609	22392800.0
2013-09-23	-0.012602	0.109298	0.11191300000000001	0.099884	-0.481914	16474300.0
2013-09-20	-0.00256	0.12054300000000001	0.124194	0.108544	-0.098164	32062300.0
2013-09-19	-0.008081999999999999	0.133996	0.133996	0.105795	-0.312359	15953300.0
2013-09-18	0.010735	0.119235	0.14590899999999998	0.11792799999999999	0.41052299999999997	23921600.0
2013-09-17	-0.000933	0.12263299999999999	0.124723	0.11218199999999999	-0.035695	16850300.0
2013-09-16	0.016592	0.135947	0.14391500000000002	0.134354	0.624703	19286200.0
2013-09-13	-0.001656	0.11683099999999999	0.12399	0.115505	-0.062473	9986500.0
2013-09-12	-0.005647	0.12107000000000001	0.124761	0.109206	-0.214184	14499500.0
2013-09-11	0.001178	0.121599	0.122654	0.115263	0.04462	14707900.0
2013-09-10	0.017497	0.13128599999999999	0.14041800000000002	0.125377	0.651463	18702300.0
2013-09-09	0.007	0.122977	0.128386	0.10593699999999999	0.258804	27418600.0
2013-09-06	-0.009325	0.125634	0.125902	0.10393	-0.348038	14548700.0
2013-09-05	0.007711	0.121893	0.134043	0.12054300000000001	0.285573	11331000.0
2013-09-04	0.0026579999999999998	0.11973099999999999	0.13028900000000002	0.116753	0.09816699999999999	12465000.0
2013-09-03	0.007546	0.13609100000000002	0.141546	0.119997	0.27665700000000004	15949300.0
2013-08-30	-0.004121	0.123802	0.125161	0.111578	-0.15171800000000002	15031800.0
2013-08-29	0.0	0.115381	0.13168	0.11456600000000002	0.0	10512600.0
2013-08-28	0.0034049999999999996	0.119997	0.133354	0.116999	0.12493499999999999	13927000.0
2013-08-27	-0.030195999999999997	0.107326	0.10785399999999999	0.084857	-1.1423	19230000.0
2013-08-26	-0.008653000000000001	0.11897100000000001	0.122377	0.110323	-0.330192	10107000.0
2013-08-23	0.006591	0.12581900000000001	0.129775	0.11711400000000001	0.24988200000000002	12161600.0
2013-08-22	0.002833	0.12186500000000001	0.127685	0.115781	0.10708599999999999	14037600.0
2013-08-21	-0.0054	0.11685899999999999	0.12264800000000001	0.10844000000000001	-0.205258	14586200.0
2013-08-20	0.002353	0.12001500000000001	0.12529	0.11184000000000001	0.089241	15113700.0
2013-08-19	-0.006082	0.126047	0.12657100000000002	0.11294100000000001	-0.23203200000000002	15873700.0
2013-08-16	-0.005582999999999999	0.11246199999999999	0.125495	0.11142	-0.214184	16238000.0
2013-08-15	-0.002552	0.115343	0.12106300000000002	0.11300299999999999	-0.098164	17748800.0
2013-08-14	-0.005078	0.123905	0.125975	0.114852	-0.196331	13772000.0
2013-08-13	0.002778	0.12184	0.12469300000000001	0.11691099999999999	0.10709	12733900.0
2013-08-12	-0.0006940000000000001	0.115877	0.125727	0.110693	-0.026775	11087600.0
2013-08-09	0.000231	0.12028299999999999	0.12469100000000001	0.11483900000000001	0.008922	10716100.0
2013-08-08	-0.001155	0.12675799999999998	0.12831199999999998	0.113292	-0.044612	18704100.0
2013-08-07	-0.010519	0.110549	0.114906	0.10875599999999999	-0.41051499999999996	18578700.0
2013-08-06	-0.006992	0.126449	0.127721	0.118815	-0.274773	13788000.0
2013-08-05	-0.003372	0.127723	0.129751	0.12138299999999999	-0.132954	14162200.0
2013-08-02	0.005197	0.12772	0.135622	0.122877	0.203862	13506500.0
2013-08-01	0.017471	0.146126	0.160391	0.14431	0.673618	19822300.0
2013-07-31	0.005548	0.129273	0.148833	0.129273	0.212727	25488500.0
2013-07-30	0.000231	0.134491	0.138404	0.126665	0.008860999999999999	18579200.0
2013-07-29	-0.0059759999999999995	0.125637	0.127971	0.120451	-0.23045300000000002	12402400.0
2013-07-26	-0.003207	0.125645	0.129522	0.116599	-0.124089	18503800.0
2013-07-25	-0.014894999999999999	0.12593800000000002	0.12593800000000002	0.10556800000000001	-0.5849840000000001	29467400.0
2013-07-24	-0.005833	0.13101500000000002	0.13228	0.12013	-0.23044499999999998	17947800.0
2013-07-23	-0.0013449999999999998	0.128735	0.132274	0.12494300000000001	-0.053193	13431500.0
2013-07-22	0.00405	0.128992	0.136606	0.123661	0.159558	18409400.0
2013-07-19	0.000901	0.128484	0.137122	0.121117	0.03545	18904400.0
2013-07-18	0.020685	0.133675	0.15623499999999998	0.132379	0.7977029999999999	23443500.0
2013-07-17	0.01139	0.13295099999999999	0.150784	0.132164	0.43432200000000004	23959200.0
2013-07-16	-0.007613	0.12822999999999998	0.130833	0.11521700000000001	-0.292496	21829100.0
2013-07-15	0.016888999999999998	0.137493	0.14755	0.137228	0.638165	21926700.0
2013-07-12	0.017665	0.14735299999999998	0.159473	0.136579	0.655895	35799500.0
2013-07-11	-0.004279	0.138957	0.140298	0.11133499999999999	-0.15954200000000002	32231700.0
2013-07-10	-0.014754	0.124267	0.125059	0.10286500000000001	-0.558403	25414800.0
2013-07-09	-0.003035	0.131391	0.13481600000000002	0.112425	-0.115219	22540600.0
2013-07-08	0.018065	0.136007	0.152366	0.13413	0.673622	22830100.0
2013-07-05	0.020621	0.134799	0.151495	0.13397799999999999	0.753387	14933800.0
2013-07-03	0.0	0.12166099999999999	0.13042	0.11646	0.0	8074400.0
2013-07-02	-0.003385	0.123866	0.134231	0.118683	-0.12408399999999999	15558700.0
2013-07-01	0.0021809999999999998	0.136158	0.147093	0.12822999999999998	0.079773	16177100.0
2013-06-28	-0.006978	0.12822999999999998	0.129859	0.11438499999999999	-0.25705	20249300.0
2013-06-27	0.013165000000000001	0.138132	0.148033	0.131806	0.478638	18800400.0
2013-06-26	0.017866	0.140268	0.156226	0.140268	0.638161	19405900.0
2013-06-25	0.012563	0.138435	0.148924	0.130781	0.443172	22263000.0
2013-06-24	-0.028319999999999998	0.11500899999999999	0.115559	0.08526	-1.0281559999999998	31047900.0
2013-06-21	0.021700999999999998	0.143708	0.159468	0.129918	0.771107	38847800.0
2013-06-20	-0.014018000000000001	0.11796400000000001	0.12822999999999998	0.10936199999999999	-0.505196	29302200.0
2013-06-19	-0.004408	0.126572	0.137623	0.122152	-0.159554	20898800.0
2013-06-18	0.005664	0.13128599999999999	0.138232	0.12878599999999998	0.20386500000000002	15784400.0
2013-06-17	0.011205	0.14031	0.143681	0.133287	0.39885	15494200.0
2013-06-14	-0.019052	0.125474	0.131537	0.105081	-0.691345	19475700.0
2013-06-13	0.016638	0.12879000000000002	0.148402	0.126269	0.593849	17377700.0
2013-06-12	-0.009590999999999999	0.131838	0.136277	0.113246	-0.345665	18320100.0
2013-06-11	-0.014781	0.11483499999999999	0.126316	0.10964000000000002	-0.540676	18368500.0
2013-06-10	0.00048499999999999997	0.135068	0.140265	0.12604200000000002	0.017727	16340600.0
2013-06-07	0.013016	0.142361	0.146517	0.130724	0.469761	23459300.0
2013-06-06	0.022602	0.12483	0.154863	0.12199700000000001	0.79771	24721900.0
2013-06-05	-0.015331000000000001	0.122651	0.131299	0.10646900000000001	-0.5495260000000001	21099300.0
2013-06-04	-0.007121	0.130169	0.14041800000000002	0.11964300000000001	-0.25705700000000004	18708700.0
2013-06-03	0.004439	0.13602	0.13963699999999998	0.112649	0.159546	23638000.0
2013-05-31	-0.01697	0.128504	0.130965	0.10908399999999999	-0.620434	26904700.0
2013-05-30	0.01227	0.129338	0.15148699999999998	0.12684600000000001	0.443172	22022700.0
2013-05-29	0.005676	0.123775	0.13881	0.119598	0.203846	22848100.0
2013-05-28	0.006959	0.143931	0.148978	0.132996	0.24818800000000002	20993200.0
2013-05-24	0.005748	0.11441300000000001	0.136407	0.113849	0.203854	17121900.0
2013-05-23	-0.0022440000000000003	0.10853499999999999	0.137796	0.10853499999999999	-0.079762	24730000.0
2013-05-22	-0.014258000000000002	0.129339	0.139878	0.10909300000000001	-0.514084	30388300.0
2013-05-21	0.011940000000000001	0.131878	0.145069	0.127388	0.42543500000000006	23049200.0
2013-05-20	0.008024	0.128796	0.139829	0.127381	0.283645	18939000.0
2013-05-17	0.015792	0.132828	0.14690899999999998	0.130242	0.54953	24390400.0
2013-05-16	-0.001018	0.127656	0.140862	0.122202	-0.035446	22959500.0
2013-05-15	0.013931	0.12648299999999998	0.146277	0.12386400000000002	0.47861099999999995	25696800.0
2013-05-14	0.01466	0.130002	0.145655	0.128525	0.496353	21730600.0
2013-05-13	0.00447	0.128527	0.135943	0.122297	0.15068099999999998	12774700.0
2013-05-10	0.0036950000000000004	0.132697	0.13627	0.126146	0.124096	16390500.0
2013-05-09	-0.014565	0.127936	0.12999000000000002	0.10857	-0.49636899999999995	27766600.0
2013-05-08	0.009187	0.129415	0.145109	0.126749	0.310234	18741300.0
2013-05-07	0.013191999999999999	0.140714	0.156916	0.137414	0.439701	23273300.0
2013-05-06	0.00424	0.140729	0.144646	0.137114	0.140717	14228700.0
2013-05-03	0.008820999999999999	0.147144	0.152616	0.14288900000000002	0.29020300000000004	15878400.0
2013-05-02	-0.001335	0.138631	0.142881	0.134685	-0.043976	13205400.0
2013-05-01	-0.013691	0.134719	0.136515	0.11645499999999999	-0.457294	17639200.0
2013-04-30	0.00264	0.139515	0.14191700000000002	0.126907	0.08794400000000001	20585300.0
2013-04-29	0.0	0.139215	0.14011600000000002	0.133511	0.0	16016500.0
2013-04-26	0.006377000000000001	0.134697	0.14436500000000002	0.131676	0.211071	17814600.0
2013-04-25	0.008034	0.141072	0.151122	0.136809	0.263809	14861200.0
2013-04-24	0.0056560000000000004	0.139258	0.14691400000000002	0.13742000000000001	0.184685	16740700.0
2013-04-23	0.01089	0.140829	0.149807	0.136495	0.351772	19883100.0
2013-04-22	0.00109	0.14083299999999999	0.14238299999999998	0.128126	0.035175	14432000.0
2013-04-19	0.01158	0.141503	0.151535	0.137741	0.369349	18107000.0
2013-04-18	-0.007932	0.138047	0.139602	0.125606	-0.25503000000000003	19322200.0
2013-04-17	-0.013491	0.129443	0.131591	0.11226099999999999	-0.439701	31790200.0
2013-04-16	0.013399000000000001	0.14582	0.157325	0.14271	0.430904	20352400.0
2013-04-15	-0.0172	0.131307	0.143531	0.116639	-0.562824	23092300.0
2013-04-12	-0.007998	0.119531	0.134385	0.109527	-0.263828	36662500.0
2013-04-11	-0.0015970000000000001	0.137719	0.147404	0.124402	-0.052769	30560000.0
2013-04-10	0.0032049999999999995	0.14015	0.149259	0.129523	0.105538	23566000.0
2013-04-09	0.011615	0.14110699999999998	0.15646500000000002	0.13588499999999998	0.37814699999999996	21250100.0
2013-04-08	-0.0034990000000000004	0.135889	0.135889	0.12089100000000001	-0.11432300000000001	20087000.0
2013-04-05	-0.007215000000000001	0.118577	0.130428	0.112803	-0.23744200000000001	24520900.0
2013-04-04	0.020452	0.140214	0.162231	0.139594	0.659554	24102400.0
2013-04-03	-0.005693999999999999	0.13680499999999998	0.139272	0.126939	-0.184677	26277200.0
2013-04-02	-0.001353	0.140193	0.142348	0.132187	-0.043956999999999996	17094700.0
2013-04-01	-0.001622	0.138036	0.140188	0.129736	-0.052769	10903800.0
2013-03-28	0.00027	0.138651	0.138959	0.132501	0.008789	16967500.0
2013-03-27	-0.008579	0.130712	0.132846	0.12187100000000001	-0.28141	14840800.0
2013-03-26	0.002419	0.143837	0.144448	0.13283499999999998	0.07914700000000001	18635500.0
2013-03-25	0.000269	0.141699	0.143227	0.129166	0.008789	20304500.0
2013-03-22	0.001616	0.141094	0.14446199999999998	0.135889	0.052769	15646600.0
2013-03-21	-0.008013	0.12861	0.135292	0.12678699999999998	-0.263821	24008300.0
2013-03-20	-0.001334	0.141967	0.14773	0.132867	-0.043975	19049900.0
2013-03-19	-0.00715	0.141932	0.142233	0.12416500000000001	-0.23743899999999998	23724800.0
2013-03-18	-0.011518	0.12222999999999999	0.128184	0.119849	-0.386947	29754300.0
2013-03-15	0.03327	0.149109	0.174946	0.147264	1.081684	56046200.0
2013-03-14	0.005439	0.14268	0.145154	0.138041	0.17588399999999998	21874700.0
2013-03-13	0.003001	0.139595	0.143317	0.133081	0.096741	15812000.0
2013-03-12	-0.012657999999999999	0.135889	0.13864500000000002	0.12180099999999999	-0.41333000000000003	22688600.0
2013-03-11	0.01726	0.139606	0.157052	0.138048	0.554027	18989900.0
2013-03-08	0.0021969999999999997	0.13805	0.14335799999999999	0.131182	0.070362	24042200.0
2013-03-07	0.010263	0.13963699999999998	0.150677	0.13806	0.325383	21509700.0
2013-03-06	0.004738	0.143769	0.14535399999999998	0.13489500000000001	0.149503	18491700.0
2013-03-05	0.000837	0.14155399999999999	0.15107	0.135845	0.026381	23312000.0
2013-03-04	0.012998	0.136471	0.152858	0.135186	0.404533	16880500.0
2013-03-01	0.008837000000000001	0.132575	0.152673	0.129658	0.27261799999999997	20624800.0
2013-02-28	-0.001423	0.135171	0.14488199999999998	0.133553	-0.043972000000000004	22097000.0
2013-02-27	0.010935	0.139404	0.15249300000000002	0.132205	0.334175	32171300.0
2013-02-26	-0.00115	0.146592	0.14724600000000002	0.12828900000000001	-0.035172	29601900.0
2013-02-25	-0.028755000000000003	0.137749	0.141241	0.103781	-0.9057959999999999	27023500.0
2013-02-22	0.010152	0.14064100000000002	0.148979	0.13486900000000002	0.31658600000000003	20521000.0
2013-02-21	0.010256	0.135494	0.155904	0.134522	0.316591	38030800.0
2013-02-20	-0.0011380000000000001	0.135496	0.142939	0.134525	-0.035172	27539300.0
2013-02-19	-0.0005690000000000001	0.13743699999999998	0.140671	0.134526	-0.017591	25413400.0
2013-02-15	-0.0014199999999999998	0.13808299999999998	0.141958	0.130978	-0.043963	21105000.0
2013-02-14	0.002277	0.133553	0.141645	0.129992	0.070342	22296200.0
2013-02-13	-0.010701	0.135193	0.137434	0.119181	-0.33417199999999997	21344300.0
2013-02-12	0.007090000000000001	0.139371	0.146466	0.135824	0.219847	19559000.0
2013-02-11	0.010895	0.139396	0.15374000000000002	0.138418	0.334181	24198900.0
2013-02-08	0.006347	0.138098	0.145644	0.13777	0.193476	18425800.0
2013-02-07	-0.008865000000000001	0.136138	0.136464	0.123457	-0.27261799999999997	27095000.0
2013-02-06	0.003443	0.136461	0.141355	0.132546	0.105524	24087000.0
2013-02-05	0.002589	0.143656	0.14823599999999998	0.140058	0.079148	17534100.0
2013-02-04	-0.010532	0.13064	0.132906	0.12060499999999999	-0.325386	22241600.0
2013-02-01	0.008612999999999999	0.144623	0.150826	0.141031	0.26383	21009300.0
2013-01-31	-0.0040030000000000005	0.133537	0.137764	0.131261	-0.123116	16751600.0
2013-01-30	-0.001428	0.136139	0.13776300000000002	0.127697	-0.043979000000000004	27810800.0
2013-01-29	0.004557	0.144905	0.152408	0.143274	0.139719	16846900.0
2013-01-28	-0.0008539999999999999	0.14718699999999998	0.148816	0.13577999999999998	-0.026198000000000003	22067900.0
2013-01-25	-0.0005690000000000001	0.14914000000000002	0.150117	0.13839100000000001	-0.017462000000000002	19431600.0
2013-01-24	0.0060079999999999995	0.148836	0.161943	0.14293699999999998	0.183361	22090700.0
2013-01-23	-0.002568	0.144905	0.147846	0.139675	-0.078575	18180200.0
2013-01-22	0.003149	0.140969	0.14916600000000002	0.138018	0.096041	20931100.0
2013-01-18	-0.002855	0.143924	0.146866	0.127904	-0.087313	31399000.0
2013-01-17	-0.0017100000000000001	0.14849500000000002	0.149474	0.14001	-0.052389	22912100.0
2013-01-16	-0.00057	0.140665	0.151103	0.138708	-0.017465	16799200.0
2013-01-15	0.009778	0.14062	0.159394	0.139632	0.29688000000000003	24837500.0
2013-01-14	-0.009401999999999999	0.14164200000000002	0.143926	0.126307	-0.28815799999999997	23145600.0
2013-01-11	-0.008475	0.130026	0.13811400000000001	0.117086	-0.261955	44149200.0
2013-01-10	0.019879	0.155789	0.167997	0.15117	0.6024970000000001	37523100.0
2013-01-09	0.0	0.14985	0.159749	0.143581	0.0	24589300.0
2013-01-08	-0.001725	0.142267	0.14589000000000002	0.13403299999999999	-0.052384	20132600.0
2013-01-07	-0.004866	0.14424800000000002	0.146215	0.129826	-0.14844300000000002	28135100.0
2013-01-04	0.005178	0.13963	0.15445599999999998	0.135018	0.157175	31420300.0
2013-01-03	-0.008274	0.14294400000000002	0.144905	0.130855	-0.253219	25374800.0
2013-01-02	0.025453	0.17371099999999998	0.175051	0.163995	0.759662	30443000.0
2012-12-31	0.007962	0.13949	0.15671400000000002	0.138477	0.23576399999999997	26697900.0
2012-12-28	-0.007899	0.13551400000000002	0.14690599999999998	0.134844	-0.23576399999999997	15877700.0
2012-12-27	-0.004369	0.144898	0.148901	0.12287999999999999	-0.13097899999999998	19264700.0
2012-12-26	-0.002614	0.146895	0.151886	0.13791199999999998	-0.078577	14289700.0
2012-12-24	-0.0017399999999999998	0.142574	0.162503	0.139917	-0.052395000000000004	7911300.0
2012-12-21	-0.016543000000000002	0.133145	0.139351	0.11713900000000001	-0.506455	37148300.0
2012-12-20	0.012709999999999999	0.139939	0.15978699999999998	0.139939	0.384213	25128300.0
2012-12-19	-0.009726	0.145559	0.147524	0.133438	-0.296889	33517600.0
2012-12-18	0.01687	0.154558	0.172213	0.148562	0.50644	35083200.0
2012-12-17	0.037104000000000005	0.14868599999999998	0.190142	0.14868599999999998	1.074022	43475600.0
2012-12-14	-0.003307	0.144887	0.147297	0.136968	-0.09604299999999999	19231900.0
2012-12-13	-0.007164	0.14489000000000002	0.149676	0.134976	-0.209564	18612400.0
2012-12-12	0.006308	0.150047	0.166904	0.14763900000000002	0.183363	26297900.0
2012-12-11	0.007262	0.147311	0.158745	0.145231	0.20956999999999998	20841900.0
2012-12-10	-0.005417	0.14144	0.14902200000000002	0.13833900000000002	-0.157171	17977000.0
2012-12-07	0.002715	0.15041500000000002	0.152488	0.14039300000000002	0.078579	18525200.0
2012-12-06	0.004850999999999999	0.145231	0.154954	0.139675	0.139709	18833100.0
2012-12-05	0.007331	0.151527	0.161322	0.143482	0.20956599999999997	27232100.0
2012-12-04	-0.000305	0.148029	0.148378	0.13334200000000002	-0.008735	20296900.0
2012-12-03	-0.007876000000000001	0.15112899999999999	0.15321099999999999	0.135864	-0.227021	19623300.0
2012-11-30	-0.004524	0.143504	0.147303	0.134179	-0.130983	19535500.0
2012-11-29	0.010668	0.15291	0.163382	0.149769	0.30562	21316700.0
2012-11-28	0.005516	0.138914	0.152953	0.127332	0.157173	18115300.0
2012-11-27	-0.008206999999999999	0.142098	0.150105	0.13409200000000002	-0.235763	18988300.0
2012-11-26	-0.009036	0.13936700000000002	0.140057	0.12625899999999998	-0.26195	16967700.0
2012-11-23	0.018716999999999998	0.154368	0.166667	0.150151	0.5326350000000001	8783100.0
2012-11-21	-0.010024	0.146623	0.148014	0.129577	-0.288149	15861100.0
2012-11-20	0.016049	0.145231	0.174215	0.14063599999999998	0.454054	23890300.0
2012-11-19	0.014402000000000002	0.16459300000000002	0.169255	0.15276099999999998	0.40166999999999997	22655800.0
2012-11-16	0.01172	0.147045	0.16083	0.13906400000000002	0.323079	25581200.0
2012-11-15	0.004454	0.147418	0.16308599999999998	0.144867	0.122249	22953000.0
2012-11-14	-0.018425999999999998	0.147377	0.154173	0.117691	-0.51518	30910400.0
2012-11-13	-0.010813	0.13461800000000002	0.1516	0.132141	-0.305617	20615600.0
2012-11-12	0.000618	0.14877100000000001	0.152666	0.140629	0.017462000000000002	14994700.0
2012-11-09	0.0	0.144523	0.157622	0.141691	0.0	21637100.0
2012-11-08	-0.017016	0.154627	0.159847	0.1247	-0.48898100000000005	28044300.0
2012-11-07	-0.034897000000000004	0.13381300000000002	0.13381300000000002	0.101908	-1.039086	32189300.0
2012-11-06	0.008818000000000001	0.153636	0.165495	0.152281	0.260268	18787700.0
2012-11-05	0.008298999999999999	0.146471	0.163893	0.145787	0.242923	17548100.0
2012-11-02	-0.009395	0.16209500000000002	0.164464	0.13908399999999999	-0.27762600000000004	19149600.0
2012-11-01	0.010981999999999999	0.154673	0.165278	0.148856	0.32100500000000004	26179000.0
2012-10-31	-0.008243	0.160084	0.162799	0.141762	-0.242925	24902700.0
2012-10-26	-0.0026420000000000003	0.145852	0.153635	0.14043699999999998	-0.07808	23257700.0
2012-10-25	0.010083	0.16560899999999998	0.170053	0.152962	0.294979	18816500.0
2012-10-24	-0.004429	0.158405	0.165892	0.143091	-0.130136	25150500.0
2012-10-23	-0.018261000000000003	0.13725199999999999	0.141261	0.12388800000000001	-0.546585	29170300.0
2012-10-22	0.004659	0.151277	0.159333	0.14657799999999999	0.138819	23043800.0
2012-10-19	-0.006653	0.153954	0.153954	0.13428199999999998	-0.199543	27819800.0
2012-10-18	0.0029010000000000004	0.15596400000000002	0.164992	0.150279	0.086755	23132500.0
2012-10-17	0.021939	0.15945399999999998	0.18645	0.157746	0.642018	34806200.0
2012-10-16	-0.0050149999999999995	0.15942	0.16044	0.139019	-0.147498	39858400.0
2012-10-15	-0.010218999999999999	0.147235	0.150937	0.128389	-0.303655	50238300.0
2012-10-12	-0.026436	0.10871700000000001	0.127719	0.10249200000000001	-0.80686	61315900.0
2012-10-11	-0.001419	0.164398	0.166688	0.147385	-0.043371	23087800.0
2012-10-10	0.003704	0.153277	0.161486	0.149336	0.112783	21229300.0
2012-10-09	-0.019553	0.154552	0.157449	0.125897	-0.6073069999999999	40870500.0
2012-10-08	-0.001116	0.147796	0.155836	0.145866	-0.034706	13882500.0
2012-10-05	-0.003614	0.15678499999999998	0.164476	0.142045	-0.112791	26200600.0
2012-10-04	0.014955000000000001	0.158474	0.17083299999999998	0.152945	0.459829	29103700.0
2012-10-03	0.017806	0.157916	0.180426	0.15526800000000002	0.537905	29288800.0
2012-10-02	0.0034579999999999997	0.15693800000000002	0.15826700000000002	0.147305	0.104103	21664000.0
2012-10-01	0.004922999999999999	0.160965	0.17231400000000002	0.15529	0.147497	18903300.0
2012-09-28	-0.0066170000000000005	0.147646	0.155936	0.143004	-0.199545	21511200.0
2012-09-27	0.009878	0.155634	0.16635	0.151615	0.294979	21591600.0
2012-09-26	-0.008641	0.154944	0.155276	0.138345	-0.260279	27547000.0
2012-09-25	-0.010826	0.15656	0.169696	0.14014100000000002	-0.329685	31518500.0
2012-09-24	0.0037170000000000003	0.146028	0.16086	0.144709	0.112782	19628400.0
2012-09-21	-0.006534000000000001	0.159824	0.160806	0.139522	-0.199543	67455100.0
2012-09-20	-0.001418	0.145753	0.15196600000000002	0.139541	-0.043373	22245300.0
2012-09-19	-0.005361	0.15945	0.165629	0.14611500000000002	-0.16484100000000002	25755900.0
2012-09-18	0.003113	0.152946	0.160776	0.1474	0.095421	26286600.0
2012-09-17	-0.022142	0.137945	0.148154	0.12646	-0.694058	32266600.0
2012-09-14	0.016315	0.15424100000000002	0.18666300000000002	0.152944	0.503199	42005000.0
2012-09-13	0.035537	0.15295599999999998	0.196267	0.146241	1.05846	35911100.0
2012-09-12	0.0052710000000000005	0.157682	0.162745	0.154645	0.15616	17146900.0
2012-09-11	-0.01272	0.137292	0.151953	0.136292	-0.381736	28575700.0
2012-09-10	-0.011714	0.148339	0.150644	0.13911800000000002	-0.355713	19616700.0
2012-09-07	0.004592000000000001	0.15659	0.164199	0.149311	0.138809	26773900.0
2012-09-06	0.032297	0.160475	0.193602	0.160133	0.945681	32143100.0
2012-09-05	-0.0014789999999999998	0.15398399999999998	0.159781	0.150574	-0.043381	16121100.0
