2017-09-01	0.003843	0.003074	0.005508	0.001793	0.300003	6422000.000000
2016-09-01	0.019597	0.029647000000000003	0.048206	0.027344999999999998	1.3621590000000001	11761400.0
2016-08-31	0.001823	0.029939	0.032533	0.025471	0.12648800000000002	6311600.0
2016-08-30	-0.001261	0.027777	0.032958999999999995	0.024178	-0.08757000000000001	5774200.0
2016-08-29	0.003655	0.027776	0.035289	0.027199	0.25296799999999997	7468100.0
2016-08-26	-0.001123	0.030518	0.034559	0.023014	-0.077835	10038500.0
2016-08-25	-0.013983	0.029769	0.032757	0.010986	-0.9827049999999999	10514200.0
2016-08-24	0.0036130000000000003	0.027777	0.038915	0.024778	0.25297600000000003	10050700.0
2016-08-23	-0.010041	0.030463	0.033007999999999996	0.017315	-0.710259	9391400.0
2016-08-22	-0.001511	0.031305	0.032435000000000005	0.022695	-0.10704000000000001	10312100.0
2016-08-19	-0.020054	0.02501	0.027638	0.005229	-1.44973	15346400.0
2016-08-18	0.018785	0.027777	0.059626	0.027777	1.33297	26858300.0
2016-08-17	0.000549	0.015086000000000002	0.028622	0.015086000000000002	0.038917	14343300.0
2016-08-16	-0.0058649999999999996	0.017544	0.027636	0.012217	-0.41837299999999994	9763300.0
2016-08-15	-0.007714	0.026664	0.029445999999999996	0.016927	-0.554596	9636100.0
2016-08-12	0.001219	0.027777	0.032233	0.024434	0.087563	9994200.0
2016-08-11	-0.0020280000000000003	0.035421	0.03959	0.021939	-0.14594300000000002	6290300.0
2016-08-10	0.012459	0.035233999999999994	0.048462	0.032701999999999995	0.8854069999999999	8052300.0
2016-08-09	0.002727	0.035095	0.042432	0.031143999999999998	0.193275	6427900.0
2016-08-08	-0.005693999999999999	0.038179000000000005	0.039161	0.024711	-0.405876	6577200.0
2016-08-05	0.006275	0.037071	0.043988	0.037071	0.44451899999999994	5415400.0
2016-08-04	0.004936	0.032826	0.042615	0.029847000000000002	0.3479	4944900.0
2016-08-03	-0.002598	0.032973	0.038633	0.026039	-0.183601	6568100.0
2016-08-02	-0.00881	0.03369	0.033971	0.018683	-0.628143	6513100.0
2016-08-01	0.0111	0.032543	0.049277	0.032543	0.782745	5868400.0
2016-07-29	-0.003686	0.033823	0.034954	0.028030000000000003	-0.260902	6302200.0
2016-07-28	-0.001091	0.032272	0.034812	0.022816	-0.077317	4603200.0
2016-07-27	-0.005561	0.03383	0.036075	0.026532	-0.396202	5777900.0
2016-07-26	-0.000271	0.034251	0.039302	0.030042000000000003	-0.019333000000000003	5248300.0
2016-07-25	0.002719	0.034812	0.038751999999999995	0.032842	0.193261	4734000.0
2016-07-22	0.000408	0.038189999999999995	0.040302	0.033405000000000004	0.029006	4316600.0
2016-07-21	-0.0036590000000000004	0.029764	0.032989	0.025697	-0.260917	4391900.0
2016-07-20	0.0017649999999999999	0.037903	0.041134	0.034391000000000005	0.125618	5282000.0
2016-07-19	-0.002437	0.032010000000000004	0.036494	0.031169	-0.173928	4798100.0
2016-07-18	0.002307	0.034391000000000005	0.041976	0.032846	0.164269	5457300.0
2016-07-15	-0.000407	0.038744	0.039165	0.031162	-0.028983999999999996	5994800.0
2016-07-14	0.0010869999999999999	0.037202	0.0417	0.034672	0.077301	6646400.0
2016-07-13	0.004777	0.03453	0.039897	0.030151999999999998	0.338226	6399000.0
2016-07-12	-0.010667	0.027826	0.030201	0.020000999999999998	-0.76342	12361200.0
2016-07-11	0.00298	0.03243	0.041960000000000004	0.030048000000000002	0.212608	9040100.0
2016-07-08	0.004215999999999999	0.038893000000000004	0.039316000000000004	0.030731	0.299553	9127600.0
2016-07-07	-0.003928	0.033551	0.036354000000000004	0.025419999999999998	-0.28024299999999996	7792800.0
2016-07-06	0.009297	0.03651	0.046697	0.035237	0.6571279999999999	11062700.0
2016-07-05	0.0045320000000000004	0.033960000000000004	0.046325	0.032964999999999994	0.318909	10748600.0
2016-07-01	-0.002876	0.036371	0.036938	0.026309	-0.202942	7638800.0
2016-06-30	0.0077280000000000005	0.036383	0.045238	0.032813	0.5411600000000001	8713600.0
2016-06-29	0.013285	0.036549	0.048994	0.035536	0.9180299999999999	7014700.0
2016-06-28	0.00014	0.038575	0.040167	0.0228	0.009674	8561200.0
2016-06-27	-0.006392	0.030211000000000002	0.032080000000000004	0.019282	-0.44451899999999994	11303400.0
2016-06-24	-0.0019420000000000001	0.012565999999999999	0.043711	0.011992000000000001	-0.1353	15120400.0
2016-06-23	0.004878	0.041302	0.041879	0.035389	0.338227	6970200.0
2016-06-22	0.004058	0.03684	0.046252	0.036405	0.28024299999999996	8457500.0
2016-06-21	0.005063000000000001	0.032629000000000005	0.043836	0.032629000000000005	0.34789200000000003	6674800.0
2016-06-20	0.002114	0.040063	0.046918	0.036271	0.144951	7142500.0
2016-06-17	-0.004909	0.031183999999999996	0.034957	0.02175	-0.338226	18059300.0
2016-06-16	0.002531	0.033066000000000005	0.039758999999999996	0.030156	0.173942	6705200.0
2016-06-15	0.002396	0.038458	0.044438	0.035541	0.16428399999999999	8017000.0
2016-06-14	0.005954999999999999	0.036719999999999996	0.044202	0.029970999999999998	0.405876	9066400.0
2016-06-13	-0.008575	0.032776	0.035394	0.025356999999999998	-0.589485	7907600.0
2016-06-10	0.0007030000000000001	0.033502	0.03947	0.028843999999999998	0.048325	7511400.0
2016-06-09	-0.002666	0.035974	0.039313	0.028569999999999998	-0.183617	6069900.0
2016-06-08	0.00352	0.032189999999999996	0.040931	0.031462000000000004	0.2416	6139000.0
2016-06-07	-0.00028199999999999997	0.035539999999999995	0.038599	0.031899000000000004	-0.019333000000000003	7363400.0
2016-06-06	0.0025399999999999997	0.044302999999999995	0.044741	0.03671	0.17394300000000001	9018000.0
2016-06-03	-0.0011279999999999999	0.029269999999999997	0.036271	0.028541000000000004	-0.077309	6363600.0
2016-06-02	0.006383	0.034812	0.042151	0.029675	0.43486800000000003	6508700.0
2016-06-01	-0.003956	0.030719	0.036713	0.029403	-0.270584	7220900.0
2016-05-31	0.000424	0.032326	0.038469	0.030862999999999998	0.028992	8390200.0
2016-05-27	-0.001411	0.034957999999999996	0.035397000000000005	0.029554	-0.096634	5762800.0
2016-05-26	0.00525	0.037896	0.048026	0.036574	0.35754400000000003	8693900.0
2016-05-25	0.0034170000000000003	0.034960000000000005	0.046008999999999994	0.034812	0.23192600000000002	7263900.0
2016-05-24	0.010648000000000001	0.037045999999999996	0.048511	0.035557	0.715118	8828000.0
2016-05-23	-0.0051530000000000005	0.030961000000000002	0.037775	0.028591000000000002	-0.347893	10099800.0
2016-05-20	0.009538	0.036756	0.048869	0.029577999999999997	0.6378020000000001	16746600.0
2016-05-19	0.095804	0.115926	0.136081	0.10609400000000001	5.846463	35076700.0
2016-05-18	-0.029954	0.001749	0.01383	-0.00302	-1.8844	22255900.0
2016-05-17	-0.013935	0.035439	0.038731	0.016944	-0.889049	9252700.0
2016-05-16	0.016631	0.033537	0.05728	0.030669	1.0436590000000001	10181800.0
2016-05-13	-0.028571	0.029085000000000003	0.030168	0.0007570000000000001	-1.845745	13744700.0
2016-05-12	0.006626000000000001	0.036994	0.044785000000000005	0.034345	0.425201	9533500.0
2016-05-11	-0.027529	0.022387	0.022841	-0.005797999999999999	-1.8167419999999999	14597500.0
2016-05-10	-0.002321	0.041935	0.045110000000000004	0.03483	-0.15351099999999998	6402900.0
2016-05-09	0.010256	0.042388999999999996	0.055371000000000004	0.041014	0.6715399999999999	8656200.0
2016-05-06	0.015474000000000002	0.037736	0.058674000000000004	0.03603	0.997718	9788600.0
2016-05-05	0.000298	0.038976	0.04332	0.032925	0.019181	8091000.0
2016-05-04	0.002836	0.040055	0.050012	0.033676	0.182274	6029500.0
2016-05-03	-0.008729	0.031131	0.041000999999999996	0.029434	-0.566002	5906600.0
2016-05-02	0.010767	0.038492	0.055327	0.037089	0.690712	7609700.0
2016-04-29	-0.029604000000000002	0.039666	0.041027	0.0038159999999999995	-1.957039	12099000.0
2016-04-28	-0.007347	0.037133	0.045392	0.032327999999999996	-0.48925799999999997	4776900.0
2016-04-27	0.001731	0.045247	0.049609	0.037725999999999996	0.11511199999999999	5147300.0
2016-04-26	-0.002447	0.04584	0.048691000000000005	0.036837	-0.16309300000000002	6648400.0
2016-04-25	0.010914	0.039810000000000005	0.054220000000000004	0.032376999999999996	0.7195050000000001	5896200.0
2016-04-22	0.0036509999999999997	0.047717	0.049544	0.039495999999999996	0.23984499999999997	6215100.0
2016-04-21	-0.010692	0.046305	0.049468	0.027779	-0.709915	6617600.0
2016-04-20	-0.008026	0.04224	0.045676	0.032826999999999995	-0.5372239999999999	5412500.0
2016-04-19	-0.001288	0.041344	0.045672000000000004	0.037017	-0.086342	8199400.0
2016-04-18	0.011584	0.042238	0.05506799999999999	0.039219	0.767457	6616100.0
2016-04-15	0.003779	0.04451	0.051630999999999996	0.04451	0.249435	7584500.0
2016-04-14	-0.005062	0.042388999999999996	0.043745	0.027313999999999998	-0.33576999999999996	6977100.0
2016-04-13	0.0050869999999999995	0.045571	0.051782	0.043449	0.33576999999999996	6262700.0
2016-04-12	0.020772	0.045018	0.065124	0.043162	1.3430790000000001	7734600.0
2016-04-11	-0.009696999999999999	0.041623	0.047137	0.031974	-0.6331720000000001	7865400.0
2016-04-08	-0.002345	0.043764	0.044986	0.036888	-0.153488	6516000.0
2016-04-07	-0.011877	0.039218	0.040728	0.025781000000000002	-0.786659	6110500.0
2016-04-06	0.005828	0.0433	0.048767000000000005	0.040567	0.383743	5362700.0
2016-04-05	-0.006657	0.041333	0.044652	0.029868000000000002	-0.441299	5779000.0
2016-04-04	0.000579	0.041483	0.047068	0.040276	0.038361	6823400.0
2016-04-01	0.008323	0.035236	0.053195000000000006	0.035236	0.546836	6602400.0
2016-03-31	-0.0045060000000000005	0.041631	0.048298	0.037389	-0.297401	6283500.0
2016-03-30	0.011319	0.046986	0.057252	0.046373000000000004	0.738693	7208500.0
2016-03-29	-0.0013210000000000001	0.042848000000000004	0.043766	0.031830000000000004	-0.086342	6491000.0
2016-03-28	0.0017649999999999999	0.041316000000000005	0.05127999999999999	0.041316000000000005	0.115128	5603500.0
2016-03-24	0.008005	0.041925	0.051351	0.041152999999999995	0.5180359999999999	6304700.0
2016-03-23	-0.0060409999999999995	0.044538999999999995	0.045921	0.035785000000000004	-0.393334	6110600.0
2016-03-22	-0.001471	0.042849	0.053277	0.039628	-0.095939	7514500.0
2016-03-21	0.015236000000000001	0.043635	0.064654	0.0427	0.9785379999999999	9415800.0
2016-03-18	-0.0074129999999999995	0.042852999999999995	0.051351999999999995	0.031570999999999995	-0.479675	23153100.0
2016-03-17	-0.007942	0.039783	0.056647	0.031197000000000003	-0.5180359999999999	11838100.0
2016-03-16	-0.001469	0.040093000000000004	0.046216	0.029529000000000003	-0.095932	8218000.0
2016-03-15	0.010837000000000001	0.036818000000000004	0.057709	0.036818000000000004	0.70031	7566900.0
2016-03-14	0.002829	0.042079000000000005	0.050148000000000005	0.03913	0.182274	6712500.0
2016-03-11	-0.0035600000000000002	0.047956	0.050584	0.032956	-0.230248	8290900.0
2016-03-10	-0.001777	0.042698	0.050261	0.024946	-0.11511199999999999	10225800.0
2016-03-09	-0.000148	0.046247	0.049333999999999996	0.035907	-0.009598	7824800.0
2016-03-08	0.002209	0.047631	0.059077	0.043918	0.14283800000000002	10067900.0
2016-03-07	0.016622	0.04759	0.076838	0.042086	1.057037	12825400.0
2016-03-04	0.009677	0.050106	0.068205	0.049312	0.609467	10010500.0
2016-03-03	-0.001057	0.045982	0.049947000000000005	0.029011000000000002	-0.066662	11846800.0
2016-03-02	-0.0037619999999999997	0.046156	0.053424	0.042837	-0.23806799999999997	9165600.0
2016-03-01	0.001809	0.055013	0.058812	0.044724	0.114273	10429500.0
2016-02-29	-0.0025559999999999997	0.052	0.057053	0.045527	-0.161892	9345200.0
2016-02-26	-0.022487	0.050723000000000004	0.052575	0.023250999999999997	-1.456993	10984300.0
2016-02-25	0.013706999999999999	0.055269000000000006	0.06590700000000001	0.053390999999999994	0.8761030000000001	9581300.0
2016-02-24	0.009627	0.045525	0.063532	0.038100999999999996	0.609455	10291200.0
2016-02-23	0.012952000000000002	0.053466	0.065626	0.044506	0.8094560000000001	11432000.0
2016-02-22	0.015000999999999999	0.050106	0.074141	0.050106	0.9237059999999999	10587300.0
2016-02-19	0.008422	0.046339	0.060751	0.038969	0.5142359999999999	15562300.0
2016-02-18	-0.030101	0.012459999999999999	0.028980000000000002	-0.009618999999999999	-1.895042	27894600.0
2016-02-17	0.003187	0.05329299999999999	0.06141900000000001	0.048672	0.199977	12426700.0
2016-02-16	-0.004231	0.056928999999999993	0.059942999999999996	0.039316000000000004	-0.26664699999999997	11360500.0
2016-02-12	0.013165999999999999	0.053321	0.065057	0.042871	0.8189770000000001	9695500.0
2016-02-11	-0.007144	0.037814999999999994	0.049627	0.033985	-0.447578	11186700.0
2016-02-10	-0.000304	0.056169000000000004	0.062552	0.047553	-0.019051	9709300.0
2016-02-09	-0.016293000000000002	0.027973	0.042414	0.015259	-1.037982	14642400.0
2016-02-08	-0.001493	0.042269	0.052457000000000004	0.021266999999999998	-0.095234	20743600.0
2016-02-05	0.008732	0.057062	0.06765499999999999	0.041568	0.55233	14196500.0
2016-02-04	0.002263	0.042024	0.054542999999999994	0.030139999999999997	0.142841	12833400.0
2016-02-03	-0.008825	0.057173	0.060157	0.021991999999999998	-0.561855	12315600.0
2016-02-02	-0.009481	0.046994	0.05539500000000001	0.031125999999999997	-0.609455	13585900.0
2016-02-01	0.017179	0.042985	0.07495	0.042668	1.085601	14728400.0
2016-01-29	0.033323	0.058772000000000005	0.087878	0.058609	2.037892	16439100.0
2016-01-28	0.004222	0.051419000000000006	0.059301	0.041567	0.25711799999999996	11278300.0
2016-01-27	-0.000781	0.051746	0.069467	0.048301	-0.047615	10214300.0
2016-01-26	0.008668	0.048616	0.066987	0.046961	0.523758	9441200.0
2016-01-25	0.012123	0.051613	0.069034	0.047760000000000004	0.7237319999999999	12823400.0
2016-01-22	0.013090000000000001	0.059609	0.073524	0.054348	0.771351	9197500.0
2016-01-21	0.017093999999999998	0.052522000000000006	0.083763	0.051314	0.9903790000000001	12089200.0
2016-01-20	-0.027494	0.037349	0.046245	0.010492	-1.637932	17369100.0
2016-01-19	0.010173	0.055532000000000005	0.064858	0.051462	0.599941	13051300.0
2016-01-15	-0.017919	0.02496	0.040281	0.020131	-1.076084	15102900.0
2016-01-14	0.018411	0.051462	0.078936	0.04841	1.0856059999999998	12934900.0
2016-01-13	-0.026720999999999998	0.051921	0.051921	0.02056	-1.618881	13725700.0
2016-01-12	-0.009343	0.052722000000000005	0.058445000000000004	0.037188	-0.5713729999999999	12195900.0
2016-01-11	0.010702	0.053741	0.065475	0.05159299999999999	0.647552	12653800.0
2016-01-08	-0.022912000000000002	0.050913	0.05624199999999999	0.023946000000000002	-1.418899	17767900.0
2016-01-07	0.023288999999999997	0.040522	0.07786599999999999	0.039695	1.409378	26430000.0
2016-01-06	0.010013	0.042762	0.06729600000000001	0.042595	0.5999369999999999	16564600.0
2016-01-05	0.023755000000000002	0.059845	0.07727200000000001	0.05676900000000001	1.390343	13326000.0
2016-01-04	0.0026100000000000003	0.036400999999999996	0.053361	0.034003	0.152367	11989200.0
2015-12-31	-0.006161	0.044147000000000006	0.050787	0.041423	-0.361874	6555100.0
2015-12-30	0.0011359999999999999	0.050957999999999996	0.054537	0.048060000000000005	0.06665399999999999	5716700.0
2015-12-29	0.014156	0.054426999999999996	0.06739099999999999	0.054081	0.81897	7883600.0
2015-12-28	-0.001315	0.04579	0.052522000000000006	0.044409	-0.076183	5421700.0
2015-12-24	-0.004256	0.044777	0.050277999999999996	0.043058	-0.24759299999999998	2482800.0
2015-12-23	0.009085	0.058085000000000005	0.060166	0.048371	0.523758	7519800.0
2015-12-22	0.016625	0.054338	0.070385	0.051164	0.9427639999999999	9266300.0
2015-12-21	0.011895000000000001	0.049569999999999996	0.06313200000000001	0.046894	0.6665949999999999	9645500.0
2015-12-18	-0.002204	0.049216	0.057584	0.046011	-0.12379000000000001	16256700.0
2015-12-17	-0.021891	0.050628	0.050628	0.026944	-1.257023	12976100.0
2015-12-16	0.011066	0.058380999999999995	0.067889	0.051162	0.628505	9960500.0
2015-12-15	-0.012419	0.054452999999999994	0.057930999999999996	0.035847000000000004	-0.714206	14615400.0
2015-12-14	0.017352	0.049044	0.069211	0.044975	0.98085	14524900.0
2015-12-11	-0.003358	0.041114	0.049576999999999996	0.036882	-0.190457	9745000.0
2015-12-10	0.007272	0.050106	0.06715499999999999	0.049395	0.409482	11357200.0
2015-12-09	-0.008052	0.04394	0.058914	0.037598	-0.45709700000000003	8981700.0
2015-12-08	-0.014711000000000002	0.042642	0.049932	0.032749	-0.847534	10377600.0
2015-12-07	0.01408	0.048520999999999995	0.068939	0.048520999999999995	0.7999189999999999	11595900.0
2015-12-04	0.010501	0.050283	0.064513	0.049928	0.5904159999999999	10435300.0
2015-12-03	0.011825	0.056225	0.073681	0.054604999999999994	0.6570819999999999	15844100.0
2015-12-02	-0.002564	0.052079999999999994	0.064287	0.046875	-0.142845	13586900.0
2015-12-01	0.002549	0.06412000000000001	0.067	0.055482000000000004	0.141655	12204100.0
2015-11-30	-0.017532	0.058548	0.061907000000000004	0.038392	-0.9915959999999999	14942600.0
2015-11-27	-0.00581	0.06241699999999999	0.066812	0.052398	-0.330525	5340900.0
2015-11-25	0.00534	0.060315	0.072862	0.058195000000000004	0.3022	7820200.0
2015-11-24	-0.005642	0.053453999999999995	0.061713	0.051873	-0.32109	12453900.0
2015-11-23	0.003163	0.06277999999999999	0.070712	0.055552	0.17943199999999998	10577000.0
2015-11-20	-0.010379000000000001	0.063786	0.07233400000000001	0.047039	-0.594952	12371100.0
2015-11-19	-0.003775	0.062202999999999994	0.066374	0.050212	-0.217209	11566100.0
2015-11-18	0.016856	0.061022	0.079224	0.052363	0.9538190000000001	14877700.0
2015-11-17	0.035424000000000004	0.085799	0.114344	0.083238	1.9359669999999998	24679300.0
2015-11-16	0.0257	0.058338	0.08911799999999999	0.057775	1.369343	13321600.0
2015-11-13	-0.009306	0.054997000000000004	0.060947	0.046816	-0.5005229999999999	12514900.0
2015-11-12	-0.010941	0.060004999999999996	0.062395000000000006	0.046764	-0.594959	9551500.0
2015-11-11	-0.018746000000000002	0.055652999999999994	0.059803999999999996	0.037067	-1.0388030000000001	8689900.0
2015-11-10	0.0032479999999999996	0.055643	0.06288400000000001	0.055643	0.179424	7614900.0
2015-11-09	-0.004934	0.053857	0.058901	0.04521	-0.273865	8440400.0
2015-11-06	0.0029	0.064502	0.069561	0.053480999999999994	0.16054200000000002	9977300.0
2015-11-05	0.004111999999999999	0.061440999999999996	0.06996799999999999	0.05980800000000001	0.226654	8860500.0
2015-11-04	0.0044740000000000005	0.067466	0.070746	0.060359	0.245544	10056500.0
2015-11-03	0.008679000000000001	0.058165999999999995	0.072136	0.057430999999999996	0.472184	10253900.0
2015-11-02	0.006464	0.059826	0.065746	0.050207	0.349414	10719200.0
2015-10-30	-0.012422	0.054699	0.061825	0.045747	-0.6799470000000001	15805500.0
2015-10-29	0.0055520000000000005	0.060371	0.067719	0.055962	0.302197	12855500.0
2015-10-28	0.002784	0.062216999999999995	0.063323	0.053006	0.151104	11834700.0
2015-10-27	-0.009307	0.05871900000000001	0.05926699999999999	0.047221	-0.5099600000000001	10511400.0
2015-10-26	-0.004803	0.060717999999999994	0.061626	0.052908000000000004	-0.264427	10839800.0
2015-10-23	-0.010187	0.06411499999999999	0.065733	0.046676	-0.566632	13040600.0
2015-10-22	0.0044340000000000004	0.064319	0.082738	0.058901	0.24554099999999998	14588500.0
2015-10-21	-0.001872	0.059802999999999995	0.06412799999999999	0.055657000000000005	-0.10388199999999999	13117600.0
2015-10-20	-0.0016989999999999998	0.059080999999999995	0.0616	0.053863	-0.09443700000000001	10264200.0
2015-10-19	-0.000679	0.057102999999999994	0.066274	0.051889	-0.037773	17805800.0
2015-10-16	-0.007416	0.0614	0.061757000000000006	0.041768	-0.41552700000000004	26195100.0
2015-10-15	-0.011661	0.053079999999999995	0.066663	0.033852999999999994	-0.66106	46253500.0
2015-10-14	-0.100405	0.056997000000000006	0.078261	-0.047576	-6.327317	80898100.0
2015-10-13	-0.0029879999999999998	0.053997	0.05906	0.048302	-0.188865	8858400.0
2015-10-12	0.003599	0.058584000000000004	0.063824	0.057155	0.226642	5643900.0
2015-10-09	-0.002841	0.059851	0.06111799999999999	0.05304299999999999	-0.17943199999999998	6754000.0
2015-10-08	0.007836	0.056826999999999996	0.068954	0.05555	0.49107	5974500.0
2015-10-07	0.010353	0.061480999999999994	0.069864	0.060351999999999996	0.642178	7136000.0
2015-10-06	-0.002884	0.053596000000000005	0.060187	0.047809	-0.17943199999999998	7410900.0
2015-10-05	0.013696999999999999	0.06265	0.07422000000000001	0.061509	0.8405	6300300.0
2015-10-02	0.011047	0.050499	0.070599	0.044732	0.670509	7084000.0
2015-10-01	-0.008791	0.05759500000000001	0.060535000000000005	0.043224	-0.538292	7837200.0
2015-09-30	0.01662	0.06969299999999999	0.07816000000000001	0.061391999999999995	1.001034	7979200.0
2015-09-29	0.0018850000000000002	0.060399	0.065222	0.051749	0.11332300000000001	7640100.0
2015-09-28	-0.0018809999999999999	0.055913	0.061724	0.053921000000000004	-0.11332300000000001	9394400.0
2015-09-25	-0.0007830000000000001	0.06288300000000001	0.069353	0.055417999999999995	-0.047222	7163000.0
2015-09-24	0.001726	0.05291900000000001	0.063222	0.051922	0.103874	6956200.0
2015-09-23	0.0020440000000000002	0.061065999999999995	0.064563	0.051075	0.122776	5876600.0
2015-09-22	-0.0020399999999999997	0.050758	0.060563	0.045607	-0.122776	8800800.0
2015-09-21	0.005999	0.065756	0.069935	0.059403	0.35886799999999996	7119600.0
2015-09-18	-0.017528	0.047076	0.054959	0.039027	-1.0671469999999998	12885200.0
2015-09-17	-0.003401	0.059065	0.068723	0.050226	-0.207763	7133100.0
2015-09-16	0.005753	0.063511	0.06631000000000001	0.054457000000000005	0.349426	5625400.0
2015-09-15	0.0006219999999999999	0.062196	0.06582	0.055113	0.037781	6860800.0
2015-09-14	-0.005723	0.058901999999999996	0.059229	0.045307	-0.349423	6956700.0
2015-09-11	0.008265999999999999	0.059891999999999994	0.068149	0.056754	0.500508	8062400.0
2015-09-10	-0.015356	0.041828	0.051259000000000006	0.037925	-0.944375	14524800.0
2015-09-09	-0.018981	0.06655900000000001	0.068951	0.037047000000000004	-1.1898950000000001	9464200.0
2015-09-08	0.038973	0.08111	0.102159	0.080282	2.351482	17706800.0
2015-09-04	-0.014955000000000001	0.046004	0.049759	0.036861	-0.916042	9232400.0
2015-09-03	0.006518	0.063502	0.068268	0.05807999999999999	0.396633	8523800.0
2015-09-02	0.009715000000000001	0.071677	0.077484	0.06288300000000001	0.585514	9514600.0
2015-09-01	-0.014058000000000001	0.043688	0.052194000000000004	0.035018	-0.8593790000000001	13393900.0
2015-08-31	-0.0032340000000000003	0.056945	0.059879999999999996	0.048303	-0.198326	8175200.0
2015-08-28	-0.017252	0.059061	0.059542	0.032781	-1.076591	14303000.0
2015-08-27	0.019281	0.06690499999999999	0.080952	0.060861	1.180481	13912800.0
2015-08-26	0.027417	0.077864	0.088269	0.057559000000000006	1.633766	13928300.0
2015-08-25	-0.013291999999999998	0.083739	0.08804400000000001	0.043171	-0.802715	14801000.0
2015-08-24	-0.038924	0.014343	0.052854	-0.021304	-2.4459310000000003	22239600.0
2015-08-21	-0.02762	0.050855000000000004	0.057044000000000004	0.029655	-1.784874	15746500.0
2015-08-20	-0.002042	0.051335000000000006	0.070175	0.049173	-0.132202	9860100.0
2015-08-19	-0.013097999999999999	0.049605	0.05753	0.03284	-0.859406	16301600.0
2015-08-18	-0.033792	0.030775999999999998	0.038139	0.019584999999999998	-2.294822	21315000.0
2015-08-17	-0.0064930000000000005	0.050855000000000004	0.05670700000000001	0.049831	-0.44383999999999996	7604400.0
2015-08-14	0.003744	0.061692	0.066097	0.057874	0.25498200000000004	5912500.0
2015-08-13	-0.006476000000000001	0.056275	0.061673	0.050002	-0.443878	7652400.0
2015-08-12	0.009037	0.053013	0.069648	0.049185	0.613861	8841400.0
2015-08-11	0.006295	0.05549400000000001	0.072086	0.054013	0.424964	6829200.0
2015-08-10	0.003228	0.06261699999999999	0.066332	0.060239	0.217209	6020100.0
2015-08-07	-0.021157	0.057738	0.059483	0.035335000000000005	-1.454345	7797500.0
2015-08-06	-0.009795	0.056597	0.057028999999999996	0.046657	-0.6799470000000001	6367700.0
2015-08-05	0.024387	0.06819800000000001	0.087381	0.06613200000000001	1.6526560000000001	8715800.0
2015-08-04	0.0009699999999999999	0.069677	0.07529	0.062439	0.06565900000000001	5873400.0
2015-08-03	0.002779	0.064058	0.07205700000000001	0.064058	0.187599	5131800.0
2015-07-31	-0.002495	0.07026900000000001	0.071007	0.058744000000000005	-0.16886099999999998	7928400.0
2015-07-30	-0.0009689999999999999	0.06318	0.07056	0.059489999999999994	-0.06564400000000001	4604500.0
2015-07-29	0.0018030000000000001	0.06835	0.07396900000000001	0.065984	0.121949	4939700.0
2015-07-28	0.010087	0.068372	0.081217	0.06389199999999999	0.675338	8592300.0
2015-07-27	-0.002794	0.063153	0.067175	0.057642	-0.187591	6197600.0
2015-07-24	-0.012825999999999999	0.066426	0.066867	0.05128200000000001	-0.8723219999999999	5951100.0
2015-07-23	-0.008884999999999999	0.06482	0.067006	0.055348	-0.609696	4252900.0
2015-07-22	0.0057740000000000005	0.066718	0.08196200000000001	0.066718	0.393982	6961600.0
2015-07-21	-0.004925	0.06613200000000001	0.06890299999999999	0.057819	-0.337677	6441100.0
2015-07-20	-0.003952000000000001	0.065551	0.066858	0.061338	-0.27202600000000005	5085600.0
2015-07-17	-0.00596	0.064832	0.06959800000000001	0.058623	-0.412704	5680600.0
2015-07-16	0.002444	0.070764	0.073225	0.067724	0.16883099999999998	5231700.0
2015-07-15	-0.0018969999999999998	0.06324199999999999	0.067721	0.057463	-0.13130999999999998	4566700.0
2015-07-14	-0.001218	0.067575	0.069162	0.060360000000000004	-0.08441900000000001	5518200.0
2015-07-13	0.010394	0.07181799999999999	0.080567	0.07181799999999999	0.712852	6084500.0
2015-07-10	0.004672	0.07052699999999999	0.07741100000000001	0.07052699999999999	0.318917	5579300.0
2015-07-09	-0.003832	0.075034	0.075909	0.061025	-0.262619	8670500.0
2015-07-08	-0.009893	0.059052	0.06324199999999999	0.053273	-0.6847310000000001	7791000.0
2015-07-07	0.017372	0.06804299999999999	0.08568200000000001	0.058341	1.1818389999999999	12421300.0
2015-07-06	0.009323999999999999	0.05901	0.078446	0.05901	0.628441	10536500.0
2015-07-02	-0.000278	0.068209	0.076218	0.06286900000000001	-0.018746000000000002	6586100.0
2015-07-01	0.013393	0.07620199999999999	0.081463	0.057564	0.8910530000000001	10773900.0
2015-06-30	-0.006861	0.07195399999999999	0.07195399999999999	0.056577999999999996	-0.459603	11102600.0
2015-06-29	-0.009706000000000001	0.061401	0.064358	0.055636	-0.656578	8187800.0
2015-06-26	0.003618	0.067616	0.075034	0.06627999999999999	0.24387399999999998	6897800.0
2015-06-25	-0.007184	0.067163	0.069814	0.05803099999999999	-0.48773999999999995	5293200.0
2015-06-24	-0.002618	0.065985	0.067307	0.059815	-0.178215	7338400.0
2015-06-23	-0.003022	0.067597	0.068329	0.059541	-0.20636	7876300.0
2015-06-22	0.000688	0.06965	0.072728	0.065399	0.046921	6489500.0
2015-06-19	-0.0032890000000000003	0.063502	0.069638	0.062041	-0.225136	14550700.0
2015-06-18	0.003437	0.066278	0.077126	0.066278	0.23449	8376600.0
2015-06-17	0.005252000000000001	0.070258	0.074237	0.065985	0.35644499999999996	5703900.0
2015-06-16	0.0058390000000000004	0.07042999999999999	0.075766	0.063019	0.393936	6215600.0
2015-06-15	-0.006903	0.06274600000000001	0.06569	0.055387	-0.468979	7566800.0
2015-06-12	-0.006992	0.063209	0.06554700000000001	0.058239	-0.47836999999999996	7246600.0
2015-06-11	0.00013700000000000002	0.070518	0.07695	0.064816	0.009384	7420000.0
2015-06-10	0.006347	0.069663	0.078784	0.06421900000000001	0.431465	11215800.0
2015-06-09	-0.001928	0.067453	0.069656	0.062461	-0.13130899999999998	8335600.0
2015-06-08	-0.006159	0.071531	0.072407	0.05942000000000001	-0.42208100000000004	9593000.0
2015-06-05	-0.0147	0.066419	0.067857	0.04931	-1.022408	10635100.0
2015-06-04	-0.009881000000000001	0.060011	0.067413	0.05275	-0.694084	8982800.0
2015-06-03	0.00483	0.068564	0.07571599999999999	0.065274	0.337669	6068500.0
2015-06-02	-0.002677	0.063421	0.069984	0.061709	-0.187614	5797800.0
2015-06-01	0.006194	0.072161	0.07775900000000001	0.068142	0.43148000000000003	5646000.0
2015-05-29	-0.0076159999999999995	0.065847	0.066702	0.056303	-0.534645	6375100.0
2015-05-28	-0.004654999999999999	0.06443	0.065707	0.058475	-0.328293	5025500.0
2015-05-27	0.003872	0.06769800000000001	0.07481499999999999	0.06755499999999999	0.272019	6987100.0
2015-05-26	-0.012655	0.064867	0.06571	0.051516	-0.900452	10573600.0
2015-05-22	-0.003285	0.067393	0.069914	0.06262999999999999	-0.23448899999999998	6815000.0
2015-05-21	0.0027670000000000004	0.06472699999999999	0.073436	0.061355999999999994	0.196975	6756200.0
2015-05-20	-0.006934	0.06683	0.067108	0.057763	-0.497123	10541900.0
2015-05-19	-0.043669	0.04292	0.045322	0.016907	-3.2735220000000003	22458600.0
2015-05-18	0.008581	0.067881	0.07555	0.06505599999999999	0.63781	8300300.0
2015-05-15	0.006606	0.065997	0.07331	0.0641	0.487755	6617200.0
2015-05-14	0.007165	0.068996	0.07445299999999999	0.064222	0.525261	6170200.0
2015-05-13	-0.010131999999999999	0.069103	0.072478	0.0529	-0.750367	8421200.0
2015-05-12	0.011011	0.06504	0.08497	0.06299199999999999	0.8066409999999999	8449000.0
2015-05-11	-0.005476	0.06328099999999999	0.067218	0.05934400000000001	-0.40331999999999996	3744900.0
2015-05-08	0.006408	0.07392	0.082801	0.071187	0.468971	5347400.0
2015-05-07	0.004894	0.06723	0.07560599999999999	0.061326	0.35643800000000003	5538100.0
2015-05-06	0.000129	0.069977	0.072723	0.059677999999999995	0.009376	5480100.0
2015-05-05	-0.013261000000000002	0.07055700000000001	0.07055700000000001	0.057685	-0.978683	5855400.0
2015-05-04	0.007379000000000001	0.078047	0.085828	0.07095	0.540611	6669200.0
2015-05-01	0.007047	0.074922	0.08262	0.07451	0.512642	4999700.0
2015-04-30	0.002183	0.072172	0.081126	0.068866	0.158478	8795900.0
2015-04-29	-0.015424	0.06743500000000001	0.068656	0.055092999999999996	-1.137162	7108400.0
2015-04-28	-0.0034020000000000005	0.074077	0.074347	0.06475	-0.25167	4895900.0
2015-04-27	-0.005887	0.07192	0.073129	0.06547	-0.43808	6449800.0
2015-04-24	0.008334999999999999	0.07557	0.096572	0.073673	0.6151810000000001	6867800.0
2015-04-23	0.009563	0.072177	0.08804400000000001	0.069714	0.699066	7468900.0
2015-04-22	0.0051259999999999995	0.068736	0.081247	0.066261	0.37282600000000005	7594700.0
2015-04-21	-0.001408	0.079314	0.082471	0.069703	-0.102524	6200200.0
2015-04-20	0.003339	0.079886	0.085948	0.074789	0.24236300000000002	8847600.0
2015-04-17	-0.017163	0.068799	0.071642	0.049979	-1.267655	11822800.0
2015-04-16	-0.00627	0.069631	0.074879	0.064653	-0.466049	8015100.0
2015-04-15	-0.005115	0.07861599999999999	0.083971	0.06616799999999999	-0.38214899999999996	6200400.0
2015-04-14	-0.001744	0.07286000000000001	0.074598	0.064709	-0.1305	5531700.0
2015-04-13	-0.004464	0.069535	0.07645199999999999	0.06780499999999999	-0.335549	4698100.0
2015-04-10	-0.00235	0.073126	0.07498400000000001	0.069012	-0.177109	5480300.0
2015-04-09	-0.002345	0.070345	0.077627	0.066902	-0.177093	3923600.0
2015-04-08	0.0065840000000000004	0.071395	0.08259	0.070995	0.494026	6694700.0
2015-04-07	-0.00605	0.074185	0.076835	0.06584	-0.456726	6606100.0
2015-04-06	0.00322	0.069272	0.080834	0.065153	0.24233200000000002	6380700.0
2015-04-02	0.000248	0.073126	0.080969	0.070734	0.018647	5795700.0
2015-04-01	-0.018723	0.073252	0.073252	0.049121	-1.43541	8306700.0
2015-03-31	-0.003393	0.07103999999999999	0.07948999999999999	0.06922	-0.26100100000000004	5587700.0
2015-03-30	0.014505	0.077476	0.09198300000000001	0.073915	1.099861	5701700.0
2015-03-27	-0.006594	0.072336	0.07666	0.064476	-0.503319	5717400.0
2015-03-26	0.0070090000000000005	0.067715	0.085922	0.06402100000000001	0.531296	8267200.0
2015-03-25	-0.020831	0.073377	0.07544400000000001	0.050383	-1.612519	6645900.0
2015-03-24	-0.003121	0.071315	0.078012	0.068353	-0.24234	5359100.0
2015-03-23	0.0008410000000000001	0.072087	0.081367	0.071314	0.065247	6505700.0
2015-03-20	0.021099	0.07694	0.098787	0.075361	1.6031870000000001	12365300.0
2015-03-19	-0.012237999999999999	0.07026	0.07169	0.05778099999999999	-0.9414129999999999	7212900.0
2015-03-18	-0.0010890000000000001	0.06455	0.077275	0.053902	-0.083886	10252300.0
2015-03-17	-0.008043999999999999	0.068867	0.069254	0.059335	-0.624496	4802000.0
2015-03-16	0.016972	0.080065	0.09211699999999999	0.079934	1.295608	6519100.0
2015-03-13	0.0	0.073515	0.077445	0.06487000000000001	0.0	4762200.0
2015-03-12	0.014996	0.074456	0.091874	0.07405700000000001	1.127823	5225800.0
2015-03-11	-0.010909	0.076017	0.07799	0.059184	-0.8295440000000001	6160900.0
2015-03-10	-0.009773	0.07136100000000001	0.07435599999999999	0.068756	-0.750496	6311100.0
2015-03-09	0.003511	0.079304	0.08910599999999999	0.078651	0.268692	4671500.0
2015-03-06	-0.011727	0.069489	0.07323400000000001	0.063936	-0.9079889999999999	5731000.0
2015-03-05	0.011989	0.086755	0.096165	0.084271	0.917267	5997500.0
2015-03-04	-0.009476	0.07723300000000001	0.07723300000000001	0.064158	-0.731949	6214400.0
2015-03-03	-0.007026999999999999	0.075448	0.07750499999999999	0.069149	-0.546662	6460800.0
2015-03-02	0.000357	0.079304	0.080205	0.06991699999999999	0.027787	6061500.0
2015-02-27	0.001551	0.078274	0.083941	0.074153	0.12044500000000001	5877400.0
2015-02-26	0.002752	0.08292100000000001	0.08305	0.07543	0.213112	5888100.0
2015-02-25	-0.011825	0.08007	0.081219	0.06590399999999999	-0.9265209999999999	6808400.0
2015-02-24	-0.000354	0.078284	0.082111	0.070629	-0.027787	5197700.0
2015-02-23	0.003558	0.080457	0.086474	0.078408	0.277932	6730400.0
2015-02-20	0.009339	0.069096	0.090418	0.06677000000000001	0.7227020000000001	13840400.0
2015-02-19	-0.032101	0.056915999999999994	0.06066799999999999	0.043032	-2.5664599999999997	18646800.0
2015-02-18	0.003839	0.079305	0.083574	0.07378	0.305748	6032700.0
2015-02-17	0.001748	0.074525	0.081317	0.068739	0.138977	5087200.0
2015-02-13	-0.0009310000000000001	0.078676	0.08269800000000001	0.072142	-0.07412	5597000.0
2015-02-12	-0.005212	0.08205499999999999	0.08355499999999999	0.065429	-0.416946	6941600.0
2015-02-11	-0.010883	0.071144	0.077203	0.062365	-0.880188	5853100.0
2015-02-10	0.016063	0.088224	0.098149	0.085712	1.2785950000000001	5732100.0
2015-02-09	-0.01626	0.07485499999999999	0.077574	0.058418	-1.315666	5456200.0
2015-02-06	0.000573	0.079057	0.08820800000000001	0.073122	0.046333	5617600.0
2015-02-05	0.007271	0.085034	0.088148	0.078184	0.583717	5090800.0
2015-02-04	0.005337	0.078303	0.089948	0.076925	0.42618599999999995	8932300.0
2015-02-03	0.0056	0.080816	0.08963	0.078675	0.444733	8283500.0
2015-02-02	0.00859	0.076891	0.09060800000000001	0.065969	0.676361	6927200.0
2015-01-30	-0.031236	0.067739	0.074875	0.044607	-2.5386740000000003	10280200.0
2015-01-29	0.010366	0.082412	0.09049299999999999	0.07246699999999999	0.8338700000000001	6522800.0
2015-01-28	-0.008111	0.085347	0.087936	0.06993300000000001	-0.657821	5936800.0
2015-01-27	-0.012411	0.075042	0.077234	0.06262100000000001	-1.0191729999999999	6020500.0
2015-01-26	0.001356	0.07686599999999999	0.08723099999999999	0.074549	0.111175	4666700.0
2015-01-23	0.002378	0.08077100000000001	0.091039	0.074293	0.194573	7565800.0
2015-01-22	0.01916	0.086654	0.10123	0.082045	1.538032	7123800.0
2015-01-21	-0.0005769999999999999	0.07195900000000001	0.08204299999999999	0.067103	-0.04634	8173800.0
2015-01-20	-0.0009220000000000001	0.079926	0.09087200000000001	0.06412899999999999	-0.074112	7853100.0
2015-01-16	-0.006981	0.077081	0.08029299999999999	0.0651	-0.565178	8408900.0
2015-01-15	0.00889	0.084164	0.09388400000000001	0.080426	0.713409	9412700.0
2015-01-14	-0.030232	0.059244000000000005	0.069757	0.045346	-2.501602	11745600.0
2015-01-13	-0.007887	0.088657	0.090695	0.066236	-0.657822	8215400.0
2015-01-12	0.007499	0.079425	0.090901	0.077734	0.620766	7372500.0
2015-01-09	-0.01238	0.077515	0.07835	0.06475	-1.03772	8522500.0
2015-01-08	0.021106	0.086735	0.104521	0.08503	1.732605	12713600.0
2015-01-07	0.026532	0.08518200000000001	0.10894100000000001	0.08380599999999999	2.12175	8498400.0
2015-01-06	0.007706	0.083463	0.093166	0.081069	0.611504	8205100.0
2015-01-05	-0.0029100000000000003	0.077043	0.084582	0.074404	-0.231636	6979000.0
2015-01-02	0.000233	0.08420599999999999	0.089861	0.075157	0.018524000000000002	4501800.0
2014-12-31	-0.010485	0.082911	0.087388	0.067739	-0.84314	4151400.0
2014-12-30	0.001731	0.07781	0.085409	0.077311	0.138992	3265400.0
2014-12-29	-0.003107	0.073716	0.081291	0.07297100000000001	-0.25016700000000003	3605600.0
2014-12-26	0.005554	0.076183	0.088171	0.07406	0.44473999999999997	3249300.0
2014-12-24	-0.002654	0.083165	0.084411	0.075942	-0.213112	2491800.0
2014-12-23	0.0032409999999999995	0.083178	0.088051	0.079054	0.259415	5552600.0
2014-12-22	0.014325999999999998	0.081332	0.09502000000000001	0.080952	1.130371	4575800.0
2014-12-19	-0.009076	0.08332300000000001	0.084328	0.069509	-0.722687	12068800.0
2014-12-18	0.020301	0.086608	0.101344	0.079945	1.584343	8645900.0
2014-12-17	0.015309	0.083468	0.096217	0.079174	1.1766969999999999	6641000.0
2014-12-16	-0.011675	0.07518999999999999	0.089848	0.066446	-0.908005	7437400.0
2014-12-15	0.001551	0.0851	0.090766	0.069517	0.120468	6317700.0
2014-12-12	-0.000239	0.075313	0.094368	0.075313	-0.018539	7284100.0
2014-12-11	0.010244	0.082166	0.099075	0.08164600000000001	0.787552	8032800.0
2014-12-10	-0.006940999999999999	0.084084	0.088992	0.07078	-0.5374	6973600.0
2014-12-09	-0.007954000000000001	0.071872	0.07904800000000001	0.059059	-0.6207729999999999	6633600.0
2014-12-08	0.001308	0.079689	0.08636100000000001	0.07584	0.101921	6266000.0
2014-12-05	-0.007551	0.079941	0.080069	0.063388	-0.592964	6570100.0
2014-12-04	-0.0021190000000000002	0.069012	0.07778	0.062913	-0.166786	6901400.0
2014-12-03	-0.011406	0.07968099999999999	0.080309	0.06372799999999999	-0.90799	6374300.0
2014-12-02	0.002088	0.085964	0.091376	0.081684	0.165856	6766300.0
2014-12-01	-0.015078999999999999	0.075168	0.07950700000000001	0.06314199999999999	-1.21621	9140900.0
2014-11-28	0.030125	0.10066	0.125054	0.097084	2.358719	7820600.0
2014-11-26	0.00035299999999999996	0.084695	0.087378	0.079329	0.027641000000000002	3942800.0
2014-11-25	-0.005268999999999999	0.086605	0.086732	0.072498	-0.41461899999999996	6675500.0
2014-11-24	0.00886	0.087898	0.097643	0.086873	0.691032	7995500.0
2014-11-21	0.0008269999999999999	0.095086	0.09637000000000001	0.08533400000000001	0.064484	6649600.0
2014-11-20	-0.004824	0.083035	0.089165	0.073202	-0.377762	7812700.0
2014-11-19	0.014322	0.087536	0.109297	0.087018	1.10566	12189800.0
2014-11-18	0.0026320000000000002	0.084425	0.08988	0.082347	0.20269700000000002	6096400.0
2014-11-17	0.007353	0.080363	0.095277	0.079709	0.56205	7993400.0
2014-11-14	0.000241	0.080623	0.08808200000000001	0.07434199999999999	0.018425	10636600.0
2014-11-13	0.047222	0.109453	0.138231	0.108083	3.445954	22812400.0
2014-11-12	0.002404	0.082861	0.091241	0.080389	0.175033	6791200.0
2014-11-11	-0.005413	0.084788	0.085061	0.07727300000000001	-0.396179	5602400.0
2014-11-10	0.008506	0.082992	0.104073	0.080512	0.617317	12640500.0
2014-11-07	0.012338	0.085753	0.103049	0.08254500000000001	0.8845370000000001	9498800.0
2014-11-06	0.001416	0.09162000000000001	0.092039	0.077931	0.101349	4621900.0
2014-11-05	0.005695	0.093903	0.09896	0.085896	0.405388	5673800.0
2014-11-04	0.012847999999999998	0.088322	0.10084299999999999	0.08533400000000001	0.902961	6904900.0
2014-11-03	0.000131	0.08647300000000001	0.086899	0.075658	0.009209	6894400.0
2014-10-31	-0.0023539999999999998	0.091581	0.098821	0.079088	-0.165848	7570700.0
2014-10-30	0.000785	0.082208	0.088318	0.079509	0.055275	4872400.0
2014-10-29	0.000524	0.08817699999999999	0.08945700000000001	0.079933	0.036873	5759700.0
2014-10-28	-0.003133	0.085901	0.08831	0.076974	-0.22112300000000001	4979600.0
2014-10-27	0.0027489999999999997	0.084624	0.09386	0.084339	0.193467	4107400.0
2014-10-24	0.0017050000000000001	0.083626	0.088893	0.074659	0.119796	4479600.0
2014-10-23	0.0028940000000000003	0.090188	0.094185	0.08176599999999999	0.202706	6367100.0
2014-10-22	0.000131	0.09175900000000001	0.094472	0.08519199999999999	0.009201	5927600.0
2014-10-21	0.011711	0.085912	0.100645	0.08345599999999999	0.8107979999999999	8299700.0
2014-10-20	0.014034999999999999	0.08592000000000001	0.101738	0.082697	0.9582219999999999	7040700.0
2014-10-17	0.003793	0.090627	0.095332	0.073719	0.257988	11462300.0
2014-10-16	-0.018351	0.056902	0.069025	0.047954000000000004	-1.271485	14346600.0
2014-10-15	-0.03565	0.07976699999999999	0.081298	0.034950999999999996	-2.561424	21057700.0
2014-10-14	0.005415	0.089113	0.10030700000000001	0.086874	0.386986	7901100.0
2014-10-13	-0.009323999999999999	0.08173	0.089354	0.073689	-0.672615	8201200.0
2014-10-10	0.005522999999999999	0.08631	0.10638299999999999	0.08631	0.396202	10078000.0
2014-10-09	-0.004857	0.083531	0.093519	0.077288	-0.350136	7072700.0
2014-10-08	0.012159999999999999	0.086879	0.102042	0.078454	0.8660969999999999	8107100.0
2014-10-07	-0.000646	0.080844	0.09010499999999999	0.076494	-0.046067000000000004	7059900.0
2014-10-06	0.000388	0.081544	0.09375599999999999	0.080702	0.027634	5429700.0
2014-10-03	0.014299000000000001	0.090175	0.103131	0.08960499999999999	1.0042879999999998	5819700.0
2014-10-02	0.0014449999999999999	0.086617	0.096598	0.083053	0.101372	4921200.0
2014-10-01	-0.004577	0.08590199999999999	0.09087	0.077386	-0.322472	6524900.0
2014-09-30	0.0051259999999999995	0.08476399999999999	0.09446399999999999	0.080912	0.359322	5640700.0
2014-09-29	-0.00536	0.079233	0.081929	0.073415	-0.37777	4959300.0
2014-09-26	0.004861	0.087188	0.09175	0.081627	0.34092	3752900.0
2014-09-25	-0.012454999999999999	0.083222	0.084912	0.07181699999999999	-0.8845370000000001	4963500.0
2014-09-24	0.019577	0.0872	0.109883	0.08677	1.3636469999999998	8434600.0
2014-09-23	-0.009304	0.080925	0.08405399999999999	0.074809	-0.654175	6708000.0
2014-09-22	-0.0068969999999999995	0.084628	0.085617	0.077001	-0.48832700000000007	4450700.0
2014-09-19	0.008134	0.08860900000000001	0.097438	0.087612	0.571244	13323500.0
2014-09-18	-0.000262	0.08633099999999999	0.090174	0.080636	-0.018418	4751700.0
2014-09-17	-0.001048	0.085903	0.08746699999999999	0.080926	-0.0737	4239000.0
2014-09-16	0.0067269999999999995	0.0829	0.096215	0.082328	0.469887	4109500.0
2014-09-15	0.000528	0.085477	0.08705299999999999	0.08304199999999999	0.036843	3748500.0
2014-09-12	-0.004336	0.08348	0.084621	0.079059	-0.304032	5652300.0
2014-09-11	-0.005359	0.083065	0.084341	0.079376	-0.377762	4953300.0
2014-09-10	-0.002997	0.086042	0.090143	0.080101	-0.211914	6697100.0
2014-09-09	0.002744	0.08576	0.092	0.080229	0.193482	5632000.0
2014-09-08	-0.012643999999999999	0.080013	0.082674	0.070211	-0.902954	5938900.0
2014-09-05	0.012409	0.084767	0.10192000000000001	0.0842	0.8753120000000001	7841800.0
2014-09-04	0.007236	0.087476	0.09375800000000001	0.086762	0.506737	5282300.0
2014-09-03	0.003433	0.0882	0.093644	0.087197	0.239571	4709400.0
2014-09-02	0.003311	0.08418400000000001	0.091659	0.08404099999999999	0.230354	4532400.0
2014-08-29	-0.00527	0.083189	0.085048	0.076612	-0.368553	5080500.0
2014-08-28	0.000659	0.079897	0.086622	0.079897	0.046051	2923700.0
2014-08-27	0.004370000000000001	0.08519	0.09022000000000001	0.08418400000000001	0.304062	3200400.0
2014-08-26	-0.002246	0.08734199999999999	0.09193	0.081749	-0.156639	4222900.0
2014-08-25	-0.000528	0.088201	0.08949	0.08218099999999999	-0.036843	3393600.0
2014-08-22	0.002382	0.088638	0.094672	0.086627	0.16583299999999998	4137800.0
2014-08-21	0.007871	0.08678200000000001	0.099089	0.085913	0.543625	5260600.0
2014-08-20	0.001068	0.084609	0.087798	0.079971	0.073692	4898300.0
2014-08-19	0.005236	0.08999700000000001	0.091891	0.080235	0.35936	5047900.0
2014-08-18	0.007984	0.08900599999999999	0.09679	0.087537	0.543602	4015700.0
2014-08-15	-0.006587000000000001	0.089128	0.089128	0.072203	-0.451462	6942700.0
2014-08-14	0.004863	0.08328200000000001	0.091199	0.079177	0.33168800000000004	6136300.0
2014-08-13	-0.00256	0.086065	0.088113	0.074952	-0.175064	6619100.0
2014-08-12	-0.001883	0.084604	0.086502	0.080226	-0.12899000000000002	3928200.0
2014-08-11	-0.004152	0.079811	0.08431699999999999	0.075886	-0.28563	4721400.0
2014-08-08	0.009736	0.086949	0.096782	0.083866	0.663392	4996300.0
2014-08-07	-0.0033689999999999996	0.087382	0.09425700000000001	0.078898	-0.23034699999999997	7049000.0
2014-08-06	0.018392	0.09025	0.106636	0.090101	1.234657	7934800.0
2014-08-05	-0.0027199999999999998	0.089067	0.092187	0.081045	-0.183082	10579900.0
2014-08-04	0.0	0.090107	0.093821	0.085354	0.0	5402100.0
2014-08-01	-0.000543	0.088624	0.096939	0.08714	-0.036591000000000005	8223900.0
2014-07-31	-0.016047	0.080943	0.084741	0.074369	-1.098434	9631600.0
2014-07-30	-0.008749	0.098856	0.099435	0.081333	-0.604142	9977200.0
2014-07-29	-0.0035659999999999997	0.08526900000000001	0.096813	0.08440399999999999	-0.247131	6293500.0
2014-07-28	-0.0034219999999999997	0.084719	0.091909	0.083712	-0.237984	5509900.0
2014-07-25	-0.0049770000000000005	0.09019500000000001	0.092628	0.084615	-0.34782399999999997	3948400.0
2014-07-24	-0.008313	0.088086	0.089647	0.08113300000000001	-0.585823	7228300.0
2014-07-23	0.004567	0.092342	0.098471	0.091772	0.320366	3994300.0
2014-07-22	-0.001693	0.09348	0.094192	0.087219	-0.118996	4383200.0
2014-07-21	-0.004151	0.087808	0.089934	0.08384	-0.2929	3457600.0
2014-07-18	0.006265	0.092627	0.099472	0.091058	0.439354	4913300.0
2014-07-17	-0.0032530000000000002	0.088504	0.095185	0.086514	-0.228843	4630300.0
2014-07-16	0.00026000000000000003	0.093337	0.09547	0.090494	0.018302000000000002	3724200.0
2014-07-15	0.003788	0.092627	0.09790700000000001	0.092627	0.26545	4656900.0
2014-07-14	-0.003515	0.09689299999999999	0.098599	0.087649	-0.247139	4822900.0
2014-07-11	-0.003114	0.089791	0.091208	0.085396	-0.219673	4547500.0
2014-07-10	-0.001943	0.08824	0.097578	0.08824	-0.13730599999999998	5372500.0
2014-07-09	0.007306	0.094195	0.102176	0.092057	0.512588	6240100.0
2014-07-08	0.007625	0.09277200000000001	0.105553	0.09191	0.530907	7960500.0
2014-07-07	0.004224	0.091619	0.099119	0.0896	0.292908	5028000.0
2014-07-03	0.001719	0.09233999999999999	0.098696	0.091039	0.11897999999999999	2874000.0
2014-07-02	0.004517	0.09219400000000001	0.101482	0.092049	0.311233	4366800.0
2014-07-01	0.002797	0.09539500000000001	0.097578	0.087827	0.192208	6604500.0
2014-06-30	-0.003583	0.093355	0.09756000000000001	0.086684	-0.24711599999999997	6653800.0
2014-06-27	0.0057399999999999994	0.09087999999999999	0.099339	0.08898400000000001	0.39357	13960800.0
2014-06-26	-0.009389	0.091039	0.09233999999999999	0.079193	-0.649895	6922100.0
2014-06-25	-0.004607	0.089465	0.090615	0.082562	-0.320351	4318200.0
2014-06-24	0.002375	0.095944	0.098539	0.09089900000000001	0.16476500000000002	5652300.0
2014-06-23	0.0014529999999999999	0.090752	0.096237	0.086999	0.10067000000000001	4267400.0
2014-06-20	-0.0025039999999999997	0.09666	0.096804	0.08168500000000001	-0.17391199999999998	11330700.0
2014-06-19	0.002246	0.095082	0.100855	0.093927	0.155609	5255300.0
2014-06-18	0.009468	0.093213	0.106616	0.091465	0.649917	6740700.0
2014-06-17	-0.004646	0.09176000000000001	0.093645	0.086394	-0.320373	6544200.0
2014-06-16	0.000797	0.090017	0.095387	0.088711	0.054908000000000005	3846900.0
2014-06-13	-0.005942	0.091619	0.092917	0.08368400000000001	-0.41191099999999997	4981500.0
2014-06-12	-0.005646	0.090906	0.092915	0.084164	-0.3936	5336600.0
2014-06-11	-0.0060030000000000005	0.091486	0.094195	0.084357	-0.42104300000000006	4463300.0
2014-06-10	-0.005064	0.089647	0.091491	0.085391	-0.356995	3365700.0
2014-06-09	-0.00259	0.090503	0.100267	0.085268	-0.183067	5547600.0
2014-06-06	-0.001423	0.094462	0.096299	0.088952	-0.100701	4188900.0
2014-06-05	0.002464	0.091351	0.096875	0.08880199999999999	0.173928	4695800.0
2014-06-04	0.005475	0.090918	0.100887	0.089921	0.384452	6199900.0
2014-06-03	-0.0006519999999999999	0.0922	0.095473	0.086791	-0.045776	7213600.0
2014-06-02	-0.00013000000000000002	0.089781	0.097323	0.088215	-0.009148	4390400.0
2014-05-30	0.010398000000000001	0.093635	0.10441900000000001	0.092916	0.72313	5964800.0
2014-05-29	0.005958	0.09450900000000001	0.102031	0.09306299999999999	0.41188800000000003	4003500.0
2014-05-28	-0.000794	0.089449	0.09754299999999999	0.088871	-0.054909000000000006	5036900.0
2014-05-27	-0.000265	0.093929	0.095374	0.087861	-0.018311	5370800.0
2014-05-23	0.002918	0.094948	0.097701	0.093064	0.201371	3703600.0
2014-05-22	-0.0035689999999999997	0.094361	0.096238	0.08642000000000001	-0.24714699999999998	5243700.0
2014-05-21	-0.000396	0.096093	0.096381	0.086422	-0.027466	5704100.0
2014-05-20	-0.012009	0.08891900000000001	0.089062	0.076941	-0.842102	7436700.0
2014-05-19	-0.005194	0.093903	0.094187	0.085249	-0.366142	6131300.0
2014-05-16	0.002343	0.094902	0.10030499999999999	0.089925	0.16476400000000002	7243800.0
2014-05-15	-0.024257	0.058352999999999995	0.074447	0.057937	-1.7483060000000001	13035800.0
2014-05-14	-0.005054	0.09124199999999999	0.09124199999999999	0.077714	-0.366135	5608300.0
2014-05-13	-0.000126	0.09276000000000001	0.09552100000000001	0.090276	-0.009155	4363700.0
2014-05-12	-0.0006309999999999999	0.089036	0.09289800000000001	0.084898	-0.045776	5999800.0
2014-05-09	0.006481000000000001	0.090124	0.100676	0.090124	0.46683500000000006	4896400.0
2014-05-08	0.009364	0.093045	0.104676	0.093045	0.66819	4820600.0
2014-05-07	0.005546	0.09699400000000001	0.100516	0.092484	0.393608	6086200.0
2014-05-06	-0.007759	0.095193	0.096032	0.09016	-0.554932	5638900.0
2014-05-05	-0.006319	0.095636	0.096886	0.090773	-0.454849	4591000.0
2014-05-02	-0.007278	0.09786900000000001	0.100075	0.08973099999999999	-0.5276489999999999	5620000.0
2014-05-01	-0.000125	0.099524	0.099524	0.091664	-0.009071	5098000.0
2014-04-30	0.000502	0.09814400000000001	0.102835	0.097041	0.036377	6111700.0
2014-04-29	-0.001129	0.10035	0.10076399999999999	0.09662899999999999	-0.081887	4695700.0
2014-04-28	0.0145	0.102604	0.118403	0.102184	1.037079	9598700.0
2014-04-25	0.003959000000000001	0.099248	0.10584600000000001	0.095177	0.282021	5392600.0
2014-04-24	0.00346	0.101079	0.105305	0.094459	0.245613	4347500.0
2014-04-23	0.006189	0.102933	0.109453	0.09938999999999999	0.436676	5806200.0
2014-04-22	-0.000516	0.098115	0.102506	0.096273	-0.036392	6465500.0
2014-04-21	-0.000773	0.095709	0.100239	0.092454	-0.054589	4595100.0
2014-04-17	0.005698	0.097255	0.10679300000000001	0.097255	0.400269	6964700.0
2014-04-16	0.004423	0.105396	0.10768399999999999	0.101393	0.309319	5036800.0
2014-04-15	-0.006462000000000001	0.094276	0.098253	0.08589400000000001	-0.45488	6928600.0
2014-04-14	0.011503	0.10557000000000001	0.114336	0.103415	0.800552	5375900.0
2014-04-11	-0.005072	0.097675	0.104109	0.09067	-0.35478200000000004	7979000.0
2014-04-10	-0.013850999999999999	0.098966	0.101645	0.080638	-0.98249	7599600.0
2014-04-09	-0.002686	0.09952899999999999	0.09981	0.08659299999999999	-0.191048	6877800.0
2014-04-08	0.011254	0.09612000000000001	0.11346700000000001	0.09199700000000001	0.791458	7498700.0
2014-04-07	0.0	0.098111	0.10507799999999999	0.09612000000000001	0.0	7675700.0
2014-04-04	-0.0019370000000000001	0.100951	0.105492	0.09626799999999999	-0.136459	6760200.0
2014-04-03	0.003628	0.09953300000000001	0.104518	0.09668500000000001	0.25473	6040500.0
2014-04-02	0.00534	0.096527	0.105262	0.093091	0.37296999999999997	6078100.0
2014-04-01	0.004448	0.103994	0.11104100000000001	0.10082999999999999	0.309296	5770000.0
2014-03-31	0.005525	0.10416500000000001	0.110383	0.099392	0.382073	4695600.0
2014-03-28	-0.001707	0.100981	0.10588900000000001	0.09390599999999999	-0.11824100000000001	5871100.0
2014-03-27	-0.001181	0.101411	0.10775599999999999	0.09650800000000001	-0.08187799999999999	5596600.0
2014-03-26	-0.008326	0.102251	0.10868599999999999	0.09009600000000001	-0.582222	7727800.0
2014-03-25	0.001433	0.100966	0.10469	0.090656	0.100074	7382200.0
2014-03-24	0.008673	0.100837	0.109359	0.099393	0.6004109999999999	7279500.0
2014-03-21	0.009552	0.10668499999999999	0.12316400000000001	0.10026900000000001	0.654999	17160200.0
2014-03-20	0.013444	0.093928	0.118461	0.091563	0.9097129999999999	8637500.0
2014-03-19	-0.005215999999999999	0.096161	0.104246	0.08822200000000001	-0.35480500000000004	5761100.0
2014-03-18	0.0012050000000000001	0.098954	0.10381099999999999	0.095863	0.081887	3943800.0
2014-03-17	0.005385	0.09954400000000001	0.10768299999999999	0.09525299999999999	0.36389099999999996	5780400.0
2014-03-14	-0.008675	0.095434	0.101302	0.08956599999999999	-0.591324	6619000.0
2014-03-13	-0.007944	0.101868	0.108708	0.090225	-0.545829	5824500.0
2014-03-12	0.008142	0.098221	0.111426	0.09778099999999999	0.554924	8627600.0
2014-03-11	0.0065829999999999994	0.103531	0.107223	0.095851	0.445747	9005600.0
2014-03-10	-0.0020109999999999998	0.098364	0.09954299999999999	0.091436	-0.136444	4827000.0
2014-03-07	0.002419	0.107522	0.107522	0.09865700000000001	0.163742	5054600.0
2014-03-06	0.00107	0.107227	0.110925	0.102051	0.072311	5106600.0
2014-03-05	-0.004392	0.10913800000000001	0.109285	0.098241	-0.29827800000000004	5524800.0
2014-03-04	0.013627	0.116042	0.126789	0.1144	0.91294	7543800.0
2014-03-03	-0.007765	0.10323	0.105896	0.093455	-0.524261	5347600.0
2014-02-28	0.0018780000000000001	0.105153	0.11568800000000001	0.100998	0.12654100000000001	7444600.0
2014-02-27	-0.002942	0.10634	0.10634	0.09613200000000001	-0.19885999999999998	5448200.0
2014-02-26	0.019496	0.11523900000000001	0.132735	0.112977	1.292557	9022200.0
2014-02-25	0.0	0.103776	0.112222	0.10241800000000001	0.0	9482700.0
2014-02-24	0.003145	0.10815599999999999	0.116931	0.106642	0.207885	7321500.0
2014-02-21	-0.005441	0.101374	0.10453399999999999	0.09580599999999999	-0.361557	8971000.0
2014-02-20	-0.017769	0.079735	0.093776	0.076187	-1.202156	13079100.0
2014-02-19	-0.006372	0.10164	0.10619300000000001	0.092828	-0.43386	8130300.0
2014-02-18	-0.006069	0.101961	0.104296	0.092764	-0.41578699999999996	5993800.0
2014-02-14	0.005706	0.106927	0.11558900000000001	0.102523	0.388679	4908900.0
2014-02-13	0.005336	0.102207	0.11416199999999999	0.100436	0.36154200000000003	5250200.0
2014-02-12	0.002139	0.097761	0.11195999999999999	0.097761	0.14461500000000002	5339800.0
2014-02-11	0.0141	0.10844000000000001	0.122689	0.10499000000000001	0.940049	6511200.0
2014-02-10	0.000136	0.10394	0.10649000000000002	0.094489	0.009033	6204100.0
2014-02-07	0.012771	0.10983399999999999	0.12122899999999999	0.101478	0.840614	7287600.0
2014-02-06	-0.000686	0.107858	0.111502	0.10072300000000001	-0.045196	7353100.0
2014-02-05	0.001925	0.099342	0.112881	0.099342	0.126525	4774300.0
2014-02-04	0.000964	0.106492	0.11303900000000001	0.100858	0.063279	7755500.0
2014-02-03	-0.027049	0.09908099999999999	0.103673	0.074637	-1.8258290000000001	10430700.0
2014-01-31	-0.000936	0.094056	0.112852	0.089912	-0.063263	10544800.0
2014-01-30	0.008772	0.112909	0.121121	0.110222	0.587517	6732900.0
2014-01-29	-0.007633	0.115526	0.11671199999999998	0.09745	-0.5151979999999999	8433700.0
2014-01-28	0.007012999999999999	0.107981	0.124991	0.10559400000000001	0.470009	6023400.0
2014-01-27	-0.003628	0.102029	0.105597	0.097569	-0.244049	9088700.0
2014-01-24	-0.007204	0.10294500000000001	0.108701	0.095566	-0.48810600000000004	9332800.0
2014-01-23	-0.005176	0.098852	0.10296300000000001	0.09342	-0.352493	6006300.0
2014-01-22	-0.006461	0.10984100000000001	0.10984100000000001	0.094524	-0.442917	5853700.0
2014-01-21	-0.004594	0.10721099999999999	0.10924400000000001	0.087027	-0.31636	8971100.0
2014-01-17	-0.007426	0.10590799999999999	0.107205	0.095819	-0.515206	11440700.0
2014-01-16	-0.011589	0.102494	0.10363299999999999	0.08767799999999999	-0.813499	7201500.0
2014-01-15	-0.003848	0.10634	0.108326	0.10080499999999999	-0.27118000000000003	4992400.0
2014-01-14	0.006065999999999999	0.10591199999999999	0.113621	0.10477	0.424843	4088200.0
2014-01-13	-0.0070480000000000004	0.100102	0.105348	0.094999	-0.497146	6157900.0
2014-01-10	-0.00064	0.109457	0.11526600000000001	0.098548	-0.045174	5181300.0
2014-01-09	0.0033399999999999997	0.1143	0.114442	0.101507	0.23499299999999998	5916300.0
2014-01-08	-0.007903	0.107045	0.10718599999999999	0.09435299999999999	-0.5604020000000001	5955200.0
2014-01-07	0.003069	0.105774	0.11539300000000001	0.102238	0.216927	5012300.0
2014-01-06	-0.005595	0.109294	0.109997	0.09424199999999999	-0.397721	7280200.0
2014-01-03	-0.003295	0.10493800000000002	0.10942400000000001	0.100872	-0.235008	4957400.0
2014-01-02	0.002796	0.106762	0.117306	0.10366900000000001	0.198876	6878000.0
2013-12-31	0.000763	0.106762	0.10971700000000001	0.1024	0.054222	3859100.0
2013-12-30	0.002039	0.10831400000000001	0.112121	0.105776	0.14463800000000002	3086500.0
2013-12-27	0.001021	0.109304	0.11396099999999999	0.10507000000000001	0.07231900000000001	3050000.0
2013-12-26	0.004871	0.107049	0.11357300000000001	0.105773	0.343452	2778200.0
2013-12-24	0.0017980000000000001	0.107476	0.111597	0.10293	0.12654100000000001	2094900.0
2013-12-23	0.005683	0.110627	0.11434100000000001	0.105483	0.397713	4491900.0
2013-12-20	0.00246	0.10691300000000001	0.115507	0.106483	0.171745	9568800.0
2013-12-19	-0.008981	0.10250699999999999	0.104779	0.095836	-0.632721	5955400.0
2013-12-18	0.008931999999999999	0.10677	0.11679500000000001	0.100039	0.623681	10633700.0
2013-12-17	-0.0063030000000000004	0.10634	0.108475	0.09894	-0.442917	5765400.0
2013-12-16	-0.0043549999999999995	0.108749	0.112291	0.099539	-0.30732	6146900.0
2013-12-13	-0.00535	0.109582	0.11014600000000001	0.098307	-0.379601	4981200.0
2013-12-12	-0.00746	0.10662	0.10871800000000001	0.096688	-0.533309	5691600.0
2013-12-11	0.000126	0.10662	0.11529400000000001	0.10592	0.009033	5998800.0
2013-12-10	-0.010882	0.103157	0.10426400000000001	0.093886	-0.78637	6285700.0
2013-12-09	0.000125	0.110492	0.113121	0.103019	0.009041	4491600.0
2013-12-06	0.006294	0.1101	0.117342	0.109125	0.451927	5088100.0
2013-12-05	-0.009723	0.099444	0.100134	0.08772200000000001	-0.705017	6450000.0
2013-12-04	-0.006441	0.10497000000000001	0.114973	0.094967	-0.470024	7641200.0
2013-12-03	0.001233	0.114152	0.115799	0.107155	0.089875	7506400.0
2013-12-02	0.001234	0.111132	0.11648900000000001	0.10398900000000001	0.08985900000000001	6178400.0
2013-11-29	0.0009880000000000002	0.11607999999999999	0.118555	0.111268	0.071884	3447200.0
2013-11-27	0.0030989999999999998	0.11098699999999999	0.117194	0.108642	0.224662	4813300.0
2013-11-26	0.0031079999999999997	0.112918	0.11623900000000001	0.10835299999999999	0.224663	5537800.0
2013-11-25	0.007769	0.11626600000000001	0.123377	0.114174	0.557167	5670400.0
2013-11-22	0.012047	0.11292100000000001	0.127032	0.111228	0.853714	4812100.0
2013-11-21	-0.0005070000000000001	0.110523	0.11701099999999999	0.10784400000000001	-0.035949	3841000.0
2013-11-20	-0.004416	0.113623	0.114746	0.102109	-0.314515	4511300.0
2013-11-19	0.000379	0.11390399999999999	0.114606	0.108004	0.026963	4455000.0
2013-11-18	0.0	0.11292100000000001	0.114185	0.108426	0.0	5962700.0
2013-11-15	0.0017699999999999999	0.110669	0.11573499999999999	0.108136	0.125801	5911100.0
2013-11-14	0.002281	0.09656100000000001	0.12166500000000001	0.095574	0.161751	9302100.0
2013-11-13	0.002414	0.10868	0.11673900000000001	0.10769100000000001	0.170753	8286700.0
2013-11-12	-0.003797	0.110527	0.11221700000000001	0.102076	-0.2696	5266100.0
2013-11-11	0.013469	0.111353	0.128624	0.110354	0.9435959999999999	7450500.0
2013-11-08	0.005806	0.11249300000000001	0.11924100000000001	0.102443	0.404381	5793800.0
2013-11-07	-0.008316	0.11320699999999999	0.11363399999999999	0.099682	-0.58413	8347600.0
2013-11-06	0.009559	0.115942	0.125141	0.11105599999999999	0.665024	4829200.0
2013-11-05	0.001164	0.105298	0.11681	0.104002	0.08088	5085500.0
2013-11-04	0.0033729999999999997	0.114946	0.121155	0.114657	0.23364200000000002	4704100.0
2013-11-01	0.004169	0.11597	0.122204	0.11045999999999999	0.287567	5116100.0
2013-10-31	-0.0020800000000000003	0.112346	0.116253	0.108295	-0.143791	4612400.0
2013-10-30	-0.001946	0.11581300000000001	0.119567	0.10555999999999999	-0.13478800000000002	4646000.0
2013-10-29	-0.001037	0.11436700000000001	0.119848	0.107154	-0.071908	7437600.0
2013-10-28	0.013933000000000001	0.113951	0.129308	0.11234200000000001	0.952599	7032400.0
2013-10-25	-0.004449	0.112052	0.11773099999999999	0.10346099999999998	-0.30555	6458800.0
2013-10-24	0.006851	0.114686	0.121723	0.111607	0.46727799999999997	5864300.0
2013-10-23	-0.005503	0.110739	0.11321800000000001	0.10534400000000001	-0.37742600000000004	5870100.0
2013-10-22	0.015569	0.116927	0.132622	0.113669	1.0514370000000002	6948500.0
2013-10-21	-0.007397	0.112927	0.114397	0.099699	-0.503258	5364100.0
2013-10-18	-0.000924	0.11307400000000001	0.11498299999999999	0.108375	-0.062904	6788500.0
2013-10-17	0.002381	0.111161	0.12043499999999999	0.055228	0.161774	6395100.0
2013-10-16	0.016538	0.11936400000000001	0.131483	0.115773	1.105308	5914500.0
2013-10-15	-0.004151	0.109055	0.12306199999999999	0.102499	-0.278572	8993300.0
2013-10-14	-0.001871	0.10564100000000001	0.111144	0.096866	-0.125801	5904000.0
2013-10-11	0.000401	0.11010199999999999	0.113375	0.098497	0.026947000000000002	6529200.0
2013-10-10	0.024521	0.12009700000000001	0.141286	0.116896	1.6085969999999998	7680200.0
2013-10-09	0.001371	0.11171099999999999	0.119496	0.107743	0.08984400000000001	6467400.0
2013-10-08	0.014331	0.11247	0.133218	0.111696	0.9256129999999999	9224200.0
2013-10-07	-0.012775	0.106972	0.106972	0.093062	-0.8357389999999999	6886400.0
2013-10-04	-0.004921	0.110499	0.116126	0.107152	-0.323509	5747700.0
2013-10-03	-0.007597	0.109912	0.109912	0.10115700000000001	-0.503258	7179600.0
2013-10-02	0.0017670000000000001	0.10975599999999999	0.114746	0.10446300000000001	0.11683699999999998	7376100.0
2013-10-01	-0.0050030000000000005	0.111426	0.11172699999999999	0.10315099999999999	-0.332497	5675500.0
2013-09-30	-0.005379	0.11158299999999999	0.116372	0.103502	-0.359467	6752500.0
2013-09-27	-0.0034840000000000006	0.10920099999999999	0.110394	0.10457799999999999	-0.23365	4214600.0
2013-09-26	-0.00040199999999999996	0.114718	0.117699	0.10637	-0.026955	5078100.0
2013-09-25	-0.014521000000000001	0.115131	0.11557200000000001	0.080609	-0.988502	14972300.0
2013-09-24	-0.008767	0.112489	0.11729400000000001	0.102151	-0.602097	6874800.0
2013-09-23	0.00778	0.106323	0.12158499999999998	0.10353499999999999	0.530198	5604700.0
2013-09-20	-0.004987	0.11438599999999999	0.116284	0.10723099999999999	-0.341507	8847600.0
2013-09-19	-0.002748	0.113945	0.114382	0.101131	-0.188691	7109500.0
2013-09-18	0.0169	0.112929	0.133215	0.109079	1.141289	6881700.0
2013-09-17	0.004947999999999999	0.113673	0.123048	0.112929	0.332482	4291800.0
2013-09-16	0.005647999999999999	0.120861	0.125201	0.117719	0.377433	4200600.0
2013-09-13	0.006089	0.116092	0.12015799999999999	0.11383399999999999	0.404396	4020400.0
2013-09-12	-0.001891	0.11473399999999999	0.119843	0.108572	-0.125816	5261800.0
2013-09-11	0.001217	0.113382	0.116993	0.108267	0.080887	5335800.0
2013-09-10	0.006122	0.115051	0.123377	0.11368900000000001	0.404396	6845300.0
2013-09-09	0.012674	0.11676600000000001	0.12903	0.11446600000000001	0.826752	5523000.0
2013-09-06	-0.001101	0.11324000000000001	0.12028399999999999	0.10543	-0.071877	5790200.0
2013-09-05	-0.0032920000000000002	0.11171199999999999	0.12147999999999999	0.10835399999999999	-0.21570599999999998	4680500.0
2013-09-04	0.003165	0.11308599999999999	0.11951700000000001	0.109259	0.20670300000000003	4667500.0
2013-09-03	-0.004111	0.120404	0.121929	0.106071	-0.269592	7157000.0
2013-08-30	0.007593000000000001	0.116006	0.12261300000000001	0.11508499999999999	0.494255	6066200.0
2013-08-29	0.000691	0.112319	0.120467	0.110474	0.044945	4088200.0
2013-08-28	-0.006587999999999999	0.109726	0.11277999999999999	0.103769	-0.431374	5608600.0
2013-08-27	-0.002328	0.107447	0.113999	0.10485699999999999	-0.152763	5787600.0
2013-08-26	-0.005582999999999999	0.11581	0.117477	0.10656800000000001	-0.368454	5348200.0
2013-08-23	-0.000272	0.115658	0.117173	0.10626600000000001	-0.017975	5474100.0
2013-08-22	-0.001224	0.11671400000000001	0.12004200000000001	0.10809	-0.080871	3947400.0
2013-08-21	0.004370000000000001	0.11171700000000001	0.12645599999999999	0.108221	0.287574	8077900.0
2013-08-20	-0.004757	0.112326	0.11338499999999999	0.10703299999999999	-0.314544	6663100.0
2013-08-19	-0.007151	0.109327	0.110078	0.099267	-0.47626499999999994	5364900.0
2013-08-16	-0.004032	0.10844300000000001	0.114126	0.102162	-0.2696	7254500.0
2013-08-15	-0.026047000000000004	0.084524	0.093554	0.078261	-1.788315	13221500.0
2013-08-14	-0.005985	0.11205599999999999	0.11799200000000001	0.10365899999999999	-0.413376	6820100.0
2013-08-13	-0.0028539999999999998	0.11408	0.11523399999999999	0.100365	-0.1977	6381000.0
2013-08-12	0.002341	0.10786	0.119871	0.106847	0.16175799999999999	5787000.0
2013-08-09	-0.004531	0.112204	0.11378800000000001	0.105866	-0.31454499999999996	5764600.0
2013-08-08	-0.001551	0.11479400000000001	0.12025899999999999	0.106452	-0.107833	4474700.0
2013-08-07	-0.000388	0.10933	0.116087	0.101566	-0.026963	5819700.0
2013-08-06	-0.011425	0.116553	0.11669500000000001	0.10234	-0.803871	6700900.0
2013-08-05	0.00025299999999999997	0.11768900000000002	0.123091	0.114988	0.017830000000000002	3906100.0
2013-08-02	0.006776000000000001	0.119967	0.127123	0.116389	0.473434	6123900.0
2013-08-01	0.003592	0.126432	0.130023	0.12197899999999999	0.250092	5168700.0
2013-07-31	0.000642	0.119968	0.128018	0.11723800000000001	0.044655	6040800.0
2013-07-30	-0.001282	0.122695	0.124849	0.115231	-0.089317	4533700.0
2013-07-29	-0.000128	0.117097	0.123126	0.11638	-0.008934000000000001	3465000.0
2013-07-26	-0.000128	0.11838900000000001	0.119824	0.106478	-0.008935	5349100.0
2013-07-25	-0.0028120000000000003	0.116961	0.122829	0.110951	-0.196525	5920200.0
2013-07-24	-0.004074	0.12139000000000001	0.12153299999999999	0.107708	-0.285812	4930000.0
2013-07-23	0.008732	0.120831	0.130464	0.118531	0.607383	5252900.0
2013-07-22	-0.0026899999999999997	0.11681300000000001	0.121975	0.11451900000000001	-0.187576	4158200.0
2013-07-19	0.009568	0.12113	0.131552	0.11953699999999999	0.661003	6825900.0
2013-07-18	0.001813	0.119828	0.12461300000000002	0.116782	0.125053	4149900.0
2013-07-17	-0.0021969999999999997	0.123155	0.125615	0.11548599999999999	-0.151855	5351300.0
2013-07-16	0.004414	0.11881099999999999	0.125641	0.117648	0.303688	4707600.0
2013-07-15	-0.007729000000000001	0.11477899999999999	0.11477899999999999	0.106126	-0.5359109999999999	4887200.0
2013-07-12	0.0	0.11924900000000001	0.12011400000000001	0.115211	0.0	4457700.0
2013-07-11	0.011202	0.12945399999999999	0.133829	0.12770399999999998	0.768157	4680700.0
2013-07-10	-0.003375	0.11852	0.126368	0.111108	-0.232246	5144300.0
2013-07-09	0.0041719999999999995	0.12318599999999999	0.130191	0.119975	0.28584299999999996	5273100.0
2013-07-08	0.019944	0.126533	0.142759	0.126533	1.339828	6713400.0
2013-07-05	0.006019	0.125377	0.127025	0.11429600000000001	0.401947	5443900.0
2013-07-03	0.000669	0.115042	0.125681	0.110246	0.044663	2316400.0
2013-07-02	0.001609	0.115335	0.135897	0.11383399999999999	0.107201	6726400.0
2013-07-01	0.001342	0.127052	0.131411	0.113676	0.089325	6697700.0
2013-06-28	-0.010231	0.117306	0.12548800000000002	0.10748800000000001	-0.68779	14548300.0
2013-06-27	0.003333	0.126552	0.135955	0.12297000000000001	0.22332	7087800.0
2013-06-26	0.008605	0.123301	0.131731	0.12209600000000001	0.571647	5478400.0
2013-06-25	0.002291	0.120593	0.12783599999999998	0.114106	0.151848	7217800.0
2013-06-24	0.009386	0.112532	0.139031	0.110247	0.616325	9697300.0
2013-06-21	0.006573000000000001	0.127049	0.137473	0.12290999999999999	0.42876499999999995	14564500.0
2013-06-20	-0.019205	0.12013900000000001	0.122544	0.097736	-1.2773290000000002	9069700.0
2013-06-19	-0.01677	0.11968499999999999	0.12293699999999999	0.09898799999999999	-1.134407	8329100.0
2013-06-18	0.010407	0.12028399999999999	0.133429	0.117297	0.696732	6739700.0
2013-06-17	0.001068	0.12148099999999999	0.12821	0.11415399999999999	0.07144199999999999	6480600.0
2013-06-14	-0.0017329999999999997	0.117149	0.12356800000000001	0.116552	-0.116105	6351500.0
2013-06-13	0.0021379999999999997	0.11864000000000001	0.126867	0.11534900000000001	0.142922	7239500.0
2013-06-12	-0.005449	0.12280999999999999	0.126381	0.11061099999999999	-0.366234	4731100.0
2013-06-11	-0.006601	0.11465999999999998	0.12072000000000001	0.108305	-0.44660900000000003	6006400.0
2013-06-10	-0.007599	0.11880399999999999	0.124231	0.10971099999999999	-0.518067	6731500.0
2013-06-07	0.009256	0.13064	0.13789300000000002	0.127827	0.625267	8347200.0
2013-06-06	0.00505	0.119835	0.126827	0.11343699999999998	0.339409	9425100.0
2013-06-05	-0.009086	0.11629400000000001	0.11968499999999999	0.10671199999999999	-0.61631	6778600.0
2013-06-04	0.003303	0.12072000000000001	0.129743	0.116283	0.223289	9344000.0
2013-06-03	0.011358	0.12282799999999999	0.133898	0.116546	0.759255	8440500.0
2013-05-31	-0.010445999999999999	0.115541	0.11953699999999999	0.107547	-0.705643	9745700.0
2013-05-30	-0.007871	0.123356	0.12409	0.11043199999999999	-0.53595	6228000.0
2013-05-29	-0.014097	0.115628	0.115628	0.101293	-0.973617	5882300.0
2013-05-28	0.000129	0.12257799999999999	0.130109	0.115917	0.008942	6059200.0
2013-05-24	0.012838999999999998	0.11939100000000001	0.135378	0.116897	0.875358	7589600.0
2013-05-23	-0.009087	0.116631	0.118229	0.108201	-0.625267	8048200.0
2013-05-22	-0.004651	0.11664400000000001	0.125469	0.110279	-0.32154099999999997	9031300.0
2013-05-21	-0.00013000000000000002	0.12271900000000001	0.13081900000000002	0.117368	-0.008957	7484300.0
2013-05-20	-0.006036	0.119681	0.119969	0.112205	-0.41981499999999994	5582600.0
2013-05-17	-0.008025	0.116685	0.120821	0.10385	-0.562729	10669300.0
2013-05-16	-0.01703	0.094864	0.105518	0.08421000000000001	-1.214798	12128600.0
2013-05-15	0.013709	0.119822	0.13630599999999998	0.11769	0.964699	8001100.0
2013-05-14	0.0035670000000000003	0.112121	0.124671	0.1077	0.25009899999999996	10013700.0
2013-05-13	-0.004944	0.11825999999999999	0.120247	0.105772	-0.348358	7713900.0
2013-05-10	0.00625	0.12053699999999999	0.12682000000000002	0.117824	0.437676	5831200.0
2013-05-09	0.001917	0.120396	0.129695	0.11452999999999999	0.13398	6516800.0
2013-05-08	-0.0014039999999999999	0.122395	0.123823	0.111251	-0.09824400000000001	8008500.0
2013-05-07	0.0	0.13011	0.130681	0.125395	0.0	6571100.0
2013-05-06	-0.0053	0.12412100000000001	0.124973	0.119431	-0.372917	4805700.0
2013-05-03	0.010069	0.132855	0.13888399999999998	0.13256800000000002	0.701454	5604100.0
2013-05-02	0.005124	0.12408800000000002	0.132456	0.122501	0.35515599999999997	4519600.0
2013-05-01	0.004374	0.128136	0.139874	0.125817	0.301872	6260300.0
2013-04-30	-0.008546999999999999	0.124672	0.12495899999999999	0.111598	-0.5948869999999999	7965800.0
2013-04-29	-0.008223999999999999	0.126822	0.129245	0.113571	-0.577125	6156800.0
2013-04-26	0.004958	0.12525	0.133412	0.125107	0.34626	5923600.0
2013-04-25	0.007946	0.128418	0.137799	0.12408800000000002	0.550529	5729100.0
2013-04-24	-0.013403	0.128246	0.13209100000000001	0.10959100000000001	-0.9412	8083600.0
2013-04-23	0.014363999999999998	0.128274	0.144308	0.127408	0.9944459999999999	6653600.0
2013-04-22	-0.0040869999999999995	0.126252	0.12841	0.114888	-0.284111	5154900.0
2013-04-19	0.014644999999999998	0.131215	0.14493499999999998	0.129755	1.003311	7840500.0
2013-04-18	-0.017195	0.129839	0.133999	0.098996	-1.198647	14218900.0
2013-04-17	-0.0021609999999999997	0.124105	0.13183499999999998	0.118093	-0.15096199999999999	7248600.0
2013-04-16	0.002676	0.122807	0.13185	0.11993699999999999	0.186454	6854400.0
2013-04-15	-0.001145	0.12453199999999999	0.136574	0.12438900000000001	-0.07989500000000001	8545500.0
2013-04-12	0.009898	0.12393599999999999	0.141599	0.12321199999999999	0.683686	6336800.0
2013-04-11	0.0054280000000000005	0.126106	0.140809	0.124796	0.372894	7129100.0
2013-04-10	-0.0096	0.12855899999999998	0.130001	0.11544000000000001	-0.665909	8599000.0
2013-04-09	0.010739	0.125524	0.143301	0.12231800000000001	0.736954	8669900.0
2013-04-08	0.011781999999999999	0.121977	0.14188	0.117996	0.799118	8075100.0
2013-04-05	0.002494	0.116645	0.129356	0.114872	0.168709	5880300.0
2013-04-04	0.0026309999999999997	0.12566	0.134847	0.12566	0.177574	7508200.0
2013-04-03	-0.000263	0.130549	0.13602999999999998	0.121808	-0.017754	7453900.0
2013-04-02	0.007821999999999999	0.12804400000000002	0.13551	0.126103	0.5238649999999999	6642800.0
2013-04-01	0.008018	0.12881099999999998	0.142808	0.127306	0.532738	8415400.0
2013-03-28	0.000669	0.127156	0.129114	0.120228	0.044395	7368300.0
2013-03-27	0.000134	0.119323	0.129114	0.118269	0.008881	5970300.0
2013-03-26	-0.0010689999999999999	0.12745599999999999	0.129864	0.119933	-0.071038	6642400.0
2013-03-25	0.007673999999999999	0.12412999999999999	0.138837	0.123826	0.506104	10438700.0
2013-03-22	0.015725	0.129641	0.144117	0.128717	1.021088	7323800.0
2013-03-21	0.001918	0.124401	0.133659	0.12409200000000001	0.124298	5506700.0
2013-03-20	0.0074540000000000006	0.131849	0.140709	0.130761	0.47947700000000004	6320300.0
2013-03-19	0.002768	0.128902	0.135917	0.125317	0.177574	5752800.0
2013-03-18	-0.0034479999999999997	0.12299000000000002	0.129825	0.11864000000000001	-0.221985	5771000.0
2013-03-15	-0.009833	0.123022	0.13055899999999998	0.114101	-0.639282	17195100.0
2013-03-14	-0.0058390000000000004	0.129616	0.131604	0.1183	-0.381806	6353200.0
2013-03-13	0.0006799999999999999	0.13069	0.135434	0.125334	0.044411	5326100.0
2013-03-12	0.008495	0.125789	0.14045	0.12409200000000001	0.550499	8153400.0
2013-03-11	-0.000685	0.12717799999999999	0.129491	0.122859	-0.044403	5148700.0
2013-03-08	0.002471	0.133209	0.134601	0.12609800000000002	0.159828	5744600.0
2013-03-07	-0.0008179999999999999	0.135217	0.137071	0.13073800000000002	-0.052948	6680000.0
2013-03-06	-0.004612	0.13398	0.139822	0.12629200000000002	-0.29995	7149600.0
2013-03-05	0.006279	0.136768	0.145587	0.129341	0.405823	9142000.0
2013-03-04	0.021188	0.13004200000000002	0.15753499999999998	0.129884	1.340965	10567200.0
2013-03-01	0.013563	0.133519	0.151455	0.133519	0.846928	8902300.0
2013-02-28	-0.01228	0.132411	0.136998	0.119599	-0.77636	18883600.0
2013-02-27	0.007735	0.13049000000000002	0.147068	0.12507000000000001	0.485241	8819000.0
2013-02-26	0.009511	0.137542	0.148806	0.136254	0.591069	10557600.0
2013-02-25	0.0005679999999999999	0.135128	0.148653	0.13416199999999998	0.035269999999999996	11817600.0
2013-02-22	0.001993	0.132873	0.138036	0.127549	0.123524	9165200.0
2013-02-21	0.015171	0.146457	0.170532	0.141871	0.9262959999999999	20413100.0
2013-02-20	0.0065450000000000005	0.132859	0.15148699999999998	0.125935	0.397011	11973600.0
2013-02-19	-0.007792	0.131719	0.135972	0.12108699999999999	-0.476391	14682300.0
2013-02-15	-0.021463	0.11303099999999999	0.120394	0.090463	-1.340961	25683700.0
2013-02-14	-0.007984	0.128914	0.130978	0.123357	-0.502865	6821000.0
2013-02-13	-0.00014	0.131772	0.138281	0.130502	-0.008808	3968600.0
2013-02-12	0.0	0.134947	0.137646	0.12875599999999998	0.0	4762000.0
2013-02-11	-0.001119	0.12987100000000001	0.133994	0.118453	-0.070591	6202600.0
2013-02-08	0.00351	0.13304100000000002	0.140043	0.130972	0.22056599999999998	5906600.0
2013-02-07	-0.0011220000000000002	0.13558499999999998	0.138764	0.127001	-0.07058400000000001	8306900.0
2013-02-06	0.00763	0.128874	0.142328	0.12599100000000002	0.47639499999999996	9757800.0
2013-02-05	0.016372	0.137426	0.15696	0.13563499999999998	1.0057180000000001	10525500.0
2013-02-04	-0.0122	0.11663399999999999	0.12403099999999999	0.111649	-0.7587010000000001	10759300.0
2013-02-01	0.00772	0.13611099999999998	0.14307899999999998	0.133519	0.47640600000000005	6449800.0
2013-01-31	0.002867	0.132543	0.144732	0.132543	0.17641800000000002	7016200.0
2013-01-30	-0.002003	0.137249	0.137249	0.127193	-0.123493	7020600.0
2013-01-29	0.0077859999999999995	0.13122999999999999	0.147411	0.13106700000000002	0.476383	9560900.0
2013-01-28	0.005072999999999999	0.13483299999999998	0.141732	0.130233	0.30878099999999997	7054800.0
2013-01-25	-0.01132	0.135468	0.136929	0.119551	-0.696945	7967700.0
2013-01-24	0.0043170000000000005	0.136128	0.141674	0.131235	0.26466	9139000.0
2013-01-23	-0.001294	0.130423	0.134496	0.12651300000000001	-0.079403	6365400.0
2013-01-22	0.005490999999999999	0.13106199999999998	0.14089000000000002	0.12958699999999998	0.33524699999999996	5747900.0
2013-01-18	0.005083	0.133518	0.139281	0.133518	0.308765	7813400.0
2013-01-17	-0.005202	0.134992	0.13532	0.125329	-0.317608	7232600.0
2013-01-16	0.003334	0.13286099999999998	0.139927	0.13203900000000002	0.20291900000000002	4917900.0
2013-01-15	0.009956	0.131693	0.149119	0.130199	0.5999	6140400.0
2013-01-14	-0.004808	0.131206	0.134179	0.12493	-0.291119	5490400.0
2013-01-11	0.00395	0.137498	0.140648	0.13103099999999998	0.238186	6224500.0
2013-01-10	-0.0030629999999999998	0.135006	0.141122	0.119467	-0.185276	11453800.0
2013-01-09	-0.000291	0.134676	0.135502	0.127404	-0.017613	5055200.0
2013-01-08	0.002777	0.13153	0.14163800000000001	0.13037	0.167599	5866900.0
2013-01-07	-0.009557	0.129743	0.13122	0.118254	-0.582256	6201400.0
2013-01-04	0.003779	0.132365	0.139779	0.12594	0.22938499999999998	6438000.0
2013-01-03	-0.0063549999999999995	0.133682	0.135319	0.11944	-0.38816100000000003	8910100.0
2013-01-02	0.014803	0.145148	0.15029800000000001	0.137173	0.891015	10390800.0
2012-12-31	0.009170000000000001	0.13150699999999999	0.145087	0.129495	0.54697	7012500.0
2012-12-28	-0.008506	0.128864	0.136178	0.12271300000000002	-0.511692	5513400.0
2012-12-27	0.002942	0.134185	0.14068699999999998	0.130184	0.176449	7384200.0
2012-12-26	-0.008459	0.133353	0.13484100000000002	0.11963199999999999	-0.511696	6092900.0
2012-12-24	-0.001165	0.131207	0.13616	0.127905	-0.07055299999999999	2904800.0
2012-12-21	-0.005072	0.131383	0.136147	0.121526	-0.308773	13231000.0
2012-12-20	0.007005	0.130375	0.142452	0.127728	0.423454	9686300.0
2012-12-19	-0.014100999999999999	0.132377	0.133518	0.11753499999999999	-0.8645700000000001	9973200.0
2012-12-18	0.004335	0.132044	0.14105399999999998	0.128768	0.264675	11589800.0
2012-12-17	0.0065450000000000005	0.136981	0.146049	0.135826	0.396976	10531700.0
2012-12-14	-0.0042	0.133683	0.137787	0.128593	-0.255825	10502300.0
2012-12-13	0.001451	0.135163	0.140424	0.13450499999999999	0.088227	14243500.0
2012-12-12	-0.027507999999999998	0.122485	0.124884	0.101859	-1.720314	23401900.0
2012-12-11	-0.017464	0.13508900000000001	0.14215899999999998	0.112623	-1.111588	14595000.0
2012-12-10	-0.0019370000000000001	0.130225	0.134302	0.12567799999999998	-0.123524	5901600.0
2012-12-07	0.009778	0.138427	0.14935199999999998	0.13763499999999998	0.6175579999999999	7283000.0
2012-12-06	-0.000837	0.13383499999999998	0.136682	0.12481700000000001	-0.052929	7166100.0
2012-12-05	-0.001004	0.136964	0.138228	0.125743	-0.06352200000000001	9513200.0
2012-12-04	0.010934000000000001	0.14188599999999998	0.15994	0.141566	0.68433	12820500.0
2012-12-03	-0.009442	0.141233	0.144873	0.129047	-0.596596	9086800.0
2012-11-30	0.016801	0.142061	0.16056700000000002	0.14013	1.044037	12485200.0
2012-11-29	0.003827	0.138516	0.147562	0.13286199999999998	0.23688499999999998	9620500.0
2012-11-28	0.015252000000000002	0.139153	0.16129300000000002	0.13636500000000001	0.929981	10496400.0
2012-11-27	-0.0058649999999999996	0.139645	0.144047	0.13230899999999998	-0.359715	7382300.0
2012-11-26	-0.004131	0.138672	0.140296	0.127631	-0.25442800000000004	9073200.0
2012-11-23	0.019015999999999998	0.147254	0.162145	0.13964300000000002	1.149326	5134900.0
2012-11-21	-0.001594	0.137496	0.1408	0.134523	-0.09650800000000001	7039600.0
2012-11-20	-0.00029	0.14344200000000001	0.14344200000000001	0.130396	-0.017547999999999998	9394600.0
2012-11-19	0.014552	0.141819	0.15823900000000002	0.133442	0.868569	12835700.0
2012-11-16	-0.010041	0.137652	0.139311	0.125876	-0.605378	12257100.0
2012-11-15	-0.03632	0.113435	0.113915	0.084504	-2.2723	23048900.0
2012-11-14	-0.006963	0.140602	0.142824	0.128221	-0.43868999999999997	9111300.0
2012-11-13	-0.009244	0.13178800000000002	0.136978	0.11936500000000001	-0.587799	8977400.0
2012-11-12	0.0023510000000000002	0.139178	0.14438	0.133346	0.149143	4382800.0
2012-11-09	-0.002345	0.134305	0.14169600000000002	0.131002	-0.149143	6891400.0
2012-11-08	-0.008617	0.138249	0.153372	0.129987	-0.5527350000000001	7137100.0
2012-11-07	-0.008812	0.134554	0.14197200000000001	0.125901	-0.570267	6809900.0
2012-11-06	0.008477	0.140276	0.157575	0.139653	0.5439689999999999	5334400.0
2012-11-05	0.005084	0.138086	0.146544	0.137929	0.32460700000000003	4767700.0
2012-11-02	-0.009258	0.139964	0.141671	0.128325	-0.596595	8563500.0
2012-11-01	-0.020928	0.14148	0.14193599999999998	0.111397	-1.377426	12943600.0
2012-10-31	-0.001198	0.141933	0.14845799999999998	0.12493699999999999	-0.078965	6551200.0
2012-10-26	-0.002788	0.137993	0.141322	0.130123	-0.18424200000000002	4446900.0
2012-10-25	0.006683	0.147121	0.150168	0.140875	0.438683	4432900.0
2012-10-24	0.000802	0.1424	0.143467	0.136149	0.052612	4583200.0
2012-10-23	-0.011765000000000001	0.130768	0.137398	0.12263199999999999	-0.7808229999999999	5833900.0
2012-10-22	0.000397	0.140713	0.14222	0.13182	0.026329	5425400.0
2012-10-19	-0.012278	0.140106	0.142042	0.122985	-0.824699	6942500.0
2012-10-18	-0.006102000000000001	0.13965999999999998	0.142768	0.127083	-0.412354	7325700.0
2012-10-17	0.00156	0.146033	0.148552	0.133436	0.10528599999999999	7494500.0
2012-10-16	-0.003111	0.146457	0.146457	0.13301300000000002	-0.21056399999999997	6310100.0
2012-10-15	0.017676	0.140711	0.162962	0.13605	1.175629	9669600.0
2012-10-12	0.010665000000000001	0.146039	0.15546	0.144215	0.7018810000000001	8029300.0
2012-10-11	-0.005437	0.157641	0.15779200000000002	0.132705	-0.35973299999999997	8325500.0
2012-10-10	0.017265	0.147649	0.180857	0.14749600000000002	1.123024	19364800.0
2012-10-09	-0.014750999999999998	0.138445	0.141777	0.12284400000000001	-0.9738620000000001	8307300.0
2012-10-08	0.001598	0.140264	0.146181	0.138747	0.105301	4545900.0
2012-10-05	0.005487	0.143164	0.15170699999999998	0.142402	0.359688	5205100.0
2012-10-04	0.0070079999999999995	0.144571	0.152251	0.144571	0.45623	5000900.0
2012-10-03	0.006102000000000001	0.144136	0.155264	0.139809	0.394798	8164700.0
2012-10-02	-0.004051	0.138731	0.14458	0.13334300000000002	-0.263214	4236500.0
2012-10-01	0.0033880000000000004	0.139809	0.15046500000000002	0.139809	0.21936	4662300.0
2012-09-28	-0.002434	0.137959	0.141041	0.13118	-0.157959	6021000.0
2012-09-27	-0.00283	0.142574	0.144571	0.134278	-0.184219	5390100.0
2012-09-26	-0.0009429999999999999	0.138274	0.14871099999999998	0.137967	-0.061417	4804900.0
2012-09-25	-0.006422	0.142401	0.144536	0.13248900000000002	-0.421104	6424700.0
2012-09-24	0.0038950000000000005	0.135981	0.147617	0.135675	0.254425	4413700.0
2012-09-21	-0.004014	0.143011	0.144993	0.133404	-0.263214	10562300.0
2012-09-20	0.005109000000000001	0.139042	0.146705	0.139042	0.333382	4523200.0
2012-09-19	0.005679999999999999	0.144433	0.15029	0.140425	0.36850700000000003	5655900.0
2012-09-18	-0.000541	0.137652	0.14258099999999999	0.135033	-0.03511	5304100.0
2012-09-17	-0.006845	0.137667	0.14256300000000002	0.13017	-0.447434	6854600.0
2012-09-14	-0.008517	0.135258	0.137533	0.12646	-0.5615	8535700.0
2012-09-13	0.014446	0.137962	0.15704300000000002	0.137962	0.938743	7407400.0
2012-09-12	0.000135	0.139809	0.144272	0.13503800000000002	0.008789	4297800.0
2012-09-11	0.007481999999999999	0.143065	0.153918	0.140429	0.482521	5291400.0
2012-09-10	-0.0041990000000000005	0.14088900000000001	0.144441	0.13486800000000002	-0.271972	6500100.0
2012-09-07	-0.013233000000000002	0.138133	0.139656	0.119849	-0.868554	6621400.0
2012-09-06	0.017131	0.146472	0.159335	0.14430199999999999	1.105431	6508500.0
2012-09-05	0.000544	0.145235	0.14663099999999998	0.137638	0.035095	7964100.0
